Against-the-grain,Akon
0.054687 0.167390 0.212413 0.141034 0.146866 0.036498 0.068930 0.063288 0.049607 0.059287 
0.005890 0.012459 0.021149 0.017727 0.060083 0.141829 0.154182 0.148300 0.315359 0.123023 
0.010671 0.009310 0.028410 0.048752 0.057433 0.165512 0.098376 0.132656 0.358091 0.090790 
0.000274 0.009051 0.062108 0.432395 0.104025 0.137209 0.062376 0.089521 0.056322 0.046719 
0.000174 0.007121 0.063271 0.239914 0.140099 0.159811 0.144580 0.138892 0.078444 0.027694 
0.008910 0.045119 0.107713 0.285781 0.102788 0.149934 0.083986 0.110786 0.043993 0.060990 
0.002391 0.019659 0.091061 0.429815 0.083873 0.081855 0.037379 0.140897 0.078680 0.034389 
0.012435 0.048211 0.115008 0.321351 0.152397 0.109097 0.070744 0.047677 0.077885 0.045194 
0.002131 0.014435 0.076895 0.295275 0.237627 0.090645 0.076485 0.082499 0.062476 0.061531 
0.010369 0.046395 0.112651 0.199199 0.235796 0.092781 0.156075 0.031678 0.045594 0.069463 
0.008172 0.032811 0.069346 0.255249 0.128850 0.099750 0.171427 0.056452 0.083578 0.094364 
0.005532 0.030224 0.082050 0.253301 0.140851 0.158046 0.064944 0.085878 0.108081 0.071093 
0.009502 0.034758 0.098225 0.357181 0.082716 0.131574 0.066691 0.115297 0.052861 0.051195 
0.010692 0.040558 0.115352 0.432842 0.077679 0.064456 0.051816 0.090415 0.074909 0.041281 
0.004739 0.022861 0.082619 0.351488 0.145524 0.089116 0.080404 0.067807 0.094544 0.060898 
0.005312 0.022689 0.057185 0.323341 0.231927 0.071971 0.076417 0.071816 0.056802 0.082540 
0.003366 0.014427 0.039937 0.181914 0.309384 0.106245 0.121835 0.039163 0.098169 0.085561 
0.000502 0.010420 0.053865 0.245685 0.207700 0.110019 0.065739 0.068339 0.106489 0.131243 
0.001692 0.009113 0.036384 0.273877 0.192420 0.176872 0.042731 0.100889 0.076704 0.089319 
0.003620 0.018769 0.066146 0.410660 0.101594 0.111391 0.043232 0.130588 0.064415 0.049585 
0.006092 0.026286 0.099747 0.462513 0.107848 0.052134 0.040022 0.065166 0.079091 0.061101 
0.005283 0.026661 0.087561 0.360881 0.136023 0.074005 0.057103 0.077899 0.110905 0.063679 
0.007878 0.031553 0.082118 0.307687 0.196118 0.081607 0.079847 0.061307 0.067358 0.084529 
0.000214 0.005242 0.025768 0.219577 0.147358 0.118147 0.170456 0.073989 0.124527 0.114721 
0.000948 0.007554 0.034334 0.275553 0.173265 0.153491 0.069446 0.077458 0.081507 0.126444 
0.007202 0.029915 0.077880 0.228663 0.137410 0.147530 0.068490 0.172647 0.046125 0.084139 
0.005461 0.024690 0.078957 0.384148 0.160129 0.089629 0.038964 0.110023 0.066548 0.041453 
0.008229 0.034844 0.099406 0.333508 0.171486 0.056273 0.056913 0.121229 0.068480 0.049631 
0.000265 0.007958 0.061614 0.364088 0.206102 0.071244 0.062289 0.100867 0.082213 0.043359 
0.000726 0.009306 0.057868 0.285055 0.207945 0.090224 0.095318 0.087569 0.078196 0.087793 
0.011218 0.047485 0.085718 0.165064 0.154510 0.061982 0.135038 0.070032 0.136291 0.132663 
0.007163 0.031131 0.072380 0.218355 0.156897 0.137914 0.057005 0.134482 0.082001 0.102670 
0.005209 0.027753 0.072563 0.341723 0.099447 0.141719 0.058961 0.126016 0.050113 0.076496 
0.000841 0.013953 0.062397 0.429355 0.152785 0.078033 0.017953 0.136698 0.072284 0.035702 
0.004841 0.016232 0.063886 0.319756 0.209974 0.070358 0.050428 0.126787 0.086567 0.051170 
0.003740 0.017298 0.059963 0.334321 0.215231 0.081610 0.039546 0.102809 0.091054 0.054430 
0.002845 0.015927 0.051107 0.253425 0.197580 0.098253 0.103198 0.114097 0.078678 0.084889 
0.005553 0.021177 0.038933 0.211314 0.155770 0.058193 0.079625 0.157245 0.151800 0.120389 
0.002838 0.006161 0.011838 0.211063 0.125962 0.152163 0.072473 0.215192 0.089629 0.112679 
0.010550 0.038072 0.093167 0.345769 0.070356 0.140911 0.039948 0.135853 0.049688 0.075687 
0.003406 0.015726 0.078348 0.404740 0.155562 0.071044 0.043598 0.129003 0.070317 0.028254 
0.008540 0.037928 0.095202 0.291284 0.172424 0.080172 0.055101 0.131674 0.081325 0.046351 
0.000240 0.013833 0.072078 0.305833 0.230158 0.070636 0.057434 0.110846 0.070211 0.068731 
0.011193 0.045902 0.101566 0.203218 0.200239 0.075165 0.124270 0.100692 0.073060 0.064696 
0.003360 0.012930 0.032747 0.257057 0.112335 0.048725 0.104085 0.173518 0.134417 0.120826 
0.003159 0.020859 0.073486 0.209613 0.094165 0.191718 0.067272 0.151067 0.077483 0.111178 
0.006785 0.031922 0.087703 0.348361 0.074014 0.134697 0.073219 0.122429 0.050029 0.070841 
0.005997 0.032007 0.089672 0.374959 0.105818 0.068545 0.067424 0.154796 0.073292 0.027489 
0.004644 0.016675 0.070267 0.309708 0.155613 0.085556 0.065940 0.154864 0.085791 0.050943 
0.004637 0.016910 0.054226 0.333203 0.213508 0.077591 0.075342 0.079672 0.068433 0.076479 
0.001450 0.008801 0.029710 0.175224 0.225932 0.093881 0.130562 0.125435 0.109441 0.099565 
0.000392 0.008061 0.045455 0.261980 0.154268 0.080988 0.085144 0.112940 0.118357 0.132415 
0.004610 0.018875 0.045112 0.231938 0.160538 0.162205 0.033468 0.184335 0.060255 0.098664 
0.002992 0.018099 0.063064 0.422671 0.104595 0.125786 0.043970 0.090951 0.067463 0.060408 
0.008784 0.035672 0.110300 0.435488 0.094454 0.065327 0.028557 0.099516 0.079614 0.042289 
0.001727 0.012348 0.063876 0.446709 0.070843 0.075734 0.054652 0.117197 0.102967 0.053948 
0.009071 0.037777 0.105096 0.302407 0.115152 0.081382 0.046771 0.127467 0.081360 0.093517 
0.000778 0.003013 0.009164 0.122056 0.215168 0.074455 0.083386 0.250083 0.129268 0.112629 
0.002691 0.010630 0.049638 0.150522 0.221589 0.048135 0.076320 0.276402 0.101911 0.062161 
0.000482 0.002134 0.087229 0.186977 0.239835 0.069928 0.140746 0.113969 0.079561 0.079140 
0.000885 0.005573 0.134538 0.236855 0.155168 0.088700 0.092558 0.061347 0.127958 0.096417 
0.002997 0.012198 0.177056 0.179249 0.099970 0.080055 0.155903 0.056645 0.129606 0.106322 
0.001176 0.011630 0.180693 0.300419 0.135829 0.051179 0.104992 0.053569 0.094419 0.066094 
0.003264 0.017475 0.197559 0.222679 0.170278 0.057645 0.162648 0.046485 0.075686 0.046281 
0.000117 0.006315 0.124535 0.196959 0.170996 0.096013 0.114103 0.107051 0.115297 0.068614 
0.002951 0.014811 0.177985 0.148403 0.158664 0.050119 0.130963 0.076658 0.135642 0.103804 
0.000385 0.003696 0.179982 0.207234 0.172711 0.053290 0.150088 0.053195 0.098397 0.081023 
0.000405 0.004465 0.199677 0.204463 0.134691 0.055734 0.075643 0.050142 0.155867 0.118913 
0.002835 0.015399 0.199933 0.197261 0.108590 0.039356 0.119148 0.080549 0.126781 0.110147 
0.004112 0.016328 0.212423 0.277760 0.128650 0.026570 0.137118 0.056898 0.063041 0.077100 
0.000311 0.009856 0.175281 0.231356 0.088693 0.050517 0.197170 0.090090 0.106668 0.050059 
0.000306 0.004938 0.132368 0.248782 0.119434 0.106785 0.148064 0.059582 0.102016 0.077726 
0.010333 0.045193 0.274657 0.135357 0.114002 0.071931 0.114731 0.082348 0.061671 0.089777 
0.003980 0.013767 0.255687 0.126109 0.188672 0.038013 0.098184 0.064937 0.128498 0.082153 
0.001820 0.008025 0.247378 0.128110 0.124346 0.035590 0.120317 0.080684 0.182674 0.071054 
0.003372 0.015059 0.295037 0.185162 0.127243 0.045339 0.076798 0.043224 0.146688 0.062079 
0.001673 0.008993 0.243245 0.279641 0.166442 0.042023 0.073900 0.028527 0.100982 0.054574 
0.013027 0.054188 0.227343 0.227613 0.093879 0.091070 0.082022 0.032648 0.107291 0.070918 
0.000533 0.007440 0.214640 0.204922 0.116462 0.125851 0.069928 0.042310 0.132404 0.085508 
0.004601 0.022768 0.255926 0.134060 0.170435 0.087992 0.097650 0.096443 0.078636 0.051490 
0.003265 0.011860 0.222331 0.114013 0.193828 0.065411 0.128432 0.077649 0.156911 0.026299 
0.003762 0.015192 0.222710 0.110838 0.114520 0.038907 0.142367 0.188672 0.138289 0.024743 
0.011767 0.048710 0.269552 0.114222 0.201696 0.043682 0.056485 0.092396 0.122263 0.039227 
0.009899 0.042488 0.250867 0.186608 0.267254 0.057900 0.041115 0.064929 0.063014 0.015925 
0.007750 0.031752 0.154420 0.157594 0.249576 0.119250 0.049008 0.045510 0.142443 0.042699 
0.005284 0.020946 0.280450 0.149701 0.166881 0.126849 0.041657 0.045495 0.121078 0.041658 
0.000167 0.004835 0.263122 0.120869 0.229372 0.079900 0.086362 0.075053 0.113917 0.026402 
0.001909 0.009318 0.220939 0.094671 0.197399 0.053826 0.107597 0.149585 0.150402 0.014354 
0.001831 0.008054 0.243594 0.105929 0.094472 0.048917 0.127167 0.166736 0.180508 0.022791 
0.001505 0.005871 0.232164 0.194153 0.254539 0.027969 0.071339 0.099781 0.086115 0.026564 
0.005761 0.022910 0.205093 0.211673 0.281621 0.048521 0.069153 0.062738 0.081577 0.010954 
0.001760 0.007298 0.114752 0.215921 0.228538 0.094269 0.082498 0.092585 0.125556 0.036825 
0.005917 0.024614 0.272482 0.146056 0.186771 0.096168 0.078793 0.053210 0.111786 0.024203 
0.002187 0.008583 0.251001 0.080396 0.218319 0.061270 0.109695 0.104440 0.137392 0.026719 
0.000668 0.003678 0.214178 0.101285 0.162852 0.051256 0.098082 0.211994 0.143678 0.012329 
0.001298 0.007031 0.273953 0.102828 0.113309 0.039401 0.122491 0.134198 0.193806 0.011687 
0.002545 0.009325 0.255367 0.243977 0.204599 0.032780 0.045487 0.107801 0.086652 0.011468 
0.002532 0.017593 0.219357 0.254384 0.220807 0.061121 0.050892 0.062350 0.097708 0.013257 
0.004223 0.023106 0.200831 0.154248 0.142644 0.153110 0.090864 0.078583 0.143292 0.009099 
0.001650 0.004916 0.261609 0.107321 0.266839 0.083529 0.069691 0.056333 0.119138 0.028973 
0.001135 0.008286 0.259852 0.059560 0.273943 0.025703 0.087111 0.150115 0.117845 0.016451 
0.003060 0.011682 0.226126 0.110538 0.155019 0.030120 0.087241 0.177996 0.173530 0.024688 
0.007189 0.032518 0.285312 0.111118 0.123649 0.049515 0.081936 0.112472 0.169504 0.026787 
0.007839 0.030936 0.272304 0.218216 0.219951 0.034755 0.041385 0.087276 0.074459 0.012879 
0.001725 0.012253 0.192163 0.228156 0.268028 0.068959 0.044501 0.070276 0.102548 0.011391 
0.002693 0.015533 0.226913 0.092854 0.180605 0.139130 0.088341 0.082308 0.137131 0.034492 
0.009682 0.041791 0.301511 0.084769 0.224615 0.102378 0.050236 0.074377 0.094384 0.016258 
0.003856 0.017207 0.233238 0.085559 0.227354 0.027837 0.089370 0.141746 0.149511 0.024322 
0.000712 0.006211 0.225839 0.112470 0.094146 0.051564 0.110838 0.195072 0.179064 0.024084 
0.000251 0.002977 0.268397 0.176451 0.177729 0.029072 0.093276 0.109458 0.128543 0.013846 
0.004829 0.016431 0.224223 0.238960 0.278122 0.022954 0.055170 0.061776 0.082873 0.014664 
0.011020 0.049557 0.209179 0.180446 0.206900 0.073720 0.061690 0.066055 0.107574 0.033861 
0.003250 0.014291 0.211097 0.118542 0.175326 0.158206 0.071748 0.063236 0.140053 0.044251 
0.000423 0.005262 0.208561 0.153251 0.219248 0.147183 0.116021 0.079722 0.047028 0.023302 
0.004063 0.020713 0.205690 0.224988 0.153864 0.107784 0.084636 0.100774 0.061041 0.036447 
0.005983 0.033405 0.267997 0.237025 0.156060 0.062313 0.065616 0.081865 0.054824 0.034913 
0.003657 0.011787 0.241960 0.262811 0.135879 0.086769 0.065087 0.062074 0.067852 0.062123 
0.002099 0.012360 0.206109 0.293133 0.134200 0.071566 0.112933 0.044115 0.056294 0.067191 
0.003740 0.024334 0.202400 0.118793 0.140513 0.118524 0.184954 0.060164 0.107987 0.038591 
0.002785 0.015614 0.136279 0.132217 0.191788 0.120671 0.179214 0.063383 0.078347 0.079701 
0.002818 0.018160 0.135906 0.159103 0.175083 0.145145 0.106479 0.080993 0.064828 0.111484 
0.009107 0.039012 0.212994 0.264494 0.163880 0.100602 0.025444 0.078684 0.039657 0.066125 
0.001112 0.013771 0.251471 0.290266 0.164359 0.041929 0.030459 0.072024 0.061213 0.073396 
0.008766 0.033518 0.250973 0.255672 0.127206 0.056635 0.052375 0.065289 0.060677 0.088889 
0.004903 0.019925 0.220097 0.269139 0.113902 0.083155 0.086895 0.048710 0.052551 0.100723 
0.005637 0.025250 0.268710 0.137472 0.136416 0.046937 0.109060 0.091748 0.106700 0.072069 
0.001730 0.010350 0.225013 0.168915 0.133461 0.092731 0.084405 0.107285 0.084308 0.091803 
0.006298 0.024204 0.184707 0.218329 0.110331 0.135068 0.063612 0.110344 0.049422 0.097683 
0.000558 0.006272 0.218518 0.301764 0.124476 0.074744 0.042685 0.081077 0.067955 0.081950 
0.008986 0.039377 0.263470 0.253452 0.122300 0.053696 0.035013 0.069491 0.072026 0.082189 
0.005269 0.026292 0.261767 0.265960 0.134417 0.054141 0.036689 0.068454 0.073626 0.073384 
0.008800 0.041169 0.257801 0.212850 0.115138 0.070241 0.085559 0.043361 0.074562 0.090520 
0.007026 0.034160 0.299472 0.105625 0.100012 0.066236 0.130112 0.085603 0.087495 0.084261 
0.001048 0.011155 0.195939 0.133488 0.115918 0.105692 0.141991 0.119951 0.083023 0.091796 
0.010846 0.046125 0.216194 0.227658 0.080768 0.104077 0.088779 0.099597 0.023274 0.102682 
0.003553 0.017907 0.233039 0.285695 0.123520 0.060110 0.067819 0.076662 0.027840 0.103854 
0.007334 0.036151 0.265818 0.245281 0.113675 0.057912 0.072855 0.071674 0.012939 0.116361 
0.002459 0.020242 0.243946 0.282355 0.120214 0.060080 0.081098 0.058184 0.027647 0.103775 
0.006176 0.036427 0.314624 0.172754 0.074378 0.072064 0.117431 0.059135 0.053996 0.093015 
0.002940 0.021225 0.291423 0.117120 0.137346 0.030035 0.139333 0.064768 0.084074 0.111736 
0.002906 0.014733 0.191790 0.146272 0.102789 0.081244 0.135319 0.070653 0.084657 0.169639 
0.000703 0.008789 0.208629 0.261984 0.084619 0.093658 0.095132 0.085312 0.055929 0.105246 
0.002021 0.006316 0.240971 0.264675 0.117913 0.039850 0.062878 0.083897 0.051063 0.130415 
0.000525 0.004600 0.232775 0.274887 0.097550 0.054880 0.083487 0.083283 0.036228 0.131785 
0.001647 0.011312 0.226636 0.251164 0.108948 0.053321 0.106904 0.060208 0.048346 0.131513 
0.006258 0.030013 0.281890 0.149193 0.112466 0.050271 0.148656 0.071199 0.054167 0.095889 
0.004397 0.013609 0.228105 0.214264 0.093365 0.051782 0.123936 0.099760 0.051291 0.119491 
0.002242 0.009167 0.184443 0.144772 0.087904 0.097805 0.157126 0.085949 0.036879 0.193714 
0.003227 0.011860 0.206360 0.218837 0.102976 0.100778 0.074451 0.102325 0.049997 0.129190 
0.008348 0.029935 0.269584 0.257707 0.110456 0.040820 0.074088 0.075917 0.030200 0.102946 
0.000624 0.012772 0.231440 0.278431 0.116141 0.056132 0.089790 0.060562 0.028585 0.125523 
0.005627 0.019641 0.243690 0.273431 0.097277 0.051427 0.111852 0.046419 0.027177 0.123460 
0.011468 0.046331 0.294827 0.135519 0.095612 0.078335 0.140305 0.067102 0.031328 0.099173 
0.003645 0.020109 0.226943 0.186564 0.114690 0.064731 0.108407 0.102384 0.028386 0.144142 
0.004833 0.018925 0.191350 0.171354 0.077259 0.120348 0.119937 0.082232 0.036320 0.177441 
0.009773 0.041084 0.241084 0.229810 0.098871 0.075052 0.063075 0.083682 0.030700 0.126868 
0.000742 0.010985 0.270090 0.250218 0.118480 0.043749 0.066162 0.084485 0.045207 0.109881 
0.007531 0.039573 0.254976 0.241930 0.106030 0.054094 0.074340 0.071120 0.031529 0.118877 
0.004254 0.018877 0.260395 0.209130 0.090424 0.068353 0.139305 0.051769 0.024559 0.132934 
0.002364 0.018185 0.294127 0.148151 0.094135 0.043420 0.151053 0.081592 0.034834 0.132138 
0.002261 0.009678 0.201428 0.165280 0.104583 0.074982 0.155647 0.104186 0.033250 0.148705 
0.003330 0.016237 0.187823 0.186602 0.049714 0.112312 0.128336 0.099986 0.043059 0.172600 
0.001925 0.012846 0.223618 0.261363 0.107153 0.068546 0.081830 0.074774 0.028751 0.139194 
0.006261 0.026011 0.246961 0.252535 0.110675 0.048380 0.075886 0.068678 0.042803 0.121809 
0.004903 0.019444 0.238765 0.272931 0.106592 0.045934 0.082599 0.070645 0.043492 0.114692 
0.008204 0.039545 0.255980 0.222664 0.100417 0.062816 0.124117 0.039380 0.037843 0.109034 
0.005591 0.024930 0.278492 0.178650 0.079961 0.042426 0.124465 0.080936 0.041723 0.142826 
0.004934 0.020608 0.185345 0.159019 0.147121 0.056540 0.105748 0.109645 0.039562 0.171477 
0.002846 0.011880 0.233590 0.146416 0.189417 0.051074 0.078963 0.108150 0.060056 0.117608 
0.003553 0.016930 0.159024 0.258487 0.187054 0.062916 0.067209 0.084961 0.054815 0.105051 
0.001790 0.018437 0.255528 0.227245 0.134892 0.086054 0.060834 0.073135 0.075629 0.066456 
0.009556 0.042445 0.292784 0.226863 0.143756 0.048221 0.059259 0.043337 0.075743 0.058036 
0.013419 0.049767 0.333129 0.233926 0.105193 0.029950 0.082401 0.032970 0.050634 0.068611 
0.002952 0.012319 0.240677 0.210388 0.150427 0.038302 0.101605 0.075169 0.056296 0.111865 
0.009768 0.048250 0.230181 0.213703 0.136727 0.081158 0.074118 0.080367 0.059011 0.066718 
0.010804 0.051757 0.243002 0.239596 0.176226 0.053449 0.050520 0.071623 0.050972 0.052050 
0.013203 0.059964 0.226835 0.245057 0.201443 0.053926 0.057670 0.071086 0.050570 0.020244 
0.014779 0.063783 0.237645 0.210905 0.153630 0.071156 0.063941 0.060574 0.091707 0.031880 
0.014008 0.061710 0.312816 0.233339 0.143961 0.044018 0.056439 0.040712 0.077824 0.015174 
0.013220 0.055780 0.252175 0.172620 0.125489 0.057862 0.096900 0.037296 0.129934 0.058724 
0.003382 0.017604 0.179745 0.209776 0.194045 0.074400 0.090769 0.099783 0.075092 0.055404 
0.000299 0.005249 0.239728 0.194824 0.206135 0.115176 0.045405 0.078403 0.073722 0.041060 
0.003424 0.008518 0.277373 0.265302 0.161159 0.046007 0.051985 0.091274 0.066776 0.028184 
0.006139 0.021955 0.240904 0.252226 0.200033 0.054483 0.035247 0.092885 0.066833 0.029294 
0.002692 0.013278 0.261059 0.227104 0.160738 0.061190 0.075134 0.050475 0.094674 0.053655 
0.006893 0.034560 0.339534 0.220720 0.107121 0.036456 0.080959 0.051411 0.102499 0.019848 
0.011467 0.048849 0.299204 0.130121 0.081450 0.094945 0.111641 0.071561 0.104229 0.046533 
0.002899 0.011373 0.143083 0.207438 0.203407 0.095943 0.081288 0.125138 0.105692 0.023740 
0.000792 0.018353 0.172961 0.219130 0.144123 0.140781 0.104919 0.084281 0.071807 0.042853 
0.010266 0.046299 0.215594 0.269298 0.152386 0.066632 0.066474 0.071100 0.070746 0.031205 
0.016112 0.071512 0.213389 0.216747 0.158910 0.094250 0.050983 0.074211 0.085231 0.018654 
0.012357 0.057006 0.238151 0.256265 0.120116 0.071357 0.039792 0.068797 0.089024 0.047135 
0.008627 0.045535 0.282431 0.269171 0.101287 0.046524 0.069358 0.044050 0.092925 0.040091 
0.002107 0.017924 0.247479 0.122685 0.100002 0.115220 0.077743 0.104068 0.153452 0.059320 
0.004374 0.019940 0.172918 0.181064 0.236532 0.092112 0.074005 0.087104 0.108236 0.023715 
0.012338 0.058914 0.256876 0.188084 0.111694 0.096661 0.056673 0.081816 0.116562 0.020382 
0.005706 0.030173 0.251524 0.263425 0.163141 0.057399 0.070264 0.042243 0.080246 0.035881 
0.002766 0.013406 0.252396 0.230190 0.166729 0.103410 0.061216 0.063318 0.086855 0.019714 
0.006191 0.032149 0.302142 0.197500 0.132311 0.066527 0.059674 0.071460 0.091840 0.040205 
0.010570 0.050943 0.321521 0.216812 0.122114 0.053619 0.048641 0.044678 0.094977 0.036126 
0.010627 0.048847 0.194755 0.171347 0.168265 0.139661 0.044473 0.104083 0.070865 0.047077 
0.001692 0.010657 0.231999 0.179402 0.210933 0.113530 0.043994 0.095192 0.084627 0.027975 
0.001336 0.014619 0.246811 0.224012 0.132482 0.072084 0.023849 0.106755 0.125924 0.052126 
0.002482 0.019357 0.194053 0.206477 0.174068 0.048567 0.039671 0.112072 0.143808 0.059445 
0.003169 0.028356 0.217156 0.275556 0.160936 0.057544 0.054407 0.053291 0.118867 0.030718 
0.014531 0.064995 0.313540 0.207129 0.142404 0.038575 0.034876 0.044702 0.097046 0.042201 
0.021931 0.090395 0.340505 0.124037 0.186661 0.067384 0.027235 0.040405 0.056585 0.044861 
0.003130 0.012349 0.211458 0.121592 0.308027 0.085418 0.086823 0.077238 0.048402 0.045563 
0.007192 0.040735 0.333298 0.115750 0.218276 0.076480 0.084864 0.045999 0.042463 0.034943 
0.016454 0.077964 0.221151 0.207034 0.139823 0.055459 0.053166 0.082274 0.106697 0.039978 
0.005951 0.026867 0.169394 0.237913 0.205620 0.065312 0.036732 0.101409 0.124433 0.026371 
0.010131 0.047648 0.252383 0.218012 0.132867 0.046432 0.039322 0.094321 0.086278 0.072606 
0.011399 0.061097 0.242330 0.276092 0.086421 0.047626 0.042383 0.124074 0.066571 0.042008 
0.005490 0.028903 0.158608 0.215033 0.095516 0.123397 0.028577 0.201739 0.073523 0.069215 
0.006559 0.021658 0.082815 0.151734 0.147739 0.243048 0.062269 0.093742 0.056712 0.133724 
0.004987 0.021985 0.157009 0.237404 0.084398 0.168799 0.025866 0.196060 0.038928 0.064565 
0.002961 0.015809 0.168526 0.349898 0.109063 0.069390 0.021053 0.131699 0.075735 0.055865 
0.008470 0.039898 0.218989 0.205548 0.154437 0.059820 0.046668 0.115078 0.118590 0.032502 
0.007104 0.021927 0.299158 0.149610 0.151311 0.119175 0.045713 0.059074 0.111507 0.035421 
0.002117 0.019025 0.212137 0.189440 0.080736 0.091910 0.058427 0.077350 0.228559 0.040300 
0.001984 0.013294 0.079011 0.208652 0.070943 0.093684 0.019344 0.116312 0.335908 0.060868 
0.001549 0.008329 0.050914 0.212232 0.101343 0.072300 0.047697 0.117866 0.325367 0.062403 
0.001076 0.006157 0.091972 0.233051 0.076144 0.116040 0.070310 0.098648 0.255195 0.051407 
0.000338 0.005525 0.049704 0.249773 0.050282 0.112167 0.039405 0.172335 0.280538 0.039931 
0.000043 0.007969 0.080672 0.295357 0.107717 0.121781 0.048533 0.059448 0.243426 0.035055 
0.005026 0.023018 0.092634 0.249773 0.139808 0.112205 0.048088 0.067967 0.214749 0.046732 
0.004076 0.018077 0.044231 0.256272 0.166831 0.096142 0.094793 0.068538 0.197657 0.053382 
0.008928 0.038619 0.109986 0.095021 0.115636 0.125173 0.258796 0.045269 0.171130 0.031443 
0.005941 0.024058 0.065780 0.146934 0.072561 0.083510 0.322493 0.076301 0.162884 0.039538 
0.003173 0.011867 0.050471 0.159724 0.028989 0.104577 0.357348 0.095716 0.142497 0.045638 
0.004644 0.023173 0.059293 0.206428 0.040695 0.116404 0.233447 0.101124 0.150916 0.063874 
0.010521 0.044555 0.095601 0.245659 0.085142 0.049386 0.206404 0.042726 0.164777 0.055229 
0.002078 0.014343 0.075579 0.232101 0.163620 0.070760 0.137854 0.100764 0.143709 0.059192 
0.004585 0.028074 0.084781 0.220770 0.223686 0.088105 0.098385 0.077403 0.095228 0.078984 
0.003927 0.013387 0.070709 0.202307 0.210156 0.072148 0.103703 0.077995 0.150151 0.095518 
0.002537 0.011816 0.082144 0.262171 0.129547 0.123748 0.050192 0.059335 0.190486 0.088025 
0.005274 0.029633 0.082849 0.303367 0.132551 0.134384 0.075525 0.103180 0.072135 0.061102 
0.001107 0.007805 0.054801 0.461656 0.074471 0.088253 0.052152 0.115412 0.109937 0.034405 
0.005784 0.023467 0.084833 0.399859 0.081162 0.098384 0.073181 0.047635 0.119353 0.066342 
0.000308 0.007743 0.074584 0.371799 0.152777 0.087673 0.052125 0.093345 0.090036 0.069610 
0.004322 0.016980 0.065856 0.291982 0.182597 0.094165 0.105124 0.062061 0.084603 0.092309 
0.000391 0.003216 0.071635 0.218033 0.130298 0.077293 0.154689 0.093291 0.118473 0.132680 
0.001089 0.003105 0.030748 0.206896 0.243068 0.137338 0.087229 0.123083 0.091322 0.076122 
0.005158 0.020484 0.064468 0.320817 0.132810 0.152511 0.028330 0.157376 0.038283 0.079763 
0.001542 0.014159 0.096526 0.411458 0.192981 0.064400 0.049974 0.087468 0.057389 0.024103 
0.004388 0.026595 0.102984 0.283437 0.178048 0.092498 0.060370 0.133072 0.078498 0.040110 
0.001215 0.008418 0.054843 0.279489 0.228455 0.095126 0.073794 0.133584 0.071679 0.053396 
0.008207 0.037332 0.102549 0.281523 0.119250 0.093121 0.091871 0.146640 0.044326 0.075181 
0.010427 0.044783 0.128656 0.340637 0.097465 0.129492 0.039376 0.106460 0.046780 0.055925 
0.001261 0.011699 0.092824 0.399766 0.104264 0.143487 0.026403 0.141334 0.038264 0.040700 
0.010351 0.041953 0.122374 0.391891 0.044740 0.140501 0.072408 0.131282 0.024980 0.019521 
0.003011 0.016650 0.086651 0.348304 0.101445 0.125567 0.068577 0.151530 0.070440 0.027825 
0.004173 0.016693 0.064233 0.308307 0.146791 0.126448 0.043079 0.175635 0.062230 0.052413 
0.005533 0.021170 0.052599 0.297357 0.155858 0.118211 0.058927 0.167694 0.058060 0.064589 
0.006995 0.025486 0.067536 0.244448 0.078281 0.094571 0.075492 0.257072 0.075031 0.075090 
0.006555 0.026938 0.087835 0.265772 0.079663 0.165054 0.096091 0.194563 0.032157 0.045372 
0.004711 0.021379 0.087106 0.334838 0.040320 0.170689 0.038676 0.181556 0.035098 0.085627 
0.005816 0.026002 0.095233 0.448122 0.087735 0.095193 0.049613 0.082300 0.052918 0.057069 
0.004982 0.029344 0.086504 0.388352 0.124447 0.078811 0.037318 0.125658 0.074191 0.050393 
0.000709 0.006011 0.065726 0.313357 0.189645 0.081987 0.049344 0.127324 0.104587 0.061310 
0.003045 0.019385 0.066976 0.301941 0.205909 0.089634 0.075484 0.101083 0.065381 0.071162 
0.001383 0.008122 0.043430 0.220597 0.145631 0.108388 0.103068 0.140344 0.105794 0.123243 
0.005854 0.022845 0.055046 0.227481 0.091203 0.134633 0.065311 0.203109 0.076121 0.118397 
0.007013 0.037435 0.099711 0.251321 0.108535 0.160162 0.070081 0.139236 0.051521 0.074985 
0.008476 0.031582 0.095710 0.404566 0.066496 0.106437 0.046519 0.122427 0.082628 0.035160 
0.007487 0.027310 0.078907 0.249510 0.101376 0.047852 0.148957 0.145456 0.113341 0.079804 
0.000013 0.008015 0.062096 0.254668 0.166571 0.065878 0.186027 0.102304 0.056467 0.097960 
0.000658 0.007546 0.041216 0.240086 0.140534 0.060505 0.222560 0.097633 0.054446 0.134816 
0.000843 0.004227 0.010984 0.190902 0.089331 0.054071 0.358117 0.098318 0.052952 0.140254 
0.002442 0.011075 0.028800 0.230318 0.061440 0.063854 0.301221 0.104309 0.051307 0.145235 
0.000466 0.006625 0.029054 0.284851 0.094127 0.056931 0.270657 0.098626 0.036241 0.122421 
0.003058 0.014812 0.031935 0.298077 0.074154 0.057288 0.232079 0.101279 0.083509 0.103808 
0.002859 0.013934 0.052694 0.321050 0.069244 0.072655 0.239627 0.051171 0.103913 0.072854 
0.006168 0.024675 0.051012 0.332274 0.050068 0.067185 0.204752 0.076391 0.149189 0.038285 
0.000145 0.003644 0.015879 0.203621 0.051622 0.044316 0.284617 0.091646 0.261780 0.042730 
0.003722 0.014853 0.029438 0.203431 0.071831 0.044771 0.223966 0.118456 0.221411 0.068121 
0.004283 0.018401 0.050055 0.157179 0.092436 0.039465 0.180994 0.101785 0.285865 0.069537 
0.001995 0.007800 0.076558 0.193843 0.120353 0.039261 0.143937 0.056290 0.287646 0.072318 
0.001681 0.007192 0.079572 0.281280 0.070635 0.112155 0.133086 0.081256 0.163475 0.069668 
0.003199 0.015139 0.134613 0.258417 0.109576 0.143958 0.082117 0.035154 0.159524 0.058303 
0.001997 0.011579 0.118628 0.322082 0.108947 0.156316 0.118954 0.045163 0.073461 0.042874 
0.005240 0.022715 0.122737 0.217591 0.091258 0.179314 0.132709 0.081960 0.113261 0.033214 
0.005139 0.020684 0.069660 0.310311 0.078574 0.173566 0.116617 0.060276 0.117110 0.048062 
0.003949 0.021033 0.128341 0.243837 0.082324 0.137392 0.147214 0.041244 0.120637 0.074030 
0.001261 0.009009 0.112473 0.181758 0.110407 0.152560 0.112955 0.034052 0.188927 0.096597 
0.003308 0.015480 0.165017 0.254999 0.091513 0.122337 0.071349 0.043285 0.146746 0.085967 
0.005636 0.025382 0.148027 0.307411 0.090069 0.111341 0.100269 0.040595 0.085543 0.085726 
0.003560 0.012520 0.191071 0.227584 0.116067 0.078156 0.167820 0.046338 0.099362 0.057522 
0.002604 0.015046 0.107363 0.162913 0.096302 0.130691 0.192311 0.061825 0.164753 0.066193 
0.003844 0.016769 0.166225 0.292024 0.118504 0.072162 0.133017 0.059986 0.054783 0.082687 
0.002513 0.011051 0.230855 0.131292 0.143697 0.095318 0.138080 0.047522 0.113692 0.085980 
0.002258 0.011426 0.233698 0.111192 0.149844 0.071761 0.128117 0.068452 0.156882 0.066370 
0.001322 0.010466 0.287091 0.128468 0.078085 0.057414 0.119270 0.052901 0.188884 0.076100 
0.001699 0.007824 0.252416 0.298709 0.140620 0.040231 0.068610 0.046296 0.094348 0.049247 
0.001735 0.008218 0.212648 0.293295 0.132656 0.108585 0.093685 0.023259 0.088449 0.037469 
0.004054 0.017833 0.145491 0.242225 0.085448 0.178143 0.113900 0.039192 0.089388 0.084325 
0.004482 0.019395 0.220038 0.172305 0.177787 0.099669 0.107523 0.035070 0.096560 0.067171 
0.002440 0.008189 0.220173 0.138624 0.220769 0.075662 0.096516 0.098453 0.087235 0.051939 
0.004897 0.023993 0.228986 0.181653 0.136542 0.030729 0.101608 0.147622 0.121418 0.022552 
0.001790 0.007884 0.309864 0.078964 0.177143 0.056093 0.103906 0.125096 0.120799 0.018460 
0.002743 0.015027 0.306762 0.168980 0.236938 0.019551 0.068261 0.079341 0.086815 0.015582 
0.002596 0.011667 0.289229 0.150867 0.209722 0.044314 0.117112 0.085760 0.064461 0.024272 
0.005099 0.022894 0.339685 0.079227 0.099269 0.073342 0.172967 0.074715 0.117547 0.015255 
0.003703 0.017149 0.299069 0.069070 0.135297 0.061927 0.199185 0.059909 0.131487 0.023203 
0.000660 0.009441 0.281175 0.083407 0.121896 0.045007 0.169724 0.072113 0.180047 0.036531 
0.008575 0.037039 0.207618 0.113856 0.074204 0.035265 0.136341 0.132537 0.206360 0.048206 
0.006423 0.030963 0.243632 0.127952 0.089657 0.024509 0.218322 0.063537 0.163335 0.031670 
0.000812 0.004372 0.255461 0.176255 0.155676 0.018609 0.175369 0.064187 0.117221 0.032038 
0.000187 0.002510 0.283268 0.104903 0.150080 0.028593 0.147968 0.061450 0.191128 0.029913 
0.002612 0.014705 0.332339 0.067653 0.058609 0.044913 0.190014 0.062798 0.190776 0.035582 
0.001747 0.009545 0.340867 0.049065 0.156569 0.046196 0.151031 0.054398 0.157039 0.033543 
0.000743 0.012941 0.353116 0.105588 0.178993 0.036146 0.100146 0.082065 0.106655 0.023607 
0.004757 0.022943 0.244978 0.111883 0.108702 0.039851 0.118341 0.165881 0.156598 0.026065 
0.000670 0.004048 0.264989 0.165699 0.165019 0.032857 0.123203 0.125783 0.104767 0.012966 
0.004588 0.016911 0.211259 0.223405 0.262497 0.024574 0.044696 0.077884 0.108548 0.025639 
0.013007 0.057602 0.231882 0.172775 0.182332 0.067879 0.066670 0.082494 0.087144 0.038215 
0.004005 0.022664 0.263926 0.071016 0.175145 0.112244 0.079302 0.093077 0.138759 0.039863 
0.004859 0.024332 0.276206 0.105997 0.244265 0.090153 0.047903 0.088813 0.100607 0.016865 
0.002958 0.014355 0.136799 0.159344 0.126123 0.062844 0.168861 0.123867 0.157851 0.046998 
0.002765 0.012442 0.156980 0.078619 0.065168 0.070126 0.166855 0.224892 0.187491 0.034662 
0.008239 0.033097 0.186483 0.180143 0.096820 0.051788 0.159544 0.077998 0.185419 0.020470 
0.006242 0.027182 0.192738 0.287981 0.157867 0.045235 0.154890 0.038130 0.069351 0.020383 
0.004409 0.018940 0.089455 0.275914 0.075174 0.056290 0.265317 0.031259 0.137424 0.045819 
0.004479 0.017513 0.111258 0.331960 0.067316 0.078730 0.186312 0.027900 0.146100 0.028432 
0.002878 0.013068 0.114750 0.228372 0.099036 0.096151 0.112898 0.077562 0.218776 0.036508 
0.006717 0.026874 0.135987 0.227391 0.095078 0.132498 0.078182 0.066334 0.195056 0.035883 
0.003249 0.015556 0.137104 0.169231 0.042727 0.027445 0.187468 0.098291 0.272155 0.046774 
0.001285 0.005726 0.156819 0.182719 0.133238 0.032931 0.128054 0.065783 0.252726 0.040719 
0.002788 0.015176 0.151954 0.130805 0.208892 0.057388 0.080199 0.048779 0.280994 0.023025 
0.004332 0.018257 0.059645 0.191415 0.074287 0.054665 0.035868 0.100249 0.397188 0.064092 
0.009668 0.042755 0.129347 0.381816 0.071008 0.096198 0.037825 0.040455 0.165625 0.025302 
0.009809 0.038752 0.205384 0.212233 0.107304 0.145090 0.070893 0.074550 0.088625 0.047361 
0.002119 0.003204 0.143260 0.311946 0.123432 0.075676 0.075299 0.126731 0.078730 0.059604 
0.005930 0.020941 0.252226 0.231323 0.135890 0.065365 0.055718 0.116504 0.066835 0.049269 
0.003921 0.019568 0.236542 0.217632 0.106808 0.039518 0.065768 0.159463 0.077840 0.072940 
0.002284 0.005483 0.174913 0.233730 0.069945 0.045989 0.125796 0.223794 0.071060 0.047006 
0.001005 0.008931 0.052268 0.278699 0.071494 0.084851 0.084914 0.288776 0.045899 0.083162 
0.009782 0.036420 0.052135 0.229435 0.081139 0.037521 0.118867 0.308936 0.048847 0.076917 
0.004121 0.021424 0.106990 0.253374 0.097787 0.079469 0.096019 0.249711 0.055559 0.035547 
0.007421 0.027479 0.176415 0.292678 0.104539 0.049424 0.023082 0.192368 0.047641 0.078953 
0.002895 0.012221 0.194721 0.262428 0.107870 0.075555 0.062205 0.154212 0.054347 0.073547 
0.002811 0.016995 0.185666 0.311852 0.095917 0.080246 0.063456 0.109925 0.060387 0.072745 
0.004930 0.024338 0.207592 0.310032 0.061819 0.052434 0.097806 0.114803 0.070900 0.055347 
0.009525 0.045418 0.238009 0.203918 0.069681 0.056478 0.079149 0.111629 0.114487 0.071706 
0.006071 0.027936 0.134370 0.220392 0.123205 0.131389 0.083052 0.097869 0.073146 0.102569 
0.002388 0.013102 0.190908 0.273571 0.151071 0.101110 0.041223 0.064017 0.074097 0.088513 
0.000062 0.004289 0.242699 0.296762 0.152138 0.045142 0.033896 0.082103 0.065677 0.077233 
0.003988 0.009615 0.267437 0.258600 0.132370 0.066762 0.026381 0.071751 0.076544 0.086552 
0.004061 0.013459 0.253141 0.254009 0.116659 0.079099 0.040455 0.065056 0.069999 0.104060 
0.003227 0.026929 0.275115 0.174504 0.125392 0.078404 0.106887 0.060618 0.065137 0.083788 
0.005057 0.022039 0.236613 0.156177 0.090938 0.050872 0.127347 0.137901 0.093822 0.079235 
0.003128 0.013480 0.161490 0.150814 0.103870 0.124549 0.138562 0.127094 0.055661 0.121354 
0.000923 0.009068 0.214636 0.254772 0.099057 0.093024 0.057910 0.111403 0.053655 0.105553 
0.004798 0.022298 0.302733 0.270459 0.099975 0.037705 0.064681 0.054439 0.029648 0.113264 
0.000550 0.013494 0.185725 0.270632 0.155809 0.059081 0.082179 0.074248 0.033567 0.124717 
0.005762 0.032355 0.282863 0.239598 0.158007 0.041399 0.091969 0.036100 0.029716 0.082231 
0.008240 0.041473 0.427860 0.117338 0.106106 0.031365 0.133527 0.059266 0.038199 0.036626 
0.002459 0.018665 0.431902 0.096733 0.076195 0.058140 0.095693 0.103895 0.041846 0.074472 
0.003918 0.023925 0.281839 0.122240 0.075130 0.082469 0.149254 0.114259 0.055914 0.091052 
0.004243 0.016527 0.102962 0.198034 0.170068 0.089992 0.137990 0.098331 0.043205 0.138647 
0.000473 0.005069 0.077908 0.242664 0.230963 0.081311 0.158524 0.058396 0.040408 0.104285 
0.007146 0.029518 0.112427 0.248545 0.166491 0.074500 0.180042 0.058394 0.031337 0.091601 
0.000620 0.005563 0.151155 0.191285 0.112544 0.080786 0.253826 0.084131 0.021506 0.098583 
0.012024 0.041955 0.284395 0.083547 0.103940 0.051622 0.233462 0.087799 0.030191 0.071065 
0.003960 0.008883 0.332024 0.098019 0.127532 0.050394 0.184812 0.073341 0.052642 0.068395 
0.005991 0.010826 0.249527 0.105757 0.157842 0.083155 0.132679 0.073540 0.045061 0.135622 
0.009706 0.042542 0.189362 0.226374 0.156034 0.049931 0.092597 0.081450 0.039497 0.112508 
0.005820 0.029495 0.257724 0.246963 0.101064 0.054867 0.075792 0.067158 0.047111 0.114006 
0.004422 0.021752 0.245008 0.279294 0.097250 0.043871 0.080336 0.075462 0.051158 0.101446 
0.009180 0.041121 0.257786 0.215673 0.111824 0.064523 0.120309 0.054559 0.028974 0.096049 
0.002027 0.018368 0.346915 0.199862 0.051965 0.030832 0.100023 0.080743 0.033887 0.135378 
0.001388 0.006994 0.201387 0.148804 0.113345 0.068378 0.153821 0.120913 0.034766 0.150203 
0.007010 0.038312 0.177748 0.181897 0.117427 0.101106 0.091876 0.111044 0.032577 0.141002 
0.002603 0.014645 0.219931 0.249085 0.147647 0.060767 0.068486 0.060260 0.039701 0.136874 
0.010114 0.039738 0.205454 0.197253 0.108294 0.041964 0.087849 0.155253 0.036170 0.117911 
0.001448 0.015497 0.174493 0.263581 0.091581 0.050066 0.077819 0.212584 0.045680 0.067251 
0.007201 0.030683 0.161894 0.185806 0.065456 0.070554 0.114552 0.221181 0.033969 0.108704 
0.006246 0.027687 0.102129 0.158886 0.040427 0.057120 0.079519 0.369567 0.043823 0.114595 
0.001210 0.004545 0.068350 0.166196 0.032388 0.076785 0.096193 0.406608 0.033728 0.113997 
0.002093 0.010252 0.158533 0.182721 0.079502 0.075870 0.067077 0.223209 0.073677 0.127065 
0.005800 0.019339 0.215814 0.256319 0.103324 0.073305 0.070421 0.074587 0.090646 0.090445 
0.000940 0.012441 0.191522 0.315844 0.089673 0.062070 0.100956 0.063165 0.068742 0.094649 
0.001578 0.008957 0.160884 0.291645 0.113050 0.085299 0.103458 0.040992 0.109136 0.085001 
0.006128 0.027842 0.153374 0.182004 0.065623 0.079896 0.173557 0.082943 0.181905 0.046728 
0.003991 0.016115 0.101212 0.234395 0.037297 0.030087 0.150005 0.079006 0.264364 0.083528 
0.001293 0.009749 0.098995 0.252758 0.093336 0.032584 0.078653 0.052273 0.280947 0.099411 
0.002232 0.014169 0.133056 0.204966 0.123795 0.054547 0.074572 0.060701 0.237794 0.094169 
0.000160 0.005532 0.179658 0.256532 0.155864 0.024638 0.128679 0.073935 0.095105 0.079897 
0.001644 0.014753 0.178480 0.278056 0.121441 0.057209 0.063953 0.068132 0.144335 0.071998 
0.004220 0.024367 0.241578 0.199669 0.073534 0.075381 0.070526 0.035692 0.234883 0.040150 
0.010940 0.053105 0.164338 0.335601 0.074853 0.124192 0.046956 0.028028 0.116599 0.045388 
0.008116 0.040776 0.131456 0.390924 0.070846 0.160446 0.052338 0.046487 0.060000 0.038611 
0.008060 0.043110 0.153735 0.350470 0.131164 0.114331 0.066724 0.050214 0.041971 0.040220 
0.011001 0.050893 0.176667 0.342032 0.149897 0.096075 0.045798 0.053871 0.050126 0.023640 
0.012842 0.053859 0.174167 0.221596 0.142117 0.101292 0.063532 0.069302 0.135794 0.025499 
0.011381 0.048572 0.180737 0.284922 0.109643 0.082347 0.036013 0.084333 0.137858 0.024194 
0.009798 0.040006 0.222376 0.268017 0.124450 0.078842 0.026791 0.063774 0.134535 0.031413 
0.011549 0.049933 0.171430 0.280787 0.089316 0.067106 0.063556 0.064936 0.157894 0.043492 
0.008377 0.041485 0.137008 0.340197 0.186619 0.026956 0.055329 0.053444 0.116672 0.033913 
0.004137 0.022337 0.217200 0.306828 0.137090 0.051075 0.041040 0.068246 0.099350 0.052697 
0.001154 0.009217 0.227389 0.341558 0.177189 0.034544 0.057880 0.058164 0.060442 0.032464 
0.001074 0.009949 0.271558 0.254914 0.142486 0.085277 0.068665 0.073511 0.065093 0.027473 
0.003613 0.024939 0.288283 0.226470 0.129900 0.053632 0.043854 0.074503 0.121855 0.032951 
0.006039 0.028406 0.347849 0.170048 0.108789 0.046295 0.091256 0.047349 0.096586 0.057384 
0.001448 0.011933 0.151073 0.231414 0.176823 0.061027 0.105712 0.091666 0.134453 0.034450 
0.008001 0.036450 0.180376 0.206087 0.173425 0.056272 0.082859 0.102744 0.116494 0.037292 
0.005222 0.028893 0.258447 0.189951 0.113333 0.095445 0.072834 0.114339 0.083713 0.037822 
0.001643 0.022203 0.213921 0.289212 0.144546 0.062693 0.059219 0.077851 0.093118 0.035594 
0.006418 0.037337 0.264456 0.224567 0.157054 0.072792 0.037928 0.066135 0.105908 0.027406 
0.009316 0.051530 0.215066 0.236284 0.200347 0.032929 0.052748 0.071136 0.101170 0.029475 
0.005721 0.037361 0.290713 0.158012 0.239911 0.053379 0.053340 0.023722 0.074156 0.063684 
0.004289 0.022616 0.182891 0.099677 0.380299 0.055060 0.060769 0.068350 0.087634 0.038414 
0.002228 0.021529 0.303010 0.149936 0.230490 0.076809 0.051762 0.071006 0.062348 0.030881 
0.015686 0.079197 0.268905 0.169287 0.158597 0.083777 0.036424 0.103280 0.066387 0.018461 
0.015004 0.063988 0.196713 0.194144 0.183246 0.085123 0.026768 0.100021 0.103671 0.031323 
0.010717 0.046132 0.191557 0.212490 0.184518 0.101696 0.045801 0.067607 0.089110 0.050373 
0.006090 0.032987 0.191486 0.264953 0.186506 0.115795 0.027173 0.069935 0.094406 0.010669 
0.006900 0.030026 0.193983 0.149171 0.221790 0.167919 0.037041 0.084538 0.076590 0.032041 
0.005322 0.041450 0.243534 0.147307 0.216295 0.130133 0.026391 0.077111 0.087226 0.025231 
0.011634 0.055463 0.280682 0.083109 0.225589 0.098527 0.043224 0.112986 0.051379 0.037407 
0.007497 0.038521 0.311711 0.136630 0.166534 0.054458 0.033977 0.117369 0.101396 0.031906 
0.005507 0.023846 0.323066 0.169055 0.166329 0.073022 0.028651 0.092116 0.095688 0.022720 
0.008618 0.024971 0.274860 0.214960 0.168997 0.064107 0.037721 0.055605 0.092050 0.058111 
0.002359 0.023212 0.270287 0.254916 0.169541 0.039217 0.058008 0.055120 0.101733 0.025608 
0.007622 0.041260 0.274626 0.141451 0.142832 0.107732 0.074789 0.075990 0.103304 0.030395 
0.003824 0.014183 0.216726 0.112120 0.295358 0.103294 0.060321 0.088189 0.074488 0.031497 
0.000225 0.028623 0.293193 0.194918 0.153768 0.110629 0.060030 0.082578 0.049994 0.026043 
0.010282 0.054288 0.233019 0.250939 0.162906 0.043169 0.045366 0.084221 0.081117 0.034693 
0.017550 0.076155 0.235897 0.203345 0.166334 0.073927 0.035299 0.078667 0.095441 0.017385 
0.014651 0.067249 0.221613 0.250908 0.133665 0.083873 0.028413 0.068931 0.080813 0.049884 
0.007450 0.040999 0.265940 0.257473 0.116604 0.069980 0.057775 0.055504 0.091692 0.036582 
0.002068 0.014175 0.197882 0.135720 0.162192 0.169418 0.036862 0.118907 0.111858 0.050918 
0.009760 0.044824 0.227344 0.176599 0.200488 0.114960 0.056988 0.081241 0.066016 0.021779 
0.016550 0.067092 0.274076 0.182186 0.163046 0.094102 0.024344 0.079563 0.069202 0.029838 
0.003144 0.012093 0.096101 0.171473 0.104170 0.257545 0.169634 0.066394 0.095109 0.024337 
0.000419 0.002838 0.091092 0.184760 0.093838 0.255708 0.082828 0.060725 0.188847 0.038946 
0.001025 0.005411 0.095973 0.189341 0.055887 0.288201 0.070567 0.064701 0.210040 0.018854 
0.004398 0.019938 0.047498 0.199059 0.057567 0.309082 0.069894 0.067959 0.194492 0.030113 
0.009698 0.039962 0.094680 0.252536 0.095052 0.110397 0.174956 0.057994 0.124274 0.040450 
