All My Love, Ariana Grande
0.000000 0.000000 0.000000 0.000000 0.000000 0.000000 0.000000 0.000000 0.000000 0.000000 
0.000000 0.000000 0.000000 0.000000 0.000000 0.000000 0.000000 0.000000 0.000000 0.000000 
0.077640 0.127076 0.088522 0.074151 0.085830 0.129864 0.106618 0.090137 0.064946 0.155217 
0.096469 0.097127 0.025264 0.177715 0.086649 0.100510 0.098926 0.094519 0.137652 0.085169 
0.065912 0.041613 0.107804 0.115583 0.139981 0.060307 0.144761 0.107470 0.159088 0.057482 
0.079358 0.106144 0.081089 0.153011 0.079822 0.037147 0.129683 0.158133 0.079552 0.096061 
0.025810 0.027863 0.093846 0.456370 0.138288 0.058009 0.065956 0.058322 0.046783 0.028752 
0.010579 0.057537 0.190865 0.542826 0.076686 0.036257 0.035922 0.023917 0.014317 0.011094 
0.001302 0.028658 0.113799 0.602495 0.084531 0.044436 0.042879 0.034269 0.028773 0.018859 
0.003038 0.025623 0.125327 0.593549 0.119516 0.039005 0.031249 0.025708 0.021728 0.015257 
0.017535 0.134834 0.155319 0.491955 0.103089 0.033437 0.023178 0.017425 0.015619 0.007609 
0.006152 0.241047 0.227639 0.421602 0.066836 0.014086 0.006867 0.006627 0.005820 0.003324 
0.008555 0.154311 0.208528 0.445848 0.089570 0.031503 0.021025 0.016719 0.014423 0.009517 
0.017994 0.135595 0.136319 0.563800 0.064056 0.032260 0.018626 0.012997 0.010995 0.007358 
0.019774 0.121727 0.146425 0.558469 0.108103 0.023817 0.006960 0.006256 0.005150 0.003318 
0.006849 0.106304 0.126542 0.568656 0.111041 0.035821 0.015777 0.011971 0.009927 0.007114 
0.012536 0.055326 0.169919 0.553527 0.149102 0.031958 0.010449 0.006541 0.006103 0.004540 
0.003380 0.068203 0.179020 0.552577 0.124639 0.033684 0.016829 0.009002 0.007151 0.005515 
0.011317 0.070790 0.095717 0.548636 0.151410 0.053514 0.033047 0.016981 0.011185 0.007403 
0.000630 0.036708 0.107545 0.639726 0.117410 0.049504 0.022860 0.012027 0.009817 0.003773 
0.005645 0.034484 0.091952 0.579200 0.132484 0.075196 0.030649 0.026488 0.018076 0.005825 
0.004175 0.026303 0.085928 0.575618 0.180484 0.061280 0.025217 0.018021 0.014424 0.008550 
0.009860 0.049185 0.129208 0.509831 0.159597 0.056102 0.035657 0.026350 0.009932 0.014278 
0.001497 0.009127 0.066945 0.544260 0.208205 0.094580 0.020317 0.024799 0.022158 0.008112 
0.003509 0.020800 0.069143 0.571632 0.195029 0.082951 0.018211 0.015676 0.011456 0.011595 
0.005081 0.024481 0.092197 0.571023 0.189767 0.080552 0.011981 0.010278 0.010486 0.004155 
0.005885 0.019388 0.060903 0.571736 0.210789 0.088261 0.015323 0.009443 0.012472 0.005799 
0.001179 0.006625 0.057473 0.562299 0.203982 0.098039 0.018860 0.021404 0.018536 0.011602 
0.005893 0.026996 0.092750 0.486302 0.177064 0.104657 0.035489 0.033856 0.022872 0.014122 
0.008185 0.037299 0.089739 0.533481 0.163697 0.103839 0.027999 0.018916 0.010587 0.006256 
0.005233 0.025698 0.071555 0.535479 0.139755 0.136637 0.036928 0.025924 0.013424 0.009368 
0.006238 0.029404 0.095998 0.510337 0.124843 0.135485 0.033827 0.028843 0.020132 0.014893 
0.008801 0.035261 0.072961 0.419652 0.255635 0.130407 0.040635 0.017863 0.012576 0.006209 
0.004767 0.022146 0.054328 0.377346 0.300480 0.122349 0.057464 0.027171 0.020854 0.013096 
0.009676 0.043866 0.134810 0.308106 0.258020 0.136175 0.067886 0.021083 0.013751 0.006627 
0.003117 0.011523 0.044356 0.325569 0.286761 0.206024 0.067332 0.016731 0.020932 0.017656 
0.000410 0.007041 0.035876 0.280942 0.354639 0.226110 0.040278 0.024080 0.017601 0.013023 
0.009542 0.042166 0.081074 0.244539 0.265472 0.223706 0.062843 0.031321 0.020487 0.018849 
0.003719 0.018055 0.057799 0.186572 0.156883 0.354119 0.106340 0.057764 0.028108 0.030643 
0.006643 0.032418 0.067742 0.151780 0.268970 0.280883 0.113728 0.025201 0.030956 0.021679 
0.003633 0.018819 0.036369 0.226691 0.329931 0.240554 0.095883 0.018089 0.018395 0.011636 
0.002618 0.010678 0.022890 0.222242 0.307354 0.290422 0.077833 0.029604 0.020074 0.016285 
0.001028 0.005870 0.018255 0.219445 0.246822 0.335738 0.089872 0.033073 0.033435 0.016462 
0.006025 0.021260 0.039364 0.212150 0.277909 0.285143 0.049922 0.046008 0.033220 0.028999 
0.007131 0.029911 0.055333 0.188222 0.266336 0.261624 0.052537 0.051948 0.052512 0.034446 
0.012209 0.134714 0.219235 0.127455 0.252545 0.105133 0.037329 0.040892 0.053240 0.017248 
0.015724 0.223539 0.310140 0.189338 0.120719 0.066858 0.038548 0.020211 0.008610 0.006313 
0.017267 0.240919 0.216699 0.325921 0.067253 0.030800 0.036873 0.032969 0.018127 0.013172 
0.020579 0.274748 0.217961 0.190116 0.146238 0.038107 0.036314 0.035851 0.024157 0.015928 
0.017302 0.322380 0.107221 0.179418 0.155903 0.050219 0.059433 0.067026 0.026075 0.015021 
0.028568 0.371300 0.091893 0.142412 0.221090 0.042173 0.032929 0.036989 0.021629 0.011017 
0.054378 0.378587 0.117003 0.064984 0.253400 0.037274 0.038612 0.031407 0.013898 0.010458 
0.044744 0.334118 0.079426 0.110893 0.294794 0.062021 0.032096 0.023544 0.011049 0.007316 
0.007812 0.201646 0.276157 0.156034 0.216121 0.034667 0.037187 0.045385 0.017411 0.007579 
0.012877 0.178114 0.280285 0.345399 0.117651 0.018254 0.012864 0.022042 0.007729 0.004785 
0.010100 0.159798 0.366479 0.265126 0.113412 0.027912 0.019489 0.021668 0.008320 0.007695 
0.026734 0.243522 0.192980 0.139527 0.182125 0.144350 0.018998 0.019928 0.015882 0.015953 
0.050182 0.281172 0.149840 0.083486 0.144294 0.157310 0.055382 0.026337 0.027848 0.024148 
0.034420 0.259345 0.182710 0.078489 0.096230 0.182050 0.070415 0.033713 0.038810 0.023818 
0.003821 0.262230 0.216353 0.155515 0.098180 0.162689 0.020895 0.028265 0.035310 0.016742 
0.007089 0.218718 0.249483 0.113071 0.179746 0.140721 0.030564 0.019676 0.013589 0.027341 
0.005778 0.060306 0.198944 0.272996 0.243031 0.069813 0.025896 0.093837 0.018806 0.010593 
0.004186 0.077114 0.254658 0.297726 0.142499 0.083565 0.009240 0.110485 0.012669 0.007858 
0.005596 0.074187 0.241510 0.182321 0.193542 0.084558 0.033971 0.169738 0.008236 0.006343 
0.000498 0.068189 0.100798 0.110098 0.238516 0.128775 0.022607 0.287670 0.023207 0.019645 
0.005597 0.058988 0.118522 0.088879 0.283794 0.074399 0.031781 0.315811 0.010546 0.011681 
0.015755 0.093623 0.119765 0.052586 0.306824 0.074280 0.026984 0.269984 0.026278 0.013921 
0.017761 0.102318 0.135702 0.037696 0.340224 0.066325 0.027963 0.234359 0.027221 0.010430 
0.007255 0.037065 0.249856 0.217184 0.313420 0.029616 0.016675 0.107609 0.010770 0.010550 
0.011411 0.068230 0.207746 0.317885 0.228531 0.047512 0.019455 0.076335 0.016544 0.006351 
0.002025 0.065237 0.266459 0.277407 0.214724 0.052296 0.022935 0.071809 0.015337 0.011770 
0.013365 0.118578 0.210992 0.094532 0.322047 0.095672 0.028574 0.086913 0.018095 0.011230 
0.006307 0.075629 0.170241 0.087644 0.473709 0.047376 0.034627 0.083608 0.013245 0.007615 
0.001809 0.055946 0.120534 0.159552 0.438373 0.088916 0.023454 0.069794 0.025182 0.016441 
0.005086 0.075644 0.136023 0.093805 0.400138 0.137892 0.023997 0.091880 0.023839 0.011695 
0.013524 0.079153 0.168053 0.095809 0.364148 0.089317 0.040628 0.085350 0.038901 0.025119 
0.015146 0.069213 0.257008 0.319907 0.196522 0.061390 0.018976 0.039563 0.012432 0.009842 
0.012518 0.086329 0.327466 0.328316 0.126707 0.021111 0.028234 0.041851 0.016427 0.011042 
0.004798 0.060662 0.333171 0.326626 0.135389 0.044850 0.026195 0.035009 0.019391 0.013910 
0.004207 0.063934 0.175928 0.272722 0.213808 0.194349 0.026086 0.022822 0.016177 0.009968 
0.006547 0.051305 0.289832 0.252814 0.219620 0.085019 0.040285 0.026463 0.013492 0.014623 
0.009875 0.051894 0.165149 0.249402 0.191146 0.042592 0.026326 0.042007 0.197377 0.024232 
0.009315 0.041682 0.249680 0.222927 0.109517 0.032805 0.027961 0.036365 0.246881 0.022867 
0.003007 0.039759 0.232788 0.131269 0.132054 0.047043 0.026829 0.051423 0.302805 0.033024 
0.007620 0.021757 0.125581 0.075244 0.194422 0.123350 0.036286 0.031282 0.363454 0.021003 
0.008956 0.034314 0.073519 0.152633 0.179518 0.050035 0.039490 0.059551 0.357928 0.044054 
0.004661 0.029106 0.108468 0.320413 0.173616 0.089961 0.015768 0.034412 0.206066 0.017530 
0.005529 0.027346 0.184814 0.470251 0.088743 0.053083 0.017489 0.012348 0.121491 0.018905 
0.005865 0.021719 0.222371 0.315815 0.089568 0.053343 0.021106 0.018484 0.209592 0.042136 
0.011382 0.055818 0.225555 0.130796 0.118812 0.054393 0.014823 0.044635 0.297207 0.046580 
0.007331 0.035091 0.223728 0.143431 0.179100 0.079639 0.024122 0.035926 0.244607 0.027026 
0.008250 0.036127 0.087021 0.091530 0.292116 0.116078 0.045216 0.037904 0.253793 0.031963 
0.003587 0.024755 0.084909 0.104131 0.280564 0.114287 0.039889 0.052093 0.249926 0.045860 
0.001398 0.025519 0.083915 0.200169 0.312329 0.118707 0.047450 0.031604 0.121879 0.057031 
0.006744 0.030227 0.124103 0.381684 0.227182 0.070201 0.020114 0.011584 0.099662 0.028501 
0.004714 0.027558 0.258866 0.454182 0.103243 0.046241 0.031300 0.023519 0.037314 0.013063 
0.008637 0.042657 0.236911 0.333644 0.154200 0.058700 0.033245 0.035667 0.077782 0.018557 
0.000168 0.040422 0.121213 0.313550 0.103622 0.145944 0.033707 0.066799 0.139163 0.035412 
0.001428 0.024814 0.199298 0.292212 0.092620 0.108866 0.032276 0.052292 0.165833 0.030361 
0.005543 0.041687 0.128894 0.262049 0.149167 0.172560 0.025870 0.035759 0.128057 0.050412 
0.013114 0.102044 0.179645 0.205067 0.135640 0.142955 0.058299 0.036503 0.101947 0.024785 
0.008220 0.035310 0.193710 0.356879 0.213637 0.082207 0.020031 0.023689 0.057415 0.008904 
0.001867 0.024093 0.157256 0.469079 0.112500 0.030550 0.013431 0.030495 0.126707 0.034020 
0.003724 0.016657 0.251550 0.440523 0.095148 0.022998 0.007769 0.006297 0.139532 0.015801 
0.003650 0.039277 0.139396 0.119145 0.114958 0.089339 0.032061 0.053192 0.316267 0.092714 
0.006005 0.026963 0.065277 0.119633 0.047548 0.110963 0.042228 0.051542 0.123367 0.406473 
0.005271 0.024919 0.055887 0.082067 0.106610 0.132185 0.035042 0.044771 0.098658 0.414590 
0.005142 0.017172 0.071663 0.145227 0.112886 0.224417 0.015848 0.020484 0.067179 0.319982 
0.003129 0.022996 0.137631 0.447156 0.208713 0.060616 0.038854 0.017415 0.034632 0.028858 
0.007339 0.037869 0.129436 0.560532 0.124038 0.092107 0.012603 0.007946 0.013735 0.014395 
0.010994 0.050307 0.201459 0.380174 0.073413 0.138879 0.029475 0.019117 0.028180 0.068002 
0.004058 0.023555 0.219167 0.275624 0.056554 0.163255 0.038326 0.029605 0.044960 0.144897 
0.003124 0.023762 0.076715 0.160998 0.085432 0.268230 0.039284 0.038534 0.057488 0.246435 
0.006473 0.018438 0.057493 0.115762 0.135813 0.320598 0.058878 0.026045 0.050833 0.209667 
0.002840 0.020310 0.065515 0.145195 0.282332 0.254777 0.046013 0.024857 0.066206 0.091955 
0.001956 0.025190 0.160144 0.271187 0.142476 0.123727 0.039518 0.022025 0.047669 0.166107 
0.007080 0.028257 0.115055 0.463895 0.128371 0.070643 0.048682 0.031005 0.028883 0.078129 
0.010278 0.043013 0.155882 0.399498 0.205586 0.028956 0.017180 0.044560 0.077055 0.017991 
0.015223 0.064874 0.181123 0.344996 0.122643 0.016133 0.022391 0.028165 0.178869 0.025583 
0.002543 0.012502 0.025761 0.108535 0.189819 0.113723 0.028149 0.034043 0.237855 0.247071 
0.002464 0.017238 0.062362 0.177456 0.084808 0.208625 0.057860 0.046099 0.087663 0.255425 
0.007509 0.033521 0.122036 0.435021 0.078507 0.137210 0.016541 0.018003 0.022779 0.128873 
0.009527 0.044361 0.152459 0.609782 0.061861 0.067446 0.010202 0.010751 0.014889 0.018720 
0.002414 0.011307 0.134369 0.363533 0.092277 0.191583 0.025292 0.008529 0.036070 0.134626 
0.002517 0.008413 0.076362 0.190449 0.224158 0.236072 0.030941 0.020385 0.027985 0.182718 
0.009056 0.060526 0.118786 0.376455 0.207501 0.057983 0.042990 0.022470 0.033842 0.070391 
0.013528 0.056823 0.208387 0.358345 0.216782 0.065603 0.027101 0.017968 0.011487 0.023977 
0.000466 0.009592 0.106347 0.284018 0.319728 0.054795 0.039034 0.077582 0.094731 0.013707 
0.005869 0.027259 0.161210 0.198478 0.121304 0.054947 0.044986 0.084654 0.278243 0.023049 
0.005176 0.028190 0.149731 0.127597 0.175495 0.064568 0.051212 0.049871 0.256399 0.091760 
0.008953 0.041047 0.170967 0.082970 0.113754 0.124466 0.024831 0.041183 0.073311 0.318517 
0.001564 0.012052 0.078503 0.161524 0.182386 0.201410 0.019911 0.026011 0.059223 0.257417 
0.010439 0.048540 0.106067 0.083972 0.225945 0.209598 0.054175 0.020033 0.052831 0.188400 
0.003206 0.018559 0.112509 0.116102 0.143809 0.282094 0.052616 0.037054 0.050305 0.183746 
0.008127 0.036384 0.161780 0.351917 0.202153 0.088917 0.027932 0.018558 0.032069 0.072163 
0.000064 0.007475 0.240083 0.507289 0.162136 0.017070 0.006590 0.033752 0.012537 0.013005 
0.016562 0.075404 0.292189 0.330302 0.104420 0.093594 0.018682 0.019069 0.023461 0.026316 
0.007254 0.042296 0.346001 0.175325 0.124497 0.126680 0.028558 0.035830 0.072985 0.040574 
0.000745 0.003547 0.088393 0.132164 0.295494 0.081920 0.055827 0.261524 0.063445 0.016940 
0.002862 0.013036 0.069843 0.143980 0.239995 0.107669 0.026489 0.285670 0.073053 0.037402 
0.004693 0.020339 0.068082 0.123518 0.264848 0.101218 0.041439 0.243151 0.060779 0.071934 
0.010472 0.054986 0.142613 0.236491 0.166903 0.060671 0.019067 0.190823 0.072331 0.045642 
0.011411 0.052510 0.124765 0.323154 0.167646 0.061592 0.025810 0.172746 0.035314 0.025052 
0.002325 0.008274 0.169291 0.313074 0.202444 0.074614 0.014538 0.165854 0.033286 0.016299 
0.004962 0.020495 0.251184 0.172617 0.238158 0.087727 0.034800 0.123220 0.051565 0.015271 
0.018530 0.083589 0.170005 0.197029 0.266466 0.116195 0.036312 0.055818 0.022394 0.033663 
0.002473 0.009254 0.122685 0.371894 0.251911 0.139373 0.014379 0.047217 0.021500 0.019315 
0.013860 0.062638 0.205875 0.197186 0.154885 0.210538 0.030277 0.040719 0.052128 0.031896 
0.009628 0.047267 0.199980 0.215786 0.129897 0.072872 0.066307 0.116138 0.081117 0.061007 
0.000851 0.016597 0.199108 0.495517 0.130947 0.065606 0.021808 0.034111 0.021554 0.013903 
0.002997 0.020018 0.282541 0.484228 0.084174 0.037423 0.012495 0.035010 0.022610 0.018505 
0.015385 0.076350 0.290761 0.275258 0.102700 0.101279 0.016252 0.039329 0.059195 0.023491 
0.004787 0.026435 0.201695 0.163656 0.151280 0.080855 0.067063 0.190763 0.077787 0.035680 
0.004684 0.017182 0.070755 0.247573 0.323549 0.063708 0.060818 0.175912 0.021450 0.014368 
0.001497 0.004750 0.085015 0.141209 0.467734 0.165763 0.014379 0.088399 0.016739 0.014515 
0.008175 0.033370 0.073711 0.181822 0.522720 0.018325 0.014904 0.102171 0.034021 0.010780 
0.000922 0.009175 0.147830 0.197156 0.501449 0.031991 0.027250 0.041710 0.025573 0.016945 
0.013505 0.060259 0.115477 0.299996 0.318265 0.059026 0.042437 0.067803 0.018061 0.005172 
0.015572 0.070334 0.261547 0.201721 0.209470 0.061377 0.035137 0.120472 0.018235 0.006135 
0.001345 0.019697 0.305526 0.161813 0.222319 0.214625 0.015380 0.034262 0.014723 0.010310 
0.000806 0.026594 0.160387 0.407004 0.261144 0.048309 0.018650 0.036617 0.020230 0.020259 
0.008334 0.033238 0.162556 0.483608 0.152220 0.090166 0.031333 0.016532 0.010629 0.011383 
0.000980 0.006984 0.141788 0.514412 0.102281 0.120696 0.033134 0.040632 0.022268 0.016824 
0.003110 0.012868 0.186124 0.169750 0.260919 0.036678 0.017804 0.026278 0.260652 0.025817 
0.001203 0.009156 0.097439 0.104636 0.249247 0.081034 0.025138 0.037362 0.361522 0.033264 
0.001028 0.007231 0.106694 0.068120 0.241486 0.031321 0.026937 0.047121 0.428167 0.041897 
0.003452 0.025356 0.081859 0.307011 0.222697 0.073904 0.027665 0.020686 0.213393 0.023976 
0.008752 0.043379 0.087395 0.258241 0.250822 0.061115 0.027087 0.045236 0.189714 0.028259 
0.005051 0.025126 0.149804 0.305078 0.139002 0.069155 0.045948 0.057597 0.179737 0.023502 
0.004546 0.022580 0.074013 0.240836 0.186528 0.098279 0.018388 0.042543 0.259212 0.053074 
0.002658 0.022908 0.112759 0.187045 0.207152 0.109514 0.041375 0.032285 0.246164 0.038141 
0.001532 0.025085 0.065591 0.109583 0.319184 0.106118 0.051528 0.045628 0.259439 0.016313 
0.004054 0.019550 0.039623 0.130093 0.378911 0.133541 0.035508 0.041140 0.173693 0.043887 
0.000494 0.014684 0.217976 0.230311 0.192419 0.172351 0.042605 0.019388 0.071709 0.038065 
0.008941 0.045522 0.239479 0.243302 0.214280 0.078894 0.033199 0.039047 0.073147 0.024190 
0.007244 0.029122 0.104908 0.581746 0.082799 0.073308 0.023196 0.016733 0.057109 0.023836 
0.009946 0.038003 0.198409 0.450440 0.132733 0.056581 0.009444 0.026663 0.056190 0.021589 
0.009980 0.043882 0.346849 0.255337 0.099022 0.087946 0.017349 0.027471 0.077100 0.035064 
0.015925 0.066010 0.257761 0.285090 0.100990 0.088094 0.033149 0.034475 0.091105 0.027401 
0.003128 0.019956 0.129588 0.362175 0.175619 0.080146 0.016079 0.024372 0.138441 0.050496 
0.005572 0.017756 0.144283 0.190177 0.207670 0.175350 0.034492 0.013880 0.085380 0.125442 
0.004805 0.016022 0.212644 0.215376 0.316446 0.084725 0.077911 0.032038 0.026357 0.013678 
0.008398 0.044877 0.157465 0.358816 0.239920 0.082120 0.048619 0.032920 0.011299 0.015566 
0.000631 0.014749 0.105073 0.529655 0.174243 0.048354 0.028629 0.055931 0.025877 0.016859 
0.002869 0.007238 0.254137 0.226569 0.240236 0.119455 0.019088 0.089392 0.026699 0.014316 
0.007330 0.037205 0.176783 0.196097 0.448539 0.044797 0.016874 0.044429 0.019881 0.008064 
0.010620 0.039199 0.101743 0.152804 0.488243 0.056313 0.029988 0.047696 0.057803 0.015591 
0.001159 0.005278 0.085283 0.240758 0.382730 0.071758 0.021007 0.030234 0.146710 0.015082 
0.007874 0.034948 0.130633 0.245137 0.277275 0.100554 0.067630 0.024881 0.083866 0.027203 
0.007900 0.038192 0.173743 0.259627 0.209347 0.199179 0.022532 0.009876 0.015575 0.064029 
0.002315 0.009162 0.108378 0.410621 0.137676 0.158681 0.020418 0.013459 0.030263 0.109026 
0.002508 0.027511 0.166013 0.311209 0.070528 0.156359 0.058986 0.044675 0.053027 0.109185 
0.007539 0.034233 0.131799 0.193651 0.106363 0.242377 0.038951 0.033642 0.051270 0.160175 
0.002118 0.017664 0.166692 0.234693 0.114818 0.185243 0.020420 0.015198 0.033809 0.209345 
0.001241 0.035675 0.165802 0.212928 0.179950 0.156047 0.013573 0.026658 0.035732 0.172394 
0.005122 0.017321 0.180157 0.315948 0.190944 0.124927 0.028580 0.035395 0.036598 0.065010 
0.009293 0.044109 0.076677 0.203492 0.268788 0.122128 0.068614 0.036329 0.042423 0.128149 
0.002945 0.012394 0.123684 0.358578 0.115683 0.109284 0.034792 0.028399 0.044504 0.169737 
0.004532 0.019325 0.121371 0.507883 0.115434 0.045416 0.021192 0.009258 0.015941 0.139650 
0.000295 0.018974 0.135170 0.302286 0.088717 0.064888 0.022285 0.033844 0.055662 0.277879 
0.001635 0.013589 0.124306 0.199106 0.177709 0.131047 0.042520 0.035055 0.037021 0.238013 
0.002147 0.016377 0.088289 0.230248 0.276978 0.185970 0.134531 0.023235 0.014012 0.028211 
0.003612 0.018584 0.085934 0.408977 0.085670 0.152721 0.183673 0.020960 0.018680 0.021191 
0.007169 0.048754 0.123017 0.392206 0.087234 0.059814 0.199765 0.029448 0.021141 0.031451 
0.000819 0.006055 0.091423 0.088134 0.097255 0.288466 0.114350 0.045348 0.058008 0.210143 
0.004598 0.022620 0.091739 0.108097 0.106185 0.171122 0.032339 0.024499 0.047143 0.391657 
0.008788 0.030871 0.140367 0.164498 0.171761 0.094020 0.029978 0.031429 0.060812 0.267477 
0.016066 0.084646 0.150257 0.236022 0.097011 0.073754 0.026313 0.020496 0.047236 0.248198 
0.011970 0.051410 0.201166 0.213614 0.100423 0.080359 0.026274 0.021633 0.058308 0.234844 
0.007324 0.048869 0.117380 0.111650 0.113398 0.123430 0.040552 0.045248 0.077973 0.314176 
0.001178 0.008775 0.058667 0.061527 0.259538 0.129933 0.032526 0.033558 0.088993 0.325305 
0.002911 0.015330 0.043610 0.092816 0.156604 0.267226 0.054597 0.068524 0.129167 0.169215 
0.001245 0.005319 0.044308 0.067050 0.344315 0.290260 0.056802 0.042805 0.034304 0.113593 
0.004317 0.022375 0.138300 0.047675 0.354690 0.159103 0.096879 0.067111 0.025968 0.083582 
0.008318 0.031051 0.168531 0.491219 0.094470 0.073060 0.041037 0.025265 0.012384 0.054663 
0.016659 0.080993 0.169083 0.406104 0.129154 0.028417 0.023855 0.050043 0.027401 0.068293 
0.013881 0.081694 0.222392 0.293987 0.110990 0.080757 0.027171 0.027726 0.054585 0.086817 
0.006274 0.039176 0.149283 0.290010 0.159248 0.114591 0.035153 0.047084 0.027879 0.131303 
0.003582 0.018485 0.077422 0.258599 0.185699 0.205014 0.040819 0.020541 0.020817 0.169022 
0.001402 0.007988 0.069606 0.248631 0.115242 0.331894 0.062848 0.031650 0.039494 0.091245 
0.001550 0.009828 0.077655 0.181605 0.218760 0.255066 0.039478 0.029704 0.036546 0.149808 
0.005220 0.034232 0.133682 0.399099 0.191069 0.114433 0.044912 0.019016 0.014947 0.043389 
0.006471 0.034549 0.115590 0.347343 0.119598 0.180289 0.043123 0.022861 0.048750 0.081427 
0.008225 0.045664 0.172874 0.341465 0.057867 0.122335 0.197431 0.022366 0.016189 0.015584 
0.006545 0.048666 0.162595 0.314102 0.069922 0.112893 0.256022 0.009453 0.007970 0.011832 
0.006533 0.040006 0.064023 0.150912 0.048817 0.125606 0.473325 0.032403 0.028109 0.030268 
0.008111 0.032234 0.062242 0.137966 0.107284 0.080162 0.416770 0.083393 0.040072 0.031765 
0.002267 0.013057 0.078380 0.156254 0.094370 0.142630 0.437775 0.015430 0.020064 0.039774 
0.001419 0.024666 0.125511 0.123538 0.177281 0.070996 0.392780 0.026630 0.026003 0.031176 
0.000631 0.018517 0.171413 0.360756 0.138958 0.073677 0.188686 0.025487 0.010579 0.011296 
0.000766 0.017957 0.124716 0.475456 0.049374 0.049435 0.229630 0.029992 0.011902 0.010772 
0.009971 0.061600 0.168354 0.265511 0.042474 0.035802 0.268345 0.089729 0.038905 0.019310 
0.009196 0.062913 0.092863 0.156345 0.067480 0.075084 0.366246 0.089012 0.046843 0.034018 
0.005253 0.029829 0.089578 0.168520 0.124352 0.168260 0.346199 0.023524 0.017223 0.027263 
0.004392 0.024852 0.037295 0.091325 0.102015 0.254368 0.290724 0.057890 0.057371 0.079768 
0.007231 0.031367 0.040866 0.084333 0.119204 0.132173 0.360382 0.058328 0.078746 0.087370 
0.002755 0.014018 0.122172 0.326197 0.194498 0.098999 0.171171 0.030371 0.017404 0.022415 
0.003498 0.017020 0.132713 0.457454 0.097713 0.090811 0.163197 0.008961 0.011586 0.017048 
0.011409 0.057989 0.183503 0.359705 0.097376 0.091741 0.137575 0.028751 0.019142 0.012809 
0.021922 0.120151 0.241627 0.269119 0.100937 0.068344 0.104452 0.031858 0.020455 0.021136 
0.002466 0.013937 0.144518 0.362417 0.097791 0.111383 0.197792 0.034464 0.015127 0.020104 
0.010771 0.052053 0.181385 0.229704 0.304338 0.078681 0.083525 0.030819 0.011700 0.017025 
0.012668 0.074937 0.164058 0.408015 0.177668 0.101475 0.030849 0.015481 0.009113 0.005737 
0.004768 0.033656 0.165505 0.288472 0.102882 0.189963 0.024216 0.014306 0.029639 0.146593 
0.002418 0.009887 0.067078 0.050030 0.149057 0.125968 0.037993 0.019892 0.351617 0.186060 
0.005954 0.028688 0.078657 0.100664 0.218587 0.043579 0.022671 0.020402 0.451939 0.028859 
0.003888 0.020877 0.067897 0.156060 0.216432 0.029572 0.049801 0.069530 0.335317 0.050627 
0.009064 0.033698 0.082956 0.380740 0.146416 0.072795 0.021853 0.017143 0.202195 0.033141 
0.007355 0.029842 0.132993 0.321183 0.168273 0.029571 0.039669 0.038869 0.202408 0.029838 
0.009563 0.045209 0.182135 0.241354 0.167860 0.111161 0.027667 0.030826 0.150699 0.033525 
0.016977 0.079765 0.179870 0.088484 0.272876 0.177649 0.032295 0.027478 0.103115 0.021491 
0.011576 0.048438 0.105749 0.100563 0.320199 0.154648 0.059803 0.045038 0.101136 0.052851 
0.000643 0.006898 0.056782 0.153213 0.459755 0.076672 0.054517 0.042312 0.110006 0.039200 
0.001771 0.014664 0.101399 0.260957 0.330367 0.127830 0.037289 0.020652 0.054890 0.050181 
0.007557 0.034531 0.139156 0.317985 0.192512 0.127889 0.050515 0.032268 0.046633 0.050955 
0.011622 0.052808 0.142844 0.468789 0.133988 0.080618 0.035964 0.027350 0.033864 0.012153 
0.011255 0.040448 0.217114 0.443280 0.092475 0.076229 0.022494 0.008069 0.074323 0.014315 
0.000500 0.018071 0.075882 0.198339 0.196232 0.196061 0.026924 0.046382 0.181591 0.060018 
0.006374 0.031992 0.084933 0.294379 0.178802 0.124489 0.058261 0.045324 0.147609 0.027839 
0.004676 0.033634 0.100525 0.212820 0.277827 0.170518 0.037214 0.033152 0.101806 0.027827 
0.003153 0.019065 0.151670 0.203368 0.255754 0.211790 0.032297 0.026175 0.054201 0.042527 
0.007243 0.035247 0.081262 0.243924 0.286445 0.168034 0.082851 0.055361 0.013477 0.026154 
0.007244 0.031069 0.135746 0.424312 0.112186 0.088373 0.101264 0.048799 0.014301 0.036707 
0.006056 0.031091 0.144574 0.357070 0.135159 0.057278 0.079069 0.066143 0.069505 0.054054 
0.007402 0.036940 0.132345 0.253441 0.135498 0.090425 0.132529 0.126230 0.040495 0.044696 
0.003708 0.018593 0.076845 0.091070 0.281697 0.051227 0.065401 0.329256 0.055617 0.026585 
0.007333 0.030888 0.081473 0.096461 0.147651 0.051750 0.074564 0.415209 0.081278 0.013394 
0.004858 0.023470 0.060419 0.173113 0.237565 0.119257 0.070979 0.178107 0.074907 0.057325 
0.001376 0.013034 0.138602 0.110922 0.219196 0.085490 0.081939 0.256195 0.062297 0.030949 
0.004163 0.017253 0.064490 0.303600 0.266916 0.097479 0.075880 0.146329 0.010011 0.013879 
0.005084 0.022076 0.088481 0.416675 0.133179 0.062909 0.018285 0.130935 0.109939 0.012436 
0.006201 0.029201 0.157484 0.339825 0.156254 0.056064 0.012911 0.018389 0.213068 0.010603 
0.004099 0.025702 0.070788 0.135156 0.250402 0.115338 0.075166 0.048860 0.253902 0.020587 
0.000744 0.011462 0.061518 0.249965 0.265469 0.139548 0.081143 0.079121 0.084445 0.026585 
0.003357 0.025862 0.078824 0.263104 0.178521 0.228753 0.081067 0.056156 0.052550 0.031806 
0.006873 0.019994 0.119424 0.223570 0.184533 0.217316 0.036255 0.127008 0.050425 0.014599 
0.007908 0.032348 0.082417 0.347759 0.164320 0.167411 0.089718 0.081008 0.010108 0.017003 
0.002022 0.011737 0.099766 0.569768 0.123928 0.075141 0.065289 0.028231 0.009673 0.014447 
0.004947 0.028539 0.131519 0.501704 0.194803 0.025372 0.015759 0.059170 0.031040 0.007148 
0.003116 0.015407 0.032877 0.123876 0.373349 0.043549 0.053100 0.258431 0.071597 0.024700 
0.002494 0.010126 0.034397 0.218011 0.290921 0.028581 0.016346 0.256915 0.117552 0.024657 
0.001406 0.012993 0.047248 0.096221 0.325305 0.101657 0.078514 0.063177 0.255941 0.017538 
0.006481 0.026936 0.078469 0.347694 0.193300 0.108142 0.040200 0.018503 0.155181 0.025093 
0.005971 0.016481 0.144918 0.425749 0.193521 0.035191 0.016185 0.024667 0.118121 0.019197 
0.001078 0.011298 0.214434 0.243918 0.300379 0.055991 0.049273 0.044356 0.066566 0.012706 
0.013917 0.062480 0.152553 0.333880 0.178730 0.034258 0.071101 0.035544 0.086870 0.030668 
0.008743 0.039363 0.140795 0.154879 0.377715 0.090226 0.048368 0.072518 0.034927 0.032466 
0.005218 0.017742 0.088400 0.309088 0.294052 0.112310 0.031837 0.066712 0.052380 0.022262 
0.003541 0.017217 0.098431 0.204050 0.215470 0.013447 0.025900 0.312731 0.088545 0.020669 
0.000658 0.007298 0.136763 0.153926 0.253252 0.022970 0.034869 0.272899 0.100169 0.017195 
0.004241 0.023777 0.151885 0.097347 0.236908 0.017903 0.037210 0.070753 0.338180 0.021796 
0.004524 0.024315 0.115962 0.089385 0.366710 0.027460 0.008671 0.035318 0.292361 0.035292 
0.001738 0.009285 0.065300 0.118727 0.426407 0.041249 0.013992 0.056074 0.245439 0.021788 
0.008147 0.027326 0.098995 0.206505 0.344138 0.099299 0.055511 0.044061 0.094378 0.021640 
0.002650 0.021536 0.137951 0.347510 0.187043 0.127383 0.087709 0.041739 0.030554 0.015924 
0.002543 0.018810 0.095242 0.252510 0.280445 0.035355 0.029809 0.115137 0.150908 0.019241 
0.002630 0.008147 0.159267 0.287236 0.091616 0.019404 0.025021 0.269857 0.114936 0.021886 
0.005842 0.033952 0.172645 0.061491 0.275037 0.091756 0.016658 0.258398 0.059877 0.024344 
0.005785 0.028620 0.111722 0.240578 0.135936 0.106131 0.105501 0.132939 0.034074 0.098716 
0.004576 0.019560 0.081158 0.270632 0.129499 0.118652 0.095499 0.051998 0.084097 0.144327 
0.002646 0.014115 0.057028 0.288348 0.147904 0.122608 0.103394 0.037373 0.095570 0.131014 
0.008551 0.040243 0.131369 0.278440 0.185883 0.115308 0.082890 0.050162 0.061484 0.045670 
0.006366 0.029922 0.105966 0.426769 0.093895 0.170023 0.085623 0.026857 0.029517 0.025061 
0.004621 0.023297 0.150872 0.409605 0.065532 0.139556 0.095021 0.020853 0.022850 0.067793 
0.005073 0.033075 0.229516 0.283892 0.111017 0.150485 0.061898 0.039901 0.043095 0.042049 
0.001033 0.015970 0.198520 0.261058 0.090242 0.122913 0.078703 0.108071 0.051246 0.072243 
0.001305 0.007350 0.082895 0.307558 0.142897 0.064890 0.128074 0.166474 0.031557 0.067000 
0.008266 0.038210 0.122800 0.253479 0.118037 0.183695 0.068339 0.096920 0.057758 0.052494 
0.000896 0.010548 0.111202 0.158764 0.173913 0.104218 0.044908 0.257229 0.095396 0.042925 
0.008501 0.043969 0.128536 0.224962 0.227561 0.100337 0.105723 0.094078 0.036543 0.029789 
0.004242 0.023486 0.167856 0.350774 0.146341 0.125293 0.050790 0.043701 0.071295 0.016221 
0.001344 0.005824 0.188776 0.395651 0.160835 0.083202 0.033729 0.022806 0.089501 0.018331 
0.010456 0.057692 0.277479 0.160494 0.230795 0.097357 0.036607 0.020830 0.087161 0.021128 
0.004731 0.037124 0.264929 0.262133 0.137696 0.087832 0.069365 0.054862 0.047826 0.033502 
0.005770 0.022444 0.092151 0.375974 0.122847 0.157417 0.100378 0.049844 0.040559 0.032617 
0.000107 0.016999 0.121057 0.107643 0.262769 0.123025 0.071658 0.145677 0.141801 0.009264 
0.012601 0.052015 0.107689 0.145531 0.394207 0.079341 0.088577 0.090482 0.018532 0.011026 
0.000622 0.003112 0.144247 0.268322 0.252468 0.113928 0.069223 0.102064 0.028032 0.017981 
0.011413 0.046689 0.143128 0.404284 0.181185 0.055533 0.047983 0.062890 0.015974 0.030921 
0.002075 0.010687 0.261096 0.213660 0.264289 0.107022 0.039739 0.027377 0.025654 0.048400 
0.003902 0.024482 0.116590 0.254198 0.234042 0.138552 0.060897 0.038413 0.069546 0.059378 
0.005309 0.024526 0.151148 0.357261 0.227844 0.075567 0.076447 0.023363 0.022529 0.036006 
0.002588 0.016512 0.135106 0.372714 0.199112 0.134786 0.043613 0.045109 0.027388 0.023071 
0.009719 0.046068 0.208163 0.394286 0.191364 0.072190 0.030309 0.013376 0.011889 0.022636 
0.004301 0.014410 0.237279 0.152845 0.249363 0.192907 0.058557 0.034692 0.018144 0.037501 
0.013659 0.061431 0.138750 0.166964 0.252377 0.145799 0.074522 0.059737 0.033809 0.052952 
0.005952 0.035661 0.098726 0.283501 0.177400 0.132395 0.159233 0.066555 0.018997 0.021580 
0.007220 0.038463 0.116074 0.260408 0.269022 0.130805 0.053236 0.060237 0.039988 0.024548 
0.003308 0.013332 0.116797 0.411130 0.261284 0.051870 0.039981 0.062035 0.018643 0.021620 
0.000498 0.006852 0.141907 0.386577 0.175844 0.054109 0.033079 0.082253 0.063327 0.055554 
0.002412 0.011760 0.144821 0.287081 0.316818 0.049533 0.034925 0.080222 0.048885 0.023542 
0.004141 0.039749 0.096143 0.147222 0.206655 0.056595 0.240855 0.070293 0.048777 0.089569 
0.000388 0.002876 0.070656 0.140853 0.081931 0.163508 0.287207 0.061153 0.142218 0.049210 
0.008127 0.046595 0.104767 0.259850 0.284484 0.129260 0.044747 0.044937 0.047426 0.029807 
0.002354 0.017492 0.043748 0.075838 0.222673 0.154937 0.215725 0.150406 0.086907 0.029921 
0.000285 0.005739 0.034643 0.104619 0.148298 0.037370 0.390578 0.097422 0.166607 0.014439 
0.006008 0.030776 0.095358 0.161092 0.333748 0.053996 0.092844 0.105332 0.058530 0.062316 
0.000847 0.007569 0.108528 0.184614 0.289026 0.042503 0.101822 0.126800 0.035855 0.102437 
0.003808 0.025620 0.116123 0.180105 0.260474 0.068208 0.119960 0.106308 0.050053 0.069342 
0.006270 0.028475 0.083129 0.163651 0.366152 0.059430 0.115783 0.049548 0.055551 0.072010 
0.005558 0.021570 0.063268 0.298399 0.155364 0.232657 0.047662 0.045892 0.086865 0.042765 
0.008809 0.037176 0.141384 0.311949 0.189396 0.091298 0.044392 0.080151 0.047256 0.048189 
0.010632 0.054011 0.091250 0.245029 0.271096 0.109162 0.091409 0.028826 0.057444 0.041142 
0.008419 0.032502 0.109327 0.168864 0.088663 0.078601 0.145600 0.168645 0.068106 0.131273 
0.003419 0.014207 0.040558 0.038454 0.061238 0.027292 0.095459 0.294871 0.286361 0.138140 
0.000044 0.006308 0.063796 0.207134 0.138064 0.051796 0.061612 0.075063 0.137725 0.258459 
0.003962 0.026484 0.079850 0.351353 0.233253 0.087011 0.067665 0.093778 0.027885 0.028758 
0.011317 0.047991 0.106240 0.227654 0.318314 0.087042 0.069523 0.057055 0.045329 0.029535 
0.010319 0.045636 0.125443 0.241487 0.307114 0.066798 0.045352 0.102020 0.033918 0.021913 
0.008976 0.052173 0.078722 0.157557 0.244527 0.123925 0.129129 0.124739 0.050042 0.030210 
0.003105 0.012983 0.078261 0.186902 0.105969 0.298173 0.104948 0.099976 0.080091 0.029593 
0.003216 0.009598 0.073753 0.201349 0.292314 0.077551 0.097539 0.092583 0.112358 0.039738 
0.004519 0.016811 0.114311 0.277578 0.181692 0.135351 0.092039 0.084924 0.060263 0.032513 
0.006077 0.020090 0.122281 0.172659 0.189535 0.126028 0.108513 0.170103 0.046217 0.038497 
0.001404 0.010624 0.059808 0.103390 0.152537 0.042641 0.084088 0.217476 0.219918 0.108114 
0.000456 0.023353 0.054755 0.236119 0.251928 0.060550 0.043727 0.102087 0.079864 0.147160 
0.011016 0.069474 0.127853 0.221550 0.227087 0.072623 0.100349 0.116801 0.026482 0.026766 
0.005576 0.045657 0.105926 0.286116 0.199380 0.085782 0.094398 0.114449 0.023684 0.039032 
0.003674 0.013066 0.119111 0.228491 0.325595 0.051413 0.094339 0.112353 0.022632 0.029327 
0.004074 0.031614 0.039116 0.173300 0.377046 0.145678 0.073443 0.073456 0.037017 0.045255 
0.000901 0.029226 0.056301 0.225130 0.286190 0.151619 0.103363 0.061926 0.034401 0.050942 
0.002645 0.026563 0.086693 0.204688 0.306787 0.185070 0.085189 0.052305 0.024890 0.025169 
0.004386 0.020269 0.090922 0.258331 0.331085 0.027957 0.111929 0.109364 0.013491 0.032265 
0.005569 0.031794 0.068251 0.316450 0.237490 0.111858 0.064806 0.108641 0.031795 0.023346 
0.005226 0.033420 0.105693 0.282498 0.164903 0.085175 0.128562 0.092551 0.063788 0.038185 
0.001147 0.022205 0.106702 0.338630 0.143619 0.079088 0.121649 0.142380 0.026403 0.018179 
0.020681 0.108061 0.339499 0.190797 0.105435 0.075232 0.077081 0.042476 0.019426 0.021312 
0.004569 0.407412 0.228714 0.077567 0.101440 0.035769 0.049183 0.048276 0.026928 0.020142 
0.074045 0.581136 0.124442 0.104938 0.041336 0.022613 0.016452 0.015050 0.012420 0.007569 
0.060929 0.572017 0.144977 0.061476 0.055154 0.027387 0.022842 0.019608 0.021981 0.013628 
0.032299 0.644344 0.107753 0.061362 0.051377 0.025163 0.013068 0.028617 0.021801 0.014215 
0.033364 0.494533 0.084408 0.067325 0.120791 0.061056 0.034686 0.041563 0.034220 0.028054 
0.056060 0.583253 0.116708 0.060675 0.059575 0.026693 0.036300 0.028689 0.015901 0.016146 
0.058629 0.619795 0.086354 0.052408 0.081406 0.016770 0.031595 0.016615 0.023392 0.013038 
0.029497 0.323776 0.103956 0.132127 0.152571 0.098318 0.049385 0.068367 0.022842 0.019160 
0.021937 0.237565 0.070413 0.178602 0.081092 0.056911 0.145702 0.161235 0.034396 0.012148 
0.008694 0.199139 0.136805 0.116789 0.048571 0.020659 0.078003 0.189706 0.159062 0.042571 
0.022721 0.335515 0.089339 0.039157 0.058925 0.036855 0.045409 0.087711 0.192498 0.091871 
0.049931 0.433138 0.059955 0.038761 0.072481 0.024345 0.020199 0.040663 0.202712 0.057814 
0.026105 0.395262 0.076184 0.051402 0.081532 0.041100 0.029832 0.042549 0.194664 0.061371 
0.041202 0.375453 0.072070 0.067560 0.052123 0.092111 0.010723 0.022494 0.051997 0.214267 
0.017029 0.264074 0.061646 0.039958 0.118666 0.180383 0.063551 0.039621 0.049903 0.165168 
0.029563 0.219901 0.094185 0.128993 0.160359 0.130154 0.036184 0.062559 0.043558 0.094545 
0.007610 0.277144 0.176565 0.161369 0.057294 0.090884 0.028549 0.015607 0.037605 0.147372 
0.044392 0.335103 0.106643 0.100621 0.080834 0.094235 0.019744 0.019539 0.036379 0.162509 
0.003512 0.386114 0.087607 0.053248 0.063850 0.148120 0.036090 0.012631 0.036574 0.172254 
0.012087 0.130582 0.289567 0.171657 0.123653 0.076545 0.050086 0.039770 0.039192 0.066862 
0.038867 0.553646 0.154710 0.022476 0.026282 0.074175 0.020138 0.012830 0.026725 0.070150 
0.016331 0.490857 0.128606 0.060742 0.044637 0.069712 0.045720 0.037454 0.038022 0.067920 
0.055465 0.453752 0.084308 0.057069 0.105252 0.075400 0.031850 0.042769 0.019485 0.074652 
0.023838 0.359441 0.077376 0.181279 0.078075 0.089247 0.043054 0.043611 0.021238 0.082842 
0.034711 0.377870 0.152790 0.181421 0.064127 0.053764 0.030977 0.022923 0.029695 0.051721 
0.013053 0.366847 0.081952 0.117711 0.229465 0.040114 0.023464 0.027379 0.076132 0.023884 
0.043333 0.439852 0.106003 0.047725 0.202247 0.045708 0.031524 0.019148 0.039932 0.024529 
0.034445 0.447069 0.108213 0.070241 0.214005 0.037450 0.013742 0.015604 0.025765 0.033467 
0.047229 0.387711 0.053673 0.047625 0.294667 0.039521 0.030193 0.028561 0.033287 0.037531 
0.021160 0.344369 0.134348 0.076117 0.199815 0.080195 0.072748 0.025348 0.022894 0.023006 
0.014064 0.233680 0.077843 0.167809 0.204504 0.095199 0.064718 0.068508 0.044843 0.028832 
0.024865 0.252389 0.156402 0.148592 0.194493 0.067854 0.013667 0.012149 0.099887 0.029702 
0.010729 0.289725 0.100758 0.117572 0.216665 0.034950 0.017121 0.022054 0.146993 0.043433 
0.043452 0.379052 0.067683 0.070228 0.194289 0.022099 0.009038 0.022391 0.159903 0.031865 
0.013813 0.324677 0.096719 0.121327 0.222803 0.052464 0.055920 0.056164 0.037351 0.018763 
0.026715 0.217399 0.099726 0.151913 0.255900 0.067599 0.039877 0.090021 0.038434 0.012418 
0.022225 0.279038 0.128230 0.199399 0.135221 0.031792 0.023161 0.144479 0.023662 0.012795 
0.025590 0.395606 0.104990 0.054229 0.184118 0.014097 0.019330 0.160664 0.021315 0.020063 
0.048815 0.394090 0.059234 0.062882 0.169260 0.022924 0.022117 0.174374 0.032174 0.014130 
0.014529 0.257286 0.100361 0.088598 0.167661 0.144070 0.089105 0.056441 0.050451 0.031498 
0.003446 0.367077 0.170360 0.150068 0.088481 0.045248 0.059850 0.056554 0.034538 0.024379 
0.002661 0.387201 0.105963 0.175947 0.089102 0.049223 0.044068 0.114207 0.018985 0.012644 
0.041718 0.438627 0.097345 0.147957 0.065864 0.013344 0.020439 0.104053 0.054934 0.015719 
0.035648 0.344579 0.102963 0.091307 0.066453 0.025472 0.032584 0.055970 0.217378 0.027644 
0.009859 0.259319 0.124980 0.097137 0.103054 0.039602 0.044841 0.067061 0.212720 0.041428 
0.039538 0.325338 0.042836 0.054761 0.099599 0.020720 0.020119 0.064368 0.290948 0.041773 
0.020195 0.377780 0.091861 0.066501 0.133235 0.032582 0.022627 0.026386 0.213836 0.014997 
0.017610 0.254272 0.066667 0.088806 0.168090 0.068955 0.055358 0.080799 0.153974 0.045470 
0.027691 0.250887 0.057518 0.257416 0.108761 0.059076 0.048168 0.029874 0.145499 0.015110 
0.002972 0.232964 0.131897 0.250332 0.149831 0.025834 0.023970 0.026424 0.139586 0.016190 
0.035803 0.359681 0.115791 0.118224 0.184888 0.016972 0.013699 0.023143 0.121969 0.009831 
0.040311 0.363681 0.063251 0.064875 0.225234 0.022162 0.019253 0.027424 0.157087 0.016721 
0.003721 0.365682 0.116291 0.099323 0.149238 0.027812 0.037510 0.048135 0.145450 0.006838 
0.037078 0.400953 0.042306 0.065693 0.189345 0.012264 0.019157 0.018741 0.202625 0.011838 
0.001632 0.345432 0.126522 0.095295 0.179068 0.013841 0.033967 0.046042 0.142219 0.015982 
0.032929 0.295628 0.076331 0.199142 0.112645 0.068714 0.066363 0.064828 0.048581 0.034838 
0.034539 0.297852 0.118932 0.359259 0.062709 0.040270 0.024821 0.019609 0.033737 0.008273 
0.006596 0.293825 0.166160 0.223239 0.168708 0.060491 0.010932 0.010152 0.043342 0.016555 
0.034468 0.318876 0.108019 0.090280 0.085396 0.170949 0.039152 0.025263 0.034277 0.093320 
0.023647 0.162331 0.327692 0.151599 0.104265 0.090470 0.033478 0.022726 0.023576 0.060216 
0.021778 0.421070 0.189554 0.072448 0.069849 0.064322 0.026129 0.023316 0.029212 0.082322 
0.050026 0.482135 0.081649 0.056238 0.104474 0.031088 0.014492 0.013964 0.133201 0.032731 
0.059305 0.480224 0.082379 0.076608 0.111068 0.040660 0.027172 0.029719 0.075255 0.017610 
0.012015 0.261512 0.132031 0.348220 0.069555 0.061094 0.041288 0.023178 0.038711 0.012394 
0.053179 0.332239 0.126768 0.291203 0.086394 0.030879 0.021634 0.021713 0.020363 0.015628 
0.035855 0.314291 0.118033 0.182572 0.202257 0.034690 0.016319 0.048198 0.036233 0.011552 
0.002210 0.378020 0.132430 0.121732 0.212738 0.030115 0.026078 0.066434 0.017705 0.012538 
0.052415 0.470416 0.088658 0.083234 0.171500 0.039787 0.029371 0.025926 0.022548 0.016145 
0.057418 0.522206 0.084351 0.113097 0.089298 0.030870 0.030839 0.024903 0.022410 0.024607 
0.001210 0.465699 0.135955 0.093354 0.085155 0.064058 0.053767 0.029810 0.047188 0.023803 
0.022634 0.283315 0.070877 0.180596 0.079945 0.106726 0.095897 0.076865 0.024879 0.058267 
0.020578 0.221244 0.118546 0.341924 0.048261 0.043196 0.105220 0.029118 0.026124 0.045789 
