Bang Bang, Ariana Grande
0.000000 0.000000 0.000000 0.000000 0.000000 0.000000 0.000000 0.000000 0.000000 0.000000 
0.000000 0.000000 0.000000 0.000000 0.000000 0.000000 0.000000 0.000000 0.000000 0.000000 
0.145949 0.205016 0.076484 0.054444 0.066436 0.091333 0.096214 0.100541 0.045384 0.118199 
0.275487 0.316965 0.150533 0.078219 0.032824 0.034360 0.041349 0.026711 0.025425 0.018128 
0.271517 0.198238 0.227280 0.062080 0.051565 0.042977 0.031807 0.038257 0.042429 0.033850 
0.020582 0.224743 0.219514 0.131922 0.100615 0.058196 0.062894 0.053303 0.066593 0.061638 
0.042797 0.379034 0.371374 0.091413 0.044303 0.019710 0.019636 0.011496 0.012120 0.008117 
0.010975 0.176058 0.271205 0.146072 0.095535 0.060875 0.071253 0.064999 0.057236 0.045791 
0.004846 0.059571 0.168406 0.220909 0.192510 0.110474 0.064881 0.049971 0.077017 0.051414 
0.014012 0.276957 0.354564 0.113183 0.068868 0.040225 0.040678 0.031262 0.036722 0.023530 
0.004460 0.141615 0.270338 0.147916 0.109021 0.075109 0.074273 0.069641 0.062084 0.045542 
0.016305 0.180747 0.148838 0.075977 0.064605 0.075997 0.098788 0.101929 0.126748 0.110067 
0.005234 0.098566 0.163809 0.102462 0.084136 0.078774 0.099361 0.131297 0.131714 0.104647 
0.064644 0.331466 0.188586 0.053295 0.063247 0.044035 0.049465 0.067972 0.065748 0.071541 
0.020207 0.174293 0.224964 0.077922 0.081605 0.053072 0.098997 0.084875 0.092994 0.091073 
0.024268 0.176413 0.213103 0.069624 0.101500 0.059725 0.104459 0.081165 0.112700 0.057044 
0.026602 0.189145 0.173321 0.103334 0.051852 0.093378 0.151928 0.131849 0.053165 0.025425 
0.018276 0.313768 0.247418 0.096545 0.080588 0.037160 0.044611 0.061484 0.067843 0.032308 
0.000705 0.267151 0.279967 0.094537 0.057881 0.045788 0.064949 0.084577 0.055382 0.049063 
0.007614 0.104889 0.144174 0.117509 0.110787 0.085568 0.109730 0.113403 0.124322 0.082004 
0.022275 0.269095 0.327657 0.069393 0.057283 0.043169 0.055348 0.047767 0.046534 0.061479 
0.001686 0.029806 0.099881 0.135977 0.199257 0.192571 0.153706 0.037989 0.080587 0.068542 
0.006212 0.023142 0.104831 0.385528 0.147226 0.092471 0.081104 0.058283 0.064621 0.036583 
0.007349 0.020304 0.120111 0.302165 0.171826 0.199657 0.056744 0.039502 0.044507 0.037836 
0.002210 0.014262 0.034071 0.259654 0.257418 0.247745 0.034184 0.038828 0.076981 0.034646 
0.001189 0.010921 0.061639 0.218970 0.195946 0.226330 0.084508 0.067569 0.093637 0.039291 
0.002696 0.046261 0.318842 0.136087 0.167694 0.109450 0.082859 0.064679 0.040881 0.030551 
0.011242 0.102683 0.251921 0.128352 0.232036 0.151993 0.031117 0.032435 0.030559 0.027662 
0.003404 0.047419 0.260367 0.069094 0.237664 0.230550 0.026825 0.048211 0.050692 0.025773 
0.003577 0.025460 0.174889 0.135397 0.244992 0.208162 0.073645 0.069671 0.039135 0.025071 
0.001516 0.006163 0.093791 0.243720 0.216028 0.149244 0.069490 0.097318 0.081807 0.040923 
0.000570 0.017919 0.138301 0.302741 0.153784 0.122024 0.103050 0.062099 0.058588 0.040923 
0.001816 0.016227 0.088313 0.216448 0.230798 0.153177 0.105799 0.038815 0.093816 0.054790 
0.003644 0.011349 0.066159 0.303989 0.206178 0.170749 0.050023 0.061002 0.091293 0.035615 
0.013358 0.062870 0.155074 0.273940 0.141389 0.119035 0.069040 0.052532 0.071216 0.041546 
0.010745 0.105111 0.487188 0.113561 0.095998 0.066731 0.056530 0.026149 0.023373 0.014614 
0.000654 0.048865 0.277422 0.122786 0.223237 0.168777 0.036763 0.027400 0.048110 0.045985 
0.009277 0.060000 0.301486 0.086366 0.181687 0.213052 0.040006 0.023411 0.055714 0.029001 
0.002915 0.033530 0.137101 0.183270 0.209840 0.215457 0.067174 0.052457 0.068022 0.030233 
0.015423 0.205916 0.378818 0.097981 0.093070 0.054894 0.039612 0.025641 0.051131 0.037514 
0.010806 0.216668 0.238056 0.088209 0.137282 0.064085 0.074525 0.045770 0.082741 0.041859 
0.015132 0.193667 0.203394 0.044567 0.179393 0.078216 0.091139 0.046537 0.107566 0.040390 
0.003446 0.103639 0.141985 0.067132 0.278468 0.065776 0.122576 0.058939 0.114608 0.043431 
0.003211 0.078554 0.103692 0.067869 0.268126 0.066731 0.217856 0.047169 0.114537 0.032255 
0.000737 0.066462 0.151282 0.081292 0.076769 0.147308 0.363295 0.045908 0.047624 0.019324 
0.006189 0.108946 0.134518 0.098631 0.118261 0.126759 0.248283 0.080047 0.051582 0.026784 
0.008845 0.130664 0.172798 0.098915 0.121002 0.141832 0.215708 0.031206 0.041618 0.037412 
0.008231 0.041337 0.105120 0.108819 0.114345 0.161743 0.167415 0.092682 0.118090 0.082218 
0.003617 0.013925 0.021655 0.028590 0.027714 0.058849 0.457345 0.210658 0.134001 0.043645 
0.003550 0.047571 0.050826 0.046958 0.059973 0.063506 0.368153 0.132709 0.144777 0.081976 
0.020703 0.051904 0.044723 0.047433 0.041559 0.056465 0.422339 0.085316 0.127543 0.102015 
0.013815 0.038998 0.050261 0.057045 0.037384 0.046779 0.350080 0.132491 0.132715 0.140431 
0.006354 0.019538 0.029473 0.032860 0.039440 0.053926 0.249188 0.431625 0.112395 0.025200 
0.011445 0.034015 0.038805 0.038133 0.053555 0.059522 0.321682 0.374634 0.044066 0.024143 
0.003283 0.031096 0.029485 0.026902 0.032140 0.070316 0.652706 0.094744 0.036035 0.023292 
0.002436 0.080700 0.094840 0.042867 0.096653 0.154039 0.292248 0.120922 0.057344 0.057951 
0.002966 0.012171 0.036090 0.043381 0.080770 0.142412 0.247506 0.211560 0.127504 0.095640 
0.002832 0.035185 0.028114 0.060307 0.044362 0.061590 0.316703 0.146965 0.117824 0.186119 
0.005001 0.039745 0.057155 0.041671 0.059722 0.082635 0.245812 0.182844 0.206842 0.078574 
0.006752 0.031743 0.013673 0.032518 0.045760 0.054297 0.320464 0.188229 0.122908 0.183657 
0.000439 0.012411 0.021462 0.022498 0.047607 0.098057 0.418246 0.208347 0.085707 0.085224 
0.001040 0.011520 0.018775 0.027633 0.074412 0.589083 0.185199 0.045683 0.015305 0.031350 
0.006660 0.025412 0.037211 0.053152 0.115570 0.518507 0.111411 0.056636 0.031478 0.043963 
0.008522 0.035992 0.050745 0.063540 0.131476 0.483630 0.118817 0.047861 0.034927 0.024489 
0.008102 0.031746 0.045931 0.055008 0.113775 0.488111 0.105231 0.044348 0.050326 0.057423 
0.003345 0.028543 0.041944 0.052235 0.083770 0.332328 0.057211 0.094260 0.160353 0.146012 
0.002828 0.034159 0.033704 0.033276 0.050390 0.195669 0.107264 0.100095 0.125335 0.317278 
0.004146 0.009375 0.012450 0.020461 0.435738 0.112418 0.053845 0.044974 0.098993 0.207599 
0.003781 0.037759 0.024429 0.017309 0.103014 0.284845 0.096388 0.108348 0.147256 0.176871 
0.008031 0.041492 0.051350 0.053826 0.198225 0.271613 0.217915 0.054636 0.037043 0.065869 
0.007189 0.027701 0.039378 0.053537 0.107320 0.522116 0.136018 0.043162 0.033682 0.029897 
0.003154 0.013265 0.022506 0.039512 0.104788 0.571874 0.121767 0.054842 0.038796 0.029494 
0.004118 0.013368 0.023837 0.041597 0.110361 0.539521 0.139157 0.062231 0.039319 0.026493 
0.001513 0.014467 0.022152 0.043426 0.111121 0.521532 0.096466 0.047046 0.069523 0.072753 
0.007107 0.028981 0.029693 0.036761 0.089052 0.351823 0.094394 0.044853 0.085077 0.232258 
0.011092 0.046096 0.061787 0.067264 0.088210 0.185831 0.060873 0.071464 0.138961 0.268422 
0.006874 0.027086 0.036767 0.042078 0.070989 0.229113 0.011575 0.026853 0.078499 0.470168 
0.007881 0.036693 0.048279 0.053999 0.064156 0.337096 0.047661 0.034291 0.086303 0.283641 
0.001726 0.006787 0.005677 0.009434 0.023824 0.230441 0.045620 0.036088 0.088875 0.551529 
0.000534 0.001542 0.001786 0.003853 0.010575 0.056390 0.019059 0.014622 0.033477 0.858163 
0.002277 0.004753 0.005070 0.007387 0.012474 0.184232 0.096694 0.104168 0.221129 0.361818 
0.003495 0.012682 0.019232 0.033934 0.119985 0.286789 0.039434 0.027887 0.014274 0.442286 
0.003468 0.014327 0.013813 0.032677 0.107171 0.236561 0.067641 0.075471 0.135332 0.313538 
0.004032 0.031858 0.025940 0.028418 0.077955 0.259861 0.124321 0.081305 0.162403 0.203906 
0.004025 0.018497 0.020214 0.103101 0.566630 0.049540 0.029328 0.067681 0.065225 0.075759 
0.008480 0.030208 0.061809 0.442402 0.228758 0.053992 0.047054 0.030814 0.037337 0.059146 
0.005789 0.036244 0.066309 0.067834 0.125728 0.260435 0.103417 0.077164 0.123833 0.133247 
0.003013 0.100566 0.065487 0.067438 0.065305 0.130845 0.058713 0.077478 0.061690 0.369466 
0.008555 0.069106 0.034704 0.028774 0.023775 0.103448 0.068066 0.093667 0.139706 0.430200 
0.000721 0.032752 0.045975 0.042734 0.038676 0.208931 0.065128 0.065469 0.087883 0.411731 
0.010052 0.014555 0.028366 0.055287 0.127052 0.239209 0.075645 0.115718 0.107085 0.227031 
0.001371 0.150470 0.112732 0.110848 0.053624 0.094472 0.165381 0.099318 0.103651 0.108133 
0.008405 0.164082 0.048607 0.084532 0.051995 0.095901 0.122837 0.164925 0.114428 0.144289 
0.016795 0.075291 0.066709 0.089971 0.100879 0.088725 0.104920 0.120496 0.157546 0.178668 
0.002231 0.057153 0.163554 0.185232 0.234009 0.042277 0.058216 0.075729 0.097124 0.084475 
0.004562 0.038127 0.260085 0.103342 0.092394 0.239395 0.046626 0.033436 0.039495 0.142538 
0.014117 0.073153 0.324482 0.059182 0.056235 0.291472 0.053371 0.044602 0.042923 0.040461 
0.011511 0.048822 0.244352 0.062415 0.042849 0.276870 0.074848 0.047052 0.052746 0.138534 
0.009599 0.047186 0.200552 0.070165 0.107497 0.332461 0.081598 0.026679 0.044617 0.079646 
0.000659 0.046612 0.268875 0.139274 0.093405 0.127837 0.073962 0.053840 0.085379 0.110156 
0.003417 0.059178 0.324300 0.069678 0.034466 0.080469 0.043424 0.081510 0.154058 0.149500 
0.001816 0.030597 0.267349 0.102998 0.074166 0.108328 0.071597 0.077518 0.139708 0.125924 
0.005468 0.035034 0.277258 0.088840 0.058389 0.130481 0.036272 0.053986 0.092473 0.221798 
0.022043 0.097976 0.323663 0.183820 0.129925 0.080356 0.037683 0.044650 0.046649 0.033235 
0.008392 0.053907 0.303550 0.123537 0.096064 0.275353 0.043577 0.037007 0.031666 0.026947 
0.010376 0.043933 0.271620 0.054474 0.024550 0.459650 0.047389 0.019217 0.039212 0.029578 
0.009337 0.046647 0.148055 0.026575 0.053225 0.444847 0.101086 0.044805 0.056917 0.068506 
0.008742 0.034210 0.119189 0.047633 0.187623 0.439322 0.070085 0.025061 0.021324 0.046810 
0.003545 0.177952 0.347274 0.060714 0.140534 0.127613 0.049556 0.022353 0.047573 0.022886 
0.019368 0.216674 0.196349 0.042484 0.126038 0.129680 0.095761 0.047758 0.079921 0.045967 
0.010804 0.138502 0.190963 0.043491 0.158997 0.179925 0.075427 0.041682 0.090532 0.069676 
0.003328 0.086001 0.099894 0.056623 0.266042 0.133969 0.096399 0.070047 0.105238 0.082459 
0.000091 0.073208 0.109579 0.065929 0.205804 0.141023 0.186276 0.054299 0.095169 0.068621 
0.001527 0.055864 0.120718 0.065742 0.097373 0.294533 0.194165 0.026429 0.042336 0.101314 
0.002950 0.100410 0.130460 0.100220 0.205832 0.160610 0.169870 0.016795 0.044989 0.067863 
0.002344 0.125121 0.215248 0.129779 0.085534 0.107782 0.172972 0.057764 0.040527 0.062928 
0.001075 0.059631 0.112825 0.157471 0.103725 0.106877 0.133513 0.082143 0.100138 0.142602 
0.009523 0.040733 0.038255 0.043782 0.048802 0.331799 0.098266 0.114830 0.183345 0.090664 
0.007362 0.027929 0.039771 0.043288 0.086629 0.415950 0.121999 0.092752 0.093987 0.070333 
0.002370 0.022796 0.028624 0.043662 0.101803 0.428803 0.123365 0.072096 0.080353 0.096128 
0.004702 0.020824 0.023979 0.044544 0.170666 0.542799 0.064788 0.033991 0.030612 0.063095 
0.008718 0.035031 0.047872 0.064485 0.153781 0.492135 0.094658 0.034690 0.021409 0.047220 
0.004784 0.018391 0.025311 0.033255 0.075708 0.623398 0.108956 0.039192 0.033189 0.037817 
0.003338 0.012217 0.020302 0.038810 0.096902 0.528409 0.120783 0.057338 0.049920 0.071982 
0.007996 0.027414 0.042338 0.048809 0.126280 0.396059 0.092254 0.045491 0.054972 0.158386 
0.004159 0.011084 0.020938 0.025322 0.056298 0.311018 0.225559 0.062432 0.115019 0.168171 
0.001231 0.032166 0.028226 0.048469 0.048696 0.257633 0.129479 0.100579 0.132648 0.220872 
0.004675 0.026327 0.033100 0.040904 0.042335 0.200631 0.119719 0.118073 0.163847 0.250389 
0.008432 0.036894 0.040710 0.047949 0.049032 0.314516 0.125705 0.106457 0.147850 0.122456 
0.000354 0.007440 0.012257 0.007387 0.072141 0.231636 0.046220 0.036732 0.081313 0.504519 
0.005420 0.032173 0.038896 0.046901 0.051743 0.141701 0.529995 0.029783 0.029150 0.094238 
0.009105 0.040480 0.045134 0.058018 0.094368 0.337057 0.351751 0.017826 0.017715 0.028545 
0.013596 0.061370 0.080296 0.077621 0.131229 0.344909 0.166228 0.026712 0.023816 0.074224 
0.016312 0.087459 0.074164 0.103099 0.109834 0.087621 0.106473 0.135529 0.143680 0.135830 
0.003524 0.035805 0.037291 0.063336 0.071133 0.056089 0.108625 0.172842 0.238545 0.212810 
0.001872 0.012979 0.025878 0.038177 0.111859 0.227677 0.060854 0.076694 0.149436 0.294575 
0.008228 0.023755 0.027643 0.034771 0.076350 0.368622 0.121234 0.041810 0.091176 0.206410 
0.001962 0.010066 0.008296 0.011804 0.054931 0.433960 0.140635 0.088206 0.102193 0.147947 
0.001755 0.014953 0.017297 0.028117 0.046556 0.391947 0.228616 0.084490 0.082315 0.103955 
0.004388 0.017851 0.022124 0.029498 0.052206 0.153941 0.453963 0.108625 0.084479 0.072925 
0.003387 0.005761 0.004591 0.007200 0.026823 0.121401 0.519983 0.112827 0.099065 0.098964 
0.005645 0.010166 0.013238 0.018919 0.038813 0.059121 0.750031 0.035551 0.029379 0.039137 
0.002821 0.038802 0.044296 0.043873 0.073339 0.040394 0.363333 0.077873 0.148293 0.166976 
0.003726 0.044655 0.035669 0.050144 0.070767 0.068766 0.287026 0.085507 0.248819 0.104922 
0.001210 0.032084 0.016113 0.025354 0.045036 0.098420 0.339984 0.112374 0.159729 0.169695 
0.006144 0.009925 0.023890 0.038218 0.068956 0.146017 0.446921 0.042203 0.092177 0.125551 
0.000792 0.009708 0.010085 0.012192 0.025359 0.101929 0.481190 0.116442 0.121379 0.120924 
0.006532 0.024597 0.032923 0.033380 0.044333 0.105145 0.448324 0.105136 0.100011 0.099619 
0.002714 0.017377 0.026810 0.043071 0.075969 0.175141 0.540623 0.052966 0.015901 0.049428 
0.000516 0.004548 0.008524 0.016486 0.039373 0.117757 0.501785 0.102684 0.096840 0.111487 
0.001784 0.005863 0.009928 0.022898 0.046288 0.103778 0.612525 0.081105 0.058274 0.057557 
0.000299 0.017285 0.017766 0.040210 0.043637 0.050988 0.378783 0.129118 0.216186 0.105727 
0.000167 0.040198 0.037647 0.041670 0.044208 0.299642 0.122336 0.109022 0.144738 0.160372 
0.005738 0.035799 0.036109 0.049370 0.086956 0.182224 0.452229 0.051115 0.053497 0.046963 
0.004878 0.014228 0.020725 0.025599 0.041469 0.255396 0.538793 0.024638 0.026578 0.047696 
0.005209 0.015121 0.023014 0.034032 0.063848 0.383298 0.295983 0.069608 0.051858 0.058030 
0.002711 0.011014 0.016591 0.018709 0.028454 0.053866 0.716275 0.015515 0.048843 0.088022 
0.003991 0.010996 0.016662 0.027525 0.042051 0.140925 0.505877 0.114164 0.080041 0.057767 
0.004381 0.005417 0.013060 0.020944 0.018493 0.046528 0.644407 0.044131 0.069327 0.133311 
0.014369 0.054340 0.086045 0.107715 0.063258 0.134188 0.331586 0.075900 0.068568 0.064031 
0.004052 0.013471 0.065223 0.348405 0.147972 0.152879 0.087534 0.059405 0.058592 0.062468 
0.006882 0.037637 0.078463 0.282107 0.194267 0.170161 0.064557 0.074979 0.050218 0.040729 
0.014410 0.063606 0.096989 0.223496 0.126762 0.236812 0.075981 0.039816 0.072881 0.049246 
0.008690 0.036315 0.072354 0.232707 0.212338 0.244122 0.048574 0.033895 0.084224 0.026782 
0.001851 0.051535 0.338156 0.135067 0.163632 0.097733 0.086890 0.064351 0.026834 0.033951 
0.000864 0.050042 0.197049 0.104223 0.180599 0.267644 0.057654 0.059379 0.053667 0.028878 
0.004401 0.043238 0.243255 0.082695 0.140598 0.352558 0.024012 0.034433 0.041438 0.033373 
0.000579 0.018655 0.133999 0.185222 0.204017 0.232705 0.070895 0.053926 0.066340 0.033662 
0.007779 0.032018 0.151407 0.253882 0.184572 0.091183 0.086344 0.075945 0.054268 0.062602 
0.006464 0.036218 0.126558 0.281469 0.105624 0.121457 0.102782 0.062304 0.069111 0.088012 
0.003363 0.025755 0.063032 0.204765 0.126322 0.238451 0.085955 0.073765 0.086563 0.092029 
0.004356 0.021443 0.081442 0.224891 0.217046 0.190543 0.067339 0.032263 0.104005 0.056673 
0.011896 0.063590 0.330123 0.190488 0.102435 0.096942 0.055462 0.045501 0.053212 0.050349 
0.028445 0.130564 0.347133 0.083452 0.117949 0.132090 0.053467 0.038325 0.041633 0.026942 
0.005952 0.039784 0.175429 0.115338 0.138003 0.297559 0.091471 0.047289 0.042047 0.047129 
0.002952 0.016646 0.227328 0.098079 0.167775 0.301436 0.052569 0.041692 0.062573 0.028951 
0.016755 0.067708 0.147140 0.183808 0.180523 0.191390 0.044429 0.042021 0.072310 0.053915 
0.003730 0.201837 0.376023 0.082142 0.117302 0.067317 0.031214 0.032894 0.056965 0.030576 
0.010250 0.220696 0.244886 0.030386 0.140314 0.047494 0.138963 0.048868 0.081863 0.036279 
0.002215 0.109906 0.209723 0.083445 0.207680 0.113829 0.077985 0.055307 0.105178 0.034733 
0.004027 0.100368 0.134812 0.069776 0.292722 0.047681 0.130204 0.071823 0.122369 0.026218 
0.003735 0.079432 0.102531 0.056122 0.219530 0.139637 0.219752 0.060866 0.090202 0.028194 
0.003889 0.049615 0.106014 0.070352 0.083240 0.069264 0.479363 0.083849 0.029746 0.024666 
0.009027 0.094812 0.123094 0.033125 0.068322 0.094614 0.279648 0.191610 0.057411 0.048337 
0.000026 0.113701 0.186009 0.105238 0.087423 0.088973 0.232573 0.085409 0.058611 0.042036 
0.006470 0.041303 0.051539 0.058673 0.173012 0.088133 0.327470 0.128514 0.056300 0.068586 
0.001278 0.025918 0.027987 0.044874 0.048970 0.056070 0.339162 0.310599 0.097195 0.047949 
0.002766 0.045568 0.065858 0.052649 0.080339 0.072096 0.249299 0.145532 0.142912 0.142980 
0.012205 0.055287 0.084055 0.079962 0.089276 0.083293 0.216012 0.120974 0.122057 0.136879 
0.004231 0.019385 0.027191 0.038122 0.052157 0.062711 0.328822 0.390091 0.048828 0.028462 
0.001311 0.008840 0.008920 0.008326 0.014471 0.023036 0.108118 0.671207 0.120992 0.034778 
0.001215 0.013484 0.008380 0.008013 0.014814 0.027873 0.189857 0.643414 0.054702 0.038247 
0.002359 0.024742 0.029453 0.032526 0.030227 0.152873 0.489542 0.163544 0.043212 0.031520 
0.008256 0.049465 0.070775 0.062195 0.086444 0.060566 0.243983 0.211021 0.123602 0.083693 
0.000101 0.037186 0.104704 0.074987 0.117051 0.150485 0.136737 0.101671 0.097684 0.179394 
0.003000 0.019115 0.025509 0.026969 0.040662 0.037077 0.622221 0.091733 0.088843 0.044871 
0.005781 0.028157 0.039652 0.048313 0.055644 0.083277 0.551232 0.144554 0.028296 0.015093 
0.005154 0.022547 0.030065 0.032619 0.043994 0.050134 0.239177 0.505141 0.044210 0.026961 
0.001921 0.013189 0.024760 0.021430 0.051609 0.082467 0.381197 0.315630 0.060040 0.047758 
0.000170 0.007513 0.012648 0.019978 0.047688 0.657370 0.172097 0.037713 0.017845 0.026980 
0.003425 0.013377 0.023954 0.041300 0.104734 0.558984 0.140155 0.061897 0.027688 0.024486 
0.003747 0.017312 0.026955 0.042434 0.102316 0.482285 0.168246 0.070454 0.044509 0.041744 
0.001638 0.018393 0.019088 0.035975 0.070746 0.502933 0.123260 0.080350 0.083577 0.064039 
0.005299 0.024966 0.050923 0.043148 0.072078 0.304004 0.056832 0.116205 0.168440 0.158104 
0.001151 0.016883 0.016756 0.024986 0.045972 0.194838 0.140202 0.102643 0.131013 0.325556 
0.000719 0.013785 0.024115 0.032434 0.280393 0.131782 0.178899 0.134932 0.109910 0.093031 
0.003244 0.013877 0.018928 0.013146 0.053121 0.172629 0.095917 0.475954 0.087479 0.065705 
0.010277 0.034114 0.045477 0.076117 0.446613 0.188717 0.070828 0.039937 0.049819 0.038101 
0.011767 0.041431 0.058421 0.083803 0.479206 0.159468 0.073477 0.033125 0.030305 0.028996 
0.002756 0.019167 0.021434 0.040938 0.116316 0.376258 0.172198 0.069576 0.048710 0.132647 
0.006260 0.022924 0.018491 0.027016 0.116161 0.441033 0.177798 0.112126 0.038088 0.040102 
0.002168 0.031040 0.069147 0.101778 0.187262 0.097547 0.109816 0.120287 0.130298 0.150658 
0.001437 0.026561 0.024080 0.039851 0.181882 0.195285 0.108306 0.070835 0.128766 0.222996 
0.006127 0.029914 0.050412 0.057204 0.085754 0.258531 0.082967 0.091957 0.107827 0.229307 
0.004495 0.015028 0.020480 0.021541 0.020186 0.121901 0.057534 0.077805 0.122240 0.538789 
0.009673 0.044703 0.055429 0.059822 0.067501 0.203805 0.072270 0.069995 0.156136 0.260665 
0.004712 0.021530 0.027872 0.030377 0.046497 0.134448 0.031127 0.054073 0.108316 0.541048 
0.003030 0.012039 0.015776 0.019796 0.040826 0.161217 0.058996 0.060030 0.115829 0.512461 
0.001055 0.008402 0.007711 0.006925 0.021607 0.379860 0.125026 0.067765 0.062149 0.319499 
0.004565 0.021115 0.018033 0.040969 0.118893 0.322126 0.078040 0.063702 0.091251 0.241305 
0.007167 0.022184 0.021774 0.044754 0.059012 0.293912 0.077473 0.112885 0.214714 0.146124 
0.014826 0.036468 0.034596 0.039675 0.045809 0.316877 0.071408 0.114888 0.136405 0.189047 
0.006918 0.047114 0.067168 0.072795 0.129373 0.405242 0.070794 0.042196 0.072352 0.086048 
0.014367 0.056657 0.074134 0.088560 0.146856 0.403240 0.059151 0.019760 0.045429 0.091847 
0.003346 0.102431 0.127627 0.088929 0.055843 0.230990 0.136887 0.050475 0.094520 0.108952 
0.002137 0.139236 0.086883 0.100432 0.080311 0.205050 0.051373 0.035190 0.088798 0.210591 
0.000207 0.068045 0.041775 0.043981 0.051873 0.256348 0.062491 0.063766 0.132457 0.279057 
0.000157 0.018436 0.019104 0.014236 0.050843 0.250119 0.051251 0.037463 0.091449 0.466942 
0.003759 0.020415 0.041254 0.056495 0.046036 0.156366 0.252504 0.104745 0.144653 0.173773 
0.001282 0.197758 0.158272 0.154540 0.059749 0.060648 0.072171 0.111290 0.106282 0.078008 
0.012068 0.175171 0.047048 0.100474 0.050626 0.114853 0.140302 0.135006 0.100785 0.123668 
0.011836 0.098866 0.092421 0.195705 0.155989 0.086208 0.072044 0.058793 0.118861 0.109277 
0.026271 0.107740 0.105193 0.102142 0.131959 0.112651 0.103602 0.101661 0.125096 0.083686 
0.001700 0.035042 0.219468 0.145183 0.150586 0.189228 0.093523 0.039697 0.060947 0.064626 
0.012950 0.064347 0.319027 0.052349 0.038203 0.285688 0.067418 0.035661 0.055912 0.068445 
0.011501 0.059230 0.217678 0.055725 0.046121 0.293545 0.082981 0.056863 0.041818 0.134538 
0.004261 0.024911 0.195363 0.072112 0.074013 0.314777 0.060134 0.026903 0.037864 0.189663 
0.007253 0.046311 0.304500 0.130234 0.073530 0.198504 0.059899 0.047915 0.077115 0.054740 
0.016887 0.063299 0.302044 0.071727 0.052944 0.092770 0.079048 0.087612 0.126641 0.107027 
0.008966 0.031059 0.302929 0.076756 0.049174 0.129056 0.065107 0.082755 0.087852 0.166345 
0.001797 0.020867 0.235627 0.071789 0.215333 0.058892 0.054365 0.056824 0.102318 0.182188 
0.016081 0.063951 0.394369 0.188194 0.107890 0.070047 0.058613 0.040579 0.038125 0.022151 
0.007636 0.051490 0.252097 0.082063 0.118571 0.321784 0.079118 0.029489 0.038957 0.018796 
0.006888 0.046155 0.232014 0.040396 0.088775 0.428553 0.068993 0.027941 0.037091 0.023194 
0.006058 0.026564 0.200829 0.096053 0.381945 0.110091 0.065607 0.034795 0.053131 0.024927 
0.018220 0.136420 0.348732 0.148243 0.142402 0.050550 0.072580 0.027199 0.029525 0.026128 
0.002754 0.214628 0.375404 0.070149 0.095946 0.099373 0.036578 0.024852 0.064846 0.015470 
0.030745 0.227332 0.175921 0.036162 0.135610 0.138644 0.073555 0.055588 0.089186 0.037257 
0.008355 0.116266 0.217201 0.045891 0.221550 0.087806 0.083239 0.070354 0.111553 0.037785 
0.009431 0.097110 0.096457 0.054944 0.254235 0.171258 0.123952 0.064635 0.109089 0.018888 
0.002560 0.077531 0.121952 0.087721 0.236541 0.071759 0.213519 0.071687 0.087881 0.028850 
0.000632 0.037197 0.084386 0.062758 0.132403 0.368438 0.173246 0.030226 0.045269 0.065445 
0.000178 0.068482 0.096536 0.029101 0.061168 0.450716 0.109501 0.039777 0.035546 0.108994 
0.001525 0.035404 0.063574 0.042681 0.057607 0.388934 0.063985 0.019794 0.018116 0.308381 
0.008946 0.029190 0.069132 0.082201 0.126349 0.255803 0.091997 0.078534 0.114155 0.143692 
0.004387 0.027163 0.032455 0.047526 0.048252 0.313244 0.177290 0.125405 0.132636 0.091640 
0.000235 0.032279 0.018018 0.018963 0.131537 0.441730 0.077786 0.070113 0.072922 0.136416 
0.004778 0.031521 0.033338 0.044670 0.174932 0.408617 0.094666 0.041925 0.047179 0.118374 
0.001482 0.030881 0.045358 0.043133 0.574289 0.153984 0.041248 0.032509 0.042347 0.034770 
0.005065 0.025014 0.047377 0.074702 0.159971 0.358538 0.126081 0.066737 0.043449 0.093068 
0.005370 0.026619 0.022320 0.023813 0.028912 0.705824 0.065526 0.020707 0.025479 0.075430 
0.009045 0.037626 0.049290 0.068273 0.130608 0.496585 0.102730 0.038578 0.025988 0.041275 
0.007246 0.031174 0.046859 0.058405 0.121572 0.491928 0.115368 0.051263 0.029398 0.046786 
0.003475 0.017049 0.022582 0.036744 0.078204 0.449585 0.111472 0.090532 0.060555 0.129802 
0.002838 0.018993 0.018834 0.041261 0.071610 0.350391 0.087872 0.088752 0.095837 0.223613 
0.001993 0.022955 0.020639 0.026876 0.056490 0.388558 0.078245 0.100205 0.085959 0.218080 
0.004671 0.034733 0.040924 0.041178 0.132945 0.228493 0.102885 0.084457 0.108114 0.221601 
0.008417 0.026614 0.034020 0.025736 0.066311 0.175231 0.442290 0.073799 0.061935 0.085647 
0.007660 0.033239 0.038822 0.044479 0.061522 0.172277 0.329466 0.103240 0.106001 0.103294 
0.001594 0.007933 0.016411 0.028503 0.059973 0.405743 0.394847 0.028208 0.027929 0.028858 
0.006011 0.034503 0.035324 0.038228 0.129446 0.407355 0.164837 0.064913 0.045856 0.073526 
0.005339 0.029358 0.045600 0.173170 0.204098 0.112202 0.046005 0.084376 0.152852 0.147002 
0.001903 0.013487 0.014127 0.025292 0.226736 0.404415 0.075328 0.075303 0.089440 0.073970 
0.013403 0.055793 0.068229 0.076671 0.101944 0.291338 0.079779 0.105463 0.083700 0.123681 
0.005923 0.027632 0.031275 0.044578 0.077297 0.252808 0.059671 0.035828 0.079948 0.385040 
0.009227 0.049317 0.062381 0.068095 0.096802 0.232920 0.044061 0.050683 0.090137 0.296376 
0.000104 0.003298 0.014456 0.033211 0.079733 0.345076 0.176483 0.069693 0.068342 0.209604 
0.008764 0.031317 0.042893 0.045126 0.068744 0.218366 0.179097 0.082932 0.118487 0.204274 
0.000312 0.007781 0.014440 0.019935 0.038928 0.135270 0.476143 0.102657 0.094637 0.109897 
0.010956 0.034633 0.046088 0.054557 0.073469 0.119815 0.323787 0.046130 0.106252 0.184313 
0.001480 0.029326 0.035092 0.031601 0.062859 0.126021 0.273531 0.124114 0.173748 0.142229 
0.000036 0.028464 0.033935 0.042267 0.044234 0.094041 0.216094 0.106778 0.192850 0.241302 
0.004055 0.021380 0.017976 0.027523 0.067933 0.118463 0.406617 0.082893 0.117844 0.135316 
0.000744 0.014407 0.020142 0.038039 0.064357 0.158728 0.482595 0.076941 0.085715 0.058332 
0.003213 0.017096 0.021266 0.016908 0.018315 0.081009 0.423846 0.133166 0.140125 0.145057 
0.006056 0.021244 0.024143 0.030220 0.040161 0.090323 0.441930 0.107269 0.112451 0.126203 
0.010144 0.050519 0.064637 0.070344 0.089181 0.140381 0.360813 0.046034 0.072019 0.095928 
0.003242 0.001973 0.004401 0.010446 0.040313 0.200735 0.561201 0.072623 0.054831 0.050235 
0.004254 0.011791 0.026972 0.020075 0.070079 0.393360 0.261412 0.050617 0.070912 0.090529 
0.009645 0.022102 0.040949 0.057935 0.059523 0.241331 0.066354 0.122112 0.218593 0.161458 
0.015737 0.032193 0.037522 0.038803 0.056602 0.165786 0.081064 0.091964 0.151277 0.329053 
0.004006 0.027578 0.046796 0.043335 0.063025 0.200307 0.199309 0.064182 0.161088 0.190373 
0.012553 0.044813 0.053590 0.061194 0.068707 0.146679 0.125738 0.086477 0.134895 0.265354 
0.002706 0.014646 0.021391 0.024570 0.033807 0.078985 0.080458 0.101401 0.183375 0.458661 
0.000750 0.004691 0.009803 0.013017 0.022211 0.028925 0.038698 0.069512 0.175590 0.636802 
0.003947 0.016150 0.020975 0.023979 0.059631 0.029918 0.047700 0.079296 0.571402 0.147003 
0.007155 0.027318 0.036176 0.046689 0.098500 0.035147 0.051277 0.107489 0.542177 0.048072 
0.003109 0.018569 0.070575 0.271898 0.194510 0.091904 0.064308 0.118905 0.112677 0.053546 
0.002864 0.017439 0.060553 0.351331 0.146217 0.107551 0.103682 0.069345 0.094960 0.046058 
0.003396 0.019689 0.075775 0.285408 0.191525 0.165146 0.095873 0.045218 0.067686 0.050283 
0.001453 0.014284 0.060645 0.251084 0.259261 0.239740 0.026750 0.022630 0.088881 0.035271 
0.001824 0.021931 0.082158 0.211229 0.173659 0.183543 0.067681 0.126841 0.087266 0.043869 
0.000119 0.078086 0.365713 0.135819 0.161526 0.094812 0.049108 0.045254 0.048578 0.020986 
0.002405 0.047648 0.225999 0.087206 0.240490 0.155909 0.080166 0.067859 0.030565 0.061753 
0.004529 0.040528 0.245852 0.096343 0.189624 0.276734 0.030340 0.037053 0.053066 0.025931 
0.006380 0.023058 0.118725 0.185826 0.238747 0.222269 0.046448 0.060124 0.067632 0.030789 
0.010098 0.042328 0.109511 0.240345 0.190316 0.094633 0.122513 0.088683 0.067956 0.033618 
0.011803 0.042891 0.170028 0.296467 0.115633 0.098456 0.080828 0.056875 0.049698 0.077320 
0.001226 0.015953 0.063964 0.210486 0.280908 0.168520 0.044082 0.039263 0.117788 0.057810 
0.005329 0.021845 0.079569 0.260101 0.255843 0.181372 0.039267 0.026030 0.091699 0.038945 
0.004823 0.031721 0.353774 0.220640 0.100612 0.088694 0.064869 0.050329 0.054787 0.029751 
0.004988 0.122291 0.302789 0.160179 0.175798 0.113013 0.026874 0.017084 0.042265 0.034718 
0.003429 0.040561 0.253701 0.132330 0.219627 0.208669 0.017270 0.020453 0.045198 0.058762 
0.017476 0.080658 0.268950 0.072573 0.181340 0.231547 0.035162 0.029411 0.050296 0.032588 
0.002205 0.072647 0.247968 0.140526 0.148039 0.101993 0.113758 0.066912 0.058257 0.047696 
0.011704 0.221661 0.189763 0.092830 0.149779 0.072266 0.131583 0.041062 0.055660 0.033694 
0.015588 0.282377 0.149724 0.063569 0.105804 0.043000 0.141965 0.052749 0.093659 0.051565 
0.023867 0.274065 0.175304 0.063673 0.146873 0.021065 0.119837 0.077890 0.071922 0.025504 
0.031891 0.358744 0.146149 0.067828 0.122659 0.052006 0.103272 0.044862 0.059617 0.012973 
0.041082 0.376674 0.116434 0.062141 0.110407 0.061098 0.160839 0.025036 0.036965 0.009325 
0.025731 0.412178 0.108727 0.091394 0.056810 0.044051 0.161996 0.030562 0.033833 0.034718 
0.015085 0.389154 0.139321 0.035269 0.073839 0.102272 0.094415 0.059920 0.026711 0.064014 
0.004415 0.319851 0.172912 0.090905 0.065781 0.070178 0.117269 0.035062 0.063837 0.059789 
0.005165 0.212780 0.069275 0.086134 0.072758 0.052872 0.096361 0.104119 0.168180 0.132355 
0.002295 0.154447 0.055139 0.043700 0.045141 0.076398 0.073389 0.145998 0.289198 0.114296 
0.012472 0.245901 0.067859 0.051173 0.054346 0.114439 0.159797 0.075347 0.127308 0.091359 
0.042834 0.363612 0.057990 0.045784 0.057563 0.035922 0.076305 0.070130 0.159887 0.089974 
0.006675 0.044432 0.146576 0.083545 0.257921 0.063632 0.132825 0.107283 0.127257 0.029854 
0.010161 0.240283 0.233935 0.099830 0.156147 0.047985 0.122483 0.029054 0.046622 0.013499 
0.002984 0.332763 0.164992 0.120321 0.050790 0.081136 0.155144 0.044077 0.033243 0.014550 
0.031623 0.415166 0.165574 0.120838 0.046700 0.039948 0.104789 0.029781 0.026977 0.018602 
0.035771 0.418063 0.148082 0.167118 0.039019 0.061707 0.100804 0.004181 0.019236 0.006019 
0.010510 0.200254 0.113841 0.130586 0.171036 0.095993 0.109233 0.075545 0.064619 0.028383 
0.006271 0.309910 0.124233 0.108889 0.025252 0.108938 0.152416 0.052611 0.068598 0.042884 
0.015173 0.296418 0.063888 0.169704 0.014738 0.025577 0.184144 0.058978 0.162434 0.008946 
0.001325 0.178703 0.067423 0.214706 0.018164 0.073458 0.198164 0.036985 0.149965 0.061106 
0.001176 0.217159 0.062410 0.183066 0.046386 0.079912 0.304929 0.016276 0.052341 0.036345 
0.010804 0.240101 0.040874 0.146026 0.084205 0.132757 0.236759 0.054424 0.034567 0.019481 
0.037940 0.439556 0.048901 0.068553 0.090127 0.108225 0.101456 0.031826 0.039179 0.034237 
0.030064 0.265153 0.082500 0.089762 0.121857 0.161773 0.111693 0.047352 0.035697 0.054148 
0.025246 0.231779 0.179424 0.099627 0.176225 0.020479 0.095398 0.082417 0.067584 0.021822 
0.053647 0.378159 0.110978 0.077195 0.109066 0.044738 0.100448 0.058492 0.045874 0.021402 
0.065060 0.468514 0.106914 0.086639 0.023835 0.043064 0.119540 0.039444 0.036148 0.010842 
0.053290 0.470607 0.085212 0.085154 0.026249 0.014317 0.168455 0.039724 0.030075 0.026917 
0.009108 0.469048 0.132434 0.128876 0.048023 0.039704 0.088556 0.026719 0.034916 0.022617 
0.074893 0.566533 0.078125 0.110298 0.022892 0.038017 0.071319 0.009270 0.022491 0.006162 
0.036062 0.500615 0.138451 0.123047 0.039487 0.044741 0.056882 0.024784 0.021581 0.014349 
0.046096 0.544876 0.123081 0.080158 0.053180 0.042894 0.041809 0.026878 0.022853 0.018175 
0.091792 0.705551 0.087516 0.033909 0.017487 0.010040 0.023810 0.014585 0.009415 0.005894 
0.002181 0.433692 0.122487 0.066174 0.070432 0.028272 0.068936 0.055013 0.087995 0.064818 
0.059055 0.433770 0.082272 0.039468 0.022110 0.035386 0.040916 0.068725 0.123858 0.094438 
0.047935 0.518144 0.110149 0.050333 0.036900 0.020564 0.077811 0.040453 0.068739 0.028972 
0.032254 0.521736 0.123956 0.067760 0.038674 0.067160 0.036992 0.029502 0.042646 0.039320 
0.012083 0.240706 0.185372 0.054773 0.197174 0.055544 0.101521 0.071842 0.064238 0.016746 
0.022956 0.402981 0.114036 0.076829 0.122448 0.090895 0.050488 0.026865 0.059496 0.033006 
0.026219 0.479831 0.166150 0.077775 0.063940 0.050155 0.034373 0.020789 0.046132 0.034635 
0.075251 0.558990 0.069259 0.050206 0.032379 0.033063 0.104647 0.014566 0.048255 0.013385 
0.039493 0.342376 0.056651 0.100597 0.113696 0.047404 0.135119 0.094000 0.051976 0.018688 
0.014764 0.254164 0.154106 0.108111 0.204161 0.036851 0.069461 0.051856 0.066051 0.040474 
0.038585 0.384291 0.129885 0.122809 0.018595 0.042782 0.104876 0.024608 0.110534 0.023034 
0.025393 0.392973 0.126845 0.136466 0.035000 0.029228 0.082897 0.021401 0.115590 0.034205 
0.038585 0.353612 0.102284 0.134051 0.036135 0.030672 0.120700 0.032991 0.127060 0.023910 
0.060080 0.471897 0.095804 0.088697 0.024087 0.049994 0.075652 0.021916 0.073929 0.037944 
0.000646 0.482775 0.129988 0.070831 0.046923 0.052956 0.113567 0.050634 0.027403 0.024278 
0.087158 0.679439 0.088917 0.031821 0.021845 0.017954 0.025150 0.016733 0.016329 0.014655 
0.049934 0.572461 0.140338 0.061490 0.045126 0.025184 0.032030 0.027086 0.029700 0.016652 
0.005256 0.097902 0.079046 0.169157 0.215675 0.091953 0.105998 0.100197 0.087655 0.047160 
0.027746 0.181743 0.029786 0.120435 0.122564 0.117236 0.123556 0.104857 0.061573 0.110504 
0.008956 0.228085 0.050985 0.057598 0.138267 0.112170 0.080558 0.081187 0.103637 0.138558 
0.022451 0.231227 0.060695 0.063687 0.152307 0.153590 0.053306 0.035513 0.036267 0.190957 
0.016742 0.220500 0.071721 0.092007 0.187906 0.142958 0.032223 0.037149 0.027324 0.171468 
0.006122 0.161642 0.045235 0.043316 0.317759 0.270875 0.050453 0.034755 0.015062 0.054781 
0.019632 0.124844 0.024731 0.089997 0.204080 0.338522 0.099722 0.050256 0.031542 0.016674 
0.009766 0.120359 0.042303 0.049005 0.131227 0.482516 0.095745 0.038764 0.019715 0.010600 
0.013989 0.118328 0.039990 0.089994 0.184501 0.315791 0.068197 0.046381 0.047508 0.075321 
0.012895 0.073694 0.021018 0.041711 0.108315 0.238949 0.070533 0.092357 0.164871 0.175658 
0.005148 0.059300 0.034478 0.040775 0.123856 0.245621 0.080079 0.145184 0.105427 0.160132 
0.008438 0.052130 0.016582 0.087145 0.197456 0.279253 0.038716 0.112381 0.110035 0.097864 
0.008299 0.058666 0.037737 0.132905 0.200437 0.330457 0.073235 0.040189 0.027361 0.090714 
0.001136 0.038258 0.032129 0.060622 0.138315 0.429836 0.082456 0.059597 0.042316 0.115333 
0.002979 0.016189 0.018683 0.023517 0.199429 0.423011 0.105300 0.068995 0.060406 0.081491 
0.001462 0.007651 0.012277 0.024495 0.139937 0.492209 0.121473 0.090149 0.052007 0.058340 
0.003003 0.012697 0.032623 0.076761 0.118979 0.448031 0.135117 0.073738 0.047601 0.051451 
0.011047 0.116900 0.269993 0.103392 0.156156 0.096993 0.115958 0.044594 0.053314 0.031653 
0.011612 0.262739 0.217704 0.085646 0.146902 0.052281 0.109509 0.043873 0.051844 0.017889 
0.001041 0.314535 0.174165 0.068941 0.114492 0.079549 0.106489 0.040012 0.076499 0.024276 
0.040362 0.313861 0.158009 0.084767 0.136934 0.036516 0.081518 0.032112 0.091432 0.024490 
0.036792 0.362029 0.095396 0.069176 0.133935 0.058121 0.138851 0.029034 0.061928 0.014739 
0.030438 0.374443 0.156960 0.073721 0.100828 0.063725 0.080284 0.048002 0.046674 0.024924 
0.014209 0.405954 0.127785 0.096695 0.051791 0.043819 0.156246 0.044171 0.039532 0.019797 
0.023194 0.446714 0.120724 0.037052 0.084153 0.102504 0.077909 0.024624 0.041109 0.042019 
0.007400 0.339631 0.151542 0.098628 0.084220 0.069290 0.135422 0.032295 0.041643 0.039928 
0.008417 0.206246 0.074501 0.086590 0.076361 0.059873 0.083795 0.096128 0.169285 0.138805 
0.001265 0.162860 0.062153 0.035275 0.043341 0.054149 0.114662 0.125215 0.291239 0.109840 
0.026135 0.259702 0.059302 0.060953 0.062520 0.096255 0.107512 0.091419 0.152731 0.083470 
0.013227 0.357304 0.110402 0.045844 0.057416 0.026477 0.049205 0.069931 0.159059 0.111136 
0.008219 0.042439 0.148231 0.112903 0.241136 0.085942 0.120393 0.107563 0.100619 0.032556 
0.026200 0.299140 0.174003 0.123921 0.104200 0.062370 0.122799 0.026266 0.045279 0.015823 
0.034032 0.416850 0.168233 0.126008 0.029537 0.092588 0.086887 0.009827 0.025728 0.010308 
0.010006 0.348229 0.202170 0.102703 0.043321 0.118432 0.126410 0.013816 0.018256 0.016655 
0.007162 0.325252 0.127592 0.094178 0.067238 0.065129 0.094125 0.094531 0.085771 0.039023 
0.022383 0.238585 0.084474 0.140260 0.189385 0.046547 0.106661 0.074394 0.049839 0.047471 
0.034632 0.323097 0.064635 0.141187 0.025620 0.086015 0.127597 0.055021 0.077446 0.064751 
0.000587 0.266002 0.063186 0.172726 0.033895 0.049703 0.265115 0.031311 0.081118 0.036358 
0.002491 0.204797 0.055832 0.254571 0.048767 0.065539 0.209339 0.022451 0.117657 0.018554 
0.019655 0.299670 0.046622 0.089177 0.048425 0.193019 0.109703 0.050813 0.109411 0.033507 
0.039008 0.449976 0.094794 0.054751 0.070867 0.087003 0.102064 0.046901 0.018049 0.036587 
0.006065 0.452250 0.156820 0.066179 0.055016 0.063365 0.097247 0.039742 0.034700 0.028616 
0.058600 0.510051 0.076567 0.063353 0.045359 0.078816 0.068118 0.032676 0.040413 0.026047 
0.006625 0.204354 0.179735 0.101515 0.191492 0.039039 0.092127 0.086069 0.075580 0.023464 
0.010093 0.409355 0.097830 0.133612 0.067186 0.120293 0.072311 0.029835 0.044512 0.014974 
0.007467 0.417621 0.171645 0.106698 0.028800 0.056245 0.136615 0.025049 0.042462 0.007399 
0.052889 0.493688 0.078217 0.083445 0.029618 0.024421 0.146067 0.040539 0.039730 0.011385 
0.076420 0.558844 0.078543 0.119247 0.035075 0.021107 0.079235 0.004044 0.016316 0.011168 
0.006110 0.472179 0.127914 0.109095 0.069152 0.067877 0.081417 0.020534 0.025207 0.020515 
0.082872 0.593818 0.085910 0.062503 0.036545 0.058838 0.058251 0.006583 0.006364 0.008316 
0.049215 0.593488 0.129723 0.064686 0.045603 0.028559 0.029423 0.023947 0.020581 0.014774 
0.041504 0.571090 0.142337 0.071674 0.047056 0.030058 0.030811 0.027559 0.021912 0.016001 
0.063635 0.473731 0.038756 0.023420 0.046378 0.038191 0.061537 0.066914 0.116992 0.070447 
0.009652 0.381478 0.118998 0.076706 0.049155 0.040151 0.058134 0.083559 0.092491 0.089678 
0.071082 0.534253 0.086358 0.050720 0.024615 0.030746 0.057699 0.051585 0.047914 0.045029 
0.066187 0.601841 0.121881 0.060441 0.035600 0.020404 0.026673 0.013683 0.029074 0.024216 
0.020314 0.256601 0.122465 0.098680 0.173206 0.061515 0.126418 0.068496 0.063500 0.008807 
0.047934 0.408388 0.087938 0.121137 0.056976 0.042465 0.149946 0.037016 0.036976 0.011224 
0.061158 0.502118 0.107794 0.101208 0.034592 0.034620 0.069123 0.022998 0.056758 0.009631 
0.014758 0.443308 0.137444 0.104177 0.061467 0.051318 0.108268 0.032559 0.043282 0.003417 
0.034366 0.316541 0.049618 0.113598 0.140769 0.029143 0.135383 0.085809 0.076223 0.018549 
0.037915 0.262306 0.082115 0.124626 0.176899 0.064680 0.110198 0.055582 0.057135 0.028545 
0.001038 0.348044 0.132228 0.106156 0.032091 0.060145 0.120923 0.064155 0.093257 0.041962 
0.051401 0.400828 0.125395 0.129587 0.025615 0.019870 0.074905 0.034856 0.116661 0.020882 
0.036030 0.446647 0.109683 0.138054 0.021689 0.024413 0.061566 0.019093 0.097373 0.045451 
0.030783 0.395726 0.109893 0.109545 0.037250 0.042322 0.071375 0.018371 0.163823 0.020911 
0.063289 0.486468 0.055131 0.100749 0.024549 0.036698 0.096935 0.056971 0.046316 0.032895 
0.004295 0.511276 0.152320 0.079054 0.055519 0.056923 0.035276 0.035038 0.038177 0.032122 
0.080961 0.646167 0.101501 0.046120 0.031523 0.012644 0.027839 0.015621 0.022618 0.015006 
0.015283 0.088879 0.126877 0.147297 0.220000 0.093537 0.115172 0.091074 0.073463 0.028417 
0.000148 0.070165 0.056513 0.350217 0.190033 0.105498 0.062431 0.058645 0.060713 0.045638 
0.012819 0.071822 0.062662 0.292113 0.178303 0.194700 0.054802 0.030502 0.062873 0.039405 
0.004091 0.071398 0.080484 0.219427 0.203914 0.205816 0.058040 0.044310 0.083102 0.029417 
