Be Alright, Ariana Grande
0.000000 0.000000 0.000000 0.000000 0.000000 0.000000 0.000000 0.000000 0.000000 0.000000 
0.000000 0.000000 0.000000 0.000000 0.000000 0.000000 0.000000 0.000000 0.000000 0.000000 
0.000000 0.000000 0.000000 0.000000 0.000000 0.000000 0.000000 0.000000 0.000000 0.000000 
0.000000 0.000000 0.000000 0.000000 0.000000 0.000000 0.000000 0.000000 0.000000 0.000000 
0.023714 0.089933 0.090768 0.096003 0.106360 0.083654 0.114307 0.128544 0.140808 0.125909 
0.001172 0.007519 0.009852 0.087633 0.181711 0.107649 0.139015 0.388988 0.054307 0.022154 
0.001307 0.009592 0.024886 0.123650 0.243798 0.160712 0.184244 0.182420 0.046332 0.023059 
0.001571 0.011382 0.018864 0.189053 0.254047 0.136988 0.213239 0.155813 0.014234 0.004809 
0.008470 0.026119 0.046202 0.245390 0.168293 0.135666 0.202913 0.122288 0.029968 0.014692 
0.001383 0.004835 0.022322 0.297413 0.236495 0.131189 0.186249 0.105845 0.010364 0.003904 
0.003864 0.030641 0.059004 0.307037 0.172505 0.125582 0.155544 0.093764 0.031263 0.020796 
0.002436 0.006036 0.037071 0.326805 0.257683 0.137436 0.139045 0.073051 0.012927 0.007509 
0.003356 0.020751 0.044877 0.343677 0.169532 0.146915 0.145133 0.074371 0.028043 0.023345 
0.005799 0.018527 0.051450 0.181036 0.139784 0.237808 0.211788 0.060751 0.068907 0.024149 
0.001351 0.011891 0.051199 0.148360 0.255982 0.223522 0.044568 0.179966 0.059566 0.023595 
0.000718 0.012073 0.091116 0.259953 0.201105 0.192434 0.055443 0.114872 0.056438 0.015848 
0.005442 0.025273 0.133490 0.365679 0.172654 0.151241 0.023016 0.096494 0.024233 0.002480 
0.006306 0.033644 0.172527 0.287273 0.125679 0.157748 0.067196 0.096332 0.035428 0.017867 
0.007289 0.032231 0.187410 0.369886 0.158563 0.111693 0.020900 0.076199 0.022674 0.013154 
0.013194 0.054033 0.223585 0.434592 0.090675 0.098704 0.012058 0.048814 0.017097 0.007247 
0.000504 0.019355 0.201938 0.415271 0.142236 0.089542 0.050177 0.040309 0.025737 0.014930 
0.015649 0.068970 0.249944 0.374143 0.160063 0.054847 0.024760 0.031574 0.013001 0.007049 
0.005548 0.024225 0.104756 0.221787 0.094768 0.046398 0.053500 0.222553 0.133837 0.092628 
0.004684 0.018154 0.089594 0.147631 0.184884 0.130918 0.078771 0.164610 0.054483 0.126271 
0.000255 0.008547 0.067836 0.262585 0.228032 0.102602 0.103496 0.094927 0.052697 0.079021 
0.006329 0.024880 0.091480 0.352086 0.222203 0.075057 0.075278 0.065790 0.020915 0.065982 
0.001267 0.017934 0.075100 0.422436 0.224100 0.077263 0.074725 0.048087 0.014884 0.044203 
0.006661 0.021618 0.093826 0.456907 0.187297 0.081647 0.074307 0.036577 0.013996 0.027164 
0.012687 0.048624 0.133734 0.442579 0.169794 0.075568 0.057354 0.028384 0.016725 0.014551 
0.006533 0.035918 0.130427 0.404424 0.189625 0.086158 0.068288 0.031613 0.021583 0.025432 
0.014605 0.065754 0.171187 0.413167 0.171754 0.064212 0.050145 0.024133 0.015536 0.009507 
0.006170 0.028325 0.120284 0.497300 0.181043 0.068825 0.048008 0.022777 0.013573 0.013695 
0.006463 0.029456 0.134247 0.548506 0.163183 0.054594 0.036725 0.011042 0.010002 0.005782 
0.009510 0.041706 0.126441 0.540675 0.139182 0.062229 0.039281 0.016035 0.013994 0.010946 
0.002034 0.016211 0.053694 0.162301 0.092203 0.073540 0.117388 0.219672 0.150559 0.112398 
0.000259 0.008757 0.037638 0.157511 0.134385 0.163433 0.094998 0.131851 0.123761 0.147406 
0.005860 0.028606 0.071698 0.224428 0.165574 0.113310 0.116304 0.090283 0.085230 0.098704 
0.001932 0.014511 0.070875 0.279948 0.217743 0.085144 0.105886 0.061537 0.064311 0.098113 
0.001210 0.011318 0.050970 0.239003 0.154826 0.073936 0.099329 0.181122 0.092345 0.095942 
0.008840 0.050983 0.075223 0.248401 0.147579 0.128571 0.087457 0.098135 0.083416 0.071396 
0.005392 0.026290 0.054615 0.127455 0.104625 0.250679 0.239085 0.083990 0.053061 0.054808 
0.002973 0.013076 0.033925 0.097591 0.079513 0.286198 0.268600 0.083638 0.066796 0.067689 
0.000461 0.006473 0.033225 0.166188 0.069140 0.464538 0.117353 0.046973 0.058403 0.037248 
0.002649 0.013076 0.040515 0.126185 0.071893 0.420215 0.147698 0.055295 0.053450 0.069024 
0.004317 0.017697 0.039074 0.073457 0.061454 0.125556 0.469492 0.104578 0.064031 0.040343 
0.002425 0.011909 0.015068 0.079224 0.057852 0.086985 0.542678 0.096773 0.067171 0.039915 
0.004338 0.018086 0.037118 0.064420 0.045456 0.112358 0.512763 0.094340 0.064200 0.046920 
0.007627 0.029950 0.038690 0.069030 0.088927 0.337684 0.350040 0.037329 0.016962 0.023762 
0.002690 0.011650 0.022164 0.065539 0.058921 0.535193 0.167971 0.023195 0.030351 0.082326 
0.007218 0.029343 0.034641 0.070724 0.094112 0.448652 0.164526 0.046526 0.054500 0.049758 
0.007646 0.029030 0.041355 0.069686 0.078696 0.330753 0.326745 0.048167 0.035906 0.032016 
0.004182 0.021378 0.027587 0.041839 0.061770 0.156321 0.512794 0.086425 0.049962 0.037743 
0.001225 0.004395 0.022895 0.054047 0.100211 0.275486 0.306779 0.134048 0.055914 0.044999 
0.006052 0.028096 0.069877 0.105161 0.132669 0.245447 0.122636 0.185695 0.073875 0.030492 
0.006350 0.027063 0.088031 0.196472 0.149700 0.145914 0.201567 0.105709 0.041771 0.037422 
0.006978 0.027268 0.120998 0.219608 0.140749 0.116883 0.159848 0.118401 0.054570 0.034697 
0.011440 0.043696 0.159185 0.248357 0.137817 0.155264 0.129294 0.064638 0.028197 0.022111 
0.000437 0.013807 0.156991 0.353272 0.137146 0.118163 0.125472 0.058484 0.024558 0.011670 
0.011466 0.050882 0.187594 0.278161 0.109230 0.148388 0.115792 0.045688 0.027578 0.025221 
0.014104 0.058458 0.229739 0.292789 0.118779 0.122165 0.065868 0.045819 0.032665 0.019614 
0.005431 0.029685 0.207281 0.333539 0.140265 0.080491 0.090415 0.054758 0.029617 0.028519 
0.000229 0.014853 0.091574 0.216160 0.077137 0.167272 0.196047 0.192754 0.029577 0.014396 
0.000595 0.007631 0.056120 0.247948 0.037882 0.213418 0.197505 0.219003 0.016801 0.003098 
0.002021 0.011798 0.075076 0.259751 0.103216 0.158261 0.159757 0.198106 0.019307 0.012707 
0.003569 0.016602 0.031400 0.091809 0.169802 0.204820 0.058516 0.060958 0.136048 0.226477 
0.004433 0.012216 0.028625 0.058210 0.291624 0.065239 0.012109 0.032913 0.392776 0.101855 
0.000499 0.001805 0.007439 0.065748 0.285366 0.069254 0.037036 0.061325 0.332847 0.138683 
0.000007 0.003078 0.016667 0.051523 0.117224 0.245850 0.069345 0.052113 0.154962 0.289232 
0.000859 0.002853 0.011041 0.062870 0.023058 0.275558 0.034163 0.034757 0.085534 0.469306 
0.000329 0.004145 0.014843 0.048389 0.085608 0.273544 0.072779 0.056613 0.064187 0.379563 
0.001119 0.007184 0.014439 0.045487 0.100980 0.229652 0.065236 0.104592 0.151138 0.280173 
0.001332 0.008016 0.010800 0.043266 0.189353 0.147313 0.035510 0.090690 0.370346 0.103373 
0.000534 0.004243 0.009807 0.053669 0.168048 0.134750 0.035766 0.071395 0.300057 0.221733 
0.005293 0.022108 0.028849 0.066493 0.199759 0.098012 0.029280 0.049526 0.265974 0.234705 
0.005674 0.024506 0.032876 0.053303 0.199031 0.107721 0.036815 0.049627 0.226021 0.264425 
0.001501 0.005200 0.005154 0.051448 0.142755 0.108203 0.059179 0.058859 0.276476 0.291226 
0.001007 0.006535 0.012060 0.043637 0.195641 0.074222 0.035825 0.073950 0.414445 0.142677 
0.002322 0.009901 0.018658 0.060310 0.299867 0.057815 0.019633 0.049995 0.399524 0.081975 
0.003140 0.013019 0.024544 0.049499 0.255243 0.091971 0.051593 0.049876 0.380340 0.080776 
0.002861 0.011742 0.013576 0.041509 0.344332 0.050409 0.014735 0.053552 0.421397 0.045889 
0.001665 0.007043 0.010072 0.041768 0.281440 0.026006 0.022124 0.089188 0.440576 0.080117 
0.005345 0.021298 0.030097 0.040175 0.242178 0.037205 0.042239 0.128008 0.402619 0.050837 
0.000937 0.006584 0.010141 0.054908 0.285149 0.098857 0.071290 0.301010 0.145552 0.025570 
0.000094 0.002630 0.010943 0.040072 0.227345 0.087057 0.087139 0.415378 0.104419 0.024924 
0.007074 0.029019 0.042353 0.100412 0.186250 0.067982 0.062647 0.382733 0.074847 0.046681 
0.005084 0.018238 0.026067 0.074470 0.189129 0.069114 0.097526 0.414135 0.070463 0.035774 
0.000584 0.002290 0.007130 0.081084 0.220532 0.090908 0.082806 0.345492 0.129040 0.040134 
0.002566 0.005662 0.011177 0.084203 0.217393 0.061159 0.073273 0.375719 0.118543 0.050305 
0.005576 0.017312 0.024948 0.082243 0.276620 0.073079 0.019941 0.334975 0.118411 0.046895 
0.001493 0.008970 0.017727 0.092381 0.265722 0.069818 0.074397 0.314363 0.117395 0.037734 
0.000388 0.002911 0.015372 0.097896 0.298632 0.075622 0.047939 0.271912 0.133164 0.056164 
0.003216 0.008427 0.024012 0.127179 0.242001 0.076304 0.053674 0.272218 0.121226 0.071743 
0.001598 0.009207 0.017911 0.115723 0.231347 0.058429 0.045383 0.267588 0.188239 0.064575 
0.000601 0.002688 0.022494 0.114933 0.221112 0.069422 0.028256 0.295563 0.169661 0.075270 
0.001072 0.001805 0.004273 0.022042 0.238190 0.048484 0.064090 0.248914 0.344224 0.026906 
0.003574 0.015062 0.018748 0.025562 0.206261 0.047603 0.063761 0.152333 0.418600 0.048495 
0.007139 0.029353 0.040020 0.054810 0.172366 0.021913 0.054996 0.142749 0.419488 0.057165 
0.007273 0.028049 0.040384 0.055438 0.203362 0.019321 0.058825 0.206602 0.326501 0.054244 
0.001050 0.006884 0.009410 0.042944 0.249593 0.044863 0.061230 0.476207 0.087050 0.020770 
0.000549 0.003110 0.011662 0.048652 0.210083 0.034999 0.153028 0.380362 0.108686 0.048869 
0.001148 0.005861 0.010429 0.143405 0.131201 0.176517 0.216570 0.188786 0.059711 0.066372 
0.000570 0.008083 0.033702 0.223228 0.101250 0.203125 0.163816 0.168901 0.074650 0.022677 
0.001017 0.006839 0.034124 0.292997 0.088496 0.235142 0.117680 0.160870 0.052829 0.010005 
0.003794 0.009232 0.011637 0.152926 0.149826 0.215871 0.122981 0.198583 0.103524 0.031628 
0.002138 0.005723 0.010412 0.136423 0.102003 0.237940 0.087431 0.199510 0.186859 0.031561 
0.001392 0.009427 0.015993 0.141654 0.132614 0.260513 0.110222 0.203993 0.101699 0.022493 
0.005881 0.018003 0.040765 0.147421 0.140240 0.182160 0.088381 0.253934 0.108864 0.014349 
0.002884 0.012044 0.029544 0.188214 0.210120 0.204487 0.089466 0.160536 0.084470 0.018234 
0.006365 0.025881 0.040023 0.099035 0.127228 0.125912 0.066450 0.124451 0.235809 0.148846 
0.004432 0.015695 0.016631 0.078341 0.093711 0.058914 0.051628 0.090256 0.342156 0.248235 
0.002893 0.009783 0.009722 0.045687 0.083282 0.048057 0.032371 0.192595 0.333784 0.241826 
0.000560 0.006014 0.019036 0.093888 0.094236 0.056774 0.056031 0.122864 0.316860 0.233738 
0.004664 0.016557 0.034178 0.106309 0.063756 0.059995 0.085423 0.124308 0.281465 0.223344 
0.003873 0.021108 0.047680 0.231761 0.071867 0.057859 0.081182 0.132540 0.233368 0.118761 
0.004188 0.025365 0.053091 0.161075 0.100992 0.057683 0.067315 0.195914 0.250159 0.084218 
0.003215 0.015767 0.076417 0.159261 0.122234 0.080559 0.054969 0.185654 0.224098 0.077825 
0.000714 0.023207 0.069658 0.129658 0.105677 0.079133 0.080054 0.301936 0.162615 0.047348 
0.001600 0.004905 0.041057 0.051331 0.074109 0.073747 0.084380 0.287553 0.237326 0.143993 
0.005903 0.022496 0.112093 0.026970 0.069403 0.122335 0.085600 0.185996 0.172546 0.196659 
0.005786 0.024717 0.185349 0.075164 0.099415 0.092827 0.130467 0.125261 0.122357 0.138657 
0.003323 0.020874 0.272163 0.099053 0.133984 0.079335 0.105045 0.103665 0.092591 0.089967 
0.012283 0.070591 0.348535 0.080341 0.100075 0.098548 0.094453 0.075182 0.051327 0.068664 
0.012377 0.063168 0.385515 0.122872 0.129297 0.070731 0.086624 0.053676 0.034729 0.041009 
0.005480 0.042653 0.410013 0.140798 0.113945 0.083581 0.070145 0.066876 0.041131 0.025378 
0.006352 0.038903 0.426174 0.166542 0.102432 0.074907 0.075954 0.052105 0.035260 0.021371 
0.017029 0.081882 0.447775 0.161256 0.103879 0.057537 0.052456 0.035640 0.024667 0.017878 
0.017746 0.081429 0.447484 0.126501 0.086687 0.052190 0.096013 0.058145 0.021311 0.012494 
0.010038 0.055899 0.439967 0.167011 0.073459 0.053670 0.079838 0.072206 0.031750 0.016161 
0.002934 0.026599 0.446618 0.158698 0.086471 0.067998 0.077404 0.069035 0.028717 0.035525 
0.000695 0.009680 0.099813 0.045103 0.063998 0.110271 0.102796 0.293462 0.175127 0.099054 
0.000456 0.012636 0.063121 0.029606 0.045156 0.162187 0.141824 0.183653 0.208609 0.152751 
0.002863 0.018659 0.068877 0.037751 0.117264 0.125413 0.166280 0.151026 0.199976 0.111890 
0.000089 0.007979 0.084613 0.037065 0.162471 0.134150 0.178290 0.140815 0.175672 0.078856 
0.003610 0.013758 0.102908 0.040911 0.193052 0.143393 0.190268 0.130926 0.120781 0.060393 
0.005662 0.010129 0.106694 0.044552 0.211519 0.165786 0.189780 0.118264 0.085668 0.061947 
0.007414 0.026425 0.102356 0.137694 0.203097 0.120362 0.183584 0.108004 0.067974 0.043091 
0.001908 0.014749 0.030943 0.489711 0.071080 0.120995 0.047642 0.049405 0.152320 0.021247 
0.001116 0.011072 0.068201 0.431069 0.096630 0.117136 0.038349 0.049982 0.149962 0.036483 
0.004530 0.021717 0.069600 0.411466 0.084438 0.096054 0.050795 0.034863 0.188491 0.038046 
0.004270 0.018148 0.038202 0.372454 0.018258 0.023990 0.179430 0.015338 0.089108 0.240803 
0.006273 0.028305 0.057087 0.327345 0.076354 0.043850 0.144761 0.042742 0.160252 0.113030 
0.001279 0.004563 0.014087 0.275286 0.156382 0.014833 0.094809 0.206133 0.094956 0.137673 
0.006024 0.026683 0.050003 0.119736 0.304462 0.048760 0.040607 0.357298 0.023832 0.022595 
0.003055 0.016353 0.036151 0.094575 0.349486 0.066993 0.070615 0.306025 0.039806 0.016941 
0.001512 0.009027 0.030095 0.102278 0.388295 0.039633 0.028932 0.208538 0.158577 0.033113 
0.004975 0.021491 0.039454 0.089145 0.371204 0.061761 0.045592 0.107910 0.235007 0.023461 
0.002780 0.012682 0.048003 0.082904 0.301318 0.039722 0.041148 0.123332 0.308398 0.039713 
0.006812 0.027377 0.068735 0.069441 0.254224 0.058391 0.022799 0.136139 0.309089 0.046992 
0.004680 0.017761 0.047116 0.115234 0.226721 0.037863 0.043324 0.139840 0.332243 0.035218 
0.000261 0.003680 0.052463 0.131411 0.198827 0.083977 0.076612 0.117614 0.301018 0.034137 
0.005022 0.021941 0.086612 0.139755 0.188965 0.092888 0.036889 0.091922 0.272471 0.063535 
0.008548 0.038212 0.107355 0.099077 0.184238 0.164087 0.049789 0.032335 0.089971 0.226388 
0.007211 0.029113 0.088668 0.078175 0.180257 0.117602 0.033069 0.059459 0.220930 0.185515 
0.004616 0.018818 0.073669 0.110660 0.199225 0.166400 0.032251 0.054055 0.149596 0.190710 
0.009440 0.037115 0.137309 0.132011 0.126658 0.079360 0.052811 0.142678 0.205711 0.076907 
0.011995 0.045841 0.147427 0.148221 0.141100 0.059425 0.093427 0.149365 0.151303 0.051895 
0.006327 0.028339 0.089928 0.152789 0.103079 0.132522 0.207530 0.132287 0.098601 0.048597 
0.007498 0.034784 0.079211 0.157757 0.125556 0.120390 0.193650 0.119143 0.135270 0.026740 
0.005948 0.023584 0.057180 0.245675 0.148362 0.111019 0.130819 0.157320 0.102091 0.018001 
0.006814 0.032294 0.100724 0.239667 0.165487 0.114780 0.112521 0.097420 0.096175 0.034118 
0.004168 0.022182 0.090432 0.291653 0.159814 0.128388 0.073681 0.118526 0.088569 0.022588 
0.002017 0.007238 0.065821 0.296129 0.135977 0.128219 0.083441 0.103562 0.148344 0.029253 
0.000459 0.005304 0.066610 0.290768 0.130723 0.100285 0.055429 0.107854 0.168466 0.074103 
0.005720 0.024427 0.059951 0.247122 0.160464 0.105108 0.046924 0.067856 0.116055 0.166374 
0.001055 0.004345 0.056161 0.166407 0.143502 0.110781 0.060545 0.074558 0.196970 0.185676 
0.001093 0.010837 0.017331 0.105740 0.045778 0.187266 0.083641 0.405194 0.087175 0.055945 
0.002824 0.018590 0.037646 0.260220 0.048882 0.231882 0.039934 0.232223 0.095189 0.032610 
0.010743 0.035741 0.050749 0.335132 0.045665 0.193611 0.033077 0.195045 0.064334 0.035904 
0.007176 0.030151 0.040722 0.351338 0.072607 0.204377 0.039614 0.165574 0.048089 0.040351 
0.009560 0.028589 0.071433 0.416630 0.072823 0.177289 0.025619 0.129140 0.052664 0.016252 
0.004314 0.010956 0.043803 0.471695 0.106796 0.167248 0.023303 0.115255 0.046167 0.010462 
0.006756 0.043174 0.065069 0.441985 0.093562 0.165155 0.027969 0.093117 0.037130 0.026084 
0.002291 0.008473 0.040757 0.505156 0.147145 0.137041 0.044882 0.045151 0.034952 0.034153 
0.007784 0.030289 0.090791 0.434044 0.104835 0.120327 0.046781 0.059730 0.070871 0.034547 
0.002705 0.013557 0.053650 0.387127 0.152941 0.100039 0.039855 0.061325 0.107042 0.081759 
0.003500 0.015041 0.061585 0.347334 0.114375 0.107271 0.019531 0.045345 0.135710 0.150309 
0.003643 0.014662 0.044724 0.127526 0.076432 0.127986 0.237106 0.199438 0.113134 0.055350 
0.000387 0.009356 0.022958 0.108564 0.022225 0.229089 0.083782 0.403904 0.074095 0.045641 
0.005838 0.023733 0.035124 0.187821 0.032018 0.285153 0.048389 0.304260 0.053660 0.024003 
0.002979 0.008642 0.031851 0.281404 0.024658 0.250431 0.080174 0.253050 0.044414 0.022397 
0.001614 0.006289 0.029341 0.338725 0.049402 0.236836 0.101558 0.207787 0.024822 0.003627 
0.008123 0.018230 0.035609 0.381334 0.040312 0.217415 0.063868 0.170040 0.044150 0.020919 
0.005435 0.036496 0.060532 0.445495 0.040769 0.194181 0.032425 0.134102 0.037933 0.012631 
0.008179 0.020217 0.044807 0.458637 0.060423 0.179411 0.053155 0.112043 0.047845 0.015286 
0.003495 0.012064 0.045303 0.478440 0.081757 0.162317 0.067729 0.092794 0.044699 0.011400 
0.005770 0.025999 0.071191 0.490328 0.069578 0.146953 0.040558 0.081028 0.056559 0.012036 
0.006833 0.020233 0.042064 0.530382 0.073578 0.163308 0.021046 0.063971 0.033969 0.044616 
0.005262 0.023681 0.054905 0.506660 0.110224 0.106415 0.034682 0.051783 0.057868 0.048519 
0.007894 0.011478 0.045548 0.491444 0.089441 0.140898 0.040821 0.041418 0.079208 0.051851 
0.003349 0.024015 0.087015 0.522430 0.096105 0.101871 0.025581 0.039486 0.064112 0.036035 
0.009179 0.045105 0.079441 0.513122 0.106880 0.095487 0.027812 0.061221 0.040199 0.021554 
0.001516 0.019882 0.152315 0.374193 0.115448 0.091315 0.065242 0.093649 0.048733 0.037707 
0.004155 0.016892 0.163428 0.471672 0.082142 0.067245 0.032560 0.044901 0.088447 0.028558 
0.006977 0.043526 0.196583 0.390489 0.091781 0.051515 0.058952 0.056258 0.071966 0.031954 
0.003284 0.028509 0.028196 0.065563 0.098522 0.128147 0.470336 0.111125 0.040834 0.025486 
0.003576 0.008235 0.018017 0.131439 0.142675 0.123438 0.352164 0.178807 0.034841 0.006808 
0.000926 0.006311 0.021725 0.222167 0.123414 0.079899 0.299268 0.230816 0.010633 0.004841 
0.006684 0.026828 0.048062 0.278977 0.062794 0.046040 0.272581 0.211537 0.030370 0.016128 
0.004004 0.020920 0.041730 0.323592 0.103319 0.055702 0.237545 0.185030 0.015247 0.012911 
0.003440 0.017352 0.043123 0.370683 0.124555 0.064384 0.180640 0.159918 0.023010 0.012897 
0.005703 0.023801 0.058143 0.378969 0.103888 0.096914 0.170539 0.142928 0.010970 0.008145 
0.003648 0.016450 0.050404 0.417246 0.193420 0.045420 0.134887 0.124517 0.007457 0.006550 
0.009703 0.042653 0.060338 0.436907 0.119565 0.076011 0.121962 0.105897 0.016315 0.010649 
0.002155 0.003430 0.036554 0.146673 0.123042 0.115155 0.159648 0.271201 0.107575 0.034564 
0.002094 0.003683 0.035780 0.099023 0.073464 0.193844 0.082495 0.267584 0.225980 0.016052 
0.003310 0.014026 0.069219 0.150745 0.058188 0.199197 0.091079 0.170280 0.211131 0.032825 
0.008276 0.027989 0.112748 0.201197 0.094365 0.126193 0.043470 0.177725 0.179847 0.028190 
0.002691 0.024277 0.129055 0.255282 0.121178 0.126010 0.018162 0.135910 0.168899 0.018536 
0.014119 0.050872 0.178844 0.245231 0.100996 0.143825 0.041324 0.087180 0.127155 0.010453 
0.014736 0.057019 0.198266 0.286063 0.073577 0.122916 0.043325 0.079994 0.107957 0.016146 
0.002381 0.015132 0.170932 0.369590 0.130150 0.117984 0.020914 0.059131 0.097573 0.016212 
0.013905 0.061410 0.216070 0.315084 0.121121 0.110691 0.035410 0.047368 0.067934 0.011005 
0.001030 0.011920 0.047050 0.125435 0.026950 0.052733 0.272311 0.138739 0.186467 0.137365 
0.001012 0.006661 0.035763 0.075137 0.050843 0.049064 0.275205 0.176069 0.169906 0.160341 
0.001649 0.011549 0.030209 0.144562 0.043754 0.077459 0.250140 0.180035 0.117406 0.143237 
0.000782 0.005227 0.052902 0.200755 0.101391 0.111241 0.209047 0.139480 0.073116 0.106059 
0.001444 0.014320 0.049749 0.258455 0.083425 0.097048 0.199742 0.151081 0.049558 0.095177 
0.011165 0.044133 0.107126 0.268248 0.061788 0.101862 0.163451 0.127888 0.048601 0.065739 
0.005610 0.017220 0.090596 0.355593 0.074691 0.098345 0.146877 0.109424 0.053376 0.048268 
0.010440 0.047598 0.136020 0.368124 0.071161 0.100797 0.101743 0.087321 0.028893 0.047903 
0.008567 0.036086 0.122557 0.428358 0.075610 0.084823 0.084140 0.080943 0.034095 0.044819 
0.009313 0.044202 0.148751 0.451045 0.089710 0.068005 0.073813 0.068286 0.021961 0.024915 
0.011704 0.050120 0.170460 0.448763 0.058070 0.078601 0.077717 0.060805 0.019488 0.024271 
0.008143 0.038693 0.138006 0.523288 0.086291 0.062165 0.059351 0.049526 0.010835 0.023702 
0.002605 0.009699 0.039044 0.107803 0.083765 0.051416 0.339357 0.111827 0.140967 0.113516 
0.001614 0.013618 0.025643 0.069108 0.082340 0.047626 0.299187 0.141848 0.160399 0.158618 
0.001517 0.006473 0.036383 0.104742 0.121217 0.073011 0.287210 0.146391 0.109370 0.113684 
0.004626 0.016407 0.049199 0.181996 0.125734 0.072286 0.253575 0.125175 0.075013 0.095989 
0.002370 0.016538 0.053449 0.241901 0.142065 0.078901 0.217054 0.113194 0.066720 0.067810 
0.003553 0.010955 0.046569 0.321055 0.139810 0.080638 0.181593 0.110428 0.046671 0.058727 
0.004418 0.026525 0.078938 0.317496 0.154400 0.064399 0.139638 0.092954 0.067661 0.053569 
0.000123 0.010091 0.044260 0.364121 0.067807 0.063873 0.067834 0.072604 0.266958 0.042328 
0.003341 0.016832 0.058683 0.358508 0.075205 0.062745 0.055709 0.081583 0.260159 0.027234 
0.010060 0.041222 0.087817 0.382977 0.058569 0.066494 0.043650 0.037925 0.249344 0.021942 
0.006711 0.028004 0.058657 0.363442 0.085757 0.052091 0.100782 0.020966 0.232734 0.050854 
0.002840 0.010832 0.026480 0.324156 0.053352 0.034283 0.126921 0.029412 0.159481 0.232242 
0.007242 0.031492 0.050690 0.331692 0.044345 0.045275 0.151685 0.025778 0.123079 0.188722 
0.007075 0.030083 0.059606 0.331684 0.032549 0.076418 0.058969 0.074999 0.302440 0.026177 
0.004060 0.020171 0.069273 0.371014 0.061715 0.080273 0.047187 0.080866 0.235726 0.029715 
0.009119 0.039067 0.126994 0.353935 0.057273 0.101835 0.047094 0.127478 0.079660 0.057545 
0.002361 0.015814 0.101002 0.323857 0.078833 0.074349 0.079423 0.149415 0.110376 0.064571 
0.011226 0.049592 0.219399 0.296466 0.066661 0.058305 0.062111 0.087777 0.115315 0.033149 
0.001549 0.013591 0.210644 0.168008 0.076693 0.151568 0.105163 0.135283 0.115268 0.022233 
0.000546 0.013776 0.263853 0.160667 0.086958 0.116680 0.079627 0.151237 0.101076 0.025580 
0.007641 0.035882 0.300135 0.164631 0.108010 0.076821 0.050033 0.122740 0.122990 0.011118 
0.000730 0.011649 0.273138 0.203522 0.158028 0.061460 0.083515 0.064950 0.103961 0.039046 
0.005703 0.038185 0.216599 0.296886 0.119421 0.090245 0.047043 0.109740 0.063482 0.012696 
0.006535 0.035123 0.186094 0.327110 0.158550 0.059075 0.047708 0.117318 0.027839 0.034649 
0.002419 0.018363 0.114236 0.332067 0.093639 0.132039 0.071288 0.143314 0.071213 0.021422 
0.006243 0.032557 0.180644 0.276659 0.119202 0.092367 0.072136 0.144111 0.067911 0.008170 
0.001036 0.005639 0.288957 0.138879 0.161267 0.047913 0.124285 0.064184 0.136888 0.030952 
0.013920 0.062946 0.317947 0.207077 0.061180 0.071966 0.095692 0.105781 0.044858 0.018634 
0.014725 0.065535 0.316462 0.223191 0.052950 0.060252 0.097647 0.093680 0.053575 0.021982 
0.002127 0.013606 0.095003 0.467928 0.073675 0.127207 0.118076 0.050264 0.035105 0.017009 
0.006069 0.025274 0.050966 0.479975 0.059517 0.173519 0.122227 0.051077 0.022211 0.009166 
0.005822 0.015434 0.037531 0.570920 0.077660 0.125618 0.079325 0.054649 0.028482 0.004559 
0.010360 0.048623 0.103693 0.467758 0.099156 0.119936 0.066308 0.043906 0.034095 0.006163 
0.001558 0.014299 0.074861 0.573901 0.051703 0.113864 0.076080 0.040816 0.041158 0.011760 
0.001253 0.011585 0.057130 0.560150 0.114105 0.097108 0.054441 0.050099 0.036694 0.017435 
0.008030 0.036136 0.083534 0.445964 0.100549 0.106981 0.052019 0.091209 0.032769 0.042809 
0.006031 0.017846 0.038602 0.357316 0.032327 0.291792 0.067206 0.139988 0.033338 0.015555 
0.003592 0.018967 0.045905 0.250831 0.039008 0.311972 0.036985 0.243496 0.037564 0.011680 
0.002145 0.010519 0.060933 0.361909 0.026800 0.234996 0.049995 0.199819 0.037882 0.015003 
0.000727 0.009477 0.041893 0.314326 0.073707 0.226042 0.062631 0.230655 0.030810 0.009732 
0.008558 0.037677 0.065863 0.434246 0.074463 0.144689 0.068485 0.142914 0.017899 0.005207 
0.002568 0.027619 0.037147 0.420302 0.070763 0.181062 0.086361 0.143547 0.021984 0.008647 
0.008105 0.039042 0.069077 0.454378 0.081143 0.175002 0.029648 0.120586 0.021523 0.001495 
0.003774 0.019993 0.072685 0.449653 0.095478 0.180959 0.039688 0.108489 0.021596 0.007684 
0.008740 0.036039 0.087697 0.473088 0.063301 0.148005 0.057523 0.089823 0.028109 0.007676 
0.007888 0.035138 0.063562 0.504783 0.085240 0.125912 0.051832 0.090039 0.020181 0.015425 
0.006628 0.030176 0.056882 0.485060 0.085648 0.171761 0.031670 0.086836 0.033824 0.011513 
0.010617 0.022516 0.061913 0.229434 0.059910 0.171518 0.167745 0.162131 0.076996 0.037220 
0.002895 0.010747 0.026615 0.225570 0.033165 0.385151 0.054898 0.187422 0.044188 0.029349 
0.001599 0.012016 0.024833 0.299701 0.037258 0.346221 0.058486 0.196371 0.014851 0.008664 
0.001533 0.008867 0.042310 0.384551 0.066298 0.252649 0.034004 0.154918 0.038539 0.016330 
0.008515 0.034789 0.074284 0.435704 0.058731 0.195361 0.022981 0.132784 0.022009 0.014843 
0.007788 0.032696 0.050708 0.463556 0.070419 0.189450 0.032877 0.130537 0.015065 0.006904 
0.000537 0.008462 0.046348 0.486480 0.098832 0.189813 0.039079 0.106335 0.016740 0.007374 
0.008570 0.034390 0.062714 0.504718 0.079812 0.185151 0.014176 0.091132 0.013560 0.005776 
0.006295 0.028788 0.051164 0.500711 0.091659 0.186564 0.024674 0.079346 0.019022 0.011776 
0.008653 0.034156 0.063741 0.496746 0.090019 0.160377 0.045142 0.070138 0.021280 0.009748 
0.010336 0.046788 0.075428 0.514373 0.090796 0.133552 0.039899 0.061918 0.018110 0.008800 
0.003695 0.011763 0.052575 0.552064 0.088484 0.154070 0.036331 0.051664 0.032436 0.016917 
0.009814 0.042827 0.069357 0.574255 0.091637 0.115177 0.019284 0.046417 0.020910 0.010322 
0.007060 0.025395 0.067634 0.561880 0.087607 0.139423 0.023248 0.055680 0.021239 0.010834 
0.006306 0.021354 0.093073 0.541167 0.096012 0.108566 0.028072 0.042113 0.039017 0.024321 
0.010841 0.042481 0.167199 0.531825 0.059537 0.095392 0.026696 0.032369 0.018203 0.015456 
0.002846 0.017820 0.093176 0.524680 0.107756 0.097689 0.047013 0.045891 0.036135 0.026996 
0.009431 0.033773 0.121544 0.570452 0.073405 0.069410 0.049483 0.033498 0.014644 0.024361 
0.003051 0.015740 0.023470 0.065703 0.092723 0.153072 0.357123 0.227070 0.044601 0.017447 
0.001627 0.012321 0.013893 0.117891 0.087772 0.186192 0.335260 0.208832 0.029237 0.006976 
0.003306 0.010245 0.018790 0.170217 0.106849 0.184201 0.295532 0.170622 0.030233 0.010005 
0.005862 0.015662 0.019831 0.221086 0.111140 0.166751 0.257701 0.134717 0.047174 0.020076 
0.004831 0.030061 0.050968 0.262233 0.081785 0.113152 0.277147 0.102119 0.054294 0.023411 
0.000717 0.009919 0.022505 0.311491 0.104513 0.125001 0.284335 0.081088 0.043782 0.016649 
0.006941 0.017068 0.027103 0.308842 0.126130 0.156945 0.224593 0.073471 0.041693 0.017215 
0.005260 0.019387 0.028371 0.314265 0.152870 0.172402 0.188418 0.073181 0.032621 0.013225 
0.008280 0.033881 0.053821 0.336267 0.113503 0.132408 0.191782 0.091148 0.024386 0.014524 
0.002567 0.011146 0.015057 0.150597 0.075880 0.041904 0.096589 0.040790 0.315252 0.250218 
0.005308 0.020558 0.025307 0.086764 0.032968 0.060843 0.053736 0.060411 0.342080 0.312025 
0.006169 0.023729 0.030325 0.099874 0.048153 0.034381 0.052374 0.069638 0.329735 0.305622 
0.001814 0.013819 0.009791 0.114100 0.051621 0.057212 0.043765 0.077656 0.325310 0.304911 
0.005101 0.024583 0.033560 0.154745 0.045014 0.050516 0.040184 0.069729 0.295611 0.280958 
0.003717 0.016648 0.033707 0.184000 0.074780 0.033931 0.056734 0.063376 0.271763 0.261345 
0.001240 0.013668 0.022262 0.233745 0.071591 0.087685 0.052807 0.055106 0.237496 0.224401 
0.006975 0.032175 0.069564 0.299576 0.069349 0.055037 0.050202 0.030685 0.190117 0.196319 
0.004283 0.030318 0.060130 0.361729 0.107378 0.079488 0.063038 0.012598 0.096405 0.184633 
0.006837 0.020816 0.081299 0.047775 0.095397 0.105186 0.287580 0.097376 0.129805 0.127930 
0.003284 0.011721 0.124709 0.057011 0.144706 0.086277 0.182485 0.109229 0.096602 0.183976 
0.003544 0.015716 0.165386 0.072360 0.149279 0.107511 0.160037 0.123937 0.060540 0.141689 
0.003691 0.022268 0.233000 0.064724 0.132727 0.132597 0.136439 0.112056 0.081752 0.080747 
0.008527 0.034851 0.284694 0.098864 0.152903 0.115692 0.098297 0.089256 0.068595 0.048322 
0.015801 0.067263 0.345698 0.087897 0.128745 0.111977 0.085018 0.070806 0.038983 0.047812 
0.016133 0.069401 0.376903 0.123732 0.136423 0.094549 0.067531 0.059527 0.014900 0.040903 
0.010458 0.052700 0.394991 0.140766 0.122030 0.093314 0.072470 0.054934 0.024101 0.034236 
0.005038 0.036791 0.425896 0.159471 0.106595 0.096152 0.057164 0.052983 0.020741 0.039170 
0.004571 0.033205 0.436059 0.166256 0.102064 0.083915 0.064158 0.049337 0.031885 0.028550 
0.014000 0.067885 0.475559 0.148321 0.070281 0.083532 0.048144 0.042383 0.036755 0.013139 
0.017724 0.078921 0.481753 0.147195 0.090528 0.071742 0.044267 0.034275 0.023618 0.009978 
0.005038 0.015364 0.092285 0.045513 0.092239 0.046142 0.257530 0.101824 0.211291 0.132773 
0.000842 0.006097 0.054587 0.047923 0.152876 0.038730 0.233552 0.139702 0.189478 0.136215 
0.000120 0.006199 0.053785 0.032690 0.170932 0.046219 0.235087 0.166585 0.208463 0.079919 
0.000376 0.013258 0.074624 0.024179 0.211420 0.018463 0.248190 0.158144 0.129408 0.121938 
0.001245 0.007818 0.079117 0.045150 0.223051 0.053612 0.217506 0.164205 0.151609 0.056687 
0.002535 0.006618 0.096737 0.063376 0.256949 0.037421 0.201507 0.151600 0.100656 0.082601 
0.004560 0.019899 0.119788 0.026668 0.233986 0.062962 0.201596 0.144138 0.140884 0.045519 
0.005013 0.022046 0.127101 0.063298 0.254955 0.057509 0.185454 0.143192 0.083576 0.057856 
0.008166 0.032210 0.163846 0.051872 0.249020 0.045903 0.167390 0.148976 0.109079 0.023538 
0.009977 0.036595 0.198368 0.046642 0.243270 0.059098 0.170928 0.131865 0.067958 0.035298 
0.003123 0.027386 0.210991 0.131465 0.213090 0.074108 0.125541 0.122758 0.061689 0.029849 
0.016529 0.093889 0.265633 0.072501 0.166318 0.070927 0.124349 0.085292 0.047679 0.056884 
0.027516 0.231437 0.168653 0.142246 0.095490 0.095568 0.071845 0.077703 0.048678 0.040866 
0.000986 0.015093 0.033619 0.132804 0.476881 0.047519 0.059235 0.197361 0.020173 0.016329 
0.000203 0.004844 0.021341 0.099911 0.373227 0.059515 0.081940 0.296758 0.036578 0.025683 
0.005627 0.028124 0.043114 0.096314 0.315829 0.029427 0.062224 0.298400 0.074888 0.046053 
0.005356 0.019099 0.053121 0.154414 0.335829 0.042838 0.050055 0.253977 0.051854 0.033458 
0.005418 0.021997 0.022048 0.217274 0.404686 0.031105 0.035402 0.205910 0.028794 0.027366 
0.005433 0.020344 0.064300 0.225721 0.142337 0.032694 0.108338 0.171132 0.137132 0.092569 
0.004083 0.016664 0.053591 0.144314 0.211909 0.044811 0.147025 0.141732 0.154302 0.081569 
0.000317 0.005101 0.050878 0.153153 0.255738 0.038816 0.066848 0.263285 0.119908 0.045956 
0.006673 0.029511 0.089995 0.230398 0.121535 0.048411 0.128265 0.114212 0.164148 0.066851 
0.012597 0.050390 0.136661 0.225310 0.122328 0.021932 0.092285 0.154276 0.135533 0.048688 
0.003027 0.017098 0.102778 0.315283 0.155738 0.030693 0.111197 0.117215 0.107338 0.039633 
0.003680 0.024596 0.102908 0.383583 0.110585 0.025931 0.113884 0.103540 0.088024 0.043270 
0.006890 0.032824 0.110967 0.312290 0.209417 0.016232 0.073888 0.139862 0.061020 0.036610 
0.013772 0.048894 0.141581 0.243830 0.142337 0.030471 0.083789 0.134760 0.091175 0.069390 
0.002246 0.016613 0.056510 0.144051 0.113543 0.030280 0.058112 0.084623 0.254254 0.239768 
0.003570 0.015362 0.055720 0.153413 0.087729 0.027710 0.053219 0.084525 0.243689 0.275061 
0.005454 0.025274 0.083397 0.166112 0.057574 0.018182 0.039328 0.081415 0.239753 0.283511 
0.001139 0.012383 0.102040 0.193371 0.068515 0.006977 0.046687 0.116642 0.188799 0.263447 
0.011596 0.047713 0.142547 0.148842 0.121709 0.017927 0.039267 0.106619 0.179450 0.184330 
0.012606 0.050761 0.135700 0.206959 0.131931 0.018047 0.043177 0.104169 0.155684 0.140965 
0.006403 0.028821 0.095723 0.332600 0.086234 0.020224 0.044373 0.131956 0.126130 0.127536 
0.003087 0.031218 0.120777 0.350452 0.111598 0.009566 0.036954 0.100596 0.127270 0.108483 
0.004402 0.014689 0.029167 0.108328 0.072786 0.267049 0.206423 0.231882 0.035911 0.029364 
0.007458 0.027807 0.060315 0.182947 0.034322 0.386272 0.066740 0.207621 0.018679 0.007838 
0.000835 0.005318 0.018663 0.235134 0.035972 0.338077 0.073316 0.263436 0.022204 0.007045 
0.000965 0.007151 0.023585 0.303501 0.048028 0.267772 0.067583 0.256559 0.016440 0.008416 
0.001463 0.009163 0.018113 0.358062 0.046395 0.225614 0.062070 0.244633 0.026243 0.008245 
0.004115 0.016371 0.030664 0.387672 0.063345 0.232234 0.051955 0.190211 0.015068 0.008366 
0.004266 0.093402 0.061535 0.293280 0.105242 0.166433 0.096809 0.137564 0.029471 0.011999 
0.068714 0.101774 0.063118 0.138093 0.257473 0.054061 0.077155 0.162618 0.043104 0.033891 
0.002720 0.019934 0.032429 0.043038 0.338869 0.049745 0.017886 0.062944 0.372857 0.059578 
0.006719 0.024284 0.051617 0.072972 0.182258 0.073665 0.039226 0.097526 0.390734 0.060998 
0.001800 0.015692 0.034399 0.054639 0.224843 0.135409 0.017241 0.106484 0.367574 0.041919 
0.002158 0.011252 0.025593 0.038717 0.138901 0.106165 0.031934 0.109337 0.492647 0.043295 
0.000160 0.003826 0.020245 0.060677 0.333237 0.050786 0.020909 0.071312 0.375598 0.063250 
0.001940 0.008474 0.021890 0.046559 0.290717 0.058649 0.031432 0.052151 0.411477 0.076711 
0.003693 0.013588 0.012776 0.041873 0.246189 0.117042 0.022100 0.043918 0.294610 0.204211 
0.003732 0.015178 0.025164 0.045118 0.270374 0.176116 0.050143 0.032466 0.124511 0.257198 
0.000879 0.006538 0.023920 0.036090 0.287234 0.203556 0.065580 0.043734 0.113698 0.218771 
0.006643 0.026473 0.038010 0.109719 0.313945 0.110909 0.052565 0.066497 0.138775 0.136463 
0.006808 0.028945 0.046320 0.068107 0.218101 0.091394 0.102868 0.135766 0.139192 0.162499 
0.001422 0.020899 0.045576 0.094820 0.255698 0.142811 0.112306 0.203816 0.078879 0.043774 
0.003191 0.019211 0.049516 0.082226 0.214016 0.085816 0.092023 0.307082 0.110414 0.036506 
0.005226 0.023777 0.060984 0.092360 0.249606 0.095543 0.057014 0.210705 0.143068 0.061716 
0.009729 0.039525 0.112618 0.118002 0.200344 0.058538 0.066458 0.120471 0.208233 0.066083 
0.008353 0.034463 0.146051 0.156652 0.191625 0.068224 0.041001 0.098792 0.191058 0.063781 
0.001541 0.009026 0.103237 0.172883 0.200240 0.051141 0.053656 0.225288 0.138021 0.044968 
0.002890 0.015799 0.133008 0.165995 0.170244 0.052005 0.116103 0.220611 0.062240 0.061107 
0.008000 0.037230 0.123998 0.201685 0.111346 0.073406 0.192656 0.131689 0.051064 0.068926 
0.006041 0.028460 0.095505 0.299589 0.087092 0.067279 0.172738 0.095047 0.060136 0.088114 
0.007855 0.033795 0.117905 0.283651 0.076762 0.055756 0.123973 0.120641 0.067407 0.112255 
0.000934 0.007605 0.086749 0.350857 0.099505 0.057657 0.188158 0.069101 0.070643 0.068791 
0.011348 0.044024 0.075129 0.497259 0.122493 0.053214 0.090410 0.053445 0.028583 0.024095 
0.001505 0.012767 0.048153 0.192622 0.477580 0.039210 0.044540 0.131332 0.031984 0.020306 
0.009782 0.036797 0.112109 0.128964 0.424078 0.034590 0.024761 0.141019 0.060306 0.027593 
0.002239 0.009970 0.073422 0.148961 0.318335 0.021652 0.062480 0.245633 0.058120 0.059188 
0.005925 0.022044 0.071852 0.112541 0.373487 0.047216 0.053871 0.222237 0.041791 0.049037 
0.006703 0.030831 0.070373 0.127115 0.378458 0.063830 0.061957 0.189798 0.042940 0.027995 
0.004269 0.031304 0.083966 0.103556 0.365642 0.034623 0.051254 0.265264 0.029202 0.030919 
0.006378 0.026767 0.081877 0.126105 0.390259 0.037467 0.059238 0.223403 0.026800 0.021706 
0.006896 0.026850 0.083001 0.116687 0.396500 0.044770 0.052451 0.231011 0.024893 0.016942 
0.002933 0.012034 0.081331 0.117500 0.354530 0.026819 0.053092 0.308987 0.028049 0.014724 
0.010089 0.043397 0.069211 0.173117 0.391630 0.037964 0.039117 0.196742 0.027345 0.011390 
0.011260 0.048293 0.082957 0.131859 0.391438 0.054884 0.046799 0.212395 0.015364 0.004750 
0.013226 0.036817 0.087262 0.125082 0.388296 0.041580 0.044394 0.204463 0.036422 0.022459 
0.001940 0.022187 0.058297 0.187687 0.402764 0.044748 0.038006 0.187021 0.030937 0.026414 
0.001839 0.012875 0.081637 0.115980 0.404663 0.052345 0.035335 0.208737 0.059401 0.027187 
0.000964 0.008867 0.079503 0.148522 0.407203 0.038335 0.053668 0.198183 0.040562 0.024192 
0.000609 0.010892 0.051799 0.172675 0.511844 0.040003 0.059342 0.126018 0.016904 0.009914 
0.011052 0.046844 0.099640 0.241958 0.322235 0.044743 0.065081 0.122818 0.017735 0.027894 
0.006450 0.029113 0.086647 0.197388 0.345176 0.072027 0.106415 0.091613 0.039051 0.026119 
0.004239 0.014701 0.038031 0.118712 0.273037 0.045143 0.052404 0.323319 0.091933 0.038482 
0.004717 0.019071 0.049728 0.057143 0.241813 0.044416 0.027170 0.127724 0.395103 0.033115 
0.000374 0.010118 0.050339 0.044696 0.208503 0.049593 0.033320 0.116856 0.414773 0.071428 
0.000341 0.009688 0.044901 0.041547 0.190863 0.049603 0.041724 0.066082 0.393222 0.162029 
0.000363 0.004731 0.044554 0.053753 0.183452 0.156490 0.049266 0.066750 0.152707 0.287934 
0.000827 0.002310 0.042114 0.056174 0.285436 0.065883 0.022365 0.062638 0.293998 0.168255 
0.005524 0.026878 0.043284 0.099224 0.266638 0.175080 0.061932 0.042005 0.135282 0.144154 
0.006506 0.030292 0.050949 0.130332 0.263950 0.209802 0.064117 0.065518 0.108127 0.070407 
0.003306 0.017032 0.088071 0.174618 0.225886 0.109478 0.089471 0.097608 0.101988 0.092541 
0.003805 0.023223 0.095888 0.143672 0.222235 0.122614 0.086816 0.091577 0.139796 0.070373 
0.001816 0.017366 0.095551 0.161254 0.189661 0.102626 0.069202 0.098905 0.194768 0.068852 
0.001605 0.020619 0.088597 0.175622 0.229619 0.097215 0.069898 0.145721 0.103296 0.067808 
0.004755 0.018329 0.066626 0.180136 0.194539 0.105228 0.030971 0.191342 0.130581 0.077493 
0.000286 0.010416 0.087219 0.193121 0.189131 0.102988 0.060571 0.169617 0.124324 0.062329 
0.003441 0.016187 0.060898 0.180859 0.206015 0.114168 0.066451 0.144047 0.141348 0.066587 
0.001268 0.019084 0.062461 0.168654 0.160765 0.093798 0.067155 0.150110 0.161061 0.115643 
0.004777 0.029548 0.053327 0.153301 0.221296 0.123947 0.062594 0.131104 0.116386 0.103720 
0.002290 0.058269 0.091754 0.150151 0.193624 0.162332 0.102046 0.107997 0.080918 0.050620 
0.009070 0.055026 0.071600 0.140515 0.200692 0.161067 0.076276 0.124468 0.078684 0.082602 
0.015171 0.074623 0.123192 0.174371 0.179843 0.091314 0.050587 0.122725 0.104254 0.063920 
0.009837 0.016010 0.093608 0.228555 0.183427 0.088407 0.077405 0.120947 0.084355 0.097451 
0.001426 0.029413 0.069195 0.211040 0.175112 0.128127 0.103229 0.114818 0.084789 0.082853 
0.004521 0.035293 0.074168 0.225221 0.204191 0.144164 0.063189 0.093192 0.091985 0.064076 
0.002484 0.028930 0.073751 0.215506 0.151300 0.196479 0.076173 0.093640 0.101086 0.060649 
0.000527 0.028474 0.081077 0.232669 0.171873 0.151198 0.077246 0.118601 0.077127 0.061207 
0.004425 0.030966 0.079060 0.219404 0.231483 0.132030 0.081038 0.108607 0.058259 0.054726 
0.011656 0.076426 0.129671 0.161330 0.197891 0.096642 0.084433 0.091541 0.084084 0.066325 
0.002237 0.050287 0.079974 0.158867 0.186151 0.143493 0.087412 0.121336 0.103031 0.067212 
0.007460 0.055502 0.065281 0.139334 0.200722 0.159388 0.042091 0.137205 0.102585 0.090433 
0.008358 0.037494 0.049119 0.308232 0.255072 0.069107 0.081098 0.119151 0.053749 0.018619 
0.006914 0.029528 0.049415 0.166267 0.200870 0.032856 0.078501 0.364965 0.059608 0.011077 
0.001595 0.006341 0.046821 0.069406 0.296049 0.064216 0.061488 0.372428 0.062034 0.019623 
0.001863 0.021350 0.041799 0.048498 0.272722 0.070078 0.068021 0.336931 0.096313 0.042424 
0.001429 0.009582 0.041678 0.033495 0.252325 0.039501 0.032862 0.195182 0.346273 0.047672 
0.000111 0.009410 0.034732 0.054940 0.198090 0.052584 0.019747 0.150483 0.396305 0.083597 
0.001262 0.010574 0.051915 0.072155 0.239301 0.057711 0.045962 0.134097 0.348246 0.038776 
