Be-With-You,Akon
0.000000 0.000000 0.000000 0.000000 0.000000 0.000000 0.000000 0.000000 0.000000 0.000000 
0.070210 0.140259 0.093597 0.062867 0.081839 0.061213 0.082733 0.048532 0.177883 0.180868 
0.138362 0.100844 0.133233 0.083174 0.138803 0.035114 0.047883 0.072537 0.120759 0.129291 
0.003159 0.126093 0.131866 0.124889 0.170509 0.075578 0.087030 0.057896 0.088223 0.134756 
0.002867 0.152661 0.468919 0.171216 0.067548 0.030475 0.023770 0.027882 0.035304 0.019358 
0.010715 0.405054 0.301243 0.048988 0.086669 0.033821 0.030378 0.024885 0.033017 0.025230 
0.025533 0.618372 0.136522 0.026731 0.032947 0.040108 0.036883 0.028853 0.015351 0.038700 
0.033164 0.606821 0.147503 0.050529 0.047437 0.022732 0.020605 0.021072 0.025672 0.024465 
0.012558 0.552787 0.170819 0.063314 0.051451 0.031304 0.029099 0.025374 0.039481 0.023811 
0.038647 0.510570 0.195858 0.060157 0.061309 0.030616 0.026336 0.021397 0.021311 0.033800 
0.015661 0.444524 0.235079 0.053108 0.084480 0.035029 0.026703 0.012276 0.036941 0.056199 
0.029972 0.370271 0.260019 0.093001 0.074729 0.024506 0.026895 0.016752 0.057623 0.046233 
0.027683 0.376263 0.185864 0.047320 0.095135 0.043095 0.018776 0.035106 0.081750 0.089010 
0.003809 0.237934 0.227269 0.076258 0.128589 0.056340 0.012344 0.049856 0.100922 0.106679 
0.018964 0.292444 0.222617 0.074080 0.097740 0.039173 0.008370 0.077350 0.066452 0.102809 
0.043580 0.209267 0.239285 0.259796 0.078875 0.032676 0.019865 0.059378 0.033748 0.023530 
0.031796 0.365770 0.397746 0.068602 0.037063 0.016581 0.023672 0.016107 0.022412 0.020250 
0.003339 0.663089 0.168748 0.042047 0.033820 0.014466 0.014119 0.015224 0.024845 0.020302 
0.026749 0.685584 0.114271 0.045953 0.027367 0.021355 0.017617 0.019666 0.023917 0.017522 
0.015825 0.541567 0.063952 0.043584 0.081334 0.042803 0.060954 0.071649 0.057905 0.020427 
0.042241 0.478238 0.061380 0.047314 0.033866 0.024137 0.033059 0.098199 0.086490 0.095078 
0.048239 0.381309 0.192602 0.081842 0.066543 0.047297 0.043551 0.046229 0.048858 0.043530 
0.044285 0.291855 0.137179 0.096880 0.082152 0.060322 0.041128 0.054890 0.114307 0.077002 
0.015435 0.276076 0.166239 0.098139 0.100791 0.093396 0.052617 0.051998 0.075081 0.070227 
0.000577 0.305683 0.190662 0.097381 0.121578 0.078967 0.044539 0.031625 0.062246 0.066741 
0.011741 0.369854 0.161598 0.075576 0.158442 0.043969 0.029990 0.029521 0.094118 0.025192 
0.011443 0.079020 0.084354 0.120747 0.120261 0.106315 0.146533 0.118616 0.126699 0.086011 
0.007571 0.143715 0.560018 0.119612 0.056309 0.034147 0.031818 0.016386 0.016553 0.013872 
0.007159 0.547926 0.195236 0.055624 0.042860 0.047504 0.019725 0.023375 0.029563 0.031029 
0.012753 0.464300 0.198210 0.068063 0.049862 0.041844 0.037220 0.051688 0.042034 0.034026 
0.010803 0.612889 0.112356 0.026683 0.031899 0.060395 0.034320 0.039495 0.040749 0.030410 
0.000509 0.451940 0.216618 0.069135 0.061098 0.055304 0.037637 0.034159 0.020159 0.053439 
0.037144 0.540573 0.164377 0.040590 0.027323 0.061869 0.034615 0.038892 0.026814 0.027804 
0.017571 0.369676 0.245143 0.077005 0.106119 0.086146 0.011157 0.025268 0.032527 0.029388 
0.015481 0.263692 0.207092 0.058140 0.069534 0.073304 0.117020 0.037483 0.045016 0.113238 
0.012313 0.084476 0.034392 0.028502 0.121603 0.106806 0.136864 0.120615 0.221084 0.133345 
0.024671 0.082338 0.044276 0.079678 0.096396 0.144502 0.156502 0.061433 0.183433 0.126770 
0.031862 0.067620 0.085232 0.054514 0.055143 0.122317 0.262955 0.068838 0.090681 0.160837 
0.015283 0.113240 0.532635 0.155615 0.061911 0.027175 0.029734 0.030848 0.019318 0.014240 
0.059852 0.655418 0.172338 0.037113 0.022447 0.010986 0.022934 0.008416 0.005936 0.004560 
0.044708 0.561362 0.137550 0.070195 0.049858 0.027468 0.037741 0.029376 0.023453 0.018288 
0.019663 0.185587 0.383799 0.172510 0.081366 0.037493 0.033287 0.029776 0.036277 0.020242 
0.022046 0.346834 0.342153 0.082897 0.071357 0.027307 0.027206 0.023077 0.027247 0.029875 
0.013302 0.616289 0.182050 0.041226 0.042091 0.020591 0.034638 0.015846 0.020241 0.013725 
0.053375 0.607630 0.178626 0.046984 0.026582 0.019395 0.027602 0.016700 0.015579 0.007529 
0.064203 0.465355 0.224317 0.069319 0.038063 0.025345 0.030984 0.033714 0.027274 0.021427 
0.033080 0.612680 0.152551 0.022984 0.017213 0.014020 0.081966 0.009824 0.030985 0.024696 
0.035482 0.413438 0.199150 0.063661 0.044989 0.034276 0.113386 0.032957 0.046721 0.015941 
0.032772 0.288016 0.135270 0.092933 0.153380 0.093135 0.066535 0.055903 0.047332 0.034724 
0.005367 0.193839 0.137481 0.053334 0.111379 0.096722 0.106640 0.104956 0.099428 0.090854 
0.012026 0.266450 0.171268 0.060651 0.064770 0.052062 0.123859 0.038570 0.094335 0.116010 
0.030020 0.397160 0.176202 0.047944 0.043097 0.025092 0.146614 0.042876 0.051093 0.039901 
0.013849 0.333931 0.258543 0.077525 0.086318 0.049919 0.112105 0.012109 0.041060 0.014639 
0.030396 0.406004 0.194735 0.051357 0.055021 0.041394 0.134529 0.039491 0.023320 0.023752 
0.020464 0.377152 0.227470 0.063544 0.061263 0.046038 0.101087 0.034107 0.047968 0.020908 
0.026564 0.385080 0.229235 0.067706 0.040830 0.074903 0.090858 0.028529 0.038811 0.017484 
0.021195 0.275855 0.238320 0.043940 0.105329 0.068890 0.102535 0.037076 0.049877 0.056982 
0.001109 0.036682 0.066427 0.042493 0.318209 0.144843 0.151909 0.116505 0.091874 0.029949 
0.011235 0.021745 0.021822 0.182125 0.084661 0.223669 0.061401 0.219944 0.059476 0.113923 
0.006354 0.028611 0.063658 0.244594 0.102092 0.209924 0.056202 0.134104 0.035528 0.118933 
0.005051 0.049114 0.046493 0.198905 0.111884 0.329557 0.020142 0.067994 0.031867 0.138992 
0.000847 0.026863 0.035617 0.195341 0.129047 0.265297 0.042918 0.070278 0.073697 0.160095 
0.011568 0.028582 0.078459 0.193821 0.145575 0.179273 0.049327 0.090692 0.096541 0.126162 
0.047664 0.234391 0.167665 0.118070 0.106539 0.116016 0.075359 0.052681 0.045553 0.036062 
0.005692 0.172158 0.535943 0.113950 0.047408 0.028008 0.046867 0.014857 0.019051 0.016066 
0.010094 0.400423 0.196498 0.104903 0.065692 0.045556 0.061450 0.031394 0.051931 0.032057 
0.011178 0.498178 0.173294 0.064863 0.036200 0.038114 0.053947 0.031395 0.053881 0.038950 
0.021467 0.508506 0.207064 0.076854 0.028663 0.031065 0.034289 0.027938 0.028659 0.035495 
0.016802 0.466813 0.174152 0.088303 0.045065 0.062678 0.050991 0.013073 0.042906 0.039216 
0.053696 0.372134 0.155960 0.107453 0.056237 0.038547 0.051244 0.019961 0.059735 0.085032 
0.003355 0.130966 0.213028 0.197427 0.130191 0.055190 0.077392 0.044172 0.070858 0.077421 
0.028250 0.259857 0.158530 0.211419 0.089590 0.036621 0.074308 0.039634 0.045253 0.056538 
0.036434 0.308485 0.146744 0.102112 0.155015 0.035630 0.060456 0.051554 0.070567 0.033003 
0.020163 0.367268 0.133237 0.071819 0.109565 0.070100 0.047850 0.073303 0.062884 0.043810 
0.018985 0.380483 0.198336 0.079450 0.068584 0.082347 0.044574 0.055647 0.041942 0.029653 
0.005051 0.157065 0.461140 0.180051 0.047933 0.035510 0.033175 0.038956 0.026181 0.014938 
0.014443 0.471956 0.258442 0.085899 0.047854 0.029605 0.029553 0.024388 0.020941 0.016919 
0.007065 0.519388 0.225987 0.078177 0.054380 0.029895 0.019777 0.023441 0.026636 0.015253 
0.023179 0.436159 0.174933 0.065158 0.090173 0.063859 0.055440 0.032724 0.033091 0.025285 
0.016630 0.434573 0.147014 0.064652 0.025108 0.053245 0.036934 0.069304 0.096723 0.055816 
0.061576 0.395245 0.059984 0.057532 0.066626 0.118970 0.041982 0.041866 0.122831 0.033389 
0.005248 0.258181 0.067782 0.126049 0.120162 0.191774 0.063716 0.026140 0.075826 0.065123 
0.010568 0.177521 0.088050 0.155828 0.096641 0.158334 0.047552 0.060718 0.127045 0.077743 
0.015950 0.166371 0.070880 0.177705 0.122972 0.113253 0.062022 0.056692 0.150550 0.063606 
0.015665 0.211622 0.123483 0.111445 0.125705 0.134348 0.080525 0.033844 0.079030 0.084334 
0.016405 0.328064 0.125222 0.100508 0.083182 0.115850 0.067089 0.039322 0.088525 0.035833 
0.015317 0.114853 0.485154 0.172453 0.069581 0.036866 0.021100 0.032228 0.026121 0.026326 
0.004446 0.449481 0.290895 0.074625 0.036229 0.017579 0.015860 0.036079 0.035719 0.039086 
0.020960 0.408994 0.178175 0.092076 0.081379 0.042016 0.036785 0.048243 0.045561 0.045811 
0.031942 0.643786 0.090078 0.031152 0.030396 0.034509 0.022846 0.032916 0.035599 0.046775 
0.079964 0.545689 0.106523 0.054129 0.034198 0.071129 0.015760 0.025053 0.034107 0.033448 
0.015629 0.608982 0.043411 0.052301 0.028902 0.116560 0.027987 0.032146 0.018480 0.055600 
0.040198 0.388476 0.166251 0.107479 0.064524 0.102461 0.038522 0.021512 0.025378 0.045199 
0.010854 0.479733 0.149319 0.081209 0.066842 0.067329 0.036206 0.042042 0.028696 0.037770 
0.006826 0.100205 0.079323 0.139418 0.068096 0.117481 0.099428 0.100089 0.124642 0.164493 
0.001639 0.080592 0.034113 0.122965 0.052644 0.136325 0.092729 0.177589 0.149031 0.152373 
0.026551 0.125081 0.036202 0.065260 0.088972 0.209840 0.058851 0.184907 0.083212 0.121124 
0.013027 0.103493 0.468229 0.196897 0.075380 0.031140 0.026477 0.040231 0.027404 0.017724 
0.017153 0.484343 0.330573 0.055287 0.037737 0.018944 0.016599 0.018070 0.009977 0.011317 
0.033238 0.536361 0.161861 0.077758 0.050788 0.034143 0.035036 0.021970 0.028679 0.020167 
0.016723 0.494136 0.141556 0.107605 0.079842 0.034960 0.032079 0.043447 0.025437 0.024215 
0.019070 0.148803 0.525251 0.112767 0.071374 0.040336 0.021445 0.023936 0.026766 0.010252 
0.029288 0.554880 0.281353 0.052253 0.014395 0.011639 0.017992 0.009199 0.020988 0.008013 
0.043483 0.621559 0.187726 0.058262 0.023724 0.012626 0.013172 0.012685 0.016247 0.010516 
0.005510 0.625218 0.201616 0.054524 0.028375 0.021689 0.019286 0.018538 0.017186 0.008058 
0.069553 0.505804 0.231372 0.062811 0.031201 0.019399 0.021698 0.023148 0.022666 0.012347 
0.030752 0.563979 0.142630 0.082889 0.043983 0.029565 0.041146 0.028766 0.022268 0.014021 
0.006699 0.476227 0.205882 0.141637 0.039816 0.024874 0.049969 0.021344 0.017822 0.015731 
0.003298 0.245186 0.108887 0.114288 0.120788 0.071372 0.084607 0.090476 0.105281 0.055816 
0.020046 0.289229 0.113963 0.100624 0.070353 0.072082 0.057109 0.090218 0.114596 0.071780 
0.038976 0.405846 0.082273 0.082195 0.074967 0.125929 0.038572 0.031363 0.054959 0.064918 
0.045551 0.469964 0.112909 0.098501 0.036331 0.065013 0.057571 0.017968 0.036453 0.059739 
0.033496 0.466611 0.155960 0.080312 0.063662 0.055330 0.045506 0.031386 0.022233 0.045505 
0.018529 0.404221 0.178297 0.090765 0.038362 0.089923 0.061839 0.048113 0.036194 0.033757 
0.013054 0.410396 0.178076 0.107979 0.034561 0.110356 0.059253 0.031156 0.025730 0.029439 
0.043678 0.456359 0.151764 0.058389 0.048477 0.107880 0.037627 0.028349 0.017383 0.050095 
0.019772 0.193150 0.171936 0.081700 0.115263 0.084835 0.121105 0.062911 0.085562 0.063764 
0.009923 0.027414 0.042577 0.135636 0.231987 0.217637 0.073081 0.126640 0.049270 0.085834 
0.010776 0.034763 0.068404 0.096300 0.112081 0.405563 0.046874 0.133526 0.030280 0.061435 
0.003352 0.035742 0.050956 0.238395 0.114978 0.261463 0.075985 0.131029 0.040838 0.047263 
0.015648 0.044984 0.075090 0.159503 0.093373 0.329319 0.053301 0.108226 0.044177 0.076379 
0.003402 0.023736 0.053673 0.183093 0.126940 0.319650 0.069191 0.092029 0.028645 0.099641 
0.000961 0.017225 0.036122 0.186644 0.107448 0.346439 0.096259 0.086332 0.056775 0.065795 
0.017547 0.102336 0.504903 0.164684 0.067460 0.025765 0.038536 0.033413 0.033303 0.012053 
0.006822 0.395010 0.280913 0.110790 0.066075 0.038609 0.022109 0.029588 0.035812 0.014272 
0.047191 0.480905 0.171561 0.052351 0.068630 0.034833 0.044360 0.035777 0.036697 0.027695 
0.031157 0.457617 0.150598 0.089503 0.080545 0.056468 0.042632 0.024032 0.037918 0.029530 
0.017009 0.554682 0.133119 0.080551 0.067992 0.041432 0.021909 0.022376 0.038563 0.022368 
0.046229 0.389567 0.231585 0.086179 0.048527 0.039832 0.021468 0.024882 0.056970 0.054761 
0.035698 0.221278 0.360864 0.080972 0.071280 0.049952 0.033372 0.039224 0.027789 0.079570 
0.043786 0.056557 0.444800 0.123807 0.080174 0.032343 0.028023 0.051891 0.050587 0.088033 
0.006075 0.084074 0.331254 0.100069 0.105515 0.040289 0.045333 0.067539 0.084246 0.135606 
0.009287 0.038500 0.335572 0.064641 0.153434 0.080469 0.024515 0.065061 0.070261 0.158260 
0.024144 0.075194 0.373276 0.088944 0.099136 0.069158 0.013877 0.063826 0.106139 0.086307 
0.027959 0.120210 0.471671 0.180024 0.070014 0.030549 0.029381 0.035860 0.022995 0.011337 
0.057234 0.444896 0.341165 0.053101 0.025954 0.021872 0.016670 0.011184 0.015794 0.012130 
0.068871 0.584218 0.170970 0.054299 0.032127 0.023008 0.022179 0.014914 0.016084 0.013331 
0.075746 0.636310 0.147458 0.035396 0.024241 0.013605 0.015185 0.016423 0.015899 0.019738 
0.044680 0.397983 0.145857 0.042799 0.085698 0.038317 0.066586 0.065609 0.071809 0.040661 
0.016214 0.469599 0.219550 0.037568 0.038907 0.033366 0.033358 0.033158 0.068803 0.049476 
0.090246 0.386436 0.217287 0.064384 0.034203 0.043871 0.022168 0.027028 0.072026 0.042351 
0.005679 0.047276 0.418262 0.163511 0.059748 0.055567 0.041407 0.047115 0.050862 0.110572 
0.009518 0.119193 0.316963 0.106308 0.069694 0.061052 0.108899 0.056038 0.032431 0.119904 
0.006246 0.122634 0.252044 0.155723 0.041418 0.068917 0.146765 0.041966 0.045808 0.118478 
0.072462 0.069861 0.279814 0.163322 0.069394 0.080770 0.123154 0.031051 0.046230 0.063941 
0.005024 0.036895 0.408721 0.270848 0.099353 0.037242 0.024914 0.049576 0.038181 0.029246 
0.011740 0.241409 0.517696 0.063099 0.048302 0.049728 0.017266 0.023170 0.008644 0.018947 
0.005540 0.524661 0.183768 0.040452 0.055316 0.046012 0.026784 0.045548 0.034585 0.037334 
0.009454 0.516081 0.171456 0.068370 0.077196 0.025789 0.030767 0.035835 0.035396 0.029657 
0.013162 0.457133 0.195822 0.051669 0.067707 0.087453 0.022593 0.039210 0.024400 0.040851 
0.054020 0.392472 0.231370 0.038733 0.053104 0.083821 0.036559 0.030327 0.020860 0.058734 
0.009728 0.369119 0.333215 0.038992 0.043652 0.083521 0.016760 0.014817 0.011558 0.078637 
0.000122 0.073182 0.475662 0.051803 0.105096 0.154313 0.024322 0.031731 0.026956 0.056813 
0.015619 0.146262 0.304295 0.106502 0.097952 0.155113 0.039813 0.060492 0.027506 0.046443 
0.031378 0.058500 0.138105 0.129732 0.118930 0.151670 0.043026 0.159986 0.050930 0.117742 
0.024960 0.019558 0.123247 0.087640 0.056565 0.127726 0.076937 0.234857 0.083776 0.164734 
0.020707 0.084740 0.127580 0.140407 0.142763 0.123494 0.129241 0.130203 0.075462 0.025404 
0.007536 0.144104 0.602713 0.132041 0.030175 0.024293 0.031656 0.017961 0.005579 0.003943 
0.009215 0.733962 0.108892 0.045123 0.018296 0.017471 0.021109 0.027223 0.010583 0.008125 
0.025360 0.585922 0.145616 0.071405 0.048631 0.030865 0.029900 0.035143 0.013082 0.014076 
0.010900 0.185801 0.445508 0.166159 0.059048 0.028530 0.030712 0.032119 0.025881 0.015341 
0.038159 0.542779 0.282577 0.045372 0.021467 0.013492 0.018908 0.006038 0.007782 0.023425 
0.082653 0.570702 0.161588 0.057963 0.039010 0.018076 0.017388 0.019140 0.015957 0.017524 
0.051530 0.698676 0.114047 0.036662 0.030824 0.017448 0.014463 0.014219 0.011270 0.010862 
0.018724 0.626051 0.166926 0.054513 0.025939 0.020619 0.020214 0.020363 0.018709 0.027942 
0.023527 0.443070 0.222363 0.093747 0.058367 0.033613 0.034024 0.030111 0.024611 0.036566 
0.021737 0.499868 0.341720 0.034623 0.024535 0.021238 0.012686 0.014043 0.012949 0.016601 
0.007921 0.033924 0.240786 0.042462 0.173141 0.083124 0.141234 0.072482 0.105997 0.098930 
0.012131 0.065306 0.256607 0.107511 0.090724 0.063437 0.058827 0.131528 0.129139 0.084790 
0.014777 0.053819 0.332223 0.081182 0.048168 0.143760 0.057241 0.065702 0.103789 0.099339 
0.008318 0.043622 0.472102 0.077055 0.054372 0.094011 0.051227 0.044342 0.044461 0.110491 
0.018183 0.090842 0.569880 0.073446 0.035808 0.065108 0.036358 0.026288 0.034379 0.049708 
0.021699 0.102924 0.455201 0.049881 0.046414 0.128477 0.090841 0.012593 0.029961 0.062008 
0.024112 0.083442 0.422572 0.079943 0.039008 0.171179 0.056561 0.021338 0.034411 0.067434 
0.012855 0.095760 0.531420 0.036551 0.041038 0.138477 0.039142 0.027780 0.018941 0.058037 
0.022462 0.149049 0.318203 0.050146 0.111075 0.109618 0.110202 0.052009 0.058851 0.018385 
0.001982 0.019982 0.040489 0.122303 0.223337 0.279854 0.106072 0.093255 0.044176 0.068550 
0.002319 0.010444 0.024571 0.171086 0.121637 0.256847 0.114444 0.169206 0.030359 0.099086 
0.014820 0.006377 0.019834 0.125794 0.133335 0.434106 0.086615 0.102184 0.023466 0.053469 
0.009154 0.021797 0.075455 0.133009 0.133922 0.410116 0.065607 0.069595 0.029862 0.051484 
0.008802 0.031514 0.105187 0.107656 0.110988 0.392862 0.076833 0.059251 0.049140 0.057767 
0.003777 0.029593 0.125106 0.160889 0.145585 0.281507 0.069292 0.095356 0.042328 0.046568 
0.002393 0.085316 0.369880 0.253727 0.072250 0.078246 0.057544 0.025881 0.034701 0.020062 
0.018626 0.288571 0.446167 0.076697 0.054919 0.030059 0.024639 0.024328 0.024782 0.011212 
0.007208 0.484965 0.221787 0.062028 0.050216 0.051369 0.034379 0.031755 0.030348 0.025946 
0.026620 0.518863 0.150206 0.066856 0.066709 0.025360 0.029891 0.038477 0.044175 0.032844 
0.003627 0.526334 0.186155 0.053180 0.054055 0.035928 0.027132 0.037175 0.041432 0.034982 
0.005041 0.425242 0.280129 0.051800 0.064234 0.037253 0.038570 0.030938 0.038214 0.028579 
0.015275 0.458086 0.153554 0.036113 0.079147 0.068845 0.047506 0.043087 0.017360 0.081028 
0.000932 0.356483 0.173237 0.048584 0.074923 0.166484 0.033165 0.022831 0.035981 0.087381 
0.011991 0.417883 0.202076 0.052691 0.073480 0.052627 0.030027 0.055062 0.024631 0.079533 
0.018945 0.220663 0.179510 0.065963 0.160156 0.114399 0.020058 0.082956 0.051946 0.085404 
0.033540 0.297562 0.129868 0.045132 0.178371 0.072132 0.026105 0.051832 0.062367 0.103090 
0.037645 0.317350 0.114979 0.076389 0.157568 0.104246 0.028319 0.045102 0.041519 0.076884 
0.011790 0.217890 0.486465 0.123875 0.056648 0.030364 0.021770 0.017928 0.018501 0.014767 
0.039107 0.639774 0.176984 0.040574 0.024178 0.022446 0.014755 0.013862 0.014978 0.013342 
0.050835 0.630422 0.140156 0.046395 0.033315 0.022843 0.022789 0.020779 0.018076 0.014390 
0.011171 0.445530 0.119109 0.054254 0.079995 0.068578 0.040383 0.063844 0.081119 0.036016 
0.052119 0.450963 0.126905 0.026955 0.053314 0.038575 0.037397 0.056166 0.098324 0.059282 
0.029185 0.386878 0.120828 0.070773 0.081709 0.074857 0.047375 0.054055 0.069458 0.064883 
0.047661 0.181616 0.105340 0.054122 0.121428 0.150349 0.050440 0.043146 0.148865 0.097031 
0.019096 0.132281 0.103580 0.048577 0.183510 0.153055 0.081113 0.056010 0.158530 0.064248 
0.004348 0.137085 0.112479 0.046994 0.122072 0.119055 0.086402 0.079634 0.111373 0.180560 
0.012259 0.116790 0.136529 0.065787 0.146236 0.147676 0.055039 0.045271 0.153435 0.120978 
0.013182 0.082452 0.117421 0.090683 0.195704 0.149303 0.041601 0.052562 0.151682 0.105410 
0.018658 0.113494 0.515746 0.154741 0.069151 0.033818 0.019020 0.028001 0.022338 0.025033 
0.040940 0.554555 0.160765 0.056964 0.048765 0.027299 0.026498 0.024923 0.020215 0.039077 
0.010109 0.517058 0.159806 0.089609 0.066086 0.028079 0.034023 0.025146 0.024613 0.045472 
0.015371 0.648518 0.086498 0.046769 0.048938 0.024444 0.019296 0.034185 0.026329 0.049652 
0.030718 0.533768 0.134607 0.063216 0.052362 0.038850 0.036071 0.035855 0.047097 0.027455 
0.070987 0.586344 0.104350 0.051747 0.037121 0.032755 0.015476 0.044783 0.034675 0.021762 
0.038269 0.454257 0.149116 0.071204 0.107178 0.029586 0.019545 0.067187 0.044381 0.019278 
0.009805 0.214851 0.385976 0.180463 0.056886 0.035109 0.028432 0.037174 0.032965 0.018338 
0.017882 0.561834 0.304620 0.039240 0.018531 0.011618 0.016090 0.012502 0.012693 0.004990 
0.040592 0.568084 0.178180 0.064832 0.040711 0.024974 0.021892 0.019482 0.019542 0.021712 
0.029408 0.626050 0.148666 0.060630 0.044359 0.023961 0.018527 0.013568 0.025233 0.009598 
0.051866 0.538194 0.167960 0.064529 0.067250 0.027867 0.033042 0.014466 0.025418 0.009407 
0.066183 0.503069 0.143213 0.071968 0.058127 0.024406 0.042639 0.031217 0.021788 0.037389 
0.032243 0.378014 0.150399 0.124110 0.066119 0.030074 0.053938 0.051470 0.050075 0.063557 
0.011828 0.106242 0.324866 0.253392 0.062576 0.081796 0.045785 0.047022 0.034633 0.031860 
0.011902 0.209930 0.421291 0.128966 0.066221 0.054141 0.028058 0.033766 0.030117 0.015608 
0.010528 0.543290 0.173040 0.050424 0.039228 0.069814 0.021531 0.037326 0.017335 0.037485 
0.052933 0.557736 0.125511 0.072128 0.050623 0.072284 0.008579 0.013230 0.011386 0.035591 
0.004884 0.480789 0.153877 0.041792 0.054099 0.139363 0.033992 0.031926 0.014154 0.045125 
0.047008 0.377093 0.132551 0.075858 0.074097 0.134722 0.027623 0.034007 0.036993 0.060049 
0.032780 0.376145 0.155403 0.098192 0.102720 0.106351 0.023613 0.040082 0.030133 0.034581 
0.018307 0.304786 0.096927 0.089377 0.095629 0.213783 0.044744 0.065485 0.039137 0.031826 
0.010308 0.131112 0.101677 0.091730 0.104306 0.111057 0.219301 0.114050 0.084683 0.031776 
0.016395 0.159308 0.059975 0.054610 0.060692 0.052919 0.388977 0.072355 0.061862 0.072907 
0.001801 0.190211 0.098184 0.087403 0.083259 0.070357 0.294678 0.089287 0.043278 0.041542 
0.015865 0.225056 0.165023 0.062135 0.093853 0.050045 0.240199 0.086978 0.022440 0.038407 
0.021184 0.223737 0.054027 0.056974 0.075412 0.063762 0.269329 0.094037 0.083319 0.058219 
0.002076 0.131355 0.104711 0.123106 0.060221 0.064639 0.326736 0.088839 0.059572 0.038745 
0.008426 0.186575 0.058099 0.066130 0.084244 0.054285 0.364860 0.078234 0.069473 0.029674 
0.025661 0.141968 0.273753 0.199502 0.077812 0.041307 0.143522 0.044073 0.036276 0.016127 
0.019995 0.222489 0.457423 0.070312 0.035048 0.098914 0.050621 0.019488 0.020138 0.005571 
0.035494 0.452971 0.103177 0.052381 0.042170 0.170820 0.061273 0.028632 0.040154 0.012927 
0.028110 0.423405 0.051627 0.031394 0.045894 0.211012 0.099585 0.033234 0.060193 0.015548 
0.019690 0.360077 0.048464 0.035488 0.063025 0.256688 0.133023 0.032059 0.038216 0.013270 
0.024489 0.376615 0.082172 0.057345 0.060245 0.264568 0.063307 0.021393 0.032515 0.017351 
0.027846 0.202702 0.079323 0.065691 0.038879 0.347014 0.144979 0.025375 0.052181 0.016009 
0.008601 0.045703 0.039932 0.111030 0.071702 0.438258 0.147088 0.036882 0.093393 0.007410 
0.000232 0.178775 0.445741 0.138400 0.051598 0.079341 0.037687 0.029056 0.022113 0.017057 
0.019742 0.315369 0.253492 0.083326 0.067864 0.123371 0.042874 0.027589 0.041976 0.024396 
0.054198 0.517053 0.107682 0.035310 0.038262 0.134212 0.035079 0.026070 0.030542 0.021591 
0.008734 0.410742 0.200803 0.075795 0.054989 0.125616 0.047382 0.017832 0.031134 0.026973 
0.078255 0.367982 0.153830 0.061423 0.057674 0.182611 0.027182 0.012781 0.035425 0.022837 
0.019454 0.451137 0.130462 0.052580 0.036509 0.191559 0.026588 0.011008 0.034066 0.046639 
0.035694 0.302222 0.202809 0.052930 0.034379 0.246981 0.057328 0.015045 0.026723 0.025888 
0.008190 0.283717 0.203610 0.074545 0.081003 0.206201 0.024860 0.034291 0.028538 0.055044 
0.017296 0.274329 0.149206 0.031000 0.099618 0.236496 0.036388 0.046178 0.052936 0.056552 
0.016899 0.260401 0.164648 0.041398 0.066093 0.228057 0.074905 0.058629 0.043224 0.045746 
0.016546 0.289064 0.189030 0.057012 0.064227 0.202391 0.060391 0.050277 0.032116 0.038946 
0.005192 0.088503 0.421845 0.178990 0.053364 0.103791 0.041637 0.036938 0.039165 0.030575 
0.007206 0.445809 0.223108 0.042962 0.054563 0.118695 0.025658 0.014964 0.027934 0.039102 
0.025822 0.476391 0.147380 0.068982 0.051832 0.097951 0.046073 0.030707 0.031933 0.022929 
0.036443 0.504299 0.059718 0.034075 0.058983 0.138439 0.062770 0.043983 0.036858 0.024432 
0.019344 0.368123 0.091395 0.043759 0.086128 0.108393 0.094548 0.076257 0.062770 0.049283 
0.012256 0.281283 0.083877 0.039793 0.070130 0.165203 0.187734 0.053559 0.045117 0.061048 
0.015205 0.155535 0.102562 0.049617 0.113778 0.277582 0.202012 0.031049 0.027559 0.025101 
0.010919 0.134064 0.061108 0.052099 0.098506 0.239773 0.250078 0.069608 0.035536 0.048309 
0.011085 0.106356 0.050212 0.040124 0.092348 0.284100 0.260202 0.039402 0.056720 0.059451 
0.001656 0.066451 0.061172 0.030902 0.087011 0.336972 0.297968 0.020550 0.051890 0.045428 
0.005304 0.060880 0.042508 0.046456 0.107963 0.283296 0.310189 0.070529 0.043146 0.029731 
0.011329 0.083867 0.410070 0.173970 0.076696 0.075999 0.076329 0.036742 0.034626 0.020369 
0.001742 0.334945 0.291077 0.073925 0.086832 0.134423 0.025776 0.013331 0.023437 0.014511 
0.008193 0.418965 0.169047 0.068088 0.075689 0.177608 0.022753 0.020327 0.030012 0.009317 
0.011181 0.525621 0.040646 0.029074 0.062526 0.238659 0.035585 0.023118 0.028029 0.005559 
0.011879 0.489674 0.036676 0.022623 0.055821 0.269475 0.039561 0.024420 0.028893 0.020977 
0.049458 0.345934 0.105950 0.036958 0.072244 0.272571 0.050392 0.025937 0.023640 0.016915 
0.011937 0.332243 0.096973 0.028036 0.076470 0.342567 0.054011 0.030455 0.012384 0.014924 
0.013140 0.228963 0.148585 0.054555 0.109036 0.326063 0.051653 0.035787 0.013999 0.018219 
0.014360 0.128212 0.127374 0.051659 0.123242 0.343410 0.121178 0.044386 0.019075 0.027103 
0.006393 0.070254 0.027714 0.062409 0.108793 0.474293 0.108183 0.057858 0.046134 0.037970 
0.049145 0.028362 0.019555 0.020397 0.116987 0.527580 0.106970 0.054865 0.034589 0.041548 
0.001517 0.031094 0.362336 0.259981 0.089030 0.103883 0.044810 0.049441 0.033496 0.024413 
0.006545 0.261856 0.535826 0.056599 0.024536 0.067443 0.022371 0.007013 0.007401 0.010411 
0.004928 0.528739 0.146099 0.065850 0.033549 0.094283 0.046571 0.037408 0.027820 0.014754 
0.003500 0.547853 0.116763 0.051703 0.023696 0.104040 0.054615 0.032708 0.040740 0.024381 
0.008336 0.249117 0.418502 0.139194 0.059437 0.041205 0.016880 0.026703 0.022928 0.017698 
0.046036 0.427737 0.254693 0.067852 0.061345 0.060415 0.026536 0.017110 0.013674 0.024603 
0.052467 0.624693 0.097970 0.049568 0.045391 0.058408 0.022483 0.012421 0.021814 0.014785 
0.017237 0.639462 0.115957 0.036187 0.045848 0.074967 0.015909 0.018164 0.025774 0.010496 
0.043336 0.446910 0.131657 0.057120 0.061425 0.101001 0.023098 0.019152 0.032748 0.083553 
0.053026 0.394428 0.156910 0.032158 0.029830 0.167476 0.081290 0.037244 0.024234 0.023403 
0.033088 0.395389 0.161643 0.034178 0.061662 0.152057 0.082446 0.035472 0.026090 0.017976 
0.012095 0.201214 0.117206 0.041268 0.112596 0.143887 0.190085 0.068356 0.072365 0.040929 
0.004598 0.115966 0.101375 0.050672 0.033133 0.140116 0.334361 0.077999 0.075613 0.066166 
0.014309 0.161359 0.065619 0.034903 0.060487 0.115207 0.372092 0.056095 0.087771 0.032158 
0.016646 0.156308 0.090030 0.040863 0.057211 0.114944 0.375361 0.059757 0.049236 0.039644 
0.013480 0.163679 0.100480 0.045302 0.038151 0.148225 0.362817 0.045819 0.022748 0.059299 
0.019481 0.208685 0.087910 0.041977 0.072275 0.131416 0.304589 0.038694 0.034511 0.060461 
0.004807 0.145983 0.124579 0.053895 0.096077 0.133436 0.300342 0.049489 0.039597 0.051796 
0.016142 0.187927 0.079725 0.034247 0.051768 0.176229 0.332024 0.055613 0.039238 0.027089 
0.010397 0.138888 0.105529 0.030663 0.050165 0.295549 0.222698 0.040588 0.046007 0.059515 
0.004655 0.015937 0.020309 0.038616 0.073441 0.441407 0.227288 0.024440 0.056134 0.097774 
0.008359 0.024150 0.040822 0.047344 0.118292 0.435083 0.176242 0.022492 0.068601 0.058614 
0.012911 0.018262 0.020248 0.034032 0.082271 0.469411 0.140206 0.027487 0.084560 0.110610 
0.000393 0.023061 0.028012 0.044136 0.080432 0.486903 0.136970 0.037884 0.104462 0.057747 
0.007830 0.012780 0.024067 0.067194 0.079551 0.471318 0.135881 0.032087 0.079656 0.089637 
0.001035 0.017811 0.031161 0.065468 0.171328 0.396342 0.153792 0.040083 0.063306 0.059674 
0.028364 0.122461 0.438190 0.140938 0.087655 0.079310 0.032940 0.037121 0.013935 0.019087 
0.030902 0.396062 0.297130 0.077427 0.052186 0.068259 0.027015 0.013511 0.021286 0.016222 
0.048785 0.400997 0.203243 0.067275 0.044399 0.110760 0.032701 0.030574 0.034181 0.027084 
0.013598 0.416822 0.195700 0.091541 0.043342 0.113204 0.040518 0.024745 0.031368 0.029162 
0.009455 0.449649 0.164377 0.083054 0.048508 0.140559 0.031222 0.017879 0.032964 0.022334 
0.048699 0.408860 0.126172 0.092822 0.050141 0.135226 0.032970 0.016694 0.050724 0.037693 
0.028291 0.220429 0.125271 0.152706 0.052803 0.247612 0.046974 0.037926 0.032065 0.055923 
0.011937 0.117652 0.124484 0.162500 0.051078 0.307756 0.102183 0.036448 0.048162 0.037800 
0.019525 0.246349 0.121332 0.097687 0.044497 0.225903 0.099255 0.061616 0.033016 0.050819 
0.016940 0.264460 0.114537 0.084231 0.076293 0.258214 0.060583 0.038772 0.043519 0.042452 
0.003793 0.206638 0.138335 0.084752 0.106426 0.305074 0.075812 0.024695 0.038236 0.016239 
0.000067 0.103213 0.364976 0.243294 0.076479 0.096047 0.029839 0.045476 0.024400 0.016210 
0.016622 0.286833 0.391356 0.095614 0.068405 0.059213 0.025564 0.018457 0.023275 0.014661 
0.039058 0.514639 0.202232 0.055827 0.049568 0.078192 0.015096 0.012177 0.021905 0.011305 
0.057391 0.571933 0.154423 0.039107 0.040328 0.088118 0.018277 0.013710 0.009760 0.006954 
0.025141 0.402778 0.166541 0.074458 0.071264 0.062302 0.082235 0.041012 0.040683 0.033586 
0.031136 0.259730 0.144744 0.063123 0.029668 0.126037 0.161240 0.063670 0.058721 0.061932 
0.022322 0.228042 0.032024 0.062156 0.052969 0.140758 0.315676 0.052006 0.044711 0.049336 
0.019337 0.070311 0.034563 0.081002 0.119589 0.172515 0.362194 0.052441 0.045357 0.042691 
0.005235 0.132608 0.043389 0.106910 0.072754 0.188955 0.330449 0.049477 0.022745 0.047479 
0.012680 0.130469 0.071794 0.094501 0.037331 0.196900 0.278415 0.049005 0.063722 0.065184 
0.011489 0.084592 0.056853 0.080693 0.065423 0.158700 0.315331 0.054706 0.095678 0.076536 
0.003067 0.090884 0.087143 0.100293 0.054747 0.155576 0.266135 0.095998 0.080703 0.065454 
0.010506 0.147612 0.527438 0.124063 0.047867 0.053993 0.032586 0.011456 0.023734 0.020744 
0.027864 0.511564 0.117128 0.056184 0.064467 0.112182 0.023686 0.032734 0.034267 0.019925 
0.022192 0.439818 0.137802 0.058571 0.040351 0.145404 0.057433 0.034467 0.039044 0.024917 
0.012229 0.487134 0.116298 0.059474 0.039096 0.145683 0.052347 0.035122 0.026281 0.026336 
0.007725 0.554078 0.039662 0.056441 0.046213 0.187434 0.026802 0.022615 0.024796 0.034236 
0.075240 0.374294 0.085493 0.063896 0.053843 0.214419 0.047540 0.029222 0.021325 0.034729 
0.038858 0.394896 0.067435 0.095247 0.050980 0.209054 0.054875 0.029832 0.022864 0.035957 
0.023403 0.307443 0.059737 0.131926 0.080463 0.263712 0.044708 0.038531 0.022891 0.027188 
0.011975 0.057006 0.028027 0.166890 0.135928 0.356249 0.080135 0.087743 0.040867 0.035178 
0.008013 0.030413 0.034873 0.162318 0.136450 0.378068 0.061269 0.092906 0.052436 0.043255 
0.004447 0.039718 0.061377 0.085026 0.128215 0.461356 0.074701 0.054762 0.044256 0.046142 
0.017292 0.118643 0.520903 0.146964 0.059337 0.050390 0.022980 0.030523 0.020387 0.012581 
0.058766 0.613222 0.155762 0.037411 0.023467 0.060195 0.011022 0.016535 0.014813 0.008808 
0.032698 0.512121 0.143684 0.070003 0.046601 0.075779 0.035060 0.038213 0.026243 0.019599 
0.014936 0.169211 0.399671 0.174673 0.080754 0.061025 0.032384 0.025421 0.027047 0.014878 
0.008182 0.269822 0.480829 0.082597 0.052243 0.019910 0.031616 0.022186 0.016916 0.015699 
0.044843 0.419503 0.230570 0.077032 0.049375 0.063271 0.040202 0.027256 0.028675 0.019274 
0.052334 0.566633 0.164158 0.040265 0.022592 0.062981 0.032025 0.021574 0.021473 0.015964 
0.072603 0.521982 0.197265 0.052727 0.012649 0.049875 0.021607 0.017387 0.034147 0.019758 
0.024089 0.508686 0.219452 0.056551 0.036154 0.059380 0.030437 0.016210 0.028103 0.020938 
0.027378 0.407318 0.256368 0.098804 0.043048 0.091801 0.031309 0.018508 0.010990 0.014475 
0.036866 0.343086 0.117388 0.097560 0.036814 0.122308 0.060284 0.040319 0.074969 0.070406 
0.035929 0.182992 0.045785 0.059019 0.066048 0.061048 0.285763 0.111471 0.107889 0.044056 
0.014124 0.164618 0.059923 0.057675 0.035384 0.101086 0.397365 0.073487 0.051119 0.045220 
0.005767 0.207974 0.098024 0.071052 0.051959 0.083299 0.378140 0.045736 0.031273 0.026777 
0.011060 0.278060 0.108167 0.057693 0.054137 0.119647 0.245491 0.038397 0.033941 0.053408 
0.031472 0.298017 0.068807 0.042178 0.018808 0.096505 0.329556 0.027463 0.046325 0.040869 
0.020851 0.259006 0.070761 0.034571 0.038418 0.097651 0.347821 0.042931 0.042816 0.045174 
0.012060 0.189734 0.075131 0.043814 0.054976 0.104262 0.390990 0.063155 0.035850 0.030028 
0.004685 0.180246 0.049135 0.030407 0.051453 0.112098 0.416282 0.068112 0.047081 0.040501 
0.025193 0.026599 0.015154 0.069712 0.030522 0.379177 0.316310 0.021175 0.095813 0.020345 
0.015030 0.009887 0.024679 0.102098 0.065469 0.275192 0.320200 0.039090 0.102365 0.045989 
0.005505 0.015765 0.026460 0.090028 0.019130 0.358508 0.264858 0.070612 0.103947 0.045187 
0.008739 0.024011 0.047351 0.105345 0.020873 0.270686 0.279616 0.083332 0.116727 0.043318 
0.006467 0.021475 0.050374 0.174061 0.050970 0.312925 0.161957 0.054312 0.133831 0.033629 
0.003098 0.013860 0.021378 0.137488 0.089894 0.407029 0.140702 0.044354 0.097930 0.044267 
0.036351 0.207183 0.177492 0.136664 0.113849 0.134973 0.091276 0.050640 0.037773 0.013798 
0.004928 0.169642 0.485746 0.128485 0.049147 0.067804 0.032460 0.024127 0.028391 0.009270 
0.001965 0.499769 0.151342 0.096041 0.053869 0.083173 0.035575 0.023118 0.030505 0.024643 
0.014549 0.458130 0.190245 0.064154 0.060483 0.104082 0.027915 0.021434 0.031400 0.027607 
0.045985 0.366907 0.154079 0.086513 0.059885 0.155023 0.049642 0.027831 0.035269 0.018867 
0.052896 0.434148 0.194868 0.057881 0.024686 0.124985 0.035951 0.035923 0.026366 0.012296 
0.015470 0.335812 0.266374 0.082154 0.033002 0.149789 0.025743 0.026678 0.046224 0.018755 
0.009600 0.034582 0.276397 0.103216 0.056391 0.287623 0.051769 0.052361 0.064880 0.063180 
0.030513 0.038514 0.339283 0.102755 0.056594 0.235049 0.042766 0.051798 0.043105 0.059622 
0.006738 0.042511 0.291369 0.043744 0.074778 0.337991 0.066294 0.047955 0.033027 0.055594 
0.005222 0.043745 0.291083 0.040904 0.092180 0.349394 0.081624 0.041468 0.024711 0.029669 
0.016817 0.035339 0.238600 0.061330 0.124008 0.375113 0.065529 0.041737 0.018634 0.022892 
0.022375 0.178037 0.472104 0.134602 0.051946 0.058839 0.021798 0.029053 0.016106 0.015140 
0.048710 0.476346 0.224753 0.047963 0.026813 0.082903 0.027425 0.024106 0.020988 0.019993 
0.057516 0.496066 0.165687 0.049893 0.044762 0.109410 0.026266 0.019936 0.014453 0.016011 
0.043144 0.423455 0.152252 0.048902 0.073426 0.116696 0.056355 0.027128 0.027357 0.031285 
0.013936 0.381324 0.101421 0.026428 0.075221 0.130773 0.124178 0.056126 0.055036 0.035558 
0.031391 0.226437 0.134630 0.045644 0.068468 0.171519 0.218501 0.043994 0.028793 0.030623 
0.008499 0.072495 0.128102 0.064483 0.100664 0.301732 0.263876 0.018793 0.020095 0.021260 
0.005184 0.025537 0.109218 0.065684 0.126149 0.324336 0.207137 0.056391 0.026255 0.054108 
0.000834 0.028300 0.097591 0.057828 0.115237 0.350963 0.220822 0.037944 0.029880 0.060601 
0.009757 0.013678 0.086147 0.070494 0.113480 0.339928 0.270673 0.043686 0.028044 0.024113 
0.004111 0.037489 0.074683 0.073017 0.128666 0.227514 0.296406 0.080501 0.055830 0.021782 
0.015428 0.099873 0.444717 0.144847 0.057874 0.102307 0.065984 0.030888 0.022758 0.015325 
0.021233 0.419637 0.240107 0.054479 0.028578 0.145549 0.039406 0.023055 0.013553 0.014404 
0.008004 0.426784 0.153808 0.066368 0.029097 0.149785 0.065316 0.042636 0.032898 0.025303 
0.016994 0.436448 0.159722 0.021121 0.050360 0.201292 0.038556 0.032478 0.023749 0.019280 
0.038172 0.363747 0.189133 0.040031 0.066146 0.190653 0.035564 0.015933 0.026853 0.033767 
0.008608 0.324044 0.233501 0.042421 0.060952 0.206728 0.028431 0.023666 0.033340 0.038308 
0.021514 0.176773 0.285052 0.052186 0.063003 0.221456 0.042448 0.041402 0.033290 0.062876 
0.014476 0.029108 0.383078 0.072354 0.077916 0.237660 0.044953 0.054843 0.038144 0.047468 
0.011747 0.068795 0.111737 0.145056 0.106932 0.320705 0.066200 0.066229 0.053514 0.049086 
0.002652 0.025483 0.089852 0.086243 0.125839 0.358012 0.089086 0.105002 0.070248 0.047584 
0.002817 0.020942 0.063254 0.057458 0.097735 0.443704 0.080356 0.124062 0.045706 0.063966 
0.011367 0.097583 0.463943 0.196170 0.071306 0.055113 0.023962 0.038782 0.023085 0.018690 
0.011532 0.410372 0.323694 0.069731 0.048726 0.046608 0.024148 0.031526 0.020239 0.013423 
0.022168 0.505604 0.169333 0.079864 0.053322 0.063715 0.034727 0.028847 0.026077 0.016343 
0.012129 0.534679 0.148736 0.085399 0.040064 0.069352 0.030266 0.036947 0.026446 0.015983 
0.016120 0.192789 0.500232 0.129724 0.048715 0.033499 0.021832 0.019478 0.021377 0.016233 
0.016735 0.561443 0.119321 0.086798 0.048133 0.062607 0.035292 0.028442 0.022740 0.018489 
0.077072 0.555955 0.148182 0.050147 0.033014 0.058856 0.027204 0.021313 0.016727 0.011530 
0.040165 0.483196 0.250229 0.036341 0.038300 0.078978 0.028020 0.014418 0.010409 0.019944 
0.052299 0.422807 0.232889 0.077033 0.053833 0.059076 0.023225 0.018375 0.025573 0.034892 
0.019993 0.494098 0.279820 0.028382 0.045229 0.078655 0.012765 0.014161 0.005603 0.021295 
0.043773 0.054073 0.361903 0.052739 0.092281 0.251410 0.052842 0.035278 0.023946 0.031753 
0.020910 0.028028 0.180981 0.067810 0.152276 0.178344 0.106670 0.089787 0.081039 0.094155 
0.000680 0.025066 0.182803 0.072056 0.115553 0.265629 0.053988 0.101333 0.090172 0.092719 
0.007195 0.053556 0.185180 0.074071 0.104806 0.317082 0.096151 0.054421 0.046918 0.060618 
0.003116 0.023499 0.222859 0.064938 0.105600 0.359175 0.104364 0.049561 0.036261 0.030628 
0.002904 0.042956 0.217807 0.077132 0.123950 0.374403 0.071223 0.038095 0.019025 0.032506 
0.004694 0.029157 0.200996 0.055124 0.119029 0.376486 0.086691 0.046801 0.045020 0.036003 
0.003160 0.045799 0.212091 0.073964 0.119299 0.363395 0.074671 0.037222 0.019640 0.050761 
0.007444 0.037316 0.219681 0.072376 0.174327 0.238315 0.107372 0.043017 0.026055 0.074096 
0.006720 0.114013 0.203489 0.084964 0.095730 0.276029 0.055368 0.072856 0.042545 0.048286 
0.005021 0.023662 0.034633 0.084991 0.104226 0.471787 0.124562 0.069361 0.040118 0.041639 
0.005760 0.028005 0.037854 0.059303 0.120678 0.415342 0.163170 0.063280 0.048177 0.058431 
0.007121 0.017725 0.026675 0.063316 0.100564 0.449746 0.090166 0.063955 0.118426 0.062305 
0.001056 0.038521 0.097441 0.099775 0.063720 0.416107 0.053216 0.067086 0.096598 0.066480 
0.013091 0.038511 0.098817 0.081497 0.056200 0.349089 0.095025 0.093226 0.104139 0.070406 
0.013070 0.047236 0.085766 0.111993 0.067260 0.303300 0.100726 0.085715 0.145311 0.039622 
0.016563 0.200346 0.426306 0.152558 0.061316 0.049894 0.024631 0.029761 0.026189 0.012436 
0.003525 0.403601 0.279004 0.095867 0.048119 0.063697 0.036584 0.020066 0.029921 0.019615 
0.035784 0.458103 0.198294 0.080120 0.039863 0.091270 0.023804 0.023608 0.021216 0.027938 
0.008352 0.487258 0.168420 0.040017 0.049728 0.124485 0.041631 0.029062 0.019867 0.031181 
0.018356 0.444102 0.190626 0.040319 0.047907 0.109040 0.048931 0.040794 0.038260 0.021664 
0.030464 0.361261 0.159704 0.081884 0.071906 0.165152 0.044846 0.021906 0.025733 0.037142 
0.021053 0.234195 0.159880 0.090618 0.096843 0.209231 0.045553 0.052827 0.028634 0.061168 
0.008390 0.225728 0.202491 0.072753 0.136520 0.162735 0.025670 0.055056 0.046624 0.064033 
0.000688 0.215103 0.141442 0.070489 0.258687 0.109063 0.025126 0.067327 0.056355 0.055721 
0.015420 0.176945 0.079715 0.055351 0.253793 0.145458 0.065335 0.083829 0.073175 0.050981 
0.004140 0.173460 0.076341 0.067935 0.210761 0.131037 0.067505 0.091215 0.090736 0.086871 
0.006469 0.146166 0.436283 0.173636 0.076215 0.046938 0.033149 0.028836 0.036530 0.015777 
0.027819 0.383156 0.321657 0.063623 0.045328 0.046378 0.030073 0.036969 0.027987 0.017011 
0.046640 0.543438 0.156074 0.054815 0.067390 0.036827 0.016779 0.028709 0.022596 0.026731 
0.012370 0.587569 0.133169 0.031192 0.088088 0.062976 0.022552 0.032477 0.018027 0.011580 
0.008539 0.404611 0.110952 0.043182 0.140085 0.063372 0.051123 0.062059 0.054745 0.061333 
0.000424 0.324682 0.097645 0.058487 0.188421 0.135229 0.036912 0.039176 0.066558 0.052466 
0.050300 0.224599 0.051708 0.049439 0.245614 0.182048 0.061216 0.071937 0.026331 0.036808 
0.007804 0.086861 0.065756 0.058071 0.326474 0.255158 0.072773 0.047290 0.026539 0.053275 
