Beautiful,ABBA
0.061181 0.193430 0.216679 0.115245 0.087066 0.064542 0.049579 0.087783 0.027855 0.096642 
0.000631 0.078891 0.072109 0.062833 0.102906 0.071286 0.096712 0.067860 0.254136 0.192635 
0.002950 0.078989 0.101365 0.111450 0.077445 0.028171 0.096846 0.117960 0.136579 0.248244 
0.019789 0.198759 0.283278 0.119533 0.073975 0.047773 0.081249 0.139597 0.019740 0.016307 
0.016950 0.275897 0.344237 0.052296 0.105725 0.016178 0.030628 0.128029 0.021830 0.008231 
0.018204 0.259436 0.204768 0.098998 0.081279 0.014814 0.048360 0.222893 0.038057 0.013191 
0.033725 0.368732 0.181850 0.124221 0.035275 0.013738 0.030213 0.166443 0.027629 0.018175 
0.037842 0.321958 0.214541 0.077978 0.034121 0.024608 0.054222 0.189502 0.032725 0.012502 
0.013557 0.336850 0.208776 0.095992 0.039434 0.023111 0.115315 0.112774 0.040380 0.013809 
0.015859 0.337366 0.294029 0.131591 0.070325 0.031112 0.047915 0.019961 0.035830 0.016012 
0.001539 0.356738 0.282883 0.078082 0.096091 0.029509 0.040711 0.049280 0.044352 0.020814 
0.009763 0.334567 0.250011 0.127951 0.058361 0.021129 0.049001 0.071573 0.053081 0.024561 
0.008221 0.300193 0.247955 0.191838 0.068503 0.018800 0.084734 0.049269 0.018841 0.011645 
0.000724 0.175172 0.180756 0.120594 0.055545 0.027170 0.139254 0.229632 0.048186 0.022967 
0.001860 0.190246 0.180525 0.131967 0.080339 0.021415 0.063913 0.286963 0.033282 0.009490 
0.001759 0.193206 0.157071 0.132815 0.070704 0.017140 0.081068 0.294150 0.028568 0.023518 
0.003564 0.211378 0.178405 0.091979 0.046952 0.043373 0.073936 0.296438 0.041529 0.012446 
0.004604 0.207805 0.120678 0.094661 0.083138 0.014947 0.089384 0.324010 0.041859 0.018913 
0.002629 0.161666 0.118061 0.131225 0.054993 0.052123 0.300308 0.128305 0.029789 0.020900 
0.008039 0.199304 0.111995 0.128300 0.106174 0.068995 0.268083 0.055857 0.033703 0.019551 
0.007105 0.198170 0.105045 0.133023 0.051534 0.074182 0.265087 0.102367 0.037201 0.026287 
0.002454 0.222316 0.077908 0.171079 0.073674 0.078795 0.283789 0.043096 0.032696 0.014191 
0.004906 0.270407 0.163880 0.211113 0.092008 0.042824 0.112623 0.056100 0.031820 0.014319 
0.004333 0.280293 0.143644 0.137203 0.087771 0.027727 0.090289 0.162128 0.044638 0.021976 
0.005658 0.299259 0.161383 0.114169 0.080860 0.017539 0.076223 0.178820 0.043527 0.022561 
0.011979 0.302061 0.156056 0.107773 0.093085 0.019858 0.080065 0.185865 0.034095 0.009163 
0.008157 0.323461 0.116448 0.104824 0.115058 0.019926 0.069434 0.200228 0.028404 0.014061 
0.007260 0.314625 0.079333 0.121117 0.100664 0.049796 0.108801 0.171211 0.032582 0.014611 
0.002901 0.278574 0.096777 0.086350 0.082860 0.049310 0.284135 0.045157 0.042626 0.031310 
0.000767 0.257264 0.147346 0.124373 0.061426 0.069386 0.243018 0.043475 0.038387 0.014560 
0.002605 0.255642 0.135135 0.124780 0.075936 0.061994 0.248148 0.054975 0.031283 0.009501 
0.006097 0.291439 0.126245 0.134934 0.033472 0.066293 0.260799 0.037773 0.034632 0.008316 
0.001788 0.277754 0.106127 0.104331 0.055658 0.055624 0.273418 0.057245 0.051468 0.016587 
0.005662 0.286379 0.158279 0.115448 0.048285 0.067532 0.219573 0.065685 0.017868 0.015290 
0.001320 0.292061 0.149341 0.159898 0.088303 0.073526 0.103536 0.092661 0.029975 0.009379 
0.023423 0.314327 0.123508 0.139576 0.061792 0.039560 0.163320 0.069778 0.044151 0.020565 
0.038254 0.333506 0.151019 0.072646 0.076426 0.030351 0.160243 0.087136 0.035816 0.014603 
0.047464 0.294106 0.181234 0.062684 0.062467 0.056349 0.151180 0.066440 0.055690 0.022386 
0.034196 0.273727 0.124842 0.080203 0.153793 0.135046 0.068712 0.041494 0.036357 0.051631 
0.004324 0.275584 0.130555 0.075188 0.207932 0.110231 0.057854 0.034966 0.045297 0.058071 
0.012509 0.227798 0.217423 0.064564 0.204075 0.097775 0.052075 0.025673 0.049706 0.048403 
0.025421 0.247260 0.138696 0.075534 0.220385 0.109334 0.050557 0.033407 0.053701 0.045705 
0.029680 0.268709 0.111751 0.083575 0.188399 0.119980 0.087551 0.028095 0.040341 0.041919 
0.035882 0.270838 0.113859 0.117565 0.163503 0.099190 0.079609 0.034368 0.051017 0.034168 
0.033531 0.351937 0.161439 0.132643 0.110617 0.065652 0.038648 0.050876 0.039946 0.014711 
0.025096 0.375230 0.181573 0.157239 0.104052 0.037176 0.048481 0.037593 0.021940 0.011620 
0.024523 0.344276 0.190857 0.145346 0.089940 0.058159 0.042563 0.055840 0.029313 0.019185 
0.046737 0.383366 0.157476 0.136453 0.080995 0.059816 0.039313 0.039289 0.026900 0.029655 
0.038241 0.298436 0.056468 0.124100 0.164852 0.104475 0.052656 0.027407 0.065977 0.067388 
0.031243 0.268339 0.140578 0.092707 0.181994 0.079075 0.037683 0.032550 0.057561 0.078270 
0.020552 0.280964 0.125863 0.097139 0.177244 0.075918 0.044093 0.033372 0.076191 0.068665 
0.004545 0.294843 0.142179 0.066721 0.125481 0.087301 0.081430 0.040122 0.100372 0.057007 
0.028151 0.327611 0.096656 0.104064 0.143964 0.084557 0.050001 0.026852 0.071732 0.066412 
0.056678 0.351799 0.123606 0.110436 0.102650 0.088829 0.040222 0.024592 0.047109 0.054078 
0.060612 0.420150 0.138365 0.146649 0.063327 0.042602 0.028467 0.031945 0.046277 0.021605 
0.039330 0.481007 0.112547 0.121125 0.093092 0.025749 0.032803 0.043083 0.040193 0.011072 
0.007500 0.389461 0.235275 0.114519 0.093518 0.035591 0.039605 0.027782 0.032405 0.024345 
0.013175 0.400743 0.189491 0.071912 0.100459 0.049003 0.065762 0.057137 0.033342 0.018976 
0.032025 0.277720 0.105393 0.103670 0.202922 0.106124 0.043308 0.046557 0.050547 0.031736 
0.050586 0.271332 0.119683 0.099350 0.193365 0.123220 0.033710 0.020811 0.050633 0.037310 
0.041430 0.304682 0.075621 0.081620 0.199456 0.119138 0.053853 0.034392 0.041162 0.048646 
0.021828 0.306365 0.157002 0.075457 0.173911 0.085079 0.052250 0.029413 0.055760 0.042935 
0.005937 0.300251 0.114987 0.092478 0.154395 0.136004 0.050504 0.038210 0.066511 0.040723 
0.030647 0.239303 0.130608 0.106123 0.097856 0.222874 0.070366 0.025068 0.036036 0.041120 
0.042972 0.256956 0.142937 0.100133 0.064215 0.248690 0.061077 0.032588 0.027997 0.022434 
0.036017 0.281224 0.120521 0.063552 0.083355 0.274484 0.058674 0.031562 0.028058 0.022554 
0.029167 0.312616 0.128839 0.110794 0.097126 0.213606 0.040927 0.014598 0.033140 0.019185 
0.017073 0.363397 0.236527 0.133405 0.089412 0.062053 0.025627 0.026256 0.032475 0.013775 
0.003582 0.397319 0.168320 0.116105 0.089835 0.047726 0.065396 0.040095 0.040739 0.030883 
0.041661 0.360177 0.171848 0.088252 0.095504 0.065135 0.063035 0.046553 0.032818 0.035017 
0.048875 0.277589 0.119021 0.064112 0.092620 0.236305 0.055556 0.037622 0.031265 0.037035 
0.033463 0.256138 0.084335 0.069132 0.119480 0.256102 0.070942 0.040708 0.052180 0.017521 
0.018342 0.226920 0.111724 0.102620 0.102968 0.281796 0.052322 0.033941 0.035972 0.033396 
0.002634 0.302469 0.141763 0.113965 0.119790 0.236266 0.019199 0.014195 0.018550 0.031168 
0.022818 0.338912 0.161574 0.091048 0.056207 0.196425 0.046641 0.031575 0.032735 0.022064 
0.047624 0.337234 0.182935 0.110170 0.062570 0.134981 0.038842 0.033097 0.024684 0.027864 
0.064544 0.354315 0.203665 0.106926 0.067729 0.110207 0.054640 0.010326 0.011987 0.015659 
0.041820 0.385340 0.109677 0.106352 0.053840 0.108259 0.083170 0.042660 0.040943 0.027939 
0.016088 0.286193 0.117472 0.083713 0.119537 0.224432 0.040596 0.031851 0.039291 0.040828 
0.005422 0.278112 0.100463 0.111675 0.111983 0.257392 0.042509 0.027189 0.030008 0.035246 
0.029019 0.272042 0.097457 0.124157 0.040374 0.256205 0.055240 0.045274 0.043585 0.036647 
0.037424 0.278537 0.099862 0.084463 0.091163 0.233258 0.065391 0.041211 0.041681 0.027009 
0.018657 0.267480 0.063505 0.097304 0.125566 0.319321 0.022362 0.019605 0.026352 0.039848 
0.011997 0.249114 0.080462 0.061030 0.275953 0.107327 0.060891 0.050829 0.091036 0.011360 
0.020104 0.263058 0.099252 0.081653 0.297880 0.034121 0.058460 0.035379 0.089581 0.020512 
0.007657 0.264091 0.156488 0.053416 0.281590 0.081733 0.023028 0.029874 0.091860 0.010265 
0.014092 0.249063 0.190383 0.052458 0.237586 0.078761 0.025414 0.038250 0.098622 0.015371 
0.029601 0.286847 0.136933 0.059792 0.229592 0.079592 0.030043 0.044608 0.090423 0.012569 
0.029693 0.302653 0.131102 0.058923 0.238625 0.107897 0.015558 0.016876 0.082980 0.015693 
0.016925 0.347762 0.175355 0.062222 0.117125 0.110144 0.046954 0.043209 0.056063 0.024240 
0.004190 0.330729 0.180028 0.059299 0.126855 0.156582 0.046484 0.033334 0.039914 0.022585 
0.022642 0.313642 0.191289 0.062335 0.137006 0.155105 0.038150 0.040199 0.030930 0.008702 
0.029100 0.297028 0.123457 0.076732 0.174592 0.170880 0.027486 0.025485 0.059736 0.015505 
0.015371 0.217892 0.110935 0.093373 0.302397 0.067367 0.028287 0.039704 0.104932 0.019742 
0.006707 0.218425 0.103377 0.076950 0.291101 0.088169 0.053624 0.032841 0.092067 0.036740 
0.007661 0.214198 0.085106 0.111007 0.327945 0.081959 0.051923 0.023404 0.067557 0.029241 
0.035765 0.352913 0.120476 0.120831 0.216103 0.063833 0.034976 0.016937 0.024023 0.014142 
0.027853 0.288430 0.087953 0.091783 0.259040 0.101988 0.027202 0.043039 0.054314 0.018399 
0.012583 0.228986 0.122517 0.072764 0.327218 0.080395 0.024611 0.032300 0.082114 0.016511 
0.004646 0.220782 0.100780 0.082695 0.288375 0.075769 0.048882 0.047552 0.104166 0.026352 
0.011518 0.228852 0.113414 0.086908 0.303928 0.080583 0.035590 0.038985 0.079930 0.020293 
0.022514 0.243431 0.086262 0.071792 0.325457 0.076241 0.038028 0.039797 0.084348 0.012131 
0.024935 0.267428 0.090702 0.079430 0.314863 0.074460 0.039324 0.016715 0.073838 0.018304 
0.005758 0.280862 0.148764 0.113520 0.241450 0.055551 0.034395 0.028920 0.067363 0.023416 
0.020550 0.304038 0.172007 0.084110 0.219865 0.061260 0.027666 0.036283 0.059717 0.014503 
0.031586 0.323076 0.139899 0.098334 0.225160 0.071597 0.020150 0.023691 0.056119 0.010386 
0.032075 0.354604 0.155142 0.106699 0.140555 0.052583 0.050030 0.054327 0.043946 0.010040 
0.007224 0.272177 0.148672 0.042859 0.260901 0.107717 0.037235 0.030344 0.067740 0.025132 
0.014227 0.257683 0.104737 0.059346 0.332567 0.072002 0.014488 0.028196 0.097158 0.019595 
0.031017 0.302525 0.078204 0.060019 0.291241 0.063030 0.040963 0.031819 0.087399 0.013784 
0.031047 0.313795 0.090903 0.044103 0.289286 0.054388 0.019891 0.037624 0.096637 0.022326 
0.007272 0.258597 0.129442 0.063324 0.314861 0.064216 0.018325 0.013349 0.098629 0.031984 
0.006331 0.208039 0.134158 0.049624 0.301323 0.095882 0.041248 0.036604 0.083772 0.043019 
0.008998 0.266309 0.085835 0.068506 0.332575 0.067294 0.064584 0.037983 0.048863 0.019054 
0.036301 0.361032 0.140042 0.108496 0.170879 0.050740 0.039448 0.053833 0.018765 0.020464 
0.014648 0.328776 0.170954 0.116888 0.146638 0.040158 0.054796 0.048972 0.040185 0.037986 
0.039920 0.376602 0.193120 0.092464 0.119997 0.044846 0.038888 0.042040 0.023317 0.028805 
0.015910 0.287616 0.180322 0.111362 0.223062 0.040767 0.050682 0.044250 0.026039 0.019989 
0.022514 0.297240 0.160472 0.053476 0.250466 0.035164 0.047320 0.072794 0.037383 0.023171 
0.014455 0.284996 0.134410 0.080433 0.280122 0.039140 0.019535 0.072377 0.039364 0.035168 
0.014559 0.270488 0.098294 0.116413 0.297221 0.044886 0.024648 0.066624 0.040746 0.026120 
0.021800 0.260214 0.118593 0.089010 0.298032 0.027208 0.036084 0.087274 0.035352 0.026431 
0.001663 0.254009 0.111312 0.103784 0.304661 0.034856 0.045410 0.086463 0.032930 0.024912 
0.034719 0.310938 0.100820 0.123128 0.260759 0.026107 0.040301 0.072292 0.024405 0.006532 
0.027887 0.385531 0.169021 0.153930 0.092296 0.040106 0.057442 0.025789 0.020848 0.027150 
0.039439 0.421391 0.165118 0.150103 0.092105 0.022139 0.054016 0.021402 0.020286 0.014003 
0.042890 0.382926 0.134050 0.166877 0.053399 0.049028 0.051058 0.056772 0.025906 0.037094 
0.004141 0.322353 0.152613 0.119662 0.185231 0.045220 0.048129 0.064466 0.040016 0.018169 
0.032586 0.314214 0.111766 0.093267 0.237620 0.030435 0.041052 0.087393 0.032006 0.019661 
0.013475 0.267406 0.132928 0.141510 0.224523 0.052780 0.039851 0.090148 0.025747 0.011632 
0.023665 0.252061 0.107723 0.175583 0.234792 0.039811 0.049362 0.073310 0.029231 0.014462 
0.034399 0.280636 0.110510 0.118501 0.244201 0.040577 0.044892 0.066309 0.037963 0.022012 
0.002582 0.309707 0.116299 0.090324 0.251943 0.036792 0.041328 0.081219 0.035555 0.034252 
0.034705 0.407804 0.096979 0.134922 0.125853 0.059797 0.028238 0.050864 0.017303 0.043534 
0.016857 0.414170 0.147384 0.155592 0.110668 0.038487 0.038009 0.037494 0.024006 0.017334 
0.043499 0.407192 0.137121 0.120594 0.084835 0.044143 0.072501 0.033396 0.014100 0.042619 
0.053082 0.411412 0.182663 0.104177 0.053377 0.029074 0.038025 0.052247 0.032427 0.043515 
0.008978 0.295933 0.130095 0.104669 0.238220 0.036104 0.043861 0.080965 0.031808 0.029367 
0.032359 0.293131 0.060208 0.084969 0.290043 0.035456 0.034425 0.105555 0.038415 0.025440 
0.003245 0.273229 0.085481 0.103972 0.293427 0.027947 0.044328 0.110181 0.023557 0.034634 
0.035792 0.287304 0.079775 0.096021 0.281114 0.021222 0.039096 0.127303 0.019247 0.013124 
0.030150 0.362487 0.198818 0.061287 0.146797 0.038976 0.049748 0.037570 0.035775 0.038392 
0.018736 0.288883 0.150931 0.108794 0.241578 0.034889 0.032041 0.077257 0.021072 0.025819 
0.031083 0.291434 0.140860 0.132477 0.234956 0.027439 0.030021 0.069290 0.017721 0.024718 
0.003573 0.284848 0.138202 0.132410 0.239959 0.023165 0.042118 0.084445 0.028354 0.022926 
0.041199 0.326742 0.089285 0.049708 0.268864 0.052786 0.061851 0.066904 0.027598 0.015064 
0.017753 0.320754 0.105494 0.107894 0.279506 0.037041 0.031357 0.061455 0.021650 0.017096 
0.030969 0.437614 0.132762 0.136877 0.078038 0.042090 0.034536 0.055225 0.023866 0.028024 
0.035134 0.424450 0.154068 0.116096 0.058476 0.025274 0.062882 0.077321 0.012540 0.033759 
0.003102 0.402713 0.180256 0.121498 0.074947 0.060170 0.074899 0.032083 0.013049 0.037284 
0.039983 0.333892 0.088579 0.100020 0.224342 0.038958 0.036035 0.090903 0.025936 0.021352 
0.018952 0.293418 0.094113 0.099992 0.256392 0.053563 0.044550 0.067326 0.037389 0.034304 
0.022273 0.285840 0.102830 0.095099 0.261359 0.033469 0.045889 0.102162 0.025991 0.025090 
0.025244 0.270742 0.151192 0.076486 0.243368 0.037841 0.039040 0.111524 0.032684 0.011879 
0.012334 0.254606 0.140061 0.126318 0.240844 0.042925 0.038237 0.102871 0.021489 0.020314 
0.037363 0.391400 0.157631 0.087200 0.119343 0.044911 0.057651 0.055226 0.020593 0.028683 
0.000032 0.401458 0.183782 0.101043 0.100773 0.033011 0.038609 0.107161 0.022347 0.011784 
0.039251 0.299184 0.129131 0.096097 0.225691 0.040623 0.031682 0.098062 0.019166 0.021113 
0.026397 0.262912 0.110258 0.092551 0.235038 0.050898 0.055544 0.114533 0.032801 0.019069 
0.008896 0.252121 0.090273 0.102734 0.234690 0.055243 0.056047 0.137489 0.035795 0.026711 
0.027270 0.251346 0.076175 0.087985 0.309120 0.041948 0.031951 0.101281 0.046703 0.026221 
0.002700 0.230108 0.089277 0.095872 0.338484 0.057084 0.030147 0.081095 0.049721 0.025513 
0.001887 0.212112 0.092838 0.071814 0.200236 0.081526 0.171612 0.115262 0.030649 0.022064 
0.000205 0.221494 0.131485 0.111804 0.172718 0.037699 0.063904 0.210027 0.023917 0.026748 
0.001507 0.199729 0.097190 0.111039 0.177487 0.037954 0.105003 0.213008 0.031607 0.025477 
0.003917 0.218994 0.140996 0.164271 0.126279 0.033538 0.055512 0.181099 0.040301 0.035093 
0.004374 0.249450 0.156191 0.137372 0.111830 0.017542 0.061306 0.187264 0.049482 0.025190 
0.003829 0.273050 0.188134 0.102022 0.163247 0.040164 0.077790 0.087940 0.042650 0.021173 
0.008846 0.283411 0.184772 0.155995 0.146563 0.036725 0.063931 0.068232 0.033448 0.018077 
0.004814 0.273607 0.170248 0.123580 0.174275 0.024046 0.053922 0.092083 0.050572 0.032853 
0.006844 0.302992 0.130639 0.114957 0.225559 0.027566 0.039726 0.090989 0.040499 0.020229 
0.005172 0.300644 0.106175 0.139052 0.251834 0.034012 0.057080 0.072606 0.021277 0.012150 
0.005390 0.232460 0.093094 0.127825 0.126424 0.038069 0.149106 0.166661 0.035174 0.025796 
0.002847 0.265363 0.120675 0.149944 0.107174 0.008800 0.070969 0.233759 0.026135 0.014334 
0.007939 0.283977 0.120385 0.140467 0.100200 0.013760 0.081309 0.207612 0.024929 0.019422 
0.002183 0.292145 0.117514 0.115030 0.091722 0.027281 0.075291 0.210739 0.038430 0.029666 
0.000567 0.300458 0.136995 0.133174 0.091065 0.029266 0.065696 0.193162 0.033029 0.016589 
0.001441 0.225752 0.107657 0.127773 0.063629 0.033819 0.294652 0.096668 0.032897 0.015713 
0.007937 0.254674 0.098335 0.144837 0.094719 0.059133 0.269044 0.046746 0.016496 0.008080 
0.000885 0.251440 0.088214 0.108737 0.066890 0.074961 0.306339 0.057013 0.021979 0.023542 
0.001019 0.264802 0.067651 0.064304 0.120535 0.064380 0.301453 0.050788 0.035922 0.029147 
0.012256 0.263973 0.079843 0.106076 0.114253 0.086943 0.259434 0.041207 0.023503 0.012513 
0.006618 0.262475 0.094110 0.089096 0.122676 0.062494 0.250295 0.063926 0.035419 0.012891 
0.008011 0.387588 0.145110 0.078977 0.100940 0.026026 0.091218 0.095147 0.045925 0.021058 
0.011664 0.412618 0.126756 0.082956 0.116525 0.025955 0.079989 0.111244 0.021239 0.011056 
0.003538 0.380748 0.093144 0.116589 0.125170 0.035656 0.064487 0.135231 0.036071 0.009367 
0.003702 0.342251 0.082559 0.124324 0.144428 0.039510 0.068485 0.118310 0.054812 0.021619 
0.000624 0.266596 0.128230 0.076067 0.124185 0.048222 0.269572 0.038206 0.024391 0.023907 
0.003216 0.235032 0.149768 0.114138 0.067649 0.076910 0.267642 0.029551 0.042376 0.013719 
0.003040 0.225953 0.151392 0.142379 0.079208 0.075339 0.234250 0.043429 0.023842 0.021167 
0.003794 0.215724 0.129902 0.138126 0.054853 0.074857 0.281048 0.042342 0.029119 0.030234 
0.004289 0.234982 0.090695 0.096491 0.066214 0.068221 0.308051 0.052073 0.052096 0.026887 
0.022444 0.430657 0.121166 0.115627 0.108903 0.017255 0.075014 0.066652 0.027930 0.014353 
0.018748 0.349052 0.172498 0.129972 0.101004 0.031927 0.078049 0.068992 0.024633 0.025123 
0.029850 0.341579 0.164729 0.147242 0.084304 0.040874 0.082662 0.050551 0.033352 0.024858 
0.053176 0.361896 0.199201 0.100733 0.075278 0.031711 0.078143 0.043135 0.043769 0.012958 
0.061143 0.364191 0.169589 0.074258 0.094088 0.050076 0.058988 0.035416 0.072115 0.020135 
0.028631 0.292386 0.129881 0.083755 0.184689 0.116485 0.058572 0.025993 0.038556 0.041051 
0.011307 0.285510 0.141930 0.057765 0.181979 0.094388 0.097119 0.030045 0.043478 0.056477 
0.016475 0.253177 0.203477 0.041798 0.152972 0.095448 0.103141 0.038490 0.031777 0.063245 
0.038036 0.257486 0.166660 0.049129 0.185311 0.082212 0.098308 0.028008 0.037358 0.057492 
0.037407 0.286334 0.111249 0.060824 0.164200 0.092120 0.088275 0.044684 0.058557 0.056351 
0.040117 0.398105 0.173861 0.158315 0.043776 0.036429 0.048585 0.035844 0.040248 0.024719 
0.023025 0.340007 0.182205 0.163266 0.081511 0.032782 0.050394 0.050081 0.051377 0.025353 
0.000213 0.377429 0.167270 0.207882 0.043191 0.029270 0.065560 0.049061 0.036498 0.023627 
0.037094 0.377586 0.147476 0.189479 0.054493 0.028253 0.053123 0.055489 0.045447 0.011559 
0.064327 0.381258 0.167003 0.123512 0.078204 0.093240 0.024664 0.028689 0.018411 0.020693 
0.039268 0.278657 0.063800 0.103589 0.192507 0.124651 0.051041 0.014646 0.059398 0.072443 
0.029160 0.265300 0.137841 0.080238 0.152691 0.117031 0.055771 0.045993 0.071178 0.044798 
0.005964 0.282838 0.117501 0.079447 0.177628 0.101550 0.046938 0.033415 0.097452 0.057267 
0.015561 0.280197 0.135533 0.121636 0.178422 0.055383 0.022901 0.043411 0.074440 0.072517 
0.028399 0.307571 0.101698 0.097732 0.152660 0.071012 0.043544 0.051287 0.074835 0.071261 
0.054660 0.386484 0.154821 0.116428 0.065649 0.085873 0.051019 0.017138 0.046335 0.021592 
0.058180 0.418529 0.146026 0.134555 0.088812 0.051102 0.020996 0.014548 0.046355 0.020896 
0.033742 0.467677 0.128288 0.109424 0.123415 0.028678 0.027125 0.041022 0.028293 0.012335 
0.000126 0.399216 0.229464 0.085365 0.074771 0.068911 0.054994 0.034878 0.038798 0.013477 
0.031527 0.442335 0.224690 0.081706 0.046233 0.051065 0.037697 0.030236 0.030623 0.023888 
0.041282 0.336549 0.126446 0.099205 0.152341 0.088806 0.035736 0.037972 0.044986 0.036676 
0.048316 0.302029 0.146183 0.080566 0.177342 0.104781 0.041206 0.028554 0.053212 0.017811 
0.034567 0.359694 0.085656 0.079017 0.226134 0.095362 0.032512 0.027232 0.036615 0.023211 
0.018475 0.324929 0.198988 0.099929 0.188880 0.048994 0.025491 0.031209 0.040540 0.022564 
0.010293 0.313019 0.118795 0.093911 0.161336 0.110327 0.068873 0.041250 0.052133 0.030064 
0.029723 0.244976 0.132286 0.123299 0.072940 0.272797 0.056820 0.022839 0.020813 0.023508 
0.036245 0.250873 0.120714 0.125880 0.063433 0.273854 0.057866 0.028830 0.019911 0.022395 
0.031074 0.267885 0.114773 0.057678 0.049871 0.264592 0.073558 0.054742 0.040063 0.045763 
0.020394 0.317893 0.133641 0.070730 0.052972 0.224927 0.079022 0.033203 0.039924 0.027294 
0.002355 0.325963 0.191310 0.175947 0.075474 0.064931 0.066487 0.035493 0.045583 0.016458 
0.018216 0.388035 0.153166 0.141798 0.064352 0.057748 0.082428 0.030799 0.044118 0.019341 
0.048677 0.384251 0.161269 0.090055 0.073404 0.081916 0.064476 0.036765 0.032815 0.026373 
0.045588 0.276636 0.125631 0.074764 0.098232 0.224228 0.056174 0.035317 0.029637 0.033794 
0.024311 0.310730 0.090457 0.068041 0.088551 0.247869 0.077567 0.042402 0.028432 0.021639 
0.004042 0.257978 0.133759 0.063272 0.081681 0.251022 0.075656 0.032899 0.049240 0.050450 
0.003206 0.273608 0.136192 0.116325 0.128026 0.207705 0.041469 0.032504 0.039333 0.021633 
0.023452 0.349703 0.168390 0.108502 0.042040 0.169359 0.046045 0.029909 0.044511 0.018089 
0.051105 0.351131 0.192824 0.094505 0.056289 0.144654 0.043494 0.035464 0.016860 0.013673 
0.065033 0.365015 0.206123 0.101794 0.054608 0.093333 0.057787 0.021076 0.015561 0.019669 
0.040720 0.418996 0.097711 0.127432 0.055609 0.081325 0.079578 0.037047 0.029308 0.032274 
0.008351 0.307085 0.101672 0.082267 0.052717 0.229900 0.075336 0.061915 0.055956 0.024800 
0.012496 0.275683 0.075573 0.091530 0.057404 0.287499 0.090877 0.040433 0.034754 0.033752 
0.035704 0.277087 0.091005 0.140829 0.062608 0.264523 0.057973 0.017869 0.030851 0.021551 
0.038332 0.272138 0.098657 0.107906 0.108909 0.234023 0.059219 0.036574 0.033505 0.010738 
0.015266 0.274931 0.128842 0.059780 0.118276 0.256188 0.039356 0.017525 0.027647 0.062189 
0.016065 0.240108 0.110725 0.060147 0.280116 0.095366 0.046685 0.025459 0.093532 0.031798 
0.011244 0.222418 0.115026 0.089038 0.285734 0.069306 0.044913 0.034241 0.117283 0.010796 
0.013329 0.236300 0.127755 0.059903 0.257512 0.085553 0.051754 0.054242 0.102277 0.011375 
0.004873 0.187658 0.181062 0.124425 0.277404 0.051812 0.037922 0.029165 0.089363 0.016316 
0.026083 0.258942 0.177722 0.049945 0.237393 0.081153 0.022332 0.030988 0.096945 0.018497 
0.024207 0.253754 0.169356 0.073258 0.234052 0.112688 0.016889 0.024723 0.066805 0.024268 
0.015375 0.306684 0.233175 0.078232 0.097220 0.150910 0.020921 0.027763 0.047375 0.022345 
0.008438 0.301340 0.214385 0.101995 0.109536 0.115760 0.040408 0.033072 0.055516 0.019550 
0.014104 0.291608 0.204203 0.093589 0.119723 0.149815 0.040636 0.045439 0.032597 0.008287 
0.027776 0.300372 0.100199 0.077401 0.188932 0.122821 0.044798 0.030935 0.066993 0.039773 
0.022443 0.252370 0.068085 0.076859 0.286688 0.087280 0.052676 0.049415 0.079908 0.024274 
0.018061 0.256871 0.123799 0.096112 0.278646 0.063723 0.025122 0.051222 0.071660 0.014784 
0.004417 0.262693 0.113241 0.139176 0.307784 0.046588 0.009520 0.031738 0.071338 0.013506 
0.027946 0.353124 0.127689 0.145111 0.110025 0.074815 0.025834 0.045806 0.076961 0.012689 
0.026824 0.307887 0.105325 0.110931 0.228652 0.088701 0.031170 0.039837 0.049093 0.011581 
0.018625 0.260045 0.104387 0.067049 0.277816 0.095046 0.057708 0.038619 0.069528 0.011176 
0.007420 0.244870 0.124401 0.100296 0.257394 0.071146 0.049854 0.030675 0.097790 0.016154 
0.018891 0.262534 0.125712 0.106957 0.299780 0.033859 0.015546 0.026365 0.094226 0.016130 
0.037177 0.319057 0.068249 0.057375 0.306505 0.052920 0.021635 0.021502 0.092420 0.023160 
0.023047 0.287431 0.099457 0.103919 0.258741 0.059085 0.025779 0.028896 0.094412 0.019231 
0.012475 0.312405 0.168029 0.098642 0.180269 0.086566 0.032077 0.043677 0.048529 0.017331 
0.010810 0.337979 0.192087 0.093814 0.178734 0.046689 0.035028 0.028617 0.050111 0.026130 
0.031481 0.332648 0.164424 0.091688 0.216162 0.064226 0.027160 0.030621 0.034011 0.007578 
0.037372 0.362046 0.166792 0.114130 0.169661 0.041213 0.032850 0.038502 0.033329 0.004105 
0.010780 0.239671 0.150169 0.062810 0.288619 0.061035 0.031970 0.057508 0.084221 0.013216 
0.005865 0.192561 0.092860 0.066179 0.292905 0.098565 0.068022 0.064305 0.113132 0.005605 
0.014518 0.230455 0.101703 0.062382 0.356348 0.056102 0.037670 0.033920 0.093337 0.013566 
0.028930 0.266453 0.066630 0.036572 0.347513 0.071452 0.031971 0.036977 0.091025 0.022478 
0.021671 0.256314 0.093342 0.067870 0.357062 0.070813 0.016398 0.016160 0.086709 0.013662 
0.014648 0.226313 0.148625 0.059158 0.333573 0.072073 0.021291 0.025137 0.077738 0.021444 
0.009139 0.305761 0.082829 0.074750 0.272025 0.054414 0.032940 0.063189 0.094745 0.010208 
0.037195 0.351814 0.127379 0.110266 0.164667 0.055334 0.040827 0.050680 0.046005 0.015834 
0.000955 0.386624 0.180366 0.141450 0.108569 0.024248 0.040524 0.043576 0.032707 0.040981 
0.044204 0.399402 0.203082 0.078567 0.100386 0.024149 0.045682 0.043358 0.029646 0.031524 
0.021205 0.282213 0.172057 0.091072 0.094669 0.168990 0.057173 0.035910 0.034208 0.042502 
0.018061 0.276332 0.151644 0.064961 0.157506 0.211811 0.041482 0.027607 0.024858 0.025738 
0.021227 0.274540 0.124298 0.071895 0.117654 0.203441 0.067159 0.054177 0.028148 0.037460 
0.008003 0.275478 0.097883 0.114052 0.140825 0.197031 0.044249 0.045755 0.042735 0.033990 
0.028750 0.279014 0.106358 0.083975 0.165123 0.186035 0.070373 0.032215 0.015362 0.032795 
0.009487 0.264871 0.108589 0.101615 0.142321 0.223614 0.052453 0.034168 0.033136 0.029747 
0.035620 0.380710 0.115841 0.146729 0.123621 0.051414 0.056456 0.032428 0.040379 0.016804 
0.041237 0.412268 0.145083 0.094473 0.114697 0.017758 0.049121 0.077821 0.019790 0.027750 
0.021691 0.399635 0.161559 0.083016 0.141157 0.029557 0.064077 0.036095 0.035172 0.028041 
0.059899 0.405465 0.126839 0.116077 0.075810 0.036758 0.061444 0.053320 0.024689 0.039699 
0.014554 0.300319 0.111240 0.114276 0.063185 0.164055 0.065897 0.080615 0.050884 0.034975 
0.029746 0.306373 0.093285 0.047767 0.068996 0.211842 0.097824 0.057466 0.044047 0.042653 
0.019225 0.265393 0.131153 0.088660 0.116373 0.247491 0.053712 0.035863 0.021980 0.020150 
0.011290 0.216038 0.104551 0.108517 0.129793 0.259764 0.079070 0.034833 0.032730 0.023416 
0.029253 0.248944 0.106083 0.057580 0.076023 0.289833 0.065088 0.045124 0.042867 0.039205 
0.008026 0.255476 0.110062 0.060099 0.119147 0.287344 0.072390 0.030489 0.020361 0.036604 
0.034529 0.362364 0.088800 0.102482 0.112162 0.134955 0.053830 0.049910 0.026287 0.034680 
0.022432 0.399214 0.168405 0.091776 0.053155 0.127843 0.040183 0.061549 0.023015 0.012430 
0.032353 0.387718 0.149542 0.077984 0.096347 0.048047 0.064958 0.062865 0.036173 0.044013 
0.044819 0.382812 0.174723 0.105045 0.114615 0.037621 0.037050 0.032398 0.031991 0.038928 
0.002853 0.279555 0.130472 0.104444 0.085555 0.207992 0.084403 0.051394 0.026699 0.026633 
0.034732 0.285571 0.063782 0.066651 0.108992 0.268572 0.078695 0.037737 0.022599 0.032671 
0.010837 0.271616 0.087538 0.061457 0.096740 0.300078 0.053884 0.047829 0.031399 0.038622 
0.046183 0.389508 0.116526 0.137130 0.090490 0.101837 0.039662 0.032915 0.025174 0.020575 
0.042985 0.372742 0.173058 0.073189 0.067968 0.112916 0.043270 0.048094 0.032503 0.033277 
0.007432 0.273500 0.135424 0.090479 0.086119 0.249924 0.061083 0.038372 0.031106 0.026561 
0.024925 0.261171 0.124519 0.104295 0.093877 0.261776 0.056581 0.029339 0.018562 0.024955 
0.007688 0.273096 0.146263 0.083283 0.074679 0.270642 0.070628 0.023629 0.018128 0.031964 
0.029018 0.313920 0.107606 0.056335 0.081262 0.274810 0.073243 0.023788 0.017496 0.022522 
0.026708 0.365626 0.109280 0.077607 0.074151 0.217339 0.041304 0.035606 0.023644 0.028736 
0.020459 0.435978 0.128267 0.095668 0.084239 0.087313 0.045885 0.037670 0.030299 0.034222 
0.044923 0.394280 0.120511 0.091253 0.102596 0.130460 0.041545 0.024920 0.024545 0.024967 
0.000095 0.309199 0.137170 0.111098 0.130805 0.118652 0.086534 0.033355 0.038480 0.034612 
0.043252 0.321732 0.074445 0.089431 0.082402 0.239165 0.064978 0.030606 0.018025 0.035964 
0.029757 0.325300 0.100716 0.090367 0.072483 0.211385 0.076835 0.037078 0.030883 0.025197 
0.019573 0.265221 0.085772 0.072131 0.080584 0.284570 0.063886 0.053840 0.033463 0.040960 
0.030465 0.282528 0.142264 0.070294 0.073202 0.259708 0.063117 0.039118 0.009759 0.029545 
0.000600 0.314909 0.161809 0.114107 0.082052 0.155107 0.059394 0.040546 0.040643 0.030834 
0.028429 0.345151 0.154097 0.082099 0.086939 0.157078 0.053322 0.041503 0.026182 0.025200 
0.012070 0.390270 0.202232 0.073132 0.070985 0.118011 0.061617 0.031101 0.027324 0.013258 
0.037310 0.330038 0.144404 0.096478 0.093517 0.147296 0.046186 0.037800 0.024238 0.042734 
0.034297 0.337469 0.126974 0.135109 0.080182 0.151856 0.056233 0.035370 0.013565 0.028944 
0.012187 0.323770 0.120441 0.092769 0.091571 0.171755 0.055995 0.043832 0.035006 0.052675 
0.039447 0.334339 0.081629 0.044730 0.094078 0.251715 0.067633 0.034285 0.021807 0.030337 
0.018599 0.307952 0.133068 0.061503 0.135108 0.169872 0.051975 0.053327 0.030493 0.038104 
0.010582 0.204773 0.472470 0.144077 0.052871 0.038316 0.021442 0.025585 0.018007 0.011877 
0.058680 0.612150 0.187389 0.043297 0.031123 0.030442 0.011644 0.011621 0.007136 0.006519 
0.098817 0.534497 0.141395 0.075123 0.037808 0.026742 0.032406 0.020452 0.015898 0.016862 
0.010576 0.530240 0.115820 0.110756 0.051919 0.046417 0.043446 0.032013 0.035123 0.023691 
0.040995 0.465489 0.135703 0.083774 0.070405 0.049913 0.047630 0.047815 0.038415 0.019861 
0.047160 0.386695 0.170482 0.076346 0.093002 0.064718 0.047592 0.059092 0.038826 0.016087 
0.028698 0.174137 0.193560 0.201846 0.065089 0.144112 0.068754 0.055512 0.035494 0.032798 
0.006050 0.020899 0.231129 0.199705 0.179667 0.106357 0.095269 0.068933 0.060587 0.031405 
0.001607 0.014465 0.241330 0.244441 0.151998 0.122420 0.067977 0.067003 0.046948 0.041812 
0.009570 0.037177 0.128808 0.270494 0.064154 0.262822 0.048945 0.110929 0.048662 0.018440 
0.005810 0.026762 0.056645 0.157404 0.052304 0.241748 0.057286 0.127446 0.142763 0.131831 
0.000662 0.020850 0.080212 0.186750 0.053577 0.218529 0.070029 0.179669 0.090452 0.099271 
0.001469 0.012126 0.081910 0.220402 0.055066 0.238439 0.071534 0.237077 0.057841 0.024134 
0.001380 0.016074 0.081318 0.207400 0.085385 0.210522 0.050380 0.256952 0.056610 0.033979 
0.003558 0.027185 0.127884 0.325778 0.130264 0.145402 0.064748 0.083805 0.066654 0.024721 
0.013051 0.097086 0.471349 0.173694 0.046480 0.032709 0.077792 0.025743 0.050518 0.011577 
0.038667 0.469594 0.170114 0.103673 0.038456 0.035772 0.046945 0.028904 0.050074 0.017802 
0.005061 0.431790 0.141270 0.116893 0.052447 0.048653 0.070804 0.046022 0.067511 0.019549 
0.006225 0.577448 0.087725 0.098809 0.059761 0.045423 0.047551 0.038133 0.028435 0.010490 
0.023885 0.490563 0.115214 0.105117 0.074082 0.059224 0.041582 0.051544 0.029822 0.008966 
0.056049 0.388458 0.118647 0.114985 0.088646 0.066422 0.060594 0.046373 0.041880 0.017947 
0.008017 0.093567 0.115599 0.181483 0.313980 0.081343 0.062679 0.087829 0.041020 0.014483 
0.009821 0.043691 0.109155 0.299606 0.267358 0.063570 0.041668 0.120432 0.032418 0.012282 
0.012508 0.050611 0.083362 0.350253 0.241725 0.075508 0.032313 0.104140 0.031405 0.018174 
0.012053 0.050783 0.077668 0.355532 0.280636 0.041334 0.036335 0.077289 0.046741 0.021629 
0.000844 0.099706 0.517711 0.152508 0.069460 0.042487 0.028405 0.041741 0.030390 0.016746 
0.030642 0.479969 0.143287 0.118124 0.098025 0.032856 0.035539 0.029460 0.017876 0.014222 
0.059638 0.517031 0.079171 0.167870 0.076957 0.008260 0.024540 0.040817 0.015425 0.010290 
0.009746 0.421383 0.100915 0.187420 0.157009 0.027197 0.023142 0.050372 0.012187 0.010628 
0.045815 0.343209 0.047481 0.124204 0.192409 0.045823 0.036235 0.058037 0.040807 0.065980 
0.022019 0.194951 0.070599 0.180812 0.177312 0.030544 0.044804 0.059834 0.101517 0.117610 
0.006753 0.058783 0.091550 0.254779 0.247528 0.040222 0.034629 0.117943 0.063085 0.084728 
0.004045 0.008898 0.061539 0.163505 0.329751 0.028500 0.060662 0.219397 0.084392 0.039311 
0.004740 0.017876 0.075055 0.088940 0.433140 0.050066 0.051523 0.191487 0.067441 0.019732 
0.001556 0.016199 0.071060 0.059188 0.424203 0.057013 0.065306 0.199141 0.075991 0.030342 
0.006933 0.024068 0.098991 0.109539 0.383439 0.024794 0.069575 0.169644 0.066072 0.046947 
0.013564 0.070133 0.165104 0.115082 0.254474 0.040434 0.022294 0.055788 0.229799 0.033328 
0.005217 0.023809 0.336738 0.171282 0.177102 0.084756 0.043046 0.050252 0.060577 0.047222 
0.009986 0.071577 0.313297 0.133118 0.132861 0.068429 0.051810 0.121647 0.057967 0.039308 
0.006824 0.041638 0.259282 0.265655 0.111616 0.039127 0.061921 0.103378 0.061079 0.049481 
0.013183 0.138032 0.514426 0.168480 0.059576 0.017033 0.021524 0.036288 0.024001 0.007456 
0.025723 0.599054 0.123554 0.079717 0.084077 0.013437 0.014396 0.035318 0.017864 0.006859 
0.042835 0.501339 0.111271 0.174798 0.061163 0.023326 0.031217 0.034757 0.009478 0.009815 
0.010150 0.407350 0.096028 0.240338 0.128315 0.024353 0.022944 0.036565 0.027270 0.006686 
0.041867 0.404242 0.073162 0.137138 0.162384 0.055623 0.026458 0.055295 0.028933 0.014898 
0.007589 0.149926 0.505855 0.149548 0.063414 0.027261 0.018235 0.038700 0.027877 0.011595 
0.030561 0.605013 0.124668 0.101907 0.044871 0.013422 0.015288 0.030289 0.023322 0.010658 
0.018361 0.499367 0.119068 0.089439 0.086395 0.046187 0.046719 0.046767 0.026388 0.021309 
0.000024 0.465790 0.097881 0.134632 0.114195 0.052744 0.033749 0.047445 0.030280 0.023260 
0.031394 0.326647 0.107288 0.166323 0.101773 0.025026 0.040878 0.053479 0.082609 0.064584 
0.015582 0.152241 0.060471 0.146022 0.117160 0.042782 0.052072 0.098331 0.157468 0.157873 
0.008520 0.049192 0.073061 0.182307 0.174271 0.084615 0.084967 0.111075 0.119368 0.112624 
0.001054 0.046000 0.132935 0.121161 0.326912 0.062505 0.058245 0.146963 0.073612 0.030613 
0.004022 0.022407 0.179145 0.121628 0.344638 0.036481 0.033860 0.163545 0.067859 0.026415 
0.020384 0.092514 0.131554 0.153583 0.173374 0.100351 0.100180 0.067589 0.098744 0.061728 
0.001325 0.122816 0.537123 0.109770 0.038049 0.016934 0.053388 0.037649 0.014923 0.068025 
0.008003 0.483379 0.052512 0.101850 0.042394 0.021509 0.079970 0.050560 0.035437 0.124386 
0.029474 0.405692 0.060167 0.082881 0.061562 0.017068 0.080724 0.057606 0.057520 0.147306 
0.018931 0.383788 0.046472 0.135392 0.061389 0.024093 0.174278 0.049295 0.045924 0.060438 
0.002756 0.405235 0.081604 0.162704 0.067391 0.022575 0.070553 0.097700 0.027778 0.061703 
0.034977 0.156099 0.068947 0.127608 0.052747 0.025247 0.108753 0.372290 0.021612 0.031720 
0.010071 0.040925 0.103032 0.126435 0.111472 0.027222 0.085787 0.356764 0.051836 0.086456 
0.003365 0.021299 0.077716 0.129225 0.055373 0.046744 0.154764 0.398399 0.038958 0.074157 
0.006533 0.021940 0.093453 0.170919 0.091658 0.019472 0.089354 0.425825 0.025258 0.055588 
0.017796 0.090891 0.212187 0.226847 0.098986 0.038280 0.106542 0.119634 0.041622 0.047216 
0.017645 0.163151 0.427868 0.122114 0.045592 0.016325 0.039150 0.126632 0.026050 0.015472 
0.015352 0.483395 0.131947 0.061988 0.033546 0.015908 0.059547 0.139093 0.015907 0.043318 
0.058585 0.499382 0.075097 0.052585 0.031013 0.017649 0.042749 0.125400 0.030538 0.067002 
0.023701 0.455483 0.056642 0.062344 0.059527 0.033848 0.041632 0.164100 0.029501 0.073221 
0.019490 0.268486 0.046981 0.095337 0.041645 0.029444 0.067428 0.177018 0.099414 0.154757 
0.013235 0.122703 0.036868 0.098547 0.063292 0.036175 0.128673 0.236195 0.109634 0.154678 
0.001085 0.006947 0.067627 0.116059 0.086916 0.024226 0.321492 0.132604 0.110322 0.132720 
0.002966 0.006075 0.075507 0.192820 0.045151 0.046287 0.326352 0.139437 0.052303 0.113104 
0.003404 0.033150 0.105578 0.248596 0.111397 0.029009 0.237271 0.115620 0.058730 0.057244 
0.009814 0.044118 0.094790 0.250300 0.110852 0.024592 0.246147 0.089862 0.057838 0.071689 
0.003190 0.008710 0.019741 0.071339 0.117971 0.067516 0.265443 0.330287 0.065218 0.050584 
0.004698 0.022856 0.048206 0.067207 0.031097 0.051617 0.146231 0.562736 0.041291 0.024061 
0.002338 0.008336 0.053308 0.108363 0.053605 0.030306 0.169733 0.496928 0.037369 0.039714 
0.001421 0.008145 0.090421 0.120661 0.090961 0.036967 0.083228 0.505038 0.029026 0.034132 
0.007889 0.030886 0.316971 0.229358 0.090082 0.044203 0.052556 0.171340 0.034175 0.022540 
0.017915 0.259307 0.471410 0.054108 0.024476 0.017656 0.019837 0.111323 0.012244 0.011724 
0.008364 0.505711 0.109189 0.071044 0.027427 0.023197 0.060932 0.154055 0.028308 0.011772 
0.018844 0.501675 0.093916 0.080146 0.042004 0.027705 0.099183 0.103212 0.017545 0.015770 
0.022775 0.371616 0.097285 0.095727 0.077027 0.026684 0.092050 0.169933 0.023450 0.023452 
0.079158 0.440573 0.120549 0.094071 0.053559 0.033609 0.042412 0.082956 0.035085 0.018026 
0.002003 0.281146 0.193678 0.084770 0.119981 0.048656 0.084516 0.134760 0.029035 0.021455 
0.011140 0.041587 0.209982 0.128768 0.202960 0.072644 0.047192 0.185112 0.083886 0.016730 
0.002522 0.027203 0.219912 0.123532 0.174651 0.041107 0.107236 0.215575 0.074866 0.013397 
0.004690 0.026158 0.190787 0.155972 0.220462 0.041764 0.048827 0.222553 0.070311 0.018476 
0.007545 0.056542 0.097484 0.085520 0.118400 0.029566 0.085481 0.169478 0.184051 0.165933 
0.008057 0.015569 0.062172 0.097141 0.099602 0.061938 0.047978 0.156531 0.206559 0.244454 
0.001312 0.011143 0.129043 0.179428 0.116999 0.096270 0.061916 0.128983 0.163778 0.111129 
0.000085 0.033951 0.152844 0.268646 0.161362 0.046909 0.070067 0.114283 0.092055 0.059799 
0.008048 0.043248 0.108286 0.275443 0.157146 0.105158 0.041120 0.118683 0.095241 0.047626 
0.016334 0.097411 0.350347 0.225341 0.080155 0.058932 0.064118 0.050313 0.035853 0.021195 
0.000885 0.259378 0.437077 0.084698 0.053981 0.026998 0.025952 0.065390 0.027790 0.017849 
0.060520 0.578583 0.119704 0.062126 0.020899 0.022522 0.015190 0.092101 0.020473 0.007882 
0.044535 0.545811 0.081175 0.060218 0.054105 0.031147 0.041735 0.108122 0.018153 0.014997 
0.028366 0.486253 0.076088 0.072546 0.091256 0.020959 0.018134 0.155902 0.030480 0.020016 
0.021288 0.443982 0.105447 0.078690 0.093082 0.019403 0.030774 0.160623 0.035589 0.011122 
0.050690 0.298613 0.037242 0.082686 0.086156 0.046049 0.061779 0.258029 0.050114 0.028640 
0.006124 0.013655 0.085785 0.139024 0.132953 0.064671 0.180336 0.300984 0.051703 0.024766 
0.009809 0.031194 0.115914 0.215609 0.179387 0.080973 0.077112 0.233537 0.040278 0.016185 
0.001625 0.017182 0.136034 0.184728 0.223180 0.070056 0.123098 0.128981 0.080899 0.034216 
0.016333 0.144084 0.420169 0.208172 0.068469 0.031051 0.027002 0.041213 0.028594 0.014915 
0.040593 0.398242 0.380211 0.082256 0.032898 0.018496 0.017526 0.016847 0.010007 0.002924 
0.054772 0.580922 0.149987 0.077044 0.034611 0.022124 0.026742 0.022691 0.017728 0.013378 
0.048740 0.656891 0.089463 0.037853 0.064835 0.025921 0.007638 0.033820 0.019116 0.015724 
0.053956 0.587120 0.066418 0.051277 0.073531 0.054116 0.026490 0.027955 0.037519 0.021618 
0.010290 0.236380 0.051998 0.138895 0.101645 0.031950 0.149412 0.069652 0.109905 0.099873 
0.015045 0.105469 0.046864 0.165280 0.075881 0.052522 0.203600 0.091806 0.106528 0.137006 
0.002966 0.022510 0.137274 0.203832 0.153117 0.083964 0.111336 0.076629 0.118103 0.090269 
0.006610 0.014608 0.282266 0.186674 0.150800 0.035581 0.061570 0.106666 0.083699 0.071527 
0.001868 0.028747 0.275171 0.193156 0.109592 0.066525 0.119126 0.115253 0.048366 0.042196 
0.008710 0.058741 0.243853 0.231028 0.121760 0.063331 0.094901 0.078715 0.036748 0.062214 
0.000602 0.015406 0.124321 0.248233 0.070141 0.357126 0.060982 0.077779 0.019573 0.025837 
0.003295 0.019319 0.072730 0.143607 0.099066 0.411580 0.092748 0.119438 0.014208 0.024010 
0.006058 0.028612 0.073425 0.149914 0.121706 0.429071 0.096868 0.059182 0.023279 0.011885 
