Birthmark,Akon
0.000000 0.000000 0.000000 0.000000 0.000000 0.000000 0.000000 0.000000 0.000000 0.000000 
0.085706 0.178010 0.157731 0.149814 0.095061 0.025406 0.074129 0.071853 0.088133 0.074157 
0.159801 0.117796 0.177891 0.084364 0.107381 0.056488 0.075400 0.064537 0.104622 0.051719 
0.330360 0.401612 0.104203 0.048563 0.031608 0.021346 0.021743 0.017009 0.013788 0.009768 
0.131845 0.154401 0.126157 0.091239 0.061356 0.198865 0.096899 0.069365 0.046915 0.022957 
0.023986 0.079615 0.067693 0.235387 0.174768 0.120702 0.147474 0.079436 0.050588 0.020352 
0.057556 0.073172 0.152415 0.112619 0.237868 0.062485 0.105213 0.076309 0.065697 0.056666 
0.159542 0.147805 0.220921 0.134913 0.128391 0.041243 0.071292 0.047748 0.029380 0.018766 
0.023937 0.026044 0.129146 0.175010 0.138250 0.083042 0.129587 0.119743 0.107889 0.067351 
0.043065 0.120653 0.192654 0.154875 0.140911 0.132557 0.074094 0.064605 0.041606 0.034979 
0.071617 0.232080 0.146201 0.124515 0.111501 0.090405 0.086120 0.055327 0.051792 0.030441 
0.033937 0.259119 0.127985 0.130864 0.128956 0.072869 0.076797 0.050843 0.078917 0.039713 
0.001111 0.034862 0.246427 0.194173 0.224074 0.097047 0.088524 0.026557 0.058205 0.029019 
0.007062 0.132149 0.462950 0.054203 0.144747 0.055685 0.056061 0.034641 0.025269 0.027233 
0.004785 0.170351 0.459346 0.099917 0.101639 0.054771 0.031687 0.028798 0.028799 0.019907 
0.017878 0.391583 0.333825 0.080961 0.071316 0.014689 0.020697 0.034983 0.017457 0.016611 
0.106840 0.360868 0.252856 0.061184 0.064103 0.031229 0.038171 0.031135 0.030281 0.023334 
0.159994 0.534173 0.125181 0.043521 0.060003 0.022568 0.017340 0.010858 0.017629 0.008734 
0.033204 0.123397 0.212515 0.155344 0.203651 0.050514 0.050517 0.060593 0.066592 0.043672 
0.055007 0.153726 0.421094 0.084176 0.136148 0.040532 0.035491 0.018866 0.033296 0.021664 
0.036001 0.090019 0.554666 0.110591 0.115911 0.028012 0.022854 0.013864 0.020504 0.007578 
0.054543 0.323579 0.333782 0.106844 0.043845 0.027148 0.035911 0.029039 0.026203 0.019106 
0.027750 0.164803 0.181753 0.151041 0.180217 0.130137 0.079552 0.029198 0.044935 0.010613 
0.029587 0.052246 0.266001 0.133559 0.125994 0.153599 0.079507 0.037834 0.064772 0.056901 
0.040910 0.085714 0.487619 0.110960 0.097629 0.056457 0.038271 0.040569 0.028758 0.013111 
0.016155 0.412859 0.380969 0.039607 0.052699 0.039099 0.024325 0.011815 0.016911 0.005562 
0.014847 0.501034 0.254291 0.066538 0.056386 0.028759 0.027204 0.014344 0.021119 0.015476 
0.099754 0.453077 0.222254 0.055223 0.082432 0.026595 0.025819 0.011522 0.015842 0.007480 
0.122274 0.453677 0.166550 0.049768 0.065120 0.060419 0.011662 0.022354 0.031016 0.017160 
0.114328 0.537898 0.094933 0.051769 0.068458 0.034811 0.022597 0.018936 0.034370 0.021900 
0.001801 0.069757 0.279340 0.114669 0.237328 0.062697 0.090707 0.056096 0.065092 0.022514 
0.006346 0.455324 0.175067 0.092476 0.067028 0.071406 0.042164 0.043126 0.032911 0.014152 
0.043533 0.520269 0.182601 0.087274 0.048638 0.038833 0.022591 0.019215 0.025917 0.011129 
0.011781 0.520764 0.145423 0.114266 0.084952 0.041535 0.023249 0.020320 0.022471 0.015239 
0.049060 0.496291 0.146726 0.095935 0.069896 0.048016 0.036256 0.020388 0.020036 0.017396 
0.122235 0.323533 0.083669 0.084593 0.144728 0.086506 0.053334 0.032674 0.051398 0.017331 
0.063167 0.410872 0.177366 0.070090 0.086169 0.057177 0.047091 0.026675 0.046127 0.015268 
0.012665 0.095915 0.201628 0.136574 0.251266 0.065272 0.089845 0.064810 0.055968 0.026057 
0.039298 0.243107 0.197410 0.144745 0.190311 0.035326 0.053838 0.051350 0.031531 0.013083 
0.056433 0.416102 0.170284 0.119925 0.101708 0.038330 0.016562 0.041780 0.027694 0.011182 
0.023230 0.471925 0.191716 0.098574 0.057150 0.031009 0.047441 0.025428 0.036221 0.017305 
0.093863 0.437327 0.147186 0.120457 0.089268 0.043757 0.023599 0.014733 0.018070 0.011740 
0.214115 0.421987 0.107857 0.054415 0.082891 0.029330 0.030871 0.019286 0.029105 0.010143 
0.266674 0.334195 0.067657 0.094852 0.111806 0.033502 0.029573 0.032651 0.020214 0.008875 
0.013774 0.054018 0.167999 0.138526 0.335785 0.087706 0.065044 0.061737 0.055380 0.020032 
0.011180 0.076137 0.278292 0.165208 0.245089 0.071329 0.075681 0.023253 0.038448 0.015383 
0.086229 0.351050 0.165717 0.118717 0.128158 0.050779 0.028681 0.028116 0.026712 0.015842 
0.190960 0.308965 0.159649 0.116477 0.104781 0.038048 0.039361 0.017431 0.017081 0.007247 
0.141443 0.377645 0.116639 0.114455 0.104217 0.037471 0.035792 0.028333 0.032394 0.011612 
0.048136 0.346588 0.184879 0.130364 0.111309 0.036019 0.066819 0.020746 0.036238 0.018903 
0.050076 0.324143 0.202061 0.109406 0.126676 0.053519 0.042712 0.031065 0.045839 0.014504 
0.002975 0.196498 0.153187 0.114112 0.105162 0.081705 0.117783 0.097562 0.083975 0.047041 
0.011159 0.116114 0.277483 0.132947 0.225389 0.067076 0.072729 0.041095 0.046186 0.009822 
0.006856 0.345803 0.181797 0.195846 0.113464 0.034175 0.038789 0.036569 0.039160 0.007540 
0.056307 0.424166 0.221185 0.067529 0.101360 0.045023 0.026696 0.020662 0.025779 0.011292 
0.008355 0.125595 0.115429 0.200591 0.320956 0.081306 0.053367 0.043831 0.024041 0.026529 
0.011976 0.094122 0.269402 0.160933 0.284702 0.025972 0.067912 0.035771 0.026420 0.022789 
0.046046 0.438832 0.208146 0.113474 0.103768 0.024080 0.016557 0.018405 0.018528 0.012164 
0.056401 0.442516 0.177944 0.126589 0.090120 0.029095 0.016684 0.028238 0.020586 0.011827 
0.025747 0.557300 0.182437 0.074641 0.065654 0.031484 0.025931 0.018954 0.011002 0.006850 
0.188349 0.318347 0.141571 0.115654 0.143267 0.031654 0.021795 0.017796 0.013941 0.007626 
0.278135 0.279253 0.119201 0.079186 0.138517 0.029989 0.030154 0.021271 0.017427 0.006867 
0.000687 0.121896 0.494183 0.174526 0.075770 0.038430 0.025163 0.031113 0.021877 0.016355 
0.023858 0.510005 0.244916 0.083956 0.045326 0.022594 0.018198 0.021053 0.023889 0.006206 
0.083112 0.611770 0.129409 0.081913 0.031831 0.020018 0.012585 0.007864 0.018639 0.002859 
0.038387 0.552628 0.104139 0.127073 0.056171 0.046254 0.030034 0.010128 0.025636 0.009551 
0.009952 0.479740 0.122038 0.150705 0.075500 0.062660 0.029275 0.029733 0.019918 0.020478 
0.059407 0.457896 0.110870 0.146716 0.078504 0.062000 0.027789 0.009998 0.032062 0.014758 
0.003165 0.259561 0.179436 0.220930 0.108709 0.099336 0.020396 0.030958 0.057747 0.019762 
0.000640 0.057306 0.179928 0.321005 0.143793 0.130688 0.053306 0.046747 0.045619 0.020968 
0.003417 0.084736 0.284562 0.258308 0.100605 0.119246 0.058803 0.021399 0.044484 0.024438 
0.018099 0.091570 0.259422 0.319535 0.107437 0.106028 0.036368 0.010490 0.037807 0.013244 
0.007985 0.065159 0.281285 0.304734 0.106541 0.122069 0.033951 0.021856 0.045877 0.010541 
0.012971 0.086377 0.243833 0.343984 0.073931 0.140704 0.047337 0.007969 0.035280 0.007615 
0.008549 0.078845 0.155102 0.251054 0.147100 0.114338 0.097353 0.034530 0.093630 0.019499 
0.004050 0.071941 0.142116 0.239715 0.137486 0.146781 0.082434 0.029167 0.117904 0.028405 
0.006717 0.082617 0.143433 0.260402 0.122909 0.127913 0.107296 0.030534 0.090432 0.027747 
0.001108 0.090627 0.113834 0.294591 0.170518 0.122850 0.074265 0.013731 0.088225 0.030251 
0.025160 0.079608 0.068769 0.152281 0.081150 0.062739 0.106127 0.073811 0.222380 0.127975 
0.036712 0.087226 0.070578 0.195767 0.113553 0.085736 0.075938 0.091797 0.120763 0.121930 
0.017818 0.101080 0.109143 0.286818 0.115035 0.108297 0.061406 0.046660 0.117932 0.035810 
0.001615 0.160516 0.098236 0.315749 0.124750 0.114305 0.075444 0.020208 0.052835 0.036343 
0.016632 0.153069 0.106556 0.228977 0.131071 0.101900 0.083654 0.051026 0.090742 0.036374 
0.025481 0.148198 0.151360 0.142966 0.126456 0.114232 0.093840 0.027630 0.109335 0.060502 
0.015203 0.098872 0.129520 0.144513 0.132495 0.144281 0.110024 0.054905 0.112037 0.058151 
0.007504 0.088390 0.186523 0.120055 0.190135 0.147871 0.090784 0.044071 0.067936 0.056731 
0.003278 0.172487 0.271305 0.155733 0.114098 0.070124 0.064190 0.050299 0.067217 0.031269 
0.003371 0.090703 0.365290 0.173500 0.118530 0.049612 0.085614 0.030562 0.053583 0.029236 
0.013594 0.126401 0.353848 0.134221 0.122835 0.065412 0.075847 0.017403 0.055660 0.034780 
0.024044 0.141881 0.322506 0.146554 0.112374 0.096174 0.041136 0.019199 0.067945 0.028189 
0.023288 0.169877 0.507811 0.144148 0.050136 0.027555 0.017076 0.024102 0.022453 0.013556 
0.020393 0.623188 0.164199 0.048944 0.038481 0.028905 0.023279 0.017565 0.024185 0.010861 
0.064464 0.571317 0.130245 0.063923 0.061990 0.029230 0.022112 0.023693 0.018332 0.014694 
0.016137 0.594319 0.146071 0.063165 0.063342 0.043080 0.019856 0.015019 0.031442 0.007570 
0.075928 0.519526 0.143858 0.096343 0.057700 0.020810 0.020368 0.015606 0.028005 0.021856 
0.013668 0.462413 0.189050 0.148868 0.067846 0.020754 0.025573 0.016228 0.020169 0.035431 
0.041363 0.130513 0.298454 0.212480 0.141456 0.041738 0.026431 0.023504 0.029670 0.054390 
0.010312 0.160315 0.247950 0.252415 0.127474 0.061490 0.022051 0.027009 0.043453 0.047531 
0.003186 0.086556 0.247353 0.224463 0.184787 0.093820 0.048571 0.027425 0.060761 0.023078 
0.012126 0.071260 0.220277 0.230373 0.227473 0.110074 0.053997 0.015437 0.043315 0.015669 
0.006252 0.079933 0.206144 0.205090 0.213954 0.125795 0.041210 0.018957 0.083943 0.018721 
0.016293 0.101266 0.208505 0.273413 0.105334 0.091378 0.065314 0.061948 0.049492 0.027056 
0.011493 0.186693 0.458638 0.134075 0.077355 0.038446 0.025892 0.023905 0.025900 0.017601 
0.028394 0.682462 0.112518 0.083691 0.034952 0.014197 0.007109 0.008370 0.016118 0.012188 
0.067568 0.637163 0.099613 0.065464 0.047494 0.026038 0.016476 0.018968 0.011058 0.010157 
0.030596 0.551396 0.093873 0.119815 0.071316 0.045139 0.027311 0.012970 0.031430 0.016154 
0.059699 0.485269 0.104047 0.115499 0.072856 0.062190 0.032091 0.016602 0.033250 0.018496 
0.047522 0.407461 0.101976 0.155040 0.118738 0.062476 0.050026 0.017023 0.026920 0.012817 
0.012138 0.056756 0.158763 0.300300 0.197780 0.103058 0.057730 0.028247 0.063780 0.021448 
0.000621 0.080727 0.144876 0.189325 0.148444 0.055088 0.106450 0.094443 0.111471 0.068555 
0.004858 0.068736 0.207911 0.136355 0.098837 0.064695 0.064079 0.083355 0.163960 0.107215 
0.011423 0.086203 0.239155 0.178244 0.065567 0.072487 0.072977 0.055867 0.116332 0.101746 
0.042279 0.124775 0.254906 0.203467 0.080591 0.083437 0.060825 0.032121 0.078920 0.038679 
0.021902 0.130041 0.208003 0.215748 0.117797 0.103805 0.078505 0.034663 0.071318 0.018218 
0.021044 0.124765 0.220805 0.232103 0.096438 0.081107 0.064318 0.048639 0.090166 0.020617 
0.058574 0.131142 0.145865 0.311471 0.094572 0.080965 0.048531 0.026491 0.075277 0.027110 
0.003140 0.083330 0.162318 0.353332 0.120637 0.066562 0.033642 0.025222 0.112528 0.039289 
0.019677 0.077866 0.159873 0.320266 0.117082 0.089802 0.050331 0.054552 0.095299 0.015252 
0.000338 0.080038 0.277648 0.263498 0.114536 0.104850 0.058387 0.026570 0.039863 0.034272 
0.016803 0.099554 0.354326 0.141304 0.097922 0.111117 0.076495 0.030517 0.041851 0.030112 
0.017198 0.095307 0.347230 0.159377 0.094739 0.126651 0.062823 0.028118 0.041878 0.026677 
0.014757 0.104056 0.466933 0.193998 0.075206 0.042011 0.024369 0.034845 0.028993 0.014833 
0.014353 0.498608 0.284254 0.061669 0.041738 0.022064 0.027514 0.019910 0.018999 0.010891 
0.026733 0.538355 0.159779 0.074760 0.053392 0.033246 0.036234 0.028747 0.032852 0.015903 
0.020157 0.654143 0.144704 0.059469 0.034126 0.018066 0.018237 0.010347 0.023125 0.017628 
0.044425 0.202233 0.412165 0.143336 0.076525 0.029376 0.023357 0.031202 0.023399 0.013982 
0.010811 0.512029 0.329414 0.036200 0.041475 0.024316 0.016231 0.013376 0.009769 0.006379 
0.085043 0.620338 0.137753 0.053385 0.037204 0.024113 0.017012 0.011065 0.006726 0.007362 
0.021746 0.574270 0.210216 0.058458 0.056058 0.028531 0.033885 0.005668 0.002700 0.008469 
0.012231 0.552702 0.232402 0.075578 0.052485 0.028022 0.026454 0.005812 0.006748 0.007567 
0.064541 0.442462 0.199899 0.101387 0.075131 0.042102 0.039175 0.010873 0.016111 0.008318 
0.006087 0.308567 0.306601 0.168163 0.088891 0.049776 0.038990 0.009421 0.010189 0.013315 
0.001519 0.058571 0.334899 0.266459 0.139728 0.080103 0.061534 0.016679 0.018456 0.022051 
0.009332 0.121266 0.322803 0.199988 0.119023 0.089380 0.069339 0.018387 0.020214 0.030267 
0.018993 0.117055 0.379087 0.212456 0.098470 0.044932 0.045457 0.030696 0.029323 0.023531 
0.003296 0.053464 0.346856 0.198430 0.122689 0.073342 0.086883 0.053290 0.038002 0.023748 
0.012533 0.117494 0.391162 0.225370 0.077204 0.036146 0.051089 0.021842 0.052168 0.014990 
0.000125 0.050345 0.232766 0.307903 0.141816 0.037739 0.051447 0.041025 0.124744 0.012088 
0.009645 0.068630 0.231977 0.298390 0.154655 0.063576 0.034418 0.042733 0.082353 0.013623 
0.007003 0.063720 0.238611 0.299220 0.121013 0.059158 0.040715 0.049567 0.098685 0.022308 
0.005259 0.044644 0.243488 0.353216 0.130906 0.043531 0.026956 0.042287 0.093103 0.016609 
0.017772 0.066274 0.108867 0.197288 0.071681 0.057052 0.061871 0.076766 0.222472 0.119957 
0.031974 0.096380 0.141387 0.150833 0.058238 0.064963 0.082851 0.102100 0.122265 0.149010 
0.018055 0.123836 0.223866 0.235100 0.122321 0.043537 0.053623 0.065712 0.066520 0.047429 
0.010551 0.147411 0.224629 0.272860 0.116871 0.049644 0.071808 0.026893 0.046699 0.032634 
0.032355 0.112807 0.161519 0.257193 0.118087 0.067640 0.075703 0.042907 0.094803 0.036987 
0.018462 0.132625 0.152381 0.268418 0.136013 0.056515 0.080368 0.037590 0.089276 0.028351 
0.004515 0.069385 0.154040 0.319258 0.148557 0.069671 0.086009 0.036761 0.090130 0.021673 
0.010589 0.083896 0.154211 0.301399 0.147758 0.058524 0.089123 0.054958 0.076225 0.023317 
0.011987 0.125604 0.202577 0.235262 0.159068 0.046765 0.077983 0.029869 0.087735 0.023151 
0.018586 0.066760 0.302040 0.273584 0.084702 0.062072 0.100493 0.041856 0.031589 0.018317 
0.008337 0.058061 0.253748 0.301832 0.125576 0.053037 0.109550 0.040063 0.028669 0.021126 
0.002448 0.055690 0.241643 0.344751 0.127333 0.042015 0.072364 0.047299 0.035267 0.031191 
0.019328 0.155514 0.525629 0.142301 0.051571 0.031949 0.017831 0.024085 0.019440 0.012352 
0.001733 0.573147 0.169336 0.066023 0.066585 0.028506 0.032644 0.025869 0.021593 0.014564 
0.085529 0.636756 0.108304 0.083187 0.025179 0.010816 0.014186 0.017734 0.013051 0.005258 
0.022886 0.621057 0.077858 0.144284 0.050043 0.016387 0.034968 0.009294 0.015754 0.007470 
0.083423 0.561644 0.095108 0.123557 0.042186 0.016404 0.039408 0.017805 0.014641 0.005823 
0.003892 0.436208 0.160692 0.116642 0.095126 0.036802 0.034890 0.033910 0.058838 0.023000 
0.046734 0.184909 0.225242 0.201073 0.121994 0.037179 0.047796 0.032436 0.081763 0.020876 
0.022106 0.149949 0.227354 0.217426 0.157629 0.048438 0.064959 0.036817 0.060502 0.014821 
0.039853 0.082193 0.112323 0.302102 0.158420 0.081179 0.085115 0.042927 0.073282 0.022606 
0.030050 0.078861 0.089247 0.352842 0.182487 0.062693 0.064223 0.058508 0.059517 0.021572 
0.005703 0.068674 0.106718 0.414044 0.158602 0.059124 0.088750 0.028545 0.057116 0.012726 
0.029044 0.150148 0.264691 0.251995 0.113147 0.044905 0.037735 0.046722 0.046454 0.015159 
0.029104 0.236547 0.513414 0.106705 0.039298 0.016544 0.024945 0.012405 0.014733 0.006304 
0.023170 0.618285 0.154446 0.098959 0.042249 0.015028 0.011371 0.015685 0.015640 0.005168 
0.069559 0.616080 0.108292 0.107360 0.036418 0.019271 0.013048 0.007768 0.016277 0.005927 
0.022711 0.553373 0.152166 0.134605 0.038946 0.031125 0.023178 0.011599 0.020127 0.012173 
0.044218 0.511410 0.108185 0.152548 0.056132 0.045745 0.018450 0.027758 0.026175 0.009379 
0.053898 0.406861 0.166546 0.205909 0.049819 0.047900 0.025799 0.009924 0.024383 0.008959 
0.025267 0.097598 0.251052 0.317065 0.128100 0.080139 0.043738 0.020329 0.027575 0.009137 
0.019434 0.098185 0.208815 0.234427 0.109468 0.082072 0.056981 0.067135 0.052225 0.071258 
0.014564 0.064822 0.182638 0.198836 0.078689 0.077592 0.068927 0.068685 0.164982 0.080265 
0.025220 0.060075 0.175320 0.260218 0.127656 0.060985 0.063153 0.053507 0.091883 0.081983 
0.034193 0.100359 0.172362 0.338474 0.124059 0.068129 0.059182 0.019906 0.067325 0.016011 
0.023208 0.111539 0.176154 0.367919 0.130189 0.050428 0.054206 0.020019 0.046642 0.019695 
0.033129 0.067169 0.196263 0.206726 0.218160 0.050984 0.079013 0.074303 0.047338 0.026915 
0.042312 0.111242 0.219246 0.172817 0.224907 0.044040 0.062754 0.047587 0.051039 0.024055 
0.019949 0.098695 0.216372 0.190353 0.266652 0.031063 0.065530 0.015461 0.063671 0.032254 
0.009501 0.103864 0.243295 0.206461 0.219436 0.044351 0.044881 0.029751 0.067296 0.031163 
0.006783 0.117895 0.197244 0.222992 0.217792 0.048689 0.068384 0.038725 0.055274 0.026223 
0.016095 0.130632 0.128683 0.230434 0.210853 0.069463 0.108331 0.034697 0.044720 0.026091 
0.036259 0.231493 0.149233 0.200690 0.171495 0.028448 0.067196 0.035062 0.039593 0.040531 
0.009952 0.093388 0.462048 0.199172 0.077258 0.034052 0.034075 0.041184 0.029401 0.019470 
0.008745 0.385040 0.307840 0.095811 0.070001 0.032611 0.036835 0.023939 0.024338 0.014840 
0.004018 0.498601 0.186577 0.090472 0.062386 0.041737 0.035566 0.035541 0.026122 0.018979 
0.027097 0.588017 0.091857 0.108254 0.052326 0.033277 0.042169 0.017111 0.025468 0.014425 
0.028774 0.206467 0.373278 0.172356 0.069650 0.035919 0.036520 0.032490 0.024778 0.019769 
0.017502 0.542243 0.306222 0.050407 0.032154 0.010863 0.015242 0.006766 0.010806 0.007796 
0.063581 0.592181 0.102893 0.091497 0.037229 0.027532 0.022277 0.029456 0.017070 0.016285 
0.006215 0.559524 0.155738 0.129957 0.046863 0.026778 0.023035 0.023034 0.020214 0.008642 
0.020699 0.511882 0.141345 0.148763 0.060234 0.034912 0.028177 0.022480 0.023668 0.007840 
0.071620 0.452674 0.144876 0.155881 0.073201 0.034293 0.014527 0.026938 0.019095 0.006897 
0.012243 0.246249 0.141794 0.210288 0.141158 0.068270 0.040148 0.071777 0.045790 0.022281 
0.017031 0.121341 0.185712 0.234359 0.164786 0.087302 0.036324 0.077840 0.049418 0.025888 
0.005625 0.126958 0.223758 0.209017 0.166708 0.076830 0.046450 0.073439 0.048371 0.022845 
0.032134 0.171705 0.225546 0.170884 0.168769 0.071848 0.036032 0.072510 0.030587 0.019986 
0.019820 0.196497 0.254519 0.118255 0.173851 0.072353 0.039341 0.073556 0.033825 0.017983 
0.023293 0.240728 0.282773 0.050310 0.182598 0.054996 0.037871 0.054971 0.032120 0.040338 
0.020135 0.088089 0.248060 0.185506 0.186896 0.079288 0.060608 0.058176 0.052420 0.020822 
0.008197 0.109321 0.227156 0.184941 0.213576 0.069636 0.060579 0.051595 0.059072 0.015927 
0.009376 0.102740 0.200463 0.181690 0.216208 0.074429 0.079854 0.061228 0.053886 0.020126 
0.003882 0.116849 0.192568 0.225654 0.192937 0.071533 0.053293 0.070392 0.061821 0.011070 
0.026821 0.104786 0.113022 0.125645 0.098739 0.036157 0.105880 0.066433 0.226313 0.096204 
0.034158 0.089260 0.134007 0.102176 0.153150 0.065150 0.049656 0.112319 0.114794 0.145330 
0.017856 0.177899 0.135586 0.103617 0.234775 0.092011 0.053871 0.068895 0.078684 0.036806 
0.012644 0.170940 0.174794 0.084372 0.238074 0.095279 0.066779 0.066627 0.068742 0.021749 
0.009644 0.167294 0.196978 0.153311 0.172845 0.077506 0.090986 0.053225 0.057159 0.021053 
0.006039 0.176181 0.165942 0.189887 0.210193 0.042754 0.076703 0.057686 0.052391 0.022224 
0.005235 0.133936 0.205478 0.211509 0.199907 0.034971 0.070368 0.059585 0.057616 0.021395 
0.008291 0.106462 0.159276 0.251132 0.221684 0.049179 0.070451 0.064299 0.042870 0.026357 
0.013496 0.146083 0.226362 0.253768 0.147629 0.032464 0.062420 0.038979 0.045672 0.033128 
0.017645 0.079422 0.343632 0.242951 0.148023 0.018624 0.035222 0.063494 0.032575 0.018413 
0.000682 0.104719 0.271092 0.241232 0.179327 0.033957 0.041333 0.077181 0.026879 0.023597 
0.001749 0.099670 0.286131 0.252297 0.150347 0.047244 0.059760 0.061799 0.024407 0.016596 
0.013438 0.125354 0.519898 0.151238 0.066054 0.019289 0.031994 0.032364 0.026890 0.013482 
0.015540 0.501778 0.196832 0.093444 0.040710 0.037017 0.034457 0.035930 0.024869 0.019424 
0.082607 0.654492 0.080204 0.066711 0.054082 0.008719 0.015903 0.017317 0.013690 0.006275 
0.016865 0.528487 0.173191 0.081843 0.096839 0.014392 0.018283 0.031198 0.023653 0.015249 
0.074519 0.544478 0.138702 0.066266 0.084050 0.022534 0.017471 0.028558 0.017193 0.006230 
0.027275 0.504655 0.169246 0.118018 0.065599 0.029631 0.015241 0.029075 0.027444 0.013816 
0.015080 0.152017 0.287112 0.235182 0.100560 0.055852 0.048017 0.049263 0.037942 0.018974 
0.011936 0.128742 0.253651 0.270229 0.121275 0.043596 0.035300 0.090358 0.030229 0.014683 
0.004403 0.099590 0.354954 0.085544 0.128757 0.090758 0.033903 0.136159 0.050115 0.015816 
0.012398 0.146398 0.340714 0.061736 0.112426 0.055694 0.027095 0.164950 0.059800 0.018789 
0.003227 0.070153 0.409120 0.042381 0.127637 0.054842 0.063247 0.158182 0.048829 0.022383 
0.001103 0.061493 0.256677 0.263844 0.176500 0.055864 0.048358 0.086898 0.024956 0.024308 
0.025685 0.218126 0.476709 0.139490 0.056694 0.017518 0.025046 0.015556 0.010616 0.014560 
0.006613 0.655990 0.151923 0.046483 0.055569 0.014902 0.014204 0.025866 0.023326 0.005124 
0.056065 0.567737 0.144300 0.060795 0.062101 0.023874 0.025041 0.025085 0.019850 0.015151 
0.034774 0.572702 0.149943 0.052473 0.068948 0.026782 0.023678 0.027794 0.033823 0.009082 
0.020442 0.471238 0.232515 0.077812 0.052057 0.035668 0.043246 0.031483 0.021750 0.013788 
0.069042 0.393600 0.226935 0.085753 0.089732 0.024169 0.035869 0.028846 0.037914 0.008141 
0.012110 0.141238 0.332365 0.160794 0.104594 0.050069 0.062255 0.054357 0.067115 0.015103 
0.041456 0.184138 0.300066 0.128840 0.076062 0.027980 0.064190 0.059196 0.070698 0.047375 
0.026474 0.086412 0.250103 0.127731 0.098126 0.038570 0.053929 0.076576 0.158977 0.083101 
0.011951 0.116464 0.180768 0.167478 0.138809 0.051165 0.049806 0.080122 0.115680 0.087758 
0.049213 0.104478 0.243080 0.148218 0.175771 0.067266 0.038844 0.058524 0.087814 0.026790 
0.031663 0.113366 0.189824 0.233897 0.153044 0.076328 0.045366 0.039386 0.096529 0.020597 
0.018594 0.102265 0.283091 0.253181 0.132924 0.048890 0.037974 0.030979 0.074662 0.017442 
0.029104 0.121998 0.200877 0.319228 0.151783 0.032218 0.032184 0.025432 0.068166 0.019010 
0.005428 0.095398 0.234000 0.333677 0.157649 0.039636 0.038407 0.023745 0.061581 0.010479 
0.008588 0.059875 0.254128 0.293439 0.165152 0.062388 0.048568 0.025420 0.075290 0.007151 
0.010571 0.107048 0.307800 0.168371 0.143053 0.106792 0.042677 0.051660 0.042551 0.019478 
0.013224 0.105973 0.245277 0.094699 0.266977 0.119834 0.041019 0.057397 0.050550 0.005050 
0.001136 0.101808 0.269499 0.099288 0.271880 0.109064 0.049261 0.042709 0.044133 0.011222 
0.009363 0.117698 0.446132 0.196198 0.076591 0.045152 0.026352 0.036635 0.027731 0.018148 
0.028276 0.383924 0.328664 0.084132 0.043512 0.034119 0.034817 0.024851 0.024858 0.012848 
0.024980 0.518518 0.140511 0.106425 0.073024 0.037282 0.033611 0.026465 0.023674 0.015509 
0.036345 0.570889 0.081797 0.123040 0.077103 0.042568 0.019458 0.012618 0.022151 0.014031 
0.011781 0.246194 0.375007 0.148282 0.070125 0.033634 0.027070 0.034457 0.032164 0.021287 
0.014164 0.514011 0.310643 0.055298 0.029285 0.016087 0.019623 0.015020 0.017962 0.007907 
0.037948 0.519445 0.180756 0.075953 0.046530 0.035403 0.029265 0.031633 0.023676 0.019391 
0.001785 0.618604 0.142095 0.077596 0.046746 0.031788 0.020964 0.029870 0.020827 0.009726 
0.041200 0.517230 0.152957 0.075348 0.061081 0.040857 0.035752 0.030016 0.034086 0.011473 
0.059862 0.484537 0.140018 0.092770 0.062413 0.038718 0.035302 0.030279 0.048156 0.007943 
0.035603 0.306050 0.185677 0.113318 0.106865 0.050486 0.055231 0.065015 0.052149 0.029606 
0.001001 0.103738 0.220349 0.211820 0.164055 0.067182 0.083617 0.092426 0.033217 0.022594 
0.001798 0.112918 0.206841 0.221364 0.142197 0.074667 0.099875 0.056052 0.060805 0.023483 
0.017597 0.118051 0.168647 0.271019 0.136460 0.067023 0.112703 0.040156 0.056996 0.011349 
0.000861 0.109738 0.134676 0.277512 0.141019 0.080484 0.130703 0.076677 0.038856 0.009473 
0.021952 0.106100 0.133288 0.256560 0.106515 0.045956 0.148542 0.091305 0.065163 0.024620 
0.010825 0.079310 0.241263 0.195174 0.130167 0.052298 0.104647 0.114348 0.052509 0.019459 
0.008440 0.070048 0.287588 0.153276 0.140039 0.041329 0.094782 0.109029 0.080164 0.015306 
0.013981 0.080825 0.282687 0.156924 0.149439 0.026866 0.114712 0.085266 0.081556 0.007744 
0.006185 0.082458 0.284049 0.164309 0.139390 0.029111 0.128386 0.062643 0.070020 0.033450 
0.028420 0.113819 0.135802 0.125420 0.065805 0.045681 0.120149 0.063602 0.217162 0.084140 
0.042400 0.069627 0.170549 0.070549 0.174650 0.046281 0.069240 0.103927 0.108310 0.144467 
0.034788 0.126710 0.179752 0.129891 0.215012 0.037927 0.086323 0.084524 0.083007 0.022065 
0.013436 0.158372 0.217939 0.131506 0.268461 0.035984 0.091277 0.034802 0.017985 0.030237 
0.009538 0.136931 0.123798 0.186202 0.257883 0.060153 0.113670 0.041162 0.040666 0.029996 
0.016715 0.116498 0.137788 0.210195 0.239144 0.060569 0.103808 0.047555 0.040812 0.026916 
0.014725 0.097838 0.100309 0.233525 0.294711 0.057421 0.110085 0.036797 0.041211 0.013379 
0.006506 0.092197 0.108391 0.207568 0.323510 0.050067 0.103551 0.037849 0.060979 0.009381 
0.015255 0.120653 0.237937 0.179847 0.225913 0.038375 0.076671 0.037528 0.043537 0.024284 
0.005472 0.070318 0.453018 0.144585 0.156074 0.034192 0.064257 0.021101 0.041033 0.009952 
0.007575 0.084880 0.298389 0.194382 0.190149 0.044562 0.074113 0.050044 0.042965 0.012941 
0.013026 0.085541 0.284142 0.169691 0.199006 0.060587 0.078447 0.061344 0.036356 0.011860 
0.002034 0.115694 0.542965 0.137104 0.061121 0.043476 0.027645 0.029505 0.029150 0.011306 
0.037345 0.541990 0.200518 0.077534 0.061412 0.010908 0.024500 0.019219 0.011767 0.014807 
0.070345 0.580638 0.110574 0.068796 0.077003 0.014680 0.039138 0.014900 0.012372 0.011553 
0.020514 0.528978 0.080092 0.130773 0.101390 0.016390 0.057547 0.031280 0.021145 0.011891 
0.069284 0.490702 0.101212 0.104714 0.088518 0.019243 0.041613 0.046696 0.026724 0.011296 
0.049745 0.441643 0.135895 0.143186 0.062386 0.028510 0.046163 0.042553 0.030123 0.019797 
0.029070 0.127909 0.189319 0.240930 0.158799 0.030377 0.068779 0.050381 0.081099 0.023337 
0.011190 0.125919 0.178748 0.248785 0.189547 0.030241 0.069805 0.049543 0.080096 0.016126 
0.016101 0.094897 0.119726 0.241830 0.224241 0.037984 0.128049 0.064521 0.049993 0.022658 
0.012478 0.063756 0.192952 0.254503 0.185361 0.041440 0.124806 0.049208 0.057899 0.017597 
0.005139 0.073226 0.162676 0.235349 0.207801 0.068692 0.133027 0.021049 0.074346 0.018695 
0.031657 0.132667 0.165849 0.185984 0.159118 0.100019 0.095969 0.039808 0.053132 0.035797 
0.011207 0.163359 0.541521 0.132747 0.036348 0.022868 0.034608 0.026195 0.017578 0.013570 
0.011893 0.614866 0.121824 0.098343 0.046981 0.009429 0.044285 0.023950 0.022619 0.005810 
0.040071 0.551494 0.106320 0.086816 0.060034 0.039494 0.047077 0.027618 0.027508 0.013569 
0.023577 0.539454 0.074903 0.128661 0.085462 0.034718 0.069214 0.018805 0.015923 0.009282 
0.008825 0.525909 0.114773 0.091518 0.093060 0.033223 0.050155 0.038426 0.033614 0.010497 
0.069658 0.394634 0.045450 0.114616 0.131233 0.061280 0.066267 0.050921 0.046767 0.019174 
0.019311 0.166911 0.066030 0.178962 0.261193 0.050519 0.119738 0.051924 0.068578 0.016834 
0.044772 0.109593 0.160050 0.108477 0.126323 0.136083 0.138121 0.065893 0.057269 0.053418 
0.014293 0.063003 0.229536 0.117082 0.201751 0.048052 0.090564 0.053948 0.119155 0.062615 
0.004573 0.052472 0.171669 0.138327 0.083644 0.281444 0.084755 0.070013 0.055052 0.058052 
0.020354 0.043412 0.173051 0.172868 0.074614 0.319201 0.076461 0.049758 0.042884 0.027396 
0.017117 0.037508 0.157187 0.186699 0.140754 0.283983 0.049661 0.033146 0.072138 0.021808 
0.015560 0.037624 0.156357 0.094775 0.104972 0.309927 0.110861 0.036959 0.111804 0.021161 
0.020931 0.032550 0.115427 0.177970 0.124579 0.326841 0.061876 0.023233 0.097876 0.018718 
0.007779 0.020273 0.134360 0.145657 0.137835 0.354981 0.061626 0.046844 0.082343 0.008302 
0.000209 0.013577 0.132740 0.203353 0.117804 0.353613 0.065311 0.056431 0.043307 0.013656 
0.000952 0.026185 0.061023 0.196905 0.200356 0.319102 0.042600 0.091185 0.032605 0.029087 
0.004388 0.031250 0.053435 0.191893 0.197091 0.351509 0.065059 0.063776 0.020777 0.020822 
0.005391 0.020043 0.058960 0.210868 0.181673 0.330636 0.064523 0.075779 0.029817 0.022312 
0.007904 0.097533 0.280203 0.183924 0.090303 0.190191 0.044581 0.058747 0.031318 0.015295 
0.032462 0.317984 0.259999 0.076166 0.115032 0.120226 0.020166 0.035939 0.011407 0.010618 
0.034853 0.388258 0.089766 0.119607 0.099345 0.171543 0.014718 0.049710 0.019611 0.012590 
0.023751 0.327780 0.058581 0.129541 0.111811 0.209552 0.046002 0.060226 0.020493 0.012263 
0.004162 0.199526 0.315492 0.126962 0.097556 0.140578 0.042058 0.036997 0.025851 0.010818 
0.003454 0.341573 0.170774 0.089087 0.081432 0.174219 0.047242 0.042447 0.033999 0.015773 
0.014564 0.364472 0.111173 0.131573 0.091102 0.161196 0.033816 0.038162 0.034169 0.019773 
0.005197 0.309547 0.072791 0.096031 0.117534 0.252972 0.050468 0.036527 0.038270 0.020664 
0.024609 0.271825 0.075073 0.093444 0.081706 0.276562 0.068037 0.049261 0.041223 0.018260 
0.022025 0.211162 0.050698 0.110484 0.120068 0.314274 0.052979 0.047986 0.044076 0.026247 
0.012731 0.115325 0.069004 0.168011 0.134146 0.322130 0.055097 0.061057 0.041150 0.021349 
0.001815 0.017413 0.082140 0.224229 0.112258 0.326769 0.050619 0.069545 0.088230 0.026982 
0.003284 0.033169 0.058018 0.263990 0.267133 0.108172 0.069992 0.060985 0.099471 0.035787 
0.011648 0.052512 0.074274 0.257966 0.250128 0.126817 0.083265 0.032661 0.084117 0.026613 
0.000333 0.027512 0.075559 0.184364 0.314702 0.208192 0.103282 0.027414 0.042812 0.015830 
0.008337 0.033066 0.105051 0.156682 0.329264 0.138810 0.115136 0.017850 0.065403 0.030401 
0.007567 0.039429 0.112236 0.180310 0.330434 0.089936 0.084310 0.033264 0.085145 0.037369 
0.006884 0.034433 0.121697 0.229023 0.283737 0.088762 0.057230 0.023527 0.124818 0.029891 
0.003625 0.030764 0.149286 0.237957 0.297126 0.084557 0.039561 0.033776 0.109869 0.013479 
0.003652 0.026568 0.110934 0.294192 0.293241 0.087565 0.049899 0.042660 0.066262 0.025026 
0.012565 0.048606 0.090251 0.196891 0.254584 0.067116 0.076166 0.053992 0.134943 0.064886 
0.020200 0.051821 0.073695 0.095902 0.343412 0.131486 0.050703 0.049289 0.101804 0.081688 
0.014870 0.054845 0.090449 0.100701 0.336596 0.214447 0.043095 0.037709 0.083771 0.023515 
0.008711 0.063763 0.105708 0.137456 0.320717 0.207683 0.055459 0.027999 0.051802 0.020703 
0.002154 0.064067 0.085398 0.162693 0.274336 0.215660 0.091920 0.031016 0.053935 0.018821 
0.013377 0.061754 0.150566 0.164020 0.156240 0.216134 0.118510 0.022422 0.071341 0.025636 
0.005170 0.026020 0.088614 0.253318 0.226964 0.230197 0.046417 0.028721 0.077677 0.016903 
0.005989 0.029988 0.082907 0.148311 0.214403 0.212864 0.122270 0.061523 0.088391 0.033354 
0.001985 0.088262 0.108601 0.220453 0.179946 0.190482 0.049907 0.050016 0.078768 0.031580 
0.010303 0.053081 0.211162 0.191062 0.152179 0.217196 0.058335 0.030270 0.059676 0.016736 
0.011080 0.052019 0.153533 0.159427 0.188024 0.270398 0.056305 0.045917 0.041500 0.021797 
0.000642 0.053735 0.147463 0.177521 0.192755 0.268128 0.034896 0.042018 0.070769 0.012074 
0.019236 0.119828 0.488602 0.144490 0.052367 0.072708 0.029830 0.028197 0.032358 0.012385 
0.049243 0.536548 0.133772 0.038506 0.050183 0.098147 0.031189 0.021677 0.028909 0.011827 
0.040772 0.450614 0.131022 0.078242 0.105324 0.101905 0.024529 0.022241 0.032857 0.012494 
0.009911 0.369443 0.120637 0.109661 0.115092 0.165145 0.023457 0.026704 0.042224 0.017727 
0.029430 0.359634 0.101519 0.133971 0.090358 0.153424 0.037984 0.030574 0.043847 0.019260 
0.024047 0.269032 0.117358 0.181827 0.087805 0.180162 0.033678 0.036132 0.039840 0.030119 
0.018582 0.072588 0.137708 0.221422 0.125091 0.254580 0.049130 0.050274 0.051309 0.019316 
0.002437 0.050922 0.115653 0.199519 0.145485 0.272952 0.063852 0.056025 0.072568 0.020587 
0.012158 0.060906 0.130779 0.211745 0.154062 0.271087 0.054731 0.036388 0.051466 0.016678 
0.010061 0.046097 0.186688 0.137882 0.138278 0.323127 0.051125 0.052202 0.032978 0.021562 
0.005742 0.046861 0.132974 0.113569 0.195385 0.291357 0.066097 0.050177 0.078234 0.019604 
0.014885 0.068249 0.130287 0.141074 0.255587 0.109968 0.094341 0.089451 0.074990 0.021168 
0.007532 0.157209 0.575637 0.105434 0.055850 0.021057 0.035700 0.011742 0.022114 0.007724 
0.017194 0.610707 0.100181 0.067163 0.085491 0.028696 0.024077 0.016089 0.032217 0.018183 
0.013553 0.534628 0.160331 0.088489 0.093388 0.022682 0.030817 0.022121 0.020785 0.013206 
0.012869 0.537817 0.124587 0.076605 0.110631 0.048899 0.029174 0.016552 0.030604 0.012262 
0.015000 0.468755 0.121735 0.061880 0.135920 0.047814 0.052316 0.024616 0.045906 0.026058 
0.046924 0.343406 0.065509 0.112746 0.188013 0.086381 0.049334 0.030166 0.056889 0.020632 
0.000231 0.037190 0.101311 0.203733 0.370262 0.084230 0.090659 0.011654 0.088963 0.011767 
0.014455 0.073282 0.131111 0.213268 0.276816 0.061209 0.059912 0.045498 0.090144 0.034304 
0.004658 0.042068 0.096763 0.090950 0.137722 0.213668 0.089135 0.117104 0.120946 0.086987 
0.001873 0.047059 0.109680 0.136945 0.151108 0.286075 0.068048 0.112953 0.047438 0.038821 
0.016577 0.046809 0.102914 0.137294 0.093752 0.348633 0.102608 0.067242 0.067450 0.016722 
0.017532 0.040039 0.098699 0.169101 0.161015 0.236307 0.068304 0.065123 0.120429 0.023451 
0.020601 0.043191 0.082309 0.200036 0.113970 0.256545 0.052743 0.063405 0.148097 0.019103 
0.020033 0.047801 0.043944 0.193640 0.101642 0.296477 0.058080 0.060572 0.160988 0.016824 
0.001829 0.024790 0.042096 0.207376 0.061501 0.350422 0.089418 0.042367 0.150797 0.029404 
0.004815 0.026527 0.034743 0.212767 0.085923 0.309328 0.059819 0.148624 0.072707 0.044748 
0.001909 0.026914 0.092140 0.160756 0.155430 0.318084 0.035210 0.121134 0.034989 0.053434 
0.000535 0.030972 0.100125 0.104949 0.151909 0.363812 0.088576 0.087105 0.023607 0.048410 
0.003770 0.024885 0.088649 0.097950 0.126523 0.376069 0.087482 0.095869 0.036680 0.062123 
0.007516 0.072290 0.288255 0.183711 0.076774 0.200477 0.059291 0.049527 0.027624 0.034536 
0.021205 0.283129 0.311062 0.068088 0.062875 0.132335 0.033325 0.043912 0.015963 0.028106 
0.047817 0.443512 0.096679 0.071421 0.071992 0.176334 0.022521 0.034035 0.014755 0.020934 
0.026930 0.372551 0.079410 0.084150 0.086537 0.218066 0.045371 0.044930 0.013199 0.028855 
0.001447 0.213585 0.316869 0.103781 0.074173 0.161253 0.040005 0.034099 0.033109 0.021679 
0.013693 0.304078 0.273718 0.040029 0.056017 0.151881 0.048676 0.053586 0.031492 0.026830 
0.011141 0.413986 0.157461 0.046279 0.045342 0.168878 0.049504 0.047652 0.035941 0.023815 
0.017195 0.346838 0.097742 0.071049 0.078680 0.238751 0.050473 0.049516 0.024824 0.024933 
0.033509 0.273805 0.083789 0.087300 0.094653 0.270318 0.064774 0.048418 0.016790 0.026643 
0.018921 0.215464 0.094623 0.070113 0.089793 0.301515 0.078749 0.062282 0.027789 0.040751 
0.023013 0.132727 0.098382 0.100671 0.120235 0.337115 0.062684 0.055271 0.028741 0.041162 
0.002808 0.031826 0.135337 0.155593 0.067957 0.397243 0.022501 0.105176 0.018895 0.062665 
0.004877 0.040022 0.201061 0.086931 0.252998 0.175713 0.109902 0.069162 0.050455 0.008879 
0.001330 0.038570 0.164749 0.072238 0.322430 0.156604 0.121962 0.041668 0.057976 0.022473 
0.002166 0.026150 0.215953 0.071709 0.290257 0.166933 0.136673 0.022291 0.057116 0.010751 
0.001172 0.027449 0.189190 0.105639 0.305737 0.125183 0.134468 0.025412 0.064302 0.021448 
0.002857 0.033468 0.216256 0.136933 0.286735 0.049470 0.118245 0.041159 0.098747 0.016130 
0.007644 0.033992 0.194200 0.165979 0.299169 0.077814 0.090089 0.030627 0.079944 0.020541 
0.008187 0.043083 0.138681 0.195968 0.319658 0.066417 0.084715 0.046920 0.080292 0.016080 
0.001404 0.023772 0.177851 0.198779 0.298615 0.045677 0.079777 0.066805 0.077300 0.030020 
0.010308 0.045191 0.113623 0.145421 0.156817 0.111790 0.112313 0.071082 0.138132 0.095324 
0.017582 0.060100 0.134724 0.104845 0.181165 0.162786 0.077941 0.113465 0.057174 0.090218 
0.010242 0.061659 0.097351 0.134601 0.235230 0.201719 0.086770 0.066336 0.057361 0.048732 
0.010116 0.053191 0.162534 0.073150 0.279751 0.207654 0.058628 0.039877 0.094412 0.020687 
0.002557 0.060956 0.113750 0.087469 0.314644 0.217444 0.095747 0.022302 0.071240 0.013891 
0.003586 0.062108 0.128589 0.100742 0.289684 0.186279 0.098747 0.037490 0.071396 0.021379 
0.005232 0.044245 0.128650 0.099744 0.261344 0.206081 0.107758 0.036716 0.099817 0.010414 
0.003292 0.026271 0.106759 0.094265 0.282572 0.209374 0.126851 0.057895 0.073112 0.019610 
0.025403 0.109037 0.138432 0.110726 0.196413 0.157947 0.083268 0.083744 0.058719 0.036311 
0.018768 0.058252 0.131284 0.120980 0.262666 0.193836 0.080042 0.056479 0.036103 0.041591 
0.005870 0.031770 0.102738 0.173661 0.218761 0.243493 0.089286 0.076686 0.018471 0.039263 
0.000919 0.026441 0.113607 0.217407 0.166956 0.211124 0.108521 0.069487 0.040847 0.044692 
0.019134 0.134547 0.506793 0.127197 0.057570 0.077694 0.020631 0.023233 0.016053 0.017149 
0.046400 0.545346 0.117959 0.065541 0.055046 0.095468 0.019256 0.030869 0.011825 0.012289 
0.021152 0.445866 0.138118 0.104494 0.065497 0.105460 0.041686 0.033211 0.021094 0.023423 
0.007524 0.430923 0.071222 0.105638 0.066197 0.190068 0.048510 0.041338 0.010555 0.028025 
0.032601 0.416019 0.049993 0.110862 0.091930 0.176128 0.040887 0.035479 0.016936 0.029167 
0.044100 0.303381 0.059400 0.100655 0.113707 0.208449 0.047275 0.060726 0.031168 0.031140 
0.006430 0.109413 0.079543 0.111524 0.165366 0.289029 0.067604 0.086724 0.044009 0.040359 
0.009156 0.064716 0.070392 0.126084 0.134992 0.347914 0.086858 0.074911 0.036389 0.048589 
0.009914 0.064968 0.065919 0.195790 0.160079 0.281640 0.090993 0.054067 0.051096 0.025534 
0.004663 0.032328 0.049147 0.206153 0.193710 0.281812 0.065600 0.068849 0.055026 0.042712 
0.001251 0.036276 0.084005 0.230254 0.177984 0.245312 0.049123 0.075441 0.054004 0.046350 
0.000558 0.039725 0.079494 0.240606 0.184290 0.172482 0.113041 0.086336 0.048534 0.034935 
0.000135 0.155151 0.559797 0.101817 0.059583 0.033379 0.036665 0.013651 0.018717 0.021104 
0.020746 0.533971 0.100961 0.088935 0.111745 0.042050 0.027562 0.027382 0.032080 0.014568 
0.010519 0.494305 0.206292 0.088205 0.093167 0.021941 0.035376 0.011542 0.026358 0.012295 
0.005069 0.461997 0.142190 0.113786 0.142735 0.036683 0.041678 0.015528 0.032097 0.008236 
0.026914 0.394787 0.175780 0.102506 0.132842 0.046088 0.041314 0.036935 0.033249 0.009585 
0.032160 0.309105 0.111260 0.155049 0.204548 0.060691 0.055345 0.027263 0.036541 0.008037 
0.001620 0.035204 0.209059 0.179517 0.249096 0.093161 0.098444 0.032720 0.070769 0.030410 
0.004720 0.061671 0.145484 0.191901 0.286200 0.049594 0.093785 0.053307 0.058362 0.054975 
0.000731 0.064472 0.125132 0.185835 0.199484 0.072002 0.083473 0.052971 0.139772 0.076127 
0.006850 0.049590 0.115334 0.178248 0.150857 0.246928 0.093899 0.061286 0.045586 0.051421 
0.018146 0.049230 0.088226 0.188624 0.151459 0.274224 0.115694 0.044501 0.051299 0.018598 
0.019645 0.033730 0.106125 0.225387 0.162550 0.256438 0.077278 0.023508 0.078544 0.016796 
0.028773 0.059802 0.100649 0.152542 0.166125 0.266460 0.086248 0.027216 0.089352 0.022833 
0.019922 0.045683 0.137697 0.139868 0.168111 0.294506 0.067512 0.023788 0.088306 0.014607 
0.005189 0.038024 0.096036 0.158798 0.205940 0.301639 0.081734 0.033644 0.063756 0.015240 
0.007720 0.038509 0.105367 0.152450 0.198676 0.341412 0.047115 0.049723 0.045712 0.013315 
0.012225 0.043560 0.070307 0.140302 0.189668 0.340360 0.081817 0.057843 0.027140 0.036777 
0.018577 0.057955 0.076651 0.200027 0.139729 0.357135 0.081605 0.033800 0.014139 0.020381 
0.008421 0.043290 0.045839 0.142500 0.176518 0.400487 0.072801 0.058326 0.021416 0.030401 
0.000892 0.057256 0.285035 0.202453 0.121590 0.219011 0.022723 0.047006 0.023139 0.020894 
0.012491 0.243155 0.345243 0.080045 0.101339 0.128059 0.029267 0.033248 0.013262 0.013891 
0.050481 0.437275 0.068280 0.040069 0.095232 0.213729 0.044160 0.031612 0.007757 0.011405 
