Blood,The-Middle
0.000000 0.000000 0.000000 0.000000 0.000000 0.000000 0.000000 0.000000 0.000000 0.000000 
0.000000 0.000000 0.000000 0.000000 0.000000 0.000000 0.000000 0.000000 0.000000 0.000000 
0.000000 0.000000 0.000000 0.000000 0.000000 0.000000 0.000000 0.000000 0.000000 0.000000 
0.000000 0.000000 0.000000 0.000000 0.000000 0.000000 0.000000 0.000000 0.000000 0.000000 
0.000000 0.000000 0.000000 0.000000 0.000000 0.000000 0.000000 0.000000 0.000000 0.000000 
0.054020 0.144843 0.100362 0.109958 0.093844 0.030734 0.085294 0.217344 0.091476 0.072122 
0.004868 0.309468 0.182008 0.115713 0.084122 0.050909 0.071663 0.047156 0.065365 0.068728 
0.087436 0.334687 0.185688 0.107331 0.087041 0.041918 0.028919 0.036765 0.040592 0.049622 
0.033304 0.417463 0.151454 0.113962 0.054460 0.030508 0.049181 0.070689 0.046638 0.032341 
0.011544 0.071766 0.147750 0.242884 0.189623 0.146918 0.080395 0.034934 0.047319 0.026867 
0.009329 0.064157 0.220962 0.088183 0.152401 0.086398 0.130665 0.064249 0.102164 0.081492 
0.007762 0.046429 0.263314 0.088113 0.099963 0.113894 0.041162 0.036856 0.131880 0.170627 
0.012099 0.073484 0.201091 0.090505 0.118099 0.081957 0.027014 0.073223 0.186681 0.135847 
0.006757 0.041552 0.236765 0.080639 0.127428 0.093211 0.028101 0.087337 0.173056 0.125154 
0.005758 0.026245 0.221669 0.135463 0.074537 0.130707 0.065219 0.059940 0.136492 0.143969 
0.012711 0.061779 0.242662 0.320850 0.082448 0.114485 0.025265 0.032323 0.060723 0.046752 
0.012081 0.071365 0.191684 0.218288 0.101168 0.157713 0.021112 0.047799 0.093239 0.085552 
0.005798 0.030956 0.181540 0.161408 0.053068 0.177586 0.069435 0.056923 0.122620 0.140665 
0.013985 0.045576 0.174278 0.241611 0.177421 0.096896 0.055663 0.061017 0.095666 0.037887 
0.007583 0.057997 0.336592 0.135720 0.198110 0.100379 0.068184 0.036220 0.041509 0.017706 
0.000115 0.023676 0.311334 0.155795 0.219743 0.071464 0.058865 0.018752 0.098567 0.041688 
0.010439 0.047860 0.284705 0.123676 0.194396 0.094652 0.045211 0.022895 0.108732 0.067435 
0.013142 0.058676 0.282392 0.071395 0.180515 0.120058 0.091705 0.045635 0.083605 0.052876 
0.007957 0.037007 0.287013 0.212032 0.185213 0.051133 0.064521 0.040277 0.065500 0.049346 
0.008867 0.043972 0.378462 0.116041 0.174325 0.058996 0.069762 0.025761 0.088767 0.035047 
0.010296 0.052149 0.355252 0.157682 0.210088 0.034117 0.058325 0.022326 0.071433 0.028332 
0.000922 0.039744 0.373862 0.186015 0.157745 0.057300 0.063692 0.024635 0.064142 0.031942 
0.011049 0.056131 0.533206 0.066251 0.144198 0.047887 0.044918 0.034258 0.032280 0.029822 
0.001937 0.065453 0.578956 0.097183 0.110807 0.033855 0.044395 0.027312 0.024622 0.015479 
0.007409 0.069212 0.573055 0.078434 0.121662 0.056034 0.024936 0.034942 0.023138 0.011177 
0.013152 0.092534 0.573471 0.059806 0.134828 0.023961 0.050375 0.017357 0.024428 0.010088 
0.020423 0.115567 0.473308 0.175719 0.106262 0.022704 0.033656 0.010945 0.031065 0.010350 
0.009959 0.065966 0.467506 0.126721 0.129981 0.050970 0.054763 0.028522 0.043966 0.021646 
0.026416 0.130219 0.479038 0.126808 0.121022 0.033405 0.044038 0.012184 0.021789 0.005081 
0.003125 0.060969 0.574288 0.131704 0.081340 0.053385 0.037942 0.021006 0.025051 0.011190 
0.029345 0.115783 0.386183 0.169668 0.073754 0.030407 0.129889 0.014181 0.040513 0.010277 
0.000734 0.067575 0.516492 0.143174 0.080998 0.067123 0.087161 0.008837 0.019910 0.007994 
0.017323 0.127359 0.479324 0.140984 0.056208 0.025640 0.087439 0.022494 0.031239 0.011990 
0.005617 0.046313 0.517225 0.095690 0.092699 0.046908 0.084015 0.027823 0.058759 0.024951 
0.009276 0.090800 0.455105 0.156872 0.076894 0.025417 0.067019 0.029205 0.042773 0.046638 
0.005614 0.076348 0.404084 0.108922 0.124255 0.070017 0.058125 0.037678 0.062556 0.052400 
0.000226 0.050534 0.304635 0.231624 0.133958 0.083444 0.062863 0.034344 0.051596 0.046775 
0.000643 0.047253 0.268074 0.147247 0.195974 0.153955 0.068837 0.036343 0.026362 0.055312 
0.016686 0.052111 0.381787 0.231447 0.085646 0.041403 0.025230 0.037780 0.061428 0.066481 
0.017032 0.087641 0.332168 0.220046 0.070201 0.030810 0.040463 0.036432 0.075889 0.089318 
0.017995 0.098710 0.395059 0.190531 0.041088 0.035652 0.026308 0.043727 0.042207 0.108723 
0.008888 0.063945 0.492965 0.131166 0.056594 0.019839 0.040546 0.076377 0.043594 0.066086 
0.000488 0.061066 0.388753 0.149132 0.088269 0.034007 0.040876 0.067769 0.050326 0.119313 
0.004988 0.044018 0.343720 0.190471 0.090411 0.016772 0.026487 0.081457 0.093776 0.107901 
0.013401 0.083209 0.332607 0.200206 0.062753 0.046264 0.038370 0.076225 0.090128 0.056837 
0.011134 0.086470 0.277303 0.211754 0.070906 0.069076 0.047220 0.053102 0.080234 0.092801 
0.005946 0.042312 0.334834 0.240144 0.119684 0.048292 0.046100 0.040436 0.032163 0.090089 
0.012700 0.058502 0.237615 0.297793 0.141172 0.047392 0.026504 0.056145 0.051809 0.070366 
0.015190 0.075492 0.311383 0.293856 0.107802 0.048154 0.023388 0.049303 0.038697 0.036734 
0.017449 0.068340 0.310006 0.305417 0.060740 0.045898 0.043361 0.065768 0.030122 0.052900 
0.014917 0.072849 0.256223 0.278373 0.067039 0.049767 0.036254 0.083417 0.055845 0.085316 
0.011303 0.046330 0.319923 0.297302 0.085923 0.074143 0.038297 0.043155 0.039981 0.043643 
0.006362 0.026971 0.249988 0.328352 0.086380 0.060235 0.136689 0.021353 0.036334 0.047336 
0.003830 0.035244 0.298327 0.285306 0.164500 0.019650 0.070368 0.037965 0.062909 0.021901 
0.010915 0.039206 0.317872 0.319798 0.109033 0.043080 0.051087 0.046127 0.036848 0.026033 
0.002718 0.014505 0.349027 0.374293 0.104464 0.026677 0.028986 0.027113 0.023498 0.048719 
0.000625 0.019201 0.320595 0.342994 0.098720 0.035282 0.040939 0.046917 0.032826 0.061900 
0.003403 0.033099 0.284420 0.358519 0.077397 0.056618 0.047588 0.047785 0.046176 0.044993 
0.009428 0.056449 0.237819 0.319164 0.078230 0.057208 0.042228 0.072369 0.069835 0.057270 
0.011193 0.055133 0.273440 0.333964 0.090002 0.034000 0.032230 0.057365 0.059744 0.052929 
0.011921 0.062047 0.246965 0.317432 0.090389 0.028969 0.038238 0.065940 0.062411 0.075689 
0.014357 0.063329 0.272295 0.278732 0.059527 0.060246 0.043854 0.056002 0.077701 0.073957 
0.000822 0.015435 0.217888 0.352487 0.112789 0.083855 0.035748 0.030716 0.062897 0.087363 
0.002297 0.012938 0.096444 0.336398 0.161035 0.110223 0.056705 0.106307 0.057768 0.059884 
0.001882 0.008641 0.100798 0.299640 0.185891 0.127726 0.045671 0.124542 0.040548 0.064661 
0.000903 0.025512 0.071504 0.318596 0.255089 0.075395 0.035419 0.115256 0.043592 0.058734 
0.002416 0.015851 0.067748 0.348362 0.237785 0.066031 0.070419 0.071697 0.052407 0.067283 
0.002138 0.034266 0.161977 0.406573 0.112596 0.050264 0.057630 0.060610 0.076055 0.037890 
0.000577 0.015640 0.344233 0.388689 0.064801 0.034584 0.048781 0.035098 0.052443 0.015154 
0.011112 0.059576 0.293657 0.362027 0.083305 0.056067 0.047599 0.028937 0.012195 0.045524 
0.012237 0.069258 0.306260 0.357375 0.056417 0.062825 0.042302 0.030047 0.028389 0.034890 
0.000650 0.042585 0.291654 0.227561 0.069415 0.091665 0.104217 0.054959 0.081590 0.035705 
0.008958 0.039761 0.321262 0.197874 0.043837 0.083801 0.068211 0.048278 0.101541 0.086477 
0.015454 0.076088 0.195737 0.130705 0.041250 0.125817 0.035056 0.078346 0.156304 0.145244 
0.009811 0.057180 0.134914 0.165559 0.066019 0.047556 0.039011 0.086798 0.183343 0.209810 
0.002003 0.026800 0.217088 0.286508 0.047454 0.028197 0.037999 0.059956 0.153852 0.140143 
0.003487 0.022621 0.250347 0.198937 0.065848 0.063347 0.039382 0.070271 0.184164 0.101596 
0.000040 0.011697 0.186304 0.193150 0.085133 0.080440 0.037787 0.073947 0.198992 0.132510 
0.000086 0.017207 0.153077 0.178892 0.066021 0.091829 0.109018 0.059102 0.179080 0.145687 
0.024349 0.117979 0.169761 0.129434 0.143708 0.072035 0.058171 0.050958 0.147600 0.086006 
0.012307 0.070089 0.347472 0.097914 0.146027 0.066748 0.052982 0.026473 0.119573 0.060416 
0.003073 0.019551 0.314000 0.129401 0.182792 0.060959 0.048990 0.043859 0.130978 0.066398 
0.005852 0.037102 0.351306 0.085407 0.216785 0.055695 0.075465 0.039259 0.086285 0.046843 
0.013180 0.066360 0.349596 0.117010 0.199881 0.047125 0.054695 0.036273 0.069154 0.046726 
0.011643 0.052249 0.313666 0.156377 0.175775 0.047619 0.042175 0.039400 0.098920 0.062175 
0.003940 0.017584 0.341195 0.121148 0.221594 0.040419 0.044036 0.026013 0.113967 0.070103 
0.004862 0.029469 0.293770 0.163902 0.197389 0.073570 0.067972 0.042990 0.083844 0.042231 
0.001070 0.018460 0.259256 0.144225 0.201313 0.107344 0.097917 0.061674 0.078990 0.029752 
0.001779 0.010324 0.303411 0.108415 0.168012 0.074416 0.056017 0.039056 0.137099 0.101471 
0.007690 0.033447 0.285531 0.126109 0.164553 0.063511 0.051657 0.048490 0.125247 0.093766 
0.013392 0.055542 0.362838 0.123274 0.169336 0.034240 0.056832 0.050098 0.113058 0.021389 
0.003854 0.028452 0.267910 0.147964 0.176810 0.061864 0.068627 0.052435 0.095589 0.096496 
0.002078 0.018323 0.283974 0.155571 0.133104 0.098877 0.068545 0.052831 0.096311 0.090387 
0.006350 0.032563 0.295018 0.125899 0.178345 0.101549 0.059112 0.038607 0.077670 0.084887 
0.015182 0.068086 0.310238 0.164296 0.178287 0.094956 0.064278 0.038018 0.033844 0.032814 
0.014897 0.059675 0.299474 0.253964 0.117372 0.088217 0.046962 0.039529 0.030161 0.049749 
0.009817 0.048145 0.283912 0.149497 0.142662 0.112810 0.075692 0.031583 0.094141 0.051740 
0.016871 0.084088 0.241795 0.105603 0.154792 0.076967 0.061216 0.058881 0.118291 0.081495 
0.011495 0.056909 0.250875 0.133456 0.199096 0.076361 0.044767 0.028923 0.126860 0.071259 
0.004884 0.030859 0.267943 0.079521 0.217403 0.075795 0.069679 0.055856 0.142912 0.055148 
0.000901 0.014193 0.270849 0.135693 0.192563 0.122605 0.064586 0.062653 0.079699 0.056259 
0.007201 0.018836 0.273766 0.114729 0.200077 0.135153 0.051148 0.047174 0.113906 0.038011 
0.006255 0.030800 0.287342 0.160268 0.193072 0.103521 0.055285 0.042033 0.093671 0.027753 
0.005269 0.039760 0.259716 0.146631 0.242360 0.059407 0.104142 0.028366 0.080305 0.034046 
0.011710 0.078019 0.349153 0.084806 0.169895 0.066985 0.061030 0.022671 0.092691 0.063040 
0.008441 0.048100 0.256186 0.099025 0.162532 0.056464 0.059206 0.037727 0.131997 0.140322 
0.000362 0.012449 0.296019 0.076983 0.187925 0.069051 0.066918 0.060242 0.122156 0.107895 
0.004467 0.026490 0.279790 0.148041 0.188029 0.084107 0.048511 0.064549 0.102500 0.053517 
0.005976 0.030426 0.260514 0.206794 0.184708 0.091838 0.048319 0.038086 0.076726 0.056612 
0.008740 0.033303 0.287219 0.104698 0.155344 0.123723 0.060143 0.041657 0.104775 0.080397 
0.008296 0.039235 0.276627 0.134568 0.141197 0.097723 0.069813 0.043639 0.122268 0.066633 
0.005602 0.036825 0.307153 0.225591 0.129130 0.109103 0.064570 0.027379 0.068651 0.025995 
0.013556 0.029939 0.256406 0.245782 0.169219 0.052694 0.084518 0.046425 0.081709 0.019753 
0.006011 0.040166 0.317710 0.156787 0.195271 0.042225 0.078754 0.063124 0.078606 0.021347 
0.012384 0.055101 0.330764 0.087052 0.184343 0.043692 0.070396 0.053513 0.115353 0.047403 
0.011319 0.056485 0.317161 0.132925 0.175758 0.040783 0.066957 0.045723 0.120483 0.032406 
0.004952 0.038898 0.252366 0.257100 0.180971 0.051030 0.066119 0.061448 0.074971 0.012144 
0.017114 0.076671 0.279027 0.133017 0.171634 0.078573 0.079076 0.064173 0.080218 0.020498 
0.016593 0.064795 0.282600 0.142753 0.207433 0.072403 0.052934 0.040476 0.088735 0.031277 
0.017120 0.076880 0.300107 0.167051 0.166377 0.082916 0.061334 0.025823 0.080656 0.021737 
0.011882 0.088405 0.290183 0.154458 0.152711 0.090716 0.068306 0.025817 0.089905 0.027615 
0.006286 0.051294 0.287622 0.130434 0.189325 0.080037 0.052517 0.050756 0.085190 0.066539 
0.002045 0.017992 0.241507 0.156447 0.215741 0.095462 0.076822 0.051115 0.089222 0.053647 
0.011810 0.049486 0.256126 0.106544 0.229252 0.062656 0.084317 0.072458 0.093924 0.033428 
0.014919 0.071587 0.260990 0.176078 0.182483 0.051952 0.060578 0.027066 0.114876 0.039471 
0.012540 0.052875 0.277146 0.111362 0.216008 0.098769 0.061955 0.030283 0.086139 0.052923 
0.000472 0.013374 0.320586 0.146594 0.233824 0.090807 0.068088 0.043806 0.056763 0.025687 
0.002858 0.016687 0.343060 0.185227 0.155730 0.068866 0.075120 0.043899 0.062535 0.046018 
0.001768 0.055455 0.248841 0.133393 0.186700 0.067553 0.084836 0.076811 0.125086 0.019557 
0.005940 0.036771 0.313053 0.197038 0.186131 0.035088 0.058632 0.043449 0.104049 0.019849 
0.001510 0.026079 0.344912 0.072984 0.191934 0.079033 0.070032 0.049729 0.142816 0.020972 
0.001636 0.015484 0.321453 0.143567 0.221293 0.052582 0.063080 0.035472 0.113996 0.031437 
0.012806 0.061141 0.318959 0.121827 0.198738 0.049480 0.050043 0.029096 0.117189 0.040721 
0.016302 0.074348 0.333746 0.077699 0.210655 0.085659 0.059597 0.026053 0.068216 0.047725 
0.008201 0.039721 0.308580 0.174787 0.222929 0.082403 0.056993 0.030121 0.051502 0.024763 
0.003857 0.028535 0.325524 0.120017 0.198694 0.121737 0.055303 0.037100 0.058517 0.050716 
0.009484 0.045341 0.315022 0.148461 0.254085 0.072962 0.060401 0.029761 0.050552 0.013930 
0.016591 0.066349 0.323766 0.083821 0.167057 0.104934 0.075725 0.041212 0.071764 0.048781 
0.006824 0.034644 0.280862 0.115627 0.230934 0.090805 0.062941 0.031907 0.077016 0.068441 
0.006985 0.028621 0.238714 0.137767 0.229233 0.061837 0.075733 0.055612 0.093887 0.071610 
0.007140 0.050755 0.274888 0.090703 0.231746 0.099360 0.055113 0.063446 0.080429 0.046422 
0.004683 0.031613 0.289184 0.193275 0.191461 0.076257 0.062577 0.054156 0.071431 0.025363 
0.007667 0.043412 0.252590 0.089918 0.248011 0.086727 0.061903 0.049255 0.081235 0.079282 
0.007733 0.034662 0.246568 0.136675 0.223263 0.066778 0.078187 0.039071 0.074280 0.092784 
0.001263 0.011980 0.205003 0.260631 0.167876 0.097453 0.058003 0.048636 0.075960 0.073196 
0.003716 0.045361 0.333838 0.148694 0.149554 0.106445 0.072648 0.030106 0.078388 0.031250 
0.002085 0.026037 0.285219 0.182876 0.197923 0.042962 0.049578 0.041675 0.117584 0.054060 
0.008004 0.051435 0.262907 0.135385 0.175329 0.053955 0.064567 0.052013 0.111019 0.085385 
0.015711 0.046611 0.277465 0.133973 0.159405 0.062703 0.066234 0.049936 0.104210 0.083752 
0.010241 0.044211 0.257887 0.177245 0.207204 0.077923 0.058783 0.045216 0.088853 0.032437 
0.012118 0.068131 0.276189 0.126162 0.209331 0.072432 0.078540 0.043585 0.089201 0.024312 
0.004449 0.019300 0.268869 0.213668 0.223996 0.045747 0.067764 0.033636 0.096838 0.025733 
0.008601 0.041057 0.311498 0.144252 0.201327 0.051132 0.076426 0.032835 0.108187 0.024685 
0.003509 0.047755 0.348237 0.186243 0.162333 0.036924 0.082597 0.043953 0.073591 0.014857 
0.013912 0.098495 0.497789 0.071548 0.123249 0.042434 0.062348 0.030589 0.046786 0.012852 
0.012499 0.130856 0.498706 0.061699 0.136466 0.023431 0.052226 0.026156 0.039644 0.018316 
0.016550 0.065499 0.502658 0.090845 0.165603 0.046711 0.052019 0.030375 0.022735 0.007005 
0.017228 0.125116 0.507646 0.108630 0.123749 0.038537 0.028812 0.007546 0.031624 0.011112 
0.002787 0.056104 0.463166 0.112750 0.134757 0.071818 0.048447 0.035633 0.049829 0.024710 
0.022380 0.130704 0.463714 0.109141 0.156387 0.049782 0.018880 0.020388 0.018796 0.009829 
0.000180 0.071075 0.602668 0.096606 0.085384 0.043981 0.024541 0.029638 0.031742 0.014186 
0.011744 0.094383 0.445717 0.136611 0.120554 0.029233 0.070566 0.022792 0.057737 0.010664 
0.012298 0.064278 0.508882 0.081380 0.129018 0.023676 0.076866 0.026385 0.069419 0.007798 
0.019493 0.095216 0.409081 0.118624 0.148282 0.017044 0.069240 0.031096 0.083772 0.008152 
0.009032 0.071365 0.376755 0.156369 0.123235 0.025181 0.091906 0.059039 0.067388 0.019729 
0.012320 0.083031 0.408172 0.112742 0.127815 0.048678 0.086106 0.051256 0.056300 0.013579 
0.005548 0.068804 0.346702 0.159842 0.209488 0.041542 0.062205 0.031544 0.064617 0.009708 
0.008483 0.042523 0.392022 0.116789 0.207939 0.077436 0.061314 0.024204 0.053294 0.015996 
0.001415 0.019062 0.349791 0.147235 0.224455 0.105491 0.069403 0.017660 0.048146 0.017342 
0.009510 0.037258 0.400287 0.314403 0.071179 0.046236 0.030326 0.031668 0.021104 0.038029 
0.011954 0.053581 0.327738 0.304114 0.089939 0.037894 0.029810 0.036042 0.037441 0.071486 
0.006236 0.041845 0.317426 0.315885 0.059397 0.063136 0.051926 0.061127 0.029022 0.054000 
0.001063 0.017090 0.350410 0.286493 0.093040 0.016499 0.058283 0.058870 0.033709 0.084542 
0.002650 0.029174 0.382955 0.246974 0.073618 0.027570 0.049620 0.055516 0.039041 0.092882 
0.001461 0.021041 0.404100 0.158527 0.047791 0.064869 0.055120 0.066662 0.060334 0.120096 
0.008690 0.048038 0.457762 0.121960 0.056864 0.046212 0.032213 0.052981 0.043802 0.131477 
0.012639 0.097027 0.353115 0.188902 0.048502 0.065309 0.048415 0.045868 0.056677 0.083546 
0.013655 0.091303 0.358822 0.225662 0.121925 0.066611 0.026842 0.036144 0.027255 0.031781 
0.007433 0.048045 0.329657 0.307799 0.119632 0.059555 0.031064 0.033456 0.029003 0.034357 
0.010545 0.062856 0.299935 0.277116 0.098884 0.057441 0.050019 0.046894 0.021340 0.074970 
0.011027 0.062852 0.267432 0.303979 0.084899 0.075555 0.043874 0.040167 0.038810 0.071405 
0.007014 0.038103 0.314490 0.262042 0.068182 0.061428 0.064728 0.077272 0.048802 0.057938 
0.003013 0.037897 0.218573 0.414117 0.069955 0.048724 0.071506 0.050292 0.059191 0.026732 
0.008049 0.035594 0.211987 0.266728 0.136462 0.071923 0.131196 0.032939 0.076697 0.028427 
0.002273 0.010092 0.231254 0.215827 0.210507 0.087115 0.072545 0.037405 0.109955 0.023027 
0.005942 0.029553 0.294161 0.323948 0.158111 0.066259 0.028127 0.017950 0.061936 0.014013 
0.003321 0.017792 0.253685 0.367854 0.107031 0.098951 0.045860 0.031216 0.042914 0.031376 
0.004352 0.032937 0.310197 0.325887 0.112617 0.046853 0.030542 0.054850 0.050572 0.031193 
0.002149 0.027683 0.274015 0.390028 0.132159 0.027998 0.031249 0.041783 0.039928 0.033008 
0.000421 0.041739 0.242064 0.321871 0.145561 0.060599 0.036417 0.061142 0.031710 0.058476 
0.003626 0.040900 0.230143 0.333517 0.113962 0.064719 0.039612 0.062923 0.037021 0.073578 
0.000754 0.031774 0.221774 0.281796 0.074908 0.094765 0.061168 0.091397 0.056209 0.085454 
0.008429 0.032177 0.218779 0.237025 0.077953 0.127790 0.036363 0.098382 0.069670 0.093432 
0.006158 0.030288 0.176134 0.298019 0.096060 0.119528 0.038633 0.100245 0.063254 0.071681 
0.002953 0.038826 0.201257 0.283362 0.174838 0.094988 0.048453 0.097092 0.014405 0.043826 
0.004301 0.032184 0.132222 0.374740 0.222416 0.061393 0.031058 0.093978 0.033158 0.014550 
0.000224 0.016854 0.184225 0.358712 0.256151 0.046898 0.036387 0.065001 0.026128 0.009420 
0.005468 0.029905 0.161318 0.367025 0.196703 0.066412 0.043325 0.054541 0.042747 0.032558 
0.003772 0.046349 0.248507 0.353089 0.103740 0.067115 0.045692 0.035247 0.051808 0.044681 
0.006201 0.030755 0.322663 0.321387 0.069588 0.081190 0.070058 0.022144 0.045762 0.030252 
0.010454 0.043713 0.323774 0.347189 0.038022 0.074977 0.065848 0.030983 0.039925 0.025115 
0.015750 0.080254 0.265444 0.385495 0.048913 0.062257 0.042427 0.020362 0.057944 0.021154 
0.010322 0.058873 0.269069 0.283181 0.106658 0.096938 0.056086 0.037235 0.052941 0.028697 
0.004542 0.040679 0.508084 0.223739 0.043928 0.053929 0.026221 0.037921 0.041094 0.019864 
0.010475 0.063362 0.374540 0.148313 0.048719 0.056795 0.032722 0.046687 0.102209 0.116178 
0.007115 0.046686 0.264779 0.148404 0.096305 0.054594 0.017467 0.089696 0.135599 0.139355 
0.005143 0.043596 0.252726 0.252416 0.046961 0.090307 0.034241 0.060063 0.107442 0.107105 
0.016577 0.098964 0.267259 0.210068 0.099158 0.099993 0.033889 0.047818 0.053715 0.072558 
0.009782 0.079082 0.312762 0.219692 0.103590 0.091706 0.035406 0.065039 0.035676 0.047266 
0.009830 0.026197 0.309606 0.102859 0.063004 0.137146 0.046649 0.074344 0.066403 0.163962 
0.013127 0.055418 0.269222 0.131001 0.083076 0.071517 0.083975 0.113137 0.095823 0.083703 
0.000122 0.032330 0.369381 0.087235 0.158601 0.095844 0.055075 0.047911 0.100963 0.052539 
0.018273 0.085150 0.322339 0.114154 0.137176 0.083385 0.036378 0.029160 0.103677 0.070308 
0.015555 0.072474 0.314068 0.100630 0.167412 0.083700 0.051490 0.048690 0.065642 0.080340 
0.001173 0.016473 0.346093 0.180191 0.198439 0.060986 0.037992 0.041217 0.070680 0.046758 
0.008068 0.045604 0.356408 0.146035 0.150819 0.063673 0.045260 0.051337 0.050231 0.082565 
0.006629 0.045250 0.365969 0.140624 0.164489 0.046326 0.050985 0.047456 0.062032 0.070241 
0.014714 0.069267 0.404499 0.093112 0.153766 0.047283 0.052918 0.034222 0.068976 0.061244 
0.011616 0.082010 0.344798 0.186083 0.172237 0.030551 0.054914 0.028355 0.061565 0.027872 
0.005219 0.027485 0.438546 0.102180 0.137296 0.077061 0.056305 0.034605 0.082180 0.039123 
0.005525 0.029709 0.314811 0.093582 0.139648 0.091046 0.047293 0.048250 0.114992 0.115144 
0.000524 0.015933 0.305762 0.106005 0.151390 0.062583 0.046563 0.053295 0.117550 0.140395 
0.007858 0.023122 0.297854 0.143297 0.145231 0.048602 0.055712 0.046407 0.116409 0.115508 
0.011961 0.069857 0.273954 0.200284 0.124437 0.078850 0.038136 0.047064 0.065090 0.090368 
0.014376 0.068340 0.310465 0.170428 0.160021 0.059430 0.062076 0.050558 0.059756 0.044549 
0.000920 0.037859 0.261089 0.144576 0.171209 0.081824 0.083325 0.063322 0.088895 0.066981 
0.003873 0.030165 0.311042 0.146542 0.113750 0.097648 0.071757 0.063807 0.093157 0.068259 
0.009534 0.054358 0.337843 0.133289 0.206799 0.066243 0.051303 0.043077 0.074858 0.022695 
0.011056 0.053698 0.307902 0.126288 0.167643 0.055266 0.051205 0.049984 0.104233 0.072726 
0.002475 0.016740 0.328584 0.128499 0.213734 0.036584 0.045981 0.038302 0.077244 0.111856 
0.001967 0.022161 0.347397 0.077631 0.229356 0.066045 0.056731 0.049732 0.089764 0.059217 
0.003378 0.030985 0.332683 0.210972 0.219128 0.038002 0.045366 0.027541 0.066029 0.025917 
0.016822 0.077663 0.362500 0.098694 0.228601 0.063062 0.049020 0.031477 0.046646 0.025515 
0.009539 0.060942 0.343810 0.112286 0.218041 0.057274 0.053141 0.038081 0.061275 0.045610 
0.007220 0.036385 0.295989 0.144974 0.252760 0.040254 0.066225 0.029350 0.067941 0.058903 
0.004361 0.023672 0.356627 0.084153 0.189429 0.078052 0.070798 0.056905 0.087439 0.048565 
0.004776 0.046205 0.255077 0.154680 0.176150 0.056494 0.105136 0.044741 0.089506 0.067235 
0.011432 0.059656 0.249423 0.076966 0.150922 0.081479 0.118637 0.040211 0.122890 0.088383 
0.006712 0.033098 0.219815 0.105684 0.193986 0.088467 0.133190 0.053504 0.100314 0.065229 
0.007495 0.023533 0.179646 0.208107 0.227575 0.098578 0.120112 0.063394 0.056513 0.015048 
0.006574 0.026474 0.205864 0.165288 0.218979 0.113428 0.090665 0.054131 0.067586 0.051010 
0.003400 0.017795 0.169886 0.165285 0.249989 0.095813 0.110076 0.040977 0.065899 0.080880 
0.007406 0.021847 0.184280 0.125806 0.216070 0.112859 0.113050 0.063372 0.060885 0.094425 
0.012189 0.040085 0.228038 0.168128 0.119452 0.115308 0.086888 0.094267 0.046357 0.089288 
0.006839 0.044287 0.313695 0.151777 0.175804 0.092971 0.041416 0.029809 0.080880 0.062521 
0.010702 0.048062 0.288577 0.143493 0.177035 0.101768 0.040271 0.046556 0.070501 0.073036 
0.002413 0.015459 0.256868 0.118002 0.235175 0.081271 0.037805 0.048365 0.092069 0.112573 
0.002118 0.018687 0.272881 0.092317 0.179867 0.115945 0.051882 0.041422 0.130573 0.094308 
0.000881 0.017664 0.304722 0.141478 0.213733 0.096681 0.035337 0.037708 0.063207 0.088589 
0.009393 0.053870 0.328956 0.120973 0.211957 0.090039 0.040483 0.036739 0.042161 0.065430 
0.015827 0.060301 0.323879 0.117209 0.231106 0.080752 0.055310 0.039375 0.040941 0.035301 
0.005194 0.021195 0.391225 0.117960 0.185346 0.069561 0.074570 0.049269 0.041018 0.044660 
0.001682 0.014082 0.377680 0.115255 0.236578 0.064029 0.053473 0.043773 0.051530 0.041919 
0.000038 0.026886 0.312752 0.124090 0.328862 0.063582 0.034154 0.047602 0.043454 0.018580 
0.013016 0.078087 0.251751 0.070611 0.338891 0.070950 0.053621 0.057801 0.035063 0.030209 
0.009203 0.061283 0.226104 0.101586 0.339587 0.077153 0.033447 0.040391 0.059752 0.051494 
0.001049 0.028446 0.211509 0.118208 0.387528 0.061294 0.033766 0.039834 0.052730 0.065634 
0.004662 0.044701 0.182034 0.089148 0.359198 0.077126 0.049253 0.046383 0.050242 0.097251 
0.001908 0.018246 0.197412 0.174510 0.359392 0.079267 0.035556 0.031672 0.040256 0.061780 
0.006168 0.066192 0.244085 0.201909 0.132682 0.085085 0.038397 0.050661 0.127893 0.046928 
0.006156 0.028328 0.348809 0.169789 0.136194 0.062649 0.040341 0.029610 0.077764 0.100360 
0.015587 0.077123 0.311422 0.114780 0.167963 0.065165 0.045885 0.033073 0.070972 0.098032 
0.015140 0.073876 0.287898 0.162416 0.154867 0.051033 0.054926 0.033015 0.094269 0.072560 
0.004453 0.034136 0.282775 0.242140 0.170945 0.056763 0.055837 0.028135 0.063355 0.061461 
0.008588 0.058066 0.248644 0.256347 0.181558 0.065136 0.042121 0.033474 0.055430 0.050637 
0.017345 0.074287 0.326902 0.114796 0.175956 0.071704 0.042756 0.045987 0.058643 0.071623 
0.015497 0.068273 0.337413 0.125850 0.162546 0.083402 0.052953 0.039114 0.045858 0.069095 
0.005307 0.022243 0.092679 0.196996 0.102879 0.076311 0.192858 0.051182 0.214797 0.044748 
0.003591 0.026376 0.109712 0.222926 0.096510 0.130757 0.051668 0.079600 0.224212 0.054649 
0.002364 0.010364 0.092995 0.167621 0.109024 0.149216 0.035842 0.116766 0.258804 0.057005 
0.001311 0.010474 0.077576 0.156040 0.098112 0.162180 0.046586 0.113262 0.261611 0.072846 
0.000137 0.004176 0.074669 0.139169 0.104855 0.250846 0.068215 0.042989 0.237241 0.077703 
0.004795 0.017084 0.063806 0.124842 0.116134 0.190683 0.093086 0.082746 0.248964 0.057861 
0.004971 0.022157 0.084305 0.109468 0.115549 0.263814 0.099054 0.068718 0.207330 0.024634 
0.002998 0.012976 0.060306 0.246357 0.142184 0.230760 0.101027 0.028543 0.146721 0.028128 
0.004367 0.015635 0.086023 0.317305 0.089899 0.205839 0.061868 0.050045 0.141023 0.027996 
0.005078 0.028948 0.111629 0.307376 0.083388 0.179062 0.067327 0.056878 0.140618 0.019695 
0.001757 0.023868 0.113960 0.267360 0.101432 0.177381 0.039888 0.063086 0.154132 0.057136 
0.001534 0.004719 0.157170 0.235778 0.094530 0.227342 0.047161 0.051314 0.120351 0.060101 
0.008148 0.027506 0.170637 0.200217 0.125168 0.222969 0.082091 0.029667 0.095254 0.038344 
0.004688 0.029380 0.170862 0.187824 0.173638 0.172662 0.065288 0.047986 0.125103 0.022568 
0.006620 0.051922 0.208867 0.186159 0.204563 0.132260 0.068427 0.032092 0.083004 0.026087 
0.002284 0.012362 0.152623 0.278425 0.125846 0.139796 0.102750 0.034681 0.136493 0.014738 
0.002562 0.010663 0.096686 0.228487 0.112899 0.188670 0.060889 0.083846 0.195826 0.019471 
0.003497 0.016596 0.126061 0.119907 0.087332 0.127223 0.054266 0.102574 0.324388 0.038157 
0.003246 0.047875 0.244961 0.062424 0.084508 0.047995 0.111350 0.084273 0.291447 0.021922 
0.001071 0.034046 0.280750 0.106607 0.067968 0.062300 0.127821 0.039436 0.260353 0.019646 
0.005170 0.022723 0.128279 0.136815 0.057356 0.080103 0.192456 0.057813 0.222904 0.096381 
0.000200 0.027108 0.190808 0.127260 0.067167 0.049714 0.178448 0.048904 0.139983 0.170408 
0.006497 0.034682 0.222042 0.104596 0.066206 0.073731 0.206054 0.027853 0.152106 0.106232 
0.003318 0.023223 0.203355 0.174909 0.055726 0.052699 0.249063 0.034770 0.123979 0.078958 
0.005847 0.038369 0.267117 0.190088 0.042356 0.065875 0.143873 0.027525 0.115537 0.103413 
0.004490 0.029471 0.275890 0.266186 0.048341 0.042506 0.168500 0.034245 0.068528 0.061843 
0.006640 0.048639 0.192880 0.255986 0.071606 0.048991 0.185385 0.029934 0.055594 0.104346 
0.009155 0.050831 0.242858 0.229517 0.071933 0.023278 0.195361 0.022741 0.080108 0.074218 
0.011058 0.070394 0.231988 0.187347 0.067269 0.036271 0.211497 0.046331 0.067760 0.070086 
0.008781 0.057613 0.238943 0.214742 0.052539 0.020904 0.187873 0.040548 0.071753 0.106304 
0.002918 0.032064 0.196258 0.244890 0.082408 0.057135 0.200287 0.017314 0.052674 0.114052 
0.004690 0.017112 0.148230 0.262279 0.121190 0.042001 0.211553 0.038885 0.074402 0.079656 
0.002643 0.018489 0.164520 0.259549 0.123771 0.060967 0.202734 0.036976 0.079282 0.051069 
0.007998 0.039004 0.235377 0.284941 0.028404 0.032768 0.199454 0.023832 0.054296 0.093925 
0.007021 0.032515 0.247638 0.239746 0.038783 0.033846 0.196380 0.029624 0.030190 0.144257 
0.001117 0.013743 0.176923 0.170335 0.048071 0.032673 0.252497 0.104842 0.038745 0.161055 
0.006355 0.040759 0.210122 0.208566 0.047024 0.023374 0.210639 0.107150 0.045114 0.100897 
0.012332 0.068109 0.271360 0.211888 0.077081 0.024483 0.073537 0.082515 0.065176 0.113519 
0.014047 0.081571 0.233747 0.211441 0.088454 0.076905 0.095599 0.033647 0.075862 0.088727 
0.012957 0.059441 0.256328 0.166338 0.088840 0.072112 0.135893 0.046637 0.062180 0.099273 
0.008532 0.051666 0.224426 0.176498 0.152079 0.055136 0.126119 0.061848 0.031434 0.112263 
0.002274 0.033880 0.193229 0.330748 0.108808 0.072619 0.142768 0.036271 0.039091 0.040313 
0.002228 0.033146 0.203156 0.383564 0.086825 0.069896 0.090830 0.050202 0.028325 0.051828 
0.002139 0.046434 0.231752 0.211955 0.139806 0.062348 0.090497 0.071140 0.037214 0.106716 
0.007663 0.049650 0.253866 0.253660 0.140753 0.020224 0.076568 0.059452 0.043349 0.094816 
0.005610 0.028808 0.300451 0.229105 0.085982 0.049645 0.090449 0.075361 0.046943 0.087647 
0.006120 0.042416 0.198527 0.346548 0.055261 0.076675 0.105104 0.024579 0.072398 0.072371 
0.000977 0.011524 0.104827 0.286032 0.043287 0.145735 0.100572 0.086536 0.184373 0.036136 
0.001831 0.012467 0.145001 0.213512 0.135513 0.148008 0.105798 0.023536 0.191481 0.022853 
0.001667 0.008790 0.106569 0.206846 0.081259 0.120768 0.067250 0.066448 0.293769 0.046633 
0.001461 0.019697 0.165729 0.269391 0.131642 0.091172 0.086263 0.050786 0.160279 0.023581 
0.004174 0.018152 0.212351 0.246039 0.107796 0.111981 0.030678 0.064138 0.158615 0.046074 
0.000456 0.019020 0.225820 0.214787 0.066303 0.127848 0.080223 0.048680 0.156046 0.060818 
0.001314 0.007450 0.146345 0.239893 0.083175 0.145096 0.081312 0.102507 0.150751 0.042157 
0.004795 0.033180 0.119828 0.238248 0.095970 0.228057 0.049504 0.044338 0.123548 0.062533 
0.003504 0.018034 0.092332 0.312060 0.091946 0.111018 0.071289 0.105452 0.122972 0.071393 
0.007945 0.035561 0.097515 0.183046 0.139164 0.162526 0.064146 0.121600 0.100506 0.087991 
0.003616 0.016790 0.138295 0.093660 0.139052 0.135531 0.245099 0.061261 0.111470 0.055225 
0.000900 0.005467 0.079355 0.162036 0.163070 0.088031 0.233522 0.089164 0.107868 0.070588 
0.005840 0.021440 0.085047 0.175400 0.166376 0.103056 0.196376 0.051136 0.134244 0.061085 
0.008285 0.028585 0.134159 0.137678 0.120394 0.114908 0.223865 0.076456 0.090485 0.065186 
0.003371 0.014024 0.128260 0.095186 0.163605 0.113179 0.294962 0.031874 0.099706 0.055832 
0.001948 0.009968 0.138110 0.191709 0.225810 0.133251 0.096166 0.071670 0.067299 0.064070 
0.014911 0.049838 0.212184 0.251736 0.128720 0.094176 0.134748 0.045407 0.053150 0.015130 
0.012456 0.064790 0.287379 0.270998 0.062628 0.059877 0.120375 0.042318 0.045002 0.034178 
0.007341 0.026108 0.154511 0.191275 0.145236 0.089342 0.096239 0.191865 0.051137 0.046947 
0.009380 0.042981 0.140191 0.140132 0.091729 0.088559 0.151329 0.253727 0.053594 0.028379 
0.007891 0.045989 0.149040 0.088549 0.128122 0.063977 0.141719 0.288542 0.058787 0.027385 
0.004571 0.025021 0.195367 0.179411 0.113541 0.044056 0.061984 0.270777 0.042069 0.063204 
0.007094 0.027955 0.167094 0.133051 0.061127 0.049540 0.089121 0.258794 0.089983 0.116241 
0.001629 0.019030 0.106100 0.116378 0.054563 0.077422 0.139231 0.297040 0.080854 0.107754 
0.005816 0.021398 0.089865 0.132200 0.140885 0.060117 0.061041 0.290772 0.071185 0.126720 
0.000052 0.015800 0.091256 0.094949 0.111376 0.081243 0.157855 0.281343 0.099495 0.066631 
0.003468 0.016826 0.114005 0.124376 0.091526 0.061307 0.121057 0.306502 0.108901 0.052031 
0.016442 0.077203 0.201573 0.145020 0.165661 0.095965 0.070794 0.088754 0.097804 0.040783 
0.010331 0.057994 0.331254 0.092723 0.165153 0.060950 0.080179 0.083822 0.093372 0.024222 
0.004272 0.027263 0.290884 0.123690 0.173654 0.071331 0.077063 0.079806 0.124130 0.027907 
0.011581 0.048665 0.276917 0.141450 0.184391 0.062642 0.053410 0.058472 0.108959 0.053514 
0.015343 0.064663 0.299296 0.142695 0.212178 0.018679 0.038190 0.079939 0.099910 0.029106 
0.013255 0.063133 0.310038 0.116099 0.184399 0.043594 0.046517 0.108122 0.066413 0.048429 
0.004069 0.033437 0.276314 0.174442 0.217597 0.055509 0.054925 0.089138 0.058700 0.035870 
0.001693 0.027753 0.297471 0.147737 0.192206 0.043821 0.091461 0.080882 0.070858 0.046117 
0.003206 0.036629 0.380473 0.071400 0.182041 0.037469 0.094253 0.113914 0.065503 0.015112 
0.009823 0.059426 0.336462 0.131674 0.192821 0.088653 0.053197 0.051197 0.048955 0.027793 
0.012290 0.053131 0.295811 0.130762 0.198903 0.077073 0.055872 0.047102 0.081556 0.047502 
0.000709 0.010058 0.293470 0.172232 0.216257 0.077739 0.068134 0.035512 0.085567 0.040322 
0.001041 0.011781 0.325237 0.100362 0.238578 0.079230 0.083955 0.064930 0.076765 0.018122 
0.003915 0.021009 0.333661 0.103654 0.233134 0.073604 0.067745 0.050611 0.076595 0.036072 
0.007409 0.028106 0.316405 0.141437 0.242575 0.049329 0.048317 0.038920 0.092397 0.035105 
0.008876 0.072849 0.306339 0.104980 0.193737 0.064515 0.071410 0.041358 0.069806 0.066131 
0.016511 0.070060 0.249990 0.235163 0.122132 0.092156 0.061451 0.046568 0.055473 0.050495 
0.005021 0.039444 0.296825 0.165252 0.183441 0.060215 0.056221 0.034631 0.087669 0.071282 
0.001424 0.017444 0.275123 0.148286 0.190744 0.046439 0.037948 0.047284 0.128765 0.106544 
0.009673 0.046221 0.305611 0.102268 0.201000 0.042293 0.026008 0.043329 0.114880 0.108716 
0.011692 0.050584 0.307611 0.099992 0.187819 0.062104 0.032591 0.039671 0.116206 0.091730 
0.002328 0.020016 0.300927 0.126751 0.202330 0.051706 0.045648 0.037018 0.127197 0.086078 
0.003690 0.028829 0.322111 0.105568 0.197381 0.087718 0.043532 0.033991 0.088560 0.088620 
0.003799 0.023822 0.327904 0.168706 0.208446 0.068853 0.037156 0.034106 0.065453 0.061756 
0.005870 0.040815 0.331374 0.138575 0.204106 0.053485 0.099594 0.037673 0.069514 0.018995 
0.009489 0.031863 0.388054 0.137422 0.174243 0.063492 0.052406 0.031662 0.078711 0.032657 
0.000580 0.022292 0.315003 0.136955 0.263520 0.075063 0.047953 0.042197 0.090299 0.006139 
0.000648 0.015831 0.306890 0.107800 0.275224 0.089140 0.053436 0.048541 0.078575 0.023916 
0.000741 0.022901 0.276737 0.128054 0.313341 0.043548 0.036641 0.052264 0.082409 0.043363 
0.010193 0.070776 0.286644 0.136214 0.278589 0.040308 0.037523 0.045480 0.049509 0.044764 
0.011489 0.055668 0.305431 0.091023 0.289680 0.058980 0.049756 0.042342 0.073816 0.021815 
0.006478 0.040001 0.284869 0.178192 0.279962 0.035839 0.058277 0.038720 0.063978 0.013685 
0.014339 0.054521 0.264085 0.243460 0.146162 0.080374 0.043999 0.053255 0.053673 0.046130 
0.007211 0.064695 0.298918 0.168513 0.154068 0.076634 0.079030 0.044062 0.072643 0.034226 
0.014371 0.080855 0.322478 0.135177 0.164541 0.035850 0.065451 0.044005 0.085954 0.051318 
0.012409 0.054672 0.322891 0.158551 0.158966 0.056263 0.056137 0.045845 0.085896 0.048369 
0.013761 0.060546 0.363141 0.071320 0.199705 0.038802 0.065443 0.061287 0.091155 0.034840 
0.004199 0.037124 0.318514 0.193936 0.220934 0.039242 0.054788 0.035163 0.080059 0.016041 
0.002291 0.025676 0.332491 0.140760 0.187224 0.072047 0.060661 0.061953 0.086197 0.030700 
0.002880 0.017435 0.327549 0.129536 0.199994 0.058579 0.066321 0.063844 0.104148 0.029714 
0.012389 0.057878 0.369285 0.083484 0.201047 0.065266 0.072187 0.028786 0.096826 0.012854 
0.009850 0.052268 0.363132 0.135343 0.166640 0.103421 0.052708 0.021087 0.076981 0.018569 
0.000396 0.022209 0.357440 0.130658 0.205946 0.052179 0.057974 0.022074 0.122376 0.028747 
0.004159 0.042519 0.282381 0.143410 0.162974 0.071470 0.076690 0.039960 0.120251 0.056184 
0.004622 0.026433 0.275306 0.132481 0.208996 0.069049 0.076001 0.067279 0.087939 0.051893 
0.012215 0.052891 0.280119 0.193255 0.178497 0.076235 0.048826 0.049932 0.077047 0.030983 
0.015508 0.074739 0.297259 0.097778 0.190569 0.085699 0.073800 0.027870 0.106524 0.030254 
0.011477 0.039637 0.240863 0.144094 0.202663 0.088971 0.053694 0.055568 0.116974 0.046059 
0.010306 0.038269 0.320556 0.231301 0.105718 0.083637 0.065406 0.046011 0.071107 0.027690 
0.017139 0.078229 0.203756 0.190527 0.143949 0.104350 0.086702 0.043769 0.084758 0.046822 
0.011265 0.081636 0.303544 0.156985 0.131679 0.056017 0.070873 0.026038 0.089130 0.072832 
0.008015 0.058012 0.323305 0.103080 0.211735 0.030752 0.037271 0.026743 0.103297 0.097791 
0.006978 0.048631 0.279290 0.142949 0.229459 0.042327 0.037096 0.036717 0.102596 0.073957 
0.008073 0.029498 0.183210 0.239598 0.124744 0.115287 0.088347 0.035890 0.135412 0.039941 
0.003304 0.025057 0.153750 0.244147 0.103754 0.173183 0.072109 0.038400 0.137002 0.049295 
0.009394 0.042132 0.136844 0.253774 0.111200 0.222679 0.032681 0.035127 0.129869 0.026300 
0.007305 0.032072 0.144416 0.261320 0.104360 0.192568 0.030317 0.056356 0.149093 0.022195 
0.000940 0.009754 0.132208 0.191589 0.087819 0.104043 0.082206 0.092610 0.261534 0.037298 
0.004583 0.028228 0.147182 0.120817 0.082764 0.104206 0.036895 0.070513 0.370266 0.034545 
0.001722 0.011313 0.129076 0.110155 0.079058 0.063740 0.029589 0.078379 0.449310 0.047658 
0.003910 0.021588 0.084809 0.090281 0.044789 0.071114 0.029942 0.106991 0.471537 0.075040 
0.004096 0.019894 0.104722 0.141106 0.067670 0.088734 0.050315 0.071641 0.391491 0.060332 
0.003508 0.016817 0.142396 0.178817 0.073503 0.127483 0.107282 0.026896 0.273641 0.049657 
0.010832 0.049346 0.258265 0.094444 0.137533 0.161590 0.069585 0.035999 0.143219 0.039186 
0.003505 0.026287 0.289868 0.180912 0.112906 0.083899 0.077997 0.020631 0.154223 0.049772 
0.008281 0.041246 0.246509 0.153197 0.112782 0.159750 0.108168 0.023725 0.105551 0.040792 
0.004818 0.046688 0.255408 0.120030 0.131661 0.128852 0.062819 0.016866 0.182767 0.050090 
0.003717 0.015776 0.126662 0.215685 0.080561 0.111388 0.101388 0.066208 0.227040 0.051575 
0.003028 0.019694 0.116170 0.265727 0.070518 0.148131 0.042007 0.080635 0.232272 0.021819 
0.008482 0.039447 0.108122 0.240948 0.072577 0.171476 0.067074 0.081161 0.182708 0.028005 
0.007695 0.037722 0.118485 0.156952 0.080181 0.127923 0.058780 0.095569 0.274204 0.042488 
0.003163 0.017046 0.088352 0.141684 0.074688 0.155569 0.050792 0.074759 0.337143 0.056803 
0.005710 0.027143 0.114073 0.099989 0.092683 0.144100 0.060809 0.125926 0.302007 0.027560 
0.003746 0.014854 0.079151 0.107475 0.052527 0.126571 0.054427 0.127027 0.399511 0.034711 
0.005181 0.037744 0.175193 0.096767 0.065637 0.117119 0.060469 0.094369 0.326241 0.021278 
0.004457 0.033722 0.264339 0.128457 0.054320 0.050127 0.054621 0.061971 0.300828 0.047158 
0.010834 0.048828 0.149011 0.130642 0.065226 0.050336 0.070507 0.071381 0.378891 0.024345 
0.002232 0.019073 0.165019 0.086147 0.057664 0.026119 0.150203 0.071076 0.385439 0.037029 
0.003785 0.034245 0.169868 0.094773 0.034162 0.041648 0.169242 0.063605 0.255535 0.133139 
0.009853 0.042447 0.163531 0.150429 0.045670 0.044832 0.166069 0.018145 0.133997 0.225028 
0.007858 0.062901 0.182039 0.150667 0.043003 0.045024 0.174479 0.032857 0.134356 0.166816 
0.002417 0.020518 0.188330 0.176618 0.037747 0.037153 0.157263 0.054069 0.188131 0.137752 
0.007468 0.040756 0.165012 0.228141 0.074257 0.056032 0.209175 0.019454 0.154643 0.045061 
0.003000 0.008311 0.284495 0.214782 0.088749 0.034102 0.196096 0.023391 0.119916 0.027157 
0.002844 0.030829 0.354671 0.231714 0.087057 0.034198 0.109080 0.022182 0.099340 0.028086 
0.003382 0.024745 0.325582 0.313134 0.091926 0.031645 0.106206 0.023753 0.052381 0.027246 
0.002668 0.023033 0.320434 0.308981 0.055193 0.021885 0.133378 0.010062 0.066269 0.058098 
0.004090 0.026845 0.265965 0.257716 0.070533 0.038427 0.159447 0.015404 0.074654 0.086918 
0.001047 0.013913 0.260799 0.282751 0.101007 0.049704 0.117080 0.015475 0.058849 0.099375 
0.001561 0.026794 0.188185 0.310679 0.065636 0.040779 0.160701 0.030622 0.076552 0.098492 
0.003350 0.033090 0.209375 0.376683 0.096493 0.041692 0.089161 0.025761 0.064243 0.060153 
0.006305 0.037931 0.248851 0.388228 0.084536 0.032436 0.097924 0.025238 0.032604 0.045948 
0.000360 0.013503 0.247643 0.352486 0.046207 0.041434 0.092476 0.039711 0.076194 0.089985 
