Break Free, Ariana Grande
0.000000 0.000000 0.000000 0.000000 0.000000 0.000000 0.000000 0.000000 0.000000 0.000000 
0.000000 0.000000 0.000000 0.000000 0.000000 0.000000 0.000000 0.000000 0.000000 0.000000 
0.000000 0.000000 0.000000 0.000000 0.000000 0.000000 0.000000 0.000000 0.000000 0.000000 
0.000000 0.000000 0.000000 0.000000 0.000000 0.000000 0.000000 0.000000 0.000000 0.000000 
0.000000 0.000000 0.000000 0.000000 0.000000 0.000000 0.000000 0.000000 0.000000 0.000000 
0.008577 0.040325 0.067488 0.109783 0.158141 0.123363 0.148235 0.150411 0.123166 0.070510 
0.012063 0.101938 0.436905 0.189135 0.079621 0.044255 0.042461 0.036530 0.036962 0.020130 
0.003589 0.093566 0.613893 0.128276 0.052984 0.028402 0.031168 0.019651 0.014828 0.013643 
0.000777 0.105132 0.510943 0.195461 0.051207 0.054201 0.032500 0.020187 0.020934 0.008658 
0.009960 0.110430 0.503595 0.154934 0.071234 0.053016 0.031815 0.028915 0.024757 0.011345 
0.025919 0.190265 0.478770 0.135523 0.042183 0.061546 0.022881 0.017733 0.016327 0.008853 
0.006980 0.104372 0.562799 0.107906 0.059798 0.053859 0.037315 0.025955 0.024518 0.016497 
0.001750 0.061293 0.552590 0.167054 0.093447 0.042125 0.031298 0.017322 0.019924 0.013196 
0.014465 0.150215 0.452882 0.230571 0.051688 0.040393 0.028341 0.009934 0.010850 0.010661 
0.002461 0.097494 0.619611 0.132637 0.057736 0.030757 0.026755 0.009237 0.015096 0.008215 
0.001404 0.088118 0.561951 0.169190 0.086659 0.038141 0.015774 0.014581 0.016780 0.007401 
0.009410 0.078018 0.543837 0.211534 0.066886 0.021840 0.022634 0.016340 0.017447 0.012054 
0.020684 0.105215 0.595568 0.149111 0.053498 0.023351 0.021091 0.012804 0.014118 0.004558 
0.013673 0.171668 0.440983 0.190795 0.077029 0.032216 0.028435 0.017520 0.017711 0.009971 
0.006637 0.116035 0.477261 0.236104 0.068898 0.023726 0.036512 0.014544 0.007888 0.012393 
0.032009 0.179777 0.434730 0.206054 0.045299 0.042198 0.022491 0.013159 0.014768 0.009513 
0.007528 0.113469 0.447912 0.278062 0.050562 0.031715 0.032353 0.015784 0.010830 0.011784 
0.019604 0.150083 0.472360 0.173448 0.066064 0.046453 0.032200 0.015845 0.015566 0.008377 
0.004189 0.184783 0.458371 0.201165 0.061578 0.033284 0.020788 0.012619 0.010100 0.013124 
0.009402 0.212993 0.359657 0.183339 0.076576 0.071778 0.031471 0.018288 0.014179 0.022318 
0.018651 0.169233 0.420420 0.159709 0.073137 0.095559 0.021225 0.016915 0.017618 0.007532 
0.021089 0.147994 0.384396 0.260028 0.067662 0.042549 0.025868 0.013668 0.009589 0.027157 
0.034311 0.154075 0.492551 0.133302 0.058830 0.031328 0.021606 0.024373 0.014066 0.035556 
0.022238 0.120194 0.429653 0.188915 0.035812 0.093825 0.044718 0.030667 0.013304 0.020674 
0.007479 0.160025 0.470470 0.139512 0.073371 0.060983 0.029556 0.020589 0.019177 0.018837 
0.022715 0.128140 0.527117 0.171848 0.051974 0.040703 0.021659 0.012259 0.014951 0.008635 
0.007138 0.068841 0.260808 0.161867 0.249235 0.080807 0.064102 0.058692 0.033144 0.015367 
0.002395 0.040004 0.182094 0.098549 0.142964 0.045605 0.207674 0.143456 0.077676 0.059583 
0.005568 0.031856 0.184250 0.106319 0.145173 0.157175 0.135537 0.152475 0.050060 0.031586 
0.015637 0.154568 0.400503 0.206519 0.071661 0.034614 0.038659 0.027740 0.024184 0.025916 
0.014949 0.114066 0.374690 0.328239 0.061568 0.042113 0.018181 0.016732 0.015441 0.014021 
0.003993 0.090381 0.295939 0.309588 0.085550 0.065895 0.046013 0.042069 0.034497 0.026074 
0.005732 0.073043 0.244370 0.296979 0.079234 0.172716 0.043654 0.032937 0.026706 0.024628 
0.003279 0.051730 0.272723 0.220873 0.100473 0.155761 0.063072 0.055952 0.043855 0.032282 
0.012606 0.073562 0.228662 0.178057 0.088507 0.237868 0.061249 0.071080 0.031802 0.016607 
0.004814 0.058883 0.148843 0.084683 0.138822 0.252011 0.115384 0.036734 0.038570 0.121256 
0.015734 0.100512 0.168166 0.093747 0.071057 0.207378 0.229025 0.040957 0.020828 0.052595 
0.000946 0.057269 0.125287 0.087135 0.028312 0.098771 0.337160 0.168369 0.032483 0.064268 
0.002967 0.138654 0.126947 0.082529 0.084461 0.132191 0.269904 0.067201 0.035544 0.059603 
0.006309 0.120886 0.259372 0.153486 0.064376 0.118882 0.198567 0.038754 0.026375 0.012993 
0.004519 0.081648 0.181004 0.082360 0.065109 0.066535 0.163968 0.133306 0.158723 0.062828 
0.007376 0.096483 0.141811 0.069449 0.032155 0.061388 0.234099 0.092428 0.191486 0.073324 
0.001076 0.091087 0.167293 0.098978 0.115256 0.183674 0.188204 0.072592 0.048276 0.033564 
0.018544 0.224327 0.290276 0.126872 0.025021 0.065490 0.205066 0.021660 0.015042 0.007702 
0.007179 0.114658 0.263389 0.138185 0.212989 0.071745 0.138440 0.019732 0.022380 0.011303 
0.000612 0.124897 0.215287 0.106643 0.238229 0.070099 0.099694 0.039783 0.075481 0.029276 
0.009433 0.137121 0.257743 0.220955 0.109348 0.049363 0.122797 0.041977 0.039595 0.011667 
0.004104 0.091310 0.152113 0.101645 0.137606 0.227235 0.078004 0.031940 0.094285 0.081757 
0.002446 0.167734 0.131550 0.108178 0.155300 0.245956 0.120309 0.027584 0.021960 0.018982 
0.005598 0.146978 0.216711 0.176669 0.076137 0.068250 0.220886 0.047482 0.025688 0.015601 
0.019492 0.155350 0.260565 0.182835 0.068287 0.044105 0.192630 0.038548 0.017798 0.020391 
0.006371 0.232508 0.263401 0.129346 0.054999 0.068376 0.177765 0.028370 0.027115 0.011750 
0.015019 0.157298 0.162338 0.188333 0.074271 0.102674 0.236231 0.037267 0.012708 0.013862 
0.013164 0.099906 0.251050 0.083766 0.148340 0.097629 0.220692 0.042581 0.031170 0.011703 
0.000516 0.130198 0.252965 0.071150 0.213908 0.070768 0.189776 0.030999 0.022237 0.017483 
0.003160 0.180203 0.240844 0.059063 0.209065 0.068450 0.177627 0.030644 0.015218 0.015726 
0.005408 0.136506 0.245045 0.071399 0.185548 0.195376 0.104127 0.015086 0.025658 0.015848 
0.000962 0.111267 0.207862 0.127704 0.143330 0.271335 0.089214 0.019926 0.019129 0.009271 
0.002272 0.111379 0.222658 0.095808 0.256960 0.155007 0.098964 0.029604 0.015598 0.011751 
0.005521 0.247911 0.175141 0.112460 0.203025 0.085999 0.125101 0.020166 0.009959 0.014717 
0.011990 0.184378 0.246021 0.114615 0.201943 0.073007 0.108025 0.024931 0.019225 0.015866 
0.011332 0.122971 0.166395 0.085264 0.215849 0.105206 0.188508 0.044558 0.041894 0.018022 
0.005929 0.084937 0.106320 0.062105 0.176902 0.111600 0.103900 0.183531 0.147074 0.017702 
0.000529 0.116271 0.141881 0.054508 0.132146 0.084906 0.137405 0.108874 0.190714 0.032766 
0.002595 0.112962 0.133561 0.089864 0.174420 0.182622 0.150369 0.073863 0.054189 0.025555 
0.009819 0.138688 0.241326 0.172506 0.099095 0.113812 0.106640 0.046617 0.032738 0.038760 
0.005793 0.122626 0.340696 0.152994 0.138539 0.093051 0.068924 0.036918 0.023026 0.017432 
0.014978 0.181533 0.233524 0.105698 0.230716 0.094434 0.098964 0.017371 0.014463 0.008319 
0.017716 0.127367 0.160784 0.077948 0.163089 0.320554 0.076080 0.022262 0.025621 0.008579 
0.007352 0.145419 0.289686 0.143574 0.136242 0.086437 0.103719 0.043536 0.025577 0.018458 
0.000142 0.127615 0.149937 0.196530 0.179929 0.176559 0.100705 0.036699 0.020167 0.011716 
0.005616 0.155858 0.223336 0.131601 0.138412 0.131635 0.164508 0.026586 0.010726 0.011722 
0.002026 0.035661 0.232448 0.117279 0.213824 0.160335 0.121426 0.050079 0.050259 0.016662 
0.006086 0.109546 0.172782 0.092991 0.211210 0.193473 0.156648 0.030184 0.021125 0.005956 
0.000923 0.129796 0.163297 0.113969 0.200735 0.246148 0.092761 0.020136 0.019531 0.012705 
0.008333 0.102068 0.172592 0.093562 0.196322 0.119327 0.090039 0.120778 0.063722 0.033257 
0.018246 0.138483 0.177318 0.102278 0.067429 0.086817 0.104189 0.181035 0.094827 0.029377 
0.002831 0.080340 0.222938 0.138044 0.060724 0.161335 0.171839 0.089386 0.044596 0.027967 
0.002882 0.131737 0.257486 0.126228 0.098762 0.256196 0.080150 0.023112 0.019113 0.004333 
0.002085 0.130486 0.279693 0.083652 0.089339 0.189149 0.158779 0.029590 0.020708 0.016519 
0.015092 0.091080 0.206755 0.137825 0.078095 0.188442 0.195728 0.043611 0.017910 0.025462 
0.005394 0.134024 0.319318 0.201457 0.081390 0.135350 0.058642 0.022968 0.018549 0.022909 
0.011557 0.148313 0.281748 0.170208 0.077729 0.234832 0.034873 0.014509 0.012568 0.013663 
0.011709 0.106222 0.208868 0.115316 0.218889 0.237094 0.042859 0.024388 0.026606 0.008049 
0.025508 0.196122 0.214681 0.113984 0.094343 0.202988 0.083417 0.030818 0.019165 0.018973 
0.028263 0.234942 0.282006 0.092993 0.082295 0.164583 0.090675 0.012182 0.005940 0.006122 
0.019329 0.218444 0.206093 0.091970 0.091599 0.231161 0.094597 0.017863 0.019874 0.009069 
0.001698 0.141756 0.227560 0.108775 0.123609 0.232510 0.086338 0.027390 0.032463 0.017901 
0.015888 0.183747 0.192506 0.122210 0.150385 0.240670 0.060432 0.013486 0.013200 0.007475 
0.028404 0.184333 0.173434 0.141026 0.210538 0.123137 0.088642 0.028901 0.016652 0.004933 
0.021923 0.185262 0.187642 0.140904 0.199374 0.137861 0.070083 0.026626 0.017628 0.012697 
0.002698 0.105951 0.181373 0.185156 0.220008 0.232730 0.033425 0.014513 0.017156 0.006990 
0.001493 0.108995 0.218372 0.187448 0.158264 0.233805 0.051359 0.019447 0.013233 0.007584 
0.006459 0.118564 0.161768 0.137438 0.216743 0.225454 0.069418 0.042120 0.011883 0.010155 
0.005402 0.106151 0.184963 0.133999 0.315183 0.139560 0.058579 0.029882 0.016610 0.009672 
0.001299 0.175938 0.202101 0.116626 0.222558 0.142733 0.075641 0.031663 0.023622 0.007819 
0.002457 0.153842 0.189395 0.114931 0.211262 0.207791 0.062116 0.028343 0.014849 0.015014 
0.000215 0.073547 0.215744 0.090268 0.225823 0.231569 0.077340 0.045732 0.029145 0.010618 
0.003527 0.101110 0.187728 0.112978 0.151686 0.266069 0.095779 0.042977 0.020002 0.018143 
0.013070 0.142130 0.219904 0.103998 0.250463 0.158413 0.080121 0.015197 0.011475 0.005229 
0.018016 0.160922 0.206211 0.114028 0.234347 0.178437 0.041439 0.020036 0.021209 0.005356 
0.004060 0.103811 0.178861 0.176346 0.203307 0.196663 0.078010 0.029319 0.020301 0.009321 
0.004828 0.060027 0.138848 0.071429 0.088811 0.180877 0.147871 0.119754 0.049321 0.138236 
0.004791 0.105952 0.155413 0.080908 0.198686 0.146675 0.050668 0.123858 0.058767 0.074282 
0.010549 0.148888 0.146082 0.185265 0.290347 0.086369 0.038920 0.045542 0.030293 0.017745 
0.011189 0.108177 0.251863 0.208493 0.253448 0.082355 0.041215 0.018728 0.012869 0.011662 
0.009899 0.178497 0.271227 0.080695 0.211664 0.132911 0.051638 0.024724 0.026251 0.012494 
0.014762 0.164754 0.182429 0.134985 0.291289 0.103089 0.060799 0.019487 0.017785 0.010621 
0.003764 0.102602 0.131246 0.089070 0.256785 0.188343 0.078339 0.086686 0.043158 0.020007 
0.004770 0.118139 0.233674 0.096849 0.190176 0.129662 0.059352 0.107979 0.050027 0.009372 
0.005525 0.102555 0.231743 0.083502 0.161909 0.105886 0.143685 0.097358 0.048506 0.019333 
0.005571 0.094539 0.222813 0.090064 0.156635 0.055750 0.140111 0.155339 0.039056 0.040121 
0.008990 0.052420 0.267353 0.095341 0.240062 0.106426 0.034833 0.100697 0.067298 0.026580 
0.006274 0.135886 0.288182 0.128888 0.167550 0.082113 0.104160 0.039492 0.033499 0.013957 
0.012690 0.102161 0.159104 0.094917 0.168320 0.146010 0.093020 0.151686 0.051802 0.020290 
0.014821 0.123019 0.170829 0.056104 0.198724 0.037486 0.222002 0.111787 0.045421 0.019807 
0.007718 0.107584 0.184218 0.129650 0.248195 0.117989 0.103269 0.061743 0.027950 0.011684 
0.006032 0.112001 0.166319 0.097226 0.300674 0.111918 0.117141 0.037403 0.030130 0.021155 
0.006282 0.167520 0.222174 0.087976 0.168227 0.127604 0.081489 0.056976 0.040631 0.041122 
0.012517 0.196746 0.315423 0.141145 0.163377 0.050979 0.034981 0.046388 0.016442 0.022002 
0.005503 0.200678 0.270266 0.109618 0.159329 0.090722 0.070282 0.034988 0.033210 0.025404 
0.006083 0.159592 0.287561 0.122416 0.225993 0.070684 0.063041 0.024989 0.022910 0.016731 
0.016737 0.095487 0.311041 0.100930 0.125418 0.085185 0.090734 0.101420 0.051593 0.021456 
0.016358 0.154008 0.157544 0.092551 0.085359 0.208625 0.110610 0.095372 0.038144 0.041429 
0.009471 0.120078 0.447540 0.198235 0.087381 0.060712 0.037207 0.017576 0.010074 0.011727 
0.008667 0.144383 0.259452 0.241798 0.090790 0.166895 0.042782 0.013013 0.019424 0.012795 
0.012637 0.099902 0.309832 0.203995 0.169167 0.059507 0.055003 0.033574 0.030011 0.026373 
0.010006 0.174457 0.315408 0.224856 0.142585 0.047944 0.032677 0.026131 0.021399 0.004537 
0.002536 0.073612 0.309092 0.226021 0.156517 0.101316 0.065856 0.034197 0.022082 0.008771 
0.000669 0.122626 0.218894 0.194197 0.148495 0.037305 0.164494 0.053820 0.034277 0.025222 
0.005157 0.124028 0.248820 0.155864 0.165305 0.050691 0.171305 0.039065 0.022952 0.016813 
0.002970 0.182022 0.207871 0.210890 0.251967 0.031720 0.054899 0.020744 0.022227 0.014690 
0.006404 0.156428 0.296961 0.217421 0.200115 0.042602 0.026485 0.020685 0.017355 0.015544 
0.008314 0.130270 0.265380 0.257861 0.198535 0.046830 0.039780 0.013423 0.023936 0.015671 
0.011856 0.175383 0.148491 0.293918 0.274169 0.044692 0.017923 0.009311 0.012002 0.012255 
0.003555 0.175603 0.268866 0.202697 0.206692 0.063652 0.053182 0.011333 0.009470 0.004950 
0.009283 0.159596 0.175103 0.165300 0.065869 0.034700 0.056774 0.086353 0.198471 0.048552 
0.015621 0.117163 0.161668 0.131902 0.039797 0.047655 0.047035 0.054913 0.216692 0.167555 
0.000898 0.086152 0.267729 0.081816 0.047646 0.067580 0.193795 0.066861 0.141033 0.046489 
0.000741 0.105567 0.262440 0.108080 0.127814 0.047243 0.151195 0.081943 0.073605 0.041372 
0.001133 0.150325 0.274397 0.237249 0.059256 0.089289 0.078596 0.062750 0.029338 0.017667 
0.003100 0.146285 0.416949 0.217479 0.079092 0.016724 0.024367 0.062912 0.022778 0.010315 
0.007342 0.172225 0.251851 0.225138 0.219080 0.040891 0.027594 0.025106 0.019372 0.011401 
0.004189 0.204307 0.273610 0.170296 0.192758 0.038820 0.026524 0.044710 0.036093 0.008693 
0.021362 0.243993 0.308461 0.208706 0.061975 0.028516 0.042351 0.032762 0.029485 0.022389 
0.025144 0.269443 0.313671 0.192766 0.057130 0.024247 0.042123 0.028989 0.027105 0.019382 
0.007841 0.295014 0.183776 0.321230 0.055953 0.018542 0.051669 0.019219 0.030848 0.015908 
0.007286 0.283175 0.191505 0.297842 0.050455 0.027717 0.052731 0.017187 0.057275 0.014828 
0.008197 0.329808 0.176161 0.275104 0.047460 0.032249 0.045508 0.021614 0.039567 0.024332 
0.007738 0.208876 0.298870 0.112078 0.059346 0.060009 0.025997 0.046315 0.097009 0.083764 
0.000282 0.115662 0.134477 0.148906 0.047233 0.057004 0.027462 0.068210 0.300220 0.100544 
0.001683 0.109175 0.219505 0.172685 0.043573 0.053740 0.077340 0.079783 0.108507 0.134008 
0.007759 0.177135 0.228729 0.258333 0.057556 0.105436 0.072651 0.031805 0.042049 0.018545 
0.008994 0.242525 0.278512 0.204587 0.128696 0.039531 0.024046 0.022901 0.037199 0.013007 
0.014845 0.174789 0.251114 0.288850 0.088961 0.016375 0.034119 0.048806 0.065239 0.016902 
0.001655 0.222680 0.279484 0.285196 0.041715 0.045097 0.028779 0.044311 0.040922 0.010161 
0.008162 0.101028 0.272104 0.245700 0.127256 0.112223 0.035859 0.031129 0.052936 0.013603 
0.004352 0.076695 0.203451 0.152695 0.417972 0.043593 0.051082 0.022381 0.020001 0.007778 
0.019142 0.165517 0.264193 0.142684 0.219117 0.043074 0.062845 0.040767 0.027328 0.015333 
0.008056 0.126742 0.286868 0.229113 0.185582 0.062994 0.041613 0.024957 0.023133 0.010942 
0.026574 0.177578 0.234970 0.331422 0.052043 0.041392 0.041982 0.031706 0.047045 0.015287 
0.026736 0.236706 0.271153 0.229591 0.054029 0.027800 0.061026 0.053118 0.020684 0.019157 
0.001533 0.084790 0.152606 0.193024 0.080604 0.204073 0.158177 0.052705 0.052227 0.020261 
0.005883 0.102910 0.203415 0.151916 0.086163 0.085439 0.133859 0.118507 0.075237 0.036670 
0.020480 0.271499 0.265025 0.211102 0.044333 0.031817 0.057059 0.038029 0.053101 0.007555 
0.011493 0.199798 0.207234 0.188425 0.117764 0.083490 0.081735 0.033879 0.052214 0.023969 
0.014324 0.122773 0.182943 0.148635 0.096837 0.032766 0.203076 0.138217 0.037843 0.022586 
0.016180 0.129926 0.281447 0.116043 0.045558 0.044586 0.107810 0.169638 0.054768 0.034046 
0.003240 0.143505 0.276787 0.141639 0.062175 0.052424 0.145154 0.110838 0.035452 0.028786 
0.002272 0.121863 0.190847 0.199650 0.096683 0.026241 0.175895 0.138310 0.029482 0.018756 
0.003376 0.142593 0.169383 0.203850 0.071509 0.075632 0.222808 0.071086 0.025047 0.014716 
0.021243 0.189537 0.273279 0.152923 0.066648 0.067364 0.131671 0.062855 0.024728 0.009752 
0.023531 0.197418 0.236158 0.184762 0.078550 0.069481 0.113987 0.052213 0.030252 0.013648 
0.004361 0.135432 0.194285 0.170670 0.098055 0.082170 0.165037 0.057284 0.058683 0.034022 
0.000005 0.110716 0.244900 0.209161 0.110786 0.135191 0.089185 0.040625 0.034840 0.024591 
0.012655 0.127440 0.259945 0.185058 0.031075 0.109226 0.160331 0.051423 0.050169 0.012678 
0.004852 0.169645 0.265339 0.142024 0.062356 0.065457 0.204281 0.025444 0.039342 0.021259 
0.001821 0.139821 0.271521 0.127461 0.072427 0.103311 0.146382 0.076611 0.050298 0.010347 
0.004491 0.080828 0.227233 0.082625 0.086338 0.072293 0.185676 0.143919 0.068619 0.047977 
0.003405 0.126640 0.169069 0.150122 0.111555 0.116974 0.216707 0.029732 0.045492 0.030304 
0.009763 0.156419 0.312287 0.179354 0.110026 0.075529 0.081245 0.047129 0.018164 0.010085 
0.006740 0.068401 0.347505 0.180241 0.147126 0.089695 0.082623 0.054770 0.015037 0.007863 
0.005764 0.087285 0.246545 0.249539 0.154907 0.040697 0.122279 0.047878 0.030281 0.014826 
0.006486 0.108675 0.302123 0.235221 0.106061 0.038416 0.136089 0.030575 0.024603 0.011750 
0.004371 0.116821 0.241509 0.208173 0.133736 0.073209 0.160081 0.030728 0.016111 0.015261 
0.002219 0.100868 0.233035 0.089978 0.172021 0.059942 0.245844 0.056783 0.023871 0.015439 
0.005242 0.072304 0.265748 0.081569 0.091398 0.186986 0.155324 0.078952 0.027720 0.034756 
0.005350 0.091164 0.198552 0.170537 0.254415 0.086640 0.084034 0.041375 0.053911 0.014021 
0.010649 0.130482 0.219667 0.198744 0.280034 0.029258 0.058671 0.012693 0.043052 0.016750 
0.026251 0.214997 0.259849 0.157220 0.124639 0.053562 0.094345 0.024301 0.038404 0.006431 
0.017831 0.092931 0.297343 0.166130 0.089093 0.052697 0.146032 0.039506 0.079522 0.018916 
0.000996 0.214722 0.222565 0.195190 0.052103 0.054138 0.143268 0.075441 0.030347 0.011231 
0.010965 0.107601 0.294298 0.155719 0.072004 0.081159 0.128150 0.103633 0.028003 0.018469 
0.003045 0.069447 0.239271 0.081072 0.081821 0.101119 0.141269 0.216050 0.036442 0.030464 
0.000345 0.092663 0.372970 0.147013 0.126510 0.088037 0.083531 0.038281 0.034738 0.015911 
0.009994 0.104911 0.382174 0.181523 0.114713 0.049630 0.099131 0.021093 0.025693 0.011140 
0.002872 0.069750 0.215239 0.158100 0.282059 0.088618 0.097503 0.041164 0.024196 0.020498 
0.006406 0.089363 0.225109 0.186069 0.182308 0.133911 0.080587 0.058429 0.019310 0.018508 
0.008873 0.068947 0.206833 0.223222 0.114842 0.118484 0.165971 0.026690 0.040621 0.025517 
0.001815 0.083672 0.174928 0.124989 0.110003 0.079130 0.207231 0.094724 0.093064 0.030445 
0.010406 0.104829 0.372321 0.173896 0.077862 0.053605 0.075321 0.062640 0.048520 0.020599 
0.019219 0.105939 0.365115 0.165846 0.084418 0.071155 0.097299 0.038772 0.029362 0.022876 
0.014904 0.167150 0.289914 0.147717 0.116316 0.038692 0.133238 0.034335 0.043924 0.013808 
0.006253 0.153204 0.315272 0.116126 0.090048 0.097673 0.137219 0.031400 0.038539 0.014265 
0.005623 0.101005 0.330840 0.134721 0.108350 0.083838 0.163099 0.041017 0.023971 0.007536 
0.019700 0.133129 0.378328 0.141077 0.110119 0.055659 0.100039 0.035551 0.019711 0.006688 
0.021759 0.296701 0.318181 0.123099 0.078694 0.036139 0.058596 0.026374 0.030491 0.009967 
0.003237 0.256973 0.237524 0.048813 0.149260 0.031748 0.088958 0.143601 0.021707 0.018179 
0.025088 0.333918 0.234447 0.073392 0.092747 0.022476 0.048211 0.133824 0.022424 0.013473 
0.006447 0.246753 0.427768 0.092476 0.073253 0.026072 0.016522 0.089325 0.013264 0.008121 
0.000374 0.183152 0.343450 0.130918 0.144424 0.030343 0.019384 0.136516 0.008793 0.002646 
0.016456 0.106458 0.344311 0.139031 0.187345 0.017036 0.030877 0.143662 0.011495 0.003330 
0.004179 0.259230 0.271867 0.092738 0.167458 0.026096 0.046437 0.119926 0.007319 0.004751 
0.018506 0.354955 0.268642 0.133940 0.075724 0.016661 0.014650 0.092003 0.016452 0.008466 
0.011640 0.340229 0.225495 0.153985 0.100481 0.027418 0.024774 0.099402 0.012959 0.003618 
0.010791 0.250313 0.255597 0.172053 0.151569 0.023820 0.022380 0.099450 0.009198 0.004828 
0.006136 0.210339 0.240357 0.225387 0.138054 0.017795 0.037398 0.107133 0.010946 0.006455 
0.005406 0.225438 0.196901 0.324101 0.079527 0.009188 0.048503 0.085912 0.013668 0.011357 
0.010001 0.263779 0.288345 0.233778 0.077982 0.017711 0.018440 0.041488 0.025065 0.023411 
0.006354 0.302864 0.262613 0.137474 0.118773 0.032359 0.039400 0.059852 0.023935 0.016376 
0.025417 0.253977 0.259448 0.127972 0.130453 0.047516 0.040356 0.090754 0.013218 0.010889 
0.004252 0.121870 0.263084 0.162680 0.247857 0.038565 0.034745 0.081579 0.022872 0.022497 
0.015662 0.188287 0.142790 0.177683 0.309025 0.045089 0.065553 0.038064 0.010221 0.007626 
0.001365 0.230727 0.233032 0.200876 0.095727 0.045985 0.130716 0.032911 0.014118 0.014544 
0.007681 0.227649 0.223264 0.144816 0.108584 0.044910 0.201668 0.023435 0.009556 0.008438 
0.001326 0.179790 0.223128 0.107299 0.094855 0.078978 0.225810 0.043131 0.027210 0.018474 
0.011132 0.155510 0.204330 0.043610 0.098367 0.127352 0.208982 0.077810 0.049113 0.023793 
0.011586 0.211776 0.208163 0.062407 0.116967 0.027193 0.172223 0.097673 0.031343 0.060669 
0.007173 0.144807 0.112601 0.118283 0.123006 0.186666 0.143067 0.081249 0.043243 0.039905 
0.004786 0.157380 0.220361 0.167961 0.116436 0.084135 0.193464 0.029700 0.012356 0.013422 
0.013327 0.166199 0.177598 0.142292 0.217780 0.068814 0.157881 0.032748 0.016751 0.006610 
0.009038 0.167258 0.151576 0.163639 0.208019 0.068627 0.143744 0.040988 0.033712 0.013399 
0.010026 0.352414 0.257560 0.067459 0.102658 0.030480 0.117128 0.024174 0.010422 0.027679 
0.018352 0.270119 0.209275 0.109899 0.134557 0.029294 0.157525 0.046053 0.013009 0.011917 
0.002133 0.144993 0.194101 0.111944 0.176509 0.171111 0.119938 0.032067 0.029334 0.017869 
0.010208 0.154731 0.157614 0.094875 0.078672 0.071595 0.279574 0.088209 0.032206 0.032316 
0.002206 0.225032 0.205044 0.101357 0.060061 0.049172 0.175389 0.119812 0.039796 0.022131 
0.011098 0.228818 0.297250 0.152648 0.106066 0.036359 0.116494 0.027401 0.013984 0.009882 
0.001072 0.224824 0.271325 0.164290 0.101739 0.028584 0.150965 0.024183 0.020343 0.012676 
0.008383 0.252160 0.209568 0.115206 0.119815 0.070493 0.167889 0.032685 0.012276 0.011524 
0.000646 0.145469 0.159984 0.194246 0.125680 0.114302 0.142681 0.039781 0.034006 0.043205 
0.004903 0.149707 0.150596 0.069086 0.058706 0.307811 0.171090 0.034968 0.025752 0.027380 
0.005249 0.144709 0.176243 0.087417 0.149090 0.199632 0.164212 0.032312 0.021038 0.020098 
0.004057 0.259756 0.187443 0.176305 0.125860 0.054828 0.144096 0.027069 0.013405 0.007181 
0.002118 0.215081 0.203441 0.111797 0.089082 0.074852 0.200809 0.048971 0.032217 0.021632 
0.002067 0.158641 0.170380 0.114416 0.051256 0.199680 0.184898 0.063337 0.030696 0.024628 
0.005788 0.153814 0.170800 0.084895 0.170317 0.146015 0.177476 0.043921 0.027345 0.019630 
0.006799 0.232817 0.308193 0.110695 0.135125 0.057411 0.108174 0.012216 0.009108 0.019462 
0.009463 0.201461 0.345120 0.100574 0.063083 0.026888 0.139518 0.031467 0.039861 0.042566 
0.001445 0.117182 0.210008 0.056284 0.312861 0.048210 0.135518 0.028092 0.027638 0.062763 
0.006493 0.215312 0.248736 0.104725 0.089991 0.077590 0.150460 0.029958 0.030796 0.045940 
0.004422 0.223111 0.157292 0.113867 0.110168 0.053799 0.190158 0.032631 0.048344 0.066207 
0.003757 0.124414 0.174528 0.088497 0.423650 0.040203 0.084512 0.013210 0.031364 0.015866 
0.003761 0.164606 0.263935 0.101530 0.139028 0.039185 0.147770 0.046275 0.068419 0.025493 
0.008706 0.179231 0.237685 0.100928 0.127802 0.058545 0.184522 0.034125 0.039120 0.029335 
0.008186 0.217214 0.248980 0.062543 0.072283 0.063331 0.227125 0.037538 0.034199 0.028599 
0.000780 0.177545 0.162219 0.135564 0.242474 0.053408 0.120156 0.039415 0.035368 0.033072 
0.010824 0.165081 0.147523 0.081385 0.394851 0.055079 0.089405 0.027826 0.012557 0.015469 
0.017314 0.229759 0.281965 0.149237 0.093049 0.037494 0.141278 0.023803 0.014122 0.011980 
0.001738 0.200787 0.155011 0.277976 0.083359 0.186859 0.043818 0.016753 0.020749 0.012951 
0.005534 0.168337 0.220127 0.139272 0.096611 0.254527 0.055383 0.024530 0.020016 0.015662 
0.000271 0.146388 0.137476 0.061129 0.115415 0.195496 0.184483 0.078913 0.046140 0.034287 
0.004410 0.105071 0.236512 0.078212 0.089934 0.200938 0.160427 0.040106 0.055893 0.028497 
0.003580 0.170079 0.331934 0.104113 0.151203 0.118867 0.054732 0.029177 0.021233 0.015081 
0.004208 0.217453 0.269166 0.099977 0.128090 0.180697 0.051873 0.021062 0.011521 0.015953 
0.009806 0.209289 0.230131 0.068686 0.086308 0.268969 0.064151 0.026843 0.021897 0.013920 
0.001698 0.145509 0.140032 0.063571 0.249755 0.198520 0.090748 0.054424 0.035046 0.020697 
0.000585 0.119887 0.236215 0.044176 0.308264 0.100179 0.118074 0.029167 0.020181 0.023273 
0.015250 0.198032 0.315296 0.073391 0.190883 0.114295 0.052651 0.012625 0.020058 0.007519 
0.000623 0.138455 0.276615 0.080360 0.250591 0.177464 0.042678 0.007525 0.017421 0.008268 
0.006147 0.123114 0.246793 0.118707 0.215767 0.201364 0.036984 0.015928 0.015948 0.019248 
0.004270 0.235733 0.220419 0.129285 0.064415 0.203476 0.059979 0.028225 0.031040 0.023158 
0.005840 0.147998 0.181215 0.038907 0.275334 0.098517 0.155146 0.028658 0.042946 0.025439 
0.011811 0.143298 0.248627 0.087130 0.161605 0.163403 0.093336 0.040470 0.014876 0.035445 
0.001134 0.185743 0.229516 0.253757 0.060697 0.190317 0.033950 0.014736 0.017746 0.012404 
0.003728 0.188024 0.197930 0.301253 0.044542 0.050101 0.173113 0.019045 0.009859 0.012403 
0.011057 0.216727 0.179750 0.332093 0.026966 0.035223 0.144276 0.017895 0.016308 0.019705 
0.016412 0.168191 0.193655 0.227184 0.237962 0.038918 0.084038 0.012793 0.011438 0.009409 
0.000553 0.153215 0.225626 0.209644 0.180355 0.067578 0.134483 0.007446 0.012084 0.009016 
0.013929 0.089694 0.322342 0.183135 0.102390 0.074287 0.130590 0.032416 0.028044 0.023173 
0.004352 0.085605 0.270546 0.182865 0.083447 0.194058 0.109257 0.013428 0.024078 0.032365 
0.007876 0.191238 0.166700 0.268401 0.114393 0.078198 0.082206 0.022012 0.039683 0.029292 
0.009383 0.180069 0.148513 0.111249 0.180564 0.091573 0.141300 0.041757 0.079879 0.015712 
0.001504 0.125946 0.205996 0.235562 0.170738 0.028126 0.111647 0.049911 0.054264 0.016306 
0.007341 0.137441 0.178733 0.282721 0.049926 0.056772 0.198967 0.050999 0.029103 0.007997 
0.001944 0.099413 0.204903 0.307462 0.059641 0.031820 0.125074 0.034231 0.087944 0.047569 
0.001892 0.123794 0.145078 0.243375 0.031094 0.021288 0.053376 0.091874 0.157803 0.130426 
0.006267 0.152674 0.149124 0.127116 0.086191 0.113020 0.144081 0.134822 0.033371 0.053335 
0.015075 0.202939 0.186223 0.107880 0.154478 0.089641 0.151174 0.034618 0.029324 0.028649 
0.007574 0.162260 0.189736 0.142797 0.271710 0.056508 0.116513 0.020908 0.023355 0.008638 
0.002486 0.136032 0.190969 0.177999 0.200852 0.059243 0.168809 0.032265 0.017940 0.013405 
0.030488 0.247703 0.200139 0.221337 0.037251 0.045930 0.171779 0.023054 0.017500 0.004819 
0.006025 0.283521 0.233904 0.158416 0.031602 0.027147 0.173281 0.053201 0.022884 0.010018 
0.015275 0.196201 0.145725 0.114631 0.081175 0.180555 0.159165 0.052911 0.034326 0.020035 
0.005450 0.141598 0.126294 0.162357 0.199779 0.164190 0.120069 0.046565 0.017420 0.016280 
0.011701 0.156524 0.210309 0.149099 0.119198 0.180682 0.078524 0.057386 0.029239 0.007338 
0.004328 0.179624 0.267028 0.144470 0.044342 0.169401 0.080084 0.057840 0.046420 0.006463 
0.002528 0.145911 0.243112 0.091073 0.242802 0.174464 0.025052 0.032306 0.036043 0.006709 
0.023095 0.266815 0.231532 0.113315 0.094333 0.142784 0.054762 0.026827 0.021958 0.024580 
0.010575 0.176717 0.137687 0.090950 0.119936 0.143348 0.226400 0.051506 0.037580 0.005299 
0.007517 0.179766 0.109158 0.141997 0.086361 0.161344 0.191451 0.049625 0.048204 0.024576 
0.010391 0.170281 0.203110 0.233965 0.100929 0.159620 0.031887 0.042393 0.023165 0.024260 
0.004646 0.186340 0.328031 0.192682 0.052454 0.127772 0.039920 0.017570 0.032837 0.017747 
0.017806 0.198497 0.180387 0.192334 0.075171 0.171956 0.055235 0.034568 0.052088 0.021958 
0.012320 0.159869 0.110348 0.120583 0.132251 0.237108 0.123585 0.032566 0.039902 0.031467 
0.006870 0.217060 0.173550 0.104073 0.093736 0.204117 0.082853 0.028431 0.056016 0.033293 
0.008689 0.239617 0.255228 0.175574 0.047426 0.090056 0.097466 0.026265 0.043917 0.015763 
0.018574 0.231321 0.223520 0.147549 0.055012 0.136372 0.036860 0.037476 0.082723 0.030592 
0.007049 0.222490 0.133257 0.175078 0.069698 0.220171 0.051587 0.028735 0.075126 0.016810 
0.015323 0.192725 0.109553 0.185385 0.139152 0.214733 0.034277 0.029275 0.054814 0.024765 
0.012639 0.249124 0.117557 0.169245 0.170422 0.132161 0.025476 0.026514 0.075392 0.021470 
0.012665 0.178200 0.209970 0.150928 0.167882 0.113440 0.034764 0.039428 0.072350 0.020373 
0.007043 0.194540 0.282644 0.088238 0.206230 0.092515 0.022234 0.026357 0.065362 0.014837 
0.011388 0.144517 0.254494 0.149436 0.166725 0.092634 0.038391 0.037224 0.090595 0.014597 
0.013928 0.135344 0.227804 0.175968 0.154984 0.048322 0.045452 0.064713 0.113607 0.019877 
0.003224 0.098025 0.341294 0.160688 0.128207 0.061392 0.036128 0.064368 0.090008 0.016666 
0.021104 0.181866 0.246854 0.114640 0.131871 0.062801 0.032512 0.041136 0.144969 0.022248 
0.002847 0.121008 0.260979 0.149206 0.138641 0.034251 0.050443 0.048948 0.172592 0.021085 
0.004278 0.078917 0.327545 0.126196 0.090973 0.039707 0.058740 0.099490 0.120280 0.053873 
0.001404 0.083265 0.288579 0.162815 0.096870 0.060179 0.067162 0.040666 0.148336 0.050724 
0.015609 0.103608 0.331351 0.122410 0.070333 0.116224 0.048678 0.071785 0.077156 0.042845 
0.009614 0.122751 0.399216 0.122074 0.031901 0.071533 0.053885 0.069307 0.075212 0.044506 
0.004576 0.054840 0.286090 0.153730 0.057567 0.081216 0.067895 0.068878 0.125541 0.099667 
0.005007 0.070947 0.376555 0.123723 0.068162 0.040659 0.085653 0.061661 0.038175 0.129458 
0.001435 0.038812 0.316587 0.133006 0.089542 0.074063 0.179307 0.039912 0.073407 0.053930 
0.002272 0.155405 0.281269 0.072191 0.068261 0.085772 0.178543 0.052070 0.049856 0.054361 
0.003747 0.089664 0.258047 0.179425 0.150261 0.089936 0.103187 0.054834 0.036376 0.034521 
0.004103 0.051954 0.300081 0.100929 0.237326 0.079044 0.091134 0.042741 0.051834 0.040854 
0.012988 0.079634 0.232726 0.094561 0.097992 0.136330 0.205823 0.063249 0.054221 0.022475 
0.004139 0.067785 0.209862 0.085698 0.065902 0.297499 0.166192 0.073967 0.015352 0.013605 
0.010987 0.068060 0.268580 0.094742 0.269153 0.124536 0.100103 0.034197 0.023888 0.005754 
0.001175 0.118365 0.354502 0.193033 0.101695 0.039758 0.098460 0.031548 0.030172 0.031293 
0.005395 0.143576 0.283893 0.149103 0.043589 0.063378 0.191359 0.048754 0.045552 0.025402 
0.003288 0.137128 0.186431 0.141338 0.138811 0.123642 0.138070 0.045494 0.050489 0.035307 
0.000047 0.065412 0.154077 0.154240 0.126826 0.251655 0.131563 0.037846 0.046883 0.031451 
0.001242 0.086811 0.212034 0.147211 0.165405 0.076933 0.150343 0.072800 0.049370 0.037850 
0.001792 0.179297 0.231739 0.123836 0.094457 0.140047 0.119075 0.035125 0.038679 0.035953 
0.009760 0.189367 0.346246 0.134340 0.049749 0.053013 0.151601 0.032720 0.022975 0.010230 
0.003752 0.107843 0.210239 0.160529 0.144338 0.153025 0.125816 0.042288 0.033248 0.018922 
0.008200 0.066820 0.191998 0.126459 0.099764 0.052219 0.244437 0.131323 0.055048 0.023731 
0.002103 0.109427 0.225034 0.099365 0.093708 0.027430 0.084741 0.151394 0.076454 0.130344 
0.010195 0.105280 0.197120 0.052935 0.111419 0.047348 0.123872 0.105566 0.072670 0.173595 
0.002289 0.131275 0.213000 0.076410 0.135111 0.069856 0.116628 0.027226 0.041521 0.186682 
0.010957 0.175428 0.230300 0.062414 0.124454 0.065717 0.128042 0.035650 0.029667 0.137371 
0.006175 0.122410 0.178820 0.122523 0.200443 0.058089 0.089957 0.015691 0.049871 0.156021 
0.005926 0.166053 0.250618 0.061188 0.157901 0.025034 0.103869 0.020859 0.046083 0.162469 
0.000934 0.171334 0.217472 0.097055 0.098025 0.057771 0.108022 0.042451 0.139695 0.067242 
0.007761 0.110941 0.289178 0.118620 0.129810 0.060132 0.091075 0.024637 0.037917 0.129928 
0.005885 0.079728 0.208259 0.054241 0.205145 0.141094 0.094645 0.044934 0.064631 0.101437 
0.004462 0.075346 0.209915 0.080534 0.208524 0.131561 0.093479 0.043178 0.099973 0.053028 
0.012819 0.154789 0.274862 0.077052 0.124185 0.048729 0.090962 0.029204 0.049529 0.137867 
0.003177 0.190365 0.189417 0.121089 0.089956 0.099963 0.090302 0.034404 0.040492 0.140835 
0.004026 0.062998 0.153205 0.067354 0.197991 0.060675 0.222275 0.046166 0.116693 0.068615 
0.005300 0.076053 0.201957 0.104896 0.210107 0.055025 0.080574 0.035351 0.088635 0.142102 
0.002416 0.168717 0.242957 0.102569 0.146743 0.045308 0.037382 0.024785 0.072585 0.156537 
0.009167 0.194070 0.236583 0.093289 0.093566 0.032082 0.081835 0.023836 0.194314 0.041257 
0.002323 0.136477 0.175874 0.060306 0.208649 0.078878 0.079097 0.024516 0.093784 0.140097 
0.007661 0.111734 0.180233 0.096723 0.201915 0.074568 0.043914 0.036349 0.045743 0.201160 
0.002423 0.131783 0.194506 0.128865 0.111771 0.158371 0.051009 0.020045 0.025950 0.175276 
0.007242 0.122687 0.192182 0.146465 0.065443 0.179153 0.100524 0.046915 0.059484 0.079905 
0.017435 0.121457 0.204712 0.087043 0.055608 0.253960 0.110839 0.034819 0.033510 0.080618 
0.017574 0.168159 0.144057 0.080125 0.152473 0.138133 0.195465 0.036985 0.026547 0.040483 
0.009912 0.114816 0.192364 0.087900 0.073825 0.082644 0.297469 0.047855 0.033732 0.059482 
0.002097 0.106977 0.174024 0.078002 0.114470 0.071612 0.226382 0.053312 0.048500 0.124624 
0.006226 0.098644 0.235069 0.067548 0.150832 0.125638 0.133234 0.071060 0.024046 0.087703 
0.005097 0.108338 0.309274 0.158184 0.125806 0.133287 0.058390 0.024822 0.044293 0.032509 
0.011602 0.152444 0.354604 0.148353 0.039263 0.140202 0.076586 0.024364 0.028065 0.024516 
0.013555 0.127631 0.176346 0.066617 0.103858 0.097889 0.142814 0.101734 0.068503 0.101053 
0.003314 0.130640 0.220068 0.133481 0.084092 0.113044 0.042864 0.116386 0.060403 0.095708 
0.020138 0.207779 0.192517 0.104650 0.134216 0.199930 0.050294 0.030272 0.025334 0.034870 
0.017110 0.220568 0.154229 0.118775 0.175372 0.160568 0.038161 0.022119 0.035095 0.058002 
0.012987 0.215751 0.232922 0.119924 0.045191 0.111642 0.031324 0.024876 0.042846 0.162537 
0.019254 0.191453 0.319229 0.097485 0.037393 0.143221 0.067948 0.029607 0.046745 0.047666 
0.012386 0.102884 0.256007 0.033788 0.060675 0.094414 0.051046 0.081869 0.131159 0.175772 
0.000420 0.104337 0.176752 0.060624 0.048258 0.139689 0.067986 0.030539 0.255250 0.116144 
0.006451 0.100430 0.245380 0.078547 0.061832 0.109362 0.044837 0.134547 0.171788 0.046826 
0.012688 0.183710 0.259389 0.090236 0.108064 0.086365 0.048238 0.019404 0.174334 0.017572 
0.001624 0.260670 0.157601 0.059372 0.109734 0.142647 0.060617 0.014597 0.177162 0.015976 
0.009748 0.169953 0.152017 0.083720 0.258622 0.115727 0.039629 0.024240 0.120355 0.025988 
0.026949 0.237913 0.111741 0.116905 0.156805 0.135184 0.041226 0.009925 0.147572 0.015781 
0.007653 0.136484 0.166053 0.057520 0.231156 0.091810 0.060667 0.056323 0.144071 0.048264 
0.001367 0.056889 0.214460 0.084009 0.156413 0.236460 0.066033 0.037145 0.117418 0.029805 
0.012924 0.155451 0.252788 0.091102 0.218898 0.092874 0.035240 0.029865 0.099837 0.011021 
0.018715 0.176590 0.208637 0.091628 0.171870 0.104516 0.045367 0.052480 0.122395 0.007803 
0.000672 0.076538 0.220764 0.070886 0.158880 0.121728 0.083347 0.088181 0.141737 0.037267 
0.016090 0.145460 0.195805 0.038849 0.139534 0.075795 0.063729 0.157218 0.122291 0.045230 
0.020148 0.091304 0.229211 0.079025 0.113876 0.124833 0.064124 0.106652 0.129802 0.041026 
0.010019 0.180335 0.258850 0.129238 0.123233 0.088942 0.047233 0.035708 0.120104 0.006339 
0.000713 0.092442 0.195265 0.068541 0.150283 0.220127 0.095967 0.020941 0.131319 0.024402 
0.002129 0.089569 0.172889 0.053630 0.110492 0.137856 0.106350 0.150567 0.138627 0.037891 
0.007494 0.144504 0.229877 0.033301 0.107715 0.067282 0.055249 0.201187 0.123185 0.030206 
0.003596 0.157719 0.221379 0.120944 0.085252 0.070140 0.059132 0.098823 0.148349 0.034666 
0.013678 0.177777 0.284943 0.086616 0.097686 0.065193 0.037328 0.033335 0.176306 0.027137 
0.021750 0.162627 0.195885 0.048453 0.135179 0.193924 0.048663 0.023693 0.123406 0.046420 
0.025703 0.147682 0.254364 0.113908 0.095611 0.074636 0.044189 0.026170 0.144936 0.072800 
0.019079 0.132601 0.199956 0.035533 0.154197 0.128493 0.107247 0.032100 0.096777 0.094016 
0.020527 0.110245 0.156207 0.060145 0.123282 0.187407 0.091109 0.084372 0.115372 0.051334 
0.000870 0.109124 0.171300 0.046516 0.111863 0.273243 0.087435 0.053314 0.083889 0.062445 
0.002810 0.126362 0.239968 0.053439 0.111515 0.253067 0.036210 0.048036 0.058568 0.070025 
0.010225 0.079249 0.118491 0.075878 0.119882 0.222938 0.108383 0.034949 0.122104 0.107903 
0.002199 0.128077 0.154643 0.140052 0.195203 0.096428 0.028331 0.012998 0.063545 0.178523 
0.014540 0.119112 0.190860 0.088254 0.213090 0.078492 0.038977 0.017581 0.051389 0.187704 
0.009208 0.198622 0.216592 0.058572 0.224038 0.036762 0.020298 0.017877 0.183221 0.034810 
0.006806 0.164582 0.228802 0.077858 0.145586 0.060366 0.023819 0.017715 0.115304 0.159161 
0.005341 0.154996 0.174695 0.047158 0.216975 0.066981 0.034278 0.023417 0.082740 0.193418 
0.002230 0.182021 0.237840 0.090725 0.127728 0.094563 0.040469 0.021769 0.161044 0.041612 
0.002268 0.109352 0.278553 0.103232 0.127404 0.040259 0.025234 0.021598 0.154182 0.137916 
0.022032 0.145403 0.254081 0.196034 0.118152 0.035189 0.017120 0.012836 0.052901 0.146254 
0.005034 0.104892 0.150277 0.098912 0.431000 0.023355 0.035847 0.021001 0.095769 0.033912 
0.017869 0.113216 0.127331 0.087238 0.272788 0.040376 0.119575 0.021299 0.132837 0.067471 
0.020561 0.093554 0.143691 0.092339 0.152428 0.090224 0.100427 0.112639 0.064248 0.129892 
0.000638 0.122817 0.270169 0.101677 0.155425 0.142899 0.031526 0.118226 0.029565 0.027058 
0.001519 0.207514 0.220478 0.167214 0.055162 0.034449 0.096125 0.158973 0.041031 0.017535 
0.022647 0.112638 0.306350 0.177023 0.042662 0.047725 0.171247 0.078765 0.026950 0.013994 
0.016279 0.106730 0.312999 0.165885 0.025362 0.028720 0.222402 0.065781 0.037283 0.018558 
0.004056 0.138952 0.313408 0.117116 0.053301 0.040781 0.230018 0.069708 0.025352 0.007308 
0.003438 0.065325 0.183393 0.131200 0.318328 0.080627 0.104619 0.047073 0.053133 0.012866 
0.000876 0.067697 0.139337 0.086026 0.177625 0.052599 0.269092 0.064899 0.113524 0.028327 
0.009170 0.084483 0.126457 0.127976 0.056372 0.099668 0.301031 0.089756 0.030079 0.075007 
0.006466 0.070366 0.162612 0.148986 0.071010 0.229117 0.187241 0.049410 0.043311 0.031481 
0.004439 0.071826 0.155796 0.142739 0.131630 0.261052 0.138541 0.048624 0.011368 0.033986 
0.010156 0.090700 0.233327 0.218418 0.124110 0.179576 0.108709 0.010929 0.014082 0.009993 
0.008833 0.147162 0.231760 0.251811 0.079565 0.017979 0.146875 0.069140 0.027789 0.019085 
0.007669 0.108047 0.245125 0.171235 0.128105 0.182281 0.100768 0.021855 0.020600 0.014315 
0.009615 0.101652 0.272053 0.095282 0.194421 0.074745 0.167139 0.034130 0.042886 0.008079 
0.015479 0.173305 0.295763 0.137149 0.063811 0.079218 0.151843 0.032019 0.041013 0.010400 
0.020002 0.177722 0.296629 0.173486 0.039366 0.025142 0.218326 0.028780 0.014310 0.006239 
0.011386 0.169032 0.287484 0.229363 0.092230 0.056062 0.125238 0.011985 0.012057 0.005163 
0.013899 0.103502 0.179911 0.126721 0.053738 0.196021 0.212675 0.039604 0.040915 0.033015 
0.000322 0.086569 0.174567 0.108927 0.099377 0.050186 0.208919 0.180037 0.055568 0.035528 
0.002437 0.150816 0.248833 0.168408 0.025031 0.042917 0.207867 0.071906 0.051246 0.030540 
0.029546 0.267084 0.136901 0.145895 0.055658 0.078281 0.211316 0.032213 0.027257 0.015848 
0.001540 0.164641 0.275238 0.215675 0.019176 0.071143 0.208859 0.023297 0.015040 0.005390 
0.015321 0.083474 0.168902 0.140981 0.095533 0.206191 0.154774 0.037272 0.062156 0.035394 
