breezeblocks, alt-j
0.000000 0.000000 0.000000 0.000000 0.000000 0.000000 0.000000 0.000000 0.000000 0.000000 
0.023256 0.093023 0.116279 0.116279 0.116279 0.093023 0.116279 0.116279 0.116279 0.093023 
0.110069 0.155667 0.188155 0.148789 0.107899 0.085444 0.053553 0.050107 0.059674 0.040643 
0.521366 0.048505 0.068106 0.056195 0.062989 0.041142 0.055478 0.040925 0.061139 0.044156 
0.011010 0.071567 0.187101 0.097621 0.136637 0.067905 0.158722 0.056214 0.093150 0.120072 
0.018160 0.256693 0.187989 0.029038 0.081835 0.259794 0.057574 0.042600 0.021253 0.045065 
0.006583 0.318354 0.096956 0.055361 0.114127 0.265091 0.054267 0.032722 0.011705 0.044833 
0.003255 0.299489 0.131275 0.036079 0.098365 0.284627 0.061265 0.032108 0.010736 0.042801 
0.008544 0.335886 0.104663 0.036711 0.087784 0.263085 0.059336 0.032097 0.020716 0.051178 
0.003573 0.327976 0.105010 0.033132 0.097150 0.272284 0.063120 0.034198 0.018427 0.045130 
0.000210 0.207755 0.083843 0.285827 0.061039 0.189851 0.075578 0.035262 0.023615 0.037021 
0.008047 0.171613 0.082092 0.321790 0.127909 0.140024 0.040037 0.035712 0.034371 0.038404 
0.004062 0.173223 0.076221 0.334186 0.122189 0.193978 0.033346 0.022087 0.021038 0.019670 
0.006309 0.180775 0.086065 0.334913 0.085716 0.183658 0.047013 0.036387 0.019409 0.019755 
0.005547 0.139462 0.196592 0.134290 0.151403 0.087736 0.149182 0.060981 0.051474 0.023332 
0.000804 0.140058 0.186951 0.073473 0.144101 0.099931 0.213113 0.038240 0.089586 0.013742 
0.001177 0.139612 0.192526 0.065229 0.213851 0.093591 0.213357 0.031030 0.037355 0.012270 
0.006011 0.259756 0.213669 0.111279 0.114758 0.152093 0.058815 0.032848 0.032054 0.018719 
0.002796 0.152952 0.242637 0.130923 0.167417 0.101844 0.123577 0.040307 0.021603 0.015944 
0.002507 0.152687 0.331791 0.112103 0.179449 0.080726 0.064569 0.035385 0.017785 0.022998 
0.013122 0.186848 0.332196 0.046009 0.177245 0.102511 0.063779 0.035434 0.018580 0.024276 
0.003073 0.227472 0.239748 0.050220 0.187811 0.144802 0.071151 0.034457 0.018138 0.023128 
0.000443 0.092302 0.134961 0.093893 0.104239 0.174886 0.088927 0.087096 0.181229 0.042024 
0.005137 0.054057 0.217818 0.053610 0.203863 0.106948 0.161785 0.088971 0.080848 0.026964 
0.002367 0.024236 0.154941 0.032774 0.197914 0.136583 0.324640 0.069429 0.033113 0.024003 
0.001166 0.018720 0.213319 0.026671 0.185140 0.058329 0.248934 0.168923 0.044503 0.034295 
0.001967 0.016658 0.326149 0.044858 0.110048 0.058919 0.190516 0.151040 0.044124 0.055721 
0.009780 0.046477 0.343073 0.047195 0.147481 0.067170 0.174766 0.101083 0.029761 0.033212 
0.002705 0.027330 0.391414 0.127295 0.134628 0.029206 0.127313 0.051611 0.059051 0.049448 
0.005162 0.037359 0.385925 0.146983 0.172480 0.024206 0.114538 0.043315 0.043456 0.026576 
0.001015 0.037473 0.544700 0.060860 0.161404 0.035746 0.092350 0.024403 0.027111 0.014938 
0.004401 0.167409 0.358071 0.097462 0.154850 0.053846 0.074067 0.036025 0.033679 0.020190 
0.015347 0.268703 0.360538 0.027516 0.207865 0.024673 0.055857 0.010304 0.023715 0.005483 
0.000285 0.270319 0.324571 0.032720 0.239190 0.036710 0.031440 0.020468 0.040795 0.003504 
0.003615 0.239925 0.362329 0.020882 0.239539 0.020223 0.029506 0.010101 0.069868 0.004011 
0.012189 0.176715 0.256020 0.031125 0.309482 0.030758 0.086486 0.038134 0.051167 0.007924 
0.006663 0.083306 0.230900 0.086351 0.174447 0.022819 0.263802 0.037205 0.079885 0.014621 
0.013709 0.077514 0.184386 0.060839 0.147440 0.046305 0.178602 0.127545 0.137223 0.026437 
0.002661 0.024647 0.167801 0.073209 0.161298 0.087928 0.169943 0.142171 0.145023 0.025319 
0.017469 0.106582 0.142112 0.065032 0.097918 0.082598 0.211312 0.161575 0.081784 0.033617 
0.008994 0.045087 0.099841 0.115218 0.039103 0.124551 0.228417 0.267468 0.039310 0.032010 
0.006566 0.030298 0.090523 0.128952 0.077864 0.153527 0.196933 0.255526 0.035453 0.024359 
0.000048 0.012040 0.108662 0.137243 0.028198 0.211288 0.236163 0.205007 0.031520 0.029832 
0.004380 0.025869 0.127471 0.144210 0.082566 0.221780 0.250508 0.110397 0.018373 0.014446 
0.001908 0.030059 0.163079 0.123202 0.046434 0.107903 0.387655 0.082391 0.033282 0.024088 
0.008001 0.048564 0.164282 0.112198 0.057205 0.152981 0.349553 0.053521 0.037701 0.015994 
0.000683 0.014940 0.205192 0.102760 0.066475 0.128312 0.379823 0.057147 0.027066 0.017602 
0.005696 0.039935 0.180924 0.081494 0.075863 0.109424 0.379757 0.056875 0.043816 0.026217 
0.005795 0.034996 0.187983 0.107479 0.061776 0.101862 0.379087 0.059120 0.042128 0.019776 
0.011500 0.052424 0.167975 0.263138 0.069863 0.087501 0.171241 0.116230 0.033038 0.027088 
0.007508 0.035441 0.198899 0.213102 0.137798 0.054390 0.123335 0.130405 0.061142 0.037979 
0.009746 0.050225 0.243204 0.162106 0.132299 0.048068 0.166960 0.077429 0.081166 0.028797 
0.012161 0.051207 0.281978 0.164053 0.141292 0.086131 0.153552 0.053499 0.041268 0.014859 
0.001284 0.017984 0.284902 0.094329 0.149330 0.046168 0.260581 0.038683 0.091017 0.015721 
0.003050 0.016014 0.299363 0.053692 0.152429 0.044002 0.277290 0.045659 0.101390 0.007112 
0.002298 0.038633 0.286937 0.077721 0.186515 0.031111 0.275393 0.019462 0.070687 0.011243 
0.005135 0.030556 0.250206 0.061223 0.140702 0.117202 0.134829 0.063643 0.133360 0.063144 
0.000911 0.090499 0.177805 0.029453 0.207530 0.088912 0.258163 0.073915 0.044787 0.028023 
0.000496 0.026499 0.164616 0.035328 0.182821 0.107285 0.320565 0.112009 0.021017 0.029365 
0.006131 0.028011 0.175600 0.028873 0.257950 0.092005 0.293585 0.053420 0.038106 0.026319 
0.007224 0.030117 0.247600 0.095453 0.309204 0.057056 0.173134 0.042758 0.020366 0.017088 
0.013871 0.048644 0.299567 0.077586 0.243754 0.052739 0.195622 0.040678 0.010138 0.017401 
0.001838 0.007936 0.154603 0.030172 0.143332 0.103302 0.326079 0.168474 0.029637 0.034627 
0.004404 0.021407 0.182898 0.034571 0.150641 0.077029 0.295150 0.161324 0.039861 0.032715 
0.000396 0.013654 0.234944 0.053249 0.210379 0.063696 0.295198 0.070531 0.037234 0.020718 
0.008223 0.151456 0.304313 0.153179 0.096939 0.038665 0.109668 0.082725 0.038023 0.016809 
0.011625 0.059795 0.285862 0.136801 0.091759 0.014874 0.204139 0.075959 0.091077 0.028109 
0.002641 0.010455 0.260368 0.017913 0.139683 0.024722 0.356024 0.029112 0.144029 0.015053 
0.004326 0.021082 0.190434 0.038900 0.170415 0.039550 0.371479 0.055696 0.087571 0.020546 
0.011545 0.078184 0.164891 0.072406 0.238174 0.039578 0.260073 0.081979 0.036325 0.016845 
0.000473 0.009590 0.132200 0.030385 0.196884 0.097536 0.347464 0.121032 0.033539 0.030898 
0.006809 0.031656 0.159403 0.090030 0.135489 0.081077 0.303473 0.116406 0.047855 0.027802 
0.001546 0.029329 0.210434 0.143984 0.233674 0.149045 0.123280 0.054737 0.034441 0.019529 
0.004260 0.027609 0.193760 0.173738 0.121909 0.063295 0.200171 0.109462 0.077920 0.027875 
0.009337 0.165398 0.122781 0.067612 0.110989 0.044804 0.198269 0.095723 0.158395 0.026692 
0.024704 0.219990 0.104824 0.026070 0.119405 0.024691 0.102485 0.043015 0.294651 0.040165 
0.022483 0.237247 0.122417 0.104072 0.105344 0.030425 0.119337 0.086473 0.128750 0.043452 
0.003141 0.160995 0.123679 0.121186 0.128885 0.074310 0.093745 0.104340 0.115444 0.074275 
0.012788 0.179839 0.128012 0.179645 0.051823 0.185137 0.094629 0.085137 0.026032 0.056959 
0.021599 0.205662 0.061683 0.226720 0.066323 0.096081 0.196114 0.027600 0.082923 0.015293 
0.024129 0.212285 0.065767 0.269991 0.054684 0.062481 0.194745 0.022576 0.069748 0.023595 
0.017403 0.303381 0.143443 0.195498 0.079872 0.040285 0.148227 0.031766 0.024645 0.015480 
0.007898 0.334451 0.155822 0.112625 0.056010 0.046219 0.211857 0.024260 0.040525 0.010333 
0.010661 0.139031 0.061290 0.150034 0.072982 0.180104 0.109975 0.200083 0.038739 0.037100 
0.011351 0.136850 0.099396 0.091245 0.087955 0.065036 0.083756 0.264785 0.080394 0.079232 
0.001843 0.115081 0.082244 0.117042 0.130539 0.056908 0.077922 0.234569 0.101690 0.082160 
0.006132 0.133696 0.091956 0.114878 0.227926 0.087460 0.152972 0.124442 0.046142 0.014397 
0.012071 0.163513 0.154568 0.072458 0.300605 0.029593 0.126137 0.066235 0.054988 0.019832 
0.013325 0.135622 0.123594 0.058469 0.357381 0.077114 0.134733 0.043889 0.033320 0.022551 
0.017191 0.200172 0.153244 0.082619 0.307350 0.079074 0.104348 0.018942 0.026288 0.010770 
0.000847 0.293828 0.149721 0.076184 0.122848 0.067040 0.185917 0.037083 0.039791 0.026743 
0.010271 0.135083 0.100130 0.092724 0.134596 0.079981 0.274765 0.065302 0.065745 0.041403 
0.006914 0.074967 0.107192 0.033410 0.112939 0.054124 0.248239 0.257106 0.057910 0.047200 
0.007071 0.056603 0.112654 0.042053 0.122185 0.081164 0.267740 0.213384 0.058530 0.038615 
0.002387 0.054425 0.133272 0.048038 0.114357 0.109985 0.329551 0.136596 0.028135 0.043255 
0.002327 0.030489 0.160480 0.043862 0.165019 0.063532 0.373123 0.078295 0.052720 0.030155 
0.013983 0.065826 0.280207 0.082235 0.239375 0.044939 0.194554 0.043780 0.017877 0.017223 
0.004665 0.040530 0.332351 0.147950 0.222867 0.035695 0.143744 0.037426 0.019513 0.015258 
0.011448 0.055062 0.144405 0.270892 0.175412 0.065528 0.177656 0.074601 0.014661 0.010335 
0.034879 0.308705 0.326531 0.095115 0.077965 0.050829 0.048310 0.017744 0.031261 0.008662 
0.003635 0.067295 0.328231 0.124352 0.290278 0.062004 0.077806 0.013313 0.024865 0.008220 
0.000004 0.014178 0.370488 0.133742 0.272364 0.047946 0.060671 0.042128 0.041955 0.016525 
0.011838 0.057249 0.354729 0.178992 0.253884 0.057429 0.040110 0.016267 0.022513 0.006988 
0.000641 0.016604 0.409857 0.123890 0.345119 0.039841 0.024666 0.011047 0.022978 0.005358 
0.008531 0.038168 0.438300 0.074753 0.234496 0.072201 0.054049 0.027442 0.033582 0.018479 
0.004965 0.036424 0.245388 0.104983 0.453429 0.022070 0.079101 0.017123 0.029246 0.007271 
0.005884 0.053306 0.158199 0.076592 0.476880 0.054954 0.068065 0.033606 0.049106 0.023408 
0.003938 0.014386 0.187638 0.067715 0.584597 0.052782 0.040668 0.022933 0.017908 0.007435 
0.007146 0.093537 0.218771 0.082119 0.419123 0.080227 0.033537 0.023669 0.029445 0.012426 
0.014099 0.206535 0.133482 0.088907 0.333555 0.072886 0.067934 0.034205 0.034707 0.013690 
0.000969 0.258490 0.187183 0.079100 0.218736 0.035235 0.107966 0.047412 0.046590 0.018319 
0.019695 0.353713 0.175764 0.051158 0.123773 0.024503 0.118218 0.062474 0.052151 0.018548 
0.040784 0.391730 0.180621 0.038938 0.078866 0.044482 0.120913 0.044827 0.042354 0.016486 
0.027613 0.238443 0.148320 0.167809 0.083582 0.167422 0.106454 0.025237 0.027726 0.007392 
0.000417 0.130939 0.158942 0.125034 0.068074 0.064206 0.284408 0.092331 0.037506 0.038145 
0.017796 0.157517 0.173763 0.112122 0.063483 0.099418 0.199057 0.118228 0.024589 0.034027 
0.022283 0.171808 0.173717 0.111282 0.087852 0.100663 0.198896 0.076530 0.040168 0.016802 
0.031215 0.271532 0.158022 0.089666 0.091801 0.131309 0.123274 0.065387 0.027461 0.010335 
0.028697 0.358808 0.142070 0.097902 0.072753 0.027106 0.125348 0.072867 0.055994 0.018454 
0.000335 0.378710 0.175108 0.078136 0.068815 0.031580 0.120055 0.075322 0.051093 0.020845 
0.038848 0.438210 0.127288 0.073463 0.065054 0.024867 0.125816 0.044963 0.047632 0.013858 
0.052297 0.477895 0.087603 0.071400 0.052017 0.041811 0.116553 0.048254 0.042960 0.009209 
0.024881 0.423030 0.128359 0.094177 0.073990 0.023853 0.124797 0.045503 0.045873 0.015538 
0.006820 0.372353 0.196144 0.102453 0.068583 0.023114 0.108312 0.058891 0.044816 0.018514 
0.034830 0.419572 0.136606 0.105447 0.056951 0.024172 0.108350 0.049593 0.045553 0.018925 
0.055271 0.421647 0.196624 0.095928 0.077854 0.025592 0.054553 0.023442 0.042003 0.007085 
0.061262 0.545757 0.135541 0.089104 0.046038 0.023677 0.036016 0.020821 0.034710 0.007072 
0.040021 0.486840 0.143489 0.105863 0.052563 0.037734 0.049690 0.034379 0.037816 0.011606 
0.008112 0.381648 0.232895 0.121639 0.071072 0.037629 0.062787 0.034844 0.034657 0.014717 
0.004286 0.334409 0.298103 0.118684 0.086706 0.041656 0.027282 0.020787 0.040908 0.027181 
0.021338 0.406038 0.255633 0.099998 0.063233 0.054839 0.044579 0.026542 0.022252 0.005548 
0.014348 0.405223 0.202511 0.110876 0.086416 0.058282 0.055673 0.024082 0.027486 0.015103 
0.018405 0.403860 0.207294 0.117231 0.069660 0.075735 0.033072 0.027139 0.031526 0.016076 
0.034591 0.430303 0.230856 0.086708 0.056363 0.073778 0.029185 0.023098 0.025998 0.009121 
0.034877 0.256253 0.361568 0.144175 0.039169 0.064001 0.033871 0.026400 0.028339 0.011348 
0.042344 0.479767 0.137373 0.142454 0.033465 0.050777 0.040517 0.023752 0.040090 0.009460 
0.040145 0.461157 0.120132 0.148663 0.054243 0.045470 0.031621 0.033931 0.051472 0.013165 
0.009290 0.410851 0.208363 0.146715 0.042065 0.032928 0.040118 0.041695 0.050087 0.017889 
0.002493 0.376185 0.205183 0.170875 0.043430 0.049098 0.047449 0.032455 0.048436 0.024396 
0.040285 0.555727 0.110158 0.136661 0.030319 0.022814 0.033154 0.033229 0.024769 0.012885 
0.060367 0.575334 0.121471 0.130376 0.021393 0.028108 0.016637 0.023619 0.019590 0.003104 
0.031108 0.465648 0.194677 0.134361 0.041130 0.040922 0.039324 0.025048 0.016126 0.011655 
0.009299 0.427212 0.233905 0.169326 0.047234 0.031432 0.018373 0.031046 0.019845 0.012327 
0.008989 0.310884 0.214944 0.074031 0.056724 0.178020 0.047270 0.046716 0.034584 0.027838 
0.004688 0.360677 0.174849 0.051148 0.079517 0.196311 0.038098 0.026571 0.037726 0.030416 
0.001457 0.333236 0.196103 0.053175 0.083337 0.201649 0.033866 0.029822 0.036548 0.030807 
0.011476 0.372951 0.175846 0.027260 0.066673 0.205143 0.041849 0.027456 0.037672 0.033674 
0.004753 0.364925 0.179241 0.047791 0.074627 0.209085 0.040614 0.026664 0.022386 0.029912 
0.006845 0.385274 0.174915 0.021470 0.064130 0.207698 0.050025 0.035372 0.023857 0.030414 
0.006399 0.380737 0.170486 0.045637 0.068755 0.216131 0.040690 0.023537 0.017066 0.030563 
0.003815 0.385951 0.159533 0.031881 0.066062 0.220777 0.056196 0.030933 0.018388 0.026463 
0.009040 0.395874 0.156883 0.053521 0.087835 0.201161 0.034574 0.022631 0.011348 0.027132 
0.010081 0.248836 0.159597 0.217683 0.060122 0.185108 0.036476 0.029131 0.026649 0.026317 
0.000397 0.147644 0.160775 0.049365 0.250178 0.110189 0.208992 0.022883 0.037421 0.012155 
0.000563 0.135263 0.088946 0.097362 0.170044 0.081428 0.149202 0.192561 0.049020 0.035611 
0.004651 0.141564 0.089117 0.127963 0.196765 0.188080 0.048328 0.157786 0.014009 0.031736 
0.009291 0.259684 0.133904 0.205635 0.049169 0.140428 0.081522 0.076601 0.028270 0.015495 
0.000150 0.135824 0.126064 0.046213 0.260437 0.101236 0.236166 0.046916 0.031206 0.015787 
0.006568 0.135761 0.155812 0.047367 0.196140 0.065550 0.287769 0.056213 0.028177 0.020642 
0.007928 0.148408 0.160172 0.049997 0.212016 0.085700 0.211402 0.063533 0.045365 0.015480 
0.017948 0.130156 0.334965 0.073155 0.170212 0.025057 0.113211 0.073838 0.048175 0.013284 
0.012755 0.074906 0.239383 0.064576 0.306955 0.085414 0.139733 0.047392 0.024054 0.004832 
0.000731 0.020380 0.247680 0.047365 0.281985 0.072657 0.183171 0.082448 0.033031 0.030552 
0.000354 0.027338 0.409964 0.017339 0.223622 0.042018 0.135700 0.105166 0.013582 0.024915 
0.000159 0.021184 0.372248 0.095571 0.222867 0.024250 0.134603 0.056947 0.042068 0.030103 
0.008727 0.044402 0.454637 0.115884 0.192262 0.025116 0.095522 0.034478 0.010273 0.018698 
0.004504 0.023921 0.481881 0.063182 0.205462 0.026021 0.107855 0.046912 0.012840 0.027423 
0.005461 0.030472 0.544933 0.094786 0.158403 0.028871 0.070385 0.031152 0.009735 0.025803 
0.009389 0.176532 0.352768 0.133988 0.136469 0.049986 0.057182 0.041086 0.019653 0.022948 
0.022469 0.289086 0.305260 0.037194 0.116654 0.012840 0.103347 0.024032 0.069228 0.019889 
0.004743 0.222124 0.167420 0.055840 0.102784 0.036347 0.136427 0.083156 0.180586 0.010573 
0.003429 0.213656 0.197109 0.043469 0.110853 0.029325 0.193392 0.060104 0.129108 0.019554 
0.008737 0.319380 0.274127 0.075753 0.093115 0.059950 0.036696 0.042733 0.055235 0.034275 
0.026926 0.265412 0.335655 0.037568 0.085886 0.057130 0.057113 0.036417 0.074521 0.023371 
0.011714 0.103661 0.225346 0.246314 0.116087 0.128297 0.026670 0.039077 0.075858 0.026976 
0.003214 0.046559 0.159901 0.221989 0.117765 0.254220 0.032260 0.034939 0.108602 0.020551 
0.002828 0.016765 0.209017 0.244264 0.099951 0.278999 0.049322 0.042748 0.034756 0.021350 
0.007998 0.100252 0.186809 0.243388 0.085597 0.281657 0.025871 0.034009 0.017211 0.017209 
0.001790 0.028426 0.141092 0.261193 0.057459 0.309262 0.061946 0.059670 0.045362 0.033800 
0.004853 0.023098 0.112747 0.249724 0.110852 0.326962 0.057433 0.073317 0.022846 0.018167 
0.001135 0.008384 0.158259 0.402548 0.130752 0.210115 0.028274 0.038659 0.012555 0.009319 
0.005911 0.023203 0.316148 0.395105 0.035839 0.121960 0.041421 0.031963 0.016109 0.012340 
0.010030 0.048389 0.288032 0.390960 0.079033 0.068322 0.041277 0.046592 0.015427 0.011937 
0.000363 0.009854 0.118151 0.528513 0.101588 0.046002 0.136255 0.024260 0.021893 0.013120 
0.007491 0.038382 0.140024 0.452196 0.076644 0.034762 0.154564 0.046674 0.027172 0.022092 
0.007382 0.038884 0.145342 0.566383 0.044374 0.043614 0.088418 0.021692 0.034959 0.008952 
0.008148 0.040363 0.128814 0.523872 0.054185 0.105024 0.045207 0.043365 0.045066 0.005955 
0.003944 0.027838 0.147899 0.443009 0.072339 0.151182 0.042929 0.062266 0.020429 0.028165 
0.005686 0.022567 0.131024 0.424240 0.079894 0.177325 0.027045 0.072501 0.020459 0.039258 
0.003390 0.013014 0.132351 0.453515 0.060072 0.202988 0.025348 0.055051 0.007020 0.047251 
0.011562 0.049478 0.215375 0.220367 0.190383 0.139389 0.038004 0.070182 0.026982 0.038278 
0.005889 0.031256 0.257700 0.199484 0.200792 0.058374 0.166824 0.012428 0.051081 0.016170 
0.007823 0.036258 0.231209 0.172225 0.146642 0.039188 0.180926 0.066917 0.108974 0.009839 
0.004361 0.022707 0.249316 0.127108 0.191388 0.042657 0.197664 0.048311 0.102728 0.013760 
0.014653 0.061425 0.292004 0.158812 0.198429 0.069175 0.083101 0.035120 0.050065 0.037216 
0.002683 0.034991 0.210748 0.111280 0.204287 0.085432 0.230737 0.058643 0.043780 0.017420 
0.000834 0.030315 0.282479 0.040391 0.145393 0.009242 0.258318 0.183473 0.021233 0.028322 
0.005287 0.030993 0.365190 0.027949 0.122373 0.021996 0.176357 0.207641 0.018780 0.023434 
0.007594 0.033115 0.367984 0.078935 0.124250 0.025652 0.140026 0.137416 0.053134 0.031895 
0.005822 0.043129 0.434609 0.054429 0.138248 0.039068 0.105378 0.125793 0.038139 0.015384 
0.003741 0.020815 0.525985 0.070199 0.112561 0.059236 0.063219 0.087713 0.033517 0.023014 
0.011746 0.058527 0.535010 0.158815 0.079885 0.032040 0.043372 0.039236 0.021076 0.020294 
0.002383 0.025627 0.489722 0.204313 0.162041 0.027245 0.030862 0.024019 0.022298 0.011491 
0.002736 0.108826 0.507216 0.138662 0.109301 0.018290 0.050040 0.019996 0.024440 0.020492 
0.005081 0.026671 0.398111 0.131639 0.173400 0.024978 0.105898 0.027755 0.089129 0.017338 
0.004363 0.021721 0.276042 0.067525 0.142247 0.052031 0.200938 0.052811 0.154301 0.028020 
0.002650 0.015754 0.228879 0.074196 0.105605 0.050253 0.187737 0.086092 0.217524 0.031309 
0.001826 0.027368 0.209388 0.080776 0.092651 0.042808 0.220782 0.089195 0.203576 0.031629 
0.008756 0.041385 0.166002 0.061827 0.118102 0.087243 0.235070 0.154694 0.096660 0.030261 
0.004526 0.024093 0.170292 0.064946 0.119824 0.032757 0.298626 0.214042 0.043870 0.027024 
0.001443 0.029269 0.172210 0.078058 0.267623 0.070304 0.278874 0.039957 0.043031 0.019231 
0.009176 0.061079 0.206910 0.084439 0.051455 0.054031 0.229274 0.181675 0.076517 0.045444 
0.007027 0.199930 0.127587 0.171484 0.096789 0.163313 0.151138 0.039459 0.027365 0.015907 
0.019094 0.189492 0.097602 0.117779 0.129101 0.171681 0.175671 0.064107 0.023515 0.011958 
0.023170 0.282604 0.140007 0.081117 0.088835 0.028863 0.217348 0.067654 0.046887 0.023514 
0.013018 0.273026 0.155823 0.041706 0.042397 0.070737 0.249514 0.087083 0.049796 0.016899 
0.013729 0.283872 0.151204 0.079365 0.039126 0.039961 0.248357 0.083390 0.044436 0.016562 
0.026617 0.233144 0.059269 0.212253 0.056348 0.052839 0.286231 0.028087 0.035114 0.010099 
0.019752 0.169053 0.039311 0.218469 0.061673 0.075336 0.313794 0.023891 0.057752 0.020970 
0.008947 0.183002 0.063959 0.220802 0.039556 0.037928 0.280998 0.067162 0.076526 0.021120 
0.004892 0.157602 0.092074 0.221614 0.050267 0.113240 0.212391 0.071169 0.060181 0.016570 
0.019309 0.220836 0.068582 0.214226 0.039515 0.029174 0.310701 0.046051 0.042816 0.008791 
0.021698 0.202946 0.055096 0.243294 0.051690 0.068289 0.264496 0.032791 0.042937 0.016763 
0.017122 0.211678 0.075098 0.247631 0.043679 0.016805 0.285205 0.048012 0.042379 0.012391 
0.003153 0.173949 0.086795 0.298746 0.054491 0.042360 0.247941 0.048523 0.035426 0.008616 
0.018112 0.222923 0.081315 0.270062 0.052433 0.081927 0.177965 0.054845 0.024671 0.015747 
0.012807 0.115575 0.107798 0.102051 0.213726 0.126626 0.199056 0.081673 0.029238 0.011450 
0.021150 0.198562 0.210751 0.122737 0.151682 0.077131 0.153093 0.032047 0.024061 0.008786 
0.005251 0.094802 0.106737 0.072965 0.325621 0.086033 0.141676 0.044466 0.068101 0.054348 
0.001958 0.065711 0.140690 0.056513 0.320022 0.107741 0.175779 0.032790 0.073591 0.025206 
0.004146 0.081550 0.151685 0.043222 0.166579 0.067678 0.280393 0.146857 0.030065 0.027824 
0.003822 0.047217 0.145640 0.030277 0.121660 0.079773 0.296443 0.216238 0.037793 0.021135 
0.004812 0.031413 0.233478 0.041537 0.121812 0.074139 0.272027 0.139622 0.064428 0.016731 
0.008455 0.051532 0.256505 0.154609 0.170159 0.081244 0.124995 0.091744 0.038530 0.022228 
0.003993 0.018824 0.175891 0.078276 0.169532 0.063335 0.342345 0.085551 0.035911 0.026342 
0.010174 0.051548 0.324732 0.089547 0.182925 0.112846 0.130017 0.061124 0.023389 0.013697 
0.009311 0.046625 0.226055 0.060050 0.153808 0.068529 0.304684 0.066347 0.040667 0.023923 
0.013094 0.164665 0.251763 0.110451 0.093193 0.067093 0.196534 0.048633 0.045279 0.009294 
0.004174 0.033983 0.303818 0.050422 0.141713 0.073806 0.153711 0.156617 0.042974 0.038781 
0.008856 0.039462 0.402515 0.077874 0.163520 0.056565 0.108711 0.075471 0.041233 0.025793 
0.010009 0.048886 0.448758 0.113282 0.168957 0.027800 0.095866 0.033502 0.020342 0.032596 
0.006618 0.035253 0.229308 0.064095 0.163311 0.052116 0.214707 0.042298 0.162913 0.029381 
0.000338 0.007372 0.185713 0.049348 0.085368 0.038735 0.208492 0.030397 0.342500 0.051736 
0.001369 0.010644 0.184348 0.056881 0.111725 0.032183 0.261729 0.035948 0.249575 0.055598 
0.007888 0.138365 0.266296 0.075461 0.075630 0.024788 0.171161 0.026573 0.178324 0.035513 
0.015440 0.124897 0.234644 0.093890 0.068436 0.039554 0.181712 0.046157 0.176641 0.018628 
0.002319 0.098542 0.135859 0.076675 0.172399 0.059284 0.270187 0.062647 0.031401 0.090687 
0.006434 0.148180 0.156849 0.040838 0.191243 0.068130 0.213053 0.054249 0.029811 0.091213 
0.001238 0.166457 0.276367 0.050944 0.193973 0.029038 0.161021 0.053117 0.026549 0.041295 
0.023680 0.230834 0.226371 0.064928 0.204646 0.035928 0.133280 0.028491 0.031233 0.020609 
0.029256 0.238482 0.211401 0.106616 0.141778 0.075048 0.105972 0.036635 0.039413 0.015399 
0.017975 0.311301 0.139169 0.215121 0.104081 0.061073 0.059089 0.035530 0.033267 0.023394 
0.010705 0.397505 0.199266 0.146330 0.069655 0.049131 0.049532 0.026752 0.032477 0.018648 
0.046680 0.469763 0.142594 0.109543 0.079155 0.038255 0.061014 0.020251 0.020349 0.012397 
0.023333 0.168813 0.139552 0.066499 0.082739 0.142962 0.171279 0.150609 0.036425 0.017788 
0.014039 0.133669 0.167677 0.110951 0.041144 0.127364 0.217354 0.093430 0.065777 0.028594 
0.003960 0.113443 0.183720 0.117817 0.062393 0.166832 0.214887 0.055203 0.054511 0.027234 
0.020972 0.176781 0.237361 0.121181 0.030879 0.121245 0.178053 0.058437 0.038911 0.016179 
0.020735 0.263704 0.305266 0.139279 0.073789 0.047322 0.094083 0.015174 0.030917 0.009730 
0.013675 0.305847 0.289168 0.188049 0.038752 0.040626 0.058825 0.020224 0.033780 0.011055 
0.001489 0.328162 0.349592 0.149346 0.035282 0.027718 0.050217 0.016528 0.026510 0.015158 
0.030028 0.396205 0.276919 0.145542 0.044703 0.025136 0.031286 0.023884 0.018467 0.007830 
0.057900 0.450855 0.110029 0.161957 0.051653 0.045617 0.042380 0.020857 0.034537 0.024215 
0.024153 0.196160 0.128279 0.147946 0.082455 0.093574 0.156469 0.089929 0.046724 0.034311 
0.020345 0.184868 0.099029 0.174637 0.056119 0.064996 0.162131 0.053002 0.076749 0.108123 
0.010788 0.164049 0.147515 0.178857 0.043792 0.090506 0.128048 0.052814 0.096896 0.086737 
0.004774 0.205692 0.150420 0.146767 0.045511 0.070392 0.092217 0.094220 0.080611 0.109396 
0.002206 0.144893 0.238059 0.114949 0.070243 0.048667 0.123170 0.100643 0.075908 0.081262 
0.001273 0.081184 0.163976 0.208769 0.060702 0.016248 0.170028 0.041133 0.117564 0.139122 
0.014273 0.161435 0.107776 0.190616 0.063963 0.042058 0.084709 0.066879 0.099456 0.168834 
0.015817 0.176021 0.136775 0.171291 0.068044 0.043152 0.058374 0.068326 0.158358 0.103842 
0.005601 0.132431 0.154544 0.107174 0.092910 0.095733 0.147326 0.093418 0.076375 0.094488 
0.016983 0.107434 0.107154 0.175804 0.066322 0.055283 0.160613 0.040867 0.125223 0.144318 
0.026515 0.255830 0.099776 0.161846 0.060270 0.039612 0.133096 0.035764 0.064956 0.122335 
0.024186 0.274358 0.106924 0.101285 0.044162 0.060843 0.098587 0.038806 0.123029 0.127820 
0.001812 0.147578 0.084242 0.159860 0.056913 0.097552 0.231312 0.076949 0.079283 0.064501 
0.004000 0.102456 0.073402 0.215782 0.055974 0.099752 0.130501 0.082404 0.090846 0.144883 
0.001088 0.087765 0.160296 0.182177 0.058004 0.082982 0.113237 0.053899 0.123507 0.137045 
0.005956 0.187379 0.143774 0.147639 0.053603 0.074484 0.081957 0.037854 0.120534 0.146819 
0.025334 0.215824 0.075042 0.120340 0.033498 0.037386 0.107885 0.070751 0.124826 0.189114 
0.000110 0.455491 0.243243 0.074697 0.071334 0.046101 0.030678 0.024225 0.027924 0.026198 
0.038943 0.439946 0.203169 0.037115 0.052600 0.109743 0.027299 0.029806 0.023485 0.037893 
0.025566 0.355265 0.207485 0.060491 0.049275 0.155973 0.044846 0.031917 0.025721 0.043462 
0.008923 0.315886 0.229668 0.039356 0.043594 0.156444 0.056988 0.030998 0.042771 0.075373 
0.000751 0.214233 0.235264 0.048361 0.060598 0.218219 0.061061 0.039877 0.034994 0.086642 
0.007603 0.251655 0.208070 0.032030 0.070478 0.236141 0.067814 0.045602 0.020752 0.059855 
0.005856 0.250332 0.228059 0.038973 0.072264 0.207081 0.049478 0.023631 0.018080 0.106246 
0.003322 0.253969 0.178583 0.059432 0.088306 0.205617 0.040049 0.030321 0.034742 0.105660 
0.001694 0.268082 0.224353 0.072354 0.103446 0.195466 0.038226 0.029908 0.025727 0.040745 
0.000320 0.140665 0.098407 0.277633 0.145480 0.077049 0.118710 0.041799 0.032722 0.067216 
0.002826 0.126243 0.090876 0.274449 0.068293 0.074240 0.153229 0.095812 0.023259 0.090772 
0.004483 0.145307 0.108343 0.255289 0.046249 0.093306 0.187071 0.053027 0.013067 0.093858 
0.008373 0.131170 0.091559 0.326551 0.089806 0.077454 0.118483 0.060258 0.033643 0.062704 
0.008259 0.152590 0.117129 0.340346 0.112741 0.093416 0.083220 0.031861 0.029263 0.031175 
0.010550 0.123804 0.115781 0.254728 0.038945 0.066943 0.256580 0.049896 0.050640 0.032132 
0.000835 0.132041 0.108600 0.165345 0.023982 0.109217 0.310691 0.036261 0.061246 0.051781 
0.005316 0.133053 0.108005 0.245915 0.050568 0.238963 0.084957 0.014765 0.089521 0.028937 
0.005747 0.042662 0.273614 0.269346 0.085309 0.072535 0.085590 0.088391 0.045977 0.030829 
0.005927 0.054394 0.244990 0.192586 0.106940 0.078947 0.138999 0.074116 0.062772 0.040328 
0.007550 0.048542 0.143761 0.184041 0.147378 0.037130 0.137933 0.087774 0.151224 0.054668 
0.000772 0.022681 0.127429 0.233495 0.130096 0.037520 0.140928 0.090966 0.155440 0.060674 
0.002019 0.025128 0.156005 0.143329 0.112091 0.040815 0.106608 0.078641 0.256173 0.079192 
0.003841 0.034296 0.137021 0.101133 0.132748 0.041931 0.106154 0.068147 0.297493 0.077237 
0.004010 0.032273 0.113893 0.037322 0.115696 0.023738 0.116662 0.082122 0.381226 0.093056 
0.005657 0.038780 0.114264 0.061060 0.157102 0.026501 0.149760 0.041979 0.345693 0.059205 
0.003416 0.030209 0.063400 0.068920 0.145186 0.038844 0.261687 0.193826 0.158157 0.036356 
0.015059 0.424091 0.240030 0.073368 0.079739 0.047330 0.030059 0.056244 0.017362 0.016718 
0.025289 0.317795 0.238537 0.043972 0.074883 0.088392 0.024143 0.102944 0.026558 0.057487 
0.002774 0.268997 0.207572 0.072080 0.048659 0.101863 0.050865 0.104620 0.031242 0.111328 
0.022160 0.247642 0.213581 0.075923 0.076960 0.129106 0.064996 0.052875 0.043354 0.073404 
0.015720 0.143458 0.183093 0.043029 0.181693 0.142974 0.116473 0.044735 0.046604 0.082221 
0.004038 0.050625 0.295850 0.081055 0.144954 0.170087 0.097306 0.048486 0.070798 0.036801 
0.000721 0.044283 0.141446 0.107965 0.214156 0.201596 0.079307 0.053977 0.120331 0.036218 
0.000570 0.035833 0.134363 0.108745 0.155445 0.223095 0.093743 0.058156 0.092893 0.097156 
0.036707 0.116825 0.236073 0.138042 0.111333 0.076187 0.119198 0.072458 0.049289 0.043887 
0.017823 0.433345 0.212333 0.074562 0.047204 0.019805 0.091327 0.011507 0.069172 0.022922 
0.023597 0.223659 0.182343 0.101689 0.080159 0.039490 0.173495 0.020907 0.140769 0.013893 
0.007364 0.108897 0.121473 0.093850 0.090839 0.064998 0.191426 0.020064 0.261957 0.039133 
0.002610 0.055278 0.162823 0.105577 0.158208 0.128850 0.269385 0.027994 0.057971 0.031304 
0.001053 0.034664 0.116596 0.073681 0.115453 0.064745 0.282464 0.153486 0.090404 0.067454 
0.002925 0.025541 0.130057 0.088396 0.104941 0.041420 0.263316 0.204604 0.044252 0.094549 
0.001493 0.031210 0.163868 0.121915 0.144343 0.035224 0.177891 0.118716 0.083991 0.121350 
0.003515 0.034020 0.144564 0.118434 0.225535 0.047548 0.261929 0.084594 0.047656 0.032207 
0.003000 0.016088 0.114230 0.066692 0.089180 0.032996 0.298037 0.074185 0.254124 0.051469 
0.005001 0.022915 0.093207 0.068113 0.076020 0.046059 0.169321 0.077101 0.378747 0.063516 
0.001833 0.018289 0.156189 0.095967 0.087791 0.032448 0.214657 0.043206 0.317466 0.032153 
0.000773 0.014189 0.130659 0.097551 0.106095 0.041488 0.258088 0.077010 0.228004 0.046144 
0.004360 0.025194 0.170797 0.136235 0.142687 0.040926 0.299278 0.066113 0.103396 0.011014 
0.003866 0.021805 0.219666 0.131188 0.182509 0.035347 0.176755 0.076972 0.094842 0.057050 
0.007257 0.035249 0.238464 0.100093 0.188284 0.074253 0.199212 0.066485 0.030194 0.060510 
0.006357 0.025709 0.276217 0.104007 0.206812 0.065550 0.137853 0.073596 0.033703 0.070197 
0.000450 0.026907 0.295118 0.161832 0.205395 0.143506 0.098845 0.033535 0.019158 0.015252 
0.004703 0.018854 0.279039 0.263843 0.086647 0.051743 0.115231 0.061693 0.063124 0.055122 
0.002246 0.049878 0.161904 0.142693 0.128278 0.045750 0.144150 0.043171 0.208515 0.073414 
0.008259 0.033553 0.150074 0.114073 0.108249 0.026576 0.143062 0.066146 0.316863 0.033144 
0.004952 0.028045 0.085125 0.078238 0.083227 0.017277 0.195321 0.095495 0.366122 0.046199 
0.001363 0.010243 0.084783 0.068591 0.070346 0.027016 0.228328 0.092085 0.370686 0.046560 
0.001765 0.028983 0.088996 0.018211 0.125573 0.022713 0.289923 0.039974 0.361308 0.022553 
0.000619 0.026804 0.089978 0.034908 0.129725 0.077460 0.364386 0.110524 0.142483 0.023113 
0.008696 0.036139 0.139234 0.043029 0.205444 0.067724 0.330599 0.040629 0.101010 0.027497 
0.004315 0.258661 0.341291 0.095037 0.114728 0.037418 0.047752 0.056264 0.031943 0.012592 
0.008671 0.379393 0.225714 0.090432 0.074416 0.067605 0.052090 0.049056 0.022928 0.029695 
0.039991 0.202419 0.158250 0.082721 0.074022 0.139889 0.017195 0.182586 0.051218 0.051707 
0.013362 0.184618 0.181584 0.119217 0.089776 0.155255 0.025193 0.175960 0.029609 0.025427 
0.009184 0.111311 0.202719 0.121807 0.171073 0.120289 0.047496 0.155726 0.034244 0.026152 
0.007297 0.075585 0.194606 0.038018 0.226996 0.027297 0.279607 0.084382 0.049964 0.016248 
0.005475 0.033913 0.149949 0.052645 0.156062 0.093023 0.359069 0.059221 0.056019 0.034623 
0.012326 0.067665 0.162101 0.054744 0.150161 0.040869 0.371720 0.064959 0.047474 0.027981 
0.006139 0.068300 0.126099 0.056944 0.236125 0.069002 0.317447 0.063997 0.037919 0.018027 
0.004317 0.418823 0.256391 0.052290 0.063989 0.025967 0.101425 0.038632 0.023163 0.015005 
0.003712 0.239000 0.183338 0.053610 0.074437 0.032390 0.200323 0.030385 0.150604 0.032201 
0.003637 0.138161 0.112371 0.046373 0.085164 0.020902 0.195600 0.084498 0.261782 0.051512 
0.008353 0.100667 0.102562 0.054316 0.082593 0.036715 0.238025 0.097305 0.242561 0.036903 
0.001451 0.083880 0.079945 0.065159 0.102932 0.042248 0.367758 0.092965 0.140613 0.023050 
0.002641 0.096140 0.087217 0.073160 0.095606 0.058701 0.309844 0.083474 0.137970 0.055247 
0.007765 0.099809 0.068103 0.043251 0.106983 0.052854 0.235104 0.174645 0.148168 0.063318 
0.018012 0.140065 0.080155 0.038310 0.081306 0.019475 0.308866 0.210259 0.068587 0.034965 
0.012641 0.157662 0.154402 0.049301 0.116652 0.043635 0.265159 0.103168 0.069297 0.028083 
0.006420 0.122954 0.138709 0.049273 0.103801 0.032941 0.252128 0.105291 0.166760 0.021723 
0.006427 0.127150 0.177050 0.046300 0.115170 0.013561 0.166080 0.082614 0.228484 0.037163 
0.012943 0.148668 0.184324 0.037775 0.141920 0.034941 0.149211 0.035317 0.219870 0.035030 
0.008113 0.133589 0.172452 0.046292 0.166849 0.055385 0.242379 0.043622 0.109649 0.021669 
0.005998 0.124756 0.148764 0.064661 0.158092 0.045417 0.317407 0.073785 0.043986 0.017133 
0.012844 0.114068 0.109544 0.046129 0.152552 0.027279 0.335773 0.104586 0.051373 0.045852 
0.010978 0.120700 0.108620 0.036161 0.169682 0.070540 0.349114 0.064303 0.044157 0.025743 
0.004607 0.146707 0.106915 0.079897 0.204191 0.074936 0.238603 0.094140 0.031024 0.018980 
0.002323 0.051421 0.257188 0.264108 0.073801 0.043159 0.116279 0.092439 0.065126 0.034156 
0.001781 0.093514 0.230133 0.100440 0.123340 0.050190 0.186637 0.097585 0.063473 0.052907 
0.001469 0.026750 0.143991 0.149815 0.188698 0.038352 0.306001 0.081508 0.042506 0.020910 
0.001271 0.019052 0.095591 0.168341 0.210475 0.048027 0.184803 0.183008 0.069168 0.020263 
0.009431 0.037279 0.129088 0.161570 0.225261 0.163543 0.089415 0.127714 0.021582 0.035116 
0.005144 0.027659 0.056045 0.194421 0.171384 0.311047 0.094478 0.098116 0.013629 0.028078 
0.000852 0.024277 0.037793 0.267830 0.105990 0.378790 0.047062 0.092865 0.018714 0.025826 
0.003881 0.052400 0.153006 0.317193 0.220345 0.099941 0.041024 0.077448 0.019386 0.015375 
0.016081 0.109672 0.199625 0.158015 0.117077 0.167094 0.065933 0.086695 0.053243 0.026564 
0.015629 0.454223 0.268672 0.072530 0.061137 0.035340 0.050613 0.017250 0.019852 0.004752 
0.014162 0.235278 0.160047 0.078088 0.084399 0.044170 0.200768 0.092347 0.066569 0.024172 
0.005653 0.070935 0.272350 0.089761 0.067178 0.070847 0.246988 0.062999 0.086669 0.026620 
0.001567 0.043930 0.301619 0.111272 0.103071 0.063290 0.183033 0.067256 0.083190 0.041773 
0.006025 0.034389 0.338922 0.133431 0.109479 0.077392 0.169960 0.038280 0.066346 0.025777 
0.005350 0.028442 0.319036 0.114118 0.099230 0.054155 0.198757 0.056530 0.108073 0.016309 
0.005754 0.050007 0.395909 0.053544 0.103933 0.023417 0.206270 0.040739 0.105831 0.014596 
0.000429 0.036382 0.458685 0.042726 0.113019 0.011010 0.198324 0.028393 0.107041 0.003990 
0.025798 0.209479 0.360526 0.094676 0.044822 0.031096 0.117055 0.047373 0.050619 0.018556 
0.026588 0.383440 0.198594 0.073919 0.044829 0.026438 0.123488 0.070828 0.029571 0.022304 
0.011948 0.111937 0.245130 0.069979 0.061215 0.024064 0.246542 0.127943 0.053982 0.047261 
0.003447 0.079236 0.235884 0.054825 0.072241 0.056381 0.259081 0.153874 0.052390 0.032642 
0.009103 0.105301 0.299378 0.104161 0.035154 0.077101 0.219250 0.063087 0.070507 0.016959 
0.001201 0.092881 0.343445 0.084296 0.057940 0.039806 0.215946 0.089938 0.045965 0.028582 
0.001591 0.095031 0.283762 0.136095 0.027966 0.091214 0.242414 0.056845 0.049725 0.015357 
0.004908 0.105177 0.231690 0.140074 0.080857 0.088312 0.250686 0.072264 0.017714 0.008319 
0.000556 0.090025 0.293136 0.151467 0.080520 0.048730 0.232200 0.067779 0.025516 0.010072 
0.006855 0.101733 0.326429 0.129305 0.058351 0.050772 0.221368 0.058542 0.031016 0.015630 
0.009023 0.106844 0.319611 0.124798 0.056293 0.079118 0.228392 0.045036 0.021132 0.009753 
0.000941 0.094255 0.297233 0.114560 0.082342 0.097630 0.238815 0.043935 0.023941 0.006348 
0.003002 0.125143 0.284005 0.102671 0.052282 0.081509 0.240759 0.068490 0.029838 0.012301 
0.054105 0.368020 0.313865 0.068300 0.043268 0.027247 0.073265 0.030201 0.012135 0.009594 
0.052282 0.396164 0.298148 0.058517 0.026868 0.021017 0.090424 0.027114 0.019468 0.009997 
0.011581 0.247294 0.293660 0.074877 0.031400 0.048416 0.194274 0.060854 0.026476 0.011168 
0.017675 0.189549 0.272013 0.103416 0.052609 0.054976 0.215433 0.054484 0.030778 0.009068 
0.022472 0.202745 0.273423 0.121582 0.073316 0.032829 0.159927 0.046614 0.048957 0.018135 
0.007997 0.084902 0.368168 0.199991 0.084390 0.030286 0.088200 0.065463 0.033403 0.037200 
0.007733 0.115981 0.215378 0.216969 0.064217 0.030448 0.147127 0.061785 0.049391 0.090972 
0.003777 0.144772 0.194736 0.198724 0.083344 0.023983 0.150817 0.064402 0.058886 0.076559 
0.009929 0.158236 0.172274 0.128288 0.080074 0.040693 0.162790 0.084859 0.078225 0.084632 
0.008459 0.027265 0.276104 0.231020 0.109144 0.055134 0.105816 0.055314 0.070563 0.061180 
0.010403 0.094209 0.158154 0.195240 0.056218 0.066990 0.142474 0.044018 0.134626 0.097667 
0.012536 0.119931 0.179646 0.145727 0.106445 0.117264 0.074120 0.026830 0.122571 0.094929 
0.009470 0.112909 0.169384 0.145969 0.071216 0.121084 0.087599 0.048031 0.164887 0.069452 
0.006278 0.031533 0.301816 0.217647 0.114152 0.068123 0.048390 0.064198 0.069165 0.078698 
0.008555 0.080502 0.265344 0.153617 0.068999 0.093962 0.126213 0.043285 0.048537 0.110984 
0.008240 0.128325 0.217990 0.188949 0.064864 0.102447 0.089726 0.043564 0.063524 0.092371 
0.001691 0.128562 0.119396 0.174693 0.087868 0.099857 0.116386 0.063957 0.107378 0.100211 
0.009167 0.083917 0.174457 0.166889 0.066576 0.117755 0.179147 0.090467 0.063939 0.047685 
0.010551 0.080470 0.229162 0.248878 0.088625 0.063793 0.101582 0.057975 0.052730 0.066235 
0.019004 0.118375 0.229760 0.114270 0.080018 0.077632 0.106027 0.056903 0.101982 0.096028 
0.003767 0.120967 0.206754 0.142623 0.108294 0.072687 0.072505 0.088780 0.102242 0.081382 
0.012837 0.141924 0.097885 0.128307 0.116253 0.112108 0.070951 0.059986 0.148240 0.111508 
0.011346 0.438952 0.265773 0.074006 0.057565 0.021505 0.027158 0.022591 0.040117 0.040989 
0.019280 0.330607 0.269283 0.046450 0.023922 0.060129 0.041320 0.014929 0.053061 0.141020 
0.004420 0.209668 0.311203 0.061611 0.049401 0.108329 0.040689 0.024359 0.058882 0.131439 
0.007693 0.266813 0.332305 0.046844 0.039521 0.099824 0.032596 0.020056 0.036323 0.118027 
0.001161 0.167318 0.214583 0.105364 0.114907 0.112079 0.093669 0.069628 0.027073 0.094219 
0.002717 0.148140 0.168549 0.128667 0.080616 0.073223 0.167706 0.089795 0.049593 0.090994 
0.004073 0.138165 0.193563 0.131768 0.035381 0.149765 0.190970 0.044171 0.033573 0.078571 
0.008177 0.203895 0.218249 0.112268 0.074303 0.192052 0.049874 0.031220 0.037797 0.072166 
0.002180 0.169896 0.168902 0.101036 0.098751 0.052587 0.123225 0.127135 0.049833 0.106456 
0.008939 0.140581 0.116886 0.027148 0.080430 0.064613 0.089579 0.145585 0.193414 0.132826 
0.006178 0.187959 0.206215 0.081183 0.104426 0.054685 0.059442 0.039208 0.153153 0.107552 
0.007802 0.200986 0.160787 0.089115 0.109384 0.100347 0.040252 0.101970 0.053656 0.135701 
0.007282 0.140233 0.210968 0.082973 0.125460 0.064937 0.095277 0.063478 0.127063 0.082328 
0.002656 0.181902 0.223416 0.034998 0.132591 0.036197 0.091788 0.033297 0.175186 0.087971 
0.003436 0.167107 0.186943 0.054976 0.152321 0.038831 0.111854 0.029896 0.192824 0.061813 
0.006917 0.150595 0.182501 0.042353 0.118448 0.044608 0.112343 0.049122 0.224330 0.068784 
0.007747 0.117712 0.127667 0.025748 0.134590 0.034626 0.183737 0.020640 0.277911 0.069623 
0.004186 0.049422 0.237190 0.259193 0.143502 0.042406 0.102954 0.067304 0.054201 0.039642 
0.004422 0.029703 0.210710 0.122573 0.240435 0.058639 0.150027 0.077921 0.055077 0.050492 
0.000847 0.010580 0.156032 0.128099 0.361198 0.095111 0.129157 0.042761 0.049011 0.027203 
0.007615 0.046760 0.212399 0.088302 0.379788 0.073606 0.088677 0.041347 0.025095 0.036410 
