Californification,RHCP
0.000000 0.000000 0.000000 0.000000 0.000000 0.000000 0.000000 0.000000 0.000000 0.000000 
0.000000 0.000000 0.000000 0.000000 0.000000 0.000000 0.000000 0.000000 0.000000 0.000000 
0.000000 0.000000 0.000000 0.000000 0.000000 0.000000 0.000000 0.000000 0.000000 0.000000 
0.000000 0.000000 0.000000 0.000000 0.000000 0.000000 0.000000 0.000000 0.000000 0.000000 
0.039475 0.090657 0.056187 0.082199 0.043037 0.126802 0.122589 0.172186 0.160178 0.106690 
0.030733 0.191839 0.400863 0.094160 0.053365 0.036256 0.084678 0.064007 0.026881 0.017217 
0.033419 0.241600 0.443826 0.090071 0.035062 0.035573 0.061933 0.026632 0.017464 0.014420 
0.006183 0.162791 0.398234 0.190343 0.074364 0.027253 0.056360 0.050934 0.018644 0.014893 
0.002178 0.165942 0.428445 0.075148 0.074430 0.078761 0.066792 0.046967 0.031916 0.029421 
0.021231 0.161421 0.484937 0.093733 0.103971 0.055150 0.022970 0.021424 0.021354 0.013808 
0.010186 0.045743 0.392433 0.145981 0.112144 0.087306 0.036194 0.076526 0.071500 0.021986 
0.008786 0.050770 0.247661 0.207387 0.118832 0.108156 0.045792 0.093092 0.085245 0.034279 
0.000636 0.034040 0.269195 0.190253 0.139475 0.106257 0.025634 0.099895 0.096582 0.038034 
0.007008 0.047344 0.291292 0.180115 0.157452 0.092716 0.026354 0.101229 0.081230 0.015259 
0.007914 0.051707 0.290494 0.183179 0.155418 0.092696 0.022553 0.101678 0.080806 0.013555 
0.003677 0.031688 0.322056 0.190316 0.132269 0.102604 0.028523 0.102856 0.076262 0.009748 
0.002874 0.025573 0.318128 0.182418 0.107414 0.110787 0.054429 0.095796 0.081057 0.021522 
0.004297 0.036870 0.372652 0.174866 0.130217 0.102831 0.025238 0.079094 0.068000 0.005935 
0.007163 0.046097 0.341410 0.191021 0.108647 0.109306 0.036452 0.083718 0.059097 0.017088 
0.008301 0.044092 0.361721 0.178246 0.099175 0.118368 0.038264 0.084749 0.048481 0.018604 
0.010077 0.060039 0.339988 0.191565 0.091039 0.106500 0.049617 0.088142 0.054522 0.008511 
0.000461 0.101988 0.340445 0.189593 0.115537 0.082536 0.021810 0.080244 0.046192 0.021193 
0.017682 0.141725 0.329805 0.114277 0.119902 0.087202 0.042371 0.092870 0.046228 0.007939 
0.007183 0.038235 0.384769 0.150435 0.094377 0.111055 0.030963 0.100656 0.062176 0.020151 
0.004628 0.037730 0.338601 0.182893 0.067424 0.120406 0.028571 0.091906 0.107015 0.020826 
0.006871 0.041182 0.355872 0.179228 0.074027 0.112606 0.019591 0.084350 0.103589 0.022683 
0.000209 0.025376 0.377583 0.200196 0.043993 0.093067 0.044684 0.068590 0.123436 0.022866 
0.016217 0.085881 0.373861 0.192142 0.022470 0.090145 0.021081 0.074573 0.100083 0.023547 
0.002620 0.051753 0.380756 0.188417 0.021929 0.110368 0.026832 0.076611 0.121438 0.019276 
0.006493 0.191107 0.384990 0.072976 0.084512 0.101023 0.041325 0.073161 0.028498 0.015914 
0.006645 0.045453 0.340829 0.154899 0.079056 0.111079 0.072692 0.083768 0.088441 0.017138 
0.004637 0.015099 0.338443 0.141003 0.104843 0.110259 0.061162 0.086464 0.112320 0.025770 
0.001905 0.031824 0.348061 0.158030 0.103844 0.085843 0.056088 0.079864 0.105478 0.029063 
0.007198 0.031284 0.364342 0.171693 0.086616 0.085164 0.056038 0.077004 0.103167 0.017491 
0.016052 0.076004 0.364879 0.153350 0.091220 0.079838 0.051387 0.063403 0.090493 0.013373 
0.001111 0.019467 0.395356 0.184983 0.073838 0.079119 0.060521 0.063972 0.098125 0.023509 
0.001805 0.037514 0.385588 0.169812 0.070350 0.086488 0.065330 0.056526 0.102043 0.024544 
0.009295 0.043046 0.400051 0.180823 0.085520 0.087270 0.057187 0.030559 0.089604 0.016644 
0.016556 0.091479 0.382505 0.153241 0.086849 0.102737 0.052881 0.013196 0.076770 0.023786 
0.000888 0.033789 0.399003 0.185326 0.080925 0.102137 0.067226 0.034339 0.078715 0.017652 
0.003346 0.037013 0.377611 0.145844 0.123844 0.111710 0.066073 0.037732 0.076635 0.020191 
0.004264 0.029941 0.395768 0.193429 0.101252 0.105427 0.053082 0.037849 0.063541 0.015448 
0.002636 0.065798 0.366246 0.163770 0.118900 0.084423 0.071364 0.041679 0.061528 0.023657 
0.029110 0.122837 0.342809 0.217682 0.050388 0.055390 0.052984 0.034918 0.074779 0.019103 
0.029011 0.179529 0.362296 0.159300 0.067970 0.046027 0.053808 0.023260 0.065682 0.013116 
0.018065 0.087190 0.411550 0.177208 0.080980 0.061634 0.052824 0.035719 0.056303 0.018527 
0.004812 0.029395 0.435702 0.190074 0.091371 0.067854 0.056261 0.047280 0.065146 0.012105 
0.007745 0.054745 0.423689 0.198049 0.087186 0.076937 0.040880 0.043155 0.064862 0.002752 
0.007613 0.037562 0.458643 0.187259 0.071010 0.072880 0.050805 0.042611 0.057958 0.013659 
0.010553 0.152113 0.389273 0.154434 0.077958 0.061786 0.055859 0.039397 0.047474 0.011153 
0.003075 0.175173 0.363562 0.141290 0.085742 0.089070 0.075229 0.024433 0.034961 0.007464 
0.002893 0.083194 0.327693 0.212854 0.109426 0.121162 0.081884 0.023179 0.033723 0.003992 
0.019128 0.090380 0.400180 0.085946 0.126947 0.116795 0.048134 0.070020 0.030632 0.011837 
0.017141 0.081678 0.446272 0.085880 0.137588 0.094108 0.041086 0.064012 0.018877 0.013360 
0.004515 0.023215 0.502181 0.168754 0.098817 0.086697 0.031057 0.046543 0.028152 0.010070 
0.012559 0.072635 0.565264 0.190664 0.017542 0.022213 0.045026 0.024795 0.038138 0.011162 
0.002936 0.198074 0.453596 0.144377 0.058281 0.031866 0.045460 0.026975 0.028416 0.010020 
0.003261 0.119168 0.492541 0.181022 0.094156 0.022457 0.034992 0.019046 0.025540 0.007816 
0.009036 0.137089 0.522668 0.160551 0.078217 0.024579 0.021220 0.013833 0.024227 0.008580 
0.004684 0.084545 0.534973 0.191123 0.064687 0.033980 0.028199 0.016158 0.028658 0.012992 
0.002504 0.083532 0.554445 0.187568 0.060655 0.025006 0.039202 0.015250 0.022259 0.009579 
0.014337 0.076020 0.538088 0.181099 0.066947 0.021727 0.043077 0.019541 0.023321 0.015843 
0.007689 0.098490 0.566795 0.194879 0.051485 0.013703 0.036280 0.006437 0.018314 0.005928 
0.008298 0.062721 0.586416 0.201091 0.050046 0.018481 0.041024 0.005114 0.017348 0.009462 
0.013453 0.101145 0.458576 0.184331 0.083369 0.045592 0.037092 0.026437 0.038168 0.011836 
0.015156 0.243130 0.231364 0.197759 0.094939 0.073803 0.042361 0.046015 0.036839 0.018633 
0.006873 0.354288 0.156175 0.215788 0.087885 0.079629 0.036018 0.024075 0.023740 0.015528 
0.005375 0.319691 0.155431 0.235337 0.072997 0.083850 0.056470 0.031208 0.018839 0.020802 
0.003381 0.322425 0.173404 0.249713 0.036866 0.101795 0.044962 0.028721 0.020146 0.018587 
0.001737 0.336971 0.179758 0.235303 0.029760 0.111140 0.047280 0.024736 0.019184 0.014130 
0.000927 0.346037 0.181811 0.225314 0.029134 0.111570 0.047779 0.029695 0.019289 0.008445 
0.001232 0.328520 0.169987 0.202095 0.044394 0.101093 0.046186 0.047759 0.036692 0.022042 
0.000942 0.235469 0.261817 0.196627 0.057209 0.063553 0.034607 0.077937 0.057417 0.014421 
0.008530 0.289211 0.249761 0.171577 0.050488 0.058610 0.028881 0.068414 0.052532 0.021995 
0.007277 0.306543 0.257160 0.168911 0.053308 0.047007 0.031696 0.063421 0.052957 0.011720 
0.008645 0.328273 0.290122 0.155578 0.055774 0.026072 0.023793 0.051839 0.048651 0.011254 
0.013529 0.389227 0.280302 0.113180 0.045431 0.014899 0.023187 0.047565 0.054375 0.018305 
0.015929 0.434258 0.253956 0.097778 0.044872 0.011360 0.012756 0.046313 0.057750 0.025027 
0.028066 0.303028 0.330721 0.176154 0.043904 0.021500 0.023659 0.030652 0.030616 0.011700 
0.002694 0.382464 0.251628 0.146054 0.052259 0.033652 0.044515 0.046690 0.036441 0.003604 
0.011263 0.388722 0.250003 0.161399 0.034303 0.012035 0.034812 0.034465 0.060264 0.012732 
0.011327 0.408672 0.249753 0.162308 0.024737 0.017313 0.038762 0.028487 0.050102 0.008538 
0.008111 0.417725 0.250085 0.168515 0.033487 0.018026 0.039355 0.027190 0.033415 0.004091 
0.003091 0.414775 0.250231 0.177149 0.042378 0.014096 0.027610 0.035459 0.021718 0.013493 
0.000413 0.440321 0.237657 0.184441 0.041628 0.011845 0.020281 0.027206 0.026394 0.009814 
0.037625 0.406163 0.338387 0.121406 0.043532 0.009250 0.005867 0.020264 0.013436 0.004070 
0.004479 0.159853 0.369042 0.180929 0.048527 0.064407 0.078054 0.059604 0.016831 0.018272 
0.006282 0.063472 0.340031 0.199925 0.064441 0.081746 0.101158 0.080025 0.031118 0.031802 
0.014262 0.065878 0.310989 0.230277 0.070832 0.075628 0.086445 0.093576 0.025238 0.026875 
0.000508 0.026692 0.398831 0.221051 0.092197 0.077073 0.078389 0.066312 0.018697 0.020249 
0.008339 0.048849 0.404942 0.197701 0.054744 0.107241 0.082103 0.051384 0.022330 0.022366 
0.004242 0.022018 0.344322 0.240936 0.079573 0.130756 0.083583 0.058722 0.011935 0.023912 
0.000266 0.022505 0.350494 0.207249 0.088145 0.155408 0.093774 0.054287 0.011300 0.016574 
0.014341 0.070682 0.364282 0.205692 0.046949 0.152218 0.079128 0.038919 0.011571 0.016218 
0.003971 0.026524 0.359471 0.209405 0.081336 0.158758 0.070256 0.047827 0.026639 0.015813 
0.004231 0.022096 0.335103 0.227544 0.098277 0.163544 0.067598 0.048919 0.016358 0.016329 
0.011026 0.056010 0.347977 0.207510 0.083887 0.161848 0.079564 0.030299 0.009136 0.012743 
0.001502 0.028583 0.411559 0.207245 0.109533 0.135424 0.059294 0.024171 0.009645 0.013044 
0.009660 0.053421 0.386539 0.202510 0.082545 0.137097 0.063507 0.037007 0.011926 0.015788 
0.009040 0.031200 0.379056 0.201651 0.077132 0.139004 0.024016 0.070071 0.033226 0.035604 
0.002148 0.135813 0.400748 0.261141 0.039232 0.041819 0.059876 0.033552 0.015076 0.010594 
0.007977 0.060717 0.405585 0.252429 0.069083 0.071557 0.076751 0.025532 0.016094 0.014273 
0.011385 0.057958 0.354949 0.281933 0.075378 0.088234 0.077737 0.025030 0.016293 0.011103 
0.021667 0.097779 0.288008 0.264923 0.076502 0.112655 0.064713 0.041446 0.016695 0.015612 
0.000912 0.033731 0.404973 0.249329 0.120354 0.082705 0.061084 0.018569 0.014529 0.013815 
0.009321 0.061936 0.412598 0.274977 0.060389 0.085810 0.051325 0.022057 0.008023 0.013562 
0.006890 0.083343 0.429250 0.222755 0.050378 0.114002 0.023990 0.027774 0.021408 0.020210 
0.014957 0.194786 0.461220 0.175916 0.048476 0.035541 0.030206 0.012538 0.013687 0.012674 
0.010335 0.084856 0.532794 0.205336 0.048870 0.046331 0.027532 0.013411 0.019099 0.011437 
0.007332 0.041522 0.574924 0.227243 0.047326 0.040653 0.024440 0.010255 0.016466 0.009838 
0.005552 0.036710 0.587551 0.225766 0.040271 0.046084 0.021419 0.007540 0.015627 0.013480 
0.008684 0.044562 0.585310 0.214408 0.035437 0.050680 0.021926 0.011194 0.016465 0.011333 
0.006157 0.045392 0.595460 0.212005 0.033311 0.052966 0.018749 0.010766 0.015174 0.010019 
0.005534 0.035431 0.620188 0.217738 0.026752 0.045514 0.018724 0.009983 0.012983 0.007154 
0.004437 0.033601 0.602254 0.217229 0.031694 0.046637 0.023808 0.016555 0.015858 0.007927 
0.001255 0.018152 0.610810 0.226341 0.059711 0.041199 0.011374 0.008317 0.011432 0.011410 
0.003694 0.039712 0.558000 0.219416 0.047243 0.049838 0.029103 0.019558 0.020810 0.012626 
0.013129 0.063164 0.587978 0.226199 0.047565 0.009191 0.019032 0.010665 0.014720 0.008358 
0.013128 0.071735 0.602574 0.218185 0.033911 0.011784 0.017957 0.009760 0.013412 0.007554 
0.001229 0.056518 0.517169 0.147512 0.078959 0.050529 0.047054 0.033233 0.043038 0.024759 
0.003134 0.073333 0.259676 0.223080 0.121433 0.076569 0.026009 0.087971 0.064702 0.064093 
0.006206 0.258494 0.215206 0.184579 0.140713 0.038946 0.016090 0.060037 0.045345 0.034384 
0.002324 0.069501 0.371417 0.221669 0.192846 0.013743 0.010036 0.058563 0.034434 0.025466 
0.013260 0.060921 0.355067 0.209897 0.194436 0.026956 0.029456 0.056684 0.032017 0.021306 
0.009655 0.063067 0.344201 0.197136 0.200242 0.032958 0.029729 0.061734 0.036243 0.025035 
0.009999 0.066139 0.337378 0.166418 0.212634 0.043614 0.036736 0.071509 0.034981 0.020593 
0.016656 0.092313 0.353640 0.176547 0.201966 0.030224 0.027999 0.060338 0.029498 0.010819 
0.012692 0.077802 0.366407 0.187435 0.180306 0.032841 0.034600 0.059428 0.034719 0.013771 
0.007338 0.029086 0.432953 0.175852 0.186159 0.054265 0.013024 0.040545 0.048286 0.012492 
0.004363 0.045821 0.423836 0.191164 0.176947 0.052705 0.019152 0.039480 0.036440 0.010090 
0.005866 0.033738 0.420869 0.189777 0.192189 0.050384 0.011066 0.047958 0.031891 0.016261 
0.015837 0.083583 0.402542 0.166823 0.179470 0.042470 0.016531 0.048260 0.034815 0.009668 
0.003723 0.036418 0.402368 0.194791 0.192532 0.048812 0.020246 0.058559 0.033148 0.009402 
0.005422 0.044010 0.391361 0.202182 0.194748 0.046532 0.013671 0.059580 0.030693 0.011801 
0.001412 0.067849 0.303456 0.177171 0.179723 0.064318 0.029159 0.089342 0.073143 0.014428 
0.009269 0.058118 0.265760 0.213236 0.094132 0.116534 0.038262 0.078263 0.111748 0.014678 
0.007912 0.088916 0.401257 0.136288 0.100855 0.099320 0.024222 0.045753 0.082132 0.013345 
0.013589 0.089730 0.418248 0.123244 0.122713 0.089885 0.011900 0.048551 0.068043 0.014098 
0.009626 0.064370 0.440681 0.109668 0.131835 0.083691 0.027750 0.045947 0.071760 0.014673 
0.004008 0.053693 0.476366 0.121151 0.124561 0.072004 0.020252 0.037808 0.077143 0.013015 
0.006231 0.069496 0.465721 0.139458 0.122334 0.071500 0.012588 0.039011 0.061547 0.012115 
0.014184 0.092574 0.514876 0.075416 0.148737 0.056700 0.029382 0.036020 0.020325 0.011787 
0.005368 0.055949 0.445334 0.102363 0.117871 0.045633 0.067385 0.053579 0.088658 0.017859 
0.022272 0.168158 0.283983 0.175089 0.077920 0.055774 0.040036 0.068759 0.092510 0.015500 
0.001258 0.021210 0.328066 0.140401 0.131236 0.076130 0.077328 0.085601 0.109452 0.029317 
0.002199 0.031785 0.326556 0.150705 0.141383 0.090598 0.076089 0.062684 0.089486 0.028516 
0.007122 0.030108 0.335020 0.162874 0.128710 0.091329 0.070370 0.054152 0.100672 0.019643 
0.013564 0.068898 0.327015 0.158628 0.125361 0.101721 0.054029 0.040534 0.092917 0.017335 
0.001263 0.019077 0.347644 0.158214 0.136210 0.118884 0.063272 0.043709 0.090014 0.021711 
0.005735 0.045937 0.355195 0.182878 0.112116 0.116678 0.047066 0.036819 0.081993 0.015583 
0.008938 0.049593 0.370127 0.145345 0.128714 0.117321 0.054410 0.036885 0.080469 0.008199 
0.016285 0.076900 0.370296 0.129124 0.118791 0.114302 0.055468 0.036428 0.072669 0.009737 
0.001787 0.030393 0.409383 0.194533 0.088682 0.116304 0.047927 0.024828 0.066418 0.019745 
0.003444 0.024012 0.420496 0.159205 0.104637 0.131276 0.044118 0.026455 0.068179 0.018178 
0.016746 0.083263 0.424464 0.156948 0.083454 0.105015 0.039398 0.017606 0.060535 0.012571 
0.012114 0.096559 0.515279 0.115163 0.066489 0.078739 0.038123 0.014807 0.055437 0.007290 
0.016659 0.141514 0.396807 0.155355 0.104164 0.086686 0.023157 0.018958 0.050084 0.006615 
0.014544 0.088825 0.436552 0.125711 0.113040 0.087358 0.038860 0.032455 0.044516 0.018138 
0.002832 0.033573 0.454499 0.140093 0.114878 0.094496 0.044836 0.045163 0.044705 0.024925 
0.006752 0.036605 0.471043 0.169059 0.089851 0.102283 0.031275 0.038655 0.042640 0.011836 
0.016230 0.085550 0.450823 0.122277 0.107696 0.102768 0.030481 0.039005 0.039344 0.005825 
0.009699 0.046209 0.450106 0.146201 0.104867 0.101034 0.042311 0.046752 0.043523 0.009298 
0.001105 0.145051 0.368263 0.147372 0.095288 0.081420 0.063239 0.040289 0.046386 0.011586 
0.012990 0.168944 0.305761 0.168914 0.093189 0.105560 0.078650 0.027814 0.028701 0.009477 
0.007766 0.105865 0.353505 0.174966 0.085193 0.139037 0.088367 0.016468 0.024703 0.004132 
0.001490 0.042889 0.327257 0.171255 0.094627 0.161313 0.086087 0.076218 0.029125 0.009740 
0.013004 0.076529 0.397757 0.113863 0.094119 0.116354 0.047247 0.097905 0.028224 0.014998 
0.017299 0.096290 0.428691 0.088125 0.107757 0.119577 0.041939 0.059886 0.027286 0.013151 
0.001382 0.025867 0.564466 0.185654 0.082143 0.037899 0.038602 0.020165 0.036611 0.007212 
0.007594 0.110563 0.489415 0.139259 0.081057 0.043133 0.047569 0.029816 0.039112 0.012481 
0.024675 0.207388 0.382174 0.142249 0.115472 0.036998 0.036770 0.018539 0.024156 0.011580 
0.004447 0.121982 0.570359 0.157324 0.066638 0.026983 0.023986 0.014285 0.007974 0.006022 
0.006801 0.090202 0.519769 0.191570 0.072576 0.045121 0.027429 0.022574 0.015124 0.008835 
0.009213 0.083602 0.580171 0.205174 0.048479 0.030739 0.017663 0.011452 0.006238 0.007269 
0.001255 0.082780 0.577220 0.232693 0.038592 0.017053 0.020899 0.015180 0.008768 0.005559 
0.014980 0.115115 0.536174 0.237550 0.032806 0.009083 0.023031 0.013270 0.012290 0.005702 
0.002896 0.045947 0.558199 0.262154 0.054969 0.015600 0.023000 0.009201 0.014371 0.013662 
0.015338 0.073668 0.396178 0.177100 0.070672 0.071042 0.053981 0.060841 0.049125 0.032055 
0.007840 0.378562 0.271743 0.080992 0.061934 0.058545 0.042795 0.038204 0.036083 0.023302 
0.014313 0.417850 0.204910 0.094731 0.041801 0.078679 0.069717 0.024511 0.032965 0.020522 
0.014342 0.450829 0.179143 0.090818 0.035954 0.086869 0.064972 0.024203 0.029598 0.023273 
0.007358 0.439832 0.171628 0.113230 0.041732 0.096939 0.045890 0.038027 0.020157 0.025207 
0.008248 0.456381 0.144046 0.126835 0.043781 0.100522 0.042010 0.039071 0.016906 0.022201 
0.009509 0.467731 0.117728 0.142830 0.041168 0.103083 0.049488 0.029460 0.016223 0.022778 
0.003350 0.309165 0.167192 0.178038 0.047805 0.088474 0.042933 0.073526 0.064253 0.025265 
0.002095 0.298343 0.203111 0.170705 0.063528 0.070954 0.045137 0.067850 0.059335 0.018941 
0.001245 0.305348 0.205737 0.176555 0.057476 0.074471 0.044762 0.071444 0.047854 0.015108 
0.004043 0.316775 0.202957 0.181533 0.054096 0.058592 0.033034 0.068802 0.056986 0.023181 
0.000207 0.319641 0.205303 0.184492 0.042765 0.059581 0.034333 0.066937 0.063585 0.023155 
0.000944 0.335420 0.198871 0.186593 0.040606 0.063308 0.038680 0.064357 0.054482 0.016738 
0.020081 0.352301 0.249735 0.163823 0.037392 0.034298 0.027072 0.055052 0.040979 0.019267 
0.001599 0.213000 0.412311 0.164629 0.057458 0.018796 0.030399 0.059527 0.027169 0.015112 
0.012013 0.370448 0.276830 0.149738 0.055343 0.016365 0.031516 0.047265 0.024475 0.016007 
0.004101 0.336994 0.295650 0.151451 0.059312 0.018743 0.034553 0.048582 0.042657 0.007957 
0.006927 0.357772 0.292969 0.149220 0.047998 0.008256 0.029131 0.045019 0.053394 0.009313 
0.010857 0.386326 0.288619 0.154578 0.032049 0.005519 0.028752 0.038311 0.034592 0.020397 
0.009762 0.397894 0.290788 0.159871 0.027677 0.013013 0.030691 0.040903 0.021355 0.008045 
0.007650 0.398687 0.284800 0.164216 0.036578 0.016829 0.035892 0.031278 0.013191 0.010879 
0.029177 0.321330 0.321434 0.109437 0.093321 0.018390 0.049236 0.032533 0.020376 0.004765 
0.013816 0.072982 0.321572 0.159385 0.146549 0.074037 0.088891 0.070204 0.027666 0.024898 
0.007932 0.052755 0.302857 0.154625 0.157318 0.074232 0.100314 0.089442 0.034376 0.026148 
0.002018 0.015343 0.316013 0.168777 0.157389 0.067940 0.108623 0.107739 0.029636 0.026521 
0.004369 0.033687 0.307997 0.161360 0.153911 0.094527 0.114148 0.081910 0.024517 0.023574 
0.000829 0.019634 0.336943 0.159639 0.158760 0.102097 0.106915 0.071714 0.016878 0.026591 
0.006377 0.031223 0.318083 0.170671 0.145927 0.081748 0.115129 0.081695 0.026160 0.022988 
0.010117 0.038926 0.333307 0.157104 0.138435 0.082097 0.109800 0.082601 0.022592 0.025021 
0.000171 0.018528 0.343493 0.181187 0.146758 0.082379 0.125555 0.059021 0.017284 0.025624 
0.007622 0.026662 0.314035 0.195133 0.122877 0.104916 0.113018 0.061547 0.027925 0.026265 
0.003451 0.016779 0.349975 0.167758 0.122843 0.104334 0.122799 0.076012 0.016314 0.019737 
0.003243 0.020602 0.328015 0.192293 0.119810 0.083191 0.132782 0.062536 0.022711 0.034818 
0.007556 0.032259 0.337052 0.196161 0.129775 0.073509 0.147111 0.050150 0.008482 0.017947 
0.003715 0.135330 0.345341 0.183821 0.067926 0.097010 0.054774 0.067412 0.020638 0.024033 
0.000678 0.144023 0.380000 0.121546 0.145180 0.069732 0.056473 0.033578 0.023317 0.025473 
0.002200 0.031104 0.372292 0.187364 0.221758 0.074101 0.049690 0.036437 0.008633 0.016421 
0.010264 0.040893 0.355293 0.165066 0.207216 0.093449 0.046807 0.047332 0.013720 0.019960 
0.005119 0.030329 0.360397 0.200801 0.195403 0.091340 0.057121 0.034938 0.010187 0.014363 
0.000247 0.023344 0.378654 0.182797 0.210035 0.082287 0.057417 0.033459 0.012835 0.018925 
0.000820 0.051105 0.369605 0.188808 0.183946 0.087093 0.055147 0.037110 0.009108 0.017258 
0.010619 0.161713 0.324458 0.228346 0.112863 0.076861 0.029450 0.025120 0.018343 0.012227 
0.001780 0.233516 0.353996 0.181396 0.049827 0.096530 0.046025 0.012887 0.011588 0.012454 
0.004874 0.089864 0.347275 0.230245 0.067029 0.143017 0.074493 0.017747 0.012239 0.013218 
0.004223 0.029361 0.318101 0.248273 0.106811 0.174813 0.083863 0.014000 0.009773 0.010783 
0.004789 0.031825 0.360281 0.223283 0.098644 0.162327 0.084666 0.011419 0.013122 0.009644 
0.016476 0.075828 0.381072 0.200565 0.053918 0.152456 0.063268 0.030277 0.014581 0.011559 
0.002896 0.025736 0.361070 0.219394 0.100477 0.170461 0.065869 0.025843 0.015829 0.012424 
0.001086 0.021680 0.344378 0.246433 0.094394 0.170075 0.066093 0.025121 0.016470 0.014269 
0.011731 0.061746 0.380753 0.200199 0.091371 0.155836 0.068608 0.013502 0.009416 0.006839 
0.007079 0.037598 0.387591 0.205190 0.123942 0.152766 0.053654 0.016765 0.009459 0.005956 
0.012359 0.060470 0.315547 0.203776 0.086142 0.186181 0.075429 0.028964 0.022080 0.009050 
0.009288 0.062349 0.289999 0.167929 0.087788 0.179773 0.066089 0.068246 0.034435 0.034106 
0.006052 0.032018 0.335282 0.194532 0.092913 0.146239 0.082046 0.056227 0.029885 0.024805 
0.005427 0.053414 0.300442 0.287127 0.044752 0.124477 0.094813 0.036684 0.029383 0.023481 
0.002890 0.043470 0.243013 0.185902 0.117283 0.088494 0.050247 0.133394 0.106828 0.028479 
0.000183 0.411679 0.334177 0.080557 0.036178 0.034838 0.020297 0.037135 0.031907 0.013047 
0.025858 0.407296 0.279187 0.067075 0.066865 0.021422 0.020520 0.051640 0.040884 0.019254 
0.029392 0.170142 0.379894 0.114383 0.094185 0.037385 0.030619 0.075509 0.054699 0.013791 
0.011025 0.134753 0.388534 0.134607 0.096085 0.039769 0.035236 0.080435 0.060538 0.019016 
0.001187 0.145778 0.370722 0.165122 0.081773 0.044268 0.025715 0.082777 0.063589 0.019067 
0.008852 0.153612 0.381868 0.159026 0.077116 0.041918 0.028745 0.078176 0.056727 0.013960 
0.015974 0.151333 0.368259 0.131076 0.077538 0.057853 0.043196 0.089558 0.052971 0.012242 
0.015696 0.131127 0.448360 0.129550 0.020823 0.062812 0.039608 0.089323 0.051389 0.011310 
0.007959 0.081852 0.452159 0.140135 0.059960 0.062815 0.035693 0.095671 0.046623 0.017133 
0.003274 0.066891 0.458816 0.121066 0.085853 0.065121 0.032331 0.086978 0.056210 0.023459 
0.008649 0.061347 0.477679 0.124468 0.092333 0.065539 0.030988 0.081124 0.046316 0.011555 
0.013972 0.093388 0.470483 0.120621 0.083178 0.066764 0.029019 0.072147 0.040894 0.009535 
0.001936 0.046547 0.495917 0.121769 0.100348 0.064939 0.032830 0.073842 0.046980 0.014894 
0.007343 0.062759 0.230995 0.317551 0.074745 0.063870 0.073417 0.047395 0.100686 0.021238 
0.021328 0.102217 0.290406 0.267842 0.086754 0.038851 0.073358 0.035749 0.055355 0.028139 
0.005637 0.074043 0.385201 0.172717 0.072314 0.068156 0.057471 0.057463 0.084400 0.022597 
0.001698 0.052119 0.441128 0.158401 0.079245 0.083215 0.038854 0.049498 0.071967 0.023875 
0.002978 0.042780 0.439482 0.173135 0.067307 0.096054 0.039773 0.045462 0.069402 0.023629 
0.007600 0.088653 0.454466 0.120271 0.062985 0.087396 0.032266 0.050682 0.084624 0.011057 
0.007087 0.065535 0.517859 0.142535 0.046129 0.071776 0.022792 0.047281 0.061369 0.017636 
0.013297 0.126004 0.452718 0.128117 0.079385 0.057924 0.031910 0.059363 0.032282 0.019001 
0.012514 0.086994 0.225809 0.153950 0.153625 0.082436 0.071692 0.068501 0.117333 0.027146 
0.001011 0.034002 0.269283 0.169581 0.149765 0.069099 0.079161 0.076875 0.117392 0.033831 
0.002324 0.028068 0.275994 0.160856 0.162130 0.090710 0.070941 0.077480 0.106848 0.024648 
0.009991 0.049756 0.269465 0.175284 0.137871 0.083921 0.089356 0.076376 0.092139 0.015843 
0.011385 0.036731 0.339938 0.169673 0.098788 0.055694 0.063124 0.095401 0.114092 0.015174 
0.008813 0.063261 0.373131 0.167034 0.088940 0.059159 0.058315 0.068913 0.090346 0.022087 
0.004936 0.037471 0.387628 0.168505 0.092275 0.050025 0.061782 0.057757 0.104894 0.034725 
0.009062 0.070646 0.417404 0.170893 0.065618 0.047246 0.063937 0.043088 0.084865 0.027242 
0.016146 0.076079 0.417367 0.143833 0.097388 0.057719 0.059166 0.032714 0.088005 0.011583 
0.012413 0.050054 0.403185 0.212344 0.084032 0.055995 0.066487 0.030320 0.067923 0.017248 
0.010324 0.057185 0.428809 0.150414 0.102776 0.077123 0.061561 0.025756 0.072712 0.013341 
0.009376 0.044233 0.434821 0.118313 0.125450 0.071001 0.063190 0.041408 0.081520 0.010689 
0.013252 0.134332 0.431006 0.141576 0.078704 0.070590 0.040903 0.030461 0.031405 0.027769 
0.008259 0.334430 0.314682 0.125485 0.059155 0.029117 0.047467 0.029170 0.032852 0.019383 
0.026273 0.280823 0.283875 0.146025 0.103038 0.036773 0.040288 0.029167 0.037441 0.016297 
0.012393 0.096028 0.397343 0.096084 0.165804 0.059414 0.062030 0.039582 0.045099 0.026224 
0.008379 0.119798 0.361169 0.150674 0.164145 0.050558 0.050305 0.033085 0.037899 0.023987 
0.005986 0.132741 0.360807 0.143908 0.179379 0.041977 0.052027 0.029635 0.049209 0.004332 
0.007628 0.162203 0.391183 0.134973 0.149232 0.027046 0.047801 0.028563 0.049366 0.002004 
0.011580 0.074512 0.069536 0.367218 0.108379 0.077102 0.073238 0.075452 0.108161 0.034823 
0.017162 0.191484 0.257571 0.195988 0.074372 0.070271 0.048061 0.078439 0.037840 0.028811 
0.000458 0.049454 0.314048 0.206784 0.093919 0.118527 0.094337 0.047885 0.052782 0.021805 
0.008597 0.038479 0.340827 0.183848 0.194341 0.075076 0.042340 0.046799 0.041404 0.028289 
0.013801 0.082122 0.388188 0.140352 0.162915 0.077055 0.050865 0.029483 0.047009 0.008209 
0.014202 0.057251 0.417142 0.210077 0.057474 0.042234 0.074972 0.058021 0.050176 0.018452 
0.024367 0.178603 0.380768 0.189346 0.034748 0.047807 0.041775 0.045768 0.044004 0.012815 
0.006720 0.196899 0.342182 0.164070 0.063924 0.053237 0.054703 0.040969 0.050118 0.027178 
0.000215 0.210188 0.486075 0.144986 0.035453 0.020337 0.035936 0.023753 0.028972 0.014086 
0.010480 0.119972 0.502937 0.155146 0.055710 0.033616 0.052141 0.035177 0.026166 0.008655 
0.006195 0.084311 0.526110 0.194253 0.039610 0.029315 0.037096 0.029792 0.032539 0.020778 
0.012729 0.073034 0.630530 0.127621 0.034208 0.015171 0.031658 0.026754 0.028250 0.020045 
0.002502 0.069620 0.585242 0.170203 0.038192 0.017880 0.055549 0.021652 0.023603 0.015557 
0.005202 0.077618 0.558521 0.128158 0.079055 0.029102 0.039101 0.032893 0.032429 0.017920 
0.013549 0.227280 0.453543 0.130092 0.042859 0.024245 0.031759 0.039460 0.021719 0.015492 
0.011395 0.421429 0.237605 0.133603 0.046153 0.036994 0.030224 0.035494 0.027025 0.020078 
0.041646 0.451176 0.279615 0.129432 0.022234 0.025427 0.019847 0.015263 0.008624 0.006736 
0.011281 0.458762 0.298664 0.140487 0.027762 0.015758 0.012844 0.012190 0.013713 0.008539 
0.001463 0.461346 0.312251 0.147013 0.024848 0.016324 0.016956 0.006610 0.006505 0.006685 
0.005414 0.495241 0.276965 0.146065 0.025898 0.013269 0.016667 0.011105 0.004178 0.005198 
0.004177 0.474576 0.256814 0.156592 0.027214 0.020308 0.011326 0.027717 0.009941 0.011336 
0.003003 0.279620 0.277753 0.188351 0.048890 0.028380 0.034113 0.072811 0.057229 0.009850 
0.003052 0.290715 0.290905 0.191814 0.045599 0.018394 0.027394 0.068073 0.051611 0.012443 
0.002175 0.300479 0.298501 0.189135 0.036615 0.010139 0.014423 0.072379 0.054647 0.021508 
0.000706 0.297372 0.291043 0.179211 0.041119 0.022405 0.026989 0.067689 0.056175 0.017290 
0.006023 0.302922 0.289203 0.173237 0.048158 0.020381 0.018849 0.062784 0.055131 0.023312 
0.004812 0.325593 0.292065 0.177803 0.048130 0.015585 0.012328 0.061547 0.049431 0.012705 
0.012500 0.109314 0.195564 0.297258 0.077927 0.050513 0.065784 0.055604 0.103780 0.031757 
0.007606 0.212245 0.235905 0.184206 0.095568 0.051108 0.063807 0.048422 0.044478 0.056654 
0.004631 0.294223 0.294009 0.172303 0.043725 0.018024 0.054127 0.052030 0.039976 0.026952 
0.000195 0.318312 0.301272 0.179776 0.038850 0.018985 0.046498 0.055996 0.020470 0.019644 
0.008089 0.303314 0.295778 0.179486 0.060459 0.014052 0.045433 0.031183 0.040293 0.021914 
0.005779 0.322910 0.268482 0.170583 0.072412 0.015104 0.034322 0.039655 0.054069 0.016683 
0.006173 0.333886 0.284131 0.170638 0.057484 0.025789 0.032273 0.042655 0.038156 0.008816 
0.012503 0.131017 0.409961 0.140700 0.040168 0.089718 0.056817 0.079050 0.021962 0.018104 
0.005793 0.098100 0.348697 0.205360 0.058542 0.120323 0.053393 0.069522 0.021734 0.018537 
0.002916 0.035208 0.388217 0.189615 0.085462 0.103579 0.066524 0.089094 0.024790 0.014595 
0.002044 0.037062 0.382904 0.205192 0.073208 0.094980 0.087266 0.081037 0.019320 0.016988 
0.011880 0.047889 0.336194 0.233324 0.070235 0.100579 0.082613 0.067918 0.020826 0.028541 
0.008180 0.030644 0.457072 0.196386 0.064174 0.062462 0.061287 0.066740 0.027763 0.025291 
0.016942 0.074344 0.407958 0.199597 0.079031 0.044544 0.047288 0.078685 0.030040 0.021571 
0.011359 0.054120 0.381080 0.254084 0.071742 0.040996 0.071442 0.069474 0.025045 0.020659 
0.021308 0.075912 0.413522 0.224383 0.078392 0.027840 0.067404 0.055777 0.018783 0.016681 
0.013451 0.062157 0.486367 0.227520 0.037954 0.035159 0.047528 0.064110 0.012272 0.013483 
0.001566 0.029803 0.411225 0.259556 0.060961 0.063945 0.065552 0.062951 0.020821 0.023620 
0.021699 0.092341 0.340622 0.213561 0.074123 0.105402 0.069197 0.030959 0.027481 0.024615 
0.008859 0.091444 0.436361 0.199607 0.043195 0.093075 0.045444 0.043224 0.020646 0.018144 
0.003159 0.337403 0.454271 0.053382 0.035474 0.042057 0.016347 0.026851 0.015914 0.015142 
0.015341 0.474016 0.204825 0.119686 0.048981 0.040446 0.039107 0.027036 0.013948 0.016614 
0.016488 0.202318 0.382164 0.174017 0.075591 0.059340 0.036475 0.026583 0.013496 0.013528 
0.007305 0.122838 0.380797 0.197084 0.068440 0.103488 0.054917 0.033120 0.020415 0.011596 
0.010885 0.126756 0.322182 0.249724 0.077837 0.116489 0.064356 0.013990 0.011673 0.006107 
0.003612 0.095334 0.404645 0.190329 0.069718 0.115764 0.064188 0.025844 0.022928 0.007637 
0.013866 0.126318 0.409364 0.197101 0.036505 0.105987 0.049654 0.030414 0.018015 0.012774 
0.004546 0.070699 0.088143 0.361272 0.126764 0.059353 0.063073 0.056911 0.097304 0.071935 
0.005673 0.162015 0.379026 0.142844 0.077568 0.049064 0.053737 0.027090 0.037736 0.065246 
0.005352 0.054385 0.459874 0.206292 0.052144 0.051327 0.053941 0.033391 0.030131 0.053163 
0.000830 0.033261 0.476446 0.240767 0.057759 0.055525 0.039548 0.028607 0.024967 0.042291 
0.000305 0.041719 0.498026 0.247050 0.054768 0.049631 0.029695 0.029775 0.022202 0.026829 
0.006227 0.042437 0.523121 0.267769 0.039689 0.046048 0.021241 0.015869 0.017492 0.020106 
0.003973 0.035014 0.547861 0.246409 0.042624 0.052674 0.018574 0.019534 0.014119 0.019219 
0.007844 0.042296 0.511174 0.237680 0.062650 0.053816 0.025300 0.020062 0.013879 0.025298 
0.006606 0.040772 0.531504 0.277066 0.049389 0.046435 0.014881 0.014865 0.009890 0.008592 
0.005673 0.035516 0.472115 0.315041 0.042474 0.036133 0.035272 0.016825 0.022414 0.018539 
0.011061 0.062675 0.550573 0.214018 0.048166 0.035749 0.019554 0.021525 0.019654 0.017026 
0.002099 0.026360 0.531233 0.287746 0.039282 0.016767 0.037538 0.024284 0.020681 0.014009 
0.015294 0.123465 0.534437 0.160219 0.030583 0.013201 0.042837 0.020712 0.041702 0.017550 
0.035344 0.168722 0.308987 0.211226 0.054501 0.028851 0.031945 0.076579 0.049466 0.034378 
0.007990 0.377506 0.312863 0.066118 0.065146 0.037280 0.021221 0.056575 0.037542 0.017758 
0.028064 0.294143 0.255595 0.080263 0.120699 0.044616 0.014399 0.083239 0.062985 0.015997 
0.027498 0.077293 0.314313 0.109856 0.154801 0.067271 0.037545 0.100966 0.079551 0.030906 
0.000736 0.116525 0.347404 0.101818 0.124728 0.074219 0.045207 0.101444 0.070060 0.017858 
0.003974 0.109586 0.378439 0.117269 0.119101 0.064550 0.022919 0.092065 0.065525 0.026573 
0.004913 0.092194 0.392973 0.108262 0.130899 0.065939 0.034437 0.093203 0.064394 0.012787 
0.006266 0.086431 0.386244 0.086861 0.167525 0.078756 0.040081 0.071806 0.051846 0.024184 
0.014221 0.112123 0.401056 0.094014 0.150166 0.077000 0.023750 0.062492 0.043041 0.022137 
0.012351 0.097376 0.410159 0.131706 0.128471 0.070103 0.023053 0.058704 0.054517 0.013562 
0.004835 0.046683 0.481518 0.113229 0.111565 0.079658 0.021191 0.065538 0.054330 0.021451 
0.003592 0.061019 0.466313 0.129100 0.104886 0.069902 0.029176 0.066692 0.059366 0.009954 
0.007261 0.051778 0.481127 0.114271 0.084107 0.087667 0.033622 0.070216 0.055356 0.014596 
0.021110 0.100429 0.428678 0.100448 0.077969 0.070556 0.041099 0.076605 0.052335 0.030771 
0.000447 0.055044 0.216626 0.316509 0.093804 0.085463 0.049118 0.048301 0.098535 0.036155 
0.003091 0.096563 0.189875 0.293219 0.090321 0.090043 0.065160 0.048018 0.068543 0.055167 
0.008358 0.092861 0.249196 0.179884 0.062862 0.119760 0.041712 0.067352 0.116624 0.061390 
0.001792 0.030806 0.317736 0.197767 0.093009 0.103041 0.031755 0.087373 0.097447 0.039275 
0.003445 0.041544 0.315807 0.231154 0.065846 0.092397 0.043375 0.087000 0.093545 0.025889 
0.004826 0.039716 0.354147 0.195948 0.064884 0.085690 0.032056 0.076377 0.113835 0.032520 
0.008148 0.043366 0.372409 0.224179 0.068171 0.053936 0.050534 0.083615 0.078488 0.017153 
0.023625 0.122447 0.348046 0.185456 0.085270 0.034430 0.041262 0.065691 0.063111 0.030663 
0.025427 0.157743 0.269718 0.137937 0.101561 0.069331 0.059676 0.077039 0.083440 0.018129 
0.000525 0.016634 0.350482 0.161589 0.128077 0.065612 0.073604 0.086375 0.097233 0.019870 
0.008563 0.043705 0.288002 0.182973 0.137750 0.074842 0.085184 0.068094 0.080400 0.030486 
0.010569 0.053696 0.322633 0.167239 0.136004 0.078554 0.080351 0.057445 0.076339 0.017170 
0.008799 0.050968 0.372039 0.171323 0.133337 0.055198 0.058687 0.053238 0.079759 0.016651 
0.000032 0.034386 0.382130 0.115872 0.179662 0.074546 0.073831 0.043875 0.079204 0.016463 
0.001899 0.024683 0.400297 0.159062 0.163497 0.072377 0.058086 0.031784 0.063399 0.024917 
0.016254 0.071529 0.438639 0.153278 0.107407 0.042193 0.057367 0.025110 0.072601 0.015622 
0.014536 0.074045 0.444600 0.152362 0.106796 0.039556 0.056482 0.025081 0.067093 0.019450 
0.000415 0.038807 0.431590 0.207108 0.095088 0.049906 0.044688 0.037152 0.062954 0.032293 
0.001538 0.027787 0.436004 0.155178 0.093644 0.081932 0.059224 0.058504 0.069062 0.017127 
0.015443 0.088687 0.465613 0.145938 0.041043 0.063297 0.047608 0.061394 0.061029 0.009948 
0.049087 0.201970 0.380702 0.147090 0.064300 0.037124 0.039104 0.024626 0.036215 0.019781 
0.017550 0.429874 0.358599 0.059018 0.045986 0.026322 0.020075 0.011821 0.020128 0.010628 
0.024038 0.331633 0.289374 0.102187 0.088962 0.040405 0.038524 0.030630 0.038765 0.015481 
0.012314 0.124446 0.432014 0.148488 0.098542 0.047817 0.043961 0.038555 0.045644 0.008219 
0.004039 0.142385 0.388023 0.123119 0.126690 0.070163 0.045960 0.043873 0.041381 0.014367 
0.005994 0.129268 0.412524 0.159951 0.105697 0.057831 0.037527 0.044693 0.031230 0.015286 
0.002206 0.092813 0.439413 0.145274 0.114346 0.069031 0.038074 0.044913 0.040393 0.013538 
0.003877 0.067236 0.127250 0.419913 0.096681 0.043034 0.089911 0.052081 0.055328 0.044688 
0.006346 0.119310 0.232586 0.207196 0.083638 0.057040 0.100875 0.055509 0.053912 0.083586 
0.002191 0.084512 0.321265 0.194456 0.106572 0.094855 0.082338 0.028686 0.026764 0.058360 
0.007085 0.049957 0.464580 0.140110 0.141829 0.050084 0.045582 0.036389 0.029318 0.035067 
0.004125 0.059331 0.492397 0.171623 0.094122 0.057995 0.026981 0.043087 0.023849 0.026488 
0.016284 0.085684 0.468446 0.201131 0.068540 0.047209 0.038817 0.021951 0.032706 0.019232 
0.006748 0.171376 0.420068 0.176952 0.057940 0.050463 0.047934 0.028931 0.031635 0.007953 
0.035950 0.180031 0.320949 0.205170 0.082402 0.041390 0.035279 0.046611 0.027339 0.024879 
0.002293 0.203982 0.475820 0.176668 0.052620 0.010989 0.024403 0.013221 0.025531 0.014473 
0.011315 0.105026 0.527962 0.196001 0.051570 0.029154 0.026663 0.014863 0.026588 0.010858 
0.011577 0.072017 0.537947 0.233445 0.030744 0.024074 0.039467 0.010684 0.029489 0.010557 
0.003316 0.055900 0.558895 0.248300 0.033026 0.007455 0.036248 0.015955 0.025758 0.015146 
0.013103 0.073553 0.544561 0.204598 0.035110 0.017989 0.046522 0.025559 0.025059 0.013945 
0.036447 0.150699 0.409168 0.171886 0.060976 0.031775 0.045116 0.037647 0.026624 0.029663 
0.013959 0.354427 0.364435 0.085677 0.031947 0.025076 0.030934 0.040487 0.029469 0.023589 
0.004270 0.277125 0.396387 0.098146 0.036143 0.026204 0.051143 0.053147 0.027178 0.030257 
0.001964 0.227363 0.410761 0.115321 0.047821 0.030730 0.054036 0.050020 0.028943 0.033042 
0.007421 0.295632 0.328430 0.127776 0.035665 0.025563 0.057144 0.061195 0.025907 0.035266 
0.004653 0.301953 0.327606 0.139867 0.030641 0.036618 0.059861 0.049592 0.020883 0.028326 
0.001234 0.326027 0.291192 0.144859 0.036382 0.034201 0.064530 0.057291 0.013879 0.030406 
0.004784 0.306708 0.258656 0.134297 0.051654 0.036914 0.055863 0.077259 0.041655 0.032210 
0.000428 0.187954 0.302394 0.165192 0.071889 0.025732 0.045167 0.114620 0.063871 0.022754 
0.007837 0.213041 0.289833 0.176492 0.070492 0.020696 0.050739 0.097376 0.055332 0.018164 
0.007688 0.225958 0.271452 0.184580 0.068729 0.022703 0.047578 0.094254 0.058822 0.018236 
0.000631 0.225882 0.262632 0.192289 0.061689 0.045058 0.044293 0.086554 0.056131 0.024840 
0.001501 0.233860 0.272831 0.198287 0.054941 0.036162 0.041941 0.075768 0.054749 0.029961 
0.016538 0.270582 0.284752 0.170984 0.060311 0.025238 0.027960 0.067187 0.050187 0.026262 
0.004750 0.041982 0.214488 0.303958 0.070565 0.063303 0.092001 0.055235 0.123891 0.029825 
0.014741 0.200260 0.133999 0.295795 0.081480 0.054899 0.059231 0.056122 0.054591 0.048883 
0.014540 0.252536 0.221114 0.213502 0.077994 0.021837 0.066387 0.056837 0.047492 0.027760 
0.011181 0.299734 0.244061 0.214778 0.068499 0.009167 0.046943 0.057692 0.025902 0.022043 
0.006023 0.306818 0.237920 0.242692 0.047898 0.012200 0.050597 0.049711 0.028832 0.017307 
0.008080 0.332317 0.252430 0.199707 0.053816 0.008137 0.035791 0.053517 0.037726 0.018479 
0.010377 0.299205 0.279605 0.187251 0.052941 0.018150 0.035924 0.053926 0.039318 0.023301 
0.006463 0.155999 0.389973 0.148658 0.112429 0.029893 0.060322 0.051958 0.025854 0.018451 
0.013839 0.089005 0.308826 0.174633 0.101204 0.080210 0.059389 0.106972 0.036057 0.029864 
0.003030 0.023138 0.327651 0.186677 0.105527 0.083601 0.066347 0.128860 0.039555 0.035616 
0.007407 0.031001 0.301986 0.246004 0.102279 0.096792 0.067869 0.096178 0.023474 0.027010 
0.003687 0.033596 0.311722 0.199796 0.121927 0.126091 0.072223 0.091438 0.018389 0.021129 
0.000863 0.029496 0.306806 0.201482 0.123532 0.102343 0.083675 0.103729 0.022392 0.025683 
0.002784 0.019555 0.307469 0.195135 0.109061 0.095718 0.076957 0.105395 0.049247 0.038679 
0.001707 0.014202 0.343100 0.176981 0.107735 0.130305 0.074190 0.099723 0.019426 0.032632 
0.001166 0.030898 0.317199 0.178922 0.094938 0.144138 0.097682 0.079580 0.020828 0.034651 
0.010373 0.030163 0.325359 0.178309 0.108853 0.121133 0.080554 0.103042 0.011128 0.031086 
0.009487 0.054648 0.327408 0.153408 0.108308 0.113768 0.083052 0.086980 0.026054 0.036887 
0.003282 0.033443 0.338966 0.198998 0.066837 0.112803 0.099307 0.072041 0.037618 0.036706 
0.009725 0.092458 0.357167 0.176585 0.052607 0.113506 0.069741 0.089839 0.018545 0.019825 
0.027650 0.261391 0.460486 0.059870 0.073976 0.039827 0.020392 0.025953 0.013217 0.017239 
0.045276 0.411620 0.240209 0.122918 0.073714 0.028811 0.035124 0.019902 0.012203 0.010223 
0.042608 0.291137 0.327770 0.105986 0.086667 0.045880 0.047314 0.033020 0.010632 0.008985 
0.007145 0.174719 0.322862 0.161282 0.117597 0.072363 0.066330 0.049604 0.010603 0.017495 
0.001721 0.172352 0.317619 0.153524 0.125395 0.100843 0.066255 0.036665 0.013297 0.012328 
0.009233 0.168983 0.300602 0.158700 0.124971 0.098105 0.064100 0.039110 0.017237 0.018959 
0.002556 0.192700 0.353705 0.180280 0.068267 0.097896 0.020278 0.044641 0.023117 0.016560 
0.003922 0.089027 0.144339 0.337743 0.097900 0.052310 0.089694 0.048276 0.061699 0.075091 
0.009418 0.087739 0.191582 0.179709 0.109428 0.060848 0.117243 0.047940 0.089934 0.106159 
0.022473 0.065088 0.330646 0.203466 0.051587 0.089856 0.083120 0.039372 0.027663 0.086730 
0.000584 0.034021 0.365986 0.213351 0.086576 0.089063 0.084367 0.045298 0.027103 0.053651 
