Chasing-Cars,Snow-Patrol
0.000000 0.000000 0.000000 0.000000 0.000000 0.000000 0.000000 0.000000 0.000000 0.000000 
0.060632 0.125319 0.237201 0.199480 0.099211 0.026744 0.032805 0.072046 0.087876 0.058685 
0.096518 0.059766 0.126783 0.286435 0.110407 0.060813 0.070860 0.056869 0.078461 0.053090 
0.089826 0.088445 0.135405 0.198398 0.195068 0.118348 0.059197 0.052685 0.037629 0.025000 
0.033414 0.021459 0.183897 0.280491 0.196044 0.057900 0.081669 0.052980 0.044535 0.047609 
0.064687 0.038238 0.277588 0.229025 0.104816 0.105207 0.053263 0.033268 0.064628 0.029280 
0.116949 0.035531 0.224973 0.177807 0.087113 0.054687 0.153077 0.058421 0.052339 0.039103 
0.115613 0.034526 0.158532 0.200373 0.174053 0.040420 0.112508 0.051084 0.063984 0.048906 
0.007652 0.023071 0.116349 0.183757 0.122763 0.173218 0.091971 0.053763 0.059748 0.167707 
0.007745 0.019539 0.065163 0.261837 0.066819 0.190603 0.053051 0.072876 0.054636 0.207731 
0.001279 0.009197 0.056139 0.298268 0.100021 0.169043 0.030472 0.083737 0.039243 0.212601 
0.002802 0.015395 0.081475 0.323705 0.110220 0.176763 0.019781 0.082548 0.041477 0.145832 
0.001819 0.016396 0.097353 0.285345 0.112358 0.209728 0.051904 0.135671 0.038159 0.051267 
0.009238 0.037758 0.084776 0.348418 0.086801 0.189997 0.047641 0.077357 0.025950 0.092064 
0.000062 0.016402 0.063619 0.244340 0.103135 0.143078 0.043095 0.105123 0.109759 0.171387 
0.001772 0.012913 0.020602 0.169083 0.219271 0.094068 0.039654 0.279014 0.079785 0.083839 
0.006929 0.029465 0.077902 0.144241 0.248075 0.090076 0.080877 0.234534 0.038563 0.049338 
0.004754 0.023795 0.069463 0.195072 0.262391 0.073237 0.065499 0.199124 0.030248 0.076418 
0.005749 0.027086 0.072083 0.232915 0.260606 0.054725 0.029237 0.163811 0.032739 0.121048 
0.002998 0.019075 0.067945 0.205958 0.278012 0.069779 0.051298 0.126931 0.028954 0.149051 
0.002256 0.011953 0.061021 0.234556 0.273690 0.061328 0.033209 0.206768 0.033256 0.081962 
0.003812 0.015612 0.054412 0.185449 0.157233 0.155668 0.034360 0.124501 0.047938 0.221016 
0.006213 0.024867 0.029335 0.157904 0.195409 0.129036 0.037856 0.146269 0.060139 0.212971 
0.002302 0.015563 0.027525 0.148188 0.150362 0.152534 0.075175 0.179070 0.066788 0.182493 
0.006080 0.023939 0.063339 0.178561 0.164749 0.162085 0.070048 0.167406 0.048247 0.115545 
0.000428 0.010055 0.033583 0.190980 0.188864 0.153298 0.056035 0.171729 0.066053 0.128976 
0.008884 0.038321 0.064035 0.209472 0.115075 0.152534 0.026931 0.172751 0.056121 0.155876 
0.002554 0.013444 0.028509 0.120267 0.247202 0.113973 0.047123 0.266578 0.027969 0.132383 
0.005879 0.020542 0.039440 0.104137 0.280059 0.070386 0.071742 0.278297 0.031746 0.097772 
0.005217 0.023715 0.049486 0.110163 0.280888 0.041460 0.044506 0.312936 0.056658 0.074970 
0.002421 0.008215 0.028504 0.115230 0.298861 0.059725 0.071228 0.328817 0.047642 0.039358 
0.002271 0.012318 0.037551 0.116986 0.331249 0.061954 0.073237 0.257286 0.043684 0.063465 
0.010430 0.040280 0.081257 0.155933 0.354728 0.041932 0.012278 0.182258 0.036681 0.084224 
0.001462 0.014481 0.077218 0.189509 0.279236 0.146262 0.030860 0.066329 0.039922 0.154721 
0.000467 0.005705 0.033391 0.203975 0.228714 0.175812 0.034020 0.093080 0.050713 0.174122 
0.000037 0.005909 0.010708 0.201685 0.190060 0.143539 0.054483 0.160518 0.059066 0.173996 
0.000895 0.009359 0.030681 0.184856 0.223736 0.145369 0.077321 0.203457 0.030262 0.094063 
0.002077 0.006259 0.025771 0.178787 0.193791 0.138102 0.076057 0.256913 0.048900 0.073342 
0.008241 0.033397 0.050396 0.176817 0.176533 0.120761 0.039866 0.255528 0.040425 0.098037 
0.002062 0.019039 0.035002 0.177393 0.208766 0.133640 0.041077 0.247510 0.050007 0.085505 
0.002474 0.015180 0.043676 0.107964 0.235010 0.110970 0.071989 0.271277 0.049654 0.091808 
0.006014 0.025003 0.049022 0.107136 0.244827 0.111169 0.073321 0.237360 0.052862 0.093285 
0.000163 0.008049 0.033707 0.114246 0.191428 0.089858 0.033170 0.310494 0.086807 0.132077 
0.001862 0.009007 0.018722 0.154700 0.285092 0.105096 0.057120 0.201225 0.050680 0.116495 
0.002226 0.008882 0.024788 0.177163 0.315472 0.108977 0.063063 0.173369 0.039696 0.086364 
0.008507 0.020304 0.053608 0.175979 0.361870 0.062889 0.025042 0.160896 0.041701 0.089204 
0.000882 0.021608 0.065818 0.268685 0.204691 0.134292 0.039135 0.050346 0.028189 0.186354 
0.003976 0.019722 0.068273 0.323760 0.165326 0.111614 0.015636 0.073263 0.046887 0.171542 
0.000689 0.006954 0.048391 0.341719 0.164899 0.095417 0.033724 0.110195 0.047320 0.150691 
0.000896 0.011455 0.055417 0.312299 0.165915 0.110305 0.045277 0.143214 0.035663 0.119559 
0.001556 0.010853 0.095752 0.346508 0.146387 0.090832 0.045271 0.166947 0.039541 0.056353 
0.000587 0.026979 0.064365 0.379800 0.157063 0.078868 0.016752 0.110950 0.058332 0.106304 
0.007258 0.021110 0.063402 0.204512 0.252883 0.063056 0.043929 0.218623 0.047905 0.077321 
0.004710 0.019814 0.058132 0.226187 0.281138 0.046258 0.069394 0.229030 0.023448 0.041889 
0.006246 0.021397 0.033356 0.247913 0.270998 0.031419 0.044545 0.243370 0.058107 0.042650 
0.003917 0.016887 0.052616 0.204495 0.296106 0.052008 0.073558 0.210971 0.037994 0.051449 
0.006789 0.030219 0.060981 0.242938 0.251713 0.031733 0.056163 0.249450 0.040457 0.029556 
0.009140 0.041100 0.092201 0.217519 0.285017 0.038221 0.048539 0.193817 0.038342 0.036103 
0.004244 0.021301 0.087166 0.275743 0.165028 0.088754 0.024624 0.149786 0.048966 0.134389 
0.004420 0.021058 0.069429 0.285326 0.120751 0.135559 0.049258 0.090434 0.058050 0.165713 
0.000118 0.011117 0.048939 0.344127 0.141669 0.144162 0.058759 0.071369 0.012164 0.167576 
0.015127 0.050784 0.122444 0.336042 0.138503 0.135638 0.030666 0.057913 0.041554 0.071329 
0.009789 0.047830 0.112433 0.380041 0.191153 0.122272 0.039352 0.033344 0.006529 0.057256 
0.005631 0.029596 0.089225 0.432867 0.136074 0.114924 0.031403 0.056694 0.019782 0.083806 
0.005802 0.022408 0.112324 0.278990 0.161651 0.083729 0.043164 0.122164 0.051381 0.118387 
0.001379 0.016330 0.064655 0.197247 0.242227 0.097271 0.062799 0.191205 0.048803 0.078083 
0.007350 0.032431 0.067575 0.260891 0.282876 0.064393 0.026603 0.160032 0.021525 0.076324 
0.001662 0.010344 0.052799 0.201598 0.287479 0.082113 0.071466 0.177601 0.014342 0.100596 
0.004066 0.015506 0.035704 0.259460 0.208369 0.072856 0.065044 0.229385 0.020991 0.088618 
0.003533 0.017864 0.038336 0.271071 0.200895 0.045784 0.061005 0.253913 0.037612 0.069986 
0.008318 0.057960 0.121657 0.200560 0.224809 0.055541 0.041729 0.184756 0.034880 0.069791 
0.001930 0.020715 0.063816 0.268092 0.133226 0.140112 0.043935 0.141587 0.051595 0.134992 
0.006209 0.024214 0.079599 0.240097 0.150106 0.125427 0.048329 0.140376 0.047916 0.137727 
0.008121 0.034848 0.082330 0.309240 0.138832 0.111988 0.019461 0.124162 0.041540 0.129479 
0.002484 0.015041 0.073495 0.283712 0.132210 0.134650 0.069656 0.157995 0.017393 0.113364 
0.008073 0.033930 0.102778 0.315024 0.123773 0.117365 0.060169 0.145641 0.011086 0.082161 
0.007181 0.034425 0.093984 0.404678 0.113866 0.152517 0.034736 0.096707 0.024717 0.037188 
0.000624 0.017856 0.040001 0.276582 0.252039 0.071814 0.056391 0.216503 0.030531 0.037657 
0.001636 0.007244 0.031490 0.345041 0.240302 0.074656 0.052118 0.195282 0.026965 0.025267 
0.003577 0.018122 0.068424 0.292341 0.238614 0.055394 0.030494 0.208207 0.043967 0.040860 
0.009362 0.041359 0.109292 0.323803 0.166183 0.071284 0.054148 0.165274 0.030554 0.028741 
0.004770 0.022049 0.080186 0.253059 0.260795 0.062626 0.071246 0.185333 0.032879 0.027056 
0.013346 0.052378 0.104376 0.217820 0.213450 0.024404 0.036668 0.263924 0.042240 0.031395 
0.001491 0.025693 0.063355 0.229085 0.141459 0.148716 0.059422 0.190775 0.031344 0.108660 
0.008935 0.034186 0.115440 0.232057 0.115120 0.156143 0.033664 0.121962 0.066433 0.116061 
0.001411 0.012740 0.076891 0.314057 0.131926 0.134365 0.055207 0.122945 0.027097 0.123363 
0.006741 0.029762 0.091468 0.277297 0.123990 0.154082 0.054376 0.133065 0.028174 0.101046 
0.001886 0.011160 0.065836 0.328594 0.149757 0.151698 0.039945 0.139291 0.018403 0.093430 
0.007313 0.033556 0.104497 0.358126 0.141652 0.123639 0.016437 0.098658 0.014998 0.101123 
0.001547 0.017791 0.044512 0.241622 0.166610 0.116962 0.031351 0.195634 0.053452 0.130520 
0.001224 0.008222 0.045537 0.208795 0.177592 0.091005 0.026109 0.247804 0.072451 0.121262 
0.008314 0.035356 0.080502 0.196020 0.164658 0.089425 0.056451 0.220716 0.038645 0.109913 
0.006796 0.026250 0.073269 0.240359 0.212335 0.090806 0.054558 0.158933 0.030397 0.106296 
0.003735 0.021208 0.076185 0.252783 0.252324 0.070618 0.026935 0.161085 0.028017 0.107110 
0.007185 0.034181 0.094701 0.256348 0.249564 0.061264 0.047697 0.131491 0.020217 0.097351 
0.002070 0.018635 0.108479 0.212817 0.236726 0.127442 0.027470 0.110886 0.032570 0.122903 
0.002357 0.010894 0.042069 0.258414 0.216072 0.139740 0.040004 0.085398 0.034716 0.170337 
0.006634 0.028345 0.079379 0.276393 0.226393 0.091230 0.023233 0.092601 0.032144 0.143648 
0.002624 0.016424 0.066131 0.277168 0.215620 0.126492 0.026554 0.119500 0.018055 0.131432 
0.004548 0.021021 0.082107 0.295955 0.244276 0.141200 0.041653 0.097816 0.008541 0.062883 
0.005077 0.023939 0.090137 0.283864 0.241809 0.141527 0.016528 0.086165 0.016924 0.094028 
0.005505 0.024546 0.126647 0.244527 0.092207 0.142573 0.079501 0.123923 0.043024 0.117547 
0.007212 0.021260 0.042428 0.131983 0.232373 0.097669 0.078559 0.241787 0.055134 0.091595 
0.007143 0.031982 0.076455 0.162944 0.214422 0.081273 0.033947 0.255690 0.050368 0.085774 
0.002400 0.014377 0.050938 0.223419 0.282746 0.075910 0.068142 0.203929 0.021834 0.056304 
0.000052 0.009493 0.054954 0.245650 0.322246 0.077289 0.058428 0.167320 0.022938 0.041631 
0.005815 0.022760 0.054412 0.237404 0.244828 0.075553 0.017475 0.182769 0.059568 0.099415 
0.000812 0.017665 0.057536 0.201478 0.305560 0.057748 0.047424 0.184494 0.042406 0.084877 
0.006017 0.028499 0.045372 0.211192 0.280726 0.192963 0.047511 0.094196 0.032108 0.061416 
0.003228 0.021022 0.061775 0.127691 0.349970 0.157150 0.072438 0.114628 0.035704 0.056394 
0.007057 0.031946 0.066655 0.122114 0.318802 0.152187 0.065883 0.147363 0.028557 0.059434 
0.002320 0.011401 0.042123 0.159240 0.299691 0.160690 0.046492 0.143937 0.059161 0.074946 
0.005202 0.023648 0.057628 0.178687 0.266150 0.140442 0.051978 0.153356 0.069137 0.053773 
0.008805 0.027130 0.068872 0.168202 0.232084 0.199879 0.082873 0.093326 0.052307 0.066520 
0.012576 0.025561 0.054365 0.268065 0.224709 0.085411 0.046543 0.204648 0.037606 0.040518 
0.002047 0.012701 0.055834 0.240432 0.275023 0.099646 0.090027 0.124770 0.053213 0.046308 
0.010405 0.043377 0.105259 0.235603 0.197169 0.094212 0.057146 0.144114 0.046830 0.065887 
0.010227 0.042670 0.074821 0.220556 0.259539 0.108726 0.059690 0.129190 0.038978 0.055603 
0.001144 0.007244 0.050262 0.209720 0.319828 0.156135 0.066390 0.102409 0.032420 0.054448 
0.006723 0.028248 0.045692 0.205451 0.383559 0.146873 0.039377 0.071691 0.037510 0.034876 
0.006019 0.024045 0.080214 0.170474 0.278309 0.155751 0.063262 0.096263 0.040908 0.084755 
0.001972 0.008598 0.077116 0.121834 0.174538 0.281489 0.036654 0.098717 0.061306 0.137776 
0.002166 0.009781 0.076456 0.148433 0.176814 0.254240 0.044681 0.121943 0.047955 0.117531 
0.000497 0.013373 0.108117 0.198760 0.252352 0.239199 0.045091 0.052654 0.030149 0.059809 
0.002396 0.011816 0.081381 0.225315 0.312761 0.156995 0.045307 0.082816 0.034450 0.046763 
0.004453 0.027465 0.097706 0.167703 0.331447 0.125526 0.048699 0.128190 0.026888 0.041923 
0.006951 0.036168 0.121778 0.244530 0.204116 0.093477 0.050864 0.149047 0.021476 0.071593 
0.003188 0.017782 0.139539 0.269636 0.151138 0.095341 0.101800 0.105541 0.060477 0.055557 
0.010807 0.052403 0.154946 0.234449 0.082710 0.106898 0.060188 0.195366 0.049942 0.052291 
0.003555 0.022464 0.115658 0.329809 0.120215 0.111781 0.041808 0.179360 0.028392 0.046957 
0.001878 0.021759 0.125035 0.264635 0.229913 0.121545 0.041264 0.118767 0.049734 0.025470 
0.010034 0.045108 0.140944 0.220319 0.195967 0.144969 0.049171 0.149619 0.023555 0.020313 
0.001408 0.020935 0.126313 0.148363 0.243456 0.147395 0.063877 0.122897 0.065363 0.059993 
0.010531 0.046341 0.091147 0.193549 0.164585 0.205202 0.057519 0.096069 0.048401 0.086656 
0.005152 0.024280 0.089335 0.180673 0.202642 0.173750 0.053483 0.138603 0.051081 0.081001 
0.005981 0.027610 0.079930 0.153384 0.252487 0.131880 0.061593 0.200548 0.030934 0.055653 
0.005747 0.024822 0.060004 0.173297 0.284099 0.094141 0.030960 0.209096 0.040311 0.077521 
0.001395 0.007697 0.058588 0.159334 0.246712 0.063996 0.059398 0.293163 0.039660 0.070057 
0.000737 0.018934 0.088807 0.262646 0.218416 0.094048 0.057290 0.167437 0.048757 0.042927 
0.005861 0.027730 0.079679 0.239229 0.117624 0.127602 0.068590 0.210344 0.062466 0.060874 
0.004726 0.023148 0.077680 0.219656 0.144469 0.125339 0.064787 0.195926 0.072125 0.072143 
0.003903 0.012337 0.085438 0.272198 0.199460 0.112369 0.072174 0.149014 0.045361 0.047745 
0.002881 0.021660 0.068643 0.248465 0.258184 0.119082 0.083678 0.096661 0.057581 0.043166 
0.006558 0.028210 0.097441 0.229438 0.202196 0.111684 0.092671 0.129864 0.031044 0.070893 
0.002393 0.015502 0.090488 0.316520 0.161178 0.083436 0.087609 0.142000 0.035922 0.064952 
0.010185 0.031103 0.091253 0.276933 0.254880 0.067492 0.076560 0.089906 0.044830 0.056857 
0.001746 0.012358 0.083332 0.332119 0.281700 0.059595 0.046983 0.050430 0.049139 0.082597 
0.000451 0.009373 0.058274 0.331668 0.271007 0.047759 0.043781 0.114336 0.036288 0.087063 
0.001614 0.007556 0.100432 0.303552 0.217989 0.053356 0.050855 0.169145 0.033971 0.061530 
0.009829 0.046917 0.120302 0.351347 0.212593 0.086218 0.036548 0.082248 0.033931 0.020067 
0.007728 0.027668 0.143191 0.313090 0.147131 0.094725 0.044392 0.136483 0.054475 0.031117 
0.008409 0.048510 0.246607 0.171356 0.216866 0.116272 0.034123 0.100061 0.028118 0.029678 
0.014584 0.061397 0.292336 0.194759 0.186687 0.122994 0.026953 0.046950 0.030512 0.022828 
0.012685 0.067306 0.365555 0.122838 0.182726 0.113262 0.024233 0.067131 0.025880 0.018384 
0.012878 0.064469 0.352232 0.112797 0.137322 0.128635 0.054254 0.094184 0.025683 0.017546 
0.020322 0.065490 0.340789 0.103340 0.145425 0.108228 0.048447 0.119973 0.025135 0.022851 
0.008813 0.035889 0.073621 0.172011 0.281061 0.099089 0.064705 0.180238 0.043179 0.041394 
0.005406 0.037470 0.117694 0.212735 0.217665 0.072639 0.055420 0.169904 0.052593 0.058474 
0.002920 0.059981 0.125779 0.448507 0.077931 0.056623 0.041559 0.100163 0.037151 0.049387 
0.013082 0.053712 0.109430 0.468843 0.107725 0.110778 0.022033 0.046436 0.019343 0.048619 
0.003492 0.015874 0.075017 0.458305 0.080397 0.107780 0.095984 0.076741 0.043766 0.042644 
0.004393 0.031583 0.103107 0.472473 0.106748 0.122697 0.066364 0.055835 0.022052 0.014748 
0.002017 0.018271 0.069224 0.433710 0.113214 0.160548 0.050227 0.081777 0.038360 0.032654 
0.008774 0.034029 0.069820 0.486387 0.122668 0.156735 0.017920 0.051008 0.030217 0.022442 
0.010318 0.026193 0.058045 0.394541 0.146868 0.106415 0.087852 0.089769 0.058163 0.021835 
0.009726 0.051852 0.078081 0.465659 0.103444 0.040543 0.136093 0.054552 0.039840 0.020210 
0.003626 0.017441 0.064721 0.469099 0.137158 0.064755 0.089286 0.075704 0.039983 0.038226 
0.005606 0.027594 0.066546 0.471463 0.151112 0.039279 0.129367 0.041706 0.033267 0.034060 
0.000366 0.009188 0.053969 0.513066 0.123852 0.028659 0.149548 0.080644 0.019580 0.021128 
0.003774 0.014827 0.049847 0.460508 0.111969 0.037245 0.152146 0.119754 0.031972 0.017957 
0.005465 0.024262 0.067167 0.407803 0.150130 0.044345 0.133886 0.080212 0.043204 0.043527 
0.002052 0.010736 0.058679 0.482209 0.135866 0.046547 0.121318 0.082554 0.017387 0.042651 
0.003156 0.015984 0.050079 0.487378 0.107367 0.048539 0.121841 0.069516 0.041532 0.054607 
0.006408 0.027290 0.068234 0.477827 0.108405 0.035742 0.130197 0.069928 0.021705 0.054265 
0.000995 0.004764 0.035484 0.543962 0.125694 0.044990 0.112054 0.046643 0.036444 0.048970 
0.004343 0.018670 0.037974 0.494666 0.087918 0.052979 0.153826 0.073303 0.042900 0.033421 
0.000893 0.013767 0.036525 0.454831 0.099636 0.067007 0.185831 0.067272 0.048800 0.025437 
0.002773 0.010889 0.047592 0.218581 0.121153 0.344057 0.091324 0.089649 0.040568 0.033415 
0.006759 0.029937 0.073513 0.176160 0.143201 0.295452 0.061398 0.135525 0.044061 0.033995 
0.001995 0.006505 0.060570 0.156890 0.219537 0.252838 0.090972 0.161624 0.015271 0.033799 
0.001345 0.019233 0.105802 0.216725 0.261967 0.054385 0.084497 0.177257 0.059724 0.019065 
0.009641 0.037206 0.155551 0.156233 0.237918 0.058009 0.171099 0.128078 0.032811 0.013454 
0.008858 0.026830 0.122052 0.185037 0.181847 0.073947 0.091034 0.236367 0.043650 0.030376 
0.005385 0.021141 0.097197 0.197723 0.206256 0.172302 0.061722 0.157503 0.051399 0.029373 
0.006199 0.025063 0.143315 0.158688 0.273667 0.081297 0.071880 0.166927 0.041111 0.031852 
0.000246 0.008332 0.084569 0.239782 0.248251 0.127316 0.068497 0.131959 0.016142 0.074906 
0.002593 0.016850 0.105002 0.179497 0.216166 0.207709 0.065247 0.118375 0.030424 0.058136 
0.001700 0.010588 0.107183 0.221417 0.305563 0.082288 0.050859 0.149413 0.034668 0.036320 
0.005068 0.028670 0.116721 0.138155 0.314953 0.126350 0.096891 0.083190 0.062950 0.027053 
0.009832 0.040055 0.092899 0.182197 0.234934 0.103522 0.053386 0.186222 0.047541 0.049413 
0.000664 0.012642 0.111774 0.198795 0.261273 0.118608 0.037402 0.159856 0.031926 0.067059 
0.010911 0.045596 0.145909 0.151721 0.218662 0.105019 0.061733 0.145404 0.060096 0.054950 
0.009939 0.042378 0.129026 0.143124 0.282778 0.155438 0.049781 0.111883 0.024742 0.050911 
0.000262 0.007928 0.077868 0.207857 0.282564 0.175430 0.069073 0.108789 0.017243 0.052986 
0.006769 0.028358 0.138620 0.182937 0.246107 0.153048 0.050990 0.114152 0.035874 0.043145 
0.001895 0.018915 0.093116 0.114002 0.209120 0.143572 0.095929 0.191607 0.065701 0.066144 
0.000918 0.021100 0.072270 0.147680 0.192882 0.037224 0.175978 0.217850 0.099837 0.034260 
0.003742 0.020867 0.089044 0.129176 0.242040 0.056466 0.071242 0.228519 0.080486 0.078419 
0.002674 0.013380 0.087956 0.152583 0.156198 0.087688 0.049506 0.251489 0.090617 0.107908 
0.003204 0.026260 0.100711 0.104180 0.163189 0.094017 0.052468 0.247219 0.092723 0.116028 
0.004366 0.014372 0.097845 0.111392 0.135147 0.043974 0.218469 0.181330 0.151534 0.041570 
0.006491 0.036200 0.072448 0.149609 0.107926 0.078018 0.115388 0.278382 0.104247 0.051291 
0.011714 0.037996 0.099852 0.206018 0.033559 0.128055 0.052800 0.288513 0.043473 0.098019 
0.003259 0.015577 0.046186 0.169882 0.059664 0.107892 0.054363 0.285070 0.087168 0.170938 
0.004196 0.017140 0.043389 0.260834 0.074218 0.156341 0.036615 0.277468 0.036401 0.093397 
0.013311 0.028791 0.117248 0.249884 0.094583 0.104111 0.039919 0.245059 0.046154 0.060940 
0.012200 0.045123 0.064602 0.202778 0.141910 0.130960 0.038263 0.277407 0.040777 0.045980 
0.013762 0.025074 0.071105 0.306111 0.217316 0.054913 0.053346 0.167981 0.053276 0.037115 
0.013189 0.030383 0.112101 0.279888 0.198112 0.085829 0.049587 0.120804 0.054122 0.055985 
0.002892 0.013154 0.087131 0.204893 0.216840 0.127320 0.066537 0.161048 0.051771 0.068413 
0.000452 0.007619 0.123901 0.248788 0.225809 0.116078 0.055130 0.126661 0.052245 0.043317 
0.006589 0.020138 0.139026 0.230616 0.171475 0.106971 0.077860 0.155054 0.048008 0.044263 
0.003443 0.033173 0.143827 0.158879 0.185029 0.091442 0.104667 0.148681 0.079216 0.051643 
0.006797 0.041676 0.123368 0.168466 0.301731 0.069684 0.062605 0.134378 0.033653 0.057641 
0.010431 0.042178 0.107890 0.172443 0.231450 0.125657 0.061284 0.177053 0.042603 0.029012 
0.002790 0.011044 0.100931 0.173118 0.215027 0.098746 0.072722 0.214862 0.068427 0.042334 
0.001191 0.009259 0.119814 0.223567 0.203774 0.091070 0.088952 0.185994 0.043231 0.033149 
0.000717 0.017069 0.137460 0.165428 0.222074 0.105656 0.050517 0.198613 0.066360 0.036105 
0.005149 0.037270 0.122527 0.207654 0.260671 0.076354 0.049502 0.180655 0.046806 0.013412 
0.009457 0.044874 0.098616 0.269446 0.215549 0.083526 0.052002 0.186623 0.027163 0.012744 
0.001494 0.026721 0.102391 0.156675 0.269261 0.126173 0.071460 0.134860 0.085010 0.025954 
0.002396 0.010400 0.115217 0.237771 0.290522 0.099764 0.053490 0.096743 0.076508 0.017188 
0.000945 0.011713 0.089694 0.206473 0.343497 0.085079 0.050354 0.110525 0.084886 0.016834 
0.007671 0.038395 0.089984 0.117516 0.370183 0.098966 0.033700 0.127882 0.095907 0.019797 
0.005050 0.030875 0.097039 0.211101 0.312495 0.085032 0.038455 0.159581 0.043148 0.017224 
0.005403 0.054811 0.163563 0.217436 0.240180 0.084668 0.050049 0.108772 0.052510 0.022609 
0.010562 0.067694 0.139652 0.227690 0.295613 0.052688 0.057104 0.108881 0.020180 0.019937 
0.001348 0.017012 0.143971 0.228308 0.319623 0.062676 0.045105 0.140116 0.027293 0.014547 
0.004725 0.027009 0.174478 0.237311 0.278583 0.064919 0.067869 0.104818 0.019326 0.020962 
0.000004 0.013120 0.159784 0.264702 0.228191 0.058907 0.060313 0.147228 0.052785 0.014965 
0.004179 0.038445 0.158199 0.213058 0.271802 0.037760 0.056935 0.143075 0.054279 0.022267 
0.008397 0.050411 0.150758 0.118252 0.341913 0.067101 0.052784 0.134663 0.047118 0.028602 
0.000693 0.032535 0.144747 0.146226 0.322221 0.091195 0.067023 0.105918 0.060847 0.028596 
0.004863 0.022535 0.142247 0.220030 0.278568 0.061013 0.043551 0.108159 0.098489 0.020546 
0.000057 0.015124 0.120283 0.296370 0.255184 0.059286 0.052342 0.125383 0.058823 0.017148 
0.007076 0.032501 0.109263 0.202935 0.283401 0.057082 0.034112 0.179523 0.083021 0.011086 
0.007676 0.035725 0.083714 0.147574 0.402863 0.078095 0.033341 0.148481 0.050176 0.012355 
0.001536 0.021373 0.094655 0.170672 0.366794 0.116493 0.056342 0.090963 0.044432 0.036741 
0.001822 0.024324 0.119623 0.220033 0.207747 0.141270 0.067948 0.141471 0.046277 0.029484 
0.002145 0.004460 0.097968 0.299555 0.253214 0.102005 0.042869 0.138298 0.027551 0.031935 
0.002911 0.020198 0.122216 0.180810 0.242451 0.107449 0.070311 0.191830 0.035821 0.026002 
0.004808 0.014261 0.140683 0.240965 0.221686 0.071604 0.051074 0.200760 0.038730 0.015428 
0.005480 0.027080 0.104368 0.260614 0.172062 0.030822 0.043855 0.271254 0.044084 0.040380 
0.001662 0.010911 0.150884 0.226561 0.189212 0.076344 0.073730 0.199478 0.042167 0.029052 
0.004705 0.016583 0.133092 0.248740 0.297787 0.060245 0.077116 0.092535 0.035756 0.033443 
0.006102 0.025070 0.129299 0.291894 0.256165 0.061711 0.052405 0.091307 0.051001 0.035044 
0.000391 0.010637 0.149324 0.303686 0.201003 0.046757 0.045291 0.135342 0.067032 0.040536 
0.000718 0.012541 0.206465 0.292375 0.192624 0.069770 0.039699 0.099547 0.057337 0.028924 
0.000539 0.010836 0.208041 0.287630 0.221373 0.045664 0.038544 0.138063 0.032454 0.016856 
0.000154 0.008614 0.147495 0.286252 0.242733 0.074325 0.035326 0.154192 0.029309 0.021599 
0.004268 0.010426 0.108063 0.194433 0.285687 0.117636 0.092644 0.130756 0.028649 0.027438 
0.006106 0.029700 0.154009 0.173633 0.276084 0.074202 0.050737 0.151183 0.054478 0.029867 
0.005637 0.027879 0.123832 0.208738 0.309641 0.098708 0.047189 0.100272 0.051169 0.026934 
0.000817 0.012489 0.091012 0.160111 0.311122 0.115268 0.081700 0.163903 0.033532 0.030046 
0.006911 0.036552 0.090376 0.258665 0.281639 0.096405 0.060967 0.099409 0.058314 0.010763 
0.006842 0.033609 0.132708 0.252718 0.299017 0.085794 0.056424 0.091254 0.024065 0.017569 
0.000238 0.026163 0.204502 0.187415 0.256318 0.089280 0.069789 0.089202 0.050170 0.026923 
0.007194 0.011686 0.069160 0.156281 0.125316 0.135444 0.156834 0.207928 0.096102 0.034055 
0.002761 0.030062 0.076390 0.202753 0.105029 0.135402 0.119255 0.144800 0.146939 0.036610 
0.005847 0.025081 0.070005 0.227812 0.095849 0.136131 0.018953 0.201718 0.174861 0.043745 
0.000415 0.012558 0.099231 0.208688 0.119435 0.114133 0.028459 0.208765 0.161234 0.047083 
0.002295 0.011004 0.101148 0.224715 0.065674 0.084529 0.076095 0.243941 0.163809 0.026790 
0.016199 0.023025 0.143256 0.139631 0.080951 0.105714 0.060027 0.298704 0.105446 0.027046 
0.002648 0.011675 0.062359 0.194578 0.106929 0.096042 0.068111 0.300108 0.140431 0.017120 
0.005041 0.023099 0.089464 0.204797 0.114445 0.081282 0.056424 0.159188 0.240364 0.025895 
0.005989 0.023092 0.071866 0.155722 0.127325 0.058676 0.180303 0.081614 0.173738 0.121675 
0.001546 0.013972 0.075378 0.210430 0.127088 0.004107 0.194511 0.131240 0.060963 0.180764 
0.000243 0.003602 0.051155 0.178909 0.103071 0.046679 0.243666 0.129481 0.203107 0.040087 
0.002205 0.009089 0.039677 0.136473 0.115504 0.050448 0.191535 0.135492 0.139721 0.179857 
0.001023 0.010935 0.048501 0.165579 0.111028 0.031230 0.229776 0.084278 0.177641 0.140009 
0.000473 0.005167 0.067454 0.159185 0.106772 0.034633 0.233527 0.125508 0.117816 0.149465 
0.000193 0.001923 0.036673 0.182533 0.136233 0.058549 0.239080 0.070045 0.125563 0.149208 
0.005786 0.022396 0.050470 0.220677 0.140210 0.032534 0.220697 0.107521 0.089600 0.110110 
0.002942 0.017971 0.062139 0.289946 0.128831 0.060632 0.192021 0.063254 0.066692 0.115572 
0.000257 0.015456 0.092055 0.289979 0.165087 0.061694 0.134472 0.119906 0.068151 0.052944 
0.000042 0.021632 0.124812 0.156392 0.195244 0.059596 0.138751 0.161123 0.093233 0.049177 
0.003849 0.019317 0.144909 0.217668 0.180861 0.039577 0.101869 0.187771 0.079476 0.024704 
0.009541 0.037184 0.160508 0.224668 0.228941 0.080096 0.054422 0.136999 0.028327 0.039314 
0.006216 0.033069 0.115629 0.153796 0.253181 0.159122 0.043750 0.142982 0.042273 0.049981 
0.006207 0.023846 0.118770 0.198717 0.337619 0.084762 0.050771 0.119951 0.032005 0.027352 
0.002614 0.031105 0.161785 0.145598 0.404209 0.055556 0.051340 0.094479 0.033106 0.020207 
0.004072 0.013251 0.134866 0.238620 0.278802 0.115805 0.067602 0.081964 0.038941 0.026078 
0.005840 0.026724 0.099995 0.215210 0.260549 0.160245 0.058391 0.090873 0.053307 0.028865 
0.002982 0.012324 0.103005 0.345072 0.184156 0.133024 0.066173 0.077074 0.051055 0.025134 
0.011093 0.049859 0.223297 0.261856 0.208723 0.058214 0.058346 0.053718 0.054643 0.020251 
0.013990 0.057857 0.241422 0.190647 0.310554 0.025637 0.064566 0.036484 0.046204 0.012639 
0.003611 0.067418 0.209210 0.247795 0.215014 0.082137 0.024671 0.090764 0.031082 0.028300 
0.009147 0.035057 0.117117 0.248071 0.267108 0.146613 0.055390 0.074996 0.023462 0.023039 
0.007550 0.044285 0.146500 0.202764 0.227062 0.034050 0.044629 0.210902 0.037200 0.045058 
0.014227 0.062197 0.183285 0.162352 0.230443 0.034036 0.023853 0.198956 0.063521 0.027130 
0.000588 0.026919 0.058246 0.273582 0.231974 0.067309 0.060193 0.139252 0.080366 0.061572 
0.006916 0.036755 0.115714 0.234381 0.244500 0.029923 0.069572 0.151151 0.083070 0.028019 
0.000743 0.014858 0.083119 0.183813 0.279880 0.072232 0.052688 0.200470 0.088883 0.023312 
0.001852 0.013621 0.054636 0.212819 0.267124 0.110554 0.069622 0.184216 0.053753 0.031804 
0.004918 0.025895 0.081853 0.143428 0.213747 0.130925 0.070299 0.165633 0.107261 0.056040 
0.005154 0.020137 0.070742 0.180864 0.258944 0.202365 0.067146 0.084694 0.056277 0.053676 
0.009293 0.044554 0.142394 0.159040 0.305526 0.065322 0.076710 0.120853 0.059069 0.017240 
0.007349 0.033464 0.175319 0.160959 0.207008 0.039752 0.165122 0.116891 0.078671 0.015464 
0.008095 0.036176 0.144040 0.214032 0.230047 0.080574 0.079449 0.137835 0.041781 0.027972 
0.007186 0.027100 0.101263 0.201052 0.256700 0.122068 0.072971 0.144116 0.030769 0.036774 
0.005101 0.027521 0.109593 0.170831 0.249541 0.067119 0.089891 0.160287 0.082879 0.037238 
0.000677 0.009974 0.256152 0.094947 0.220891 0.051749 0.166128 0.088494 0.090578 0.020411 
0.007770 0.058211 0.287558 0.130342 0.213939 0.030233 0.084805 0.122253 0.046921 0.017969 
0.008708 0.060011 0.294236 0.148136 0.196495 0.030324 0.100550 0.103128 0.039790 0.018622 
0.010463 0.050454 0.362069 0.180939 0.167750 0.037073 0.039169 0.091552 0.043797 0.016734 
0.008172 0.040951 0.335451 0.164809 0.216359 0.025807 0.076682 0.084561 0.027324 0.019886 
0.006833 0.030633 0.300778 0.160918 0.219524 0.056425 0.097653 0.085652 0.026586 0.014998 
0.002247 0.022657 0.230689 0.176405 0.268865 0.104106 0.048835 0.096182 0.034465 0.015548 
0.000450 0.018507 0.237055 0.219957 0.218796 0.084832 0.064890 0.079727 0.037929 0.037856 
0.000065 0.013286 0.214922 0.229023 0.220461 0.098742 0.051846 0.097593 0.049672 0.024390 
0.002170 0.027386 0.224329 0.267080 0.213495 0.095740 0.051648 0.071202 0.029866 0.017083 
0.001740 0.013928 0.161014 0.218557 0.285888 0.088339 0.051281 0.140362 0.028506 0.010386 
0.010839 0.032882 0.151810 0.164555 0.245903 0.117533 0.081595 0.147624 0.030083 0.017176 
0.003448 0.020064 0.128918 0.158800 0.221375 0.181161 0.080320 0.157554 0.027440 0.020921 
0.003862 0.017198 0.109689 0.209209 0.246966 0.153129 0.107384 0.115928 0.028513 0.008120 
0.015785 0.066537 0.151551 0.166780 0.240227 0.127815 0.051417 0.120890 0.038624 0.020373 
0.010029 0.046006 0.123024 0.160697 0.257078 0.133954 0.095524 0.100314 0.049710 0.023664 
0.003959 0.021143 0.114204 0.195527 0.278115 0.150013 0.069665 0.135043 0.026952 0.005378 
0.001712 0.017867 0.160217 0.224376 0.233326 0.164272 0.055675 0.088607 0.030853 0.023095 
0.004536 0.015924 0.121002 0.216842 0.214178 0.165893 0.051724 0.136888 0.052709 0.020304 
0.002441 0.014570 0.104169 0.241152 0.208933 0.191251 0.059882 0.051653 0.091534 0.034414 
0.005206 0.024661 0.111619 0.222712 0.212475 0.169110 0.088210 0.059185 0.079571 0.027249 
0.000286 0.003796 0.108704 0.286572 0.215318 0.148566 0.092835 0.087479 0.037615 0.018829 
0.001172 0.008429 0.153372 0.276879 0.286029 0.113412 0.070671 0.057892 0.024344 0.007799 
0.010083 0.047548 0.162523 0.253224 0.243537 0.089272 0.090023 0.050222 0.037718 0.015851 
0.000586 0.028050 0.132946 0.249672 0.194888 0.099133 0.074123 0.125929 0.065951 0.028722 
0.004973 0.024908 0.108304 0.183887 0.303515 0.157421 0.072250 0.082907 0.025237 0.036598 
0.001394 0.008302 0.117535 0.170488 0.268545 0.122561 0.070415 0.184274 0.038373 0.018113 
0.002560 0.017656 0.098278 0.180348 0.265372 0.115344 0.080535 0.191248 0.032840 0.015819 
0.004203 0.020433 0.086567 0.226550 0.327055 0.077390 0.065283 0.130319 0.045734 0.016465 
0.000581 0.003333 0.109567 0.235687 0.327203 0.076175 0.043873 0.162334 0.030901 0.010345 
0.001921 0.026961 0.071726 0.246712 0.295084 0.087906 0.075183 0.107848 0.057700 0.028958 
0.005928 0.022018 0.126274 0.241901 0.234731 0.107137 0.087894 0.083834 0.042780 0.047503 
0.000660 0.015433 0.096815 0.247178 0.243320 0.120862 0.080615 0.106432 0.057390 0.031294 
0.004557 0.023409 0.092163 0.285424 0.207875 0.127493 0.083554 0.100754 0.053760 0.021012 
0.003164 0.012030 0.109921 0.278722 0.234719 0.129290 0.061397 0.104655 0.058477 0.007625 
0.000037 0.011655 0.092956 0.332731 0.169270 0.118450 0.072243 0.124873 0.051099 0.026686 
0.002438 0.023984 0.133032 0.300880 0.145500 0.107306 0.071727 0.107506 0.057666 0.049961 
0.001829 0.022471 0.105965 0.141458 0.240283 0.122123 0.102815 0.166734 0.053253 0.043070 
0.007381 0.036732 0.092954 0.138715 0.195135 0.155168 0.044110 0.200283 0.077873 0.051650 
0.001498 0.012316 0.117920 0.113497 0.191851 0.176765 0.078169 0.178099 0.098302 0.031583 
0.002105 0.010793 0.121300 0.143392 0.128568 0.175503 0.090166 0.222392 0.080255 0.025526 
0.000026 0.009495 0.094097 0.224873 0.180071 0.143493 0.052012 0.173343 0.093607 0.028984 
0.001213 0.014781 0.081442 0.271108 0.167429 0.088760 0.089606 0.179832 0.088612 0.017217 
0.006468 0.030069 0.124132 0.290232 0.132851 0.069903 0.065495 0.178241 0.058899 0.043711 
0.005217 0.028403 0.203332 0.301819 0.121943 0.041119 0.077517 0.103981 0.048311 0.068358 
0.007045 0.032483 0.218281 0.300964 0.129816 0.024916 0.094061 0.129239 0.014026 0.049168 
0.000906 0.015829 0.157218 0.320421 0.128566 0.063499 0.050489 0.127223 0.083094 0.052756 
0.000036 0.008843 0.144300 0.307509 0.144004 0.074191 0.079340 0.117056 0.071059 0.053661 
0.007523 0.038942 0.175236 0.314369 0.146676 0.091526 0.053663 0.091638 0.038577 0.041851 
0.000922 0.038007 0.172036 0.166110 0.087497 0.112468 0.079230 0.192069 0.076209 0.075452 
0.010009 0.039445 0.147264 0.196618 0.135214 0.090384 0.076385 0.122569 0.099059 0.083054 
0.003928 0.019483 0.147350 0.150979 0.216422 0.078464 0.065583 0.182041 0.073860 0.061891 
0.006242 0.026114 0.139079 0.211458 0.212925 0.071174 0.097522 0.130763 0.068531 0.036193 
0.003556 0.021485 0.118510 0.204544 0.159193 0.058168 0.094398 0.219122 0.074219 0.046806 
0.003817 0.016397 0.156612 0.220212 0.215821 0.087368 0.055355 0.128116 0.073091 0.043211 
0.003981 0.022985 0.089272 0.226921 0.262789 0.076834 0.067110 0.155813 0.061841 0.032453 
0.005654 0.018945 0.054055 0.287825 0.148687 0.035629 0.123256 0.039783 0.236861 0.049306 
0.005773 0.027642 0.086810 0.176932 0.173808 0.046873 0.196048 0.051761 0.179607 0.054747 
0.003189 0.015691 0.075237 0.193204 0.141686 0.027793 0.126523 0.070612 0.175546 0.170518 
0.005244 0.023268 0.098162 0.166615 0.120415 0.029908 0.134078 0.073908 0.193924 0.154479 
0.000825 0.006818 0.100635 0.206602 0.080035 0.031557 0.150248 0.055911 0.244127 0.123243 
0.013453 0.044115 0.087684 0.196470 0.067073 0.032379 0.120967 0.068670 0.167157 0.202032 
0.003675 0.025412 0.077360 0.209020 0.130589 0.059907 0.114195 0.073343 0.102180 0.204319 
0.005883 0.030324 0.069798 0.187613 0.115771 0.041896 0.143581 0.096722 0.164626 0.143785 
0.002701 0.018411 0.073369 0.240343 0.103585 0.052330 0.169776 0.078704 0.128181 0.132600 
0.005498 0.024038 0.062885 0.277465 0.123116 0.039498 0.166316 0.056998 0.072544 0.171642 
0.005640 0.012908 0.057403 0.206858 0.122224 0.060953 0.181205 0.107141 0.097169 0.148499 
0.004602 0.017155 0.081689 0.328821 0.064085 0.059177 0.156549 0.077692 0.119499 0.090732 
0.001786 0.010955 0.083009 0.321928 0.112920 0.070122 0.140664 0.088039 0.054582 0.115993 
0.002025 0.007754 0.099446 0.409725 0.112717 0.038524 0.128165 0.061255 0.058653 0.081736 
0.002561 0.011098 0.088486 0.385767 0.181545 0.052220 0.086315 0.093351 0.053893 0.044764 
0.003957 0.013545 0.117411 0.429606 0.214180 0.013646 0.065814 0.065419 0.036934 0.039487 
0.006986 0.022604 0.098987 0.345884 0.199967 0.061863 0.104667 0.074929 0.055468 0.028644 
0.010135 0.014041 0.088529 0.281709 0.207660 0.068225 0.138683 0.092211 0.057768 0.041039 
0.007826 0.023473 0.098770 0.216379 0.167774 0.069002 0.101429 0.125780 0.145684 0.043884 
0.005412 0.024010 0.069470 0.125499 0.145019 0.069915 0.111121 0.142793 0.184017 0.122744 
0.008179 0.019788 0.086552 0.144987 0.155404 0.056966 0.080375 0.212487 0.075646 0.159615 
0.003012 0.011924 0.111563 0.118218 0.193879 0.033464 0.110813 0.215424 0.121332 0.080372 
0.008005 0.038943 0.113702 0.166384 0.186140 0.050255 0.043890 0.151914 0.072898 0.167869 
0.001087 0.006709 0.108699 0.151603 0.143963 0.038199 0.068746 0.217571 0.134964 0.128459 
0.004629 0.016056 0.081820 0.145787 0.163090 0.090041 0.154441 0.182279 0.120255 0.041602 
0.000683 0.011017 0.088048 0.150609 0.158368 0.064778 0.118110 0.206466 0.138450 0.063471 
0.001033 0.017738 0.113357 0.124417 0.181943 0.082898 0.046070 0.218198 0.068928 0.145419 
0.000045 0.022048 0.112161 0.182351 0.124646 0.088845 0.063573 0.291865 0.048397 0.066069 
0.012646 0.054482 0.148048 0.171521 0.138740 0.063797 0.057070 0.244826 0.070576 0.038294 
0.005625 0.040275 0.117174 0.252446 0.158473 0.053184 0.093406 0.189728 0.041361 0.048328 
0.001161 0.021674 0.147785 0.227690 0.196968 0.041180 0.064082 0.186839 0.073941 0.038679 
0.003147 0.013359 0.096828 0.228032 0.181066 0.049643 0.079630 0.230278 0.067943 0.050074 
0.004921 0.021980 0.189975 0.141572 0.198266 0.067663 0.082329 0.159791 0.062284 0.071220 
0.001623 0.008952 0.245424 0.216702 0.187688 0.055087 0.062676 0.109848 0.065923 0.046076 
0.005392 0.022531 0.195014 0.239424 0.163181 0.064490 0.074511 0.148148 0.034636 0.052672 
0.005683 0.030807 0.187474 0.165860 0.175763 0.064183 0.084395 0.191738 0.043007 0.051091 
0.002738 0.014667 0.078869 0.087470 0.154985 0.076125 0.170004 0.217396 0.102997 0.094750 
0.007736 0.015053 0.091549 0.174455 0.153331 0.051503 0.118412 0.137979 0.128186 0.121796 
0.001044 0.010519 0.129284 0.173134 0.171355 0.031598 0.097759 0.142257 0.161295 0.081756 
0.002703 0.013293 0.103262 0.158599 0.129258 0.067382 0.141183 0.197408 0.129478 0.057434 
0.013750 0.011848 0.102425 0.228424 0.185580 0.026649 0.109314 0.160136 0.111295 0.050579 
0.004430 0.023206 0.135308 0.167072 0.147245 0.085894 0.085862 0.116412 0.132131 0.102441 
0.000351 0.011108 0.118200 0.199773 0.128083 0.062000 0.072544 0.142442 0.163817 0.101682 
0.001307 0.020906 0.191750 0.205275 0.211024 0.044195 0.062382 0.154312 0.080840 0.028009 
0.005486 0.028961 0.096449 0.304080 0.211377 0.119827 0.055147 0.091318 0.043012 0.044344 
0.003412 0.017051 0.094286 0.308638 0.185523 0.061619 0.089869 0.171846 0.039097 0.028660 
0.004855 0.023164 0.063655 0.334769 0.233373 0.116486 0.053078 0.075642 0.053850 0.041127 
0.011616 0.054860 0.149847 0.279417 0.210661 0.067103 0.072682 0.071772 0.037529 0.044513 
0.010052 0.022297 0.124913 0.389869 0.153736 0.054560 0.045527 0.114775 0.054793 0.029477 
0.000844 0.017026 0.112510 0.278833 0.195605 0.161605 0.037359 0.105473 0.028306 0.062438 
0.000997 0.014728 0.094081 0.295537 0.198329 0.166325 0.034092 0.121025 0.025901 0.048984 
0.006211 0.025481 0.115682 0.288769 0.262302 0.123336 0.046348 0.046200 0.037160 0.048513 
0.001588 0.018661 0.106739 0.248367 0.319344 0.126662 0.041737 0.063708 0.043048 0.030147 
0.003878 0.013008 0.115589 0.193154 0.315507 0.153818 0.045082 0.104504 0.041053 0.014407 
0.007123 0.030290 0.100468 0.186133 0.324547 0.125386 0.071273 0.083806 0.031551 0.039422 
0.006074 0.036667 0.100100 0.130946 0.137611 0.143470 0.061071 0.207991 0.075126 0.100944 
0.004564 0.021543 0.109722 0.086013 0.198183 0.179883 0.044513 0.192281 0.086735 0.076561 
0.010843 0.048790 0.096312 0.068759 0.206895 0.229474 0.040780 0.141573 0.092525 0.064049 
0.008424 0.034897 0.097214 0.163564 0.202488 0.186492 0.034051 0.134725 0.071095 0.067050 
0.003196 0.015288 0.106703 0.161920 0.217879 0.164971 0.069736 0.122305 0.076135 0.061867 
0.004524 0.031537 0.104361 0.163797 0.210561 0.171996 0.090455 0.139510 0.041816 0.041444 
0.011033 0.043117 0.073661 0.151094 0.184664 0.146838 0.066771 0.168418 0.075829 0.078575 
0.008947 0.041417 0.113607 0.188361 0.207873 0.072120 0.052975 0.110264 0.070638 0.133799 
0.001691 0.007563 0.102992 0.217375 0.269764 0.070492 0.053695 0.110461 0.050181 0.115786 
0.005570 0.024243 0.089219 0.238600 0.237012 0.157733 0.051901 0.090592 0.043620 0.061511 
0.003197 0.028505 0.093824 0.227403 0.262138 0.167139 0.061938 0.063204 0.036168 0.056484 
0.008509 0.029807 0.089449 0.200887 0.267496 0.152115 0.035603 0.106088 0.053780 0.056265 
0.001795 0.008776 0.099276 0.188767 0.249686 0.200309 0.043612 0.088098 0.052759 0.066921 
0.015074 0.058789 0.147320 0.101529 0.092654 0.257226 0.064387 0.137445 0.053611 0.071965 
0.007549 0.035036 0.133757 0.135198 0.142274 0.177598 0.062768 0.188692 0.049270 0.067856 
0.001513 0.011244 0.126807 0.168634 0.204191 0.136213 0.038422 0.187031 0.074748 0.051198 
0.002500 0.020817 0.161944 0.145834 0.254915 0.123111 0.019248 0.206062 0.024392 0.041179 
0.002469 0.012292 0.170876 0.219200 0.277844 0.129672 0.026402 0.124233 0.018602 0.018410 
0.001576 0.012247 0.147752 0.234388 0.277636 0.133029 0.047702 0.070833 0.029956 0.044880 
0.003168 0.013607 0.084629 0.253191 0.227063 0.150357 0.063907 0.059906 0.048592 0.095580 
0.004058 0.017198 0.078261 0.229836 0.222499 0.162247 0.052210 0.082716 0.035495 0.115480 
0.008047 0.038234 0.090772 0.173611 0.195215 0.167954 0.056028 0.129077 0.040731 0.100331 
0.004823 0.031933 0.079406 0.142737 0.241401 0.188918 0.076199 0.095514 0.032882 0.106189 
0.004739 0.028086 0.113547 0.166457 0.257077 0.177279 0.050926 0.062667 0.047707 0.091516 
0.002844 0.012055 0.092660 0.180675 0.286365 0.174891 0.059248 0.091214 0.031276 0.068771 
0.005287 0.027503 0.139635 0.203041 0.101288 0.099033 0.093056 0.215285 0.050574 0.065298 
0.009224 0.051033 0.173412 0.169090 0.043003 0.121955 0.060867 0.227457 0.060946 0.083014 
