Clap-again,Akon
0.000000 0.000000 0.000000 0.000000 0.000000 0.000000 0.000000 0.000000 0.000000 0.000000 
0.010209 0.043372 0.069266 0.092227 0.114852 0.105603 0.144358 0.151740 0.151809 0.116565 
0.035102 0.423093 0.206837 0.088794 0.076096 0.027593 0.048317 0.042296 0.036332 0.015541 
0.005048 0.306567 0.203456 0.201669 0.069963 0.067397 0.041820 0.043290 0.046828 0.013962 
0.014040 0.235044 0.289193 0.176565 0.064216 0.071593 0.052142 0.040256 0.034593 0.022358 
0.009274 0.244383 0.360316 0.171009 0.042101 0.045995 0.031338 0.053296 0.021767 0.020522 
0.006129 0.246275 0.296931 0.174462 0.045563 0.051180 0.048079 0.050714 0.043156 0.037510 
0.026809 0.235724 0.240393 0.168776 0.077178 0.073595 0.048833 0.074093 0.032049 0.022550 
0.009880 0.281758 0.226285 0.153596 0.065843 0.104925 0.054510 0.058767 0.022892 0.021544 
0.006372 0.210172 0.231764 0.148530 0.130315 0.115394 0.021671 0.077976 0.033508 0.024299 
0.003827 0.271433 0.222502 0.131843 0.111213 0.087724 0.041986 0.069112 0.014200 0.046159 
0.005480 0.252090 0.260646 0.131812 0.110092 0.096236 0.034264 0.046081 0.034666 0.028633 
0.025306 0.305414 0.286972 0.081152 0.094209 0.061108 0.009791 0.061717 0.032919 0.041413 
0.019916 0.276920 0.305621 0.084727 0.090603 0.078698 0.035587 0.051957 0.017839 0.038132 
0.011284 0.213356 0.238282 0.163118 0.115408 0.085662 0.035854 0.058728 0.042916 0.035391 
0.012744 0.244468 0.260529 0.140344 0.091334 0.059307 0.031216 0.075654 0.039246 0.045157 
0.010174 0.198279 0.351935 0.086562 0.077615 0.120076 0.040729 0.045766 0.014957 0.053909 
0.006650 0.229206 0.311452 0.061700 0.093489 0.100650 0.038607 0.080682 0.029293 0.048269 
0.014211 0.186881 0.316172 0.068516 0.067541 0.107436 0.063331 0.114605 0.031033 0.030275 
0.013430 0.175406 0.295848 0.108806 0.064718 0.101507 0.056356 0.116970 0.029824 0.037137 
0.017429 0.159686 0.271770 0.148548 0.097116 0.138134 0.054563 0.048319 0.028599 0.035836 
0.012462 0.163967 0.199451 0.163628 0.118706 0.127084 0.059968 0.092391 0.040112 0.022232 
0.017091 0.132870 0.226411 0.167863 0.112299 0.095552 0.068681 0.101325 0.033717 0.044190 
0.003900 0.119938 0.235730 0.195550 0.088695 0.100898 0.078829 0.085604 0.039401 0.051455 
0.002602 0.163261 0.203254 0.207117 0.060533 0.098413 0.070910 0.098877 0.030813 0.064219 
0.009863 0.153195 0.222299 0.174439 0.074510 0.089788 0.051007 0.134800 0.030562 0.059537 
0.012302 0.210632 0.223656 0.134969 0.056958 0.084032 0.061559 0.115296 0.047312 0.053284 
0.005267 0.178710 0.321507 0.116319 0.115264 0.062171 0.044656 0.078851 0.037426 0.039828 
0.005878 0.141764 0.312801 0.128411 0.168456 0.065716 0.025548 0.053265 0.021175 0.076985 
0.012571 0.125793 0.243242 0.165769 0.156615 0.057781 0.067261 0.062095 0.043863 0.065010 
0.009863 0.125705 0.289562 0.136980 0.133561 0.080254 0.055095 0.070899 0.034263 0.063817 
0.006520 0.127083 0.320812 0.092629 0.163992 0.091433 0.041509 0.075636 0.030861 0.049524 
0.013725 0.154520 0.335642 0.093914 0.138573 0.055360 0.078458 0.079589 0.014422 0.035799 
0.005337 0.136759 0.344946 0.121896 0.155790 0.071240 0.070960 0.052930 0.021116 0.019026 
0.000827 0.150232 0.420417 0.114920 0.108503 0.065144 0.053193 0.039102 0.020121 0.027543 
0.003155 0.125278 0.483937 0.096660 0.101802 0.052393 0.031698 0.029865 0.039660 0.035552 
0.003673 0.182707 0.358311 0.159201 0.065431 0.043383 0.030372 0.058013 0.051241 0.047668 
0.011605 0.174808 0.256562 0.182323 0.106290 0.079509 0.032911 0.065356 0.043175 0.047462 
0.005642 0.201102 0.262094 0.179453 0.095148 0.062453 0.067638 0.057213 0.043383 0.025874 
0.024180 0.188640 0.255102 0.161011 0.142102 0.064718 0.059440 0.056307 0.031840 0.016660 
0.016189 0.230395 0.172014 0.078681 0.175924 0.105037 0.067423 0.075326 0.044959 0.034054 
0.021525 0.159219 0.283064 0.114315 0.104405 0.050297 0.054784 0.093580 0.061697 0.057115 
0.019291 0.125770 0.318167 0.113833 0.170702 0.071905 0.077180 0.045575 0.022696 0.034882 
0.010297 0.116455 0.274466 0.108990 0.230517 0.115585 0.045408 0.056616 0.021211 0.020454 
0.018323 0.118361 0.231151 0.075853 0.243238 0.127743 0.092940 0.047118 0.024779 0.020495 
0.004022 0.154176 0.299779 0.076610 0.235901 0.063039 0.047832 0.050341 0.042168 0.026133 
0.010575 0.124765 0.306009 0.212273 0.181789 0.034930 0.033272 0.042401 0.031964 0.022021 
0.005614 0.145567 0.274957 0.188665 0.150015 0.066728 0.049351 0.059864 0.033929 0.025309 
0.012123 0.110427 0.286038 0.190954 0.152302 0.090567 0.026284 0.062546 0.041411 0.027347 
0.001735 0.132609 0.358411 0.220594 0.108996 0.047635 0.017102 0.067601 0.016115 0.029202 
0.014367 0.101554 0.335816 0.190234 0.146563 0.051699 0.043839 0.065569 0.033978 0.016380 
0.005712 0.107857 0.337264 0.158865 0.142067 0.056576 0.062189 0.046844 0.048520 0.034107 
0.017648 0.137293 0.294582 0.202237 0.138738 0.034592 0.034006 0.061531 0.037766 0.041606 
0.010122 0.113786 0.328468 0.184220 0.109584 0.045986 0.040394 0.051499 0.057654 0.058287 
0.000541 0.081638 0.307727 0.162251 0.198327 0.095998 0.053544 0.054100 0.023793 0.022082 
0.007869 0.119655 0.283067 0.145759 0.180993 0.103856 0.066388 0.047649 0.030542 0.014221 
0.004030 0.140166 0.310399 0.111623 0.206780 0.078868 0.027584 0.051683 0.047511 0.021357 
0.005206 0.155623 0.234794 0.159685 0.173073 0.087829 0.037156 0.069560 0.033039 0.044036 
0.014398 0.130610 0.261200 0.120221 0.151550 0.105361 0.074115 0.055962 0.050595 0.035988 
0.003340 0.115252 0.237663 0.119099 0.181992 0.146674 0.053119 0.059984 0.043064 0.039812 
0.006620 0.152499 0.215076 0.129295 0.130876 0.160924 0.043057 0.079939 0.033809 0.047904 
0.020484 0.174811 0.245063 0.109473 0.061320 0.141097 0.075644 0.098517 0.034084 0.039505 
0.009445 0.180303 0.287130 0.115616 0.059943 0.138267 0.060044 0.073315 0.033064 0.042873 
0.014299 0.175954 0.292781 0.141766 0.082165 0.113797 0.061736 0.059550 0.022775 0.035178 
0.017915 0.221303 0.253336 0.141219 0.067889 0.040617 0.087342 0.078896 0.026622 0.064861 
0.025664 0.182812 0.267973 0.125178 0.062548 0.117692 0.077931 0.048993 0.029000 0.062210 
0.001472 0.172781 0.320400 0.116286 0.048636 0.106332 0.037284 0.115834 0.037923 0.043053 
0.010990 0.148176 0.292282 0.074135 0.082953 0.123784 0.063259 0.108716 0.033228 0.062476 
0.007359 0.141364 0.230609 0.099138 0.113932 0.173334 0.043808 0.090488 0.024095 0.075871 
0.012918 0.101431 0.258134 0.116895 0.106587 0.138285 0.064048 0.123832 0.026788 0.051082 
0.006178 0.089301 0.285450 0.127653 0.106973 0.105755 0.047990 0.144135 0.028204 0.058359 
0.005392 0.105601 0.238855 0.083988 0.141884 0.152284 0.052544 0.145774 0.031356 0.042322 
0.008677 0.101487 0.249984 0.131306 0.125594 0.215249 0.038869 0.062822 0.031891 0.034120 
0.010793 0.126465 0.231355 0.129735 0.091967 0.147687 0.056832 0.139519 0.042853 0.022794 
0.016695 0.159553 0.243993 0.091653 0.092729 0.096368 0.072453 0.132229 0.048879 0.045447 
0.012670 0.168188 0.298144 0.140145 0.078869 0.101680 0.060901 0.073202 0.016228 0.049973 
0.017321 0.135383 0.372954 0.098909 0.049146 0.094801 0.046318 0.108745 0.033890 0.042534 
0.001039 0.109857 0.374483 0.126965 0.042303 0.072975 0.048140 0.124485 0.039268 0.060484 
0.000640 0.133492 0.289218 0.154185 0.087610 0.082402 0.028912 0.117234 0.047882 0.058426 
0.014228 0.140939 0.299770 0.147921 0.097471 0.063519 0.033637 0.106126 0.032019 0.064371 
0.004870 0.102375 0.312545 0.175836 0.107076 0.069789 0.064843 0.064491 0.026808 0.071365 
0.004261 0.127956 0.302241 0.191883 0.101211 0.067091 0.037603 0.052968 0.041547 0.073239 
0.013639 0.170269 0.244851 0.159912 0.139961 0.081057 0.027402 0.054559 0.055438 0.052912 
0.005064 0.171267 0.226385 0.194814 0.129126 0.074820 0.028565 0.074666 0.048608 0.046685 
0.007699 0.174695 0.273868 0.216157 0.090588 0.082683 0.049158 0.047567 0.036873 0.020711 
0.012913 0.148979 0.280500 0.177936 0.101564 0.101736 0.053097 0.045950 0.057338 0.019987 
0.010814 0.100722 0.253558 0.127298 0.135618 0.140404 0.053607 0.042988 0.104283 0.030708 
0.005734 0.107587 0.333461 0.113142 0.128519 0.143699 0.022953 0.049357 0.077854 0.017696 
0.019507 0.124330 0.296029 0.128448 0.109793 0.138317 0.048424 0.047100 0.064997 0.023055 
0.010919 0.147439 0.303981 0.149987 0.069315 0.122916 0.039315 0.058271 0.072203 0.025653 
0.008996 0.132052 0.263576 0.202599 0.090403 0.130446 0.057907 0.045542 0.050261 0.018218 
0.015049 0.187877 0.267298 0.153043 0.070750 0.092376 0.041346 0.040299 0.109778 0.022184 
0.022753 0.181045 0.328889 0.097098 0.075983 0.135074 0.037636 0.030046 0.068421 0.023054 
0.013472 0.162235 0.302441 0.094440 0.074066 0.121246 0.020440 0.043245 0.139016 0.029399 
0.004292 0.112304 0.251011 0.082554 0.069225 0.138351 0.068218 0.087564 0.153083 0.033399 
0.004515 0.140847 0.269788 0.144841 0.034008 0.135086 0.033590 0.036069 0.165192 0.036065 
0.001316 0.094303 0.311242 0.178983 0.085727 0.167218 0.022847 0.039307 0.071356 0.027701 
0.007569 0.110316 0.244107 0.129288 0.075776 0.141436 0.035518 0.042070 0.182470 0.031448 
0.000648 0.095609 0.220259 0.145105 0.104235 0.121063 0.084714 0.036262 0.145920 0.046184 
0.009498 0.126535 0.210695 0.135626 0.087479 0.153030 0.054007 0.044339 0.136013 0.042777 
0.012215 0.106508 0.195021 0.093777 0.107912 0.134006 0.081784 0.069088 0.182664 0.017026 
0.000820 0.107614 0.186072 0.198713 0.096986 0.123151 0.045756 0.034962 0.169178 0.036748 
0.008494 0.117126 0.185221 0.199334 0.110570 0.112819 0.024683 0.068084 0.123454 0.050215 
0.017855 0.149664 0.305102 0.168840 0.107466 0.080497 0.032994 0.046547 0.052282 0.038754 
0.021150 0.201798 0.256473 0.203756 0.053647 0.090624 0.050757 0.026510 0.077149 0.018136 
0.028331 0.168091 0.242475 0.184799 0.085142 0.086346 0.070919 0.058245 0.058581 0.017071 
0.004917 0.160780 0.193509 0.201435 0.092294 0.080051 0.108849 0.069872 0.070312 0.017981 
0.007003 0.115058 0.189573 0.287532 0.059178 0.191564 0.043749 0.036711 0.051880 0.017750 
0.009239 0.170306 0.266407 0.229872 0.112552 0.123452 0.019446 0.021889 0.032964 0.013873 
0.018063 0.179093 0.203766 0.230813 0.155118 0.072229 0.037054 0.034962 0.051922 0.016978 
0.000695 0.171740 0.263025 0.230523 0.165405 0.034950 0.047717 0.026097 0.042549 0.017298 
0.006760 0.111785 0.290372 0.210137 0.176152 0.068794 0.056439 0.034780 0.030211 0.014570 
0.016771 0.265873 0.135630 0.123025 0.205683 0.121089 0.035804 0.038030 0.031297 0.026798 
0.032194 0.307780 0.103187 0.091917 0.160494 0.112574 0.054397 0.053784 0.060245 0.023428 
0.033034 0.361946 0.154010 0.112944 0.134470 0.062418 0.036004 0.041109 0.050556 0.013508 
0.014044 0.358442 0.234194 0.103795 0.087172 0.057624 0.032691 0.028083 0.039187 0.044768 
0.011126 0.323015 0.253597 0.130254 0.074733 0.053390 0.031350 0.035934 0.037174 0.049425 
0.026899 0.320327 0.212120 0.148199 0.079065 0.048709 0.053896 0.026672 0.039433 0.044681 
0.022612 0.235989 0.209173 0.136626 0.126731 0.063595 0.074872 0.055307 0.027259 0.047838 
0.016064 0.252929 0.139364 0.149881 0.154824 0.068991 0.045129 0.048139 0.065719 0.058960 
0.030698 0.219044 0.106864 0.223120 0.131234 0.084064 0.026509 0.051578 0.077012 0.049877 
0.019218 0.241016 0.086597 0.185829 0.138357 0.109256 0.059086 0.069323 0.059564 0.031755 
0.001516 0.165854 0.108466 0.170595 0.235240 0.097859 0.051536 0.059344 0.072912 0.036678 
0.003941 0.151654 0.111254 0.176480 0.261779 0.100419 0.072172 0.057538 0.030581 0.034182 
0.015823 0.138543 0.148959 0.212709 0.206361 0.132262 0.058521 0.022823 0.045472 0.018527 
0.024712 0.152145 0.113471 0.241850 0.126389 0.095285 0.078128 0.081644 0.061064 0.025313 
0.001588 0.122432 0.087990 0.273954 0.154340 0.074642 0.072778 0.081566 0.088286 0.042424 
0.000439 0.096743 0.190927 0.269695 0.117927 0.135488 0.056341 0.043946 0.039587 0.048907 
0.003943 0.101589 0.217288 0.298524 0.122932 0.066462 0.061941 0.054311 0.032560 0.040450 
0.004160 0.073116 0.139414 0.202127 0.189313 0.126385 0.067182 0.081085 0.068020 0.049198 
0.005821 0.074485 0.087848 0.216836 0.228757 0.123554 0.065006 0.079697 0.080953 0.037043 
0.008776 0.060829 0.148351 0.166739 0.264257 0.071180 0.088842 0.058008 0.078650 0.054368 
0.003257 0.151610 0.250904 0.132815 0.217776 0.057109 0.048167 0.020919 0.066545 0.050897 
0.018317 0.138771 0.202010 0.144024 0.229300 0.032820 0.066086 0.047730 0.095657 0.025285 
0.004394 0.157012 0.158101 0.216842 0.178387 0.036981 0.122965 0.044547 0.057373 0.023399 
0.021756 0.177658 0.178939 0.277097 0.093544 0.049073 0.073752 0.031661 0.069229 0.027292 
0.017138 0.197215 0.218629 0.205876 0.135802 0.086403 0.031705 0.016120 0.064391 0.026722 
0.003987 0.150743 0.186234 0.226553 0.122002 0.127281 0.048294 0.055190 0.034823 0.044893 
0.002873 0.114572 0.081866 0.288310 0.152910 0.120774 0.055523 0.036329 0.100184 0.046659 
0.007130 0.080396 0.139553 0.201696 0.229315 0.126607 0.104803 0.036875 0.053303 0.020321 
0.010947 0.086454 0.257483 0.155948 0.212308 0.089406 0.080861 0.040785 0.052476 0.013332 
0.006801 0.067133 0.168391 0.253141 0.191422 0.136566 0.038840 0.046462 0.070226 0.021017 
0.004379 0.092048 0.166715 0.230904 0.174164 0.113368 0.044619 0.062348 0.077945 0.033510 
0.001439 0.107183 0.191993 0.149739 0.173205 0.122012 0.055521 0.061065 0.095738 0.042106 
0.013387 0.120636 0.201188 0.173580 0.156415 0.139460 0.047334 0.046854 0.078651 0.022497 
0.005470 0.131030 0.143536 0.165845 0.177435 0.128786 0.024083 0.059899 0.129881 0.034034 
0.006418 0.085779 0.213546 0.138579 0.092605 0.132292 0.051083 0.108980 0.144860 0.025858 
0.009887 0.126880 0.243560 0.192483 0.106586 0.105822 0.048230 0.064253 0.087480 0.014818 
0.013967 0.163490 0.165875 0.240244 0.086220 0.127832 0.076693 0.073693 0.027546 0.024440 
0.005131 0.132868 0.233624 0.263933 0.119329 0.066938 0.036314 0.040114 0.078626 0.023124 
0.015621 0.146910 0.234190 0.165116 0.197835 0.062556 0.052671 0.072090 0.034033 0.018978 
0.002365 0.079293 0.304471 0.164563 0.212177 0.062860 0.028874 0.064029 0.063500 0.017867 
0.010990 0.122921 0.230457 0.098649 0.204995 0.080630 0.041463 0.066697 0.120236 0.022961 
0.010779 0.107240 0.225987 0.146037 0.222694 0.067376 0.049141 0.058148 0.088284 0.024313 
0.002157 0.084800 0.275705 0.144148 0.209182 0.074877 0.063173 0.049660 0.053863 0.042436 
0.004780 0.085384 0.309118 0.178937 0.192323 0.077779 0.064002 0.029716 0.034948 0.023015 
0.017552 0.067173 0.171624 0.198098 0.202119 0.100632 0.041949 0.080673 0.085989 0.034189 
0.003474 0.086430 0.171920 0.214760 0.161310 0.121716 0.062060 0.076278 0.062022 0.040029 
0.002987 0.063877 0.225515 0.231318 0.161391 0.086136 0.050831 0.084271 0.057088 0.036586 
0.003063 0.105886 0.195167 0.243044 0.163558 0.113700 0.043179 0.046787 0.053877 0.031738 
0.011211 0.109826 0.210271 0.258041 0.119438 0.117730 0.057197 0.017462 0.065840 0.032985 
0.008953 0.178226 0.310684 0.206179 0.098205 0.057611 0.037477 0.035012 0.026122 0.041533 
0.025860 0.153042 0.315577 0.170946 0.178932 0.024799 0.042048 0.020359 0.046360 0.022078 
0.005940 0.132160 0.284041 0.153717 0.197619 0.060433 0.047690 0.052883 0.046396 0.019122 
0.009849 0.095048 0.262183 0.165386 0.179036 0.096329 0.070797 0.049558 0.041729 0.030086 
0.018401 0.138627 0.230082 0.129050 0.137246 0.110584 0.069531 0.046826 0.075670 0.043982 
0.003803 0.106599 0.258338 0.158959 0.117832 0.094613 0.070242 0.056297 0.095004 0.038313 
0.008150 0.107237 0.280586 0.193999 0.102880 0.050135 0.095269 0.045368 0.059403 0.056972 
0.003356 0.070368 0.320106 0.191691 0.101924 0.124573 0.037543 0.047633 0.055308 0.047498 
0.016213 0.135536 0.288080 0.172779 0.118403 0.116780 0.050048 0.028481 0.036416 0.037265 
0.006470 0.082108 0.278182 0.202845 0.129481 0.077634 0.052657 0.055989 0.064772 0.049863 
0.008633 0.138367 0.238371 0.149201 0.138543 0.111518 0.061541 0.035976 0.068868 0.048981 
0.001292 0.093758 0.257483 0.145510 0.112349 0.120360 0.043926 0.083601 0.077551 0.064169 
0.000842 0.115017 0.192183 0.142571 0.145683 0.081954 0.096849 0.086677 0.093540 0.044686 
0.014005 0.081433 0.185991 0.167499 0.225934 0.072457 0.086171 0.066009 0.072128 0.028373 
0.005066 0.073675 0.239793 0.169750 0.247767 0.104293 0.057622 0.035780 0.046075 0.020178 
0.010044 0.046442 0.223596 0.165657 0.262980 0.093756 0.038748 0.071788 0.060932 0.026058 
0.007386 0.082429 0.113917 0.244953 0.190455 0.058315 0.078087 0.100735 0.102928 0.020794 
0.015146 0.083417 0.184657 0.239794 0.147922 0.124272 0.074959 0.046514 0.030559 0.052760 
0.005179 0.119064 0.237272 0.129889 0.100816 0.146047 0.083724 0.071985 0.055827 0.050197 
0.002373 0.103554 0.201161 0.164897 0.150376 0.094892 0.067683 0.102234 0.067310 0.045518 
0.011548 0.099857 0.132577 0.193385 0.203271 0.087094 0.035411 0.102770 0.088608 0.045479 
0.002760 0.126620 0.215376 0.146379 0.208317 0.030233 0.066814 0.062242 0.094083 0.047175 
0.001223 0.072878 0.219115 0.171739 0.257390 0.060400 0.064639 0.042682 0.069105 0.040829 
0.006395 0.130067 0.261609 0.181550 0.236028 0.053659 0.027742 0.022649 0.044493 0.035809 
0.015730 0.178192 0.263765 0.118318 0.178232 0.092585 0.040727 0.019773 0.045886 0.046793 
0.008521 0.191026 0.302606 0.141450 0.163009 0.083800 0.031502 0.030817 0.015470 0.031798 
0.000657 0.164157 0.306036 0.128490 0.178436 0.072584 0.042680 0.027402 0.054655 0.024903 
0.017679 0.157947 0.251144 0.125208 0.170481 0.148959 0.022888 0.022993 0.033855 0.048848 
0.010125 0.213249 0.138077 0.106809 0.151241 0.168019 0.058805 0.044111 0.064552 0.045010 
0.010096 0.237404 0.102355 0.107319 0.171558 0.163653 0.057189 0.034143 0.072378 0.043906 
0.021515 0.305683 0.064674 0.111457 0.109751 0.194608 0.029554 0.036684 0.078714 0.047361 
0.006330 0.319106 0.130841 0.076154 0.148705 0.144126 0.038370 0.031294 0.075210 0.029865 
0.005825 0.269909 0.169897 0.076398 0.175367 0.132588 0.045875 0.049784 0.052152 0.022205 
0.015340 0.231821 0.187535 0.097887 0.170365 0.103466 0.036062 0.038848 0.077203 0.041474 
0.015084 0.225283 0.224780 0.114093 0.139537 0.106231 0.026977 0.018782 0.062276 0.066956 
0.010592 0.240687 0.262109 0.066246 0.122916 0.109906 0.019982 0.035766 0.075155 0.056642 
0.009446 0.225251 0.196513 0.055210 0.148666 0.134535 0.026935 0.038684 0.122398 0.042362 
0.008555 0.181107 0.133176 0.059265 0.201553 0.147210 0.059181 0.062130 0.107946 0.039876 
0.000357 0.168720 0.115399 0.100322 0.235953 0.164254 0.058384 0.048562 0.067751 0.040298 
0.010549 0.181935 0.159126 0.134717 0.190411 0.084898 0.031018 0.031783 0.091779 0.083785 
0.009048 0.180319 0.182177 0.145395 0.152226 0.059876 0.053773 0.031238 0.104040 0.081907 
0.016794 0.179620 0.256060 0.125029 0.135313 0.118699 0.037841 0.039566 0.066165 0.024913 
0.010765 0.115747 0.290923 0.114001 0.123418 0.116089 0.028774 0.049693 0.105822 0.044767 
0.006431 0.096904 0.273032 0.102141 0.162327 0.093807 0.043282 0.060149 0.099517 0.062411 
0.012204 0.103506 0.200510 0.104189 0.242920 0.117352 0.040906 0.041714 0.076876 0.059823 
0.002583 0.066838 0.203755 0.121204 0.264294 0.165161 0.054426 0.029292 0.060829 0.031618 
0.000109 0.109394 0.211200 0.114544 0.234733 0.147947 0.051671 0.034636 0.049450 0.046316 
0.011340 0.144217 0.214907 0.116182 0.262485 0.097523 0.030567 0.028623 0.066426 0.027730 
0.006875 0.139253 0.178437 0.140741 0.182196 0.097462 0.050015 0.047849 0.095669 0.061503 
0.008002 0.139298 0.167998 0.158118 0.223778 0.113973 0.057100 0.027961 0.090118 0.013654 
0.002082 0.188729 0.228506 0.074780 0.238082 0.109856 0.033422 0.021907 0.045242 0.057394 
0.001363 0.122126 0.306879 0.099482 0.201135 0.078617 0.043037 0.034383 0.042635 0.070343 
0.000490 0.180423 0.283948 0.170119 0.131010 0.063515 0.017928 0.023239 0.051905 0.077423 
0.000902 0.239974 0.244396 0.138117 0.091798 0.109935 0.026298 0.031438 0.041366 0.075777 
0.020127 0.295013 0.195209 0.093617 0.100295 0.126491 0.052328 0.039272 0.020419 0.057230 
0.002175 0.292654 0.200022 0.130403 0.115933 0.101839 0.040034 0.041154 0.029994 0.045793 
0.028501 0.282591 0.178009 0.160590 0.091358 0.079097 0.026960 0.032962 0.038259 0.081673 
0.014425 0.280056 0.217612 0.149601 0.088811 0.095408 0.023936 0.024503 0.053431 0.052217 
0.009210 0.174655 0.290901 0.131281 0.101435 0.115028 0.024164 0.047849 0.047513 0.057965 
0.020701 0.276063 0.221692 0.141941 0.109103 0.104678 0.033091 0.016460 0.023299 0.052972 
0.021738 0.235316 0.189789 0.151108 0.092588 0.107285 0.067134 0.034848 0.053968 0.046227 
0.007475 0.245203 0.254077 0.136158 0.067257 0.070588 0.026093 0.043734 0.053426 0.095987 
0.022492 0.280484 0.240443 0.118086 0.073263 0.118866 0.033668 0.041177 0.022183 0.049338 
0.000183 0.213474 0.221857 0.140804 0.075760 0.135707 0.073827 0.056144 0.042624 0.039619 
0.005866 0.204311 0.217189 0.136140 0.084545 0.115779 0.073845 0.034341 0.018385 0.109598 
0.001309 0.131354 0.307913 0.092944 0.092903 0.103479 0.089969 0.051355 0.036286 0.092487 
0.010546 0.150231 0.268347 0.147721 0.141471 0.087839 0.046876 0.033960 0.034221 0.078788 
0.007861 0.092025 0.227944 0.190589 0.149432 0.106127 0.043997 0.032995 0.058520 0.090509 
0.014173 0.115895 0.222178 0.172512 0.124871 0.172880 0.042531 0.053651 0.030426 0.050883 
0.012086 0.155645 0.218548 0.205121 0.121483 0.110284 0.046611 0.020568 0.036460 0.073193 
0.002198 0.098315 0.244016 0.190055 0.107145 0.172879 0.062863 0.026498 0.019314 0.076717 
0.002399 0.131242 0.185525 0.194263 0.083909 0.217290 0.058646 0.039205 0.046537 0.040984 
0.001888 0.138961 0.173023 0.202023 0.091494 0.201218 0.084064 0.039313 0.038452 0.029565 
0.017728 0.204599 0.118620 0.158006 0.102038 0.188808 0.074648 0.027504 0.037738 0.070313 
0.015624 0.123502 0.152167 0.146075 0.175021 0.162412 0.049702 0.029655 0.045543 0.100299 
0.004893 0.105819 0.127411 0.194799 0.203054 0.134092 0.066249 0.031974 0.049387 0.082321 
0.000377 0.083814 0.074671 0.218956 0.240984 0.213551 0.026208 0.046259 0.029307 0.065873 
0.005326 0.106517 0.195079 0.182614 0.201657 0.111683 0.059543 0.043199 0.040919 0.053463 
0.000339 0.165094 0.175230 0.101503 0.228599 0.114114 0.080624 0.040995 0.036152 0.057348 
0.004549 0.160717 0.158036 0.130754 0.230069 0.133298 0.057915 0.035001 0.050387 0.039274 
0.007800 0.175144 0.185244 0.131484 0.177140 0.149261 0.047144 0.042469 0.070417 0.013896 
0.010543 0.189710 0.206617 0.114669 0.139126 0.167105 0.030964 0.025546 0.054813 0.060907 
0.012215 0.227687 0.205072 0.148604 0.154066 0.113495 0.026643 0.028656 0.044499 0.039063 
0.015173 0.260130 0.190168 0.098709 0.146052 0.157562 0.018859 0.036426 0.047172 0.029749 
0.010935 0.197971 0.198458 0.115107 0.200531 0.103826 0.039375 0.045020 0.057528 0.031251 
0.010486 0.187283 0.123879 0.117134 0.246348 0.128340 0.053737 0.015867 0.071160 0.045767 
0.003568 0.135635 0.175367 0.048867 0.179263 0.184606 0.062591 0.035894 0.074905 0.099305 
0.003960 0.109785 0.218571 0.084569 0.179076 0.119637 0.028620 0.049759 0.122738 0.083285 
0.003684 0.070145 0.074748 0.097341 0.281991 0.205974 0.032511 0.053938 0.139867 0.039801 
0.006998 0.070412 0.117427 0.095087 0.299237 0.209440 0.029214 0.037198 0.107807 0.027180 
0.001198 0.103316 0.105646 0.103572 0.309088 0.202142 0.026332 0.025878 0.061904 0.060923 
0.010747 0.161403 0.142533 0.088375 0.256578 0.079510 0.024929 0.042705 0.099726 0.093495 
0.010192 0.166340 0.232125 0.136038 0.183866 0.076821 0.036874 0.039931 0.069124 0.048688 
0.011495 0.174406 0.216388 0.162275 0.108363 0.125510 0.046184 0.037278 0.071515 0.046585 
0.002112 0.165425 0.244916 0.120587 0.085391 0.116032 0.030967 0.050511 0.120078 0.063981 
0.006531 0.129111 0.198316 0.167972 0.196907 0.112293 0.023471 0.030278 0.082636 0.052485 
0.002121 0.117935 0.198373 0.129124 0.255565 0.117782 0.041332 0.039430 0.069705 0.028632 
0.001486 0.073212 0.236660 0.140918 0.282386 0.100997 0.054345 0.045718 0.031181 0.033098 
0.002456 0.099696 0.260917 0.133678 0.222225 0.106511 0.033697 0.041560 0.065489 0.033771 
0.003330 0.113408 0.225125 0.179430 0.244867 0.095626 0.024108 0.032589 0.056573 0.024944 
0.008233 0.168574 0.157942 0.152807 0.168201 0.109200 0.039836 0.042125 0.091872 0.061212 
0.021430 0.186874 0.126416 0.130920 0.208084 0.134242 0.041703 0.026497 0.065892 0.057942 
0.009745 0.173655 0.191134 0.080287 0.273405 0.087450 0.025487 0.040933 0.053410 0.064493 
0.010777 0.118882 0.203072 0.084578 0.235508 0.136262 0.039502 0.028217 0.054832 0.088370 
0.005599 0.120434 0.172116 0.081833 0.264272 0.155014 0.020853 0.047810 0.022424 0.109644 
0.004272 0.101649 0.131098 0.101261 0.219286 0.206505 0.051324 0.047609 0.049381 0.087615 
0.017166 0.143591 0.224823 0.097896 0.125435 0.139537 0.060353 0.042836 0.049029 0.099333 
0.008882 0.209150 0.155628 0.118498 0.105215 0.160113 0.067023 0.042922 0.072907 0.059661 
0.011535 0.161783 0.150511 0.193778 0.117355 0.155888 0.027395 0.025754 0.048372 0.107628 
0.001266 0.163928 0.178198 0.221210 0.113084 0.130123 0.017777 0.032919 0.046852 0.094644 
0.018983 0.161625 0.160483 0.223298 0.103097 0.163406 0.032521 0.021913 0.029863 0.084811 
0.009748 0.200709 0.156355 0.175215 0.105826 0.166953 0.036551 0.020290 0.046299 0.082055 
0.000323 0.137089 0.172788 0.168081 0.094322 0.188777 0.064832 0.035397 0.026385 0.112008 
0.005860 0.188780 0.131003 0.096412 0.112908 0.147342 0.066778 0.049173 0.046754 0.154990 
0.017407 0.147426 0.088811 0.103434 0.162845 0.261656 0.096427 0.038245 0.032034 0.051713 
0.001614 0.114337 0.152941 0.122434 0.097565 0.194901 0.104331 0.039451 0.046196 0.126230 
0.003665 0.089176 0.162062 0.143177 0.114364 0.186184 0.051786 0.044312 0.036765 0.168510 
0.006148 0.077185 0.100074 0.111506 0.179650 0.179838 0.124932 0.066317 0.054404 0.099945 
0.003520 0.102811 0.134854 0.128698 0.173837 0.153426 0.066494 0.039769 0.028563 0.168028 
0.007001 0.105929 0.100122 0.174344 0.164599 0.198982 0.074140 0.029517 0.050120 0.095245 
0.000318 0.150666 0.180288 0.128895 0.158862 0.141596 0.061637 0.040966 0.036376 0.100397 
0.012226 0.150890 0.216425 0.176996 0.108930 0.144183 0.031159 0.020456 0.026886 0.111849 
0.003582 0.128887 0.126002 0.177557 0.130019 0.227971 0.073765 0.020277 0.021097 0.090843 
0.002726 0.105463 0.141722 0.211239 0.099069 0.255684 0.078196 0.030686 0.035095 0.040119 
0.010961 0.135333 0.157311 0.158070 0.099770 0.238809 0.077602 0.019017 0.037102 0.066026 
0.008745 0.075836 0.188794 0.130793 0.088312 0.235995 0.073652 0.045968 0.030430 0.121475 
0.005034 0.100898 0.249434 0.105164 0.123398 0.180181 0.070989 0.026258 0.040599 0.098045 
0.009308 0.130538 0.266361 0.162837 0.165637 0.103484 0.048390 0.025889 0.030497 0.057059 
0.015402 0.175053 0.215319 0.067697 0.206941 0.166632 0.038433 0.049358 0.034526 0.030638 
0.021915 0.128595 0.141097 0.102052 0.314642 0.065105 0.041554 0.074057 0.068084 0.042899 
0.000062 0.077727 0.141523 0.139427 0.337855 0.123828 0.033566 0.044421 0.040504 0.061088 
0.007540 0.093681 0.194572 0.105422 0.295010 0.147520 0.025694 0.049657 0.041222 0.039682 
0.002581 0.085038 0.193340 0.121514 0.223505 0.162595 0.034422 0.058482 0.069939 0.048585 
0.007942 0.107101 0.195811 0.099901 0.201129 0.120561 0.064625 0.041828 0.068979 0.092124 
0.010718 0.103153 0.276112 0.135386 0.183332 0.095710 0.043562 0.035525 0.073695 0.042808 
0.018841 0.107072 0.262461 0.090115 0.232737 0.101341 0.032571 0.052537 0.080336 0.021989 
0.001208 0.064703 0.272523 0.106106 0.236789 0.107022 0.020008 0.065702 0.086358 0.039581 
0.007032 0.094111 0.290885 0.114936 0.166760 0.108086 0.034093 0.071970 0.060812 0.051316 
0.015021 0.119836 0.294669 0.050984 0.212345 0.098526 0.020286 0.052390 0.071669 0.064273 
0.009114 0.060456 0.198230 0.101225 0.240061 0.120087 0.036117 0.052521 0.132528 0.049661 
0.011312 0.059735 0.162298 0.091101 0.290635 0.129362 0.044191 0.077408 0.096377 0.037582 
0.005946 0.071585 0.136666 0.054336 0.330668 0.150020 0.090236 0.088575 0.061462 0.010507 
0.005052 0.057006 0.083249 0.102344 0.334769 0.166947 0.063670 0.047299 0.076101 0.063564 
0.004363 0.065759 0.101347 0.112181 0.419567 0.052202 0.025704 0.077630 0.087942 0.053304 
0.006983 0.072271 0.091336 0.095817 0.427209 0.094752 0.041742 0.081474 0.055421 0.032994 
0.007567 0.084416 0.160285 0.108294 0.254241 0.137615 0.060568 0.075436 0.066904 0.044675 
0.014338 0.073298 0.248285 0.061792 0.175068 0.188301 0.023772 0.040303 0.112655 0.062187 
0.001537 0.062152 0.262067 0.118726 0.230444 0.144070 0.033642 0.042833 0.070004 0.034525 
0.004941 0.073176 0.226452 0.115817 0.287659 0.105303 0.039986 0.085500 0.049122 0.012044 
0.009861 0.082142 0.244267 0.091849 0.230098 0.139680 0.042694 0.058461 0.059543 0.041405 
0.007472 0.058244 0.258763 0.147534 0.247382 0.084015 0.012201 0.079346 0.073926 0.031118 
0.008246 0.058609 0.242495 0.109315 0.249637 0.097960 0.041918 0.084192 0.065090 0.042538 
0.007303 0.101981 0.302511 0.090615 0.225842 0.091170 0.022320 0.045212 0.050428 0.062618 
0.000994 0.102240 0.222407 0.157734 0.178790 0.126601 0.059624 0.041768 0.072921 0.036921 
0.004811 0.094358 0.151388 0.191346 0.253149 0.103464 0.026403 0.059076 0.068257 0.047747 
0.016105 0.109593 0.120729 0.237745 0.250720 0.057501 0.041824 0.068703 0.067376 0.029705 
0.009017 0.082599 0.121916 0.205649 0.322268 0.051631 0.036902 0.047471 0.097190 0.025357 
0.014810 0.091465 0.127738 0.161307 0.349842 0.112063 0.041277 0.044783 0.037637 0.019077 
0.005192 0.081693 0.161419 0.160391 0.273630 0.117193 0.052208 0.080413 0.040328 0.027533 
0.000945 0.083205 0.084725 0.122530 0.305094 0.087076 0.078605 0.098368 0.111905 0.027547 
0.002161 0.108887 0.196269 0.157365 0.227345 0.090952 0.036887 0.069220 0.074469 0.036445 
0.016763 0.124570 0.285689 0.144448 0.154516 0.063516 0.030886 0.073263 0.044579 0.061770 
0.000779 0.096394 0.233295 0.209414 0.218188 0.060778 0.049609 0.041179 0.021575 0.068789 
0.012684 0.104240 0.213586 0.185658 0.205388 0.075841 0.048669 0.053244 0.043991 0.056699 
0.001201 0.071454 0.200991 0.130135 0.237560 0.098235 0.066888 0.069283 0.066404 0.057849 
0.003033 0.070660 0.194650 0.193821 0.141459 0.121463 0.060487 0.040108 0.121425 0.052893 
0.004748 0.071188 0.160507 0.197839 0.147461 0.105054 0.044809 0.098480 0.114709 0.055206 
0.006194 0.064805 0.152214 0.175617 0.219645 0.119464 0.040840 0.104883 0.094503 0.021834 
0.001272 0.051917 0.131459 0.157337 0.341215 0.072510 0.056991 0.075512 0.072540 0.039247 
0.001337 0.058045 0.074459 0.174947 0.338650 0.160255 0.086129 0.029664 0.041718 0.034795 
0.001062 0.046607 0.065367 0.232335 0.277501 0.142423 0.052615 0.063362 0.092149 0.026581 
0.008040 0.056292 0.078421 0.270302 0.210754 0.056770 0.066279 0.097558 0.117348 0.038236 
0.003966 0.059642 0.095783 0.288794 0.174767 0.103727 0.087939 0.054937 0.077529 0.052916 
0.000712 0.070180 0.116093 0.244453 0.157824 0.157456 0.055916 0.085009 0.055944 0.056414 
0.004633 0.072020 0.176894 0.229002 0.163640 0.090982 0.059966 0.099092 0.050003 0.053769 
0.001716 0.059098 0.192030 0.139778 0.234516 0.112877 0.049173 0.087161 0.087101 0.036550 
0.003167 0.066454 0.176387 0.156558 0.263770 0.072269 0.043409 0.066689 0.098701 0.052594 
0.007834 0.077832 0.172450 0.118046 0.346566 0.045930 0.059685 0.035917 0.073044 0.062696 
0.003432 0.069002 0.212496 0.135087 0.355983 0.053666 0.029527 0.030216 0.052414 0.058178 
0.008497 0.064547 0.219746 0.173686 0.222408 0.027925 0.104839 0.048153 0.095023 0.035176 
0.010611 0.079433 0.244173 0.153529 0.199733 0.038933 0.113371 0.039497 0.089466 0.031255 
0.006526 0.089559 0.363977 0.149759 0.181991 0.050211 0.050811 0.037783 0.048470 0.020914 
0.005384 0.077248 0.350083 0.143152 0.156336 0.088927 0.067231 0.037048 0.040214 0.034378 
0.015386 0.090961 0.222447 0.208680 0.152747 0.096767 0.069911 0.045627 0.044349 0.053126 
0.010995 0.079729 0.167176 0.194674 0.280475 0.087927 0.044865 0.043639 0.058480 0.032040 
0.000923 0.065610 0.216117 0.163954 0.279603 0.084486 0.072047 0.033667 0.046579 0.037014 
0.008282 0.078831 0.198703 0.075370 0.307588 0.089042 0.069298 0.072236 0.057704 0.042945 
0.003715 0.075146 0.151726 0.213012 0.253374 0.109966 0.035756 0.070600 0.036584 0.050122 
0.011028 0.081785 0.230594 0.075794 0.226818 0.092977 0.095476 0.070481 0.069876 0.045171 
0.001129 0.064165 0.266609 0.251014 0.203238 0.054064 0.049564 0.044446 0.040329 0.025442 
0.018079 0.081339 0.237305 0.234564 0.158187 0.061898 0.045274 0.084637 0.034075 0.044642 
0.005275 0.065683 0.282116 0.152762 0.185777 0.082416 0.048985 0.086585 0.058351 0.032052 
0.003464 0.058615 0.292017 0.139502 0.178489 0.100835 0.038290 0.112228 0.043897 0.032662 
0.009576 0.071301 0.262480 0.194206 0.238744 0.078813 0.039987 0.078425 0.016991 0.009478 
0.000629 0.066517 0.234661 0.255559 0.182943 0.054891 0.038091 0.095944 0.037645 0.033121 
0.007540 0.081682 0.226217 0.242855 0.287874 0.024977 0.043557 0.034071 0.022255 0.028970 
0.001188 0.050492 0.255514 0.121295 0.309288 0.066345 0.054949 0.086711 0.034833 0.019385 
0.007272 0.073999 0.243063 0.119611 0.317539 0.070698 0.049098 0.059507 0.037904 0.021310 
0.003828 0.057920 0.235633 0.164126 0.308405 0.052038 0.016870 0.086767 0.038053 0.036360 
0.010768 0.077251 0.192213 0.207006 0.270649 0.053659 0.065826 0.050647 0.039448 0.032532 
0.003713 0.047733 0.226695 0.223322 0.311825 0.049907 0.044978 0.038775 0.023825 0.029229 
0.002755 0.052272 0.206844 0.174808 0.250231 0.061309 0.052822 0.079290 0.077341 0.042329 
0.008002 0.071469 0.146567 0.138664 0.223646 0.110565 0.047545 0.117996 0.080888 0.054658 
0.003943 0.078550 0.179857 0.112877 0.254852 0.147522 0.070147 0.084265 0.028298 0.039691 
0.006819 0.072987 0.162375 0.140405 0.250775 0.115587 0.092012 0.092376 0.035062 0.031602 
0.005928 0.119300 0.258989 0.100370 0.230307 0.071948 0.053665 0.087213 0.038372 0.033909 
0.019659 0.214550 0.291712 0.120393 0.131470 0.044542 0.080342 0.035539 0.029183 0.032610 
0.012948 0.230114 0.363003 0.086220 0.139070 0.025510 0.063823 0.036110 0.021114 0.022087 
0.020624 0.212322 0.331429 0.115406 0.149815 0.029914 0.032021 0.042689 0.037529 0.028251 
0.023608 0.254643 0.347209 0.090665 0.102846 0.022608 0.056213 0.040242 0.031458 0.030508 
0.014102 0.362563 0.245833 0.145102 0.077008 0.027196 0.064830 0.028444 0.017737 0.017185 
0.028408 0.312399 0.180597 0.181654 0.110898 0.037064 0.034170 0.025633 0.041663 0.047513 
0.030176 0.378783 0.112561 0.223762 0.076005 0.027021 0.034625 0.027822 0.046338 0.042907 
0.032012 0.337084 0.158740 0.243034 0.056202 0.014622 0.042016 0.032801 0.060449 0.023040 
0.016860 0.347268 0.165518 0.222094 0.068606 0.012878 0.045703 0.039783 0.051879 0.029411 
0.000613 0.270153 0.234354 0.229670 0.076718 0.014914 0.088754 0.031815 0.024793 0.028217 
0.000616 0.233678 0.259177 0.188462 0.093828 0.027680 0.078511 0.024705 0.054134 0.039210 
0.023189 0.267905 0.275589 0.192948 0.059632 0.018825 0.042067 0.025487 0.041063 0.053296 
0.039694 0.292025 0.235734 0.192951 0.066230 0.022969 0.059283 0.019157 0.045498 0.026461 
0.016908 0.279821 0.235115 0.130206 0.120443 0.037051 0.077766 0.024916 0.027415 0.050359 
0.019179 0.170779 0.231962 0.143689 0.196605 0.030891 0.079287 0.036203 0.051533 0.039872 
0.010946 0.188608 0.188694 0.177419 0.212893 0.035320 0.070847 0.023136 0.042510 0.049627 
0.008135 0.141027 0.250429 0.193736 0.185032 0.032078 0.077109 0.017134 0.048037 0.047284 
0.011319 0.201324 0.265667 0.182108 0.128345 0.038460 0.091273 0.011437 0.029951 0.040115 
0.021676 0.151028 0.274198 0.228657 0.118219 0.038943 0.061551 0.020155 0.041457 0.044115 
0.017121 0.128595 0.265734 0.274934 0.117983 0.022891 0.078817 0.027775 0.042199 0.023952 
0.001966 0.070466 0.336791 0.295897 0.081305 0.025958 0.089769 0.021062 0.047828 0.028960 
0.000235 0.073708 0.357953 0.269620 0.065496 0.032391 0.126726 0.018185 0.030265 0.025420 
0.006516 0.086146 0.242452 0.244050 0.130560 0.049044 0.107415 0.017851 0.058220 0.057746 
0.020044 0.141973 0.223666 0.235413 0.109845 0.040218 0.051580 0.014738 0.083625 0.078898 
0.021212 0.213732 0.242398 0.193167 0.089716 0.038048 0.055156 0.030947 0.069353 0.046270 
0.011096 0.153820 0.411486 0.153802 0.084057 0.051669 0.025730 0.020085 0.055834 0.032420 
0.013308 0.326482 0.355884 0.092328 0.056161 0.036242 0.035860 0.026265 0.038505 0.018965 
0.018485 0.219037 0.388749 0.143553 0.077894 0.037526 0.020392 0.038751 0.044528 0.011084 
0.010978 0.229880 0.338489 0.135589 0.085091 0.070979 0.029733 0.035055 0.051055 0.013151 
0.019662 0.324555 0.247678 0.083013 0.081695 0.074732 0.039593 0.029818 0.085635 0.013620 
0.022810 0.402679 0.082246 0.095142 0.124596 0.130699 0.041524 0.036721 0.054436 0.009146 
0.000060 0.402034 0.138092 0.104589 0.127179 0.103045 0.033234 0.021607 0.057397 0.012763 
0.022516 0.406473 0.194209 0.075227 0.096148 0.069340 0.042737 0.023769 0.047058 0.022523 
0.018250 0.337282 0.232489 0.091722 0.097526 0.086306 0.037951 0.036288 0.039985 0.022201 
0.010325 0.273157 0.230325 0.113952 0.116677 0.063299 0.056622 0.052490 0.068751 0.014403 
0.024129 0.291745 0.340186 0.057337 0.105505 0.100671 0.016754 0.022255 0.032685 0.008734 
0.008549 0.277937 0.309275 0.074279 0.086665 0.083975 0.018641 0.049665 0.080576 0.010438 
0.013934 0.302150 0.269650 0.065739 0.049430 0.057529 0.047026 0.063920 0.114051 0.016571 
0.007849 0.270911 0.195948 0.094159 0.078233 0.070006 0.050631 0.041294 0.148065 0.042904 
0.024511 0.276240 0.192197 0.169858 0.093483 0.084001 0.032339 0.047489 0.051736 0.028146 
0.014103 0.213476 0.235323 0.179999 0.063397 0.064911 0.067814 0.060946 0.083620 0.016413 
0.023647 0.216744 0.254277 0.168209 0.056862 0.094350 0.060404 0.021004 0.077880 0.026621 
0.000621 0.133059 0.337483 0.172915 0.104527 0.070428 0.038789 0.042634 0.081497 0.018047 
0.004195 0.105659 0.354854 0.133210 0.121732 0.052520 0.038661 0.055989 0.120038 0.013141 
0.023615 0.135131 0.364195 0.082762 0.121921 0.045973 0.044366 0.043785 0.111927 0.026327 
0.013428 0.108841 0.302555 0.153756 0.094466 0.095720 0.081813 0.062471 0.061723 0.025226 
0.017116 0.090928 0.341270 0.167949 0.119438 0.044385 0.089918 0.041908 0.061674 0.025414 
0.021529 0.180619 0.345294 0.116087 0.127937 0.055035 0.029645 0.027037 0.065759 0.031059 
0.006976 0.184435 0.328998 0.125997 0.110256 0.075035 0.031003 0.043229 0.059321 0.034751 
0.006848 0.200986 0.265870 0.172876 0.071741 0.045967 0.055279 0.062425 0.090333 0.027674 
0.004260 0.237059 0.219289 0.156342 0.116426 0.111641 0.044216 0.035080 0.064039 0.011649 
0.013460 0.247962 0.161575 0.117545 0.116262 0.125782 0.096316 0.056260 0.041468 0.023371 
0.008612 0.201704 0.148261 0.071152 0.142431 0.131345 0.134940 0.076693 0.058822 0.026040 
0.000797 0.103982 0.130421 0.084423 0.099874 0.057520 0.252674 0.081052 0.158853 0.030404 
0.002290 0.090943 0.139813 0.084777 0.092545 0.090610 0.255773 0.071725 0.128373 0.043151 
0.005343 0.133838 0.110987 0.073034 0.153305 0.093319 0.192878 0.060229 0.126896 0.050172 
0.006423 0.138616 0.132467 0.062543 0.123929 0.081570 0.271079 0.052885 0.106440 0.024048 
0.001440 0.118760 0.144415 0.058938 0.184048 0.061022 0.247411 0.057532 0.095102 0.031330 
0.004938 0.122942 0.097395 0.052794 0.160221 0.050929 0.331091 0.063789 0.074751 0.041149 
0.017892 0.140358 0.135694 0.061828 0.157751 0.034329 0.289873 0.040613 0.078375 0.043287 
0.017581 0.193514 0.170890 0.073506 0.167939 0.046665 0.176205 0.063998 0.056512 0.033190 
0.000259 0.120554 0.221493 0.104828 0.179278 0.057598 0.100283 0.078858 0.109592 0.027257 
0.004520 0.115659 0.232410 0.055470 0.212344 0.067057 0.108956 0.051655 0.110695 0.041233 
0.003673 0.114098 0.206253 0.062384 0.138255 0.080101 0.112906 0.069483 0.170452 0.042395 
0.009904 0.148115 0.185432 0.033899 0.158457 0.062011 0.112625 0.091761 0.164026 0.033769 
0.006034 0.126317 0.209552 0.067164 0.215517 0.095317 0.070652 0.090022 0.095776 0.023650 
0.015826 0.106331 0.175118 0.074613 0.293105 0.049508 0.158267 0.072028 0.035684 0.019520 
0.001228 0.062006 0.145216 0.128674 0.301361 0.077093 0.160279 0.047480 0.058904 0.017760 
0.004318 0.057939 0.200133 0.092966 0.253095 0.080672 0.122048 0.074777 0.089925 0.024127 
0.001124 0.072545 0.191098 0.107508 0.248670 0.044668 0.150623 0.047054 0.104241 0.032470 
0.010141 0.073136 0.201931 0.100567 0.239620 0.057380 0.138194 0.058242 0.086211 0.034577 
0.001559 0.075786 0.205906 0.106928 0.285331 0.047367 0.131620 0.054693 0.059524 0.031285 
