clocks,Coldplay
0.047223 0.162288 0.115216 0.089275 0.189986 0.146155 0.121801 0.072141 0.041695 0.014219 
0.004813 0.019204 0.057508 0.150171 0.152821 0.032001 0.246031 0.287197 0.020429 0.029826 
0.006457 0.030379 0.087479 0.238128 0.191354 0.036657 0.067692 0.266071 0.040474 0.035308 
0.007419 0.029478 0.091494 0.233749 0.225129 0.045027 0.044228 0.265171 0.023500 0.034804 
0.009921 0.041198 0.089059 0.262056 0.197237 0.025264 0.026299 0.280610 0.033066 0.035290 
0.006985 0.030032 0.095624 0.244422 0.216788 0.058943 0.080337 0.226522 0.016202 0.024145 
0.003304 0.017406 0.095781 0.227207 0.129166 0.122788 0.086863 0.254844 0.029769 0.032871 
0.000601 0.008752 0.057745 0.309879 0.157710 0.193976 0.075606 0.158811 0.022847 0.014074 
0.000519 0.008256 0.027443 0.326412 0.159998 0.196936 0.090750 0.122000 0.037735 0.029950 
0.007073 0.030575 0.084911 0.324032 0.178531 0.086482 0.073383 0.100157 0.062143 0.052713 
0.004443 0.019795 0.057218 0.275881 0.201552 0.141144 0.066706 0.143616 0.056426 0.033218 
0.002419 0.014052 0.056070 0.230370 0.259919 0.116717 0.049416 0.062841 0.169270 0.038925 
0.009467 0.039127 0.094129 0.197246 0.233163 0.069952 0.026378 0.085820 0.188000 0.056719 
0.002900 0.011468 0.080214 0.198943 0.275293 0.087229 0.060310 0.086551 0.156832 0.040259 
0.001405 0.006196 0.066916 0.229921 0.299378 0.078599 0.023830 0.122596 0.151007 0.020153 
0.002289 0.010724 0.085942 0.212339 0.231208 0.109823 0.098323 0.092309 0.137264 0.019779 
0.000874 0.010849 0.057146 0.219285 0.213761 0.079109 0.061691 0.230768 0.094810 0.031707 
0.001981 0.011655 0.090130 0.218892 0.276129 0.058266 0.042835 0.207919 0.063709 0.028484 
0.006184 0.022312 0.065031 0.262684 0.309504 0.051464 0.029759 0.171580 0.061843 0.019639 
0.006734 0.027448 0.067036 0.290776 0.283740 0.114232 0.064633 0.079685 0.047227 0.018489 
0.010073 0.044355 0.103173 0.290047 0.271139 0.139766 0.047830 0.047384 0.030760 0.015475 
0.004873 0.024247 0.075414 0.219630 0.271447 0.228698 0.037298 0.090876 0.042676 0.004840 
0.002938 0.013789 0.054011 0.231067 0.289953 0.207233 0.085148 0.075725 0.028343 0.011792 
0.001123 0.008270 0.065231 0.214786 0.336808 0.187669 0.061618 0.086817 0.019203 0.018475 
0.001043 0.009013 0.069672 0.287861 0.320525 0.093575 0.056735 0.109190 0.026850 0.025537 
0.004494 0.018913 0.076563 0.263701 0.276920 0.099546 0.059205 0.094974 0.079996 0.025686 
0.007250 0.028481 0.068423 0.166454 0.265326 0.093851 0.074978 0.117936 0.153240 0.024060 
0.008188 0.035630 0.081555 0.230237 0.189230 0.056047 0.028559 0.149431 0.195114 0.026008 
0.006379 0.027728 0.052882 0.230947 0.218483 0.075044 0.025965 0.129131 0.176320 0.057122 
0.002245 0.010953 0.062726 0.237701 0.251684 0.045187 0.048788 0.162675 0.138630 0.039411 
0.001735 0.009354 0.045912 0.214766 0.216408 0.055730 0.109036 0.208223 0.120638 0.018198 
0.000295 0.005125 0.045569 0.143267 0.240516 0.066555 0.082125 0.327794 0.073535 0.015219 
0.002758 0.016253 0.045200 0.198107 0.257327 0.095219 0.079392 0.236839 0.042440 0.026464 
0.001322 0.011542 0.087108 0.211287 0.206869 0.070000 0.051423 0.262997 0.066503 0.030948 
0.003435 0.016453 0.086364 0.226569 0.242414 0.072439 0.046851 0.201551 0.066431 0.037493 
0.000439 0.005421 0.071769 0.266141 0.314397 0.096093 0.077801 0.089439 0.043403 0.035096 
0.005825 0.021955 0.051016 0.261688 0.230906 0.218844 0.044133 0.082760 0.037268 0.045605 
0.008804 0.033908 0.082457 0.193729 0.228991 0.261394 0.067588 0.070590 0.032739 0.019800 
0.005166 0.021184 0.045244 0.255103 0.263493 0.236322 0.048535 0.067216 0.032317 0.025420 
0.008454 0.035880 0.060012 0.254927 0.264763 0.205187 0.051042 0.087072 0.017143 0.015521 
0.004191 0.020448 0.046192 0.197347 0.156093 0.172980 0.269524 0.081550 0.021690 0.029985 
0.004250 0.014584 0.033684 0.121079 0.165522 0.177105 0.319205 0.087501 0.027442 0.049627 
0.006046 0.022707 0.031723 0.197603 0.161043 0.123904 0.333195 0.075470 0.027206 0.021105 
0.005818 0.023251 0.038061 0.222101 0.103370 0.140929 0.258950 0.117945 0.048839 0.040735 
0.003595 0.016648 0.031813 0.200999 0.148534 0.142068 0.241304 0.119035 0.047458 0.048545 
0.001858 0.005906 0.016717 0.244935 0.186293 0.216082 0.188268 0.072390 0.034544 0.033007 
0.002890 0.015610 0.026249 0.242596 0.174452 0.196569 0.219052 0.055819 0.026584 0.040178 
0.000451 0.008241 0.038882 0.228463 0.160471 0.212230 0.240281 0.059567 0.029133 0.022281 
0.003779 0.018318 0.038879 0.214505 0.143000 0.209048 0.199268 0.109089 0.031220 0.032895 
0.003047 0.012301 0.027112 0.277660 0.163182 0.179960 0.209096 0.073160 0.023237 0.031246 
0.002424 0.013033 0.039494 0.220386 0.252470 0.105061 0.201431 0.084535 0.033923 0.047244 
0.005935 0.026922 0.038727 0.142823 0.279643 0.116076 0.196442 0.117711 0.018158 0.057561 
0.003998 0.017105 0.043825 0.236652 0.243214 0.118347 0.145749 0.095642 0.039371 0.056097 
0.011220 0.049544 0.106802 0.220163 0.256229 0.063451 0.131414 0.068263 0.039191 0.053723 
0.003061 0.013157 0.065483 0.285362 0.235622 0.051735 0.168483 0.089712 0.037012 0.050372 
0.005968 0.026200 0.054616 0.222020 0.141677 0.063169 0.337221 0.054136 0.031542 0.063450 
0.003182 0.014104 0.037483 0.204969 0.130569 0.092740 0.332886 0.096030 0.045731 0.042305 
0.003345 0.015007 0.025787 0.247371 0.122477 0.155913 0.252794 0.131018 0.018819 0.027469 
0.004664 0.018663 0.057232 0.320434 0.109994 0.056620 0.211842 0.119093 0.052453 0.049003 
0.004960 0.019838 0.061930 0.289556 0.095381 0.082468 0.257570 0.090860 0.061833 0.035604 
0.002147 0.013617 0.049699 0.308754 0.139040 0.087190 0.182180 0.132366 0.038910 0.046097 
0.006240 0.029964 0.049246 0.338891 0.089810 0.123897 0.187029 0.098643 0.042846 0.033435 
0.003224 0.019151 0.044270 0.348249 0.116881 0.089856 0.165909 0.086073 0.046195 0.080192 
0.004493 0.017474 0.095991 0.276515 0.143884 0.083909 0.140845 0.098876 0.047625 0.090390 
0.000733 0.010448 0.047425 0.346554 0.067192 0.067671 0.256113 0.081594 0.059710 0.062559 
0.005261 0.030167 0.059400 0.188022 0.270867 0.066305 0.148293 0.092436 0.051419 0.087830 
0.004999 0.025517 0.087761 0.193491 0.328758 0.067664 0.097791 0.091853 0.025074 0.077092 
0.008344 0.034167 0.119931 0.166746 0.277204 0.048629 0.161467 0.106274 0.030631 0.046608 
0.000279 0.004414 0.075288 0.178910 0.320700 0.049094 0.166492 0.099247 0.048975 0.056602 
0.002670 0.012854 0.086510 0.158138 0.245163 0.086331 0.198455 0.115915 0.050341 0.043623 
0.005209 0.022629 0.073544 0.151147 0.107021 0.041245 0.346240 0.159029 0.043942 0.049994 
0.000382 0.005433 0.036478 0.180705 0.136027 0.096823 0.331363 0.103551 0.043457 0.065780 
0.000713 0.006395 0.033714 0.191077 0.171329 0.094326 0.318926 0.081542 0.045334 0.056643 
0.000488 0.005896 0.061244 0.247593 0.129200 0.081244 0.290922 0.100847 0.033343 0.049223 
0.003600 0.012603 0.046121 0.270038 0.125375 0.047996 0.242946 0.151643 0.033752 0.065926 
0.000002 0.007390 0.047986 0.236417 0.149195 0.171210 0.244691 0.084190 0.029843 0.029077 
0.003302 0.014744 0.022453 0.210125 0.194604 0.162486 0.189168 0.118714 0.035201 0.049202 
0.001699 0.010052 0.039143 0.249974 0.125265 0.239231 0.149305 0.081617 0.036674 0.067040 
0.004076 0.019800 0.039646 0.259515 0.093937 0.242056 0.215166 0.053236 0.030684 0.041886 
0.005072 0.018957 0.037992 0.232834 0.066376 0.167980 0.297531 0.072208 0.039699 0.061352 
0.000304 0.007768 0.034887 0.223696 0.093367 0.124122 0.312713 0.075735 0.053985 0.073424 
0.000591 0.005810 0.028240 0.152651 0.156460 0.148332 0.346748 0.074356 0.039766 0.047045 
0.003554 0.011817 0.029377 0.216705 0.129000 0.127014 0.351892 0.042547 0.037164 0.050931 
0.009744 0.042870 0.053307 0.218926 0.092813 0.124699 0.339698 0.056056 0.027657 0.034231 
0.001523 0.008656 0.049614 0.235854 0.104306 0.152481 0.279754 0.089421 0.048154 0.030237 
0.007182 0.027414 0.058268 0.206349 0.140819 0.180617 0.173649 0.071811 0.052964 0.080928 
0.001159 0.011025 0.020799 0.239662 0.110345 0.179193 0.235703 0.090685 0.038468 0.072963 
0.001969 0.011333 0.027554 0.244877 0.112330 0.253721 0.182321 0.087693 0.036124 0.042077 
0.006087 0.029347 0.060789 0.229377 0.091509 0.187824 0.268370 0.080840 0.017393 0.028465 
0.000592 0.006819 0.029185 0.284619 0.113407 0.166342 0.241746 0.086085 0.024443 0.046762 
0.001846 0.016159 0.048273 0.230996 0.140895 0.119982 0.167112 0.148740 0.053537 0.072459 
0.001176 0.011681 0.058441 0.305789 0.088037 0.073406 0.194632 0.121011 0.068184 0.077643 
0.002295 0.009163 0.055997 0.262709 0.239138 0.075506 0.142361 0.104412 0.036915 0.071503 
0.002171 0.009513 0.055751 0.228300 0.240704 0.106647 0.113012 0.134870 0.043228 0.065803 
0.007690 0.035577 0.091194 0.245419 0.186593 0.124622 0.128980 0.099360 0.038223 0.042341 
0.002538 0.012403 0.029790 0.223144 0.070346 0.083374 0.368611 0.094756 0.069634 0.045404 
0.003721 0.013460 0.038038 0.239101 0.138889 0.096430 0.282855 0.118231 0.028657 0.040618 
0.000084 0.010112 0.032577 0.257132 0.205658 0.075288 0.248920 0.094412 0.028847 0.046970 
0.001460 0.011425 0.039912 0.325114 0.135319 0.096374 0.249851 0.057349 0.025283 0.057913 
0.005278 0.022326 0.077163 0.258413 0.122878 0.128121 0.167650 0.111283 0.041225 0.065663 
0.001647 0.009053 0.048227 0.338253 0.115624 0.144568 0.146926 0.124755 0.023185 0.047763 
0.007617 0.033384 0.066682 0.292287 0.155622 0.091830 0.141329 0.093509 0.045678 0.072064 
0.002383 0.013091 0.054001 0.340264 0.131665 0.128233 0.148205 0.069921 0.052300 0.059937 
0.001278 0.006013 0.061272 0.266000 0.138973 0.149185 0.189611 0.092376 0.046869 0.048423 
0.009292 0.040998 0.059544 0.234137 0.246195 0.123356 0.138904 0.067489 0.020308 0.059776 
0.001714 0.009259 0.021051 0.210392 0.374345 0.097393 0.116872 0.072620 0.041442 0.054912 
0.006469 0.025370 0.055163 0.232180 0.286551 0.033438 0.161401 0.094678 0.048750 0.056000 
0.003796 0.017188 0.048267 0.211037 0.324385 0.090863 0.162811 0.050656 0.025165 0.065834 
0.000688 0.005741 0.035484 0.187003 0.392380 0.096304 0.161653 0.044384 0.036192 0.040171 
0.002831 0.011043 0.031569 0.220003 0.339095 0.062990 0.173179 0.087474 0.036585 0.035231 
0.000904 0.004467 0.036347 0.278599 0.245274 0.055118 0.205236 0.101093 0.037048 0.035914 
0.004947 0.022016 0.034182 0.314792 0.233802 0.098226 0.195535 0.062452 0.008438 0.025610 
0.006455 0.026265 0.049386 0.293344 0.248423 0.088180 0.144811 0.096537 0.023531 0.023069 
0.001040 0.006202 0.024254 0.298903 0.195665 0.089727 0.269238 0.071628 0.018344 0.025000 
0.005732 0.023907 0.044006 0.275417 0.159946 0.101906 0.287512 0.063292 0.011923 0.026359 
0.000602 0.006502 0.018230 0.249252 0.162780 0.153173 0.226603 0.119447 0.024999 0.038413 
0.008289 0.035964 0.058245 0.241849 0.149824 0.169852 0.183423 0.102734 0.026047 0.023772 
0.001421 0.009076 0.038999 0.333251 0.167405 0.172747 0.139769 0.085544 0.017612 0.034175 
0.000113 0.002698 0.030742 0.328285 0.170252 0.172223 0.156730 0.076373 0.009421 0.053164 
0.001121 0.013384 0.041715 0.194287 0.129233 0.179271 0.283950 0.078411 0.039943 0.038684 
0.001171 0.004690 0.026981 0.283825 0.128986 0.211170 0.197664 0.088949 0.019438 0.037126 
0.000300 0.008704 0.044628 0.244015 0.173716 0.115854 0.239022 0.083719 0.033796 0.056246 
0.000434 0.013673 0.045761 0.320347 0.157947 0.142917 0.195553 0.061910 0.027252 0.034207 
0.006469 0.023321 0.039983 0.340196 0.133084 0.132033 0.235163 0.044732 0.028769 0.016250 
0.005356 0.019559 0.045886 0.199065 0.215086 0.095403 0.226889 0.045296 0.073501 0.073960 
0.001971 0.011801 0.033324 0.180161 0.187531 0.127092 0.227612 0.079902 0.076286 0.074319 
0.001241 0.007077 0.023857 0.206486 0.261967 0.113960 0.169241 0.072635 0.064242 0.079294 
0.001902 0.008209 0.031503 0.185045 0.185259 0.145061 0.229422 0.052072 0.062941 0.098587 
0.000511 0.005135 0.029709 0.186818 0.182136 0.106768 0.282424 0.049309 0.077759 0.079431 
0.002690 0.009945 0.045170 0.153098 0.216449 0.129185 0.219005 0.094826 0.054004 0.075628 
0.003424 0.019021 0.043242 0.211580 0.143105 0.105409 0.214140 0.094612 0.071667 0.093800 
0.002929 0.015525 0.067153 0.179444 0.216681 0.082136 0.157078 0.124129 0.064409 0.090517 
0.000066 0.003821 0.059830 0.169246 0.269506 0.107341 0.202465 0.090603 0.040563 0.056559 
0.005543 0.020596 0.066287 0.190696 0.252717 0.098087 0.177397 0.109274 0.035306 0.044097 
0.001602 0.008573 0.043525 0.175340 0.198989 0.112711 0.285586 0.092944 0.037161 0.043571 
0.000489 0.012113 0.044751 0.199290 0.272461 0.131183 0.206211 0.097968 0.014178 0.021355 
0.001760 0.009534 0.040847 0.204140 0.211698 0.132305 0.255618 0.091283 0.025710 0.027105 
0.003228 0.010450 0.049419 0.205216 0.238548 0.067994 0.258001 0.091528 0.042313 0.033302 
0.002128 0.013751 0.053930 0.167741 0.198018 0.072420 0.353589 0.071863 0.044272 0.022287 
0.002515 0.014816 0.027064 0.232708 0.180659 0.119950 0.190199 0.118526 0.063973 0.049590 
0.004210 0.020326 0.064002 0.175318 0.272588 0.112004 0.153552 0.058829 0.059838 0.079333 
0.000287 0.002947 0.044279 0.168847 0.240018 0.143921 0.239908 0.050138 0.047867 0.061788 
0.000643 0.004242 0.043846 0.170342 0.228372 0.112118 0.270277 0.062851 0.061946 0.045365 
0.005341 0.017407 0.088694 0.167220 0.235349 0.073993 0.184672 0.087223 0.069143 0.070957 
0.003353 0.013967 0.074327 0.158558 0.203931 0.104379 0.236020 0.090094 0.058649 0.056721 
0.002289 0.007811 0.125401 0.131782 0.275655 0.072826 0.170965 0.082247 0.041885 0.089138 
0.004198 0.018044 0.110310 0.194470 0.259820 0.036823 0.159027 0.105624 0.036017 0.075668 
0.000881 0.006915 0.085638 0.253270 0.284884 0.042015 0.169132 0.060532 0.043505 0.053228 
0.002584 0.006201 0.084008 0.203849 0.370486 0.023203 0.143939 0.078773 0.041897 0.045060 
0.002287 0.010392 0.048768 0.129466 0.273295 0.064310 0.314790 0.092301 0.035476 0.028915 
0.004015 0.018186 0.059361 0.157703 0.278135 0.089110 0.265613 0.065390 0.034091 0.028396 
0.001620 0.012580 0.052563 0.135548 0.276185 0.083491 0.315544 0.060778 0.031393 0.030298 
0.001637 0.005979 0.037434 0.124958 0.215560 0.147526 0.313462 0.095257 0.031984 0.026202 
0.002997 0.011305 0.051903 0.180908 0.344771 0.093629 0.154567 0.092911 0.037690 0.029319 
0.002728 0.015097 0.071133 0.082664 0.345862 0.157038 0.104233 0.093873 0.069365 0.058008 
0.006773 0.026453 0.063788 0.082752 0.292052 0.133842 0.167653 0.089294 0.080189 0.057204 
0.000123 0.004754 0.035569 0.113408 0.337958 0.117145 0.184607 0.064162 0.054117 0.088157 
0.005013 0.021004 0.054146 0.104777 0.341713 0.132456 0.156163 0.045597 0.067893 0.071238 
0.001305 0.006948 0.019432 0.130648 0.323510 0.105647 0.207684 0.078809 0.059231 0.066787 
0.002495 0.012552 0.040280 0.120693 0.239860 0.077851 0.162569 0.258707 0.030298 0.054696 
0.001958 0.006786 0.055176 0.169759 0.189802 0.035113 0.107870 0.316435 0.043615 0.073486 
0.001028 0.020614 0.058234 0.186749 0.192551 0.051050 0.087455 0.282226 0.055552 0.064540 
0.001336 0.012346 0.068133 0.152009 0.187096 0.050984 0.233194 0.229400 0.031518 0.033982 
0.002341 0.014580 0.050709 0.211605 0.243559 0.047098 0.178916 0.193165 0.021318 0.036709 
0.007588 0.039195 0.108206 0.193520 0.201096 0.111731 0.150138 0.118556 0.039477 0.030494 
0.008307 0.040790 0.095007 0.313846 0.184528 0.091342 0.149702 0.070293 0.023183 0.023002 
0.006263 0.028427 0.072366 0.351627 0.256091 0.092827 0.068339 0.076965 0.026981 0.020114 
0.003074 0.020006 0.042553 0.332178 0.261364 0.074752 0.095576 0.093225 0.041797 0.035476 
0.000382 0.016384 0.042853 0.272193 0.213470 0.157072 0.150598 0.082944 0.026357 0.037748 
0.004014 0.018707 0.094932 0.208713 0.201870 0.104202 0.148597 0.070821 0.111348 0.036797 
0.000672 0.008051 0.098495 0.212512 0.234960 0.050678 0.104045 0.090550 0.157726 0.042311 
0.001274 0.007060 0.098891 0.196256 0.335574 0.038912 0.056042 0.080666 0.142895 0.042431 
0.004081 0.019671 0.087848 0.204072 0.223727 0.101987 0.108184 0.100005 0.112045 0.038380 
0.002402 0.008609 0.087118 0.164320 0.279821 0.082751 0.182059 0.072197 0.092897 0.027826 
0.006746 0.025653 0.058265 0.218938 0.259152 0.106848 0.083464 0.139815 0.082645 0.018473 
0.007886 0.034304 0.114426 0.192869 0.162205 0.111761 0.051729 0.216788 0.076313 0.031718 
0.007565 0.032655 0.089813 0.196473 0.227567 0.063284 0.074867 0.214892 0.050883 0.042000 
0.000943 0.007437 0.053551 0.188208 0.239460 0.134403 0.099438 0.197300 0.048908 0.030352 
0.003491 0.012770 0.084161 0.200899 0.236593 0.143514 0.056985 0.182465 0.040709 0.038414 
0.003081 0.015255 0.068452 0.184214 0.268753 0.186139 0.055847 0.150468 0.033526 0.034265 
0.002647 0.016392 0.073662 0.243577 0.229225 0.138387 0.079784 0.139237 0.039517 0.037571 
0.011635 0.049275 0.140381 0.238577 0.200670 0.123052 0.100275 0.079223 0.017040 0.039871 
0.009640 0.040154 0.075748 0.274702 0.243140 0.135256 0.048786 0.131731 0.018120 0.022722 
0.000352 0.008373 0.050624 0.211618 0.272138 0.153239 0.054880 0.139006 0.075844 0.033926 
0.002409 0.017105 0.060174 0.135536 0.337992 0.113405 0.055610 0.083195 0.148594 0.045980 
0.002496 0.017199 0.088595 0.149008 0.240187 0.104035 0.088000 0.074952 0.198036 0.037492 
0.000294 0.007117 0.042741 0.239690 0.199755 0.126443 0.058393 0.093241 0.196646 0.035679 
0.002494 0.013342 0.066876 0.219886 0.229263 0.133312 0.062407 0.060748 0.181915 0.029758 
0.005276 0.023468 0.077608 0.189498 0.243697 0.093802 0.116898 0.096088 0.125777 0.027888 
0.006554 0.030081 0.064409 0.337332 0.236962 0.060252 0.043072 0.097435 0.094806 0.029099 
0.011654 0.049407 0.110370 0.258175 0.217520 0.080832 0.044092 0.107932 0.101273 0.018745 
0.007973 0.034466 0.063828 0.262755 0.236422 0.083361 0.056198 0.148236 0.078279 0.028484 
0.004758 0.022500 0.079543 0.328189 0.244252 0.048170 0.067099 0.110221 0.071706 0.023562 
0.003349 0.016781 0.108112 0.236132 0.233340 0.113385 0.079571 0.120397 0.058509 0.030424 
0.000068 0.007842 0.046173 0.197990 0.273953 0.168894 0.075445 0.143553 0.068555 0.017525 
0.000615 0.007602 0.035365 0.192244 0.284043 0.184976 0.097494 0.120730 0.051983 0.024949 
0.002054 0.013586 0.057518 0.166053 0.241949 0.230683 0.060143 0.140944 0.065999 0.021072 
0.003696 0.015649 0.062400 0.178211 0.268794 0.161635 0.073623 0.160967 0.066156 0.008869 
0.001900 0.011649 0.063326 0.170860 0.166732 0.151519 0.250757 0.105176 0.035719 0.042363 
0.000845 0.007392 0.036391 0.135307 0.137237 0.138923 0.345286 0.107624 0.051391 0.039605 
0.000610 0.006360 0.039028 0.176202 0.136385 0.112225 0.382932 0.090492 0.026513 0.029252 
0.000641 0.008106 0.029180 0.172144 0.201364 0.133079 0.337890 0.042736 0.038592 0.036269 
0.000107 0.006862 0.038409 0.213243 0.150599 0.164238 0.342170 0.023894 0.032319 0.028160 
0.008740 0.041486 0.074513 0.208922 0.165539 0.128788 0.255356 0.050208 0.026458 0.039990 
0.005706 0.026275 0.036933 0.181407 0.124874 0.225741 0.236935 0.072853 0.035569 0.053705 
0.002989 0.012064 0.047754 0.165618 0.166741 0.193396 0.221081 0.088030 0.039249 0.063076 
0.003934 0.017330 0.049647 0.200395 0.160893 0.197994 0.257820 0.067854 0.026375 0.017757 
0.001503 0.007951 0.018585 0.199067 0.106182 0.195249 0.297917 0.093698 0.039922 0.039926 
0.001690 0.011483 0.047248 0.208256 0.142123 0.173364 0.258945 0.083862 0.021142 0.051888 
0.000910 0.007461 0.049945 0.197952 0.160967 0.082450 0.312051 0.100611 0.016358 0.071295 
0.008283 0.030729 0.072957 0.188283 0.210695 0.041311 0.251667 0.115304 0.022962 0.057807 
0.002477 0.015092 0.056192 0.161674 0.259730 0.093346 0.249430 0.092931 0.017063 0.052065 
0.005833 0.025606 0.065004 0.123320 0.296153 0.128781 0.158369 0.140226 0.017216 0.039492 
0.003800 0.020279 0.048356 0.132658 0.202383 0.087416 0.311773 0.093329 0.048076 0.051930 
0.001448 0.007606 0.029629 0.161030 0.133844 0.098654 0.403315 0.094738 0.036869 0.032866 
0.005027 0.018719 0.028186 0.193311 0.143294 0.108662 0.322416 0.092309 0.038521 0.049555 
0.002241 0.013241 0.021049 0.191887 0.141102 0.109592 0.363869 0.079717 0.033687 0.043615 
0.000155 0.004007 0.026502 0.197541 0.136010 0.128415 0.312787 0.093868 0.044419 0.056297 
0.004500 0.022051 0.048814 0.247097 0.097962 0.106263 0.298886 0.118020 0.020405 0.036003 
0.004680 0.016065 0.052625 0.237143 0.077624 0.131500 0.260896 0.116708 0.048291 0.054468 
0.007858 0.032426 0.049247 0.222989 0.083914 0.198151 0.223721 0.083353 0.046084 0.052256 
0.000392 0.007594 0.021557 0.173913 0.109504 0.153266 0.337002 0.089029 0.072327 0.035415 
0.000059 0.003833 0.044321 0.233510 0.115342 0.067878 0.328456 0.080752 0.067099 0.058750 
0.001848 0.009403 0.073349 0.184096 0.201590 0.095099 0.204476 0.095809 0.038676 0.095654 
0.001314 0.012312 0.072697 0.188282 0.197007 0.059712 0.181742 0.110778 0.086150 0.090005 
0.004644 0.023048 0.063135 0.206847 0.099699 0.101446 0.231311 0.101962 0.071470 0.096438 
0.005875 0.022164 0.078715 0.191724 0.179988 0.057329 0.249955 0.074429 0.023378 0.116443 
0.000096 0.006732 0.050866 0.182441 0.226288 0.109807 0.199659 0.102615 0.022074 0.099422 
0.003753 0.014317 0.045767 0.126795 0.086172 0.060407 0.405875 0.132605 0.054999 0.069310 
0.004238 0.019387 0.060823 0.130867 0.061384 0.100696 0.429605 0.115726 0.029236 0.048037 
0.003615 0.015666 0.048091 0.171338 0.070952 0.112776 0.354396 0.141387 0.029002 0.052776 
0.004906 0.021606 0.062502 0.187000 0.090539 0.080641 0.355020 0.104760 0.035243 0.057783 
0.000241 0.003171 0.036934 0.259814 0.068992 0.125448 0.324678 0.085662 0.049447 0.045613 
0.001694 0.010007 0.061457 0.277592 0.086702 0.116923 0.288533 0.089865 0.020071 0.047156 
0.000399 0.011206 0.065512 0.317057 0.103182 0.082145 0.268156 0.111505 0.012310 0.028527 
0.004943 0.018684 0.059536 0.330455 0.095588 0.146093 0.212636 0.070533 0.021079 0.040454 
0.002649 0.011444 0.083208 0.334401 0.106152 0.129501 0.152773 0.080153 0.054623 0.045097 
0.003924 0.022199 0.074112 0.384345 0.080409 0.108696 0.171929 0.065742 0.027939 0.060705 
0.003755 0.022072 0.025689 0.147364 0.129653 0.145469 0.353285 0.079341 0.031257 0.062114 
0.000393 0.011152 0.020138 0.171774 0.114743 0.160838 0.394601 0.062294 0.016218 0.047850 
0.002983 0.010634 0.025455 0.223249 0.149619 0.103737 0.348779 0.058335 0.038279 0.038929 
0.001132 0.011129 0.026937 0.240788 0.075902 0.094917 0.401472 0.066005 0.033584 0.048133 
0.001895 0.010163 0.037097 0.250487 0.130003 0.089714 0.346299 0.062942 0.029363 0.042038 
0.000938 0.009363 0.032863 0.218792 0.208029 0.207637 0.150184 0.082038 0.034997 0.055159 
0.002877 0.019582 0.048889 0.252147 0.212299 0.160307 0.177532 0.083488 0.015760 0.027118 
0.006536 0.036256 0.064583 0.299421 0.151688 0.095841 0.201003 0.100503 0.020539 0.023630 
0.000630 0.004968 0.042637 0.278844 0.191620 0.072300 0.236930 0.086739 0.030740 0.054591 
0.007540 0.034907 0.055453 0.243647 0.191981 0.137977 0.173464 0.087872 0.034616 0.032543 
0.000111 0.011122 0.073725 0.192117 0.187103 0.120890 0.267150 0.070240 0.015085 0.062456 
0.004363 0.020082 0.096868 0.251426 0.164804 0.047271 0.241760 0.079154 0.012397 0.081876 
0.002486 0.009894 0.086067 0.173664 0.265468 0.088576 0.249197 0.033971 0.033779 0.056897 
0.002788 0.011323 0.081683 0.194867 0.251640 0.114813 0.190329 0.071164 0.026831 0.054562 
0.002242 0.011540 0.057956 0.253821 0.212505 0.105157 0.191323 0.091897 0.022307 0.051251 
0.001125 0.009584 0.041363 0.131349 0.165963 0.102144 0.391003 0.062579 0.038744 0.056146 
0.000292 0.006352 0.042268 0.154552 0.221428 0.147579 0.278982 0.064734 0.033354 0.050458 
0.003063 0.023458 0.072586 0.178494 0.184227 0.094137 0.226624 0.105420 0.053009 0.058983 
0.003056 0.009733 0.041763 0.145292 0.195374 0.128794 0.292367 0.100342 0.034808 0.048471 
0.005446 0.022743 0.052009 0.132747 0.178732 0.180034 0.242453 0.106384 0.037908 0.041544 
0.002297 0.015365 0.051668 0.122664 0.244000 0.097809 0.265372 0.119938 0.043544 0.037342 
0.008152 0.032308 0.072365 0.179341 0.235972 0.059471 0.253722 0.077294 0.041189 0.040187 
0.003639 0.015813 0.060490 0.187292 0.287205 0.115358 0.222946 0.042506 0.027193 0.037557 
0.003921 0.018015 0.058949 0.142015 0.275714 0.105899 0.290801 0.051183 0.022091 0.031413 
0.005780 0.022835 0.076202 0.140130 0.328198 0.113039 0.170180 0.080225 0.032057 0.031355 
0.005469 0.021688 0.044306 0.091323 0.283996 0.062774 0.286312 0.104541 0.030640 0.068951 
0.001949 0.016130 0.033375 0.113277 0.352800 0.089663 0.175305 0.094130 0.038575 0.084795 
0.000401 0.009697 0.035232 0.161503 0.337596 0.087009 0.196567 0.082269 0.029489 0.060238 
0.001743 0.013213 0.060792 0.102817 0.304941 0.145496 0.202770 0.082293 0.029262 0.056673 
0.001971 0.004991 0.025288 0.195785 0.230425 0.089730 0.287922 0.093027 0.017796 0.053064 
0.005071 0.021667 0.033567 0.143981 0.113435 0.104876 0.425375 0.090486 0.027246 0.034295 
0.006285 0.025459 0.040039 0.165475 0.088142 0.108673 0.430097 0.073460 0.026992 0.035378 
0.000517 0.004855 0.025177 0.157458 0.132117 0.121080 0.395421 0.106443 0.022147 0.034784 
0.004101 0.021151 0.025061 0.175994 0.134637 0.086457 0.364219 0.111049 0.028812 0.048519 
0.001212 0.006810 0.020818 0.179477 0.116264 0.192923 0.317794 0.106096 0.022105 0.036499 
0.000617 0.007240 0.020104 0.132517 0.140127 0.270550 0.246758 0.125512 0.024544 0.032031 
0.003207 0.013464 0.026968 0.147463 0.121410 0.230393 0.272467 0.116865 0.032939 0.034825 
0.001742 0.011132 0.024912 0.197988 0.175667 0.224376 0.219709 0.069324 0.039544 0.035606 
0.001789 0.006219 0.039288 0.233769 0.145302 0.244268 0.195028 0.048567 0.031529 0.054241 
0.003193 0.020226 0.025929 0.195050 0.120443 0.143387 0.334640 0.076441 0.038546 0.042147 
0.005277 0.029760 0.064883 0.185556 0.100442 0.117506 0.372019 0.088112 0.018667 0.017779 
0.008958 0.033848 0.050718 0.174811 0.087010 0.140312 0.348135 0.087833 0.041064 0.027311 
0.008209 0.028993 0.046548 0.146173 0.089947 0.127658 0.391101 0.090923 0.046066 0.024381 
0.004319 0.019792 0.039276 0.175643 0.121986 0.106045 0.400343 0.071023 0.031240 0.030332 
0.000330 0.009713 0.036389 0.169742 0.165992 0.177778 0.296630 0.055168 0.039729 0.048529 
0.003791 0.018167 0.034357 0.164502 0.131229 0.114952 0.293708 0.132013 0.045589 0.061692 
0.003062 0.010293 0.029212 0.198271 0.114607 0.091964 0.326462 0.124475 0.057491 0.044163 
0.002803 0.015799 0.026185 0.185500 0.132791 0.076574 0.302306 0.171120 0.065729 0.021193 
0.000837 0.007438 0.048474 0.188913 0.191027 0.107676 0.253015 0.111062 0.046184 0.045374 
0.000562 0.008241 0.051512 0.141233 0.199365 0.111216 0.334956 0.073144 0.035987 0.043785 
0.004600 0.019755 0.081847 0.140216 0.235105 0.061028 0.223013 0.153688 0.028551 0.052197 
0.000627 0.004538 0.068676 0.137778 0.226794 0.077259 0.291685 0.099826 0.042993 0.049825 
0.003652 0.013055 0.081404 0.148735 0.337586 0.057643 0.221471 0.056368 0.039442 0.040644 
0.000571 0.005161 0.064949 0.125571 0.402788 0.091728 0.181706 0.061187 0.043420 0.022920 
0.003029 0.013142 0.054603 0.140732 0.398795 0.063829 0.214667 0.047490 0.037528 0.026185 
0.001880 0.007135 0.055369 0.186644 0.352346 0.113805 0.128405 0.084629 0.038297 0.031492 
0.001456 0.012019 0.046573 0.164962 0.284474 0.145990 0.202297 0.077468 0.043799 0.020963 
0.001921 0.015675 0.044179 0.156397 0.332322 0.098392 0.170446 0.086629 0.062928 0.031113 
0.002813 0.014731 0.045076 0.189125 0.374894 0.103870 0.129371 0.072126 0.032716 0.035277 
0.000068 0.008651 0.045220 0.178561 0.363347 0.117770 0.095913 0.068467 0.058583 0.063421 
0.005975 0.026202 0.050581 0.133968 0.392988 0.064655 0.089519 0.070811 0.091282 0.074020 
0.001587 0.006232 0.059746 0.152454 0.360380 0.084376 0.131780 0.073172 0.071192 0.059082 
0.007086 0.027074 0.050464 0.185348 0.356386 0.034957 0.129699 0.097094 0.032504 0.079390 
0.006669 0.030111 0.080872 0.125705 0.374133 0.087312 0.115562 0.069194 0.056682 0.053760 
0.006362 0.027512 0.069687 0.180464 0.333725 0.087138 0.131312 0.062000 0.044502 0.057296 
0.005130 0.021839 0.072355 0.150913 0.361492 0.017103 0.103542 0.130017 0.070637 0.066973 
0.000194 0.008351 0.073754 0.160040 0.278687 0.075998 0.119939 0.163808 0.050126 0.069103 
0.005572 0.017303 0.097063 0.185922 0.288063 0.054923 0.111590 0.108192 0.043460 0.087911 
0.000676 0.009633 0.097202 0.115045 0.357143 0.083921 0.066920 0.135994 0.072073 0.061393 
0.005338 0.024073 0.058062 0.129574 0.270037 0.064825 0.231460 0.103111 0.074041 0.039479 
0.000723 0.008578 0.031193 0.122880 0.274445 0.094972 0.249163 0.092546 0.072013 0.053487 
0.005769 0.026123 0.051878 0.125234 0.275428 0.072293 0.264296 0.114274 0.029220 0.035484 
0.004654 0.016987 0.056699 0.102035 0.245682 0.104352 0.255467 0.119278 0.049762 0.045083 
0.004995 0.017874 0.044605 0.116773 0.239244 0.081955 0.335273 0.083636 0.035880 0.039766 
0.003731 0.017905 0.035414 0.142525 0.206591 0.031112 0.213921 0.146947 0.086400 0.115454 
0.002767 0.010465 0.035335 0.133116 0.212736 0.074205 0.144163 0.158981 0.091177 0.137056 
0.002392 0.009662 0.063637 0.123020 0.176219 0.096750 0.214688 0.144764 0.107019 0.061849 
0.005092 0.021004 0.072686 0.139850 0.286599 0.075831 0.165937 0.062760 0.095109 0.075132 
0.006467 0.024280 0.082936 0.147828 0.156625 0.067346 0.256623 0.154440 0.068394 0.035060 
0.000752 0.049213 0.117475 0.237493 0.124657 0.060253 0.134670 0.166274 0.057707 0.051506 
0.001669 0.105517 0.167711 0.160564 0.135010 0.067517 0.075882 0.204382 0.047803 0.033946 
0.009339 0.120233 0.184650 0.134837 0.141511 0.059774 0.085939 0.177624 0.042230 0.043864 
0.009439 0.114111 0.147735 0.164458 0.161268 0.041428 0.088656 0.193373 0.044089 0.035444 
0.023863 0.146385 0.168625 0.137110 0.169821 0.050827 0.068701 0.154241 0.047297 0.033130 
0.008708 0.215415 0.209843 0.122885 0.116384 0.074618 0.053284 0.127342 0.050122 0.021399 
0.013971 0.194122 0.192891 0.149897 0.144408 0.081069 0.072818 0.096473 0.033024 0.021327 
0.015368 0.205761 0.169126 0.120612 0.163463 0.109004 0.059501 0.092141 0.037416 0.027608 
0.013767 0.197684 0.158831 0.139980 0.143753 0.102868 0.065833 0.110289 0.035244 0.031752 
0.016721 0.223486 0.234123 0.083144 0.170375 0.057378 0.050900 0.067237 0.064576 0.032061 
0.021540 0.202052 0.196350 0.080054 0.208550 0.037820 0.066615 0.079452 0.093121 0.014445 
0.004633 0.145997 0.199123 0.147824 0.156287 0.052819 0.065554 0.072726 0.116088 0.038948 
0.011567 0.143684 0.222648 0.163745 0.112154 0.057970 0.097374 0.066158 0.092058 0.032642 
0.019326 0.161638 0.224924 0.195067 0.131249 0.062405 0.060539 0.070111 0.059428 0.015312 
0.005308 0.101733 0.195350 0.218439 0.203795 0.052926 0.083300 0.081064 0.045155 0.012930 
0.006324 0.103032 0.141244 0.164645 0.168315 0.063150 0.111412 0.163556 0.055893 0.022430 
0.015547 0.143045 0.122858 0.145878 0.197139 0.082961 0.073541 0.150509 0.049415 0.019107 
0.013942 0.156444 0.123970 0.152436 0.165598 0.069764 0.075460 0.160886 0.050889 0.030609 
0.004776 0.136537 0.170454 0.163605 0.199501 0.060995 0.025564 0.136182 0.091780 0.010606 
0.010860 0.218085 0.155196 0.170419 0.103688 0.093132 0.047816 0.119380 0.062174 0.019249 
0.029520 0.249378 0.151046 0.129932 0.132011 0.127087 0.065082 0.066746 0.037132 0.012066 
0.029293 0.179725 0.145292 0.161598 0.153519 0.123529 0.055552 0.097690 0.039472 0.014330 
0.006159 0.150532 0.171207 0.175984 0.194121 0.097685 0.051543 0.082143 0.042355 0.028272 
0.010272 0.188353 0.151260 0.198718 0.207474 0.053721 0.050765 0.091790 0.031450 0.016198 
0.006401 0.168871 0.166030 0.168145 0.165994 0.045128 0.071532 0.077819 0.096003 0.034076 
0.008297 0.221063 0.190453 0.126669 0.128429 0.059731 0.051046 0.083602 0.105888 0.024822 
0.000653 0.169148 0.179807 0.190759 0.119151 0.065261 0.060527 0.104453 0.091719 0.018522 
0.006013 0.156579 0.207505 0.176539 0.161546 0.037963 0.046983 0.102464 0.090303 0.014105 
0.013296 0.183222 0.183595 0.134514 0.155579 0.057030 0.045169 0.091499 0.129888 0.006207 
0.004793 0.115678 0.145460 0.239860 0.095883 0.064119 0.116939 0.118708 0.077476 0.021085 
0.005525 0.098363 0.153721 0.154552 0.124419 0.093037 0.093202 0.198940 0.056852 0.021387 
0.016407 0.166331 0.138157 0.112990 0.121930 0.067622 0.063395 0.200587 0.089161 0.023420 
0.010835 0.141385 0.148154 0.174961 0.137192 0.047768 0.048859 0.183372 0.079087 0.028388 
0.003154 0.128722 0.136564 0.222574 0.161101 0.083163 0.045309 0.124095 0.073236 0.022082 
0.001884 0.269108 0.149310 0.126481 0.152581 0.057087 0.048217 0.058950 0.103654 0.032728 
0.005164 0.191453 0.239103 0.138079 0.071152 0.092537 0.083905 0.080815 0.077274 0.020518 
0.013390 0.204430 0.224438 0.118451 0.086101 0.112161 0.061186 0.084066 0.071884 0.023893 
0.016462 0.229002 0.212448 0.133823 0.097651 0.121183 0.064819 0.061635 0.046194 0.016783 
0.014606 0.211805 0.177613 0.148343 0.144547 0.083570 0.066268 0.069068 0.068659 0.015522 
0.005266 0.133401 0.100076 0.189717 0.106755 0.054366 0.191861 0.100040 0.083543 0.034976 
0.005955 0.126494 0.148798 0.112393 0.106628 0.044914 0.202962 0.130869 0.082185 0.038802 
0.017819 0.104644 0.170655 0.134752 0.126931 0.034830 0.191105 0.129391 0.044680 0.045193 
0.017628 0.102495 0.178282 0.135067 0.094758 0.039611 0.198843 0.135278 0.048224 0.049815 
0.003865 0.082338 0.182566 0.190728 0.088978 0.044652 0.194213 0.105543 0.072899 0.034217 
0.003808 0.232780 0.144827 0.125304 0.107341 0.088357 0.107199 0.064044 0.084312 0.042028 
0.003299 0.114964 0.207748 0.159663 0.089327 0.097331 0.150102 0.072272 0.079060 0.026233 
0.012441 0.114573 0.204821 0.155748 0.083740 0.091665 0.172015 0.094211 0.045310 0.025476 
0.000148 0.092396 0.258165 0.171094 0.087588 0.067560 0.141804 0.112349 0.040242 0.028654 
0.003558 0.072916 0.206055 0.205189 0.096117 0.078304 0.151271 0.099174 0.056100 0.031315 
0.000550 0.237843 0.215203 0.129122 0.132276 0.054906 0.077084 0.097979 0.037778 0.017258 
0.002837 0.082883 0.190703 0.155804 0.194151 0.032647 0.114656 0.165657 0.030925 0.029736 
0.013486 0.077725 0.206885 0.145337 0.192593 0.049821 0.098324 0.154314 0.036333 0.025182 
0.008615 0.081709 0.212486 0.160572 0.159808 0.062678 0.077865 0.134120 0.071232 0.030914 
0.005240 0.070555 0.184672 0.237153 0.100199 0.051095 0.094543 0.128667 0.086046 0.041829 
0.003935 0.053430 0.100055 0.219822 0.091534 0.052690 0.310998 0.046683 0.075580 0.045272 
0.011065 0.076891 0.196094 0.171267 0.091819 0.042870 0.246598 0.056175 0.046081 0.061139 
0.003474 0.086943 0.224940 0.196379 0.113115 0.038427 0.156717 0.075360 0.038070 0.066576 
0.012746 0.076998 0.224908 0.178277 0.082124 0.057738 0.174580 0.116025 0.031620 0.044984 
0.014695 0.077372 0.181115 0.212948 0.076672 0.063222 0.157300 0.112974 0.049800 0.053902 
0.004941 0.218368 0.231792 0.132868 0.093508 0.084589 0.083183 0.072548 0.037556 0.040648 
0.007168 0.127312 0.231027 0.192519 0.111669 0.092326 0.092203 0.075684 0.043138 0.026953 
0.003506 0.147511 0.232656 0.174382 0.117501 0.106411 0.060819 0.076371 0.043375 0.037467 
0.022694 0.160742 0.202631 0.185616 0.099423 0.081064 0.073823 0.084957 0.041760 0.047290 
0.034571 0.126698 0.168143 0.189804 0.162389 0.089081 0.086962 0.047894 0.041094 0.053365 
0.008908 0.274110 0.150173 0.122043 0.161597 0.069598 0.105560 0.066144 0.018550 0.023318 
0.014422 0.152833 0.197643 0.128838 0.229001 0.044899 0.109180 0.064734 0.024999 0.033450 
0.012640 0.108604 0.194806 0.095168 0.298005 0.031838 0.137985 0.044532 0.028022 0.048400 
0.002584 0.100785 0.217431 0.116801 0.284949 0.031409 0.130524 0.047938 0.026542 0.041038 
0.004001 0.103923 0.196875 0.096457 0.228855 0.075514 0.143334 0.065261 0.036891 0.048889 
0.007205 0.078333 0.181174 0.171097 0.088598 0.056369 0.205521 0.089829 0.067200 0.054673 
0.008781 0.095963 0.254962 0.099703 0.125458 0.036116 0.211694 0.075224 0.044907 0.047191 
0.005131 0.075425 0.254560 0.111494 0.134055 0.037542 0.206744 0.110403 0.029951 0.034694 
0.000150 0.069057 0.285425 0.114775 0.147986 0.036769 0.173413 0.085542 0.033684 0.053199 
0.019016 0.055787 0.225692 0.126248 0.140304 0.082057 0.149079 0.074201 0.065464 0.062153 
0.004735 0.215811 0.242935 0.106865 0.056269 0.109392 0.100252 0.088372 0.031645 0.043723 
0.022615 0.118047 0.246314 0.127110 0.055331 0.125730 0.129783 0.085449 0.022866 0.066755 
0.015120 0.086795 0.242960 0.137174 0.088678 0.136953 0.099789 0.096044 0.036055 0.060432 
0.007394 0.067611 0.241496 0.125725 0.108262 0.107822 0.145015 0.104656 0.040145 0.051875 
0.005400 0.065798 0.192462 0.179511 0.102661 0.103822 0.187361 0.074354 0.035832 0.052798 
0.001905 0.059078 0.193056 0.204941 0.111829 0.026700 0.184159 0.124786 0.054105 0.039440 
0.010531 0.074403 0.193672 0.179173 0.105949 0.065933 0.220561 0.088951 0.030080 0.030748 
0.009905 0.096875 0.219970 0.178137 0.135226 0.032409 0.211636 0.063704 0.032896 0.019242 
0.002294 0.087732 0.231480 0.194355 0.098780 0.061227 0.218637 0.041032 0.034507 0.029955 
0.016134 0.116576 0.157501 0.180735 0.098297 0.103021 0.172772 0.071212 0.038787 0.044966 
0.015788 0.206155 0.238513 0.139567 0.056253 0.121094 0.100702 0.071253 0.022216 0.028459 
0.006576 0.068421 0.253617 0.198720 0.097368 0.095624 0.103069 0.112267 0.037730 0.026606 
0.011559 0.097977 0.247092 0.193894 0.077954 0.114739 0.077519 0.087997 0.044363 0.046906 
0.000730 0.090336 0.242424 0.213791 0.058780 0.119258 0.106779 0.092402 0.025139 0.050360 
0.006621 0.183401 0.227183 0.144140 0.091675 0.078019 0.112440 0.074102 0.053725 0.028693 
0.019179 0.174756 0.186954 0.156684 0.135649 0.049320 0.105809 0.087847 0.042008 0.041793 
0.000205 0.056479 0.238715 0.172554 0.206798 0.055302 0.101545 0.094148 0.038700 0.035553 
0.003746 0.063903 0.222618 0.169067 0.185789 0.068362 0.129433 0.094895 0.030607 0.031579 
0.013984 0.076976 0.256139 0.190701 0.175216 0.046805 0.129022 0.054788 0.030538 0.025831 
0.017703 0.073393 0.198932 0.206490 0.147434 0.047529 0.144867 0.092545 0.044938 0.026170 
0.014117 0.096706 0.152177 0.169965 0.171926 0.073861 0.175382 0.066223 0.052265 0.027378 
0.006596 0.081694 0.193384 0.165900 0.154482 0.080481 0.202519 0.048862 0.030998 0.035084 
0.004558 0.074517 0.211988 0.182961 0.159532 0.070885 0.181490 0.043462 0.026233 0.044374 
0.011950 0.074162 0.184010 0.146721 0.166065 0.073307 0.173999 0.076101 0.039152 0.054532 
0.018871 0.236304 0.153284 0.160257 0.115235 0.075903 0.106119 0.072115 0.031230 0.030684 
0.016125 0.144012 0.266511 0.166021 0.133646 0.038643 0.103082 0.061653 0.027840 0.042467 
0.007776 0.129265 0.222397 0.185648 0.144401 0.035687 0.086566 0.109100 0.033850 0.045312 
0.017795 0.109032 0.244041 0.183458 0.120240 0.029786 0.089732 0.121955 0.045650 0.038312 
0.002087 0.103888 0.254430 0.189089 0.130866 0.031442 0.114161 0.106984 0.032111 0.034942 
0.016887 0.258191 0.134944 0.153458 0.153888 0.046353 0.075513 0.084526 0.034998 0.041240 
0.025828 0.161731 0.202931 0.159856 0.193675 0.034808 0.091152 0.043683 0.036729 0.049604 
0.004473 0.109455 0.247503 0.157163 0.212400 0.030667 0.094554 0.054460 0.023462 0.065863 
0.003207 0.111893 0.188226 0.120791 0.248369 0.061829 0.097827 0.076438 0.024349 0.067070 
0.017086 0.126797 0.181188 0.155090 0.217675 0.040371 0.097037 0.084244 0.023343 0.057168 
0.016340 0.090190 0.155566 0.225878 0.143880 0.058423 0.180589 0.037598 0.061047 0.030488 
0.016389 0.078182 0.218281 0.179311 0.118707 0.077531 0.211625 0.033252 0.029809 0.036911 
0.011253 0.075133 0.217517 0.160784 0.137256 0.054668 0.206543 0.057808 0.042273 0.036765 
0.001164 0.070412 0.235102 0.197831 0.142216 0.070098 0.155581 0.049338 0.032811 0.045447 
0.015138 0.089880 0.300673 0.166228 0.154427 0.031685 0.124431 0.065843 0.028217 0.023477 
0.025698 0.312613 0.156948 0.095443 0.143980 0.112888 0.070514 0.022921 0.030474 0.028521 
0.028365 0.127256 0.184342 0.120894 0.136887 0.140113 0.124722 0.049305 0.058033 0.030082 
0.008316 0.090843 0.209918 0.112703 0.151898 0.157488 0.143977 0.051349 0.031154 0.042353 
0.001038 0.076293 0.218255 0.120856 0.134853 0.183038 0.108532 0.091228 0.018907 0.047001 
0.006646 0.060049 0.197668 0.154569 0.118825 0.167913 0.112413 0.101420 0.044625 0.035872 
0.001355 0.060273 0.142572 0.240714 0.137877 0.094158 0.179298 0.065584 0.053876 0.024293 
0.005172 0.145507 0.133768 0.217725 0.124058 0.075627 0.183238 0.057166 0.033777 0.023963 
0.005155 0.174830 0.099818 0.159453 0.139208 0.091131 0.168503 0.071469 0.053229 0.037206 
0.005477 0.158122 0.159022 0.193467 0.108422 0.062977 0.142864 0.085708 0.039614 0.044327 
