Cradled-in-Love,Poets-of-the-Fall
0.000000 0.000000 0.000000 0.000000 0.000000 0.000000 0.000000 0.000000 0.000000 0.000000 
0.000000 0.000000 0.000000 0.000000 0.000000 0.000000 0.000000 0.000000 0.000000 0.000000 
0.060690 0.183652 0.131522 0.084253 0.147282 0.067138 0.047195 0.126626 0.092566 0.059076 
0.214071 0.078903 0.108042 0.062293 0.095167 0.051336 0.077166 0.080139 0.099168 0.133716 
0.085145 0.091317 0.086897 0.132562 0.136876 0.100086 0.085069 0.110054 0.060938 0.111057 
0.010349 0.346639 0.285933 0.166587 0.071300 0.025210 0.009055 0.037816 0.023030 0.024080 
0.056684 0.297012 0.315672 0.108353 0.076224 0.034170 0.034255 0.027538 0.021251 0.028842 
0.024421 0.280067 0.420558 0.049453 0.052279 0.036987 0.047489 0.041158 0.029626 0.017962 
0.008728 0.247744 0.402405 0.076568 0.052342 0.052960 0.045906 0.044513 0.036321 0.032513 
0.002616 0.035171 0.232174 0.182066 0.255670 0.020467 0.025472 0.034456 0.084169 0.127740 
0.008264 0.072814 0.122123 0.095924 0.274591 0.048716 0.022766 0.091342 0.140957 0.122504 
0.009300 0.045538 0.177716 0.105560 0.254829 0.036405 0.024902 0.093925 0.153190 0.098633 
0.004440 0.030020 0.222180 0.111470 0.245674 0.034444 0.018179 0.080479 0.126772 0.126342 
0.006679 0.034055 0.249292 0.065946 0.267855 0.051871 0.021954 0.075594 0.098884 0.127868 
0.011599 0.056045 0.238910 0.125598 0.195839 0.048028 0.048239 0.074334 0.098801 0.102608 
0.002430 0.025792 0.190161 0.394326 0.136244 0.057305 0.012469 0.031760 0.059737 0.089776 
0.014727 0.070197 0.235118 0.339970 0.145421 0.056086 0.025571 0.036993 0.039849 0.036068 
0.008656 0.038212 0.231205 0.239185 0.154835 0.089351 0.062408 0.049608 0.060776 0.065764 
0.005919 0.028741 0.202105 0.255533 0.144548 0.087572 0.040295 0.054056 0.091883 0.089348 
0.008043 0.043040 0.193321 0.293377 0.199918 0.061192 0.044612 0.041458 0.064092 0.050948 
0.003492 0.029883 0.205999 0.205833 0.195085 0.137877 0.058670 0.054654 0.074872 0.033635 
0.001118 0.019725 0.215739 0.217708 0.168104 0.136143 0.047904 0.051605 0.086367 0.055587 
0.009774 0.045096 0.256444 0.254165 0.184522 0.118194 0.035029 0.029136 0.048148 0.019492 
0.006086 0.032085 0.255002 0.232714 0.225371 0.103881 0.018437 0.024178 0.044265 0.057982 
0.002262 0.021712 0.211607 0.199180 0.269246 0.113252 0.024347 0.060373 0.048435 0.049585 
0.010837 0.052015 0.226213 0.160802 0.298852 0.101657 0.030735 0.069772 0.037588 0.011530 
0.012967 0.058343 0.223893 0.116091 0.304587 0.090187 0.028258 0.069998 0.054399 0.041277 
0.002769 0.019904 0.248216 0.170384 0.294039 0.084341 0.012349 0.072700 0.057891 0.037408 
0.008279 0.044360 0.272306 0.186401 0.257905 0.086214 0.029011 0.071578 0.027018 0.016929 
0.010808 0.055334 0.271525 0.148522 0.247520 0.088601 0.016548 0.078769 0.039649 0.042725 
0.001220 0.020478 0.290573 0.159432 0.216734 0.087648 0.027318 0.094768 0.042772 0.059057 
0.008413 0.036132 0.313866 0.177375 0.215309 0.084983 0.032382 0.087259 0.022758 0.021524 
0.007904 0.043509 0.313749 0.139606 0.179729 0.119612 0.025800 0.075060 0.033632 0.061399 
0.003341 0.027370 0.299198 0.109687 0.186208 0.139739 0.070424 0.078145 0.041239 0.044647 
0.004284 0.032650 0.312271 0.178390 0.199913 0.114311 0.031380 0.073598 0.025483 0.027720 
0.004092 0.020540 0.257518 0.177542 0.257492 0.087056 0.039778 0.103172 0.019574 0.033237 
0.000121 0.018690 0.251970 0.114530 0.258027 0.095096 0.056001 0.139831 0.038202 0.027531 
0.007562 0.040325 0.317246 0.088751 0.154873 0.102138 0.049046 0.155050 0.052567 0.032442 
0.014624 0.073131 0.424523 0.086659 0.096301 0.078487 0.033097 0.129317 0.035319 0.028542 
0.005896 0.035555 0.350211 0.086386 0.157108 0.079242 0.041351 0.171825 0.035789 0.036637 
0.005149 0.029553 0.280987 0.086166 0.165789 0.073574 0.022325 0.247710 0.065363 0.023385 
0.009674 0.047290 0.275287 0.098978 0.169775 0.051116 0.041684 0.233968 0.046606 0.025622 
0.007776 0.042400 0.360569 0.103190 0.108389 0.085528 0.053823 0.173820 0.039300 0.025204 
0.008943 0.051965 0.412737 0.102173 0.138621 0.091132 0.023248 0.102051 0.027934 0.041196 
0.014288 0.063856 0.349875 0.106092 0.201111 0.063739 0.025247 0.113364 0.023012 0.039417 
0.007608 0.038736 0.280053 0.108451 0.270758 0.048225 0.043973 0.160123 0.017663 0.024410 
0.001166 0.022760 0.289644 0.075971 0.313161 0.048991 0.029881 0.154624 0.040891 0.022911 
0.012904 0.067464 0.323467 0.066641 0.288947 0.072201 0.040160 0.066844 0.039640 0.021732 
0.017357 0.082067 0.340136 0.107346 0.266096 0.080713 0.030767 0.031937 0.032504 0.011075 
0.016148 0.074271 0.255692 0.092196 0.265329 0.062626 0.024429 0.039654 0.085340 0.084315 
0.015021 0.070882 0.214976 0.087532 0.297792 0.048210 0.030424 0.080779 0.082930 0.071453 
0.002922 0.016315 0.228144 0.127558 0.272414 0.053494 0.045788 0.114093 0.068891 0.070382 
0.012783 0.056568 0.301325 0.103381 0.209619 0.048007 0.040961 0.091004 0.068005 0.068347 
0.015504 0.070794 0.341087 0.054325 0.202348 0.062697 0.033961 0.073641 0.081903 0.063741 
0.010532 0.049706 0.310474 0.229971 0.177895 0.035673 0.007666 0.054219 0.061303 0.062562 
0.005654 0.019679 0.280985 0.329659 0.172181 0.037447 0.008641 0.072149 0.046243 0.027362 
0.006376 0.025883 0.301900 0.262700 0.137180 0.070057 0.029269 0.073228 0.046926 0.046480 
0.006945 0.030402 0.324264 0.151905 0.201740 0.080572 0.032449 0.027129 0.065543 0.079051 
0.002367 0.011808 0.357483 0.124103 0.251581 0.099165 0.030516 0.037036 0.048000 0.037942 
0.006764 0.031132 0.323390 0.224204 0.178684 0.083317 0.040881 0.033404 0.042359 0.035866 
0.000814 0.003398 0.256350 0.282109 0.120677 0.156516 0.014665 0.053331 0.045604 0.066536 
0.006265 0.034462 0.241695 0.274266 0.143024 0.153099 0.038446 0.045379 0.025132 0.038232 
0.006103 0.035636 0.229502 0.249071 0.163141 0.174788 0.032718 0.040810 0.023706 0.044525 
0.001117 0.024414 0.234717 0.201598 0.101287 0.193090 0.072084 0.047926 0.036937 0.086830 
0.004582 0.025834 0.266163 0.209960 0.162150 0.141398 0.029410 0.078446 0.030631 0.051426 
0.002414 0.012453 0.225495 0.149976 0.252332 0.124301 0.046977 0.114145 0.034225 0.037682 
0.005314 0.026279 0.199590 0.162097 0.250322 0.112628 0.031702 0.125887 0.046545 0.039636 
0.016017 0.069239 0.233154 0.170761 0.211727 0.117897 0.017614 0.101518 0.042212 0.019862 
0.012079 0.052305 0.230610 0.187379 0.214134 0.121856 0.027363 0.092528 0.026042 0.035704 
0.002209 0.016616 0.223631 0.201372 0.229880 0.097159 0.021478 0.109644 0.045736 0.052276 
0.014660 0.066219 0.223741 0.230815 0.137985 0.120671 0.037062 0.094136 0.040846 0.033865 
0.015407 0.070458 0.257985 0.234143 0.137286 0.129927 0.017723 0.067990 0.044826 0.024253 
0.007911 0.040958 0.262253 0.262511 0.170317 0.126926 0.030280 0.032567 0.031694 0.034584 
0.000010 0.012178 0.293848 0.242769 0.206622 0.085473 0.052630 0.054270 0.023970 0.028230 
0.004412 0.026066 0.178400 0.383778 0.099611 0.164150 0.063065 0.029206 0.025937 0.025374 
0.010059 0.045217 0.158110 0.370716 0.127517 0.189119 0.022887 0.029729 0.026975 0.019671 
0.005187 0.025721 0.143684 0.423809 0.145669 0.143506 0.029437 0.040640 0.027351 0.014996 
0.000759 0.007150 0.139375 0.439448 0.180301 0.145653 0.021751 0.018627 0.029562 0.017372 
0.000229 0.004477 0.151831 0.418962 0.149167 0.174390 0.036062 0.021728 0.032956 0.010198 
0.002607 0.015735 0.222199 0.327698 0.135833 0.150649 0.031055 0.032514 0.047341 0.034369 
0.006664 0.033444 0.203588 0.380288 0.113533 0.133269 0.029556 0.013881 0.032895 0.052881 
0.002999 0.016769 0.189972 0.412607 0.142789 0.121860 0.008124 0.019745 0.030936 0.054198 
0.008495 0.039201 0.190764 0.336157 0.133784 0.140240 0.026216 0.021893 0.039032 0.064218 
0.009943 0.043517 0.211945 0.257848 0.126784 0.171315 0.025251 0.029290 0.036502 0.087604 
0.002988 0.013223 0.271284 0.154096 0.212506 0.079429 0.014693 0.046228 0.083677 0.121876 
0.005918 0.027670 0.275264 0.167625 0.219702 0.083710 0.009682 0.039551 0.084594 0.086282 
0.006854 0.036972 0.277287 0.141903 0.229975 0.093247 0.061527 0.045793 0.068762 0.037678 
0.011526 0.056144 0.296299 0.066125 0.209713 0.108450 0.063251 0.050935 0.073778 0.063781 
0.001709 0.021830 0.198459 0.117500 0.251628 0.165557 0.081195 0.049767 0.063336 0.049019 
0.003054 0.103772 0.435176 0.152065 0.064142 0.055350 0.037078 0.036244 0.049523 0.063595 
0.013826 0.087760 0.461785 0.128170 0.059900 0.047095 0.050574 0.056755 0.044545 0.049592 
0.021045 0.116747 0.443561 0.144970 0.072497 0.049498 0.042660 0.046700 0.034953 0.027368 
0.025271 0.131868 0.482308 0.097504 0.083461 0.045788 0.020829 0.036368 0.026095 0.050508 
0.027078 0.141366 0.507650 0.088812 0.063701 0.036847 0.014320 0.035750 0.038027 0.046449 
0.009999 0.061311 0.342112 0.237397 0.125098 0.064219 0.038484 0.033912 0.050547 0.036921 
0.009189 0.059472 0.267004 0.313985 0.107763 0.057637 0.055629 0.043852 0.031708 0.053762 
0.010890 0.065430 0.382161 0.219697 0.098510 0.069063 0.049174 0.031958 0.017018 0.056100 
0.004975 0.048802 0.522214 0.120978 0.126076 0.077406 0.020853 0.028099 0.022403 0.028195 
0.014844 0.085926 0.469741 0.123157 0.115680 0.071180 0.027843 0.031044 0.013546 0.047040 
0.020205 0.097171 0.293218 0.213298 0.097405 0.092227 0.080417 0.037982 0.032919 0.035159 
0.021053 0.103301 0.301564 0.217949 0.098142 0.133183 0.051614 0.019869 0.023811 0.029515 
0.019005 0.093809 0.327101 0.235645 0.092484 0.136698 0.039546 0.012295 0.018151 0.025268 
0.019808 0.098147 0.348035 0.222637 0.075826 0.127884 0.030791 0.020577 0.031402 0.024893 
0.014172 0.072649 0.380881 0.220857 0.071753 0.132724 0.023431 0.025624 0.035021 0.022888 
0.001926 0.039111 0.351775 0.128389 0.218483 0.127437 0.037816 0.032463 0.031914 0.030684 
0.005521 0.041907 0.294763 0.159770 0.288906 0.104832 0.033604 0.021977 0.019420 0.029301 
0.013521 0.070463 0.288622 0.124973 0.313743 0.109090 0.023526 0.012169 0.022903 0.020989 
0.018732 0.091764 0.324001 0.133663 0.275734 0.080741 0.017637 0.027752 0.018015 0.011961 
0.016994 0.087728 0.341072 0.108699 0.254756 0.076127 0.020444 0.039771 0.022991 0.031417 
0.012103 0.067973 0.307425 0.111785 0.230060 0.114848 0.045425 0.040228 0.039518 0.030635 
0.006466 0.051909 0.306401 0.118205 0.203972 0.094820 0.095116 0.051942 0.055623 0.015547 
0.000132 0.042365 0.371571 0.117394 0.188644 0.102581 0.062533 0.045422 0.048986 0.020371 
0.008149 0.060012 0.459555 0.154756 0.186793 0.046046 0.022079 0.021085 0.009562 0.031963 
0.021197 0.107964 0.363223 0.146953 0.204178 0.055755 0.025687 0.027424 0.018648 0.028970 
0.014842 0.077036 0.252344 0.205815 0.213842 0.155831 0.026390 0.016444 0.021523 0.015932 
0.012289 0.067340 0.247924 0.173811 0.231999 0.162646 0.028101 0.021149 0.020727 0.034015 
0.016699 0.083832 0.281270 0.174508 0.172095 0.192575 0.027300 0.016076 0.013615 0.022031 
0.019921 0.096058 0.369556 0.178632 0.122996 0.152807 0.012794 0.025697 0.010205 0.011333 
0.012865 0.071748 0.371037 0.202985 0.124553 0.131199 0.025819 0.028639 0.017019 0.014136 
0.004618 0.036065 0.264755 0.344932 0.123015 0.075898 0.027913 0.036358 0.038023 0.048423 
0.002240 0.027475 0.217202 0.388275 0.186623 0.070499 0.026164 0.017375 0.014162 0.049985 
0.009372 0.042256 0.274620 0.245092 0.184645 0.105180 0.022570 0.014782 0.025753 0.075729 
0.003492 0.014774 0.278854 0.246167 0.187489 0.120086 0.016927 0.019928 0.023957 0.088325 
0.014266 0.077398 0.216740 0.210426 0.205768 0.131462 0.009434 0.014209 0.055815 0.064481 
0.012023 0.069450 0.226391 0.179240 0.249236 0.141176 0.025200 0.015388 0.035944 0.045952 
0.004177 0.033725 0.285045 0.165628 0.194164 0.135479 0.037417 0.029939 0.038513 0.075914 
0.004267 0.023964 0.235329 0.145376 0.291316 0.159397 0.029147 0.022091 0.016166 0.072950 
0.002079 0.021551 0.174871 0.148433 0.304909 0.195349 0.037273 0.019588 0.026503 0.069443 
0.000423 0.019723 0.185695 0.120721 0.314048 0.187375 0.047987 0.020920 0.018100 0.085008 
0.001241 0.016835 0.198508 0.119376 0.291675 0.223515 0.042524 0.020724 0.029931 0.055670 
0.000888 0.014485 0.196004 0.115300 0.309877 0.201174 0.045042 0.026592 0.029705 0.060933 
0.009057 0.045341 0.207315 0.086802 0.266180 0.172899 0.048115 0.032861 0.040931 0.090500 
0.014367 0.074041 0.250345 0.108640 0.204266 0.145592 0.034935 0.027980 0.035550 0.104284 
0.012534 0.065192 0.269485 0.099412 0.199708 0.154383 0.033717 0.020206 0.027833 0.117530 
0.002467 0.022713 0.186172 0.084940 0.300880 0.165644 0.068835 0.069217 0.032831 0.066301 
0.006211 0.029277 0.134283 0.104684 0.327893 0.156220 0.057027 0.083302 0.030492 0.070613 
0.011458 0.050560 0.152030 0.092992 0.323763 0.161570 0.036544 0.087028 0.022429 0.061625 
0.011175 0.051804 0.140533 0.118437 0.314685 0.141280 0.067108 0.092082 0.008008 0.054888 
0.004097 0.022789 0.126454 0.131603 0.315935 0.151621 0.044265 0.103996 0.051148 0.048092 
0.001526 0.007832 0.135064 0.272753 0.246379 0.135080 0.057641 0.076467 0.023792 0.043467 
0.002731 0.021561 0.100919 0.310066 0.253578 0.147122 0.021737 0.079650 0.029577 0.033058 
0.004688 0.031670 0.121526 0.280563 0.225164 0.180545 0.041976 0.070094 0.014671 0.029102 
0.007707 0.037957 0.155810 0.261088 0.189751 0.169250 0.047567 0.081436 0.031823 0.017611 
0.007404 0.042691 0.175910 0.316493 0.166993 0.132517 0.023989 0.053322 0.041360 0.039320 
0.013634 0.060725 0.222394 0.388840 0.114214 0.098873 0.018611 0.020492 0.015556 0.046661 
0.016457 0.071437 0.265115 0.294016 0.121057 0.081581 0.037003 0.032799 0.032234 0.048300 
0.003942 0.019274 0.197831 0.335178 0.143120 0.108051 0.034506 0.040789 0.033894 0.083416 
0.012237 0.048306 0.184170 0.363701 0.125897 0.089204 0.017100 0.015794 0.028056 0.115535 
0.002804 0.009574 0.105487 0.338548 0.182871 0.133477 0.028608 0.057478 0.039867 0.101287 
0.008124 0.028321 0.115299 0.281673 0.288134 0.105640 0.031504 0.053599 0.013759 0.073947 
0.003207 0.007507 0.095866 0.240549 0.324101 0.125982 0.040154 0.060931 0.038003 0.063700 
0.007164 0.032810 0.068158 0.240477 0.310354 0.145073 0.051626 0.056306 0.016680 0.071352 
0.014661 0.065441 0.126867 0.109337 0.323950 0.131998 0.048432 0.075824 0.043683 0.059807 
0.006549 0.028375 0.118343 0.165930 0.322786 0.135034 0.034640 0.079256 0.020370 0.088716 
0.000023 0.006599 0.102653 0.383478 0.201809 0.146700 0.026519 0.060581 0.018477 0.053161 
0.001188 0.010620 0.111416 0.377861 0.235431 0.117456 0.016363 0.057391 0.017510 0.054764 
0.007019 0.032351 0.112212 0.347439 0.246322 0.114030 0.033633 0.042852 0.020753 0.043389 
0.013210 0.056064 0.127315 0.286028 0.271451 0.098970 0.027895 0.049857 0.024141 0.045069 
0.000219 0.009261 0.203761 0.333617 0.218747 0.087608 0.045282 0.046241 0.030465 0.024799 
0.003805 0.019728 0.236314 0.308830 0.145105 0.120782 0.047780 0.040212 0.027436 0.050008 
0.004919 0.034696 0.202332 0.290836 0.145206 0.119212 0.059909 0.047602 0.038690 0.056599 
0.008223 0.050066 0.197260 0.266198 0.175284 0.140132 0.049784 0.037660 0.038331 0.037063 
0.002752 0.023176 0.225270 0.263175 0.241077 0.119735 0.013430 0.033683 0.018682 0.059021 
0.004448 0.023576 0.193577 0.238661 0.231463 0.112091 0.042167 0.072929 0.026580 0.054509 
0.001463 0.027573 0.211717 0.193406 0.213926 0.120262 0.050226 0.066259 0.045434 0.069735 
0.005049 0.027338 0.240911 0.152229 0.245805 0.108010 0.035793 0.074619 0.040070 0.070174 
0.007978 0.043290 0.218048 0.151765 0.291730 0.083364 0.040445 0.065290 0.031850 0.066240 
0.010546 0.054100 0.189736 0.094859 0.295351 0.086500 0.044571 0.085229 0.063368 0.075739 
0.010871 0.052640 0.230967 0.132946 0.365610 0.040460 0.033023 0.062707 0.037645 0.033132 
0.000911 0.097569 0.093394 0.108728 0.398290 0.058307 0.025751 0.098376 0.051167 0.067507 
0.010474 0.063529 0.076616 0.126318 0.383599 0.069201 0.043763 0.132662 0.057217 0.036621 
0.001599 0.015359 0.089849 0.178014 0.373916 0.091407 0.035125 0.106914 0.069448 0.038370 
0.004079 0.021297 0.089515 0.148308 0.420450 0.089019 0.036919 0.068807 0.078755 0.042852 
0.003108 0.018361 0.180684 0.239884 0.351811 0.053929 0.032312 0.048490 0.046530 0.024892 
0.003535 0.015228 0.212991 0.341187 0.146503 0.107396 0.047925 0.040735 0.038100 0.046402 
0.009047 0.037707 0.244116 0.313661 0.113929 0.081876 0.045079 0.050118 0.038429 0.066037 
0.001508 0.015273 0.243916 0.283622 0.213708 0.081913 0.022743 0.058694 0.015474 0.063149 
0.002887 0.016671 0.260370 0.214669 0.256677 0.095508 0.025866 0.045673 0.027650 0.054030 
0.004750 0.030297 0.260213 0.214893 0.213213 0.097593 0.024854 0.041241 0.035175 0.077771 
0.007393 0.034672 0.212389 0.232982 0.170517 0.127283 0.032637 0.069495 0.048332 0.064300 
0.001755 0.019075 0.221654 0.197415 0.204451 0.159401 0.035420 0.061836 0.027033 0.071958 
0.008820 0.039873 0.271657 0.170870 0.167485 0.153278 0.045327 0.051883 0.041335 0.049473 
0.004683 0.026784 0.337859 0.197555 0.126398 0.131780 0.026081 0.036699 0.035410 0.076752 
0.008035 0.038672 0.252476 0.177160 0.210565 0.103719 0.063891 0.056776 0.035921 0.052786 
0.012495 0.052467 0.234492 0.146048 0.247968 0.177928 0.016389 0.054888 0.020325 0.036999 
0.007458 0.038029 0.242275 0.177470 0.202065 0.219112 0.019866 0.032265 0.019720 0.041739 
0.000704 0.020413 0.256637 0.169248 0.172389 0.162809 0.084163 0.055388 0.027733 0.050515 
0.013905 0.062976 0.332112 0.164292 0.167008 0.065759 0.023461 0.084208 0.040800 0.045479 
0.007829 0.037574 0.232413 0.144004 0.119974 0.187264 0.114279 0.098109 0.024665 0.033889 
0.000076 0.010261 0.180941 0.155061 0.185151 0.274942 0.016160 0.121018 0.030081 0.026308 
0.007395 0.033702 0.176710 0.168888 0.151685 0.270979 0.036335 0.096536 0.017861 0.039909 
0.007525 0.030976 0.188740 0.202539 0.118131 0.236042 0.072795 0.072991 0.017598 0.052664 
0.005666 0.029664 0.246082 0.282232 0.185052 0.091446 0.024781 0.053065 0.016059 0.065952 
0.013943 0.062959 0.166900 0.159886 0.187085 0.174874 0.116294 0.046805 0.037687 0.033568 
0.009971 0.051574 0.150674 0.131538 0.217549 0.273908 0.016873 0.082816 0.023234 0.041863 
0.003687 0.019704 0.130626 0.178522 0.235232 0.234227 0.067754 0.088191 0.011405 0.030653 
0.000205 0.011835 0.140533 0.216758 0.258612 0.168773 0.066957 0.094129 0.014387 0.027810 
0.007465 0.027254 0.170929 0.238210 0.277649 0.112330 0.025021 0.087858 0.021942 0.031342 
0.003459 0.016541 0.141426 0.183184 0.256830 0.181238 0.107953 0.072912 0.012689 0.023768 
0.004896 0.025062 0.161497 0.161282 0.260157 0.242119 0.020716 0.081601 0.027702 0.014969 
0.009877 0.051250 0.175510 0.106433 0.267380 0.240081 0.043034 0.057994 0.017570 0.030871 
0.009924 0.047190 0.201316 0.134129 0.340177 0.161069 0.045124 0.030293 0.006821 0.023958 
0.008164 0.028068 0.252990 0.198420 0.322366 0.087436 0.010167 0.056390 0.015013 0.020986 
0.006346 0.025732 0.215114 0.128002 0.184962 0.245828 0.098105 0.054192 0.020734 0.020986 
0.010177 0.047112 0.234323 0.087163 0.153637 0.340384 0.044243 0.049687 0.016939 0.016334 
0.005120 0.031494 0.240193 0.122927 0.188386 0.264187 0.040821 0.069288 0.021359 0.016225 
0.004076 0.031287 0.247874 0.143074 0.272034 0.160545 0.038333 0.062184 0.012027 0.028565 
0.017888 0.087228 0.252906 0.100417 0.292095 0.098909 0.042114 0.047565 0.028196 0.032682 
0.001942 0.019417 0.272454 0.133678 0.272804 0.067763 0.037172 0.054106 0.067999 0.072663 
0.016517 0.072877 0.235623 0.107611 0.270771 0.095607 0.011857 0.054426 0.055421 0.079289 
0.013939 0.060745 0.190504 0.127656 0.303990 0.138945 0.015876 0.053162 0.040930 0.054253 
0.000967 0.009426 0.130302 0.154692 0.423521 0.097797 0.016990 0.064005 0.050170 0.052129 
0.011016 0.052698 0.103096 0.135773 0.408041 0.066112 0.038670 0.077341 0.065941 0.041312 
0.008530 0.040073 0.137721 0.244632 0.291865 0.067443 0.046683 0.045158 0.064182 0.053713 
0.004507 0.026937 0.149835 0.411731 0.216513 0.093150 0.011126 0.018073 0.028623 0.039505 
0.014418 0.061548 0.208998 0.291831 0.188093 0.093972 0.035356 0.030724 0.038669 0.036391 
0.007707 0.038802 0.168719 0.222999 0.251409 0.079888 0.037315 0.029648 0.059567 0.103946 
0.004441 0.012992 0.121696 0.308987 0.280655 0.079222 0.009979 0.025223 0.047223 0.109582 
0.005764 0.025857 0.123886 0.276089 0.244901 0.147499 0.057578 0.043287 0.023192 0.051947 
0.005803 0.031176 0.122923 0.269043 0.241239 0.130485 0.022361 0.047727 0.060514 0.068727 
0.001227 0.015792 0.124396 0.291462 0.246742 0.169097 0.010533 0.021983 0.045428 0.073339 
0.008363 0.042995 0.183698 0.235157 0.173366 0.204386 0.035289 0.043238 0.035247 0.038263 
0.011605 0.058461 0.234847 0.232744 0.095075 0.197536 0.024873 0.024774 0.049424 0.070661 
0.003604 0.017756 0.172412 0.169154 0.278722 0.134432 0.044255 0.097757 0.026411 0.055497 
0.007868 0.037092 0.151571 0.188501 0.321851 0.110635 0.015901 0.112081 0.033693 0.020807 
0.011521 0.050224 0.156517 0.170744 0.333391 0.068256 0.025577 0.121296 0.022519 0.039956 
0.003252 0.014766 0.146075 0.179696 0.321732 0.091152 0.039814 0.135711 0.025687 0.042117 
0.008078 0.035668 0.155684 0.170055 0.343082 0.081734 0.018792 0.135209 0.023833 0.027863 
0.013102 0.054919 0.158433 0.103433 0.315583 0.089691 0.057644 0.151145 0.033016 0.023033 
0.009768 0.045343 0.199103 0.169800 0.308912 0.094379 0.023246 0.082957 0.034393 0.032099 
0.003389 0.016854 0.205739 0.257693 0.327574 0.077567 0.020228 0.036706 0.019664 0.034587 
0.001185 0.018080 0.237010 0.250907 0.253627 0.112786 0.019023 0.032202 0.020619 0.054562 
0.002477 0.015831 0.265107 0.206566 0.236542 0.082948 0.043638 0.060173 0.027241 0.059477 
0.006692 0.030569 0.161131 0.324704 0.208970 0.087502 0.070638 0.037122 0.042197 0.030475 
0.011006 0.050599 0.123740 0.318896 0.217551 0.158059 0.032903 0.022530 0.026283 0.038433 
0.010110 0.047434 0.128845 0.370365 0.227776 0.125092 0.020355 0.026004 0.017680 0.026339 
0.010105 0.044969 0.150906 0.323979 0.248014 0.133948 0.019641 0.029604 0.020988 0.017846 
0.009214 0.043765 0.152775 0.354557 0.185931 0.150063 0.024361 0.040726 0.024136 0.014472 
0.004177 0.024104 0.170925 0.444069 0.129184 0.131952 0.010165 0.020119 0.024379 0.040927 
0.008971 0.039998 0.193182 0.440531 0.103442 0.115633 0.017363 0.019191 0.024517 0.037172 
0.000001 0.017012 0.176923 0.403681 0.139499 0.120015 0.034703 0.027750 0.033258 0.047157 
0.011693 0.055535 0.170701 0.397317 0.157417 0.107514 0.005612 0.014874 0.015023 0.064315 
0.015601 0.062808 0.173719 0.332858 0.137145 0.122341 0.026567 0.032218 0.021878 0.074865 
0.002266 0.020660 0.225186 0.289618 0.116330 0.132630 0.046922 0.060697 0.044669 0.061022 
0.004386 0.018601 0.194251 0.285723 0.184681 0.152234 0.029035 0.077092 0.023805 0.030192 
0.004427 0.019078 0.180331 0.148681 0.285894 0.149400 0.018120 0.100988 0.050962 0.042118 
0.009255 0.041368 0.191547 0.134939 0.248235 0.149234 0.037431 0.079521 0.053718 0.054752 
0.014364 0.044539 0.171526 0.135535 0.216381 0.123357 0.076526 0.076448 0.057003 0.084321 
0.007002 0.103531 0.364990 0.126981 0.077360 0.060921 0.038364 0.037587 0.093362 0.089901 
0.018329 0.083680 0.401391 0.134456 0.050499 0.048230 0.031269 0.045772 0.088722 0.097653 
0.017846 0.100339 0.410896 0.130927 0.052437 0.040455 0.039665 0.036337 0.077968 0.093130 
0.017601 0.092515 0.409230 0.115942 0.059908 0.060179 0.033872 0.029440 0.074574 0.106739 
0.008090 0.063738 0.435055 0.133886 0.069565 0.055981 0.039898 0.030704 0.053339 0.109745 
0.002569 0.049804 0.340145 0.256495 0.101957 0.034385 0.065097 0.028611 0.039151 0.081788 
0.002069 0.030834 0.336601 0.325200 0.098595 0.026793 0.047798 0.014676 0.037534 0.079901 
0.007156 0.042891 0.368228 0.261355 0.088880 0.033566 0.049277 0.021013 0.045721 0.081913 
0.021259 0.102663 0.382490 0.216296 0.110953 0.044240 0.024743 0.017789 0.025525 0.054043 
0.023358 0.119425 0.355980 0.225662 0.126375 0.042164 0.029923 0.024545 0.013674 0.038895 
0.014162 0.072051 0.262854 0.296547 0.060224 0.122881 0.063820 0.025765 0.026044 0.055652 
0.003302 0.041414 0.259395 0.271994 0.113683 0.141316 0.058308 0.029216 0.042266 0.039106 
0.000976 0.030691 0.223439 0.272730 0.183536 0.142354 0.049392 0.029545 0.033267 0.034069 
0.001306 0.036082 0.327657 0.245835 0.147380 0.157261 0.021177 0.019445 0.028243 0.015614 
0.006566 0.045691 0.296776 0.266285 0.129304 0.145153 0.020073 0.020591 0.030400 0.039162 
0.009300 0.040496 0.242634 0.235042 0.225877 0.131834 0.025832 0.027337 0.019557 0.042091 
0.010152 0.051440 0.195448 0.210334 0.256042 0.127084 0.033878 0.039081 0.033650 0.042891 
0.006594 0.035421 0.213441 0.242567 0.267253 0.124371 0.018722 0.021720 0.028162 0.041750 
0.002779 0.023929 0.239703 0.214563 0.241828 0.129861 0.039189 0.051350 0.030069 0.026729 
0.007740 0.033027 0.208727 0.216318 0.249609 0.143415 0.029414 0.047978 0.025634 0.038138 
0.006851 0.035395 0.154966 0.148154 0.315344 0.175642 0.038742 0.050503 0.040154 0.034248 
0.002225 0.015666 0.136705 0.139409 0.361422 0.152978 0.066288 0.051792 0.025330 0.048184 
0.003325 0.010597 0.160794 0.132749 0.352184 0.183213 0.052810 0.056984 0.020978 0.026365 
0.000637 0.012697 0.188284 0.173266 0.366384 0.098984 0.039041 0.069853 0.023190 0.027663 
0.008367 0.048340 0.180669 0.130506 0.348932 0.096018 0.052507 0.070373 0.012846 0.051442 
0.014547 0.065657 0.113974 0.272155 0.254942 0.139199 0.042038 0.028583 0.036847 0.032059 
0.015707 0.071374 0.108775 0.216628 0.303845 0.134778 0.053712 0.035346 0.042704 0.017132 
0.007457 0.036420 0.092392 0.246985 0.304995 0.150027 0.045455 0.047053 0.044707 0.024508 
0.007648 0.037089 0.145562 0.318997 0.289370 0.064904 0.029281 0.039706 0.033125 0.034318 
0.006448 0.037158 0.178825 0.357179 0.221135 0.056951 0.025406 0.046410 0.055394 0.015094 
0.007052 0.035167 0.264278 0.292766 0.200685 0.095742 0.013509 0.040527 0.022859 0.027414 
0.011697 0.061776 0.240627 0.335113 0.168410 0.078424 0.026239 0.031688 0.018833 0.027193 
0.011808 0.062342 0.233448 0.219761 0.173602 0.123096 0.060412 0.059099 0.028962 0.027469 
0.011962 0.059980 0.319075 0.202405 0.201293 0.085278 0.039376 0.031347 0.017196 0.032087 
0.008243 0.041884 0.285381 0.216906 0.298047 0.065941 0.007848 0.027617 0.028423 0.019709 
0.002057 0.024248 0.188568 0.192471 0.314600 0.171087 0.018058 0.023054 0.021364 0.044492 
0.003308 0.023120 0.201272 0.097836 0.387663 0.133482 0.030651 0.028475 0.036900 0.057294 
0.001960 0.025687 0.251365 0.140439 0.365786 0.102196 0.008950 0.023855 0.028928 0.050834 
0.005161 0.043692 0.280763 0.126277 0.286235 0.101531 0.037415 0.041339 0.023404 0.054183 
0.013283 0.076532 0.281568 0.117185 0.224477 0.112333 0.046579 0.040811 0.038248 0.048984 
0.014128 0.070309 0.195111 0.078635 0.280845 0.202770 0.047771 0.028323 0.033694 0.048415 
0.016891 0.077329 0.183147 0.063046 0.353699 0.169222 0.043399 0.018706 0.017437 0.057122 
0.019559 0.089714 0.206436 0.069350 0.292078 0.189806 0.049579 0.032981 0.026807 0.023691 
0.017249 0.089410 0.269122 0.072392 0.201006 0.154316 0.056404 0.053761 0.030694 0.055646 
0.000914 0.030464 0.254977 0.138884 0.289800 0.109410 0.015717 0.054276 0.046937 0.058620 
0.001765 0.013681 0.200497 0.153261 0.318968 0.055253 0.046990 0.150619 0.019607 0.039358 
0.007200 0.033895 0.211445 0.154850 0.312002 0.074700 0.022536 0.143812 0.032913 0.006647 
0.002088 0.022204 0.201286 0.135142 0.289412 0.089751 0.047814 0.160016 0.022734 0.029553 
0.005964 0.041260 0.198548 0.132343 0.321804 0.047921 0.024783 0.156254 0.034457 0.036665 
0.011333 0.055782 0.207556 0.071323 0.331529 0.050370 0.053064 0.162587 0.033109 0.023346 
0.008800 0.037880 0.168082 0.260042 0.250398 0.085533 0.040929 0.112766 0.019197 0.016373 
0.008780 0.040677 0.160627 0.254955 0.252491 0.073526 0.018696 0.127318 0.034447 0.028484 
0.004235 0.031116 0.153753 0.256554 0.278722 0.089944 0.033316 0.098617 0.018166 0.035575 
0.001560 0.027049 0.142807 0.221615 0.311684 0.117120 0.030860 0.089884 0.036522 0.020899 
0.007685 0.039290 0.175076 0.210185 0.304792 0.094394 0.043885 0.066731 0.022856 0.035106 
0.013003 0.055952 0.219820 0.241194 0.235894 0.102490 0.033267 0.044615 0.018136 0.035628 
0.011493 0.058359 0.180071 0.342095 0.190092 0.065132 0.035140 0.046788 0.037144 0.033685 
0.003437 0.021294 0.209953 0.317139 0.196626 0.063554 0.014408 0.059151 0.037094 0.077344 
0.004945 0.020904 0.249709 0.359128 0.081114 0.089048 0.014371 0.031646 0.041295 0.107840 
0.010078 0.046488 0.174510 0.297972 0.184001 0.102059 0.007846 0.043555 0.029711 0.103780 
0.007858 0.041877 0.139572 0.176430 0.365577 0.112030 0.012733 0.059915 0.016409 0.067599 
0.007941 0.038178 0.121907 0.151783 0.397332 0.128704 0.021286 0.060508 0.022874 0.049487 
0.001880 0.012702 0.088427 0.188286 0.455605 0.128756 0.023657 0.051510 0.011242 0.037935 
0.002057 0.014376 0.082076 0.178015 0.481344 0.083426 0.021521 0.073563 0.023086 0.040534 
0.005999 0.031194 0.095686 0.144980 0.505557 0.060528 0.016013 0.070819 0.020871 0.048354 
0.007810 0.038114 0.139831 0.271640 0.316887 0.092135 0.027263 0.051571 0.030016 0.024732 
0.010273 0.044466 0.125165 0.236401 0.349231 0.075478 0.029887 0.081564 0.021220 0.026314 
0.008501 0.035964 0.098716 0.282182 0.317490 0.080162 0.024163 0.090133 0.033101 0.029589 
0.010188 0.054033 0.107681 0.293548 0.298698 0.087941 0.021925 0.074144 0.018733 0.033109 
0.009776 0.044644 0.123289 0.305476 0.269052 0.113977 0.009796 0.069816 0.035389 0.018783 
0.012975 0.052923 0.254328 0.324395 0.127738 0.096771 0.020005 0.021561 0.025016 0.064288 
0.012059 0.044558 0.229374 0.328810 0.116356 0.086650 0.034777 0.045585 0.023808 0.078022 
0.002808 0.014001 0.184836 0.278885 0.131610 0.156645 0.051024 0.062307 0.052830 0.065053 
0.004042 0.027645 0.138816 0.290338 0.180349 0.132935 0.048213 0.056471 0.027733 0.093458 
0.002882 0.018349 0.139500 0.250099 0.242607 0.144578 0.030327 0.061582 0.032611 0.077465 
0.003489 0.005927 0.280516 0.179974 0.165775 0.090652 0.023504 0.082269 0.066510 0.101384 
0.005548 0.039588 0.294346 0.132301 0.173378 0.078123 0.012682 0.071841 0.062838 0.129356 
0.005640 0.048313 0.283054 0.164618 0.165928 0.069368 0.014571 0.069691 0.058226 0.120590 
0.007941 0.050762 0.307567 0.136996 0.187344 0.062073 0.027132 0.094080 0.041189 0.084915 
0.015579 0.085098 0.182886 0.092208 0.255078 0.057384 0.029549 0.093827 0.087316 0.101074 
0.002209 0.259907 0.217930 0.080594 0.250332 0.048641 0.012704 0.062323 0.047730 0.017630 
0.008521 0.193465 0.187014 0.068887 0.246044 0.059230 0.028827 0.077256 0.063836 0.066920 
0.006209 0.211558 0.195571 0.077909 0.240646 0.060063 0.023195 0.077688 0.063484 0.043678 
0.018523 0.232877 0.210667 0.081324 0.229945 0.054125 0.009066 0.055037 0.052214 0.056222 
0.014064 0.216479 0.174964 0.109624 0.187330 0.073525 0.031113 0.068578 0.066087 0.058236 
0.011672 0.156001 0.166024 0.193270 0.206344 0.083912 0.049451 0.074895 0.021500 0.036931 
0.002797 0.123326 0.186022 0.263710 0.172341 0.067223 0.034503 0.051803 0.036778 0.061497 
0.003172 0.138253 0.182939 0.259123 0.183552 0.074884 0.021346 0.027868 0.038616 0.070248 
0.000750 0.157262 0.180333 0.217100 0.210810 0.090540 0.035089 0.027820 0.014903 0.065393 
0.007604 0.174216 0.161987 0.215468 0.198613 0.087235 0.038774 0.034037 0.031964 0.050103 
0.014137 0.178401 0.143157 0.212362 0.145891 0.120290 0.028749 0.055745 0.029877 0.071390 
0.006584 0.162473 0.113379 0.215463 0.190471 0.138960 0.037132 0.071074 0.028555 0.035910 
0.017271 0.186753 0.133766 0.161330 0.197625 0.138428 0.048159 0.051797 0.027102 0.037769 
0.003412 0.174847 0.190225 0.167641 0.201249 0.126091 0.026059 0.025887 0.039982 0.044608 
0.002197 0.162028 0.143855 0.185102 0.224922 0.114635 0.040675 0.053034 0.047033 0.026520 
0.004330 0.157081 0.169004 0.163474 0.222395 0.136557 0.026858 0.062205 0.025244 0.032853 
0.011971 0.186285 0.141761 0.147375 0.275660 0.110885 0.016759 0.037915 0.022600 0.048789 
0.003300 0.174941 0.144742 0.173153 0.274983 0.069442 0.057732 0.040908 0.031541 0.029257 
0.023015 0.221158 0.115021 0.116607 0.294201 0.087398 0.022074 0.059858 0.029911 0.030758 
0.005105 0.178381 0.148496 0.115717 0.285210 0.085993 0.050914 0.059636 0.032174 0.038376 
0.011467 0.178019 0.123085 0.098945 0.279470 0.128965 0.029016 0.087631 0.025637 0.037764 
0.002863 0.179388 0.129821 0.091931 0.261417 0.144190 0.029654 0.098840 0.037543 0.024353 
0.004565 0.224371 0.149456 0.097869 0.226140 0.122640 0.057113 0.066359 0.018783 0.032705 
0.016560 0.319157 0.171527 0.138353 0.171509 0.074063 0.018579 0.037548 0.024852 0.027853 
0.011619 0.161564 0.135258 0.422450 0.116599 0.077621 0.022812 0.022587 0.014233 0.015257 
0.002819 0.123543 0.077290 0.394841 0.218841 0.099041 0.011857 0.038898 0.012081 0.020790 
0.017517 0.146588 0.054745 0.165143 0.393671 0.107818 0.016308 0.060927 0.024528 0.012755 
0.004955 0.142996 0.103134 0.245268 0.268003 0.071785 0.046693 0.057031 0.027807 0.032329 
0.002347 0.185304 0.103500 0.137899 0.277847 0.059296 0.039797 0.065508 0.056541 0.071961 
0.001030 0.149916 0.083625 0.084964 0.223428 0.106439 0.092681 0.205740 0.023354 0.028823 
0.008494 0.162756 0.038581 0.059560 0.160885 0.167897 0.075244 0.271640 0.034537 0.020405 
0.006060 0.177300 0.061735 0.084045 0.215645 0.158988 0.021112 0.223604 0.036441 0.015070 
0.006915 0.205827 0.097103 0.220486 0.228752 0.113388 0.045885 0.044873 0.027628 0.009143 
0.010377 0.325136 0.085478 0.098574 0.241802 0.109646 0.031628 0.051329 0.022416 0.023612 
0.000958 0.129395 0.066423 0.182433 0.320323 0.101636 0.045699 0.120526 0.015685 0.016923 
0.011803 0.148888 0.028480 0.133839 0.306443 0.117782 0.050857 0.168531 0.018622 0.014754 
0.009524 0.214499 0.190064 0.191553 0.149054 0.140999 0.017371 0.065071 0.015738 0.006127 
0.013873 0.244908 0.326652 0.099877 0.136365 0.089738 0.022045 0.037316 0.015654 0.013572 
0.003088 0.132963 0.175217 0.428871 0.109054 0.043578 0.030958 0.023599 0.033377 0.019296 
0.002889 0.119169 0.099493 0.402411 0.164370 0.073573 0.028573 0.019708 0.037956 0.051857 
0.006068 0.115430 0.083978 0.284704 0.199958 0.093975 0.040227 0.054269 0.057887 0.063503 
0.000383 0.090716 0.087163 0.257517 0.247656 0.113633 0.051583 0.061140 0.052146 0.038063 
0.001077 0.110137 0.097811 0.111020 0.432367 0.063576 0.015661 0.080841 0.036916 0.050593 
0.002140 0.078428 0.080582 0.138028 0.474079 0.058260 0.043207 0.057912 0.028205 0.039159 
0.009180 0.101275 0.087042 0.194167 0.406039 0.049801 0.035352 0.056255 0.024706 0.036182 
0.004922 0.092710 0.137430 0.175761 0.366493 0.079322 0.035741 0.063122 0.021046 0.023453 
0.003518 0.087556 0.098321 0.213725 0.367305 0.075547 0.032364 0.071951 0.030148 0.019565 
0.001356 0.106521 0.112996 0.467317 0.114190 0.071819 0.025283 0.030994 0.036013 0.033509 
0.000598 0.129965 0.104550 0.376882 0.146445 0.075195 0.059159 0.037963 0.038265 0.030979 
0.004367 0.119316 0.104665 0.158240 0.268968 0.078029 0.089258 0.124810 0.022108 0.030239 
0.000464 0.100089 0.094130 0.243250 0.205192 0.111135 0.086052 0.088417 0.028157 0.043115 
0.002724 0.099971 0.069858 0.242773 0.205369 0.083999 0.051831 0.158748 0.034003 0.050725 
0.007792 0.112984 0.090654 0.221991 0.267533 0.073429 0.033265 0.146362 0.025559 0.020432 
0.008802 0.115905 0.090178 0.289395 0.233092 0.069942 0.047925 0.093530 0.015300 0.035931 
0.007094 0.156893 0.113109 0.240918 0.218040 0.091794 0.029370 0.066657 0.030530 0.045594 
0.002338 0.196495 0.102519 0.197346 0.268485 0.087253 0.010360 0.081026 0.034028 0.020151 
0.002368 0.192085 0.129497 0.200541 0.215956 0.081173 0.030403 0.086462 0.031360 0.030155 
0.007939 0.178325 0.113251 0.197528 0.192915 0.110655 0.039951 0.090578 0.045363 0.023495 
0.016357 0.197228 0.075138 0.231555 0.189737 0.116303 0.025162 0.076197 0.056028 0.016296 
0.001069 0.120458 0.072621 0.270126 0.132535 0.065952 0.133084 0.040828 0.034105 0.129222 
0.001725 0.110246 0.058503 0.274368 0.063564 0.039547 0.181392 0.035273 0.109950 0.125431 
0.007596 0.110169 0.040801 0.253647 0.124150 0.035010 0.176448 0.036038 0.037776 0.178364 
0.005924 0.116801 0.068320 0.259611 0.207141 0.059595 0.061082 0.126820 0.034286 0.060420 
0.003450 0.126842 0.079873 0.231244 0.211594 0.027232 0.068236 0.173632 0.031671 0.046227 
0.013859 0.116483 0.071766 0.252968 0.191136 0.077426 0.073615 0.130328 0.030725 0.041693 
0.007680 0.116229 0.101416 0.260634 0.168201 0.101423 0.073389 0.092436 0.035080 0.043512 
0.001362 0.175085 0.105382 0.312208 0.166387 0.151770 0.025114 0.021828 0.027328 0.013536 
0.016164 0.208375 0.063917 0.302536 0.149893 0.148054 0.024057 0.039335 0.028448 0.019222 
0.005071 0.185495 0.095227 0.256756 0.143535 0.170412 0.057059 0.041580 0.033122 0.011742 
0.001206 0.081769 0.128188 0.303374 0.082297 0.079475 0.149345 0.025207 0.047971 0.101167 
0.004483 0.079953 0.096183 0.373440 0.089522 0.049986 0.175679 0.029777 0.069782 0.031196 
0.001754 0.078728 0.077956 0.286353 0.093303 0.077073 0.170601 0.037107 0.089059 0.088065 
0.007907 0.095720 0.060324 0.289260 0.074444 0.071211 0.175094 0.047911 0.088277 0.089851 
0.003833 0.092827 0.073349 0.275618 0.079915 0.079319 0.109514 0.090589 0.141040 0.053995 
0.002822 0.099502 0.229873 0.224175 0.207423 0.058585 0.053175 0.049543 0.049910 0.024991 
0.001154 0.100128 0.272726 0.085007 0.237211 0.090080 0.039392 0.041072 0.084624 0.048606 
0.014663 0.100705 0.231872 0.134401 0.213994 0.095634 0.054873 0.031892 0.057680 0.064287 
0.005503 0.039559 0.254460 0.222981 0.245628 0.059972 0.064838 0.039748 0.027083 0.040228 
0.006001 0.038869 0.144381 0.383161 0.099680 0.149382 0.029808 0.063458 0.036324 0.048936 
0.026117 0.156002 0.222241 0.267803 0.065845 0.045342 0.020627 0.078359 0.046338 0.071326 
0.024027 0.227074 0.297358 0.188257 0.039906 0.030179 0.058420 0.033814 0.063032 0.037933 
0.001868 0.211114 0.377694 0.098308 0.078544 0.026123 0.065649 0.019303 0.070764 0.050632 
0.021238 0.171317 0.258306 0.199414 0.022657 0.041816 0.030607 0.095571 0.055214 0.103858 
0.026105 0.204483 0.193585 0.213951 0.049443 0.041014 0.027225 0.098901 0.024691 0.120602 
0.000680 0.173997 0.302045 0.187229 0.100042 0.039007 0.058995 0.027326 0.063335 0.047345 
0.001319 0.173053 0.273411 0.234135 0.120338 0.041659 0.047332 0.023123 0.051478 0.034151 
0.015183 0.217325 0.181175 0.186555 0.123035 0.035815 0.035195 0.082973 0.048733 0.074010 
0.010419 0.189863 0.207540 0.161771 0.100292 0.071306 0.069417 0.064319 0.064932 0.060140 
0.031560 0.283571 0.234676 0.133742 0.069886 0.052582 0.038072 0.033271 0.050193 0.072448 
0.008762 0.287793 0.191456 0.191101 0.066981 0.058168 0.067977 0.025028 0.046660 0.056075 
0.015018 0.231640 0.141898 0.283613 0.081190 0.103685 0.048913 0.029182 0.015508 0.049352 
0.010329 0.232633 0.214940 0.222802 0.116622 0.073003 0.047222 0.022280 0.022442 0.037728 
0.014722 0.286512 0.167795 0.204297 0.072413 0.108337 0.042790 0.027238 0.040394 0.035502 
0.026739 0.354377 0.092967 0.209025 0.076803 0.120700 0.027602 0.017469 0.022416 0.051903 
0.022471 0.243263 0.072260 0.177324 0.264135 0.115981 0.027644 0.032983 0.018533 0.025407 
0.007018 0.226036 0.067884 0.131164 0.322603 0.126286 0.040670 0.031994 0.023263 0.023083 
0.004042 0.228637 0.079166 0.143689 0.288038 0.130330 0.031313 0.045748 0.030073 0.018964 
0.026275 0.320181 0.085107 0.146162 0.233438 0.075002 0.023517 0.042986 0.016565 0.030768 
0.006031 0.299466 0.138587 0.170010 0.193044 0.089797 0.018192 0.051373 0.010113 0.023387 
0.027544 0.294289 0.092268 0.088095 0.256477 0.107410 0.027866 0.051139 0.021558 0.033354 
0.015494 0.250743 0.100076 0.081922 0.303991 0.109623 0.039107 0.042332 0.020728 0.035983 
0.022150 0.278325 0.088829 0.044654 0.292631 0.115181 0.034267 0.043110 0.048648 0.032205 
0.024407 0.340531 0.127781 0.087658 0.206797 0.082920 0.041185 0.034817 0.021853 0.032052 
0.015176 0.334574 0.150343 0.093663 0.218743 0.072922 0.029257 0.047265 0.018373 0.019684 
0.022037 0.215000 0.095432 0.216709 0.183874 0.150251 0.036089 0.028943 0.035567 0.016099 
0.005111 0.177525 0.129032 0.227139 0.161202 0.149338 0.051087 0.039566 0.034336 0.025664 
0.011318 0.142021 0.188450 0.202462 0.177237 0.146016 0.035787 0.038708 0.027947 0.030053 
0.023383 0.249718 0.203074 0.232208 0.096179 0.114699 0.025380 0.029378 0.016217 0.009765 
0.021194 0.192677 0.150383 0.188537 0.198624 0.085748 0.059019 0.058558 0.030902 0.014359 
0.013947 0.144806 0.314001 0.178357 0.085220 0.067426 0.068151 0.049969 0.041446 0.036676 
0.017522 0.167008 0.354871 0.210948 0.089996 0.026836 0.023665 0.021672 0.031405 0.056076 
