Crystalize,Lindsey-Sterling
0.000000 0.000000 0.000000 0.000000 0.000000 0.000000 0.000000 0.000000 0.000000 0.000000 
0.000000 0.000000 0.000000 0.000000 0.000000 0.000000 0.000000 0.000000 0.000000 0.000000 
0.000000 0.000000 0.000000 0.000000 0.000000 0.000000 0.000000 0.000000 0.000000 0.000000 
0.000000 0.000000 0.000000 0.000000 0.000000 0.000000 0.000000 0.000000 0.000000 0.000000 
0.000000 0.000000 0.000000 0.000000 0.000000 0.000000 0.000000 0.000000 0.000000 0.000000 
0.000000 0.000000 0.000000 0.000000 0.000000 0.000000 0.000000 0.000000 0.000000 0.000000 
0.000000 0.000000 0.000000 0.000000 0.000000 0.000000 0.000000 0.000000 0.000000 0.000000 
0.250981 0.163063 0.063978 0.065982 0.069009 0.054836 0.095752 0.083172 0.101451 0.051776 
0.015494 0.104963 0.159100 0.144241 0.153160 0.095032 0.119403 0.089146 0.076469 0.042992 
0.025120 0.476417 0.263440 0.093968 0.033050 0.042430 0.023401 0.018719 0.013745 0.009710 
0.007194 0.373964 0.226252 0.120831 0.085478 0.061662 0.045126 0.033389 0.026646 0.019458 
0.010659 0.343375 0.275863 0.080451 0.066600 0.089327 0.047039 0.036091 0.030358 0.020236 
0.024823 0.371071 0.267956 0.087478 0.107848 0.068464 0.027396 0.018972 0.015478 0.010514 
0.055100 0.447293 0.209827 0.106704 0.108448 0.045891 0.011955 0.006931 0.003656 0.004195 
0.036304 0.452332 0.175245 0.216230 0.068014 0.027179 0.009982 0.007383 0.004197 0.003135 
0.000728 0.300060 0.213470 0.174892 0.166299 0.054475 0.024905 0.027268 0.022205 0.015698 
0.003229 0.290502 0.263364 0.095176 0.161798 0.081349 0.033871 0.028321 0.024203 0.018187 
0.011386 0.392456 0.289872 0.084735 0.103909 0.048236 0.018464 0.020372 0.018849 0.011721 
0.044523 0.486869 0.229641 0.129313 0.060263 0.033072 0.006545 0.004661 0.003060 0.002052 
0.037122 0.449630 0.179432 0.147887 0.069754 0.044072 0.024394 0.021003 0.016560 0.010145 
0.025298 0.331740 0.258761 0.163307 0.058331 0.052247 0.040697 0.030113 0.021779 0.017728 
0.020461 0.334920 0.274097 0.143125 0.076452 0.057682 0.036646 0.022285 0.021247 0.013085 
0.012905 0.368631 0.242406 0.153359 0.057947 0.084472 0.032574 0.022123 0.014564 0.011018 
0.053778 0.499260 0.201315 0.065500 0.078774 0.045191 0.019938 0.012464 0.014112 0.009669 
0.046335 0.461862 0.183306 0.079752 0.086221 0.089475 0.022538 0.012518 0.009774 0.008217 
0.034729 0.400953 0.248655 0.118565 0.086538 0.038434 0.023783 0.019479 0.017944 0.010919 
0.035931 0.425996 0.313475 0.106289 0.041246 0.046219 0.008463 0.009815 0.007132 0.005434 
0.001488 0.416912 0.264961 0.092551 0.065180 0.110101 0.015514 0.014496 0.011191 0.007607 
0.031809 0.454532 0.209328 0.079414 0.111587 0.044533 0.023174 0.017905 0.015821 0.011896 
0.048992 0.453283 0.216976 0.064537 0.099880 0.075225 0.020701 0.008809 0.007438 0.004159 
0.050803 0.379170 0.204018 0.080563 0.126602 0.104625 0.024941 0.012979 0.011191 0.005107 
0.040706 0.382641 0.213676 0.097249 0.091591 0.118736 0.025091 0.015984 0.008805 0.005520 
0.003661 0.449507 0.261370 0.117288 0.030812 0.066739 0.022438 0.019955 0.016401 0.011829 
0.022511 0.342290 0.215966 0.141166 0.089424 0.099259 0.030343 0.023480 0.021037 0.014525 
0.037611 0.426071 0.254308 0.168704 0.058120 0.032280 0.009395 0.005056 0.005254 0.003202 
0.046165 0.435471 0.253821 0.113785 0.094132 0.025524 0.010767 0.008228 0.007092 0.005016 
0.046478 0.475781 0.255568 0.083322 0.075297 0.034760 0.011552 0.007138 0.006201 0.003903 
0.019059 0.390915 0.212842 0.143132 0.096822 0.061495 0.024088 0.019156 0.019362 0.013129 
0.000105 0.365015 0.276482 0.140607 0.073337 0.062942 0.025013 0.022847 0.019140 0.014513 
0.023330 0.387239 0.277039 0.098387 0.089473 0.060017 0.020808 0.019031 0.014759 0.009918 
0.041380 0.374369 0.245326 0.090425 0.120380 0.051059 0.027290 0.021359 0.017342 0.011069 
0.045696 0.496503 0.219776 0.088156 0.069171 0.051108 0.012254 0.006855 0.006008 0.004472 
0.018536 0.406187 0.207165 0.104948 0.067994 0.072595 0.043137 0.033200 0.026600 0.019636 
0.007832 0.334797 0.268678 0.117192 0.087677 0.072326 0.042349 0.027659 0.024033 0.017457 
0.006998 0.356415 0.292532 0.056450 0.110333 0.075400 0.036289 0.024609 0.024134 0.016840 
0.027964 0.369433 0.230819 0.084765 0.139034 0.051522 0.030933 0.026173 0.022738 0.016619 
0.044445 0.519996 0.194528 0.073360 0.104717 0.044693 0.007311 0.005866 0.003199 0.001884 
0.034343 0.368359 0.206296 0.098536 0.071847 0.092940 0.047939 0.034160 0.027793 0.017788 
0.023750 0.375854 0.269443 0.107047 0.082234 0.061238 0.025795 0.022371 0.018734 0.013533 
0.000997 0.372474 0.310217 0.084566 0.112804 0.033819 0.024347 0.023131 0.023115 0.014530 
0.023842 0.356833 0.215530 0.124988 0.100374 0.052519 0.043534 0.033469 0.028741 0.020171 
0.041862 0.488503 0.163007 0.134593 0.089916 0.044256 0.013647 0.009785 0.008634 0.005797 
0.043376 0.446687 0.227159 0.116255 0.050653 0.062578 0.021869 0.012379 0.011052 0.007992 
0.033797 0.378355 0.243972 0.133822 0.088484 0.084133 0.015173 0.010982 0.007603 0.003678 
0.019038 0.364979 0.316338 0.177227 0.061717 0.041863 0.005063 0.005050 0.004957 0.003767 
0.008611 0.395402 0.224494 0.181322 0.082231 0.049588 0.014594 0.016077 0.016025 0.011656 
0.043030 0.479209 0.171636 0.103200 0.122633 0.054066 0.007738 0.007790 0.006445 0.004253 
0.054476 0.438277 0.255062 0.077109 0.061795 0.063130 0.020030 0.014205 0.008507 0.007408 
0.040158 0.443288 0.302412 0.067048 0.099181 0.026746 0.005467 0.007573 0.005699 0.002428 
0.015693 0.367740 0.275995 0.078001 0.150900 0.050345 0.018927 0.018402 0.015000 0.008999 
0.009045 0.339733 0.214396 0.211701 0.148482 0.035406 0.013250 0.010139 0.009953 0.007894 
0.038033 0.415891 0.188956 0.170358 0.115545 0.050157 0.007477 0.006875 0.004207 0.002501 
0.034165 0.399711 0.262339 0.120465 0.080769 0.068099 0.009820 0.008968 0.010450 0.005215 
0.032347 0.404916 0.288600 0.143249 0.063873 0.038526 0.013141 0.007804 0.005941 0.001603 
0.032768 0.378978 0.219955 0.109083 0.128630 0.045932 0.028250 0.022811 0.019144 0.014450 
0.014852 0.342669 0.189949 0.150608 0.123802 0.100379 0.029611 0.019855 0.016537 0.011737 
0.017124 0.329260 0.236141 0.203201 0.099264 0.063686 0.014574 0.016226 0.011633 0.008889 
0.026470 0.347112 0.301537 0.176346 0.058081 0.022258 0.019878 0.020631 0.015453 0.012234 
0.031755 0.404103 0.265850 0.137687 0.094055 0.029933 0.012831 0.010832 0.007591 0.005363 
0.035974 0.423227 0.186466 0.152625 0.088594 0.045655 0.026419 0.020036 0.012410 0.008596 
0.016208 0.346536 0.209977 0.124896 0.108975 0.113836 0.029315 0.022912 0.015433 0.011912 
0.001942 0.301862 0.263188 0.138915 0.080533 0.109573 0.037517 0.029232 0.022695 0.014544 
0.002304 0.326589 0.292976 0.194525 0.082765 0.020976 0.026157 0.023491 0.018240 0.011979 
0.027095 0.417959 0.246868 0.175083 0.089870 0.024447 0.004778 0.007181 0.004550 0.002170 
0.043643 0.416391 0.162146 0.116749 0.130821 0.067465 0.022237 0.018537 0.011881 0.010129 
0.028285 0.415819 0.238754 0.085742 0.078641 0.085024 0.022413 0.021099 0.013970 0.010254 
0.010726 0.348974 0.288372 0.122028 0.081259 0.074052 0.021221 0.019522 0.020063 0.013784 
0.006814 0.330427 0.285451 0.117867 0.075185 0.057270 0.041715 0.034867 0.029130 0.021274 
0.023602 0.447821 0.214814 0.119751 0.080344 0.034840 0.028801 0.018503 0.018421 0.013104 
0.051835 0.524148 0.173643 0.092201 0.088281 0.028101 0.008864 0.017172 0.009874 0.005881 
0.036426 0.411219 0.239751 0.091060 0.065120 0.067358 0.034482 0.024661 0.017316 0.012607 
0.032664 0.364891 0.277653 0.081362 0.059498 0.068119 0.041884 0.031464 0.025850 0.016615 
0.016172 0.345019 0.222344 0.092129 0.125268 0.058518 0.047270 0.043684 0.029231 0.020365 
0.013677 0.382871 0.175345 0.173786 0.130951 0.048975 0.028757 0.021275 0.013776 0.010586 
0.011706 0.565712 0.069053 0.171990 0.106611 0.043297 0.012806 0.009518 0.005797 0.003509 
0.001594 0.572021 0.053310 0.190059 0.077614 0.058022 0.012444 0.020249 0.008928 0.005759 
0.011867 0.469232 0.067329 0.248946 0.107200 0.038597 0.015336 0.022475 0.013024 0.005994 
0.004389 0.457338 0.077114 0.193955 0.153089 0.076160 0.010642 0.016132 0.007527 0.003654 
0.003819 0.533233 0.100930 0.158144 0.139739 0.032448 0.007934 0.013625 0.006597 0.003532 
0.000592 0.562229 0.073199 0.159149 0.128117 0.049498 0.008339 0.014810 0.002445 0.001622 
0.001550 0.522407 0.039752 0.135787 0.143559 0.089797 0.025350 0.018697 0.014434 0.008668 
0.004454 0.517335 0.047280 0.104343 0.085638 0.170765 0.031167 0.024556 0.007353 0.007110 
0.021098 0.522494 0.135921 0.103091 0.100260 0.062211 0.012056 0.020510 0.013821 0.008538 
0.021079 0.618824 0.090521 0.128653 0.067880 0.040563 0.013964 0.007181 0.006555 0.004781 
0.007677 0.594661 0.081570 0.187720 0.061385 0.033947 0.010065 0.015534 0.004851 0.002590 
0.016058 0.549458 0.055842 0.162495 0.032782 0.064415 0.033477 0.048556 0.022583 0.014335 
0.025958 0.514866 0.080847 0.128968 0.083661 0.077837 0.028952 0.025624 0.020994 0.012294 
0.043110 0.565882 0.081972 0.163637 0.093121 0.025235 0.005485 0.013668 0.005327 0.002564 
0.003914 0.597082 0.091199 0.131592 0.075353 0.046897 0.009171 0.030173 0.008968 0.005653 
0.025726 0.524071 0.067633 0.143467 0.125749 0.078797 0.013649 0.014186 0.003513 0.003211 
0.005455 0.444857 0.036115 0.198036 0.134773 0.103414 0.027075 0.033025 0.010536 0.006714 
0.033453 0.469675 0.096709 0.173524 0.079231 0.074317 0.016067 0.044359 0.009374 0.003291 
0.001567 0.488642 0.071997 0.124727 0.129242 0.071454 0.043820 0.032958 0.021080 0.014513 
0.003636 0.512934 0.068402 0.064025 0.182461 0.080303 0.024515 0.038348 0.014869 0.010506 
0.011626 0.488341 0.097757 0.119912 0.171533 0.049600 0.013431 0.040081 0.004135 0.003585 
0.010115 0.483308 0.061554 0.091431 0.177564 0.120061 0.024004 0.019017 0.007234 0.005711 
0.017833 0.561399 0.106380 0.097703 0.098203 0.068274 0.007888 0.031571 0.005336 0.005412 
0.019615 0.621895 0.070186 0.104335 0.087599 0.037818 0.007899 0.037922 0.008217 0.004513 
0.015845 0.548347 0.067608 0.149010 0.094601 0.078110 0.008721 0.025764 0.008870 0.003125 
0.004770 0.435966 0.046272 0.221053 0.100971 0.088234 0.026894 0.051451 0.015475 0.008912 
0.022227 0.473178 0.061902 0.193821 0.097238 0.081982 0.016815 0.033650 0.011878 0.007309 
0.020670 0.512702 0.069240 0.124893 0.162313 0.069939 0.005280 0.020494 0.010279 0.004191 
0.008820 0.561015 0.065667 0.142912 0.133619 0.034634 0.009022 0.035522 0.006771 0.002017 
0.027713 0.580186 0.055503 0.131877 0.046129 0.066516 0.017978 0.052843 0.014515 0.006740 
0.005446 0.542371 0.075433 0.106871 0.105530 0.097041 0.016617 0.027888 0.015175 0.007628 
0.020065 0.618379 0.094563 0.069885 0.110611 0.044285 0.012482 0.021600 0.006320 0.001810 
0.011264 0.569235 0.056262 0.123581 0.078985 0.066011 0.015463 0.058537 0.013506 0.007155 
0.001178 0.561450 0.068193 0.132133 0.099018 0.050151 0.027961 0.029977 0.020388 0.009552 
0.012750 0.494112 0.057186 0.148129 0.097227 0.082511 0.009343 0.069470 0.021122 0.008151 
0.003575 0.486529 0.082552 0.104754 0.097068 0.101131 0.023929 0.063153 0.025488 0.011821 
0.012034 0.538338 0.080277 0.091076 0.087376 0.105906 0.022974 0.043840 0.013222 0.004957 
0.005426 0.578774 0.071172 0.095252 0.083231 0.056395 0.018410 0.057440 0.023353 0.010547 
0.000300 0.647499 0.061931 0.063708 0.086184 0.052475 0.012679 0.065587 0.007630 0.002006 
0.009729 0.509937 0.035146 0.116940 0.118033 0.097266 0.008944 0.071141 0.023554 0.009309 
0.009348 0.471574 0.080321 0.095633 0.112353 0.114264 0.013869 0.082970 0.015525 0.004143 
0.008034 0.514702 0.098070 0.090747 0.128036 0.057835 0.016829 0.051510 0.024618 0.009620 
0.000239 0.534940 0.065179 0.105900 0.168002 0.027216 0.018855 0.059990 0.014861 0.004818 
0.003495 0.530325 0.058167 0.090567 0.135208 0.054952 0.019262 0.089566 0.015514 0.002943 
0.010474 0.519302 0.067447 0.138730 0.122007 0.025268 0.011487 0.091743 0.008879 0.004663 
0.025469 0.472003 0.150589 0.176480 0.042721 0.018281 0.007518 0.081548 0.018974 0.006417 
0.015761 0.511265 0.085339 0.194157 0.071115 0.028713 0.007927 0.064315 0.015388 0.006019 
0.008436 0.576859 0.083646 0.146320 0.063426 0.027896 0.010495 0.059918 0.018013 0.004989 
0.012836 0.559965 0.043947 0.085621 0.139483 0.029733 0.021536 0.096052 0.009599 0.001228 
0.027657 0.417205 0.070396 0.104778 0.224151 0.070771 0.022465 0.050317 0.007248 0.005012 
0.036399 0.495066 0.091641 0.067772 0.112076 0.100739 0.018821 0.064484 0.010295 0.002707 
0.000281 0.611901 0.075208 0.106343 0.029743 0.073751 0.008564 0.066181 0.022215 0.005813 
0.020724 0.561874 0.077948 0.162784 0.068422 0.026804 0.008517 0.055940 0.012804 0.004184 
0.010192 0.548325 0.049132 0.171058 0.101319 0.047398 0.025403 0.031901 0.008123 0.007148 
0.022528 0.476962 0.139296 0.095135 0.093766 0.074181 0.019629 0.049843 0.018269 0.010392 
0.009989 0.574535 0.108415 0.100359 0.074442 0.041733 0.011437 0.054759 0.016265 0.008064 
0.000256 0.601753 0.079966 0.095365 0.118812 0.040233 0.008653 0.033018 0.014634 0.007309 
0.012660 0.514212 0.073110 0.151600 0.133460 0.037021 0.017770 0.053248 0.004391 0.002529 
0.007140 0.482013 0.091976 0.186189 0.116283 0.068490 0.008900 0.031725 0.003267 0.004019 
0.023729 0.545000 0.107345 0.117056 0.095280 0.069080 0.011129 0.015703 0.009219 0.006459 
0.022501 0.581726 0.061704 0.126747 0.082527 0.063366 0.013160 0.033267 0.010382 0.004622 
0.020032 0.532719 0.066825 0.137059 0.084508 0.058138 0.020298 0.064546 0.009428 0.006446 
0.011651 0.483811 0.057838 0.130251 0.097348 0.093622 0.035303 0.064804 0.015214 0.010158 
0.022343 0.563289 0.095594 0.093386 0.046712 0.072100 0.019502 0.071023 0.011848 0.004204 
0.022626 0.575302 0.101500 0.108959 0.083976 0.043976 0.009601 0.035704 0.012891 0.005465 
0.009350 0.572779 0.062363 0.184658 0.075851 0.035857 0.008254 0.030279 0.014365 0.006244 
0.029185 0.509087 0.055376 0.200589 0.077717 0.041089 0.007122 0.060256 0.013770 0.005808 
0.004501 0.471687 0.078621 0.152367 0.050379 0.105967 0.023362 0.074331 0.026476 0.012310 
0.016484 0.567880 0.103649 0.112919 0.043362 0.091080 0.015464 0.024137 0.017812 0.007213 
0.009483 0.663515 0.082502 0.067659 0.054794 0.043099 0.012304 0.056630 0.005967 0.004046 
0.001732 0.575998 0.057265 0.063752 0.080100 0.103976 0.030799 0.069082 0.011922 0.005373 
0.019478 0.584988 0.070349 0.038836 0.120368 0.077620 0.017512 0.054795 0.011189 0.004865 
0.029052 0.433297 0.272837 0.094581 0.064872 0.058121 0.007845 0.031411 0.005120 0.002864 
0.019139 0.315118 0.250876 0.131066 0.091532 0.088651 0.033876 0.032894 0.021141 0.015707 
0.007631 0.316171 0.238189 0.144916 0.169450 0.069694 0.021983 0.017830 0.009010 0.005126 
0.002043 0.338439 0.195273 0.141259 0.209896 0.055443 0.018926 0.016795 0.012301 0.009626 
0.003511 0.316751 0.158846 0.139463 0.175560 0.106482 0.037211 0.034249 0.017504 0.010423 
0.023628 0.305647 0.195880 0.111767 0.190236 0.076230 0.038388 0.032310 0.014656 0.011259 
0.015854 0.352501 0.284619 0.104888 0.095941 0.060182 0.029748 0.030527 0.015483 0.010258 
0.003445 0.401807 0.297867 0.110094 0.066338 0.062855 0.015336 0.033541 0.004546 0.004170 
0.012206 0.461571 0.217190 0.124867 0.078605 0.055772 0.011985 0.023295 0.009849 0.004660 
0.008743 0.352774 0.201980 0.163323 0.174295 0.034217 0.009742 0.033507 0.013435 0.007983 
0.007978 0.317717 0.270029 0.130182 0.199528 0.019684 0.016760 0.020978 0.009665 0.007478 
0.007453 0.363469 0.303347 0.082748 0.098349 0.053924 0.031366 0.033939 0.014853 0.010552 
0.006926 0.381340 0.248133 0.110771 0.125250 0.070052 0.021705 0.016170 0.011952 0.007701 
0.009477 0.473494 0.184619 0.073100 0.113487 0.077427 0.023384 0.024663 0.012338 0.008013 
0.012575 0.324243 0.214489 0.114299 0.200619 0.059534 0.025435 0.029230 0.012034 0.007542 
0.014809 0.324816 0.276273 0.145641 0.164569 0.036235 0.013631 0.011351 0.009679 0.002996 
0.000863 0.336496 0.292459 0.114978 0.176143 0.034867 0.017327 0.017043 0.004715 0.005108 
0.012567 0.407714 0.201151 0.064800 0.191469 0.040490 0.025834 0.041586 0.006982 0.007405 
0.000908 0.373818 0.183541 0.098049 0.267593 0.033475 0.011579 0.017419 0.007216 0.006402 
0.016190 0.373577 0.263522 0.126178 0.133496 0.031410 0.013507 0.032461 0.006128 0.003529 
0.007706 0.334639 0.276387 0.076350 0.204453 0.037105 0.015871 0.031127 0.008562 0.007800 
0.003968 0.330352 0.237722 0.076770 0.242641 0.047429 0.014305 0.028383 0.011055 0.007375 
0.010000 0.419718 0.173890 0.114255 0.163883 0.055077 0.009668 0.045750 0.004784 0.002974 
0.016932 0.371708 0.199352 0.109016 0.163695 0.037650 0.034968 0.056564 0.005467 0.004650 
0.012316 0.315502 0.252730 0.081091 0.176812 0.039341 0.038927 0.051548 0.017130 0.014602 
0.003496 0.325386 0.262699 0.116759 0.165749 0.027627 0.019804 0.060383 0.011074 0.007022 
0.002373 0.373076 0.218201 0.100370 0.176926 0.030974 0.023687 0.045159 0.018206 0.011028 
0.002452 0.372068 0.183631 0.197312 0.123326 0.034759 0.014103 0.046535 0.015298 0.010516 
0.014913 0.331122 0.237022 0.211896 0.090666 0.025021 0.017454 0.045757 0.016078 0.010071 
0.008192 0.358506 0.295215 0.126956 0.109333 0.027797 0.013748 0.041636 0.011333 0.007285 
0.000190 0.382665 0.291559 0.036071 0.140029 0.032494 0.027769 0.073714 0.007937 0.007570 
0.011558 0.393697 0.189231 0.134183 0.148716 0.042977 0.018815 0.048880 0.007893 0.004050 
0.016367 0.332208 0.180660 0.208282 0.170477 0.007646 0.007024 0.066573 0.007391 0.003371 
0.026373 0.343562 0.252645 0.196412 0.062120 0.021710 0.020863 0.056516 0.014279 0.005521 
0.007279 0.336668 0.300075 0.145492 0.096099 0.025501 0.015111 0.058811 0.010318 0.004644 
0.002289 0.353633 0.255633 0.112881 0.145073 0.022473 0.015021 0.082795 0.006845 0.003356 
0.012183 0.405161 0.162912 0.113801 0.117801 0.044311 0.029638 0.090968 0.015216 0.008008 
0.006642 0.372393 0.255035 0.123088 0.108485 0.017070 0.017128 0.083696 0.011289 0.005174 
0.007688 0.353759 0.301870 0.103805 0.074496 0.024440 0.030012 0.080151 0.013355 0.010424 
0.005054 0.370007 0.304123 0.071309 0.082447 0.025181 0.036525 0.078172 0.019292 0.007891 
0.005663 0.388709 0.199877 0.082055 0.153351 0.030935 0.016882 0.106445 0.011330 0.004754 
0.011399 0.404657 0.189198 0.085554 0.158093 0.015095 0.023992 0.094594 0.012965 0.004453 
0.017284 0.339028 0.241291 0.094592 0.148169 0.039957 0.031162 0.068325 0.014948 0.005242 
0.002240 0.329540 0.314774 0.070270 0.143299 0.031848 0.026114 0.075754 0.004386 0.001775 
0.005783 0.376004 0.272215 0.065993 0.159012 0.041716 0.017835 0.049314 0.007114 0.005014 
0.018107 0.401601 0.181543 0.126970 0.113939 0.037280 0.019701 0.072451 0.017357 0.011051 
0.011212 0.349280 0.177955 0.159300 0.150790 0.033503 0.010834 0.086067 0.014599 0.006461 
0.013154 0.357911 0.287505 0.110874 0.141106 0.023814 0.014788 0.024829 0.016632 0.009386 
0.015398 0.393821 0.306984 0.088725 0.076982 0.026473 0.008751 0.068746 0.008526 0.005594 
0.002628 0.448052 0.252955 0.084042 0.082071 0.021817 0.013930 0.067246 0.016035 0.011224 
0.009170 0.409999 0.175320 0.058621 0.211474 0.032204 0.012108 0.066553 0.016175 0.008378 
0.012504 0.368563 0.225277 0.095153 0.192796 0.021741 0.015812 0.058625 0.007088 0.002441 
0.005422 0.337533 0.274329 0.093571 0.119163 0.049841 0.036487 0.060711 0.013452 0.009491 
0.008780 0.355671 0.252943 0.066165 0.184757 0.042665 0.031014 0.047388 0.006272 0.004344 
0.005003 0.364466 0.188838 0.115880 0.187910 0.054679 0.028298 0.032075 0.015684 0.007168 
0.013251 0.348138 0.178121 0.122111 0.194713 0.039733 0.025339 0.041281 0.023964 0.013350 
0.018083 0.364078 0.289063 0.119402 0.116872 0.014079 0.015551 0.049507 0.008843 0.004521 
0.013724 0.411133 0.335509 0.115916 0.068530 0.014467 0.010029 0.019528 0.007277 0.003887 
0.005218 0.415922 0.280499 0.074910 0.136430 0.025518 0.016047 0.034665 0.006451 0.004340 
0.006481 0.497638 0.220320 0.051202 0.137431 0.015171 0.008726 0.048067 0.008739 0.006224 
0.025047 0.442735 0.255928 0.096886 0.109417 0.020079 0.014243 0.025367 0.006592 0.003707 
0.011605 0.336772 0.285666 0.124588 0.173895 0.012309 0.007412 0.032391 0.008850 0.006513 
0.008708 0.377197 0.307616 0.084299 0.157068 0.026839 0.010516 0.019350 0.004890 0.003516 
0.008571 0.425880 0.248476 0.152268 0.107253 0.022540 0.015921 0.009836 0.006277 0.002979 
0.010957 0.396650 0.176195 0.211960 0.136248 0.026556 0.015312 0.015786 0.007322 0.003014 
0.003161 0.363752 0.273857 0.150362 0.117074 0.025074 0.016412 0.029830 0.011504 0.008973 
0.007597 0.413532 0.369250 0.057834 0.098435 0.011676 0.010350 0.020068 0.007331 0.003928 
0.003202 0.432907 0.324183 0.087683 0.092322 0.018246 0.010305 0.022896 0.005239 0.003017 
0.013099 0.452805 0.188139 0.138780 0.126232 0.027358 0.017693 0.021028 0.009951 0.004914 
0.018641 0.379365 0.192816 0.107081 0.254368 0.013271 0.005700 0.021148 0.005154 0.002457 
0.008970 0.335516 0.284751 0.070536 0.227742 0.021545 0.018361 0.015552 0.008972 0.008055 
0.004819 0.336324 0.299095 0.094565 0.197010 0.014140 0.012427 0.028366 0.008969 0.004284 
0.000060 0.402372 0.231275 0.076944 0.198644 0.037387 0.017986 0.022247 0.010147 0.002937 
0.010379 0.508759 0.213326 0.084770 0.118923 0.017762 0.016328 0.024138 0.004146 0.001470 
0.020932 0.456853 0.270849 0.125434 0.086764 0.012544 0.006866 0.011931 0.004404 0.003424 
0.062011 0.463918 0.227570 0.139888 0.078136 0.011037 0.007779 0.004441 0.003011 0.002207 
0.036550 0.504954 0.107718 0.192172 0.124364 0.009629 0.010094 0.008398 0.003661 0.002460 
0.053758 0.412826 0.132701 0.182717 0.171782 0.022779 0.013819 0.005403 0.002831 0.001384 
0.032380 0.294739 0.290326 0.190146 0.099732 0.022827 0.023477 0.019587 0.015471 0.011316 
0.016618 0.404161 0.223130 0.146320 0.078701 0.033553 0.032962 0.027295 0.021750 0.015510 
0.046183 0.490206 0.152295 0.187421 0.085661 0.010224 0.012102 0.006689 0.005493 0.003727 
0.041056 0.495556 0.199954 0.147005 0.064128 0.013427 0.015799 0.010201 0.007861 0.005012 
0.057456 0.497454 0.141030 0.100119 0.089136 0.032298 0.030777 0.021628 0.018212 0.011889 
0.004015 0.408128 0.195793 0.165218 0.137957 0.018324 0.023731 0.018721 0.016592 0.011522 
0.038495 0.473524 0.191010 0.134900 0.062919 0.027963 0.025929 0.019014 0.015999 0.010248 
0.004753 0.410842 0.159385 0.153921 0.106746 0.047580 0.035531 0.035238 0.027184 0.018820 
0.057404 0.356097 0.161593 0.165104 0.133823 0.033249 0.033176 0.024258 0.020792 0.014505 
0.025277 0.460626 0.165235 0.199394 0.077244 0.023161 0.021374 0.011100 0.009839 0.006750 
0.032387 0.535402 0.123144 0.137737 0.091900 0.016031 0.026058 0.015187 0.013396 0.008758 
0.031928 0.386234 0.240407 0.223242 0.061094 0.008472 0.018576 0.012539 0.010310 0.007197 
0.028586 0.392415 0.254754 0.128798 0.086506 0.025719 0.027693 0.024204 0.018657 0.012669 
0.038995 0.559808 0.122884 0.159409 0.078130 0.013062 0.014474 0.006319 0.005055 0.001863 
0.024819 0.418940 0.107387 0.235212 0.110624 0.021926 0.027584 0.023286 0.017559 0.012663 
0.073963 0.401305 0.201781 0.185739 0.097081 0.012769 0.011038 0.007968 0.005509 0.002848 
0.036684 0.535781 0.147596 0.152878 0.064117 0.018245 0.019877 0.008650 0.010379 0.005793 
0.025678 0.471236 0.113353 0.161115 0.153337 0.027439 0.032864 0.007927 0.004761 0.002290 
0.006879 0.283443 0.259719 0.170650 0.093756 0.051372 0.043048 0.038123 0.030829 0.022180 
0.038747 0.383616 0.199834 0.162956 0.071117 0.038124 0.036675 0.029473 0.023186 0.016273 
0.046852 0.498555 0.113947 0.167394 0.093628 0.026602 0.028813 0.011841 0.007421 0.004948 
0.061558 0.482745 0.204144 0.147870 0.062836 0.007538 0.016991 0.008160 0.005070 0.003089 
0.053245 0.388121 0.231370 0.129854 0.070098 0.036770 0.031316 0.024707 0.020516 0.014004 
0.009570 0.351552 0.189438 0.159163 0.106730 0.048457 0.055212 0.033443 0.026915 0.019520 
0.028497 0.401491 0.159768 0.251113 0.118461 0.011633 0.016938 0.006292 0.003908 0.001898 
0.017274 0.428546 0.168645 0.199008 0.092373 0.028755 0.022857 0.017258 0.014962 0.010323 
0.056947 0.513081 0.144306 0.117687 0.097466 0.025014 0.029023 0.008166 0.005084 0.003225 
0.004174 0.445058 0.171825 0.133467 0.101353 0.030307 0.046281 0.027154 0.023682 0.016698 
0.045620 0.538238 0.166049 0.169590 0.039420 0.011847 0.010585 0.008138 0.006430 0.004083 
0.015729 0.436658 0.211891 0.151628 0.105339 0.016142 0.030058 0.011881 0.011835 0.008838 
0.045665 0.380267 0.241052 0.123169 0.075576 0.037118 0.033355 0.026502 0.021787 0.015510 
0.042693 0.602558 0.191600 0.077009 0.055351 0.008267 0.012268 0.005333 0.002871 0.002049 
0.023620 0.528028 0.111330 0.138074 0.084763 0.037021 0.032815 0.017286 0.016240 0.010821 
0.067700 0.413039 0.278234 0.155078 0.033243 0.011225 0.014805 0.012322 0.009149 0.005205 
0.008096 0.496072 0.223266 0.157812 0.033877 0.018554 0.021266 0.018296 0.014398 0.008364 
0.039460 0.571390 0.115186 0.114276 0.092602 0.021250 0.025827 0.007788 0.007077 0.005143 
0.017835 0.337709 0.195047 0.126999 0.109338 0.062306 0.056265 0.039927 0.031914 0.022660 
0.058608 0.362375 0.217332 0.149436 0.089198 0.036878 0.029039 0.024249 0.019958 0.012929 
0.037743 0.484585 0.125159 0.207121 0.106422 0.019408 0.012787 0.002669 0.002535 0.001570 
0.054380 0.520423 0.153342 0.134146 0.085840 0.014909 0.016791 0.010288 0.006340 0.003542 
0.038880 0.337551 0.274526 0.123781 0.084488 0.039027 0.032228 0.028457 0.023659 0.017403 
0.009297 0.384258 0.192432 0.161455 0.119324 0.032175 0.037423 0.026539 0.021600 0.015496 
0.041922 0.483787 0.149800 0.182503 0.101449 0.007875 0.022255 0.005068 0.003428 0.001913 
0.035538 0.448154 0.206414 0.124561 0.069035 0.029709 0.031196 0.022462 0.019513 0.013418 
0.062941 0.513582 0.182587 0.176566 0.025671 0.013895 0.010946 0.006079 0.004046 0.003686 
0.013725 0.406011 0.197580 0.173487 0.115982 0.025403 0.024724 0.017874 0.014087 0.011129 
0.042428 0.510605 0.206398 0.150815 0.049058 0.010064 0.018478 0.006200 0.003691 0.002263 
0.008591 0.428592 0.216204 0.199069 0.051981 0.022177 0.027225 0.019683 0.015727 0.010752 
0.046300 0.381007 0.224579 0.224883 0.045186 0.016029 0.021970 0.016622 0.013521 0.009902 
0.023896 0.581042 0.190212 0.125064 0.045587 0.005745 0.011323 0.006662 0.006101 0.004369 
0.040223 0.573913 0.134866 0.169771 0.057133 0.008713 0.008285 0.003079 0.002942 0.001076 
0.040755 0.329177 0.182010 0.173511 0.139344 0.025269 0.034430 0.031994 0.025944 0.017566 
0.011747 0.374791 0.229720 0.174755 0.100217 0.024719 0.025008 0.024760 0.019971 0.014311 
0.033991 0.500335 0.123418 0.175853 0.082679 0.034891 0.024024 0.009787 0.008745 0.006277 
0.018933 0.463144 0.105429 0.143866 0.178151 0.030748 0.023660 0.015167 0.012002 0.008899 
0.076645 0.426978 0.231811 0.146713 0.074262 0.022557 0.008749 0.005789 0.004049 0.002446 
0.031527 0.516487 0.130754 0.207259 0.051476 0.021902 0.014152 0.010448 0.010104 0.005889 
0.038518 0.459604 0.107241 0.255083 0.079541 0.018535 0.018047 0.010634 0.008156 0.004642 
0.024159 0.278231 0.328346 0.188693 0.067564 0.024564 0.028533 0.024518 0.020431 0.014960 
0.019483 0.344616 0.237069 0.220827 0.070188 0.029421 0.025296 0.021588 0.018955 0.012557 
0.029279 0.407065 0.134475 0.231330 0.104148 0.041024 0.020412 0.014988 0.010073 0.007206 
0.052552 0.440231 0.174733 0.165933 0.075703 0.037454 0.021522 0.014819 0.010522 0.006531 
0.060067 0.423845 0.186555 0.132734 0.078170 0.033784 0.030375 0.022264 0.018660 0.013544 
0.013048 0.402882 0.177674 0.117520 0.134249 0.045850 0.036200 0.030161 0.024737 0.017679 
0.041182 0.469158 0.216352 0.151350 0.082257 0.015777 0.011337 0.004946 0.004422 0.003218 
0.007764 0.464398 0.265698 0.116472 0.040079 0.027860 0.026508 0.020875 0.017126 0.013221 
0.049323 0.432498 0.167660 0.215846 0.103608 0.013138 0.008285 0.004430 0.003304 0.001908 
0.016012 0.446126 0.167074 0.148791 0.114210 0.031481 0.021609 0.022567 0.019357 0.012772 
0.040694 0.522185 0.169581 0.149270 0.084220 0.020139 0.005686 0.004626 0.002276 0.001323 
0.020400 0.452888 0.176952 0.110624 0.081586 0.046755 0.039447 0.027877 0.026694 0.016778 
0.033823 0.361238 0.234851 0.127860 0.098058 0.031720 0.038694 0.029719 0.024614 0.019423 
0.018111 0.329398 0.269983 0.142695 0.137656 0.032017 0.019579 0.016651 0.020574 0.013336 
0.035391 0.392477 0.231292 0.164304 0.105708 0.027973 0.013992 0.011292 0.012739 0.004832 
0.049925 0.395528 0.201829 0.191501 0.083714 0.041746 0.013266 0.006591 0.013384 0.002518 
0.015445 0.331508 0.177080 0.238320 0.156440 0.046959 0.005408 0.004918 0.017756 0.006166 
0.015696 0.301376 0.219898 0.188087 0.166796 0.028999 0.025284 0.016739 0.026957 0.010168 
0.015276 0.326005 0.260527 0.123522 0.108822 0.049099 0.034569 0.032769 0.030247 0.019163 
0.015893 0.369618 0.195546 0.135414 0.145469 0.061397 0.016919 0.017886 0.028999 0.012860 
0.042062 0.451214 0.138083 0.177527 0.083699 0.041410 0.009224 0.008582 0.041554 0.006645 
0.032795 0.377804 0.192659 0.156125 0.080294 0.038214 0.014788 0.014351 0.075303 0.017668 
0.033164 0.346978 0.243696 0.076263 0.091588 0.055174 0.032343 0.026504 0.069339 0.024951 
0.023323 0.320704 0.211383 0.077135 0.141015 0.087552 0.034432 0.022338 0.060519 0.021600 
0.012478 0.372867 0.164902 0.104923 0.131618 0.064553 0.012074 0.017448 0.113228 0.005908 
0.039815 0.369407 0.160047 0.106978 0.079790 0.028558 0.014848 0.027380 0.145537 0.027640 
0.042056 0.393276 0.204795 0.091372 0.068314 0.021787 0.008145 0.010785 0.131438 0.028031 
0.032374 0.358440 0.216127 0.070621 0.068149 0.040675 0.030676 0.026260 0.143573 0.013104 
0.025574 0.319802 0.188507 0.055135 0.073066 0.044610 0.030714 0.044364 0.189584 0.028645 
0.004165 0.360844 0.162410 0.159849 0.055747 0.040125 0.020757 0.021560 0.151629 0.022914 
0.016796 0.294962 0.189544 0.149646 0.072173 0.039611 0.026274 0.032791 0.170780 0.007423 
0.015290 0.262952 0.173359 0.118685 0.078038 0.026627 0.018993 0.061264 0.218214 0.026579 
0.031893 0.282794 0.180157 0.110289 0.072141 0.029108 0.023845 0.038132 0.192642 0.038998 
0.030431 0.322384 0.141927 0.079600 0.071628 0.049042 0.028073 0.039891 0.198319 0.038705 
0.011650 0.301287 0.157366 0.120347 0.072954 0.074281 0.034164 0.039006 0.157640 0.031304 
0.016015 0.250955 0.204884 0.152458 0.047166 0.061810 0.034193 0.120695 0.088994 0.022830 
0.022047 0.304140 0.214118 0.137923 0.055234 0.032980 0.027299 0.129425 0.057370 0.019464 
0.034248 0.350563 0.185037 0.068472 0.120487 0.043723 0.010163 0.126779 0.044732 0.015795 
0.026321 0.355225 0.132126 0.100613 0.089260 0.050423 0.013770 0.143755 0.063631 0.024876 
0.005684 0.291365 0.200281 0.084159 0.088330 0.042679 0.032985 0.158093 0.071404 0.025018 
0.006580 0.310709 0.258201 0.094246 0.094388 0.043029 0.021997 0.133267 0.025653 0.011930 
0.014933 0.346903 0.239646 0.071965 0.089638 0.043063 0.029364 0.116082 0.042412 0.005994 
0.042415 0.357319 0.165293 0.111534 0.080553 0.042827 0.043605 0.103131 0.041933 0.011389 
0.038027 0.366864 0.105532 0.097932 0.072255 0.081761 0.026988 0.133620 0.071201 0.005820 
0.019405 0.320181 0.206910 0.112585 0.052154 0.035006 0.035747 0.150239 0.055141 0.012632 
0.020921 0.316164 0.249258 0.091053 0.072884 0.048063 0.031955 0.108330 0.048444 0.012928 
0.004254 0.285981 0.224545 0.103114 0.095194 0.056694 0.033009 0.136540 0.050561 0.010108 
0.023553 0.323408 0.164894 0.127190 0.105496 0.039810 0.024492 0.132346 0.046888 0.011924 
0.041450 0.396700 0.141991 0.132736 0.053551 0.087074 0.023071 0.083236 0.027922 0.012271 
0.039171 0.351293 0.201334 0.094119 0.082550 0.126043 0.028094 0.029524 0.029577 0.018293 
0.032087 0.353902 0.238719 0.061863 0.102990 0.125293 0.022235 0.034793 0.017181 0.010936 
0.001314 0.360913 0.240822 0.084998 0.085509 0.137349 0.022967 0.045522 0.015613 0.004992 
0.034846 0.404382 0.193678 0.070712 0.087193 0.094339 0.035925 0.042992 0.022366 0.013567 
0.045710 0.411694 0.169167 0.086236 0.072481 0.092874 0.042035 0.049913 0.020849 0.009041 
0.047420 0.427258 0.199217 0.114627 0.070643 0.033361 0.038625 0.045209 0.017998 0.005643 
0.042069 0.364056 0.212142 0.154372 0.069391 0.072069 0.043618 0.023320 0.011776 0.007186 
0.016325 0.350875 0.223416 0.107066 0.062892 0.112955 0.060446 0.038327 0.013942 0.013756 
0.022835 0.399652 0.209997 0.097736 0.076685 0.053404 0.068469 0.044291 0.016102 0.010830 
0.029494 0.394550 0.182723 0.059777 0.074265 0.037474 0.021345 0.159201 0.028104 0.013068 
0.048375 0.391579 0.222598 0.067342 0.064016 0.056286 0.014991 0.101997 0.023057 0.009759 
0.043504 0.407869 0.219766 0.083858 0.077560 0.044976 0.035451 0.057327 0.021539 0.008151 
0.005817 0.348197 0.164442 0.090455 0.200358 0.051189 0.037092 0.050081 0.034036 0.018333 
0.014886 0.304536 0.230565 0.121300 0.114883 0.069405 0.035343 0.061407 0.030488 0.017187 
0.020575 0.345714 0.238464 0.089091 0.144665 0.061590 0.034006 0.043228 0.013167 0.009500 
0.032783 0.377386 0.238068 0.121593 0.073180 0.050782 0.047298 0.030082 0.016453 0.012376 
0.031995 0.411783 0.206308 0.084102 0.093570 0.074737 0.047704 0.030557 0.011473 0.007771 
0.023222 0.365900 0.193084 0.132853 0.141325 0.074417 0.032893 0.020568 0.009757 0.005981 
0.011130 0.316981 0.248987 0.108099 0.163412 0.058956 0.064597 0.020937 0.004139 0.002763 
0.006501 0.355552 0.276470 0.143074 0.086270 0.034993 0.068592 0.014408 0.009242 0.004897 
0.027413 0.348031 0.253904 0.145722 0.078634 0.047818 0.045002 0.022127 0.018513 0.012837 
0.037621 0.448096 0.196591 0.075420 0.060723 0.087772 0.058671 0.023286 0.007180 0.004640 
0.030179 0.388710 0.169087 0.153907 0.075219 0.067600 0.051646 0.032059 0.021222 0.010370 
0.020123 0.333511 0.239500 0.110154 0.080625 0.058046 0.068285 0.060420 0.017918 0.011418 
0.008655 0.352664 0.300648 0.080873 0.054498 0.039185 0.073139 0.047269 0.028400 0.014670 
0.011218 0.346299 0.223485 0.104516 0.080598 0.057640 0.070089 0.049214 0.035249 0.021691 
0.035466 0.427975 0.158787 0.080515 0.110100 0.048873 0.088339 0.028607 0.014735 0.006602 
0.045351 0.392273 0.190590 0.080433 0.107087 0.043889 0.105763 0.019788 0.007418 0.007408 
0.033147 0.354829 0.215726 0.036211 0.121889 0.130874 0.073173 0.015520 0.008133 0.010497 
0.012994 0.337809 0.260409 0.070956 0.062423 0.087913 0.092976 0.034011 0.019915 0.020595 
0.009101 0.333011 0.199305 0.100405 0.084951 0.076039 0.082857 0.054733 0.035512 0.024085 
0.035768 0.419467 0.135668 0.072377 0.104251 0.078606 0.096525 0.030123 0.017625 0.009590 
0.041207 0.383223 0.154605 0.082287 0.119266 0.099510 0.074142 0.029042 0.008938 0.007780 
0.037043 0.401516 0.235243 0.050348 0.075167 0.054293 0.072117 0.042597 0.020560 0.011118 
0.030066 0.384245 0.274735 0.076849 0.059805 0.039117 0.097102 0.017487 0.012960 0.007635 
0.008364 0.378315 0.196192 0.124387 0.078579 0.066851 0.087136 0.023161 0.021167 0.015848 
0.030946 0.402195 0.161589 0.093404 0.071202 0.093625 0.100102 0.021234 0.013964 0.011738 
0.047083 0.349314 0.197609 0.152768 0.067078 0.056601 0.074218 0.036652 0.013577 0.005101 
0.003944 0.513412 0.116878 0.128994 0.036224 0.048312 0.087783 0.032439 0.019742 0.012271 
0.009270 0.547375 0.080750 0.169628 0.038250 0.028331 0.089736 0.026720 0.006041 0.003900 
0.001766 0.520635 0.045762 0.202211 0.077319 0.072110 0.045728 0.021837 0.005762 0.006871 
0.011708 0.404641 0.088018 0.167877 0.116016 0.080171 0.091387 0.024657 0.010405 0.005119 
0.034909 0.497468 0.102769 0.100624 0.072740 0.036959 0.093272 0.033180 0.016489 0.011588 
0.012162 0.595917 0.077209 0.113748 0.071210 0.023879 0.053867 0.035566 0.010060 0.006382 
0.023623 0.559504 0.076477 0.170871 0.062029 0.032321 0.034680 0.017153 0.016065 0.007277 
0.005391 0.495135 0.054590 0.132592 0.099935 0.019920 0.116622 0.038328 0.025019 0.012468 
0.038832 0.452757 0.076272 0.052427 0.102877 0.109104 0.085708 0.025490 0.020953 0.035580 
0.022141 0.578513 0.114975 0.105999 0.046362 0.072940 0.026966 0.009194 0.007236 0.015672 
0.004631 0.610877 0.092173 0.123440 0.051012 0.051330 0.040162 0.014808 0.003885 0.007681 
0.028164 0.559173 0.083973 0.091067 0.040609 0.068476 0.084357 0.022259 0.007106 0.014816 
0.002440 0.474049 0.068669 0.181243 0.053140 0.074587 0.062478 0.047586 0.016554 0.019254 
0.009522 0.494214 0.146476 0.196522 0.032860 0.028824 0.041937 0.019698 0.015016 0.014931 
0.014589 0.662024 0.068849 0.158435 0.028967 0.019817 0.028454 0.011397 0.002137 0.005331 
0.013515 0.629124 0.106736 0.090588 0.043846 0.024171 0.055602 0.017959 0.008749 0.009711 
0.012815 0.607805 0.081189 0.089732 0.067255 0.046757 0.042428 0.026432 0.013355 0.012232 
0.016208 0.469139 0.064398 0.105087 0.052958 0.054708 0.042853 0.137213 0.042559 0.014878 
0.029135 0.534220 0.052596 0.134569 0.020710 0.035594 0.045530 0.120870 0.019564 0.007213 
0.006250 0.528644 0.057560 0.154281 0.036897 0.014287 0.046490 0.116049 0.029067 0.010476 
0.029550 0.556732 0.052215 0.134448 0.024797 0.032507 0.037513 0.091131 0.032814 0.008294 
0.000506 0.506956 0.064605 0.140286 0.046957 0.017163 0.047003 0.144640 0.023906 0.007977 
0.018822 0.435772 0.073398 0.066681 0.034463 0.032689 0.043531 0.079099 0.024635 0.190910 
0.016239 0.586256 0.067885 0.059348 0.034019 0.034128 0.040005 0.058084 0.014036 0.090000 
0.002441 0.568890 0.062873 0.106107 0.025490 0.042400 0.035021 0.054205 0.025707 0.076865 
0.024980 0.467165 0.030731 0.218820 0.048502 0.017709 0.047886 0.040167 0.024534 0.079507 
0.005125 0.436977 0.098222 0.211440 0.041515 0.047623 0.065459 0.032421 0.010381 0.050835 
0.021754 0.623769 0.088782 0.050157 0.020545 0.016651 0.089573 0.018479 0.026714 0.043576 
0.010066 0.686274 0.066978 0.068871 0.026130 0.020503 0.063497 0.012808 0.026161 0.018712 
0.001873 0.597703 0.052423 0.127947 0.034411 0.035198 0.067403 0.024160 0.024459 0.034422 
0.016987 0.471998 0.059828 0.260538 0.039051 0.030123 0.062521 0.019401 0.008832 0.030720 
0.007577 0.394646 0.075877 0.185377 0.036788 0.021124 0.066107 0.122091 0.035982 0.054434 
0.002841 0.554744 0.087457 0.098752 0.015069 0.021727 0.058379 0.106127 0.013374 0.041528 
0.000865 0.576183 0.066471 0.063542 0.015506 0.022221 0.044597 0.141394 0.043473 0.025749 
0.003376 0.638209 0.050529 0.071141 0.015758 0.024662 0.037255 0.074828 0.033415 0.050827 
0.003072 0.531173 0.054476 0.082749 0.029275 0.030163 0.100106 0.077877 0.031683 0.059425 
0.005439 0.413868 0.099566 0.067835 0.058576 0.155786 0.064147 0.070344 0.029494 0.034946 
0.015920 0.559028 0.088487 0.096809 0.045004 0.086052 0.023211 0.051900 0.008021 0.025568 
0.003574 0.568836 0.070635 0.162192 0.022832 0.061809 0.032745 0.042995 0.016528 0.017854 
0.001080 0.509440 0.047115 0.238855 0.025929 0.047107 0.058145 0.046153 0.011441 0.014735 
0.013913 0.390834 0.096166 0.176171 0.043633 0.069764 0.133224 0.042404 0.022220 0.011672 
0.035504 0.466162 0.091939 0.098414 0.030898 0.057547 0.155615 0.040557 0.014255 0.009109 
0.008039 0.563465 0.072112 0.073002 0.019151 0.038037 0.156990 0.035430 0.023662 0.010112 
0.020740 0.577529 0.069311 0.033153 0.016527 0.036893 0.160919 0.046720 0.018943 0.019265 
0.014711 0.555488 0.048891 0.088890 0.022304 0.051727 0.149992 0.036521 0.011764 0.019712 
0.039513 0.452312 0.073032 0.090320 0.026062 0.019250 0.091252 0.152168 0.038917 0.017173 
0.007173 0.468932 0.093565 0.066347 0.027140 0.028671 0.060382 0.181815 0.046621 0.019354 
0.002317 0.488249 0.069460 0.093843 0.012203 0.022384 0.065965 0.179844 0.046179 0.019556 
0.021174 0.441856 0.059456 0.120019 0.016715 0.015068 0.055981 0.214266 0.039806 0.015660 
0.001876 0.399790 0.076119 0.125499 0.009796 0.009581 0.062588 0.279871 0.022646 0.012234 
0.000015 0.423395 0.133606 0.079918 0.023234 0.029582 0.044827 0.201005 0.042401 0.022017 
0.016215 0.483593 0.055862 0.088073 0.028435 0.036181 0.057615 0.197925 0.026411 0.009690 
0.012298 0.462112 0.063573 0.070436 0.024284 0.027693 0.064756 0.241191 0.023489 0.010168 
0.001141 0.441870 0.051955 0.063925 0.030549 0.029892 0.052236 0.271088 0.038119 0.019225 
0.009317 0.508029 0.069519 0.090014 0.022028 0.057540 0.065715 0.108992 0.052195 0.016652 
0.032388 0.579712 0.093235 0.055255 0.013405 0.022654 0.053912 0.094677 0.045065 0.009698 
0.002595 0.571453 0.067774 0.066860 0.017949 0.016280 0.048000 0.147490 0.046990 0.014609 
0.021960 0.467703 0.045641 0.089015 0.029413 0.032624 0.047879 0.195435 0.050908 0.019422 
0.001605 0.410821 0.047459 0.075152 0.018828 0.035237 0.058766 0.241875 0.084841 0.025417 
0.011592 0.374206 0.080184 0.091854 0.073931 0.012273 0.038649 0.223120 0.075286 0.018903 
