Dancing-Queen,ABBA
0.000000 0.000000 0.000000 0.000000 0.000000 0.000000 0.000000 0.000000 0.000000 0.000000 
0.000000 0.000000 0.000000 0.000000 0.000000 0.000000 0.000000 0.000000 0.000000 0.000000 
0.000000 0.000000 0.000000 0.000000 0.000000 0.000000 0.000000 0.000000 0.000000 0.000000 
0.000000 0.000000 0.000000 0.000000 0.000000 0.000000 0.000000 0.000000 0.000000 0.000000 
0.000000 0.000000 0.000000 0.000000 0.000000 0.000000 0.000000 0.000000 0.000000 0.000000 
0.000000 0.000000 0.000000 0.000000 0.000000 0.000000 0.000000 0.000000 0.000000 0.000000 
0.000000 0.000000 0.000000 0.000000 0.000000 0.000000 0.000000 0.000000 0.000000 0.000000 
0.000000 0.000000 0.000000 0.000000 0.000000 0.000000 0.000000 0.000000 0.000000 0.000000 
0.000000 0.000000 0.000000 0.000000 0.000000 0.000000 0.000000 0.000000 0.000000 0.000000 
0.000000 0.000000 0.000000 0.000000 0.000000 0.000000 0.000000 0.000000 0.000000 0.000000 
0.000000 0.000000 0.000000 0.000000 0.000000 0.000000 0.000000 0.000000 0.000000 0.000000 
0.000000 0.000000 0.000000 0.000000 0.000000 0.000000 0.000000 0.000000 0.000000 0.000000 
0.000000 0.000000 0.000000 0.000000 0.000000 0.000000 0.000000 0.000000 0.000000 0.000000 
0.000000 0.000000 0.000000 0.000000 0.000000 0.000000 0.000000 0.000000 0.000000 0.000000 
0.000000 0.000000 0.000000 0.000000 0.000000 0.000000 0.000000 0.000000 0.000000 0.000000 
0.000000 0.000000 0.000000 0.000000 0.000000 0.000000 0.000000 0.000000 0.000000 0.000000 
0.000000 0.000000 0.000000 0.000000 0.000000 0.000000 0.000000 0.000000 0.000000 0.000000 
0.000000 0.000000 0.000000 0.000000 0.000000 0.000000 0.000000 0.000000 0.000000 0.000000 
0.000000 0.000000 0.000000 0.000000 0.000000 0.000000 0.000000 0.000000 0.000000 0.000000 
0.000000 0.000000 0.000000 0.000000 0.000000 0.000000 0.000000 0.000000 0.000000 0.000000 
0.000000 0.000000 0.000000 0.000000 0.000000 0.000000 0.000000 0.000000 0.000000 0.000000 
0.000000 0.000000 0.000000 0.000000 0.000000 0.000000 0.000000 0.000000 0.000000 0.000000 
0.045749 0.159432 0.100391 0.112244 0.060728 0.083969 0.122118 0.088196 0.144130 0.083044 
0.038341 0.210172 0.164073 0.082891 0.061882 0.056685 0.050335 0.109357 0.141155 0.085109 
0.057663 0.137789 0.139769 0.042862 0.071633 0.047178 0.199816 0.110042 0.094513 0.098735 
0.032656 0.085621 0.112054 0.055487 0.059208 0.143696 0.155031 0.093318 0.145202 0.117728 
0.018742 0.094929 0.056713 0.041129 0.124498 0.136168 0.095685 0.159789 0.120634 0.151715 
0.004996 0.029638 0.023984 0.025751 0.061607 0.029391 0.058488 0.089734 0.293752 0.382660 
0.003369 0.008472 0.021379 0.029519 0.048922 0.046347 0.066300 0.312349 0.255271 0.208070 
0.000227 0.009012 0.033258 0.043313 0.042554 0.086535 0.243082 0.261011 0.168643 0.112366 
0.005374 0.020339 0.045643 0.045410 0.120480 0.182911 0.214061 0.130065 0.136820 0.098895 
0.002161 0.012605 0.027583 0.061444 0.251363 0.145003 0.161628 0.130100 0.134018 0.074094 
0.031337 0.180262 0.321688 0.108923 0.108225 0.073708 0.055016 0.058296 0.042808 0.019736 
0.034398 0.300922 0.170037 0.109041 0.127751 0.086755 0.068081 0.040789 0.033561 0.028664 
0.010878 0.162978 0.251684 0.142915 0.097986 0.105021 0.103265 0.074157 0.025830 0.025285 
0.020460 0.174940 0.242468 0.124763 0.046745 0.098704 0.106541 0.094305 0.044332 0.046741 
0.022314 0.162685 0.270015 0.139706 0.074151 0.111549 0.086393 0.065226 0.032124 0.035837 
0.007720 0.145244 0.237359 0.129520 0.106810 0.097168 0.137400 0.091958 0.009375 0.037445 
0.005129 0.138252 0.234529 0.178216 0.142842 0.100279 0.101357 0.051793 0.024066 0.023538 
0.004244 0.080809 0.144247 0.191935 0.167161 0.097638 0.150548 0.045935 0.042188 0.075294 
0.007743 0.051605 0.115306 0.210763 0.184404 0.178724 0.089228 0.066604 0.024992 0.070632 
0.005436 0.038952 0.101106 0.231099 0.147295 0.171934 0.137161 0.093468 0.021564 0.051986 
0.002839 0.173141 0.313268 0.097300 0.118585 0.062818 0.118892 0.049896 0.018372 0.044889 
0.004865 0.193840 0.297337 0.100802 0.131112 0.060902 0.110307 0.027423 0.019382 0.054029 
0.007312 0.169646 0.280862 0.082253 0.140619 0.066488 0.069046 0.088491 0.028687 0.066596 
0.003844 0.177317 0.399561 0.094662 0.059500 0.073924 0.069759 0.074449 0.022504 0.024480 
0.001998 0.206371 0.231456 0.165937 0.120860 0.053680 0.077392 0.061192 0.024852 0.056261 
0.010170 0.107546 0.103564 0.217206 0.199665 0.062194 0.131465 0.063293 0.025642 0.079255 
0.002333 0.100665 0.122708 0.213677 0.205505 0.106817 0.114164 0.062153 0.021584 0.050395 
0.000862 0.030774 0.071731 0.217014 0.236347 0.160024 0.111144 0.085284 0.039943 0.046877 
0.002082 0.024095 0.067630 0.242458 0.185757 0.166464 0.133394 0.079988 0.043333 0.054799 
0.007285 0.106140 0.210300 0.147180 0.179876 0.093214 0.113761 0.082642 0.029191 0.030411 
0.000467 0.148023 0.251547 0.146765 0.137751 0.082027 0.068834 0.084980 0.014446 0.065160 
0.000868 0.163072 0.266193 0.121257 0.144130 0.101497 0.050864 0.054883 0.017321 0.079915 
0.009837 0.151079 0.257313 0.152923 0.123208 0.113467 0.105545 0.025621 0.015462 0.045544 
0.010448 0.155861 0.247771 0.145539 0.110141 0.097767 0.106168 0.065504 0.028123 0.032677 
0.026680 0.145725 0.249221 0.157060 0.104827 0.100198 0.115367 0.049838 0.012747 0.038337 
0.051731 0.191799 0.260729 0.126857 0.100629 0.054106 0.107647 0.058144 0.018991 0.029369 
0.047149 0.375625 0.183727 0.127029 0.081654 0.042206 0.069704 0.044544 0.006821 0.021542 
0.033428 0.182178 0.198080 0.141107 0.155316 0.115479 0.087592 0.045663 0.011459 0.029699 
0.004346 0.153229 0.198876 0.134995 0.130442 0.143494 0.112575 0.075590 0.019152 0.027302 
0.001135 0.079210 0.286502 0.132715 0.142454 0.126272 0.096303 0.063650 0.044764 0.026994 
0.005346 0.102674 0.222814 0.180366 0.153945 0.100284 0.082646 0.091960 0.031138 0.028826 
0.003564 0.088467 0.133611 0.180439 0.233710 0.133754 0.084282 0.053452 0.026731 0.061991 
0.010049 0.150351 0.194277 0.232983 0.168230 0.070557 0.050027 0.053074 0.022355 0.048098 
0.001406 0.172395 0.229804 0.199027 0.112551 0.059270 0.107115 0.061052 0.022287 0.035093 
0.013651 0.154172 0.230855 0.212507 0.057385 0.088176 0.140222 0.066028 0.015806 0.021198 
0.014600 0.155300 0.269368 0.181497 0.056340 0.081146 0.126362 0.067450 0.016624 0.031314 
0.009111 0.185908 0.199438 0.158943 0.128277 0.104651 0.069834 0.061378 0.035801 0.046659 
0.009142 0.141424 0.259879 0.171946 0.153705 0.089000 0.051123 0.060703 0.016677 0.046400 
0.006742 0.069874 0.252309 0.146571 0.183728 0.116760 0.100407 0.054829 0.039762 0.029018 
0.014967 0.217116 0.285817 0.132721 0.109128 0.063143 0.061254 0.060239 0.033265 0.022350 
0.009031 0.138034 0.208220 0.145827 0.185794 0.072293 0.067285 0.089477 0.051325 0.032714 
0.005728 0.095847 0.147026 0.148801 0.245268 0.125535 0.049209 0.095330 0.060814 0.026441 
0.011793 0.052764 0.180799 0.173983 0.197601 0.133780 0.063105 0.100842 0.042469 0.042863 
0.005924 0.051541 0.203357 0.169183 0.186411 0.092862 0.120177 0.103961 0.027436 0.039150 
0.000103 0.016864 0.246169 0.226471 0.183680 0.121211 0.077034 0.087349 0.020679 0.020440 
0.006324 0.055857 0.227094 0.225236 0.154201 0.122809 0.054778 0.056080 0.037902 0.059718 
0.002439 0.042286 0.230108 0.198284 0.123468 0.110421 0.058643 0.122190 0.041080 0.071081 
0.001165 0.036063 0.211762 0.200728 0.179600 0.091812 0.097154 0.088769 0.045609 0.047337 
0.007325 0.045482 0.208797 0.208158 0.140423 0.124632 0.065561 0.102154 0.022800 0.074669 
0.007197 0.063171 0.199570 0.167414 0.200690 0.143882 0.070406 0.072856 0.028811 0.046002 
0.006713 0.052056 0.177709 0.165566 0.294531 0.118293 0.045826 0.049650 0.036280 0.053377 
0.021050 0.279962 0.371905 0.106912 0.082921 0.049502 0.036833 0.013812 0.017974 0.019129 
0.011598 0.323483 0.215521 0.125098 0.105715 0.112128 0.024169 0.019041 0.026531 0.036715 
0.007103 0.157732 0.220905 0.122178 0.116674 0.117493 0.084152 0.064769 0.060874 0.048121 
0.028085 0.184935 0.186053 0.127965 0.124217 0.082431 0.107958 0.066578 0.063518 0.028259 
0.024541 0.181547 0.176335 0.143850 0.138641 0.090765 0.147867 0.031619 0.024218 0.040616 
0.026427 0.178198 0.214041 0.130772 0.131710 0.088128 0.121151 0.026700 0.048100 0.034774 
0.025654 0.161858 0.188076 0.144636 0.116851 0.101035 0.120593 0.051740 0.046491 0.043065 
0.009601 0.140628 0.204936 0.213116 0.162916 0.089539 0.046772 0.052992 0.048078 0.031421 
0.010785 0.072044 0.151643 0.208925 0.148419 0.076167 0.163455 0.041407 0.079085 0.048070 
0.016619 0.040103 0.147679 0.282653 0.123812 0.064822 0.116145 0.058504 0.090106 0.059556 
0.006786 0.172554 0.313265 0.123775 0.092783 0.060195 0.102148 0.041480 0.047669 0.039345 
0.003192 0.190651 0.311979 0.106404 0.093745 0.046183 0.096859 0.041508 0.060520 0.048959 
0.014647 0.192029 0.264210 0.145510 0.080451 0.040887 0.107103 0.053883 0.072225 0.029054 
0.018077 0.206298 0.444810 0.091023 0.071646 0.035383 0.057051 0.037064 0.024909 0.013739 
0.034470 0.338919 0.153740 0.120020 0.113064 0.033387 0.109666 0.047223 0.020296 0.029215 
0.002176 0.151907 0.136775 0.225524 0.157084 0.038115 0.132852 0.072985 0.044560 0.038021 
0.009387 0.133616 0.102983 0.192826 0.216436 0.068938 0.123104 0.064341 0.044558 0.043813 
0.004062 0.040216 0.068687 0.198388 0.156600 0.107377 0.215646 0.080372 0.093200 0.035451 
0.004539 0.040127 0.092930 0.194154 0.186002 0.122755 0.207827 0.061941 0.049421 0.040304 
0.024314 0.119959 0.222916 0.142348 0.157248 0.075208 0.104274 0.021979 0.090709 0.041044 
0.023433 0.211022 0.302022 0.121451 0.141125 0.037121 0.057545 0.047976 0.026070 0.032237 
0.004934 0.196417 0.315337 0.107332 0.091034 0.034122 0.064110 0.060838 0.073078 0.052797 
0.003524 0.203434 0.292518 0.091474 0.091056 0.041338 0.079401 0.078770 0.084552 0.033933 
0.002933 0.220594 0.311281 0.081226 0.136415 0.022128 0.125860 0.055664 0.029226 0.014673 
0.008142 0.200224 0.285954 0.121138 0.129535 0.035479 0.122164 0.045106 0.035036 0.017222 
0.006882 0.200084 0.287033 0.136164 0.115714 0.029270 0.130763 0.035296 0.046518 0.012276 
0.018445 0.288141 0.322430 0.056432 0.095544 0.059019 0.074634 0.017259 0.032389 0.035706 
0.047258 0.258078 0.109252 0.095194 0.145633 0.091593 0.108238 0.032263 0.052296 0.060195 
0.034883 0.130362 0.054532 0.079442 0.147898 0.131139 0.234888 0.067155 0.054163 0.065538 
0.012044 0.188174 0.302540 0.040899 0.085005 0.097503 0.109012 0.036183 0.081284 0.047356 
0.008110 0.192712 0.310803 0.046024 0.084306 0.107793 0.092631 0.051746 0.063999 0.041876 
0.009368 0.188842 0.307584 0.068411 0.115801 0.086296 0.139403 0.040379 0.033653 0.010262 
0.023485 0.249364 0.285338 0.071839 0.089092 0.075741 0.103293 0.035125 0.032919 0.033806 
0.016481 0.221028 0.330758 0.083328 0.074943 0.058235 0.119568 0.021249 0.032126 0.042283 
0.008620 0.304226 0.263976 0.088787 0.087212 0.054574 0.074346 0.030114 0.050696 0.037450 
0.018808 0.281372 0.199598 0.105435 0.109098 0.054897 0.097300 0.052125 0.040007 0.041359 
0.041454 0.315140 0.158143 0.108841 0.078636 0.076305 0.095853 0.049376 0.054723 0.021529 
0.003795 0.043049 0.071617 0.132865 0.192103 0.092480 0.242092 0.067680 0.124493 0.029827 
0.017315 0.080965 0.125111 0.157098 0.238248 0.117937 0.150329 0.037167 0.054712 0.021117 
0.022699 0.246111 0.342936 0.129865 0.055736 0.067795 0.075391 0.024798 0.023190 0.011479 
0.024228 0.217289 0.289127 0.131952 0.068860 0.063403 0.084323 0.036865 0.049836 0.034117 
0.003042 0.152075 0.209166 0.202569 0.117306 0.075800 0.115310 0.030585 0.059708 0.034438 
0.013908 0.131958 0.111468 0.226583 0.094510 0.098836 0.177889 0.044714 0.081145 0.018989 
0.003636 0.081433 0.091356 0.253935 0.100463 0.158214 0.161089 0.043731 0.048322 0.057821 
0.021302 0.086195 0.078654 0.229394 0.087056 0.204742 0.170976 0.029890 0.040568 0.051222 
0.031368 0.203147 0.235668 0.145458 0.081110 0.112551 0.068659 0.033931 0.048744 0.039362 
0.001744 0.244709 0.190491 0.139728 0.101812 0.102038 0.115440 0.028615 0.055233 0.020189 
0.039040 0.300726 0.219709 0.099440 0.087970 0.069727 0.086501 0.022075 0.040155 0.034656 
0.002444 0.260855 0.275507 0.078966 0.075310 0.101365 0.083898 0.042387 0.048088 0.031178 
0.010540 0.301166 0.298913 0.061487 0.051168 0.095142 0.061932 0.024012 0.075072 0.020567 
0.007951 0.279793 0.289933 0.059420 0.059112 0.087854 0.061330 0.012555 0.036166 0.105885 
0.003263 0.170604 0.334296 0.184831 0.052058 0.054793 0.053718 0.034783 0.039362 0.072292 
0.007147 0.309630 0.268489 0.136615 0.078290 0.043231 0.057054 0.041297 0.038291 0.019956 
0.010364 0.201878 0.329368 0.147239 0.060672 0.075604 0.042313 0.033441 0.035188 0.063933 
0.030011 0.229790 0.224002 0.148971 0.080349 0.120663 0.037007 0.047046 0.019381 0.062779 
0.023189 0.230160 0.249242 0.170012 0.069801 0.072083 0.062965 0.025959 0.025243 0.071346 
0.010369 0.208399 0.255219 0.156329 0.068462 0.112522 0.061623 0.048870 0.028977 0.049231 
0.007581 0.206704 0.276752 0.185848 0.077768 0.069865 0.060803 0.033863 0.043145 0.037671 
0.001953 0.138953 0.170731 0.140204 0.116115 0.178964 0.107354 0.067123 0.023229 0.055375 
0.006976 0.057333 0.108385 0.180027 0.166398 0.218842 0.087586 0.066053 0.038823 0.069576 
0.000425 0.030293 0.112030 0.172473 0.119063 0.243441 0.108000 0.077329 0.046410 0.090535 
0.010301 0.196827 0.310759 0.115304 0.068690 0.085999 0.060409 0.071093 0.033801 0.046818 
0.032669 0.196969 0.283970 0.151981 0.102309 0.071163 0.031571 0.070031 0.021242 0.038096 
0.039542 0.206743 0.261362 0.146341 0.113116 0.081230 0.032411 0.051455 0.023006 0.044793 
0.001776 0.164729 0.430767 0.158560 0.066077 0.064161 0.030171 0.039822 0.020650 0.023287 
0.006700 0.291183 0.306940 0.134040 0.073791 0.061909 0.040091 0.026902 0.026249 0.032195 
0.015264 0.114042 0.163860 0.187459 0.189080 0.071306 0.098875 0.053764 0.021936 0.084414 
0.015428 0.136106 0.112202 0.153843 0.254854 0.084351 0.125750 0.062026 0.036249 0.019191 
0.011357 0.042777 0.086700 0.158900 0.305717 0.165097 0.111614 0.065603 0.016678 0.035556 
0.007560 0.037355 0.106673 0.125595 0.282827 0.171736 0.155076 0.061588 0.015518 0.036071 
0.005085 0.031755 0.105722 0.149733 0.241160 0.218094 0.117385 0.067519 0.021615 0.041931 
0.004481 0.189575 0.256729 0.087972 0.142397 0.133721 0.061806 0.058336 0.020192 0.044791 
0.011195 0.192141 0.275605 0.079659 0.109915 0.134426 0.063700 0.052184 0.019973 0.061202 
0.013887 0.227227 0.322291 0.087450 0.086759 0.116321 0.063313 0.036179 0.015055 0.031519 
0.034778 0.234177 0.307282 0.084417 0.102327 0.091535 0.055130 0.032412 0.023114 0.034827 
0.040707 0.234380 0.293714 0.086729 0.057947 0.113024 0.061127 0.059402 0.008805 0.044165 
0.035536 0.213146 0.290927 0.073452 0.111940 0.066240 0.081722 0.062143 0.014539 0.050355 
0.016007 0.309161 0.357205 0.039245 0.082234 0.035881 0.062873 0.036842 0.018641 0.041912 
0.018920 0.286575 0.203221 0.061443 0.170939 0.047325 0.087232 0.061825 0.009769 0.052752 
0.014848 0.203285 0.206786 0.078018 0.167692 0.035754 0.092730 0.125018 0.020377 0.055493 
0.003893 0.174394 0.233067 0.097632 0.159087 0.045944 0.103655 0.097213 0.021511 0.063604 
0.006449 0.135714 0.226073 0.079134 0.170543 0.083749 0.121863 0.099047 0.030763 0.046664 
0.004871 0.144779 0.216844 0.080569 0.172069 0.135825 0.088481 0.079521 0.033489 0.043552 
0.007077 0.112198 0.277030 0.166074 0.148493 0.143470 0.047821 0.054665 0.021223 0.021950 
0.011501 0.192644 0.261623 0.155856 0.093549 0.095161 0.051730 0.085683 0.022570 0.029683 
0.017215 0.238224 0.254347 0.222783 0.073760 0.057876 0.064458 0.033478 0.015285 0.022574 
0.005663 0.251984 0.293529 0.243871 0.062919 0.047853 0.021430 0.038447 0.018044 0.016261 
0.011170 0.234861 0.217496 0.197748 0.049354 0.049953 0.072824 0.024997 0.022473 0.119123 
0.006330 0.155466 0.287140 0.172054 0.072603 0.074765 0.070509 0.022306 0.014697 0.124130 
0.017194 0.203673 0.207313 0.171913 0.105855 0.086128 0.056966 0.046851 0.032274 0.071833 
0.026849 0.208210 0.366458 0.102673 0.091368 0.073665 0.038067 0.030814 0.034739 0.027158 
0.039728 0.170431 0.248415 0.149626 0.123798 0.065974 0.051277 0.046948 0.043939 0.059865 
0.011167 0.111627 0.239071 0.159899 0.165425 0.048184 0.048769 0.074009 0.046630 0.095218 
0.025054 0.079304 0.180448 0.161030 0.216173 0.050232 0.044954 0.113081 0.050145 0.079580 
0.008243 0.040279 0.208502 0.197562 0.183705 0.103055 0.031647 0.107690 0.053794 0.065523 
0.005099 0.024851 0.195937 0.226278 0.212468 0.129161 0.049969 0.071474 0.043295 0.041467 
0.006818 0.043939 0.197604 0.198920 0.226193 0.119426 0.043781 0.058954 0.041111 0.063253 
0.005828 0.034478 0.196957 0.194682 0.225486 0.112038 0.043241 0.067992 0.024442 0.094856 
0.000443 0.039509 0.199146 0.168569 0.253934 0.099969 0.040135 0.060267 0.065329 0.072699 
0.004413 0.025099 0.199053 0.154919 0.253361 0.114803 0.053257 0.056791 0.104407 0.033897 
0.001269 0.029011 0.192460 0.164375 0.216538 0.110442 0.037435 0.029827 0.117799 0.100844 
0.009096 0.046020 0.200045 0.115681 0.179596 0.139905 0.041795 0.037352 0.106707 0.123803 
0.042048 0.182633 0.242278 0.129666 0.107488 0.078639 0.059600 0.032170 0.076271 0.049209 
0.025316 0.344051 0.274563 0.121675 0.058324 0.058008 0.027816 0.016849 0.041872 0.031527 
0.013606 0.153984 0.251326 0.159907 0.123409 0.097872 0.043532 0.023905 0.067833 0.064626 
0.002023 0.198171 0.263142 0.149653 0.135573 0.079489 0.038400 0.015394 0.062736 0.055418 
0.006090 0.180863 0.257961 0.184589 0.133583 0.072255 0.045390 0.023119 0.048379 0.047771 
0.009810 0.180114 0.280829 0.180873 0.123407 0.051520 0.032362 0.030439 0.073580 0.037066 
0.030434 0.162918 0.243719 0.210594 0.120277 0.047194 0.054109 0.021126 0.073209 0.036421 
0.029254 0.170740 0.159660 0.199179 0.126527 0.112072 0.086762 0.029498 0.054861 0.031447 
0.012644 0.081990 0.106159 0.202948 0.196935 0.152377 0.112628 0.026516 0.073234 0.034569 
0.012173 0.043186 0.109321 0.212941 0.201488 0.154648 0.065014 0.038022 0.092761 0.070446 
0.003186 0.150949 0.248243 0.142728 0.122324 0.074557 0.059462 0.057166 0.078199 0.063186 
0.008284 0.182891 0.305359 0.151059 0.106811 0.054196 0.064336 0.031375 0.081414 0.014276 
0.033516 0.180414 0.310246 0.164674 0.096528 0.050536 0.032526 0.034833 0.057121 0.039607 
0.015067 0.216307 0.399466 0.092868 0.059503 0.059998 0.035624 0.028455 0.073182 0.019530 
0.008233 0.299925 0.293973 0.122388 0.048738 0.023359 0.042444 0.030286 0.105783 0.024870 
0.016554 0.120202 0.156452 0.234750 0.090674 0.035719 0.056837 0.070746 0.176378 0.041687 
0.006492 0.173605 0.140847 0.228743 0.165607 0.098953 0.048353 0.027146 0.071398 0.038857 
0.005732 0.072735 0.096988 0.203791 0.204824 0.108162 0.073104 0.059248 0.119504 0.055914 
0.005858 0.044461 0.071008 0.226104 0.216232 0.129438 0.085725 0.046509 0.128349 0.046314 
0.010050 0.052659 0.103691 0.221154 0.227325 0.132929 0.103323 0.033921 0.056634 0.058313 
0.024131 0.177783 0.292005 0.117288 0.139317 0.064964 0.065251 0.042674 0.034882 0.041704 
0.031606 0.201456 0.289579 0.101454 0.146689 0.046603 0.065839 0.030345 0.047722 0.038706 
0.035896 0.201738 0.291225 0.089442 0.130185 0.043267 0.073846 0.045263 0.061082 0.028056 
0.026252 0.232911 0.315318 0.134723 0.145733 0.037089 0.038133 0.020857 0.031359 0.017625 
0.001772 0.219088 0.310564 0.145838 0.122548 0.044067 0.083923 0.019648 0.043030 0.009523 
0.005316 0.208575 0.299004 0.204384 0.153145 0.035754 0.038671 0.008725 0.027654 0.018773 
0.007761 0.199267 0.322814 0.102501 0.094454 0.101025 0.054025 0.018139 0.050660 0.049354 
0.005249 0.318457 0.088926 0.160179 0.084370 0.104139 0.096692 0.031883 0.057339 0.052768 
0.019172 0.098763 0.055734 0.273288 0.116171 0.133468 0.111148 0.059865 0.078681 0.053709 
0.007198 0.135953 0.334171 0.210712 0.086522 0.090834 0.036897 0.040251 0.029229 0.028233 
0.013639 0.155171 0.293072 0.189343 0.087845 0.078915 0.070609 0.046323 0.040800 0.024284 
0.022112 0.171104 0.263150 0.158610 0.106034 0.096761 0.060525 0.044901 0.045595 0.031207 
0.019955 0.184826 0.285188 0.181058 0.107329 0.101449 0.057461 0.016556 0.022957 0.023221 
0.005403 0.253601 0.299881 0.160569 0.094645 0.060558 0.026146 0.029124 0.039543 0.030529 
0.025440 0.271398 0.253204 0.101161 0.130963 0.069259 0.068378 0.026210 0.020690 0.033297 
0.005483 0.262277 0.286798 0.116397 0.113202 0.077747 0.049238 0.018211 0.039316 0.031330 
0.030707 0.225580 0.150568 0.186130 0.152334 0.091767 0.060395 0.014827 0.066551 0.021142 
0.010897 0.043699 0.120496 0.246324 0.132828 0.084854 0.144073 0.072001 0.113610 0.031218 
0.006315 0.051149 0.153437 0.311849 0.072060 0.080827 0.101945 0.071839 0.089644 0.060935 
0.032614 0.252859 0.364880 0.103750 0.075958 0.053229 0.029984 0.036250 0.036307 0.014170 
0.045655 0.239306 0.296882 0.107395 0.089229 0.048769 0.061005 0.036804 0.029946 0.045008 
0.010037 0.273481 0.231640 0.092307 0.088239 0.054504 0.087385 0.043020 0.043766 0.075620 
0.007574 0.161123 0.200971 0.171298 0.148945 0.094530 0.078276 0.042373 0.044944 0.049966 
0.007934 0.140322 0.120154 0.213050 0.140012 0.129389 0.071280 0.061370 0.066221 0.050269 
0.004566 0.071526 0.092315 0.231655 0.134427 0.158009 0.140708 0.053337 0.085013 0.028443 
0.010463 0.187111 0.256938 0.146721 0.059316 0.080991 0.116409 0.047645 0.066297 0.028109 
0.007511 0.274484 0.265467 0.118530 0.072600 0.064482 0.106300 0.035747 0.039475 0.015403 
0.005333 0.265729 0.289375 0.185217 0.088556 0.064594 0.033681 0.014790 0.042221 0.010503 
0.004125 0.268689 0.280416 0.182432 0.082397 0.067738 0.039390 0.018297 0.030731 0.025785 
0.027266 0.324850 0.214757 0.122746 0.133629 0.052286 0.047016 0.026830 0.024219 0.026401 
0.044960 0.353292 0.227823 0.082287 0.104689 0.057485 0.069440 0.016164 0.023181 0.020680 
0.011226 0.272494 0.304511 0.104411 0.107171 0.075670 0.031324 0.012650 0.045845 0.034700 
0.021313 0.381471 0.300564 0.097398 0.049770 0.049437 0.028320 0.032443 0.020422 0.018861 
0.052737 0.254562 0.245822 0.097955 0.044211 0.084138 0.045661 0.075644 0.030846 0.068422 
0.021002 0.208972 0.210892 0.093627 0.076520 0.101841 0.097764 0.113624 0.018487 0.057272 
0.011137 0.169932 0.237895 0.140082 0.074143 0.071592 0.121119 0.092093 0.032641 0.049363 
0.007775 0.206843 0.282009 0.159549 0.076405 0.034498 0.062607 0.074925 0.042146 0.053243 
0.008786 0.219789 0.285368 0.180161 0.091719 0.048296 0.052417 0.056102 0.023699 0.033663 
0.012086 0.162575 0.227820 0.123731 0.145228 0.059571 0.118741 0.064847 0.031308 0.054093 
0.012400 0.073897 0.073339 0.178568 0.180088 0.117949 0.191124 0.081040 0.021935 0.069660 
0.004252 0.033948 0.079565 0.164195 0.167921 0.162187 0.202825 0.084440 0.029182 0.071485 
0.006408 0.135690 0.227631 0.152490 0.074270 0.128342 0.118971 0.067074 0.037335 0.051789 
0.032177 0.166417 0.240294 0.129399 0.055945 0.141145 0.120100 0.030820 0.024248 0.059454 
0.027653 0.167207 0.235248 0.110412 0.105830 0.120561 0.108993 0.048572 0.031360 0.044163 
0.041391 0.201457 0.240914 0.196878 0.066251 0.077489 0.082589 0.033339 0.034539 0.025155 
0.022355 0.302738 0.326898 0.082390 0.070121 0.062063 0.064848 0.023114 0.020041 0.025432 
0.036179 0.221952 0.174390 0.156642 0.166957 0.023230 0.052711 0.054447 0.026327 0.087165 
0.015968 0.178939 0.138137 0.187724 0.253594 0.071795 0.059351 0.029060 0.027313 0.038121 
0.011942 0.091560 0.105349 0.190546 0.120496 0.089225 0.136904 0.131557 0.036433 0.085987 
0.003398 0.058415 0.108342 0.300207 0.133779 0.043045 0.106908 0.155137 0.018859 0.071909 
0.007781 0.059701 0.096732 0.256134 0.118707 0.078321 0.154801 0.136701 0.022349 0.068774 
0.007016 0.175382 0.254558 0.124831 0.067640 0.118022 0.106193 0.096865 0.010464 0.039030 
0.014418 0.168980 0.248896 0.125701 0.063443 0.127224 0.115345 0.062531 0.027249 0.046214 
0.009654 0.152064 0.224752 0.146516 0.089383 0.139932 0.072312 0.054536 0.044280 0.066571 
0.005633 0.183073 0.248208 0.158594 0.079366 0.112337 0.061007 0.057670 0.018416 0.075695 
0.002851 0.176154 0.243349 0.189251 0.095552 0.111608 0.066120 0.048841 0.017995 0.048279 
0.009823 0.181508 0.263638 0.170431 0.108405 0.049197 0.088433 0.055287 0.016759 0.056518 
0.009336 0.205764 0.348992 0.098031 0.103895 0.071246 0.070669 0.030248 0.019460 0.042358 
0.009666 0.278685 0.141985 0.093155 0.123945 0.120998 0.131890 0.038671 0.012812 0.048193 
0.027470 0.120007 0.163226 0.131239 0.162893 0.147671 0.118449 0.070949 0.020900 0.037196 
0.027798 0.118809 0.163081 0.118472 0.174161 0.188024 0.097622 0.053647 0.011071 0.047316 
0.023022 0.123692 0.157570 0.145642 0.156473 0.151761 0.100834 0.064017 0.017542 0.059447 
0.017492 0.106037 0.151267 0.147348 0.144669 0.164628 0.105544 0.096363 0.021988 0.044665 
0.004729 0.119718 0.160117 0.159438 0.170091 0.143447 0.129867 0.062343 0.017229 0.033020 
0.003054 0.151271 0.214907 0.210514 0.125726 0.106407 0.065010 0.070468 0.019914 0.032729 
0.003954 0.185780 0.229351 0.229721 0.092386 0.059073 0.102779 0.034272 0.011686 0.050998 
0.020318 0.208489 0.191902 0.231050 0.083013 0.109998 0.074688 0.043973 0.012252 0.024317 
0.006346 0.203294 0.190820 0.263821 0.102205 0.101752 0.052284 0.034947 0.015509 0.029020 
0.022310 0.220164 0.204276 0.271544 0.072085 0.065447 0.076758 0.018053 0.012800 0.036562 
0.005659 0.138419 0.255112 0.275156 0.112158 0.040475 0.089891 0.037963 0.009236 0.035930 
0.009842 0.154987 0.409747 0.165631 0.074070 0.055654 0.051539 0.033384 0.026645 0.018501 
0.024290 0.279263 0.235028 0.139599 0.095673 0.048707 0.049785 0.072468 0.034377 0.020810 
0.008706 0.096923 0.270316 0.183175 0.077937 0.095313 0.036918 0.086074 0.097199 0.047439 
0.019689 0.107903 0.217454 0.165287 0.115672 0.101460 0.094431 0.067615 0.061260 0.049229 
0.001182 0.054101 0.188510 0.196251 0.129890 0.172715 0.073283 0.078274 0.044363 0.061432 
0.005844 0.038109 0.213716 0.183011 0.173456 0.099209 0.091988 0.077565 0.056100 0.061001 
0.005071 0.029717 0.182897 0.193140 0.156648 0.164588 0.038349 0.087454 0.067485 0.074652 
0.001016 0.029313 0.218384 0.178681 0.167697 0.143171 0.045318 0.084157 0.069076 0.063186 
0.002301 0.027103 0.189929 0.192296 0.193236 0.137945 0.076004 0.056610 0.081192 0.043384 
0.006073 0.031728 0.175371 0.179938 0.199937 0.121507 0.079188 0.062762 0.099298 0.044198 
0.008428 0.043496 0.195873 0.165170 0.233497 0.079952 0.039855 0.112462 0.068580 0.052687 
0.003579 0.045043 0.191275 0.180055 0.269851 0.110132 0.073249 0.079501 0.024762 0.022553 
0.006155 0.052668 0.226034 0.175772 0.231596 0.114159 0.077076 0.052814 0.025380 0.038347 
0.002350 0.354565 0.291223 0.141270 0.051465 0.068499 0.034526 0.027965 0.013183 0.014954 
0.021558 0.246999 0.211782 0.148365 0.088933 0.103341 0.044590 0.065988 0.044628 0.023816 
0.037776 0.195211 0.182207 0.145847 0.087092 0.086478 0.087443 0.080206 0.049090 0.048650 
0.028320 0.151975 0.202765 0.168649 0.076142 0.070017 0.140670 0.081157 0.045165 0.035141 
0.025563 0.145874 0.171941 0.162617 0.144137 0.080835 0.125440 0.044951 0.071856 0.026785 
0.015231 0.182372 0.216622 0.192141 0.136050 0.081102 0.065598 0.037624 0.050314 0.022947 
0.002122 0.145324 0.213832 0.237147 0.138333 0.072508 0.068681 0.030087 0.046162 0.045805 
0.001027 0.089583 0.120927 0.281352 0.135714 0.032420 0.134801 0.060788 0.079910 0.063476 
0.007727 0.043299 0.134222 0.261195 0.171506 0.040111 0.149462 0.057036 0.083226 0.052215 
0.010470 0.138282 0.255567 0.193112 0.174202 0.032012 0.064962 0.018590 0.082189 0.030613 
0.005924 0.175504 0.274158 0.097389 0.134707 0.047537 0.103245 0.051035 0.069729 0.040771 
0.000918 0.173553 0.286972 0.105006 0.134049 0.048246 0.100949 0.035214 0.093740 0.021353 
0.022907 0.188672 0.239967 0.190753 0.117072 0.036863 0.068784 0.035670 0.064539 0.034773 
0.021857 0.255596 0.376010 0.122599 0.057529 0.044926 0.053928 0.015238 0.036580 0.015737 
0.018987 0.219880 0.200246 0.153834 0.172453 0.022910 0.128921 0.021420 0.033264 0.028083 
0.002820 0.156470 0.161286 0.213661 0.219660 0.031214 0.076175 0.029561 0.075053 0.034099 
0.006321 0.117179 0.119691 0.184576 0.129086 0.108346 0.112890 0.039326 0.144493 0.038093 
0.002051 0.041750 0.071044 0.223768 0.150431 0.108111 0.164642 0.054676 0.143198 0.040331 
0.000777 0.041129 0.098484 0.241069 0.089255 0.127834 0.215978 0.053560 0.071532 0.060382 
0.007228 0.169111 0.273751 0.132088 0.069118 0.064661 0.122833 0.030065 0.078790 0.052354 
0.005511 0.218241 0.310948 0.121336 0.069669 0.050803 0.091107 0.040581 0.043649 0.048154 
0.005950 0.209557 0.319761 0.135984 0.103931 0.029378 0.057838 0.029044 0.072533 0.036024 
0.019339 0.197601 0.282334 0.144127 0.143642 0.039051 0.059564 0.040122 0.050105 0.024115 
0.020775 0.173407 0.220821 0.135551 0.186108 0.020387 0.127401 0.046236 0.052083 0.017231 
0.031898 0.166443 0.236746 0.188768 0.171272 0.027484 0.055753 0.025526 0.071029 0.025082 
0.024316 0.197792 0.258805 0.107692 0.192522 0.062596 0.063260 0.021237 0.046645 0.025135 
0.014646 0.251998 0.129161 0.156790 0.140497 0.077682 0.113851 0.017469 0.057098 0.040807 
0.009879 0.134341 0.032585 0.205492 0.291817 0.094597 0.096458 0.043878 0.040170 0.050783 
0.000159 0.085876 0.067795 0.172015 0.218437 0.086619 0.169593 0.077694 0.085873 0.035939 
0.003180 0.135591 0.336357 0.137975 0.137236 0.053483 0.109336 0.022977 0.038524 0.025342 
0.030254 0.177467 0.216421 0.176904 0.110765 0.057521 0.075627 0.030528 0.097412 0.027103 
0.025571 0.156157 0.233402 0.135464 0.167553 0.049213 0.112804 0.036565 0.070295 0.012975 
0.007377 0.215187 0.268871 0.149698 0.180512 0.043133 0.069082 0.016660 0.027795 0.021686 
0.003773 0.221382 0.230055 0.128779 0.183163 0.032377 0.081647 0.022166 0.071975 0.024683 
0.000230 0.229885 0.251883 0.139346 0.154827 0.049394 0.071975 0.021131 0.060236 0.021094 
0.012320 0.223250 0.226126 0.149054 0.159546 0.052462 0.098811 0.026882 0.041924 0.009625 
0.026738 0.149498 0.071646 0.163866 0.263768 0.065533 0.097382 0.016925 0.112671 0.031973 
0.004450 0.029769 0.057322 0.168691 0.257970 0.094448 0.177739 0.048470 0.129472 0.031668 
0.007544 0.151615 0.346039 0.139151 0.071960 0.093490 0.068463 0.046360 0.057786 0.017592 
0.000981 0.268928 0.277928 0.091091 0.082090 0.077433 0.073793 0.032461 0.070527 0.024767 
0.025329 0.185384 0.159604 0.110545 0.113102 0.105941 0.135294 0.056097 0.074223 0.034481 
0.004651 0.131866 0.157190 0.120172 0.132953 0.095815 0.171741 0.083028 0.076070 0.026513 
0.000686 0.178596 0.156971 0.120638 0.075787 0.107369 0.156339 0.082739 0.071369 0.049504 
0.013014 0.194131 0.166745 0.118039 0.107434 0.133898 0.066884 0.081840 0.052274 0.065740 
0.001865 0.174189 0.125140 0.140611 0.148154 0.141971 0.137934 0.057221 0.028395 0.044521 
0.010365 0.238988 0.215241 0.115390 0.101310 0.124311 0.067737 0.049354 0.060884 0.016420 
0.005574 0.196725 0.183188 0.135562 0.096461 0.117727 0.128091 0.069548 0.054950 0.012174 
0.034782 0.288243 0.190088 0.112587 0.092061 0.039895 0.095317 0.034759 0.080272 0.031996 
0.002797 0.245572 0.242093 0.108349 0.078847 0.091283 0.071133 0.032253 0.061026 0.066647 
0.004700 0.248631 0.271858 0.057910 0.051549 0.138847 0.075026 0.037941 0.048081 0.065457 
0.007373 0.238219 0.260630 0.080716 0.054373 0.072988 0.068766 0.041602 0.040357 0.134976 
0.035982 0.323601 0.322834 0.099751 0.052875 0.036958 0.035545 0.030723 0.013679 0.048051 
0.052586 0.387614 0.185654 0.134512 0.070711 0.037352 0.038957 0.020756 0.015125 0.056734 
0.033491 0.239194 0.260545 0.127449 0.070240 0.096708 0.039749 0.042118 0.020267 0.070239 
0.037413 0.190442 0.212680 0.177474 0.080459 0.127126 0.030487 0.037537 0.030698 0.075684 
0.010082 0.163398 0.245333 0.175869 0.090132 0.139498 0.071965 0.023965 0.028860 0.050898 
0.005233 0.204443 0.229853 0.152353 0.089717 0.147354 0.074194 0.037625 0.022805 0.036422 
0.005061 0.134580 0.209136 0.154937 0.183599 0.103500 0.096224 0.042935 0.021531 0.048497 
0.003940 0.062404 0.107741 0.130687 0.271713 0.174003 0.105669 0.084862 0.024062 0.034920 
0.000521 0.028638 0.100114 0.133726 0.236609 0.152514 0.122659 0.114677 0.054056 0.056486 
0.006151 0.031516 0.093967 0.127728 0.222770 0.149065 0.119916 0.120880 0.049449 0.078558 
0.006805 0.203882 0.288751 0.117081 0.138086 0.055547 0.049005 0.086208 0.012990 0.041642 
0.007650 0.179097 0.273774 0.133984 0.114705 0.088913 0.052052 0.088181 0.026276 0.035369 
0.000972 0.210166 0.315803 0.141654 0.077365 0.072485 0.078212 0.048579 0.016383 0.038381 
0.000770 0.317421 0.367931 0.109471 0.060607 0.047347 0.044757 0.026530 0.012399 0.012767 
0.002131 0.234912 0.281701 0.181036 0.113333 0.046941 0.065437 0.028455 0.014675 0.031380 
0.015048 0.173920 0.185448 0.191111 0.164038 0.060998 0.097758 0.050481 0.021413 0.039785 
0.013819 0.097633 0.123938 0.115716 0.239779 0.144950 0.092708 0.079923 0.038050 0.053485 
0.001089 0.036409 0.104888 0.122932 0.256421 0.131326 0.148059 0.119159 0.016193 0.063524 
0.002711 0.033055 0.095883 0.147137 0.225803 0.157628 0.156888 0.097806 0.019178 0.063911 
0.009431 0.167347 0.243844 0.131795 0.153735 0.086604 0.078898 0.079280 0.016977 0.032091 
0.018145 0.202395 0.298973 0.124198 0.130566 0.064337 0.072254 0.052316 0.017597 0.019219 
0.041913 0.224972 0.361051 0.109457 0.053467 0.061330 0.071915 0.039906 0.018384 0.017604 
0.043270 0.250561 0.333908 0.122819 0.054585 0.045723 0.092275 0.032342 0.008266 0.016250 
0.030921 0.241485 0.337240 0.121994 0.053521 0.033210 0.074558 0.056521 0.025971 0.024578 
0.030028 0.207820 0.302848 0.132584 0.114916 0.037060 0.085918 0.046090 0.020054 0.022681 
0.033938 0.198666 0.442178 0.109148 0.075776 0.027546 0.043416 0.041948 0.014603 0.012782 
0.009595 0.331251 0.204852 0.100997 0.125026 0.043816 0.086135 0.043029 0.019572 0.035727 
0.038134 0.166578 0.209279 0.105418 0.159724 0.079322 0.108640 0.073557 0.019526 0.039823 
0.019312 0.169533 0.217578 0.089749 0.158245 0.090441 0.068883 0.102059 0.038058 0.046141 
0.011350 0.178942 0.234817 0.068693 0.186503 0.100492 0.069595 0.092309 0.017173 0.040125 
0.021585 0.134502 0.234541 0.102814 0.131059 0.128158 0.102536 0.084147 0.016088 0.044570 
0.027863 0.153027 0.246229 0.097839 0.151860 0.127070 0.099942 0.036643 0.011485 0.048042 
0.007774 0.185274 0.293971 0.167533 0.094504 0.090988 0.067161 0.052021 0.016792 0.023983 
0.005940 0.188828 0.289951 0.175155 0.050796 0.068278 0.139838 0.042033 0.011065 0.028117 
0.014954 0.208350 0.259602 0.194692 0.052316 0.063942 0.089448 0.069650 0.017942 0.029105 
0.014754 0.180249 0.231033 0.221468 0.084492 0.072236 0.103730 0.043984 0.017315 0.030738 
0.019375 0.262005 0.254440 0.129586 0.078646 0.060718 0.145219 0.013822 0.012751 0.023438 
0.019477 0.218705 0.294452 0.169002 0.087540 0.037564 0.100623 0.025958 0.018651 0.028028 
0.000725 0.166312 0.346649 0.116952 0.046922 0.130641 0.130856 0.029340 0.017161 0.014444 
0.004565 0.204364 0.293368 0.040866 0.054783 0.202728 0.149239 0.023313 0.010668 0.016105 
0.010318 0.140294 0.168664 0.088020 0.089398 0.278778 0.142386 0.046118 0.014800 0.021224 
0.022038 0.118082 0.236675 0.062300 0.062542 0.197745 0.175379 0.059721 0.034801 0.030718 
0.022016 0.113347 0.206191 0.090845 0.057032 0.196995 0.193650 0.045058 0.020251 0.054615 
0.005546 0.102146 0.130166 0.110823 0.099188 0.179756 0.221271 0.071062 0.027253 0.052789 
0.006822 0.074594 0.227642 0.078995 0.075207 0.153369 0.180798 0.092144 0.075426 0.035002 
0.006047 0.106574 0.159218 0.057320 0.072818 0.239110 0.178793 0.077741 0.069115 0.033264 
0.017852 0.105401 0.182171 0.040960 0.091492 0.275108 0.155135 0.069787 0.033846 0.028249 
0.022484 0.107587 0.229087 0.074371 0.114029 0.183241 0.045461 0.077472 0.070121 0.076147 
0.002350 0.105150 0.160709 0.094273 0.076995 0.231758 0.142133 0.083099 0.024862 0.078669 
0.002464 0.062291 0.160351 0.089748 0.063078 0.334451 0.151351 0.062858 0.028839 0.044568 
0.007903 0.103839 0.134759 0.094046 0.108979 0.118403 0.328081 0.045198 0.022676 0.036115 
0.016923 0.125093 0.214373 0.067106 0.063451 0.080912 0.358103 0.033688 0.018052 0.022298 
0.017068 0.259034 0.201518 0.056601 0.034351 0.050943 0.288171 0.036074 0.025171 0.031068 
0.003173 0.171884 0.170389 0.053555 0.087039 0.092266 0.302707 0.056526 0.051335 0.011126 
0.001404 0.160613 0.129380 0.072294 0.090918 0.085867 0.363639 0.040122 0.028588 0.027175 
0.006516 0.165532 0.210287 0.105884 0.094920 0.058645 0.223625 0.053580 0.044154 0.036858 
0.018332 0.124650 0.115903 0.065062 0.094524 0.213898 0.237645 0.052190 0.054936 0.022861 
0.002258 0.103096 0.151549 0.075870 0.136548 0.284839 0.141799 0.051322 0.026452 0.026267 
0.000451 0.124365 0.188645 0.066069 0.238443 0.150896 0.112486 0.022794 0.033416 0.062435 
0.007624 0.097192 0.127172 0.059358 0.149123 0.300719 0.107141 0.051563 0.059404 0.040704 
0.000757 0.102343 0.107371 0.065420 0.156644 0.304458 0.082475 0.058847 0.046281 0.075403 
0.004358 0.149944 0.217402 0.119527 0.096796 0.256588 0.053167 0.020529 0.029961 0.051729 
0.012618 0.153251 0.168471 0.150238 0.113606 0.130677 0.089206 0.031585 0.085671 0.064676 
0.014955 0.138849 0.181714 0.131032 0.077344 0.130566 0.140601 0.036362 0.068603 0.079973 
0.000936 0.209988 0.285183 0.111093 0.094099 0.119760 0.075701 0.027127 0.026384 0.049729 
0.008923 0.225916 0.173683 0.037043 0.152553 0.219970 0.082543 0.028576 0.033995 0.036797 
0.003911 0.087952 0.076251 0.069756 0.200469 0.356111 0.085037 0.023818 0.034162 0.062533 
0.002801 0.088997 0.074316 0.092266 0.179769 0.349041 0.084071 0.031862 0.039048 0.057830 
0.000333 0.021264 0.073845 0.091735 0.150609 0.272230 0.114159 0.050465 0.115532 0.109828 
0.000333 0.040326 0.079915 0.100865 0.168952 0.288182 0.094016 0.040200 0.086226 0.100985 
0.002959 0.099543 0.283363 0.125849 0.074112 0.208632 0.085605 0.035054 0.043234 0.041650 
0.001147 0.127045 0.315296 0.088059 0.045565 0.216495 0.082195 0.027098 0.031657 0.065443 
0.009142 0.131525 0.214009 0.129979 0.114216 0.215092 0.078152 0.028310 0.056339 0.023238 
0.004507 0.121609 0.191936 0.139756 0.127802 0.222451 0.071205 0.021983 0.030002 0.068749 
0.003194 0.095283 0.230905 0.103518 0.094491 0.296264 0.059609 0.017947 0.023684 0.075104 
0.003376 0.087060 0.216393 0.102846 0.115755 0.292481 0.063732 0.028667 0.031923 0.057768 
0.010113 0.137338 0.157552 0.150233 0.151336 0.211639 0.030041 0.017296 0.039498 0.094955 
0.016933 0.280584 0.273118 0.085422 0.087497 0.087050 0.029359 0.040988 0.040517 0.058531 
0.024749 0.184994 0.095344 0.085047 0.118650 0.230551 0.051824 0.070610 0.055590 0.082640 
0.017554 0.075950 0.076156 0.099283 0.118729 0.347132 0.064566 0.103026 0.048568 0.049037 
0.012421 0.045090 0.282684 0.163366 0.078546 0.189544 0.057785 0.056329 0.056483 0.057752 
0.002797 0.026361 0.137889 0.112817 0.093739 0.380719 0.074149 0.067687 0.047099 0.056743 
0.004782 0.019931 0.094777 0.110173 0.164592 0.370194 0.066757 0.074281 0.028839 0.065673 
0.014926 0.132829 0.144706 0.125616 0.126288 0.204325 0.057132 0.103741 0.047100 0.043337 
0.016895 0.159740 0.125841 0.137125 0.156583 0.155089 0.046135 0.110400 0.026343 0.065849 
0.002325 0.139016 0.183419 0.163299 0.183295 0.162413 0.044032 0.051211 0.023079 0.047912 
0.002936 0.150266 0.167082 0.153033 0.102015 0.222660 0.064051 0.066222 0.010710 0.061025 
0.017957 0.088987 0.077640 0.083252 0.161070 0.251336 0.060824 0.112565 0.044279 0.102089 
0.005030 0.025814 0.078825 0.061695 0.271530 0.250135 0.066115 0.103610 0.022110 0.115137 
0.019936 0.135882 0.165750 0.171400 0.140674 0.209743 0.046783 0.052846 0.016159 0.040827 
0.009534 0.224769 0.234971 0.118265 0.089987 0.139752 0.053947 0.052186 0.029183 0.047408 
0.014978 0.173600 0.075868 0.124697 0.129900 0.280323 0.069146 0.051146 0.022341 0.058000 
0.002656 0.162635 0.119818 0.128747 0.152470 0.173602 0.071083 0.099712 0.030401 0.058876 
0.004507 0.089971 0.056952 0.087099 0.196852 0.240757 0.093334 0.113426 0.042884 0.074216 
0.004637 0.033631 0.038779 0.037850 0.228962 0.359542 0.069097 0.081404 0.061164 0.084934 
0.003967 0.024426 0.036358 0.032237 0.220989 0.334190 0.048238 0.148993 0.091596 0.059007 
0.009079 0.113439 0.118530 0.120024 0.155073 0.250530 0.053052 0.088745 0.040174 0.051354 
0.003686 0.107712 0.166123 0.113224 0.088809 0.334439 0.055937 0.045232 0.033241 0.051596 
0.000772 0.143550 0.198821 0.156121 0.051844 0.212357 0.059442 0.064217 0.045265 0.067611 
0.011976 0.101305 0.131347 0.098381 0.111945 0.356062 0.062075 0.067039 0.035806 0.024064 
