Dangerous Woman, Arianna Grande
0.000000 0.000000 0.000000 0.000000 0.000000 0.000000 0.000000 0.000000 0.000000 0.000000 
0.000000 0.000000 0.000000 0.000000 0.000000 0.000000 0.000000 0.000000 0.000000 0.000000 
0.000000 0.000000 0.000000 0.000000 0.000000 0.000000 0.000000 0.000000 0.000000 0.000000 
0.000000 0.000000 0.000000 0.000000 0.000000 0.000000 0.000000 0.000000 0.000000 0.000000 
0.000000 0.000000 0.000000 0.000000 0.000000 0.000000 0.000000 0.000000 0.000000 0.000000 
0.000000 0.000000 0.000000 0.000000 0.000000 0.000000 0.000000 0.000000 0.000000 0.000000 
0.000000 0.000000 0.000000 0.000000 0.000000 0.000000 0.000000 0.000000 0.000000 0.000000 
0.000000 0.000000 0.000000 0.000000 0.000000 0.000000 0.000000 0.000000 0.000000 0.000000 
0.000000 0.000000 0.000000 0.000000 0.000000 0.000000 0.000000 0.000000 0.000000 0.000000 
0.000000 0.000000 0.000000 0.000000 0.000000 0.000000 0.000000 0.000000 0.000000 0.000000 
0.000000 0.000000 0.000000 0.000000 0.000000 0.000000 0.000000 0.000000 0.000000 0.000000 
0.000000 0.000000 0.000000 0.000000 0.000000 0.000000 0.000000 0.000000 0.000000 0.000000 
0.157006 0.157300 0.069574 0.053420 0.067745 0.084976 0.123375 0.171890 0.066692 0.048023 
0.134718 0.151467 0.058681 0.037367 0.085758 0.060462 0.125915 0.186982 0.067520 0.091129 
0.190149 0.016689 0.018847 0.023130 0.041281 0.030674 0.050537 0.369608 0.223739 0.035346 
0.146322 0.011726 0.021753 0.015503 0.045848 0.036597 0.090253 0.294728 0.261030 0.076238 
0.129067 0.017077 0.024358 0.035152 0.061081 0.062173 0.120350 0.260257 0.157655 0.132829 
0.052098 0.005152 0.008410 0.021291 0.052054 0.064155 0.124263 0.295558 0.153411 0.223608 
0.033322 0.010155 0.014550 0.029324 0.043804 0.091194 0.280358 0.156951 0.213803 0.126539 
0.019539 0.010878 0.014389 0.021101 0.096439 0.120964 0.271304 0.105355 0.210426 0.129606 
0.021579 0.013507 0.020293 0.026562 0.088980 0.081057 0.171741 0.198634 0.222103 0.155545 
0.015640 0.003945 0.023277 0.044430 0.063335 0.140926 0.150481 0.209175 0.243288 0.105502 
0.009702 0.004508 0.024836 0.045750 0.126277 0.078017 0.192087 0.227366 0.236987 0.054469 
0.007335 0.003753 0.027036 0.064430 0.115186 0.096459 0.167785 0.198811 0.157550 0.161657 
0.005432 0.003003 0.033163 0.096354 0.112879 0.109302 0.156131 0.209129 0.140304 0.134303 
0.005269 0.011068 0.031808 0.063144 0.215373 0.132360 0.180010 0.161594 0.124525 0.074849 
0.000008 0.006539 0.028453 0.067823 0.115015 0.153148 0.208620 0.232149 0.124867 0.063379 
0.000390 0.006925 0.022155 0.056744 0.239963 0.097822 0.233865 0.203555 0.085229 0.053353 
0.002498 0.009434 0.016397 0.044805 0.195504 0.110661 0.249182 0.067078 0.235550 0.068890 
0.003479 0.014002 0.018261 0.055318 0.145130 0.121627 0.225760 0.074429 0.256462 0.085532 
0.001280 0.002792 0.006695 0.034701 0.096125 0.021516 0.260905 0.078643 0.264092 0.233250 
0.000677 0.002446 0.012302 0.033050 0.071078 0.071840 0.316158 0.121575 0.151984 0.218891 
0.005839 0.024584 0.036945 0.054129 0.049395 0.110250 0.296528 0.140748 0.063077 0.218506 
0.005496 0.022565 0.030693 0.039065 0.067215 0.062758 0.230618 0.265640 0.104358 0.171592 
0.001236 0.006687 0.008720 0.038961 0.106773 0.094572 0.194766 0.297602 0.144133 0.106551 
0.000377 0.007626 0.015428 0.020851 0.088320 0.154784 0.140997 0.379959 0.116844 0.074815 
0.003514 0.017206 0.023589 0.027227 0.110777 0.256132 0.109075 0.238842 0.137234 0.076402 
0.000601 0.019158 0.015853 0.026790 0.151482 0.174481 0.102583 0.222040 0.208386 0.078626 
0.000292 0.023562 0.026235 0.034068 0.130354 0.070145 0.074409 0.122975 0.423117 0.094844 
0.000927 0.022082 0.037275 0.025720 0.122395 0.042720 0.062986 0.090441 0.482144 0.113309 
0.003834 0.041590 0.477844 0.137461 0.080469 0.052327 0.042590 0.044515 0.103067 0.016304 
0.009012 0.061366 0.595042 0.074151 0.035614 0.041324 0.026920 0.039851 0.090655 0.026065 
0.018697 0.075181 0.271431 0.135766 0.174487 0.064832 0.056790 0.056415 0.091035 0.055366 
0.022814 0.484591 0.264516 0.057081 0.035364 0.029703 0.030257 0.018779 0.034520 0.022376 
0.071650 0.641039 0.090590 0.018364 0.021575 0.038644 0.027593 0.017129 0.040580 0.032836 
0.036916 0.660035 0.082979 0.034000 0.034574 0.043466 0.026736 0.021382 0.036995 0.022917 
0.004172 0.587891 0.111223 0.029854 0.069896 0.059618 0.045044 0.030306 0.040659 0.021337 
0.029702 0.572194 0.085243 0.044856 0.075286 0.074089 0.022310 0.031884 0.050590 0.013847 
0.008715 0.499102 0.109470 0.039671 0.103690 0.085253 0.028729 0.032213 0.056635 0.036523 
0.051328 0.455955 0.117970 0.042442 0.041111 0.059140 0.021896 0.035104 0.139507 0.035546 
0.003733 0.504611 0.067883 0.023588 0.052693 0.094520 0.026567 0.054723 0.116128 0.055554 
0.020762 0.298147 0.123377 0.050219 0.058999 0.120019 0.037375 0.066351 0.190874 0.033876 
0.011722 0.140378 0.042668 0.046747 0.041513 0.104659 0.086194 0.132788 0.190567 0.202764 
0.030317 0.145220 0.079268 0.098723 0.069871 0.142301 0.085923 0.098529 0.139972 0.109877 
0.014123 0.179691 0.076911 0.063187 0.040510 0.161504 0.092516 0.110867 0.140926 0.119765 
0.015717 0.204562 0.045005 0.032350 0.076817 0.181951 0.042631 0.108969 0.219058 0.072940 
0.040498 0.130288 0.061389 0.053767 0.075709 0.260866 0.050573 0.136695 0.124976 0.065240 
0.016844 0.048773 0.031082 0.041046 0.114657 0.215786 0.059758 0.131005 0.253600 0.087449 
0.021575 0.028083 0.034379 0.044829 0.145802 0.180500 0.056496 0.172341 0.183890 0.132106 
0.004315 0.035764 0.031921 0.057450 0.135877 0.138308 0.091225 0.147718 0.283564 0.073858 
0.010157 0.016053 0.031243 0.050845 0.148245 0.140966 0.047813 0.152166 0.346168 0.056345 
0.011216 0.021102 0.035133 0.059318 0.114382 0.084962 0.039515 0.105365 0.414225 0.114781 
0.001003 0.074934 0.127949 0.062691 0.054582 0.071008 0.105665 0.136498 0.170199 0.195469 
0.000653 0.150996 0.122454 0.053307 0.053631 0.061100 0.092997 0.106728 0.186524 0.171610 
0.003425 0.139503 0.230740 0.048361 0.051707 0.063246 0.071871 0.107561 0.145237 0.138349 
0.001686 0.212150 0.188231 0.053381 0.074354 0.083762 0.081031 0.091951 0.102365 0.111090 
0.004432 0.150260 0.131310 0.097468 0.100119 0.149286 0.062502 0.054308 0.169782 0.080534 
0.008330 0.100815 0.135690 0.090311 0.064878 0.154192 0.056276 0.066926 0.221694 0.100888 
0.003847 0.024138 0.063776 0.064005 0.083136 0.259503 0.081126 0.098056 0.235053 0.087359 
0.000017 0.019302 0.082610 0.078978 0.084075 0.268450 0.069628 0.083277 0.225258 0.088405 
0.002090 0.019662 0.042246 0.031278 0.093803 0.316299 0.045586 0.125071 0.266660 0.057305 
0.003688 0.011636 0.098396 0.107072 0.101737 0.171909 0.140607 0.202810 0.115211 0.046933 
0.003228 0.023499 0.086363 0.098352 0.186051 0.168811 0.094271 0.087805 0.130678 0.120944 
0.001465 0.037123 0.083118 0.029683 0.139246 0.049876 0.063251 0.142932 0.252538 0.200769 
0.003326 0.014005 0.020147 0.035876 0.140803 0.070948 0.040297 0.115156 0.453301 0.106143 
0.005190 0.019322 0.030446 0.034217 0.176937 0.069516 0.063899 0.138449 0.412243 0.049782 
0.001093 0.020374 0.023914 0.028876 0.096131 0.151636 0.044424 0.180328 0.372663 0.080561 
0.002892 0.030328 0.038096 0.031949 0.079971 0.152072 0.107841 0.209582 0.242752 0.104517 
0.000127 0.030750 0.033716 0.046434 0.061411 0.057357 0.180586 0.190615 0.265711 0.133293 
0.001195 0.027960 0.026547 0.036908 0.088582 0.067028 0.174205 0.254792 0.228700 0.094082 
0.001055 0.022614 0.024231 0.034319 0.097063 0.110720 0.135487 0.268377 0.172977 0.133157 
0.043499 0.313485 0.319017 0.116064 0.074470 0.027505 0.025939 0.029400 0.033760 0.016859 
0.033817 0.551679 0.165551 0.034239 0.050653 0.026536 0.031032 0.035685 0.063601 0.007207 
0.000681 0.420821 0.210103 0.098599 0.066422 0.048529 0.049813 0.039454 0.043366 0.022211 
0.048284 0.592559 0.118479 0.055517 0.063612 0.019368 0.026960 0.026495 0.032702 0.016022 
0.084703 0.567063 0.126220 0.052641 0.040942 0.028312 0.029533 0.032767 0.029114 0.008705 
0.000792 0.648396 0.122071 0.032737 0.022232 0.013808 0.022762 0.063701 0.045804 0.027697 
0.019598 0.631529 0.120380 0.023511 0.019730 0.028581 0.041172 0.059082 0.030103 0.026313 
0.034312 0.489396 0.134625 0.056080 0.033166 0.056409 0.032368 0.079704 0.053027 0.030913 
0.000646 0.483855 0.091676 0.030032 0.034102 0.116530 0.063313 0.093732 0.052624 0.033491 
0.016404 0.228082 0.061186 0.028855 0.038271 0.119561 0.056318 0.113329 0.221199 0.116795 
0.000300 0.065690 0.042943 0.049340 0.061216 0.140510 0.071450 0.319142 0.150384 0.099024 
0.000790 0.045912 0.034038 0.053244 0.103530 0.222828 0.050301 0.334282 0.085414 0.069660 
0.000732 0.046623 0.033678 0.072552 0.117692 0.213361 0.052149 0.369384 0.045804 0.048026 
0.011334 0.050573 0.032838 0.064877 0.126764 0.214183 0.076268 0.322329 0.040936 0.059898 
0.000102 0.043494 0.023907 0.020366 0.043608 0.169322 0.126202 0.139668 0.369708 0.063622 
0.006810 0.020898 0.017565 0.016970 0.046814 0.199613 0.065762 0.167003 0.414193 0.044371 
0.010972 0.041709 0.029151 0.035658 0.098882 0.166375 0.098913 0.171433 0.234045 0.112861 
0.002285 0.014356 0.028753 0.025624 0.089545 0.178361 0.098703 0.155409 0.291347 0.115617 
0.006756 0.029260 0.038634 0.048127 0.069175 0.065297 0.162302 0.188118 0.304088 0.088243 
0.030786 0.191798 0.309903 0.149650 0.080251 0.058497 0.028930 0.067113 0.045088 0.037983 
0.026519 0.314826 0.418983 0.061958 0.051850 0.028149 0.025973 0.034651 0.022000 0.015091 
0.015572 0.517303 0.182096 0.073300 0.047716 0.033778 0.031309 0.058144 0.021432 0.019350 
0.012958 0.567931 0.162403 0.032437 0.026784 0.070310 0.026938 0.041296 0.045417 0.013527 
0.022912 0.461257 0.168555 0.041721 0.023392 0.091160 0.043041 0.060499 0.078675 0.008789 
0.031729 0.315173 0.227031 0.066000 0.035498 0.133217 0.019846 0.064066 0.100605 0.006835 
0.016323 0.312073 0.188956 0.046477 0.038266 0.111479 0.079129 0.070534 0.107666 0.029098 
0.032518 0.273265 0.226078 0.047606 0.043921 0.057164 0.041507 0.046454 0.179738 0.051749 
0.043734 0.250435 0.188481 0.045694 0.029777 0.086361 0.038762 0.068879 0.199866 0.048013 
0.028397 0.187702 0.194992 0.050961 0.050628 0.093439 0.036719 0.074021 0.231208 0.051932 
0.002833 0.069817 0.078944 0.081838 0.038123 0.056188 0.114974 0.108451 0.221749 0.227082 
0.006314 0.101095 0.106262 0.069336 0.094497 0.072103 0.090337 0.147419 0.164816 0.147820 
0.010076 0.129229 0.086470 0.080735 0.072713 0.081818 0.114657 0.100034 0.210583 0.113684 
0.054265 0.079196 0.034212 0.057172 0.081633 0.152572 0.111946 0.053803 0.276195 0.099008 
0.021007 0.044906 0.024934 0.056521 0.069142 0.172898 0.101282 0.108576 0.306002 0.094732 
0.016890 0.061516 0.035144 0.064224 0.097744 0.124386 0.076125 0.083753 0.377127 0.063091 
0.010598 0.068894 0.031525 0.117719 0.090503 0.053898 0.094365 0.100341 0.329036 0.103122 
0.001230 0.047295 0.038052 0.104976 0.099517 0.114271 0.169798 0.085255 0.176046 0.163560 
0.002496 0.019537 0.022898 0.059468 0.073644 0.200732 0.146293 0.043428 0.303901 0.127603 
0.002587 0.015098 0.071195 0.116473 0.135619 0.220460 0.166261 0.066204 0.148329 0.057774 
0.003808 0.069459 0.114278 0.046594 0.059604 0.100416 0.129428 0.132544 0.155477 0.188391 
0.003568 0.090975 0.156923 0.066931 0.042811 0.090195 0.060015 0.113933 0.215058 0.159590 
0.027417 0.134440 0.203882 0.051439 0.042571 0.056558 0.116950 0.096728 0.141234 0.128780 
0.030848 0.155397 0.111760 0.044345 0.036179 0.073802 0.187989 0.079760 0.177646 0.102273 
0.017052 0.103272 0.118202 0.061914 0.066096 0.202293 0.154828 0.055463 0.124176 0.096702 
0.001339 0.092742 0.087851 0.075307 0.043378 0.214218 0.175705 0.083224 0.113228 0.113008 
0.001772 0.010119 0.050996 0.041978 0.056226 0.108997 0.207495 0.243699 0.175637 0.103080 
0.005500 0.021107 0.046780 0.069120 0.047748 0.056222 0.135798 0.207443 0.288880 0.121403 
0.006671 0.025314 0.031270 0.057335 0.061650 0.140243 0.171368 0.053264 0.323033 0.129853 
0.005246 0.016391 0.086906 0.084997 0.061163 0.161736 0.098573 0.124734 0.280307 0.079948 
0.008263 0.030363 0.063364 0.081760 0.130904 0.094190 0.042737 0.113851 0.289716 0.144852 
0.007831 0.024033 0.055899 0.057601 0.116460 0.121325 0.068426 0.176279 0.297441 0.074704 
0.000826 0.014242 0.016844 0.038093 0.105725 0.139480 0.044309 0.172389 0.338835 0.129256 
0.006139 0.020086 0.025703 0.035404 0.082340 0.129758 0.093610 0.134367 0.390563 0.082031 
0.000644 0.014477 0.010779 0.055870 0.049743 0.256965 0.069960 0.035086 0.442831 0.063646 
0.006216 0.011687 0.017369 0.045431 0.059721 0.206790 0.102986 0.068172 0.395481 0.086147 
0.008364 0.039188 0.025559 0.054587 0.095016 0.091880 0.122269 0.125788 0.392560 0.044789 
0.013526 0.037596 0.017832 0.050376 0.122890 0.082535 0.158222 0.079946 0.371633 0.065444 
0.006600 0.019064 0.027175 0.044163 0.082139 0.091876 0.126198 0.080021 0.437474 0.085289 
0.006782 0.023615 0.018865 0.056569 0.080703 0.150771 0.091628 0.261606 0.217560 0.091900 
0.006137 0.024124 0.025907 0.084893 0.072062 0.247121 0.057714 0.335923 0.087572 0.058546 
0.000713 0.016017 0.021908 0.045507 0.094786 0.245383 0.048713 0.358920 0.098820 0.069233 
0.004633 0.012322 0.010058 0.035166 0.090099 0.252049 0.096425 0.367053 0.064885 0.067309 
0.006710 0.014962 0.011695 0.048841 0.083684 0.250786 0.083969 0.221302 0.227989 0.050062 
0.003456 0.132681 0.069775 0.044446 0.088787 0.063425 0.076004 0.105348 0.324193 0.091886 
0.016353 0.051469 0.038428 0.051540 0.066396 0.127554 0.090988 0.076384 0.386023 0.094865 
0.021250 0.027028 0.028082 0.032798 0.037275 0.229215 0.143884 0.061037 0.310725 0.108705 
0.004698 0.024929 0.012995 0.023345 0.043411 0.183210 0.148191 0.134863 0.342285 0.082074 
0.021376 0.099468 0.188161 0.153930 0.122472 0.129372 0.067804 0.089339 0.099300 0.028778 
0.020726 0.325812 0.473252 0.067287 0.040557 0.016029 0.021733 0.011881 0.015911 0.006811 
0.027643 0.607812 0.226122 0.024505 0.037856 0.010550 0.025336 0.010243 0.025193 0.004740 
0.057047 0.577729 0.182467 0.023438 0.054694 0.014271 0.027119 0.014282 0.042738 0.006216 
0.018876 0.519604 0.201763 0.032498 0.080471 0.017161 0.036095 0.027456 0.055455 0.010621 
0.064112 0.408803 0.179385 0.024319 0.132493 0.037057 0.039466 0.030954 0.060361 0.023051 
0.025631 0.322070 0.251768 0.046401 0.143693 0.042430 0.047054 0.039647 0.054740 0.026565 
0.058873 0.319215 0.189959 0.051264 0.174450 0.019051 0.058333 0.047589 0.071590 0.009676 
0.003319 0.293201 0.127632 0.035462 0.263372 0.080365 0.062142 0.037835 0.061656 0.035016 
0.000280 0.170516 0.166972 0.044347 0.223794 0.072054 0.049141 0.074931 0.144775 0.053190 
0.001912 0.121598 0.416820 0.243354 0.080177 0.017979 0.034346 0.031540 0.033581 0.018694 
0.035178 0.507063 0.306285 0.056445 0.024426 0.021720 0.012841 0.012604 0.012600 0.010838 
0.133278 0.660510 0.114020 0.028355 0.018636 0.015191 0.005716 0.009806 0.006404 0.008083 
0.076697 0.562271 0.164793 0.052097 0.042979 0.032212 0.020190 0.019570 0.015935 0.013257 
0.034251 0.628472 0.156581 0.053197 0.046074 0.017963 0.025003 0.016265 0.011625 0.010570 
0.034027 0.710886 0.154961 0.007561 0.018177 0.012632 0.021835 0.014379 0.016282 0.009261 
0.035981 0.671190 0.163191 0.021152 0.020071 0.016344 0.011553 0.022881 0.022553 0.015084 
0.018755 0.764131 0.093226 0.020115 0.018978 0.012561 0.016435 0.023636 0.016771 0.015391 
0.043165 0.707924 0.074171 0.014501 0.024863 0.009939 0.026945 0.046022 0.032489 0.019980 
0.024563 0.655968 0.060049 0.013454 0.036266 0.011376 0.036534 0.076973 0.053641 0.031175 
0.017676 0.221635 0.042351 0.056166 0.042088 0.039609 0.114103 0.068403 0.188888 0.209082 
0.007468 0.319685 0.063948 0.068585 0.047982 0.041909 0.124763 0.085679 0.133743 0.106238 
0.007799 0.329830 0.050343 0.048969 0.062117 0.061604 0.199483 0.062566 0.091848 0.085441 
0.041556 0.319746 0.034903 0.033788 0.075461 0.075230 0.232723 0.066284 0.083209 0.037099 
0.000152 0.280673 0.033128 0.028286 0.103736 0.063621 0.260360 0.079130 0.123758 0.027156 
0.004762 0.241422 0.033597 0.045214 0.105668 0.051853 0.244197 0.127571 0.126729 0.018988 
0.008943 0.236315 0.045570 0.025034 0.116062 0.058649 0.236556 0.148149 0.109903 0.014819 
0.006583 0.247208 0.034097 0.039225 0.130880 0.055483 0.196447 0.168907 0.073058 0.048113 
0.006572 0.061190 0.039053 0.047609 0.148249 0.085077 0.237267 0.269226 0.081856 0.023901 
0.008456 0.027984 0.114998 0.061357 0.114941 0.090776 0.065659 0.161441 0.127655 0.226733 
0.006095 0.097769 0.156175 0.086812 0.072136 0.038647 0.144058 0.081246 0.163433 0.153630 
0.031210 0.111384 0.133661 0.060986 0.055941 0.031016 0.109662 0.132952 0.182713 0.150475 
0.051419 0.129993 0.239807 0.038359 0.058467 0.043312 0.079697 0.136606 0.126000 0.096340 
0.037922 0.168077 0.133378 0.049545 0.067686 0.054471 0.109227 0.148666 0.096641 0.134386 
0.021711 0.076395 0.148905 0.079026 0.073058 0.043105 0.157087 0.241568 0.081601 0.077545 
0.003352 0.015642 0.024751 0.048424 0.089596 0.121774 0.126953 0.173057 0.128980 0.267472 
0.005153 0.016654 0.030829 0.101543 0.124076 0.222316 0.135713 0.086811 0.142154 0.134750 
0.006006 0.023347 0.036689 0.150906 0.109089 0.248940 0.173974 0.037931 0.116829 0.096287 
0.002242 0.007690 0.023213 0.152745 0.069977 0.284672 0.203153 0.088359 0.085996 0.081952 
0.007026 0.026270 0.079989 0.085228 0.076102 0.203476 0.146492 0.148772 0.128255 0.098390 
0.011422 0.032719 0.104149 0.112039 0.149630 0.163762 0.138525 0.054856 0.113654 0.119245 
0.003481 0.019638 0.042692 0.100994 0.108684 0.203036 0.128805 0.076622 0.188061 0.127987 
0.007401 0.027746 0.042108 0.073855 0.149672 0.084613 0.109509 0.136001 0.213795 0.155299 
0.004683 0.039356 0.066333 0.067789 0.115877 0.074140 0.166988 0.314606 0.104371 0.045857 
0.005869 0.015876 0.031413 0.046078 0.135206 0.058491 0.180123 0.285593 0.173201 0.068151 
0.015405 0.042948 0.034728 0.051756 0.077894 0.062873 0.157415 0.323646 0.180954 0.052384 
0.012675 0.069825 0.055170 0.039542 0.088058 0.066483 0.264891 0.178569 0.156190 0.068596 
0.031768 0.030418 0.049357 0.078002 0.136203 0.117876 0.163208 0.160105 0.177645 0.055417 
0.015689 0.059688 0.073741 0.088688 0.101587 0.105058 0.202605 0.174166 0.122556 0.056222 
0.009850 0.019156 0.027363 0.056199 0.092376 0.090883 0.183698 0.219795 0.145869 0.154811 
0.007514 0.050409 0.050953 0.040818 0.096408 0.034674 0.154104 0.270114 0.209468 0.085537 
0.020108 0.065262 0.028899 0.045278 0.123746 0.069884 0.087610 0.262972 0.176318 0.119923 
0.025589 0.036793 0.030238 0.036121 0.101664 0.079272 0.104948 0.290051 0.164085 0.131239 
0.012038 0.038374 0.035287 0.041261 0.127998 0.098480 0.170155 0.312206 0.132451 0.031750 
0.007572 0.039067 0.033604 0.052346 0.121612 0.053498 0.187243 0.217185 0.187998 0.099874 
0.000562 0.029197 0.037891 0.042864 0.122103 0.064751 0.193225 0.220917 0.216750 0.071741 
0.005209 0.030669 0.048210 0.065416 0.153883 0.047532 0.242604 0.096822 0.207097 0.102557 
0.007325 0.037219 0.039874 0.050272 0.135376 0.065694 0.079069 0.364906 0.159588 0.060677 
0.008594 0.042392 0.037587 0.096962 0.119543 0.046357 0.097100 0.135851 0.149864 0.265751 
0.019364 0.050137 0.064248 0.065091 0.120817 0.085485 0.108421 0.154360 0.171077 0.161000 
0.007416 0.074182 0.052900 0.054050 0.050744 0.050035 0.119591 0.248822 0.196904 0.145356 
0.006495 0.071282 0.036281 0.053685 0.087932 0.036507 0.127868 0.265756 0.145773 0.168423 
0.006282 0.018885 0.037302 0.057642 0.086360 0.046764 0.140445 0.286692 0.221527 0.098101 
0.003279 0.049795 0.029504 0.050157 0.086146 0.076077 0.147543 0.223872 0.190096 0.143532 
0.004930 0.009495 0.027472 0.078840 0.059433 0.156249 0.135998 0.191675 0.132093 0.203815 
0.006205 0.025706 0.037769 0.121873 0.052622 0.235140 0.137915 0.072591 0.188279 0.121899 
0.002007 0.009677 0.039251 0.182569 0.062706 0.310118 0.176865 0.069080 0.101558 0.046169 
0.005285 0.023199 0.038148 0.145824 0.056267 0.215960 0.140874 0.131296 0.124431 0.118718 
0.024589 0.197467 0.372938 0.195599 0.071836 0.021467 0.018492 0.038071 0.030570 0.028971 
0.027310 0.484860 0.200061 0.089540 0.047483 0.037512 0.035268 0.030080 0.032150 0.015737 
0.009941 0.486131 0.212482 0.078978 0.046981 0.038874 0.034433 0.029542 0.035543 0.027095 
0.042383 0.496867 0.137262 0.073367 0.053585 0.057090 0.024791 0.038692 0.039800 0.036164 
0.072005 0.613939 0.105150 0.035843 0.045686 0.051453 0.014150 0.022705 0.021198 0.017870 
0.013748 0.649620 0.146268 0.031655 0.055039 0.047882 0.012685 0.014399 0.012277 0.016427 
0.058197 0.688477 0.106632 0.016465 0.023238 0.019873 0.022689 0.029011 0.012846 0.022572 
0.048004 0.694296 0.077883 0.024110 0.022597 0.013470 0.019483 0.059380 0.024245 0.016531 
0.027567 0.680283 0.062619 0.014749 0.033676 0.017942 0.049550 0.044764 0.048616 0.020234 
0.003084 0.639473 0.024594 0.020587 0.043593 0.039358 0.112139 0.029556 0.047953 0.039663 
0.001433 0.232164 0.027776 0.067418 0.043050 0.037323 0.086814 0.099207 0.188073 0.216743 
0.004178 0.303055 0.068578 0.066777 0.057901 0.054854 0.075047 0.145781 0.126820 0.097009 
0.035213 0.400038 0.030838 0.060121 0.051401 0.040418 0.066911 0.113918 0.132661 0.068480 
0.038258 0.396945 0.030278 0.071803 0.072082 0.028054 0.078131 0.144484 0.099885 0.040081 
0.001550 0.244445 0.043802 0.041412 0.083290 0.070190 0.220653 0.145716 0.127127 0.021815 
0.004511 0.205166 0.028210 0.040570 0.087295 0.060599 0.213783 0.142872 0.182272 0.034720 
0.001900 0.201364 0.048401 0.042784 0.119593 0.047745 0.105681 0.253233 0.144433 0.034867 
0.003453 0.201918 0.051867 0.069866 0.120083 0.020335 0.068344 0.272322 0.108863 0.082950 
0.002326 0.054971 0.046389 0.046504 0.162406 0.027711 0.116094 0.273649 0.202737 0.067213 
0.012498 0.070194 0.080070 0.063296 0.063613 0.086241 0.144487 0.140560 0.128065 0.210977 
0.033068 0.085516 0.165845 0.065449 0.057728 0.061652 0.107481 0.113999 0.152777 0.156485 
0.029246 0.109162 0.187664 0.070875 0.056575 0.029978 0.082984 0.127994 0.200406 0.105115 
0.008856 0.130357 0.202516 0.112102 0.056613 0.074989 0.118626 0.121862 0.093675 0.080405 
0.000371 0.113737 0.105944 0.070094 0.087990 0.130143 0.096712 0.197181 0.111725 0.086104 
0.013042 0.054471 0.083568 0.101375 0.373904 0.098840 0.087376 0.052284 0.096759 0.038379 
0.006151 0.023444 0.042216 0.055906 0.488151 0.092810 0.052768 0.031272 0.169100 0.038182 
0.001928 0.005867 0.036129 0.044687 0.397170 0.102648 0.050542 0.032343 0.258365 0.070320 
0.008360 0.021130 0.028980 0.054225 0.230995 0.242359 0.050566 0.024964 0.153744 0.184677 
0.000459 0.022383 0.040760 0.069054 0.094527 0.368130 0.060490 0.047227 0.067169 0.229802 
0.012133 0.038099 0.161396 0.232411 0.112830 0.113378 0.044604 0.099849 0.075094 0.110204 
0.009350 0.125155 0.165232 0.226353 0.090095 0.098645 0.058240 0.059506 0.065973 0.101451 
0.012046 0.132089 0.132428 0.162646 0.070113 0.089569 0.066292 0.076365 0.073520 0.184931 
0.006593 0.155250 0.103960 0.165694 0.058567 0.086146 0.056233 0.064969 0.128709 0.173878 
0.009129 0.131690 0.160812 0.121347 0.085090 0.107982 0.036158 0.112767 0.075345 0.159682 
0.004779 0.061345 0.106351 0.097099 0.118681 0.039411 0.040641 0.084237 0.308158 0.139299 
0.002130 0.032661 0.117035 0.074084 0.189949 0.036005 0.041233 0.149228 0.312775 0.044900 
0.003629 0.021290 0.170102 0.126179 0.187760 0.048971 0.056107 0.255489 0.071456 0.059018 
0.011518 0.056788 0.141770 0.152701 0.226036 0.043944 0.085075 0.143132 0.053846 0.085191 
0.001070 0.077874 0.121425 0.144302 0.125052 0.079735 0.081468 0.171761 0.141721 0.055592 
0.011848 0.098095 0.151224 0.186324 0.083188 0.052371 0.079943 0.104749 0.079082 0.153177 
0.001648 0.041934 0.186112 0.165181 0.109445 0.111914 0.105484 0.083264 0.091161 0.103857 
0.006612 0.053384 0.138112 0.172619 0.090380 0.058419 0.090325 0.131959 0.081768 0.176420 
0.006319 0.020301 0.151574 0.170074 0.064123 0.073704 0.062111 0.202088 0.088819 0.160887 
0.005854 0.045639 0.103151 0.149435 0.075173 0.051927 0.053266 0.192310 0.120225 0.203018 
0.009921 0.037440 0.174006 0.153075 0.142077 0.046019 0.088345 0.115071 0.144590 0.089455 
0.000674 0.028663 0.190685 0.151653 0.141742 0.063932 0.101696 0.153436 0.102341 0.065176 
0.006183 0.026706 0.192253 0.269373 0.146463 0.043980 0.068435 0.084731 0.059331 0.102547 
0.013863 0.068718 0.190476 0.190436 0.109246 0.050971 0.109045 0.124927 0.087329 0.054989 
0.006713 0.025409 0.136728 0.164400 0.097801 0.036900 0.088152 0.141460 0.119313 0.183124 
0.004388 0.025662 0.193120 0.211692 0.124614 0.061465 0.070049 0.094402 0.141270 0.073340 
0.001580 0.010786 0.246752 0.229895 0.089985 0.059036 0.048112 0.079893 0.131325 0.102637 
0.002726 0.018495 0.201495 0.242352 0.083784 0.060761 0.065600 0.107844 0.079885 0.137058 
0.008785 0.041449 0.236500 0.177197 0.109557 0.050316 0.046038 0.107591 0.106763 0.115804 
0.001708 0.016700 0.107502 0.150146 0.079851 0.051473 0.102769 0.246687 0.121394 0.121772 
0.002304 0.014958 0.073603 0.061226 0.076703 0.177847 0.121161 0.194432 0.089035 0.188732 
0.022096 0.113359 0.264914 0.263056 0.087974 0.069344 0.055658 0.033404 0.049664 0.040531 
0.031011 0.518844 0.300937 0.054722 0.016631 0.022297 0.015341 0.010379 0.013322 0.016517 
0.075511 0.526087 0.204556 0.022285 0.023496 0.018237 0.027360 0.023244 0.032276 0.046949 
0.047162 0.390101 0.258288 0.107068 0.056926 0.046773 0.021235 0.033976 0.017669 0.020803 
0.031125 0.617263 0.141100 0.045412 0.017778 0.041034 0.024304 0.016447 0.026903 0.038633 
0.095955 0.568073 0.096189 0.037782 0.046938 0.056316 0.016961 0.026126 0.031676 0.023984 
0.047597 0.535051 0.141672 0.071063 0.049205 0.043757 0.045977 0.025966 0.021133 0.018579 
0.019961 0.560207 0.108403 0.071723 0.072956 0.079727 0.017946 0.029932 0.022895 0.016250 
0.013249 0.419847 0.107849 0.103696 0.091326 0.107666 0.053880 0.048701 0.029545 0.024241 
0.011831 0.091848 0.066255 0.133569 0.065714 0.078350 0.145424 0.173019 0.166439 0.067552 
0.013610 0.124499 0.041197 0.244843 0.073609 0.032513 0.214453 0.035768 0.032238 0.187269 
0.005005 0.091856 0.063315 0.449857 0.097503 0.046952 0.122574 0.046750 0.037833 0.038353 
0.006391 0.061572 0.090713 0.435932 0.093704 0.087923 0.062717 0.045955 0.046676 0.068417 
0.002224 0.030594 0.060518 0.500072 0.141304 0.061724 0.119712 0.021308 0.026368 0.036175 
0.000584 0.020263 0.046523 0.436461 0.177218 0.079945 0.161047 0.009855 0.027613 0.040490 
0.015976 0.037128 0.069236 0.423609 0.107486 0.025283 0.180580 0.072433 0.030907 0.037363 
0.002946 0.016278 0.034173 0.487647 0.102865 0.051953 0.185444 0.053932 0.025928 0.038833 
0.009900 0.058941 0.130500 0.414911 0.158311 0.064013 0.043712 0.032436 0.039825 0.047451 
0.002001 0.040803 0.152552 0.160826 0.222177 0.119996 0.116732 0.091488 0.044577 0.048847 
0.003273 0.010834 0.060769 0.267035 0.093194 0.038168 0.331808 0.065320 0.032383 0.097216 
0.010381 0.044388 0.071602 0.455326 0.067891 0.022780 0.178912 0.077532 0.015823 0.055364 
0.014107 0.058681 0.103446 0.537075 0.154404 0.044687 0.054593 0.010603 0.010570 0.011834 
0.011686 0.049758 0.087303 0.481949 0.148571 0.039915 0.062875 0.030254 0.039658 0.048032 
0.002574 0.014756 0.045526 0.412220 0.106261 0.046274 0.154960 0.100411 0.028148 0.088869 
0.009085 0.041609 0.067109 0.277351 0.065560 0.032191 0.284384 0.088858 0.033086 0.100766 
0.012571 0.040801 0.085493 0.315362 0.052847 0.030018 0.279967 0.058228 0.026845 0.097870 
0.021564 0.052774 0.235937 0.244096 0.056645 0.076860 0.107334 0.065342 0.054781 0.084666 
0.005449 0.071339 0.134068 0.213632 0.074661 0.094878 0.171747 0.070902 0.103806 0.059518 
0.005245 0.034443 0.036895 0.256644 0.086636 0.088517 0.219083 0.113832 0.097243 0.061463 
0.008628 0.035427 0.070911 0.367556 0.066918 0.202321 0.106864 0.072060 0.036714 0.032600 
0.009157 0.040011 0.094794 0.429082 0.084891 0.158769 0.045595 0.029251 0.097800 0.010650 
0.001641 0.016345 0.081956 0.488860 0.094288 0.126028 0.047101 0.043030 0.078288 0.022464 
0.002841 0.016003 0.082845 0.344238 0.096932 0.161945 0.066930 0.088787 0.074066 0.065412 
0.005629 0.023514 0.078715 0.414181 0.088763 0.030858 0.052001 0.058906 0.121074 0.126360 
0.002958 0.021074 0.060515 0.307825 0.075143 0.115843 0.063382 0.050818 0.195277 0.107165 
0.000739 0.022992 0.069117 0.131786 0.098642 0.166575 0.061603 0.063638 0.269364 0.115544 
0.001672 0.014260 0.080929 0.101274 0.143843 0.147431 0.063009 0.086370 0.274100 0.087114 
0.003518 0.033316 0.101892 0.084519 0.148181 0.101870 0.123937 0.148660 0.203028 0.051079 
0.004368 0.013724 0.089948 0.121534 0.110360 0.167364 0.126779 0.231586 0.097017 0.037321 
0.002127 0.004964 0.010755 0.238371 0.066854 0.068289 0.266563 0.064995 0.159968 0.117116 
0.004001 0.022567 0.042950 0.323789 0.147598 0.057524 0.164452 0.054643 0.058661 0.123815 
0.011527 0.061031 0.158331 0.348778 0.177483 0.055858 0.056905 0.052097 0.044528 0.033462 
0.020462 0.466371 0.252982 0.105027 0.042451 0.016531 0.019203 0.016649 0.050775 0.009550 
0.055409 0.500877 0.073971 0.114812 0.055222 0.013860 0.062843 0.015619 0.036786 0.070602 
0.032922 0.489023 0.046683 0.103524 0.054598 0.023863 0.096920 0.029097 0.018229 0.105142 
0.012534 0.383913 0.069946 0.154182 0.034090 0.020349 0.127812 0.035595 0.028625 0.132954 
0.024129 0.512392 0.120690 0.172105 0.045380 0.017376 0.036234 0.018089 0.037149 0.016455 
0.013257 0.463353 0.100009 0.096310 0.081414 0.067685 0.041820 0.024823 0.054732 0.056598 
0.013990 0.131165 0.045452 0.306449 0.112287 0.044109 0.202450 0.049874 0.029233 0.064992 
0.016020 0.190079 0.083488 0.285955 0.085656 0.055158 0.114031 0.050505 0.041304 0.077803 
0.004933 0.181200 0.088381 0.176992 0.037129 0.092305 0.115805 0.063607 0.148615 0.091033 
0.006423 0.075494 0.026785 0.100912 0.061657 0.111089 0.074274 0.239490 0.147366 0.156510 
0.003848 0.019350 0.037999 0.213427 0.129064 0.065789 0.257884 0.149917 0.047451 0.075270 
0.004435 0.015874 0.025852 0.198783 0.064487 0.093942 0.369281 0.144221 0.036383 0.046742 
0.004136 0.023556 0.031322 0.195714 0.050648 0.091592 0.345951 0.121043 0.030234 0.105804 
0.008590 0.031292 0.060464 0.241779 0.038262 0.059619 0.333852 0.082607 0.047890 0.095647 
0.004446 0.017847 0.077111 0.154904 0.064973 0.128079 0.166640 0.112209 0.206951 0.066839 
0.009393 0.035814 0.064434 0.204565 0.075714 0.126725 0.165569 0.079345 0.174645 0.063796 
0.003290 0.016477 0.146439 0.306090 0.168508 0.081118 0.114404 0.039436 0.073707 0.050531 
0.005578 0.025330 0.075327 0.393000 0.096050 0.235248 0.053185 0.020870 0.082635 0.012778 
0.012063 0.044537 0.097004 0.355850 0.042395 0.094579 0.062797 0.128900 0.084593 0.077282 
0.020062 0.278001 0.388350 0.136297 0.059399 0.034933 0.016059 0.041385 0.018074 0.007438 
0.014522 0.388580 0.262670 0.132690 0.045384 0.030093 0.028741 0.051769 0.020151 0.025400 
0.002049 0.361453 0.223331 0.101810 0.068145 0.066700 0.063390 0.053030 0.039428 0.020663 
0.030714 0.338227 0.223709 0.079492 0.054623 0.086509 0.040402 0.047390 0.068247 0.030687 
0.002124 0.342018 0.215137 0.037443 0.028907 0.129695 0.043584 0.059950 0.118006 0.023136 
0.014389 0.232140 0.174076 0.058508 0.052445 0.147263 0.101772 0.071200 0.117809 0.030397 
0.000468 0.082295 0.092491 0.095463 0.179842 0.244776 0.155776 0.063201 0.063967 0.021723 
0.021442 0.193698 0.177160 0.087403 0.106905 0.114986 0.059341 0.040969 0.148007 0.050088 
0.014998 0.116026 0.151041 0.145015 0.110110 0.116734 0.065052 0.083043 0.165307 0.032674 
0.001675 0.048179 0.106888 0.105314 0.134907 0.072229 0.119903 0.064669 0.165018 0.181217 
0.003723 0.018803 0.021419 0.248592 0.146419 0.028278 0.267826 0.157045 0.044704 0.063191 
0.008060 0.022324 0.032931 0.268557 0.078649 0.041300 0.320649 0.103069 0.041169 0.083292 
0.019338 0.067821 0.101401 0.271712 0.091367 0.104771 0.106685 0.077484 0.105261 0.054161 
0.002754 0.036503 0.032748 0.187107 0.091899 0.217906 0.142858 0.072039 0.152173 0.064013 
0.011072 0.029336 0.068908 0.227288 0.117467 0.173935 0.113940 0.045010 0.141202 0.071842 
0.000977 0.012039 0.055516 0.576327 0.134208 0.056396 0.104619 0.018142 0.020173 0.021603 
0.004428 0.019365 0.034328 0.251147 0.101865 0.041938 0.181890 0.072390 0.050867 0.241781 
0.007567 0.030834 0.051055 0.206315 0.060463 0.036210 0.216805 0.056603 0.044643 0.289504 
0.003011 0.011928 0.027331 0.284757 0.114783 0.071953 0.319029 0.057527 0.016817 0.092864 
0.010737 0.044702 0.068622 0.342984 0.084137 0.036336 0.183381 0.071371 0.055140 0.102591 
0.006982 0.032185 0.051915 0.241331 0.092934 0.014032 0.298720 0.081385 0.043908 0.136609 
0.002606 0.017822 0.045527 0.274581 0.070300 0.006889 0.292011 0.096371 0.026143 0.167750 
0.010605 0.029562 0.081430 0.542992 0.143196 0.038860 0.056258 0.038919 0.025574 0.032603 
0.010897 0.043578 0.074664 0.570630 0.144749 0.040558 0.043874 0.021410 0.021330 0.028309 
0.004023 0.015753 0.042824 0.526043 0.164158 0.048019 0.057298 0.054777 0.036887 0.050218 
0.006752 0.029368 0.044444 0.287782 0.479638 0.043349 0.037446 0.032445 0.020842 0.017934 
0.000708 0.007744 0.010069 0.031892 0.180717 0.160964 0.128176 0.076501 0.131454 0.271777 
0.000320 0.001005 0.003287 0.027548 0.057469 0.182824 0.067624 0.060389 0.104942 0.494593 
0.002420 0.009057 0.011225 0.033903 0.056536 0.160643 0.051536 0.062636 0.114760 0.497285 
0.005359 0.020551 0.071619 0.065034 0.057113 0.131464 0.068501 0.085053 0.207615 0.287690 
0.010073 0.038099 0.041067 0.040054 0.049458 0.156771 0.099004 0.131139 0.087273 0.347063 
0.000963 0.011742 0.016010 0.037530 0.100722 0.273523 0.127112 0.093736 0.219618 0.119044 
0.004927 0.017463 0.010444 0.042949 0.062959 0.210344 0.112125 0.110413 0.273507 0.154868 
0.004603 0.016456 0.019054 0.064013 0.058006 0.265911 0.052549 0.114113 0.320952 0.084344 
0.004047 0.015540 0.014401 0.088291 0.051667 0.317640 0.050610 0.064253 0.320576 0.072974 
0.002381 0.015411 0.016951 0.051413 0.106893 0.377246 0.097575 0.046518 0.189523 0.096089 
0.005680 0.013381 0.008201 0.040235 0.042614 0.378855 0.076507 0.063218 0.174778 0.196533 
0.004344 0.023723 0.031575 0.034404 0.028903 0.341384 0.069523 0.084802 0.161300 0.220041 
0.006705 0.030621 0.025146 0.038983 0.046294 0.408705 0.064702 0.061941 0.071320 0.245583 
0.002000 0.023362 0.031758 0.030384 0.041069 0.278196 0.062755 0.223664 0.134915 0.171896 
0.001874 0.008083 0.013941 0.024644 0.054469 0.361923 0.068201 0.281915 0.082514 0.102435 
0.003333 0.023061 0.028695 0.039931 0.074822 0.354501 0.078401 0.254569 0.056226 0.086461 
0.001282 0.020100 0.033792 0.039041 0.054496 0.420826 0.086507 0.166577 0.085144 0.092235 
0.006297 0.042549 0.022144 0.037671 0.025437 0.633985 0.043886 0.044804 0.087020 0.056207 
0.000275 0.015554 0.011460 0.034479 0.041807 0.576508 0.053314 0.053971 0.143649 0.068983 
0.009636 0.032083 0.048550 0.054427 0.062496 0.275429 0.293783 0.038820 0.085053 0.099723 
0.005004 0.015923 0.016263 0.040394 0.028014 0.148242 0.532824 0.049321 0.083201 0.080816 
0.007819 0.028579 0.029207 0.067684 0.087877 0.211484 0.096552 0.246923 0.146371 0.077504 
0.015563 0.225179 0.406234 0.108384 0.076963 0.040878 0.035360 0.026457 0.044838 0.020144 
0.034418 0.437733 0.277709 0.075109 0.053636 0.025228 0.033710 0.019644 0.026141 0.016673 
0.118704 0.489384 0.192536 0.041400 0.057287 0.019124 0.032936 0.006794 0.029791 0.012045 
0.030953 0.569814 0.153082 0.016993 0.075329 0.030154 0.042470 0.025326 0.045925 0.009954 
0.060032 0.433868 0.191889 0.035180 0.103577 0.043147 0.052415 0.018598 0.043340 0.017954 
0.026387 0.270589 0.255104 0.072254 0.163779 0.051577 0.068157 0.026179 0.054905 0.011070 
0.043152 0.287647 0.219507 0.047113 0.142124 0.083196 0.059317 0.031112 0.068328 0.018504 
0.000184 0.263945 0.134201 0.058910 0.192509 0.050304 0.116939 0.046819 0.089526 0.046662 
0.007284 0.126096 0.146868 0.081259 0.231983 0.073056 0.123282 0.086077 0.069539 0.054556 
0.009118 0.061969 0.130367 0.255174 0.227427 0.085502 0.095979 0.066685 0.026782 0.040996 
0.002814 0.335425 0.347105 0.129184 0.045666 0.039253 0.029724 0.025091 0.027599 0.018138 
0.032189 0.654799 0.188580 0.025235 0.023472 0.020834 0.011488 0.012183 0.016493 0.014726 
0.077342 0.665848 0.135370 0.012742 0.029884 0.027896 0.009267 0.011125 0.013700 0.016827 
0.003347 0.753271 0.103386 0.015534 0.036542 0.025629 0.011244 0.016345 0.014106 0.020595 
0.034643 0.518681 0.227357 0.053509 0.041441 0.029547 0.036609 0.017595 0.023487 0.017131 
0.005610 0.219326 0.069560 0.162764 0.158406 0.073534 0.173106 0.068568 0.040178 0.028949 
0.011925 0.133216 0.036764 0.142971 0.067031 0.042615 0.356494 0.101647 0.038996 0.068341 
0.009351 0.167995 0.015573 0.199756 0.051843 0.042947 0.327966 0.086949 0.039057 0.058563 
0.003103 0.308120 0.109660 0.216227 0.092059 0.046713 0.115913 0.044446 0.036822 0.026936 
0.001142 0.072334 0.068212 0.309566 0.083974 0.070029 0.240700 0.031060 0.064697 0.058286 
0.008041 0.066978 0.054523 0.242319 0.052846 0.029341 0.366106 0.062799 0.038729 0.078318 
0.004142 0.057785 0.054411 0.182561 0.021965 0.052790 0.433081 0.086390 0.050786 0.056089 
0.007510 0.230127 0.024707 0.133037 0.059332 0.047415 0.283864 0.060086 0.076195 0.077728 
0.004190 0.200306 0.035677 0.158090 0.062757 0.065220 0.261917 0.108192 0.082408 0.021243 
0.012117 0.080346 0.097326 0.200808 0.182465 0.173999 0.148202 0.070770 0.024850 0.009117 
0.004703 0.018784 0.105257 0.287189 0.126630 0.069889 0.174055 0.047435 0.070993 0.095065 
0.004886 0.024777 0.039361 0.244499 0.067417 0.012848 0.237557 0.043913 0.073966 0.250775 
0.006822 0.028937 0.047174 0.440341 0.067130 0.024721 0.195903 0.065195 0.034055 0.089724 
0.012759 0.055470 0.110698 0.558461 0.115384 0.039087 0.071820 0.009512 0.013523 0.013284 
0.005744 0.037526 0.071614 0.529808 0.044251 0.042598 0.088131 0.048138 0.057277 0.074913 
0.004732 0.026867 0.070793 0.201073 0.084964 0.031050 0.392315 0.072692 0.036638 0.078877 
0.006199 0.027648 0.043628 0.172323 0.039425 0.033110 0.418823 0.119527 0.057194 0.082124 
0.002816 0.022120 0.035960 0.186901 0.050223 0.046682 0.421062 0.102095 0.053641 0.078500 
0.001259 0.046475 0.123376 0.276379 0.066189 0.060427 0.188570 0.106565 0.060003 0.070757 
0.006939 0.042684 0.081650 0.150049 0.143994 0.078354 0.180364 0.133069 0.073930 0.108968 
0.007395 0.035151 0.104720 0.285361 0.073433 0.125606 0.101531 0.057030 0.081203 0.128572 
0.013158 0.055781 0.110857 0.417322 0.073401 0.149531 0.072453 0.030662 0.050310 0.026525 
0.013022 0.054677 0.110958 0.429680 0.053333 0.150783 0.041687 0.052179 0.075079 0.018602 
0.010459 0.055916 0.128156 0.384825 0.052396 0.097306 0.060591 0.085534 0.079070 0.045748 
0.005766 0.048078 0.083732 0.221511 0.138816 0.164025 0.092965 0.066620 0.114008 0.064480 
0.005446 0.054029 0.070148 0.104315 0.111333 0.114935 0.215477 0.120083 0.112243 0.091991 
0.007676 0.031248 0.025997 0.060406 0.112623 0.129400 0.156240 0.124690 0.166685 0.185035 
0.007329 0.020691 0.027668 0.091842 0.127587 0.078987 0.152433 0.247760 0.124872 0.120830 
0.003774 0.026493 0.039637 0.046220 0.128783 0.057887 0.156022 0.327852 0.145908 0.067425 
0.003754 0.018212 0.030952 0.066651 0.227039 0.159355 0.129944 0.169836 0.141586 0.052670 
0.001520 0.005810 0.044128 0.178819 0.041920 0.067367 0.127124 0.206141 0.273677 0.053494 
0.002932 0.020568 0.035595 0.191189 0.044491 0.021920 0.169127 0.054047 0.113510 0.346620 
0.003896 0.010904 0.019667 0.170958 0.068305 0.036739 0.165664 0.055314 0.109386 0.359169 
0.000548 0.004443 0.008599 0.169937 0.068775 0.032084 0.250328 0.087919 0.071547 0.305819 
0.002468 0.003479 0.018167 0.217287 0.069276 0.065115 0.334577 0.084581 0.064812 0.140239 
0.000928 0.016612 0.025774 0.206617 0.076044 0.045244 0.292822 0.042937 0.046812 0.246209 
0.005801 0.018727 0.036813 0.216912 0.069905 0.020867 0.317221 0.070492 0.045386 0.197875 
0.004321 0.005163 0.051675 0.347594 0.057086 0.059706 0.255794 0.090622 0.074252 0.053786 
0.010906 0.031957 0.101529 0.197688 0.128253 0.054174 0.198932 0.114156 0.078418 0.083987 
0.009399 0.044556 0.067762 0.521146 0.130390 0.033443 0.083111 0.059348 0.025900 0.024944 
0.007905 0.031849 0.056964 0.289372 0.100520 0.039393 0.197798 0.054769 0.051676 0.169754 
0.006634 0.027494 0.050427 0.253015 0.072530 0.019927 0.189808 0.015157 0.061765 0.303242 
0.004345 0.020805 0.045494 0.292080 0.092441 0.015321 0.260341 0.025590 0.022063 0.221520 
0.002751 0.015680 0.028040 0.208030 0.060210 0.056766 0.285039 0.107710 0.084951 0.150823 
