Dani-California,RHCP
0.000000 0.000000 0.000000 0.000000 0.000000 0.000000 0.000000 0.000000 0.000000 0.000000 
0.000000 0.000000 0.000000 0.000000 0.000000 0.000000 0.000000 0.000000 0.000000 0.000000 
0.000000 0.000000 0.000000 0.000000 0.000000 0.000000 0.000000 0.000000 0.000000 0.000000 
0.230107 0.160135 0.066201 0.064840 0.097812 0.087774 0.086679 0.077259 0.038811 0.090381 
0.179783 0.151518 0.081414 0.055073 0.080409 0.064001 0.095068 0.109291 0.096542 0.086900 
0.000000 0.000000 0.000000 0.000000 0.000000 0.000000 0.000000 0.000000 0.000000 0.000000 
0.000000 0.000000 0.000000 0.000000 0.000000 0.000000 0.000000 0.000000 0.000000 0.000000 
0.000000 0.000000 0.000000 0.000000 0.000000 0.000000 0.000000 0.000000 0.000000 0.000000 
0.000000 0.000000 0.000000 0.000000 0.000000 0.000000 0.000000 0.000000 0.000000 0.000000 
0.000000 0.000000 0.000000 0.000000 0.000000 0.000000 0.000000 0.000000 0.000000 0.000000 
0.000000 0.000000 0.000000 0.000000 0.000000 0.000000 0.000000 0.000000 0.000000 0.000000 
0.000000 0.000000 0.000000 0.000000 0.000000 0.000000 0.000000 0.000000 0.000000 0.000000 
0.000000 0.000000 0.000000 0.000000 0.000000 0.000000 0.000000 0.000000 0.000000 0.000000 
0.000000 0.000000 0.000000 0.000000 0.000000 0.000000 0.000000 0.000000 0.000000 0.000000 
0.000000 0.000000 0.000000 0.000000 0.000000 0.000000 0.000000 0.000000 0.000000 0.000000 
0.000000 0.000000 0.000000 0.000000 0.000000 0.000000 0.000000 0.000000 0.000000 0.000000 
0.000000 0.000000 0.000000 0.000000 0.000000 0.000000 0.000000 0.000000 0.000000 0.000000 
0.000000 0.000000 0.000000 0.000000 0.000000 0.000000 0.000000 0.000000 0.000000 0.000000 
0.000000 0.000000 0.000000 0.000000 0.000000 0.000000 0.000000 0.000000 0.000000 0.000000 
0.000000 0.000000 0.000000 0.000000 0.000000 0.000000 0.000000 0.000000 0.000000 0.000000 
0.000000 0.000000 0.000000 0.000000 0.000000 0.000000 0.000000 0.000000 0.000000 0.000000 
0.160882 0.177858 0.080876 0.110829 0.079012 0.059457 0.063735 0.134274 0.060345 0.072732 
0.118772 0.051517 0.048159 0.056360 0.062501 0.138621 0.130215 0.135043 0.133907 0.124905 
0.199672 0.246970 0.084768 0.051151 0.068837 0.144064 0.079546 0.046958 0.039558 0.038477 
0.426342 0.059904 0.037217 0.058777 0.057104 0.095864 0.083688 0.070607 0.054110 0.056388 
0.462970 0.035811 0.037799 0.026840 0.061157 0.098437 0.073606 0.076076 0.088735 0.038568 
0.487664 0.060831 0.035582 0.030500 0.071290 0.061195 0.072438 0.079714 0.056226 0.044560 
0.002171 0.025968 0.258755 0.464854 0.076905 0.057587 0.049075 0.028949 0.021354 0.014383 
0.005116 0.026070 0.181728 0.454594 0.079719 0.041802 0.043905 0.076694 0.052877 0.037495 
0.009621 0.028419 0.250393 0.401289 0.103243 0.048527 0.043011 0.047119 0.042520 0.025856 
0.054356 0.174115 0.144536 0.219132 0.115353 0.038986 0.063070 0.056522 0.090973 0.042957 
0.027514 0.394885 0.222432 0.101502 0.121203 0.038803 0.041811 0.018313 0.017820 0.015716 
0.037228 0.397836 0.332317 0.078129 0.046242 0.022498 0.021494 0.020139 0.025348 0.018769 
0.035958 0.501635 0.205735 0.096631 0.044928 0.015321 0.038458 0.016189 0.027688 0.017456 
0.043371 0.287789 0.367254 0.095788 0.051380 0.034442 0.031575 0.032417 0.022959 0.033026 
0.018744 0.269081 0.253098 0.147240 0.095459 0.053019 0.044739 0.039896 0.049217 0.029507 
0.007525 0.273215 0.522960 0.072954 0.042807 0.013729 0.024558 0.020732 0.010566 0.010954 
0.040964 0.384056 0.310550 0.098508 0.051904 0.037706 0.019937 0.028396 0.016708 0.011272 
0.076096 0.496790 0.222818 0.092417 0.036757 0.014675 0.016365 0.016178 0.015876 0.012028 
0.059731 0.465491 0.273181 0.074737 0.029394 0.021653 0.028940 0.015808 0.021642 0.009424 
0.059317 0.388614 0.334087 0.091766 0.037436 0.019338 0.015146 0.026382 0.015277 0.012635 
0.075347 0.286491 0.226725 0.168437 0.083289 0.038933 0.033602 0.032427 0.033456 0.021293 
0.037501 0.361316 0.246535 0.123009 0.066839 0.045907 0.038890 0.032908 0.028091 0.019003 
0.024906 0.463411 0.285946 0.077846 0.044148 0.028172 0.025155 0.021013 0.015421 0.013981 
0.011541 0.060782 0.117336 0.256403 0.087316 0.101289 0.159172 0.080887 0.072938 0.052336 
0.001448 0.043037 0.094819 0.277965 0.075589 0.154774 0.054364 0.127476 0.114676 0.055852 
0.006257 0.050033 0.118005 0.326840 0.089084 0.067204 0.090163 0.066010 0.117493 0.068911 
0.001689 0.040213 0.162958 0.445947 0.075666 0.054337 0.047380 0.038135 0.050049 0.083625 
0.001292 0.106044 0.172079 0.300638 0.103713 0.068742 0.036919 0.034467 0.083650 0.092457 
0.019579 0.130430 0.109170 0.301745 0.117643 0.070695 0.069651 0.049555 0.054540 0.076993 
0.000207 0.133504 0.158891 0.307090 0.057120 0.072333 0.054879 0.057587 0.044759 0.113631 
0.027087 0.159263 0.192925 0.276613 0.056235 0.051804 0.049727 0.044036 0.044301 0.098009 
0.002716 0.143188 0.156356 0.200880 0.195169 0.044048 0.050365 0.066899 0.056254 0.084125 
0.000331 0.232769 0.127632 0.288780 0.154144 0.029336 0.035061 0.029745 0.038372 0.063830 
0.045663 0.473808 0.271863 0.067660 0.051305 0.022470 0.020838 0.018281 0.013548 0.014564 
0.020765 0.624719 0.275524 0.016197 0.015973 0.009976 0.007459 0.010783 0.012459 0.006145 
0.077545 0.325057 0.293059 0.082832 0.062353 0.033924 0.041859 0.037646 0.020987 0.024737 
0.027723 0.233463 0.443652 0.089366 0.068101 0.041043 0.035432 0.017002 0.023379 0.020838 
0.004059 0.256533 0.399447 0.105453 0.064540 0.034607 0.038635 0.036633 0.032984 0.027109 
0.010234 0.327444 0.446916 0.070744 0.030883 0.018509 0.033296 0.018697 0.021031 0.022245 
0.015697 0.386031 0.310838 0.112527 0.067587 0.022086 0.030476 0.020933 0.018381 0.015443 
0.015654 0.378841 0.236098 0.191466 0.062256 0.036616 0.022414 0.026132 0.012718 0.017805 
0.035433 0.367339 0.325267 0.092734 0.067851 0.026280 0.017293 0.031646 0.020906 0.015251 
0.044214 0.487055 0.255135 0.089404 0.051117 0.017098 0.018756 0.012876 0.014027 0.010317 
0.051119 0.392824 0.333888 0.084445 0.048489 0.025555 0.024429 0.013096 0.015486 0.010669 
0.060741 0.399257 0.273046 0.101755 0.048355 0.034844 0.037343 0.019095 0.015981 0.009582 
0.007114 0.363971 0.305356 0.089637 0.075562 0.035717 0.043351 0.028693 0.027446 0.023153 
0.014373 0.408559 0.358390 0.081828 0.047829 0.028790 0.013324 0.014748 0.021818 0.010342 
0.015016 0.532267 0.308437 0.054791 0.026425 0.011649 0.016678 0.014668 0.013393 0.006676 
0.062776 0.387321 0.282356 0.093102 0.037241 0.033499 0.031377 0.028500 0.026724 0.017103 
0.000266 0.249535 0.410329 0.141110 0.061840 0.037593 0.034104 0.021798 0.027128 0.016297 
0.005808 0.051278 0.085480 0.349210 0.095262 0.102652 0.143089 0.062273 0.078296 0.026652 
0.001281 0.021241 0.147555 0.275830 0.210761 0.087984 0.068454 0.076576 0.061503 0.048815 
0.006127 0.032411 0.104876 0.272164 0.191801 0.083205 0.082139 0.067342 0.088625 0.071310 
0.005889 0.040875 0.190020 0.285185 0.201758 0.075417 0.046170 0.034363 0.057436 0.062887 
0.018105 0.062809 0.168445 0.271239 0.190392 0.075438 0.058882 0.035719 0.046377 0.072594 
0.008547 0.099755 0.196163 0.254390 0.123848 0.060358 0.070799 0.045735 0.065784 0.074623 
0.013365 0.091194 0.115178 0.350265 0.111126 0.091513 0.041392 0.038825 0.069555 0.077587 
0.009398 0.452614 0.132607 0.179364 0.076965 0.026048 0.028382 0.031356 0.032093 0.031173 
0.042404 0.246142 0.201029 0.207328 0.107143 0.058618 0.032025 0.025100 0.035169 0.045042 
0.069771 0.318713 0.178488 0.196161 0.035129 0.067190 0.026627 0.035183 0.032494 0.040245 
0.011207 0.045384 0.282842 0.449935 0.060782 0.046003 0.044216 0.023833 0.022250 0.013548 
0.006842 0.079881 0.167423 0.368826 0.121295 0.065517 0.081784 0.044852 0.027340 0.036241 
0.001347 0.091175 0.195137 0.392902 0.090834 0.043743 0.062011 0.072410 0.033178 0.017264 
0.013388 0.237590 0.393276 0.152397 0.084939 0.022064 0.030794 0.022728 0.029752 0.013074 
0.075558 0.518275 0.218181 0.068827 0.034046 0.014627 0.028935 0.014149 0.014797 0.012605 
0.029709 0.578893 0.217285 0.069338 0.021555 0.028531 0.015194 0.018516 0.014602 0.006376 
0.055938 0.383716 0.274177 0.066932 0.053158 0.045496 0.038170 0.038434 0.024627 0.019352 
0.034777 0.373108 0.389121 0.087965 0.029955 0.024931 0.016577 0.012298 0.019091 0.012178 
0.023303 0.391770 0.345007 0.124557 0.043731 0.011112 0.016981 0.016073 0.016916 0.010549 
0.031277 0.410812 0.234818 0.109485 0.074104 0.047319 0.033269 0.028127 0.013134 0.017655 
0.017694 0.349662 0.334407 0.107381 0.056838 0.028767 0.038777 0.034786 0.019917 0.011771 
0.013858 0.282962 0.367653 0.150485 0.065150 0.028604 0.029034 0.014396 0.025431 0.022426 
0.004383 0.555045 0.198775 0.089299 0.039989 0.019030 0.027751 0.024270 0.021422 0.020036 
0.047629 0.253723 0.410634 0.094716 0.065839 0.027414 0.032186 0.027808 0.023860 0.016190 
0.007028 0.354230 0.281484 0.130359 0.061655 0.042929 0.036196 0.035705 0.029286 0.021127 
0.000920 0.488862 0.258861 0.072614 0.048501 0.032273 0.031152 0.022432 0.030420 0.013964 
0.019505 0.237077 0.367326 0.127399 0.068586 0.043596 0.044899 0.030341 0.038560 0.022712 
0.006695 0.064414 0.103212 0.285298 0.146759 0.118516 0.128763 0.071636 0.038426 0.036281 
0.000152 0.041972 0.097293 0.206092 0.240723 0.102605 0.070168 0.082504 0.104472 0.054019 
0.008796 0.044011 0.112037 0.221496 0.238951 0.070349 0.085710 0.061617 0.072382 0.084652 
0.008998 0.078767 0.089732 0.280678 0.207509 0.061910 0.085460 0.052193 0.084804 0.049949 
0.002662 0.067795 0.112118 0.294095 0.159076 0.103304 0.062862 0.042829 0.071644 0.083614 
0.009186 0.113011 0.129603 0.339298 0.120536 0.084552 0.058424 0.053358 0.039414 0.052619 
0.008485 0.094020 0.078127 0.327643 0.173920 0.090162 0.067394 0.037616 0.044136 0.078496 
0.001994 0.097983 0.180630 0.304433 0.082159 0.075935 0.072047 0.044023 0.060995 0.079801 
0.014769 0.145946 0.144313 0.277500 0.099700 0.097780 0.058777 0.039042 0.049384 0.072789 
0.000216 0.144206 0.200842 0.254498 0.140503 0.057488 0.032630 0.045290 0.039200 0.085127 
0.006322 0.223912 0.532107 0.066697 0.046659 0.043493 0.032291 0.013133 0.015891 0.019495 
0.022887 0.456828 0.310120 0.089534 0.032841 0.023936 0.017565 0.014477 0.021165 0.010647 
0.027256 0.453992 0.229772 0.087884 0.073429 0.030773 0.029284 0.027776 0.027005 0.012829 
0.046724 0.222520 0.450821 0.082949 0.063942 0.039626 0.027834 0.031300 0.022373 0.011911 
0.017492 0.316675 0.393260 0.130449 0.050846 0.017703 0.017474 0.023063 0.022796 0.010242 
0.052727 0.463104 0.274991 0.065881 0.045999 0.013547 0.017302 0.028001 0.026372 0.012076 
0.076145 0.343625 0.155065 0.164991 0.100565 0.027904 0.039204 0.038184 0.039165 0.015151 
0.060667 0.242930 0.329995 0.182809 0.062022 0.026235 0.020299 0.041788 0.014674 0.018580 
0.065307 0.333402 0.296117 0.151453 0.047554 0.019017 0.035368 0.028732 0.016058 0.006992 
0.065394 0.384918 0.214483 0.138587 0.067976 0.039142 0.029016 0.024567 0.016804 0.019114 
0.002393 0.438946 0.381258 0.052418 0.048259 0.020898 0.018520 0.012530 0.015794 0.008985 
0.041757 0.391829 0.342405 0.089526 0.045323 0.018503 0.021516 0.026066 0.011507 0.011569 
0.040368 0.486435 0.296042 0.077740 0.023755 0.017360 0.019916 0.006331 0.021569 0.010483 
0.029572 0.290297 0.278625 0.133749 0.093335 0.034572 0.034243 0.040551 0.036656 0.028402 
0.034591 0.438946 0.289299 0.118901 0.032666 0.019694 0.021130 0.019251 0.019993 0.005528 
0.019369 0.541568 0.261648 0.063269 0.042139 0.012899 0.014355 0.021100 0.011431 0.012222 
0.019847 0.336393 0.281942 0.093193 0.064471 0.043113 0.046463 0.044976 0.040671 0.028932 
0.006390 0.023312 0.076795 0.316586 0.199960 0.088883 0.111296 0.043807 0.096982 0.035988 
0.004664 0.038426 0.082081 0.301841 0.196036 0.072057 0.088985 0.075881 0.093904 0.046125 
0.001860 0.050184 0.096827 0.333058 0.177119 0.051028 0.088203 0.063626 0.071809 0.066286 
0.012898 0.054967 0.143796 0.367717 0.162369 0.046295 0.056751 0.056901 0.030887 0.067420 
0.008001 0.072603 0.175454 0.293096 0.146858 0.044361 0.049298 0.059573 0.097677 0.053078 
0.011919 0.079708 0.209320 0.205689 0.097815 0.067323 0.054915 0.116874 0.112707 0.043732 
0.009165 0.080442 0.252088 0.289366 0.083656 0.058270 0.073370 0.047869 0.057872 0.047901 
0.020935 0.429141 0.122983 0.132085 0.074487 0.056784 0.056394 0.035955 0.030229 0.041006 
0.004113 0.254920 0.148467 0.225751 0.096094 0.061149 0.063004 0.057880 0.040080 0.048542 
0.018828 0.105348 0.285868 0.302727 0.081404 0.050359 0.058214 0.035880 0.034254 0.027117 
0.003910 0.079113 0.199665 0.392750 0.119703 0.051104 0.050830 0.063118 0.022800 0.017007 
0.012194 0.085339 0.309033 0.279337 0.088621 0.051959 0.062286 0.058263 0.041134 0.011835 
0.009930 0.126879 0.233203 0.183966 0.116263 0.078474 0.102010 0.072383 0.031826 0.045067 
0.033269 0.149663 0.495435 0.112226 0.056272 0.018052 0.039412 0.040566 0.026243 0.028861 
0.007611 0.183276 0.342212 0.168818 0.044424 0.054063 0.059613 0.049132 0.062517 0.028334 
0.002816 0.166816 0.265850 0.172856 0.064750 0.067298 0.094959 0.052113 0.075274 0.037267 
0.006000 0.156499 0.278419 0.226955 0.081902 0.063327 0.065677 0.049793 0.047297 0.024130 
0.002565 0.136068 0.499340 0.084298 0.058981 0.024561 0.062551 0.056103 0.060344 0.015191 
0.005113 0.222274 0.396404 0.110493 0.037649 0.041835 0.038095 0.072389 0.051095 0.024654 
0.047517 0.223997 0.133797 0.114539 0.118677 0.076969 0.072388 0.076004 0.075602 0.060510 
0.003789 0.365052 0.333205 0.117900 0.060930 0.019401 0.040060 0.029531 0.019169 0.010962 
0.002503 0.234254 0.427410 0.131958 0.020481 0.051923 0.026037 0.024612 0.043339 0.037481 
0.018202 0.193156 0.388469 0.172937 0.041158 0.058476 0.041482 0.019154 0.031644 0.035321 
0.022219 0.144639 0.319894 0.198702 0.071163 0.054078 0.084911 0.041601 0.031206 0.031587 
0.014957 0.202083 0.346305 0.220382 0.040695 0.047983 0.052849 0.025957 0.034776 0.014012 
0.018157 0.215096 0.349251 0.201265 0.057281 0.043467 0.059326 0.018059 0.024582 0.013516 
0.011837 0.101299 0.170440 0.201034 0.217489 0.112879 0.088307 0.063056 0.024369 0.009291 
0.007887 0.071117 0.146412 0.268249 0.149523 0.067095 0.142757 0.047513 0.070998 0.028449 
0.009137 0.059877 0.282554 0.124354 0.154029 0.098120 0.097049 0.050550 0.069399 0.054932 
0.013609 0.038596 0.324983 0.207467 0.151578 0.078086 0.042156 0.036925 0.066474 0.040126 
0.008070 0.064082 0.354902 0.176825 0.102164 0.108690 0.055199 0.036839 0.044983 0.048246 
0.001428 0.053823 0.407246 0.101799 0.147034 0.113191 0.047913 0.051470 0.046247 0.029850 
0.023156 0.099845 0.379195 0.117168 0.127989 0.086895 0.053439 0.043967 0.020472 0.047874 
0.011533 0.064676 0.408574 0.095381 0.140733 0.109042 0.058558 0.052335 0.035537 0.023631 
0.009395 0.076235 0.410686 0.113873 0.128118 0.107325 0.052319 0.042502 0.024409 0.035138 
0.004318 0.070828 0.395670 0.156841 0.112296 0.084721 0.050136 0.074150 0.031610 0.019429 
0.002745 0.053231 0.482906 0.139298 0.108619 0.072891 0.039937 0.053101 0.025095 0.022179 
0.012409 0.486940 0.298614 0.082879 0.028652 0.020031 0.015642 0.020221 0.025337 0.009274 
0.017424 0.322841 0.327528 0.131410 0.015890 0.047322 0.033513 0.029193 0.059568 0.015311 
0.015679 0.211921 0.477879 0.141766 0.016170 0.018176 0.038356 0.027822 0.044141 0.008091 
0.014584 0.296317 0.390444 0.107521 0.037090 0.038079 0.050888 0.031285 0.018465 0.015324 
0.001673 0.205400 0.433833 0.115405 0.052101 0.043686 0.034959 0.028837 0.058498 0.025607 
0.019179 0.219984 0.475938 0.079418 0.067458 0.034221 0.029728 0.022339 0.025801 0.025935 
0.000647 0.192056 0.511812 0.120939 0.056993 0.032644 0.024705 0.019458 0.025270 0.015474 
0.004827 0.353209 0.381946 0.112710 0.037672 0.039767 0.024710 0.018973 0.014233 0.011952 
0.018128 0.341590 0.384223 0.065321 0.028006 0.052319 0.041234 0.027117 0.026102 0.015960 
0.008503 0.242341 0.247793 0.121664 0.081197 0.085011 0.066838 0.045174 0.049752 0.051728 
0.019043 0.294662 0.373573 0.113202 0.043676 0.038820 0.027272 0.033063 0.043605 0.013084 
0.000323 0.251173 0.396278 0.121212 0.050379 0.031480 0.036459 0.031090 0.064364 0.017241 
0.012193 0.134512 0.487960 0.128431 0.039275 0.024942 0.071504 0.035081 0.054286 0.011818 
0.015161 0.245732 0.421310 0.140655 0.031097 0.018362 0.052191 0.035305 0.032991 0.007197 
0.051180 0.248129 0.467219 0.093555 0.027253 0.025465 0.032327 0.010473 0.037698 0.006702 
0.038541 0.274205 0.412768 0.133768 0.033546 0.021347 0.028397 0.019851 0.029821 0.007755 
0.018420 0.110431 0.238974 0.156077 0.109349 0.044280 0.102865 0.092153 0.084672 0.042779 
0.011341 0.101613 0.085283 0.230721 0.180662 0.079358 0.089732 0.087619 0.101028 0.032643 
0.012083 0.098841 0.254380 0.170135 0.177139 0.039711 0.053769 0.026584 0.128921 0.038437 
0.003506 0.105624 0.259646 0.173455 0.154785 0.061944 0.076568 0.027267 0.096847 0.040358 
0.011681 0.103903 0.299241 0.122456 0.101985 0.051379 0.103773 0.031196 0.137076 0.037310 
0.010109 0.135644 0.311108 0.144148 0.089526 0.047329 0.087606 0.039331 0.097623 0.037575 
0.020935 0.181082 0.253439 0.115577 0.114021 0.053827 0.070085 0.044754 0.123572 0.022708 
0.012972 0.042747 0.410007 0.146970 0.096192 0.048807 0.038344 0.030441 0.137289 0.036232 
0.012637 0.193165 0.335511 0.164019 0.073675 0.038765 0.035270 0.025704 0.111143 0.010111 
0.003560 0.117553 0.399264 0.178011 0.113133 0.027811 0.020887 0.014921 0.111668 0.013192 
0.005131 0.204275 0.351556 0.208442 0.067269 0.027584 0.026511 0.013925 0.082357 0.012950 
0.009563 0.137628 0.282434 0.324972 0.070585 0.028317 0.039247 0.031760 0.048483 0.027012 
0.003701 0.157219 0.304455 0.307207 0.057456 0.036179 0.053488 0.035192 0.025255 0.019846 
0.014721 0.175946 0.254717 0.271241 0.095404 0.027960 0.042633 0.047839 0.036940 0.032599 
0.023679 0.267648 0.371307 0.134938 0.072061 0.041248 0.032359 0.013438 0.027371 0.015951 
0.002549 0.254150 0.368694 0.228661 0.018228 0.024476 0.015248 0.021509 0.049286 0.017201 
0.048656 0.236585 0.338735 0.245611 0.024690 0.028326 0.019054 0.011474 0.040474 0.006393 
0.021349 0.145461 0.422719 0.248000 0.050148 0.031580 0.025637 0.016950 0.030821 0.007336 
0.016585 0.168195 0.336859 0.253093 0.083693 0.030938 0.031177 0.030106 0.028750 0.020605 
0.021929 0.301063 0.256011 0.192997 0.082849 0.033776 0.027808 0.034666 0.032029 0.016873 
0.042670 0.212537 0.273397 0.209420 0.128566 0.055205 0.012764 0.033019 0.015558 0.016863 
0.030419 0.211528 0.435141 0.158218 0.044480 0.021295 0.027877 0.026255 0.025529 0.019257 
0.028276 0.198042 0.414412 0.175731 0.056105 0.021864 0.025247 0.025559 0.042525 0.012238 
0.021520 0.210384 0.394409 0.207851 0.032944 0.021286 0.025790 0.022107 0.043220 0.020488 
0.017148 0.152393 0.479895 0.206705 0.028549 0.020887 0.029803 0.010351 0.041565 0.012705 
0.040423 0.204339 0.430191 0.158234 0.051359 0.019265 0.026926 0.019010 0.035294 0.014960 
0.004723 0.205425 0.475248 0.168108 0.035371 0.025744 0.026922 0.017081 0.032006 0.009371 
0.013733 0.109066 0.180077 0.208655 0.090506 0.140874 0.113062 0.056791 0.062596 0.024640 
0.006937 0.070697 0.166354 0.331421 0.104855 0.077422 0.066311 0.065408 0.088133 0.022461 
0.003190 0.058552 0.090551 0.250689 0.151652 0.121450 0.090946 0.069753 0.079165 0.084052 
0.005042 0.061381 0.145358 0.274030 0.130856 0.097627 0.117852 0.053991 0.067949 0.045914 
0.003545 0.036316 0.131526 0.249075 0.181347 0.111421 0.118217 0.056081 0.063828 0.048644 
0.008441 0.051517 0.181805 0.246841 0.156377 0.132694 0.088443 0.045153 0.042667 0.046063 
0.016942 0.085946 0.140657 0.184521 0.228767 0.143947 0.062993 0.042591 0.053870 0.039766 
0.007855 0.032454 0.177024 0.323049 0.202545 0.076715 0.085958 0.039946 0.032550 0.021904 
0.027831 0.076070 0.179393 0.260351 0.175594 0.049654 0.107701 0.058472 0.035364 0.029569 
0.013047 0.048645 0.204833 0.289237 0.195756 0.033112 0.109136 0.048449 0.028174 0.029611 
0.015746 0.137282 0.384230 0.148032 0.113496 0.037711 0.087066 0.036863 0.022870 0.016705 
0.002058 0.427760 0.242224 0.117042 0.077190 0.030726 0.031959 0.024397 0.018629 0.028015 
0.004786 0.212042 0.302277 0.139548 0.174300 0.045458 0.050662 0.023091 0.031036 0.016801 
0.040339 0.297484 0.322554 0.132658 0.070877 0.026054 0.029557 0.022905 0.043066 0.014507 
0.024899 0.250951 0.364033 0.113274 0.098865 0.035423 0.047785 0.025078 0.023951 0.015740 
0.012567 0.312137 0.321258 0.146891 0.058993 0.040035 0.046028 0.017146 0.036276 0.008669 
0.014208 0.141689 0.359314 0.253680 0.058191 0.046816 0.044858 0.023677 0.044698 0.012869 
0.016925 0.149618 0.306832 0.320915 0.075552 0.036407 0.033218 0.023419 0.025610 0.011504 
0.014678 0.124187 0.324937 0.379874 0.053227 0.026402 0.029057 0.017391 0.011771 0.018478 
0.011319 0.064752 0.294807 0.419784 0.095866 0.044460 0.023567 0.017524 0.013399 0.014522 
0.021079 0.167341 0.435355 0.127829 0.065022 0.055321 0.057270 0.027402 0.033163 0.010217 
0.003228 0.338987 0.331633 0.137349 0.051844 0.032738 0.026781 0.030315 0.035075 0.012050 
0.021668 0.152149 0.433900 0.170520 0.084637 0.022817 0.034671 0.022908 0.047015 0.009715 
0.021893 0.228033 0.389092 0.145102 0.076227 0.027153 0.037071 0.029871 0.037984 0.007573 
0.006017 0.111176 0.527590 0.160430 0.075053 0.024032 0.034734 0.029912 0.025784 0.005272 
0.017850 0.138983 0.365373 0.159383 0.084761 0.057265 0.054095 0.053388 0.044949 0.023953 
0.007856 0.133059 0.514694 0.136477 0.075747 0.044185 0.022022 0.026028 0.027201 0.012731 
0.000690 0.042967 0.204359 0.258450 0.109451 0.096947 0.110995 0.069724 0.066290 0.040127 
0.010789 0.067257 0.168820 0.255909 0.148852 0.098631 0.048176 0.083316 0.086420 0.031831 
0.012808 0.090209 0.196345 0.205546 0.160274 0.087464 0.055555 0.047469 0.079707 0.064623 
0.004341 0.063166 0.159072 0.242163 0.182309 0.082954 0.075885 0.050253 0.080149 0.059707 
0.000474 0.029489 0.200934 0.274423 0.121850 0.119646 0.068654 0.058504 0.057315 0.068709 
0.010547 0.068696 0.184798 0.206941 0.084399 0.136965 0.066793 0.084752 0.074331 0.081778 
0.009202 0.073844 0.299529 0.228906 0.077512 0.126081 0.050749 0.053786 0.036653 0.043738 
0.003970 0.142548 0.448918 0.155874 0.048698 0.069625 0.037754 0.035984 0.024385 0.032243 
0.007928 0.138151 0.463971 0.126639 0.073114 0.053903 0.041097 0.039707 0.034605 0.020885 
0.000510 0.104663 0.524437 0.095648 0.059645 0.060393 0.053398 0.035105 0.039355 0.026846 
0.002771 0.103389 0.431490 0.118271 0.103554 0.060771 0.037792 0.058459 0.056713 0.026790 
0.006706 0.128206 0.333863 0.275857 0.079405 0.051232 0.024338 0.051146 0.020922 0.028324 
0.004247 0.088309 0.457110 0.223667 0.058407 0.039332 0.049984 0.028388 0.024279 0.026276 
0.005694 0.076239 0.427955 0.272332 0.070370 0.028375 0.037324 0.019348 0.031857 0.030505 
0.009739 0.361978 0.331909 0.123792 0.038135 0.032201 0.038598 0.018201 0.030460 0.014986 
0.007554 0.191028 0.517220 0.110827 0.057527 0.013284 0.034947 0.020380 0.034116 0.013118 
0.030196 0.171696 0.519109 0.144722 0.034253 0.030628 0.020649 0.016320 0.021147 0.011281 
0.049991 0.233845 0.440380 0.098060 0.053754 0.036465 0.026099 0.016733 0.026601 0.018071 
0.025155 0.315135 0.498767 0.064207 0.029598 0.010553 0.014481 0.016351 0.016167 0.009585 
0.012006 0.259732 0.493109 0.131620 0.029227 0.017141 0.010920 0.024098 0.013128 0.009018 
0.051247 0.253281 0.408227 0.073301 0.093264 0.034590 0.019076 0.030715 0.020772 0.015527 
0.040088 0.247789 0.355897 0.158874 0.056078 0.023932 0.034441 0.034065 0.029362 0.019474 
0.038322 0.167898 0.401760 0.203836 0.052924 0.036019 0.043968 0.018948 0.019681 0.016644 
0.015902 0.134379 0.464515 0.192967 0.050704 0.034855 0.036603 0.022584 0.032949 0.014543 
0.007313 0.091199 0.496878 0.181946 0.071267 0.026051 0.051868 0.021775 0.035978 0.015724 
0.016411 0.090851 0.575709 0.175271 0.040905 0.020186 0.030028 0.020934 0.021769 0.007937 
0.004039 0.103883 0.489616 0.196884 0.052804 0.043215 0.048121 0.024354 0.014847 0.022239 
0.005823 0.066249 0.238840 0.268415 0.122475 0.070533 0.072867 0.045356 0.069547 0.039896 
0.006904 0.031308 0.129803 0.282240 0.128283 0.110381 0.086348 0.069309 0.095527 0.059896 
0.015655 0.075662 0.247202 0.286410 0.058949 0.084336 0.072383 0.038829 0.080865 0.039708 
0.010550 0.083287 0.216943 0.333193 0.076263 0.084216 0.074512 0.040149 0.048264 0.032624 
0.003094 0.090311 0.212754 0.321841 0.101922 0.087110 0.080454 0.034728 0.028744 0.039041 
0.010014 0.038852 0.322694 0.284040 0.106086 0.089917 0.058581 0.037385 0.029673 0.022758 
0.022402 0.103146 0.289918 0.214938 0.124674 0.096505 0.060417 0.031809 0.026047 0.030144 
0.006663 0.053724 0.302476 0.236392 0.159713 0.098036 0.042545 0.038860 0.035091 0.026500 
0.003630 0.026400 0.343823 0.220521 0.193744 0.094683 0.033019 0.042630 0.012191 0.029360 
0.020812 0.079412 0.350751 0.182044 0.149410 0.086975 0.039037 0.033057 0.023527 0.034976 
0.042653 0.233659 0.317748 0.140783 0.093158 0.067778 0.022504 0.030058 0.019919 0.031740 
0.015678 0.500583 0.325211 0.050000 0.016750 0.020802 0.024244 0.023121 0.010179 0.013430 
0.019529 0.176309 0.453488 0.135978 0.039834 0.045957 0.041803 0.036156 0.039782 0.011162 
0.033363 0.208951 0.429525 0.099901 0.081683 0.042312 0.025420 0.017689 0.048671 0.012485 
0.025087 0.374903 0.320389 0.096480 0.058697 0.022325 0.040167 0.026070 0.022893 0.012989 
0.011815 0.218610 0.403885 0.075672 0.085043 0.042502 0.047508 0.019907 0.057484 0.037573 
0.018716 0.223240 0.331207 0.142562 0.071101 0.045104 0.061632 0.028195 0.048468 0.029775 
0.010557 0.187456 0.474394 0.090554 0.061669 0.044131 0.062737 0.024861 0.022349 0.021292 
0.035607 0.215655 0.306755 0.173238 0.070480 0.057971 0.061909 0.031285 0.035628 0.011472 
0.040402 0.287411 0.398139 0.110421 0.039127 0.042177 0.038772 0.014524 0.016552 0.012476 
0.043967 0.366237 0.400349 0.045796 0.042108 0.025626 0.014149 0.020811 0.026470 0.014488 
0.007016 0.320467 0.394136 0.095740 0.052850 0.025420 0.034879 0.020903 0.028255 0.020334 
0.023130 0.225592 0.457408 0.088724 0.050685 0.037987 0.044826 0.023988 0.028596 0.019063 
0.025598 0.237982 0.450716 0.100525 0.052113 0.046226 0.040980 0.007517 0.022235 0.016107 
0.007997 0.171278 0.543823 0.090159 0.048067 0.033450 0.056760 0.009221 0.021646 0.017598 
0.026924 0.244743 0.462460 0.091012 0.052641 0.036510 0.046002 0.006722 0.018314 0.014672 
0.012652 0.211040 0.552825 0.069061 0.050891 0.020097 0.040272 0.009657 0.020505 0.013001 
0.007421 0.079180 0.158945 0.251727 0.088490 0.093256 0.136094 0.053283 0.089193 0.042410 
0.021383 0.129045 0.155858 0.185091 0.153091 0.074860 0.068370 0.077209 0.094987 0.040107 
0.007009 0.121313 0.216565 0.199111 0.142172 0.052006 0.060205 0.040958 0.129923 0.030739 
0.005832 0.117432 0.290549 0.107364 0.134584 0.042030 0.054606 0.023404 0.162227 0.061970 
0.000555 0.115999 0.300661 0.133209 0.050578 0.040773 0.051763 0.030722 0.238644 0.037096 
0.001816 0.112445 0.290097 0.183668 0.036571 0.029575 0.030316 0.036857 0.233395 0.045260 
0.005405 0.095053 0.348609 0.158307 0.075057 0.036263 0.041653 0.015453 0.180025 0.044173 
0.006397 0.114189 0.309466 0.131832 0.120390 0.064745 0.058743 0.035331 0.137436 0.021470 
0.004214 0.110653 0.358127 0.152912 0.131792 0.050783 0.026998 0.025905 0.119160 0.019456 
0.013801 0.103449 0.303349 0.147308 0.105231 0.048040 0.038193 0.043303 0.164393 0.032934 
0.003144 0.083073 0.356899 0.223939 0.075118 0.042530 0.034220 0.036893 0.123151 0.021034 
0.006299 0.116043 0.411412 0.203202 0.081423 0.033665 0.041409 0.030588 0.055863 0.020097 
0.006222 0.143122 0.180924 0.325686 0.124077 0.042926 0.074644 0.044055 0.044448 0.013897 
0.023219 0.279911 0.386693 0.139227 0.051518 0.033693 0.032811 0.021597 0.015181 0.016149 
0.033291 0.276788 0.400387 0.147815 0.049546 0.011194 0.034369 0.022280 0.012994 0.011337 
0.002933 0.229967 0.340866 0.211250 0.063911 0.029423 0.033429 0.016717 0.043750 0.027755 
0.006003 0.088360 0.371753 0.319968 0.047656 0.036376 0.038129 0.033814 0.047872 0.010070 
0.011863 0.117552 0.386296 0.295984 0.037080 0.029272 0.051672 0.029515 0.029422 0.011343 
0.020802 0.180280 0.452280 0.126752 0.077249 0.032783 0.044497 0.035956 0.017082 0.012319 
0.006880 0.295815 0.368534 0.177525 0.040842 0.023417 0.020307 0.016162 0.034292 0.016225 
0.015226 0.310255 0.365007 0.132352 0.080169 0.022584 0.025161 0.016941 0.018016 0.014289 
0.021780 0.231938 0.359212 0.173402 0.056069 0.029392 0.042195 0.030945 0.040153 0.014915 
0.021299 0.240644 0.251448 0.227555 0.038472 0.024849 0.043132 0.036013 0.091741 0.024846 
0.014843 0.215203 0.261310 0.270858 0.031668 0.021052 0.047581 0.023467 0.091359 0.022659 
0.005495 0.176835 0.163570 0.354848 0.044134 0.027268 0.045457 0.025754 0.117276 0.039363 
0.017856 0.143956 0.164027 0.343707 0.042781 0.042696 0.054306 0.031371 0.129877 0.029423 
0.011466 0.212948 0.223539 0.249698 0.041082 0.020490 0.066919 0.032526 0.110227 0.031106 
0.011801 0.053288 0.198134 0.269873 0.088082 0.104147 0.109342 0.072525 0.051771 0.041035 
0.006867 0.046039 0.172904 0.304250 0.117834 0.076418 0.061508 0.051433 0.109376 0.053371 
0.001738 0.080503 0.224441 0.126002 0.169962 0.103542 0.094945 0.039639 0.132343 0.026884 
0.002897 0.068220 0.248410 0.231167 0.172039 0.111476 0.052815 0.031085 0.045146 0.036744 
0.005879 0.068870 0.274666 0.209522 0.145091 0.104031 0.046642 0.035926 0.070472 0.038901 
0.010093 0.028661 0.315713 0.190951 0.128519 0.126046 0.072302 0.049199 0.046374 0.032144 
0.022660 0.099885 0.281898 0.216829 0.100373 0.101776 0.068082 0.036627 0.043983 0.027887 
0.013533 0.055757 0.343268 0.232511 0.102692 0.085720 0.053730 0.054662 0.032871 0.025258 
0.004412 0.071156 0.332681 0.177983 0.108387 0.088064 0.131168 0.044433 0.016716 0.025000 
0.005060 0.069192 0.353453 0.280790 0.101593 0.039777 0.071178 0.033621 0.018225 0.027111 
0.024454 0.415863 0.286086 0.144740 0.042198 0.015949 0.027008 0.016598 0.020179 0.006925 
0.003362 0.281964 0.270817 0.199312 0.052232 0.051236 0.057582 0.030209 0.042925 0.010361 
0.000098 0.305805 0.321492 0.146497 0.093428 0.033929 0.030238 0.029678 0.020981 0.017854 
0.004207 0.187921 0.498300 0.115770 0.067137 0.045303 0.026182 0.031152 0.010641 0.013388 
0.049361 0.243327 0.390500 0.114976 0.044558 0.042171 0.030408 0.035874 0.034691 0.014133 
0.026113 0.221665 0.416259 0.089720 0.051515 0.040825 0.053759 0.049543 0.026579 0.024022 
0.009667 0.131215 0.289280 0.275121 0.073394 0.047488 0.097716 0.023798 0.033437 0.018884 
0.026699 0.126373 0.395669 0.199087 0.039094 0.067143 0.075096 0.020467 0.038411 0.011963 
0.000820 0.105481 0.576375 0.167041 0.043656 0.030472 0.014829 0.023759 0.028367 0.009200 
0.012166 0.132076 0.603432 0.122692 0.042519 0.023746 0.022947 0.017434 0.013605 0.009382 
0.039946 0.326038 0.297542 0.104167 0.081245 0.007402 0.037521 0.038261 0.043071 0.024809 
0.005790 0.155113 0.496415 0.132920 0.045713 0.022855 0.045951 0.028010 0.046551 0.020683 
0.027353 0.078594 0.414425 0.179836 0.098010 0.031144 0.060064 0.035396 0.037553 0.037625 
0.022152 0.155396 0.451952 0.178420 0.055155 0.018763 0.047190 0.022387 0.029231 0.019353 
0.010810 0.090468 0.390306 0.222477 0.096928 0.050670 0.054087 0.029596 0.039844 0.014812 
0.017757 0.107189 0.503879 0.187132 0.062864 0.016730 0.046735 0.014078 0.028612 0.015025 
0.021706 0.104012 0.391238 0.182849 0.116248 0.044648 0.043825 0.056886 0.025116 0.013473 
0.005025 0.052943 0.201683 0.217447 0.154365 0.068598 0.091663 0.050684 0.124395 0.033195 
0.004433 0.046437 0.219280 0.204910 0.090238 0.116464 0.092558 0.057132 0.094636 0.073913 
0.003798 0.073106 0.205681 0.268186 0.102861 0.092987 0.054849 0.025927 0.104652 0.067952 
0.008171 0.073381 0.295219 0.230707 0.053542 0.062333 0.063319 0.045612 0.081225 0.086490 
0.001919 0.064425 0.434472 0.210551 0.065990 0.058467 0.046053 0.027323 0.044583 0.046216 
0.020773 0.129240 0.426333 0.163375 0.056654 0.046381 0.055117 0.032197 0.045045 0.024885 
0.009721 0.091865 0.433103 0.201431 0.072250 0.034595 0.039875 0.053278 0.034984 0.028898 
0.002660 0.165137 0.455274 0.164662 0.059237 0.044059 0.020325 0.046274 0.020495 0.021877 
0.013870 0.106277 0.528189 0.183466 0.047136 0.034159 0.024373 0.019382 0.010908 0.032240 
0.021087 0.075646 0.457463 0.255032 0.072839 0.028286 0.025539 0.023896 0.023890 0.016323 
0.005763 0.076491 0.298658 0.274008 0.112332 0.070590 0.063675 0.044009 0.039165 0.015310 
0.006032 0.053283 0.442628 0.295830 0.051462 0.030661 0.048746 0.033225 0.025655 0.012479 
0.006479 0.084761 0.475193 0.214235 0.097472 0.023634 0.026759 0.030414 0.020994 0.020059 
0.000083 0.262163 0.411132 0.143023 0.047613 0.041146 0.034783 0.022119 0.026168 0.011771 
0.002646 0.251573 0.357482 0.129921 0.057479 0.033622 0.038021 0.028707 0.063434 0.037116 
0.008136 0.136285 0.408010 0.135440 0.052596 0.055990 0.070754 0.045546 0.047152 0.040092 
0.021746 0.178107 0.370061 0.177504 0.062623 0.050779 0.050346 0.024381 0.036786 0.027667 
0.041798 0.329362 0.303383 0.101772 0.037048 0.034598 0.035258 0.048067 0.040814 0.027900 
0.025707 0.146186 0.478170 0.095681 0.073390 0.029098 0.049912 0.054765 0.021811 0.025280 
0.008153 0.289945 0.280041 0.074312 0.060264 0.056594 0.069305 0.073277 0.068074 0.020034 
0.035443 0.256872 0.375315 0.109532 0.076252 0.027698 0.028883 0.030380 0.038538 0.021086 
0.025043 0.205283 0.285909 0.162893 0.090815 0.050874 0.058118 0.046061 0.039938 0.035066 
0.025842 0.171509 0.406791 0.159021 0.065730 0.040399 0.043771 0.037744 0.037136 0.012057 
0.009793 0.115046 0.437968 0.192390 0.071461 0.028672 0.053137 0.037400 0.039045 0.015088 
0.005223 0.075606 0.449262 0.193822 0.071386 0.043380 0.060199 0.036314 0.040909 0.023899 
0.022482 0.124905 0.502368 0.188356 0.042924 0.018145 0.048418 0.014286 0.030234 0.007880 
0.012645 0.120187 0.237720 0.257691 0.106080 0.057675 0.101189 0.046153 0.036014 0.024646 
0.006578 0.069525 0.136103 0.271762 0.139327 0.054383 0.089151 0.085695 0.099406 0.048070 
0.009128 0.065949 0.206486 0.215134 0.165128 0.061841 0.070387 0.056840 0.100118 0.048990 
0.011300 0.047687 0.159084 0.272389 0.129966 0.123842 0.067091 0.062925 0.057930 0.067786 
0.011247 0.066778 0.272821 0.187736 0.121282 0.114874 0.068997 0.040409 0.068208 0.047648 
0.008637 0.080512 0.283017 0.207924 0.088250 0.140345 0.071516 0.033526 0.036461 0.049810 
0.004783 0.046767 0.293225 0.184137 0.120583 0.159670 0.061067 0.038111 0.039785 0.051872 
0.002434 0.046744 0.295660 0.221811 0.112374 0.146779 0.055860 0.052199 0.030477 0.035664 
0.013008 0.077488 0.332756 0.210347 0.105302 0.097732 0.041303 0.067780 0.028731 0.025552 
0.003980 0.105573 0.411526 0.242003 0.076130 0.049353 0.030244 0.021968 0.036165 0.023058 
0.082148 0.373770 0.290186 0.097511 0.047621 0.027615 0.016967 0.022178 0.027808 0.014195 
0.046395 0.448201 0.345843 0.054547 0.026187 0.019169 0.012461 0.016890 0.023643 0.006664 
0.000463 0.205056 0.403068 0.149936 0.069012 0.039600 0.037997 0.036894 0.034521 0.023453 
0.042908 0.306751 0.389665 0.124636 0.047387 0.027591 0.021596 0.021007 0.010337 0.008123 
0.035069 0.321977 0.339164 0.099946 0.056147 0.019137 0.041656 0.025107 0.042732 0.019066 
0.014540 0.269038 0.455888 0.082220 0.037263 0.019465 0.031015 0.013731 0.058673 0.018166 
0.035147 0.252899 0.450749 0.066566 0.043049 0.034384 0.041907 0.025346 0.030144 0.019809 
0.020241 0.306853 0.435367 0.107342 0.027241 0.018030 0.028400 0.016815 0.024028 0.015682 
0.031897 0.252289 0.478728 0.067406 0.039905 0.030112 0.044009 0.011063 0.025094 0.019497 
0.007901 0.285673 0.382055 0.093465 0.047025 0.044988 0.072889 0.025203 0.016275 0.024525 
0.024139 0.106493 0.290226 0.097017 0.164273 0.079805 0.074903 0.046726 0.058422 0.057996 
0.024213 0.307169 0.326297 0.120742 0.080339 0.045535 0.025321 0.022056 0.025233 0.023095 
0.009639 0.226664 0.426641 0.124036 0.049971 0.028887 0.063157 0.017226 0.037940 0.015839 
0.019288 0.235735 0.383209 0.130496 0.029540 0.026829 0.076361 0.034097 0.044726 0.019719 
0.025603 0.186230 0.472791 0.108729 0.047323 0.030458 0.057390 0.034709 0.025021 0.011746 
0.000132 0.213213 0.484582 0.150522 0.033416 0.032384 0.033305 0.013044 0.027509 0.011893 
0.008238 0.177951 0.525198 0.131115 0.041911 0.029980 0.028479 0.019168 0.029432 0.008528 
0.006543 0.121212 0.182964 0.173027 0.163995 0.130161 0.074057 0.061736 0.043281 0.043022 
0.015545 0.106405 0.275484 0.206465 0.078094 0.045129 0.083941 0.049574 0.095399 0.043965 
0.027275 0.119886 0.219458 0.172448 0.102225 0.046564 0.058387 0.062512 0.156882 0.034364 
0.008594 0.099205 0.337132 0.131683 0.072337 0.042119 0.042508 0.029895 0.191752 0.044775 
0.009898 0.104037 0.301631 0.152215 0.096033 0.049219 0.075557 0.036986 0.149349 0.025075 
0.002268 0.115463 0.316772 0.103166 0.120947 0.049416 0.082329 0.044330 0.131064 0.034245 
0.008782 0.086833 0.333437 0.144597 0.111649 0.047787 0.073075 0.042452 0.130433 0.020955 
0.000969 0.092825 0.320426 0.245769 0.087145 0.034103 0.054163 0.024934 0.122135 0.017531 
0.005347 0.184800 0.321909 0.173527 0.111286 0.043701 0.029145 0.020569 0.097711 0.012005 
0.009455 0.243608 0.325519 0.229513 0.076734 0.038910 0.021666 0.011105 0.028564 0.014926 
0.007400 0.208774 0.279840 0.220350 0.124671 0.043520 0.039899 0.020436 0.043184 0.011927 
0.010839 0.151071 0.275305 0.328756 0.077908 0.043531 0.044589 0.027910 0.020862 0.019231 
0.018883 0.099999 0.253246 0.292404 0.089496 0.068276 0.074458 0.054389 0.020626 0.028224 
0.007081 0.099824 0.220375 0.192438 0.155749 0.027650 0.066269 0.064979 0.122480 0.043155 
0.005643 0.316149 0.273555 0.145458 0.057798 0.031622 0.074302 0.039295 0.038628 0.017549 
0.001963 0.252183 0.372594 0.141813 0.054473 0.028761 0.057783 0.039038 0.039405 0.011987 
0.012179 0.148981 0.390383 0.215184 0.061260 0.020682 0.066095 0.021790 0.046987 0.016459 
0.004102 0.123530 0.546172 0.145670 0.022844 0.025710 0.040787 0.022431 0.045227 0.023527 
0.016647 0.204086 0.426126 0.096249 0.071138 0.034985 0.037045 0.044914 0.046493 0.022317 
0.023063 0.191440 0.446792 0.159611 0.067233 0.020054 0.026643 0.024600 0.025228 0.015337 
0.028685 0.148526 0.303784 0.139399 0.148511 0.033544 0.060264 0.054031 0.043491 0.039765 
0.001853 0.321890 0.323039 0.118433 0.047057 0.042929 0.055783 0.032921 0.040481 0.015615 
0.023660 0.238552 0.311568 0.134114 0.040791 0.026948 0.108392 0.028686 0.066038 0.021251 
0.001380 0.140651 0.394183 0.171253 0.074892 0.033197 0.103447 0.023896 0.038212 0.018888 
0.008807 0.129286 0.375339 0.209657 0.052315 0.028016 0.091595 0.047218 0.039975 0.017793 
0.016058 0.133406 0.393361 0.185651 0.065963 0.039558 0.075437 0.034920 0.035860 0.019787 
0.000866 0.067433 0.518381 0.241368 0.039397 0.031692 0.051347 0.013006 0.030304 0.006207 
0.014675 0.085153 0.153640 0.246771 0.100056 0.113969 0.096558 0.048617 0.087798 0.052762 
0.011648 0.074281 0.228988 0.193106 0.102704 0.084546 0.072062 0.091935 0.091758 0.048970 
0.012983 0.031353 0.238738 0.356104 0.105786 0.060255 0.045219 0.017368 0.085175 0.047017 
0.006734 0.042430 0.273743 0.160165 0.240909 0.077146 0.049741 0.036588 0.056227 0.056317 
0.000503 0.050326 0.286558 0.199783 0.151198 0.095435 0.088847 0.062599 0.031851 0.032900 
0.002274 0.067784 0.325410 0.245979 0.145925 0.067321 0.052097 0.031928 0.028765 0.032516 
0.013036 0.069264 0.311089 0.227762 0.124016 0.085411 0.071845 0.041202 0.026062 0.030312 
0.002573 0.019705 0.308661 0.127628 0.186824 0.093434 0.097292 0.062818 0.066912 0.034153 
0.012547 0.084085 0.374682 0.207636 0.086504 0.063586 0.070575 0.049088 0.038144 0.013151 
0.020751 0.127528 0.280868 0.278389 0.090962 0.058953 0.037097 0.044496 0.028058 0.032898 
0.071524 0.452901 0.248983 0.085210 0.047767 0.021438 0.032660 0.012235 0.014605 0.012677 
0.043325 0.437840 0.292044 0.107183 0.040318 0.018549 0.020205 0.011210 0.019620 0.009707 
0.009950 0.257373 0.365544 0.247560 0.046877 0.021858 0.020511 0.009261 0.012631 0.008435 
0.019150 0.205682 0.242739 0.272836 0.059744 0.053343 0.072610 0.032479 0.025434 0.015983 
0.027118 0.294804 0.309292 0.165127 0.059846 0.034119 0.034976 0.016409 0.041438 0.016871 
0.045821 0.199101 0.229526 0.275589 0.066241 0.042865 0.049632 0.025288 0.051876 0.014061 
0.011844 0.089826 0.320365 0.340075 0.071488 0.052383 0.048480 0.013439 0.020256 0.031844 
0.014790 0.108867 0.456019 0.242635 0.051314 0.033033 0.025148 0.028407 0.018818 0.020970 
0.005883 0.126267 0.327370 0.351250 0.082491 0.034943 0.013593 0.017017 0.027383 0.013803 
