Dark-Horse,Katy-Peryy
0.000000 0.000000 0.000000 0.000000 0.000000 0.000000 0.000000 0.000000 0.000000 0.000000 
0.077659 0.181792 0.064343 0.055555 0.041534 0.126816 0.085431 0.121769 0.095975 0.149127 
0.010751 0.064935 0.074915 0.116062 0.243551 0.173467 0.146902 0.064032 0.056923 0.048462 
0.002977 0.057492 0.154563 0.148367 0.163835 0.171995 0.091106 0.103645 0.073599 0.032421 
0.001157 0.101243 0.129199 0.167684 0.195421 0.077993 0.156802 0.063000 0.061964 0.045536 
0.004865 0.087500 0.146957 0.165486 0.189372 0.102776 0.152862 0.059694 0.048994 0.041494 
0.002997 0.083146 0.204088 0.142772 0.262967 0.060155 0.104235 0.055333 0.050271 0.034035 
0.005672 0.134177 0.146544 0.082325 0.214602 0.082000 0.173720 0.041878 0.062388 0.056696 
0.001922 0.119527 0.247285 0.127802 0.191785 0.048658 0.135508 0.051164 0.046726 0.029623 
0.017732 0.294141 0.113539 0.096346 0.167948 0.119618 0.056096 0.053950 0.042794 0.037836 
0.017675 0.161430 0.127367 0.099881 0.205131 0.181991 0.051582 0.085770 0.042480 0.026694 
0.015403 0.295542 0.110318 0.050064 0.190039 0.095423 0.060513 0.047602 0.041503 0.093595 
0.049786 0.543935 0.068248 0.042998 0.085879 0.070462 0.025382 0.019446 0.023487 0.070377 
0.039713 0.464714 0.174345 0.062284 0.085717 0.087105 0.024916 0.020234 0.012961 0.028011 
0.022698 0.419807 0.197238 0.089939 0.093467 0.049199 0.037610 0.033220 0.027514 0.029309 
0.039191 0.473097 0.154404 0.069388 0.075003 0.045335 0.033512 0.049076 0.037551 0.023442 
0.028258 0.658226 0.109791 0.026680 0.067641 0.018747 0.030264 0.030672 0.012889 0.016832 
0.056302 0.719977 0.054284 0.021134 0.033747 0.018235 0.025592 0.043104 0.012107 0.015518 
0.026330 0.695234 0.088214 0.042187 0.047052 0.016022 0.018209 0.044583 0.015612 0.006557 
0.025239 0.630047 0.119526 0.068525 0.045209 0.019078 0.034484 0.023289 0.021436 0.013168 
0.102285 0.607735 0.120343 0.039565 0.025433 0.011037 0.042799 0.018716 0.018646 0.013441 
0.007370 0.587707 0.164933 0.059624 0.049868 0.023169 0.042469 0.026351 0.024390 0.014120 
0.144221 0.609091 0.111754 0.032184 0.028373 0.017008 0.026785 0.009571 0.010364 0.010648 
0.114278 0.757177 0.061055 0.015366 0.010385 0.006868 0.017530 0.007823 0.004004 0.005516 
0.042934 0.633299 0.138962 0.044252 0.046863 0.021635 0.028162 0.019380 0.015655 0.008859 
0.040301 0.581544 0.153091 0.060759 0.047347 0.030568 0.026940 0.026690 0.022275 0.010487 
0.017995 0.782154 0.098014 0.020656 0.036860 0.009271 0.015321 0.010322 0.004503 0.004904 
0.090621 0.715899 0.088047 0.025481 0.019949 0.011588 0.016048 0.012147 0.011122 0.009099 
0.104204 0.597082 0.127765 0.047117 0.036678 0.023073 0.022615 0.015822 0.015764 0.009879 
0.076328 0.645485 0.091780 0.051710 0.039435 0.022020 0.024188 0.017308 0.018534 0.013212 
0.036108 0.592718 0.145361 0.060886 0.047191 0.019703 0.029396 0.022913 0.023401 0.022322 
0.028963 0.619202 0.175732 0.044623 0.031802 0.026771 0.016122 0.021334 0.013733 0.021719 
0.105457 0.723587 0.077036 0.024738 0.016533 0.013569 0.011222 0.008806 0.008989 0.010063 
0.173921 0.626991 0.099857 0.020700 0.015058 0.020747 0.016837 0.006916 0.008002 0.010972 
0.004398 0.752202 0.074628 0.047135 0.049648 0.018664 0.011095 0.019258 0.012321 0.010651 
0.024469 0.623143 0.169011 0.036801 0.046821 0.020702 0.021139 0.033764 0.013052 0.011099 
0.032876 0.755833 0.098208 0.028600 0.032928 0.008806 0.011233 0.018978 0.006321 0.006216 
0.049944 0.674005 0.089305 0.022022 0.057274 0.019578 0.014546 0.046548 0.012784 0.013992 
0.103543 0.673672 0.061621 0.048319 0.042470 0.014852 0.012981 0.026736 0.008966 0.006840 
0.113987 0.606686 0.101466 0.017670 0.031371 0.020632 0.053543 0.020811 0.014395 0.019438 
0.161036 0.652091 0.081059 0.017784 0.028867 0.008415 0.029283 0.006698 0.006087 0.008680 
0.042891 0.610915 0.081508 0.066977 0.062386 0.025065 0.044675 0.037141 0.010703 0.017740 
0.027992 0.653616 0.099519 0.055261 0.049566 0.035264 0.039817 0.019066 0.013034 0.006866 
0.005590 0.659766 0.117382 0.060864 0.043751 0.020129 0.056538 0.014172 0.011032 0.010776 
0.152353 0.585615 0.069243 0.025836 0.039441 0.023836 0.060827 0.022235 0.010716 0.009899 
0.101036 0.573175 0.109000 0.055808 0.061268 0.018228 0.043998 0.007272 0.018635 0.011580 
0.091988 0.528056 0.113404 0.053771 0.058186 0.055738 0.056431 0.020553 0.010541 0.011333 
0.007009 0.552254 0.146590 0.058893 0.063404 0.032654 0.069809 0.039219 0.016478 0.013690 
0.110333 0.543276 0.114979 0.052807 0.053632 0.020406 0.054366 0.020199 0.017556 0.012446 
0.080885 0.589446 0.081932 0.048225 0.049947 0.050688 0.046147 0.022721 0.016649 0.013361 
0.033710 0.539962 0.112988 0.056736 0.027303 0.058954 0.064444 0.032042 0.018336 0.055524 
0.024376 0.493577 0.142667 0.090445 0.075375 0.043530 0.033482 0.027679 0.017405 0.051463 
0.014218 0.425279 0.155446 0.120304 0.068822 0.071134 0.048121 0.032196 0.016482 0.047998 
0.051738 0.349383 0.109022 0.126152 0.059688 0.096850 0.091690 0.018187 0.045817 0.051473 
0.100422 0.450063 0.067936 0.053738 0.099905 0.035021 0.081640 0.063440 0.029969 0.017866 
0.123546 0.500273 0.118154 0.041745 0.067362 0.020343 0.040571 0.045894 0.017515 0.024598 
0.092218 0.355819 0.157644 0.112621 0.083506 0.022774 0.074129 0.061498 0.017950 0.021841 
0.031781 0.362416 0.188798 0.087543 0.089534 0.040125 0.061273 0.086710 0.028930 0.022891 
0.042003 0.324705 0.176388 0.089395 0.074025 0.050060 0.125817 0.079594 0.023723 0.014290 
0.020820 0.333399 0.102470 0.108981 0.081194 0.017478 0.221413 0.049486 0.039319 0.025438 
0.021128 0.377766 0.183371 0.084727 0.081274 0.041103 0.116228 0.043693 0.012455 0.038254 
0.080822 0.315093 0.223440 0.111261 0.059432 0.043459 0.065422 0.050123 0.026915 0.024032 
0.069883 0.277839 0.232182 0.139393 0.063342 0.036063 0.092361 0.040882 0.023525 0.024529 
0.032653 0.173406 0.144769 0.165298 0.108233 0.062480 0.184692 0.072080 0.033595 0.022794 
0.014795 0.245694 0.173395 0.112214 0.080347 0.066106 0.192238 0.048411 0.030731 0.036069 
0.019485 0.249365 0.220508 0.121728 0.097256 0.075349 0.107428 0.044808 0.033769 0.030305 
0.020781 0.333681 0.184344 0.093774 0.070438 0.051156 0.110246 0.069905 0.032520 0.033154 
0.000693 0.227497 0.285686 0.110765 0.077001 0.033555 0.127108 0.052947 0.040197 0.044551 
0.026332 0.159438 0.181545 0.104400 0.102324 0.118762 0.194592 0.054616 0.025699 0.032292 
0.017978 0.123526 0.138605 0.088069 0.109996 0.151123 0.206005 0.049775 0.044676 0.070247 
0.017637 0.101767 0.151854 0.097879 0.101990 0.103926 0.204740 0.038580 0.063455 0.118173 
0.004408 0.081005 0.181190 0.132613 0.101358 0.110086 0.120992 0.084985 0.046717 0.136647 
0.002655 0.097373 0.244047 0.154009 0.106806 0.129040 0.110656 0.061665 0.036910 0.056839 
0.016034 0.096389 0.196283 0.074671 0.139832 0.089804 0.172056 0.043869 0.077397 0.093666 
0.002758 0.064504 0.104771 0.134400 0.196954 0.075514 0.178494 0.153164 0.052781 0.036660 
0.003677 0.044962 0.091075 0.145380 0.197885 0.103770 0.134635 0.184693 0.047294 0.046629 
0.006333 0.056797 0.213028 0.180401 0.152087 0.085917 0.071522 0.155625 0.036560 0.041730 
0.006962 0.052736 0.285502 0.129246 0.154826 0.052903 0.102148 0.139546 0.046147 0.029984 
0.003972 0.072736 0.232803 0.077234 0.107768 0.162540 0.181903 0.059720 0.067523 0.033802 
0.002240 0.037872 0.223508 0.112243 0.068814 0.238361 0.125749 0.091188 0.041764 0.058261 
0.008085 0.031685 0.185141 0.164129 0.150141 0.134044 0.109194 0.109701 0.033281 0.074599 
0.000828 0.021163 0.186537 0.138480 0.138364 0.120545 0.233964 0.083520 0.028221 0.048377 
0.007818 0.042793 0.297203 0.151201 0.091381 0.112591 0.153125 0.083806 0.034650 0.025432 
0.001372 0.081843 0.198633 0.098131 0.108541 0.121501 0.202270 0.078455 0.052935 0.056319 
0.019245 0.096705 0.205217 0.111256 0.075138 0.173013 0.134810 0.084817 0.038075 0.061725 
0.016406 0.105020 0.246635 0.143889 0.105023 0.126475 0.131889 0.046740 0.037147 0.040775 
0.019503 0.088090 0.289740 0.110468 0.106243 0.129790 0.186086 0.026668 0.019510 0.023904 
0.008662 0.056443 0.324627 0.157753 0.124859 0.085219 0.164044 0.042848 0.011806 0.023739 
0.013228 0.084391 0.213929 0.123494 0.138119 0.253200 0.090114 0.020995 0.034781 0.027749 
0.008170 0.068631 0.250558 0.124794 0.071216 0.231000 0.076599 0.051364 0.049344 0.068323 
0.019351 0.108763 0.314145 0.100138 0.035975 0.174976 0.063733 0.032929 0.040936 0.109055 
0.016675 0.091308 0.281294 0.129747 0.095484 0.159701 0.085564 0.022572 0.037189 0.080464 
0.012538 0.055661 0.272485 0.176032 0.120938 0.164024 0.044429 0.052857 0.032211 0.068825 
0.002211 0.031713 0.177225 0.070996 0.211970 0.240247 0.057232 0.110329 0.064970 0.033108 
0.002647 0.033581 0.208884 0.120615 0.209953 0.179913 0.062800 0.133853 0.024864 0.022889 
0.003781 0.064117 0.244588 0.131963 0.161090 0.103721 0.069916 0.149563 0.046394 0.024867 
0.006521 0.056536 0.247945 0.093777 0.178333 0.128421 0.071613 0.144884 0.041738 0.030232 
0.013601 0.078719 0.191176 0.111024 0.195261 0.135113 0.084143 0.106455 0.037424 0.047085 
0.005681 0.032502 0.165378 0.120568 0.077188 0.226340 0.193439 0.065055 0.050241 0.063608 
0.000000 0.034290 0.181484 0.138462 0.111186 0.203627 0.124202 0.130748 0.033540 0.042460 
0.002174 0.050694 0.184983 0.158844 0.126447 0.131325 0.167927 0.087262 0.037539 0.052804 
0.005416 0.050568 0.217924 0.092438 0.106508 0.179839 0.193760 0.086554 0.031715 0.035279 
0.006566 0.059563 0.223849 0.083878 0.149370 0.199745 0.175838 0.052931 0.027506 0.020755 
0.015460 0.093747 0.181135 0.083989 0.074654 0.251757 0.177314 0.053912 0.043178 0.024855 
0.005935 0.029642 0.108665 0.133992 0.164429 0.211389 0.149914 0.130209 0.036720 0.029106 
0.008307 0.044383 0.106616 0.137250 0.168814 0.151201 0.180102 0.060947 0.108161 0.034220 
0.005184 0.039517 0.116680 0.115935 0.217747 0.148590 0.153229 0.043078 0.052772 0.107269 
0.003320 0.028323 0.078962 0.081963 0.231301 0.290194 0.088592 0.040965 0.051051 0.105329 
0.005759 0.037998 0.053900 0.046884 0.394248 0.251931 0.068766 0.014823 0.049596 0.076095 
0.000450 0.014587 0.100084 0.055645 0.445796 0.186835 0.067229 0.036768 0.034600 0.058007 
0.008089 0.043775 0.056594 0.059244 0.301560 0.325380 0.081379 0.052261 0.027778 0.043940 
0.002229 0.016669 0.074515 0.057348 0.278812 0.369101 0.090706 0.050792 0.037542 0.022286 
0.005435 0.023094 0.069902 0.052266 0.177724 0.574568 0.048363 0.019042 0.013779 0.015826 
0.005751 0.023430 0.056806 0.065118 0.170049 0.558938 0.056185 0.026195 0.020626 0.016901 
0.002358 0.010071 0.037433 0.050969 0.168267 0.492895 0.107378 0.057469 0.041874 0.031287 
0.000160 0.007624 0.039484 0.033065 0.118511 0.562754 0.120005 0.058807 0.034305 0.025285 
0.002176 0.020731 0.066899 0.055867 0.096188 0.276160 0.387193 0.054437 0.017778 0.022572 
0.010056 0.044276 0.049423 0.076796 0.104384 0.112130 0.489190 0.070160 0.030988 0.012597 
0.006021 0.050652 0.038188 0.027332 0.063802 0.087354 0.597053 0.075721 0.035677 0.018201 
0.000272 0.026041 0.058256 0.022705 0.047433 0.079537 0.551590 0.119351 0.054955 0.039860 
0.003013 0.047019 0.078171 0.043538 0.065048 0.038734 0.649389 0.030407 0.028437 0.016244 
0.007357 0.025231 0.034158 0.048180 0.080388 0.102195 0.554401 0.085964 0.039144 0.022982 
0.005360 0.062789 0.056012 0.061253 0.130614 0.109909 0.472753 0.054923 0.025812 0.020576 
0.003945 0.035038 0.030410 0.038979 0.090996 0.314086 0.332627 0.071369 0.049370 0.033180 
0.004820 0.058060 0.052723 0.059362 0.056147 0.416126 0.261493 0.047564 0.022676 0.021029 
0.000078 0.034599 0.084580 0.061147 0.100880 0.425557 0.110774 0.048419 0.043300 0.090667 
0.008572 0.057756 0.062710 0.081170 0.208580 0.416626 0.076923 0.036780 0.018931 0.031952 
0.006301 0.033380 0.064654 0.080653 0.351568 0.256374 0.057355 0.026765 0.073091 0.049858 
0.008987 0.147912 0.122145 0.079974 0.229797 0.102097 0.041291 0.025923 0.130266 0.111607 
0.012528 0.129542 0.112041 0.064414 0.249645 0.124122 0.048208 0.043370 0.143438 0.072690 
0.002049 0.086036 0.121297 0.083385 0.300386 0.143937 0.080306 0.074029 0.044165 0.064409 
0.006316 0.069006 0.062197 0.123513 0.274844 0.116824 0.061278 0.176663 0.037522 0.071836 
0.001246 0.028109 0.094125 0.106172 0.229987 0.122124 0.184457 0.169939 0.029786 0.034056 
0.007036 0.089473 0.103559 0.084322 0.173371 0.120926 0.188871 0.125529 0.049529 0.057384 
0.015014 0.109605 0.102670 0.096553 0.136113 0.134009 0.175283 0.138136 0.055052 0.037566 
0.009415 0.103448 0.148589 0.098380 0.130420 0.157058 0.185129 0.065813 0.044236 0.057512 
0.004237 0.090639 0.114409 0.082904 0.177080 0.108218 0.247824 0.077720 0.047524 0.049446 
0.006686 0.131972 0.165423 0.114303 0.209492 0.044423 0.187517 0.064676 0.026343 0.049165 
0.015870 0.254045 0.170763 0.100731 0.136433 0.043393 0.184449 0.038649 0.032643 0.023024 
0.020087 0.251597 0.214649 0.082630 0.072189 0.032630 0.194403 0.063761 0.042346 0.025707 
0.010293 0.206798 0.121218 0.108757 0.155070 0.029999 0.269691 0.049568 0.020369 0.028236 
0.013476 0.235364 0.145041 0.092596 0.155551 0.034127 0.201100 0.072856 0.025258 0.024630 
0.009719 0.204782 0.222558 0.095491 0.191506 0.074176 0.104515 0.045106 0.024366 0.027781 
0.012821 0.210213 0.168866 0.066223 0.120573 0.138981 0.174387 0.044739 0.033852 0.029344 
0.000303 0.105664 0.184974 0.119256 0.135587 0.092956 0.199070 0.052691 0.040922 0.068578 
0.002031 0.132013 0.193350 0.117366 0.182526 0.176839 0.084338 0.042359 0.030207 0.038970 
0.014100 0.187866 0.083799 0.090179 0.210715 0.209394 0.052540 0.057021 0.054776 0.039610 
0.007214 0.074760 0.131755 0.094532 0.257672 0.126785 0.068405 0.065140 0.056906 0.116829 
0.004619 0.031828 0.127780 0.082493 0.262632 0.131876 0.105487 0.047823 0.057819 0.147643 
0.015810 0.111105 0.195549 0.078722 0.126713 0.216769 0.059255 0.045269 0.041162 0.109646 
0.017189 0.133061 0.165869 0.092261 0.206928 0.125305 0.066177 0.074936 0.041603 0.076670 
0.013730 0.146034 0.064831 0.109475 0.269378 0.117264 0.087552 0.127224 0.029431 0.035081 
0.010330 0.092879 0.101056 0.094428 0.302281 0.086063 0.081246 0.152714 0.046291 0.032712 
0.004564 0.062914 0.200226 0.060392 0.104465 0.122481 0.101002 0.235468 0.051691 0.056797 
0.002354 0.027491 0.177542 0.099875 0.246160 0.101451 0.073355 0.180875 0.064177 0.026719 
0.005379 0.106944 0.190153 0.053009 0.124420 0.111346 0.286251 0.045597 0.033674 0.043228 
0.002723 0.087823 0.188848 0.080898 0.169695 0.066371 0.278988 0.056309 0.013644 0.054701 
0.014208 0.122783 0.219876 0.126004 0.175734 0.051648 0.171146 0.053437 0.029743 0.035423 
0.022640 0.189249 0.233251 0.149730 0.102039 0.062226 0.134814 0.052304 0.029245 0.024502 
0.009693 0.129659 0.202813 0.160183 0.078386 0.050952 0.233009 0.057465 0.032493 0.045347 
0.006494 0.104659 0.158764 0.088972 0.145107 0.108308 0.190247 0.082914 0.063608 0.050928 
0.000889 0.075351 0.193030 0.085384 0.137751 0.055206 0.306151 0.052984 0.038851 0.054401 
0.006770 0.133980 0.147456 0.148868 0.165200 0.095828 0.182216 0.053657 0.034264 0.031760 
0.010851 0.136167 0.120186 0.125020 0.091523 0.094621 0.277151 0.061554 0.040839 0.042090 
0.003060 0.122795 0.177265 0.132350 0.113721 0.081669 0.214840 0.075807 0.048233 0.030260 
0.015608 0.159700 0.099070 0.072492 0.080787 0.200771 0.174167 0.060569 0.052916 0.083922 
0.010008 0.105320 0.135862 0.095706 0.148939 0.169731 0.172645 0.037498 0.022577 0.101713 
0.005675 0.073355 0.121643 0.166351 0.082689 0.169935 0.151985 0.038869 0.035191 0.154309 
0.004035 0.039825 0.178380 0.172554 0.096934 0.238010 0.077882 0.039066 0.041074 0.112240 
0.006416 0.026440 0.189888 0.164459 0.079720 0.273217 0.106347 0.028470 0.025878 0.099166 
0.007860 0.056442 0.043443 0.117897 0.236829 0.094801 0.172552 0.180602 0.034535 0.055039 
0.007345 0.046858 0.131830 0.120557 0.235690 0.064168 0.160430 0.154190 0.036314 0.042618 
0.007292 0.045598 0.162986 0.176090 0.205386 0.063507 0.120433 0.142303 0.049682 0.026724 
0.008970 0.077714 0.238808 0.171589 0.162787 0.048399 0.077751 0.145805 0.046576 0.021600 
0.013373 0.090541 0.282182 0.183039 0.136427 0.054349 0.115893 0.068327 0.020030 0.035838 
0.011902 0.067413 0.221062 0.075909 0.136774 0.093603 0.274349 0.056965 0.021808 0.040215 
0.012518 0.094227 0.343949 0.120126 0.071411 0.042615 0.167609 0.079495 0.017724 0.050325 
0.018844 0.122059 0.296705 0.118719 0.076472 0.098223 0.145668 0.056846 0.031580 0.034882 
0.019024 0.122518 0.388886 0.129095 0.086575 0.047334 0.123314 0.039123 0.020643 0.023490 
0.011159 0.048265 0.355651 0.126957 0.096074 0.087228 0.169899 0.053279 0.027797 0.023691 
0.000585 0.064432 0.175184 0.088843 0.107625 0.117749 0.310038 0.059956 0.024442 0.051146 
0.004934 0.071961 0.328413 0.129713 0.120776 0.049718 0.167383 0.061482 0.025183 0.040436 
0.007850 0.033958 0.319888 0.133171 0.112912 0.112664 0.166515 0.035996 0.022768 0.054279 
0.009949 0.039985 0.320409 0.186900 0.097449 0.034515 0.222111 0.044795 0.021084 0.022803 
0.005214 0.044312 0.180292 0.188503 0.072477 0.113984 0.220792 0.075794 0.038423 0.060209 
0.009411 0.049444 0.236558 0.142626 0.077840 0.185165 0.183721 0.034637 0.020829 0.059769 
0.010528 0.054676 0.288936 0.148409 0.078384 0.109090 0.138705 0.044252 0.019372 0.107647 
0.016973 0.090510 0.267097 0.144781 0.100766 0.116198 0.108656 0.047048 0.026065 0.081905 
0.013037 0.096012 0.271601 0.125927 0.070703 0.167348 0.108692 0.038892 0.038093 0.069697 
0.004938 0.025913 0.168516 0.105241 0.104312 0.168528 0.211749 0.047782 0.051099 0.111922 
0.003113 0.022247 0.159620 0.146294 0.205201 0.041601 0.169152 0.159455 0.043045 0.050273 
0.000062 0.026400 0.181409 0.165727 0.194669 0.077305 0.113221 0.166168 0.026729 0.048309 
0.006529 0.043084 0.165028 0.168345 0.183668 0.078949 0.115671 0.183834 0.028735 0.026156 
0.006321 0.041541 0.108088 0.161698 0.200967 0.077760 0.095288 0.188961 0.075192 0.044182 
0.003734 0.031376 0.151857 0.092637 0.107785 0.189527 0.182118 0.124464 0.056613 0.059890 
0.009585 0.064504 0.182555 0.089355 0.114217 0.183731 0.190277 0.075120 0.045080 0.045575 
0.016518 0.086180 0.239809 0.135791 0.118615 0.143485 0.121975 0.066155 0.037038 0.034434 
0.009475 0.077954 0.249363 0.144357 0.112056 0.105220 0.214587 0.037061 0.022871 0.027055 
0.003914 0.035948 0.260880 0.148868 0.125921 0.138989 0.171209 0.051946 0.030231 0.032094 
0.007280 0.048750 0.190998 0.107771 0.086419 0.166504 0.241484 0.075443 0.031452 0.043897 
0.004466 0.042370 0.204289 0.088637 0.100585 0.236189 0.189936 0.074708 0.032671 0.026148 
0.002778 0.065175 0.250307 0.121414 0.123866 0.169691 0.119132 0.098043 0.027748 0.021846 
0.010681 0.090741 0.175234 0.128028 0.171996 0.136962 0.178598 0.035355 0.026806 0.045599 
0.004664 0.045374 0.206471 0.151027 0.141686 0.133213 0.201524 0.054468 0.024138 0.037435 
0.000611 0.048624 0.103552 0.087639 0.156619 0.376005 0.058727 0.089972 0.041629 0.036621 
0.000812 0.052453 0.143867 0.091701 0.107608 0.304162 0.124653 0.060833 0.045655 0.068255 
0.005468 0.048467 0.217521 0.102835 0.185304 0.124151 0.075110 0.038384 0.050817 0.151943 
0.001186 0.035495 0.226118 0.104546 0.115136 0.253743 0.089761 0.025134 0.031647 0.117234 
0.008432 0.052498 0.323833 0.164977 0.102206 0.122184 0.063878 0.043425 0.026212 0.092356 
0.003942 0.021559 0.116788 0.089737 0.168409 0.281514 0.101653 0.107290 0.071594 0.037512 
0.002478 0.026681 0.153328 0.097007 0.213549 0.200815 0.058394 0.175954 0.041523 0.030270 
0.005983 0.038399 0.221395 0.098788 0.160998 0.144001 0.106584 0.169716 0.034680 0.019455 
0.007393 0.049840 0.247376 0.126613 0.152235 0.112520 0.052535 0.209370 0.029937 0.012181 
0.006528 0.029291 0.299868 0.136494 0.201374 0.052777 0.056112 0.137065 0.049291 0.031200 
0.013405 0.071177 0.307049 0.132709 0.079541 0.107575 0.165698 0.055104 0.041097 0.026645 
0.009076 0.031482 0.412129 0.181638 0.117859 0.103741 0.061673 0.046386 0.017550 0.018465 
0.005306 0.030773 0.173153 0.270258 0.102113 0.136659 0.107410 0.075311 0.058512 0.040505 
0.008660 0.044469 0.147057 0.148294 0.060557 0.201099 0.266813 0.045108 0.067359 0.010586 
0.010592 0.059430 0.178017 0.120029 0.065863 0.061363 0.355425 0.038465 0.084334 0.026482 
0.002811 0.023707 0.078285 0.057661 0.078892 0.168808 0.120251 0.382780 0.054071 0.032735 
0.003144 0.007372 0.112467 0.045832 0.092398 0.081833 0.148565 0.271559 0.178907 0.057921 
0.010614 0.050368 0.122539 0.084156 0.075755 0.076517 0.171060 0.289455 0.080726 0.038809 
0.015154 0.084928 0.171570 0.089524 0.084281 0.074829 0.246117 0.154741 0.037097 0.041758 
0.018025 0.112831 0.264168 0.102389 0.111597 0.116621 0.142749 0.075093 0.030231 0.026297 
0.020162 0.112628 0.215843 0.044737 0.086044 0.274164 0.080182 0.026238 0.065933 0.074069 
0.019272 0.069286 0.261885 0.064783 0.054932 0.171139 0.072200 0.110709 0.062445 0.113350 
0.018811 0.107315 0.290428 0.110202 0.072521 0.133059 0.036873 0.061531 0.045794 0.123468 
0.016459 0.135184 0.252359 0.110245 0.084797 0.166481 0.076038 0.031863 0.040011 0.086564 
0.016233 0.128398 0.195164 0.103452 0.081503 0.218716 0.056544 0.042798 0.060400 0.096792 
0.010122 0.044752 0.183650 0.080100 0.201357 0.216863 0.081433 0.082387 0.070189 0.029146 
0.001898 0.042412 0.231375 0.070099 0.138772 0.269324 0.069513 0.128261 0.023563 0.024782 
0.013142 0.107585 0.266861 0.102745 0.130860 0.119583 0.042461 0.149130 0.043198 0.024435 
0.007821 0.053814 0.334057 0.105932 0.182184 0.067692 0.060217 0.121018 0.043159 0.024106 
0.000474 0.020697 0.115060 0.090275 0.163326 0.240942 0.082076 0.124358 0.148353 0.014438 
0.002936 0.014534 0.050040 0.053062 0.104472 0.077203 0.156552 0.109914 0.362585 0.068701 
0.000684 0.014527 0.087007 0.083543 0.085508 0.103042 0.125612 0.081984 0.343707 0.074386 
0.003519 0.045988 0.154165 0.127173 0.090273 0.189296 0.204877 0.031185 0.111614 0.041910 
0.001768 0.036055 0.148519 0.175690 0.120927 0.119392 0.206400 0.096747 0.058848 0.035653 
0.007603 0.026413 0.076309 0.083165 0.086463 0.081032 0.414590 0.087119 0.097792 0.039514 
0.005288 0.021667 0.059994 0.039148 0.110815 0.227298 0.327461 0.048264 0.139328 0.020738 
0.006929 0.033985 0.093258 0.096507 0.065552 0.088119 0.173915 0.061484 0.300536 0.079716 
0.000334 0.014050 0.114714 0.065523 0.052800 0.394429 0.200469 0.048804 0.085482 0.023394 
0.001991 0.038727 0.149834 0.193219 0.134331 0.201792 0.131435 0.030744 0.094517 0.023409 
0.007517 0.066876 0.160621 0.217237 0.128031 0.186159 0.104009 0.038061 0.071712 0.019779 
0.002496 0.019891 0.119430 0.254257 0.153697 0.143702 0.116204 0.052212 0.099640 0.038471 
0.003026 0.045043 0.160490 0.226044 0.071244 0.134678 0.151160 0.037266 0.084364 0.086685 
0.004305 0.022151 0.175277 0.254241 0.100341 0.059795 0.186694 0.017216 0.093955 0.086025 
0.001103 0.020868 0.147861 0.133080 0.113537 0.147603 0.263109 0.035781 0.097825 0.039233 
0.000829 0.016740 0.082590 0.080151 0.097408 0.359088 0.223706 0.045258 0.054788 0.039442 
0.005781 0.018255 0.061812 0.068828 0.114001 0.466751 0.122643 0.055460 0.063465 0.023005 
0.005697 0.013132 0.202445 0.105731 0.114034 0.319537 0.085255 0.087697 0.038524 0.027950 
0.015372 0.058836 0.209950 0.119453 0.175413 0.104894 0.091452 0.166695 0.032713 0.025222 
0.000152 0.049340 0.223197 0.147824 0.195385 0.077291 0.107957 0.144822 0.028921 0.025112 
0.010135 0.058647 0.191026 0.074297 0.177869 0.146891 0.207894 0.049891 0.061205 0.022144 
0.002409 0.051095 0.201244 0.080702 0.224943 0.181279 0.124047 0.061288 0.042141 0.030852 
0.008654 0.094182 0.256943 0.089654 0.187970 0.101190 0.105673 0.102555 0.019798 0.033381 
0.007045 0.049572 0.268950 0.116879 0.119189 0.076015 0.220324 0.079375 0.028570 0.034082 
0.004957 0.063503 0.291702 0.142143 0.164619 0.072404 0.146968 0.052083 0.033930 0.027691 
0.003271 0.055525 0.169326 0.083546 0.142389 0.166759 0.203728 0.092103 0.049891 0.033462 
0.005033 0.066659 0.175505 0.108634 0.196680 0.172831 0.139500 0.060722 0.044699 0.029736 
0.001815 0.049505 0.330994 0.138691 0.120375 0.114521 0.106727 0.062906 0.026730 0.047735 
0.011480 0.050346 0.273251 0.161181 0.115751 0.080769 0.188070 0.055108 0.034363 0.029682 
0.002571 0.070283 0.199220 0.152617 0.153939 0.119610 0.168817 0.066595 0.035742 0.030607 
0.000308 0.034585 0.156309 0.075397 0.246901 0.213981 0.079280 0.047734 0.065419 0.080086 
0.001563 0.050826 0.167580 0.047596 0.220405 0.227223 0.083061 0.043819 0.046969 0.110960 
0.009513 0.081419 0.222097 0.094698 0.146374 0.150636 0.064726 0.057034 0.034223 0.139280 
0.008438 0.046840 0.238908 0.136773 0.116538 0.212703 0.058726 0.028390 0.036512 0.116174 
0.003395 0.049818 0.252292 0.109623 0.125803 0.199641 0.068677 0.042644 0.037106 0.111001 
0.000258 0.023746 0.137854 0.068260 0.325433 0.149806 0.048048 0.153742 0.058384 0.034469 
0.001012 0.049676 0.184858 0.053416 0.326323 0.134756 0.026615 0.142009 0.055975 0.025360 
0.001751 0.044408 0.275060 0.091302 0.154498 0.086346 0.053342 0.184408 0.035465 0.073421 
0.010657 0.061755 0.159411 0.178713 0.162674 0.067119 0.032188 0.208182 0.068059 0.051243 
0.007589 0.044485 0.208272 0.160884 0.226589 0.075349 0.087851 0.100775 0.037946 0.050260 
0.007406 0.057640 0.175948 0.122432 0.270900 0.034865 0.176864 0.086100 0.033071 0.034774 
0.000873 0.110044 0.201426 0.130897 0.261048 0.030107 0.123477 0.064775 0.047316 0.030037 
0.015658 0.172761 0.180152 0.111237 0.193188 0.028259 0.156852 0.063350 0.036116 0.042427 
0.014187 0.171873 0.201536 0.099735 0.108383 0.061216 0.195561 0.077977 0.030717 0.038817 
0.018524 0.124569 0.261338 0.089197 0.158414 0.082056 0.156664 0.039286 0.029604 0.040347 
0.018301 0.095676 0.181077 0.131579 0.233591 0.024552 0.155504 0.067967 0.039070 0.052683 
0.003170 0.112431 0.139835 0.108546 0.302886 0.093079 0.090746 0.051629 0.055154 0.042523 
0.005855 0.133867 0.072052 0.183536 0.129783 0.280444 0.081979 0.027352 0.055471 0.029662 
0.005088 0.092027 0.173368 0.094132 0.119350 0.080707 0.285743 0.056572 0.061043 0.031969 
0.000684 0.118677 0.125323 0.151630 0.163504 0.107805 0.162976 0.063265 0.077824 0.028312 
0.000095 0.051290 0.085013 0.184281 0.182945 0.118333 0.181235 0.074426 0.073764 0.048618 
0.010888 0.085423 0.169744 0.120065 0.191882 0.134061 0.093844 0.043283 0.063872 0.086938 
0.018862 0.168477 0.196665 0.082114 0.174669 0.127207 0.050340 0.036718 0.032546 0.112403 
0.003499 0.201459 0.064739 0.193572 0.099070 0.173556 0.127838 0.037971 0.044691 0.053605 
0.012507 0.121970 0.056735 0.107442 0.066310 0.102966 0.386423 0.059262 0.032284 0.054103 
0.014307 0.055448 0.031068 0.099852 0.137602 0.093669 0.401086 0.108673 0.042539 0.015755 
0.001553 0.063116 0.052148 0.082351 0.118518 0.076694 0.445861 0.098835 0.034934 0.025989 
0.000089 0.077233 0.094977 0.050387 0.078991 0.222985 0.319007 0.083801 0.051891 0.020639 
0.008064 0.087107 0.085564 0.056197 0.224659 0.342408 0.070727 0.079058 0.022583 0.023634 
0.001264 0.090803 0.094597 0.109824 0.193663 0.221405 0.155694 0.075336 0.030337 0.027077 
0.007862 0.071072 0.105135 0.098759 0.244501 0.166099 0.185373 0.061412 0.028389 0.031398 
0.008053 0.114748 0.191000 0.101064 0.248185 0.042941 0.150605 0.074531 0.036982 0.031892 
0.006112 0.197236 0.157802 0.079263 0.118376 0.055141 0.210966 0.068180 0.053839 0.053084 
0.012936 0.082692 0.197875 0.092982 0.122592 0.127901 0.199267 0.071291 0.054660 0.037805 
0.007298 0.181665 0.181597 0.075427 0.164042 0.077717 0.192967 0.062632 0.022702 0.033953 
0.006350 0.127745 0.105569 0.071444 0.260346 0.103201 0.153753 0.087197 0.041260 0.043136 
0.002791 0.119389 0.180085 0.094077 0.273373 0.060902 0.121039 0.057799 0.037598 0.052947 
0.000512 0.166102 0.153175 0.054901 0.139012 0.083374 0.218304 0.077083 0.051929 0.055607 
0.007523 0.113104 0.187097 0.103879 0.159822 0.062920 0.220534 0.038788 0.041613 0.064719 
0.009518 0.156470 0.130139 0.092494 0.252002 0.154252 0.047257 0.073825 0.039330 0.044712 
0.009559 0.154288 0.107315 0.097795 0.231025 0.142663 0.087080 0.051390 0.041714 0.077170 
0.007067 0.101772 0.135147 0.095010 0.177282 0.137399 0.052595 0.063654 0.055839 0.174233 
0.009128 0.052123 0.100925 0.089484 0.199961 0.192232 0.083960 0.058583 0.064448 0.149154 
0.006814 0.072553 0.152707 0.093193 0.154470 0.240875 0.068184 0.039007 0.059520 0.112677 
0.002335 0.036569 0.092593 0.117809 0.346637 0.113703 0.070106 0.154940 0.034537 0.030772 
0.007516 0.115035 0.104413 0.096160 0.265385 0.048797 0.073595 0.161198 0.065411 0.062491 
0.009593 0.075485 0.085397 0.111933 0.275414 0.053611 0.078552 0.193045 0.063985 0.052985 
0.000464 0.039489 0.166308 0.104708 0.244082 0.055408 0.071827 0.226749 0.038795 0.052171 
0.004372 0.136199 0.191579 0.098704 0.200137 0.059205 0.106092 0.091318 0.043373 0.069022 
0.003580 0.096111 0.144550 0.047158 0.157886 0.093074 0.306391 0.051680 0.041851 0.057719 
0.001831 0.096939 0.239536 0.104276 0.182657 0.058189 0.165936 0.073915 0.038889 0.037833 
0.003535 0.102757 0.276664 0.139763 0.173178 0.048808 0.119808 0.078944 0.025587 0.030957 
0.010717 0.099524 0.256226 0.137845 0.162542 0.044892 0.151371 0.077388 0.029772 0.029723 
0.019443 0.107594 0.264822 0.142681 0.099680 0.088778 0.166362 0.048495 0.020643 0.041503 
0.016486 0.082192 0.247232 0.097250 0.119915 0.100947 0.253719 0.050538 0.012823 0.018899 
0.010802 0.080895 0.320220 0.136309 0.092344 0.081710 0.162813 0.038667 0.018180 0.058060 
0.010870 0.037156 0.169101 0.401260 0.079173 0.063581 0.112681 0.038173 0.042911 0.045094 
0.001858 0.056869 0.193208 0.381811 0.091562 0.088537 0.116894 0.018506 0.037410 0.013346 
0.024457 0.079255 0.166700 0.145564 0.099873 0.108308 0.206868 0.070602 0.045828 0.052544 
0.015566 0.063433 0.135788 0.266616 0.130620 0.121719 0.125538 0.055887 0.025485 0.059347 
0.006235 0.031959 0.116258 0.415748 0.109566 0.080306 0.097178 0.037409 0.038924 0.066417 
0.011583 0.033850 0.273695 0.227032 0.145785 0.115816 0.060721 0.033154 0.023706 0.074656 
0.005583 0.050343 0.337234 0.146597 0.081623 0.170728 0.066007 0.032636 0.039806 0.069443 
0.008842 0.018139 0.194290 0.209479 0.079817 0.178426 0.152533 0.049174 0.050173 0.059127 
0.000919 0.011020 0.071179 0.197329 0.176778 0.027704 0.296454 0.122678 0.042573 0.053366 
0.004640 0.025538 0.135244 0.070852 0.129144 0.021546 0.359832 0.141729 0.019845 0.091631 
0.001182 0.027835 0.132023 0.065240 0.080385 0.048345 0.364788 0.121451 0.043249 0.115502 
0.007868 0.048324 0.119534 0.063778 0.094849 0.190589 0.331984 0.074818 0.040283 0.027972 
0.010904 0.063310 0.109068 0.049071 0.209396 0.331807 0.143199 0.056808 0.017417 0.009020 
0.003009 0.036050 0.142628 0.098318 0.358485 0.076138 0.194897 0.044772 0.015958 0.029746 
0.007042 0.089732 0.203646 0.136039 0.110128 0.066644 0.203903 0.078867 0.054877 0.049121 
0.001301 0.088064 0.319997 0.179159 0.078771 0.059798 0.102640 0.086254 0.053458 0.030558 
0.013302 0.099561 0.294761 0.189675 0.105932 0.038532 0.167811 0.041098 0.027824 0.021504 
0.015431 0.071610 0.202975 0.102009 0.149788 0.087553 0.243978 0.068332 0.022754 0.035571 
0.009985 0.060178 0.236821 0.140691 0.087321 0.082650 0.248110 0.073556 0.022513 0.038175 
0.015530 0.104405 0.263686 0.151578 0.095009 0.084759 0.150941 0.060007 0.037150 0.036935 
0.017172 0.104325 0.299490 0.126544 0.113925 0.053719 0.166761 0.057417 0.022498 0.038149 
0.016614 0.078132 0.346343 0.149009 0.095812 0.070925 0.157730 0.053362 0.015640 0.016431 
0.012485 0.043499 0.257568 0.092355 0.116155 0.167138 0.171035 0.079109 0.012827 0.047828 
0.007593 0.073013 0.169058 0.079896 0.074603 0.192935 0.241051 0.064410 0.025354 0.072087 
0.013088 0.064483 0.176816 0.088144 0.081519 0.156885 0.211602 0.039948 0.048103 0.119413 
0.011796 0.061896 0.234691 0.111709 0.099834 0.189021 0.118965 0.043793 0.021224 0.107070 
0.012642 0.090392 0.304914 0.145321 0.086483 0.186029 0.105302 0.035932 0.016582 0.016403 
0.016766 0.087509 0.195518 0.094015 0.166737 0.109956 0.177797 0.090718 0.027794 0.033191 
0.003772 0.035009 0.109573 0.093583 0.211869 0.080151 0.172100 0.203993 0.030622 0.059328 
0.003211 0.031796 0.102558 0.170700 0.185328 0.089414 0.146243 0.191016 0.049196 0.030538 
0.008603 0.060283 0.218056 0.160976 0.182215 0.087440 0.060425 0.167067 0.029037 0.025898 
0.014107 0.085250 0.260065 0.132449 0.149796 0.048682 0.116154 0.127099 0.052036 0.014362 
0.007069 0.072839 0.245559 0.090234 0.108768 0.175168 0.170114 0.052777 0.046495 0.030978 
0.005548 0.042287 0.242245 0.137432 0.080456 0.205012 0.129603 0.079774 0.025067 0.052577 
0.006352 0.049473 0.216010 0.179243 0.157708 0.107001 0.095114 0.094696 0.017336 0.077068 
0.012183 0.052800 0.218570 0.109073 0.104923 0.141984 0.238267 0.082365 0.009947 0.029887 
0.006017 0.063460 0.301843 0.150192 0.090126 0.098469 0.162793 0.076992 0.021730 0.028376 
0.004144 0.084828 0.161476 0.100954 0.090418 0.186458 0.211160 0.051121 0.065682 0.043760 
0.006983 0.056759 0.260554 0.118138 0.089256 0.176839 0.120267 0.098399 0.025315 0.047489 
0.000782 0.062798 0.339208 0.161141 0.106288 0.123296 0.107503 0.029940 0.016680 0.052365 
0.012180 0.080434 0.285359 0.138289 0.111471 0.128852 0.190851 0.023619 0.012033 0.016913 
0.011358 0.094608 0.301819 0.140468 0.136030 0.070928 0.173024 0.030795 0.012163 0.028807 
0.008949 0.045662 0.255981 0.068306 0.141821 0.280834 0.089726 0.018948 0.029183 0.060590 
0.010387 0.062936 0.259013 0.118000 0.067002 0.220406 0.064795 0.063491 0.034025 0.099946 
0.013870 0.100288 0.315557 0.113798 0.050669 0.148358 0.066970 0.049769 0.023925 0.116796 
0.002896 0.077856 0.298229 0.120257 0.111578 0.147686 0.089151 0.045844 0.024097 0.082406 
0.009863 0.083367 0.236071 0.167554 0.120485 0.171623 0.069298 0.049042 0.024284 0.068413 
0.007390 0.046235 0.170696 0.079648 0.196456 0.229371 0.041482 0.121461 0.069110 0.038151 
0.012009 0.082984 0.202155 0.088032 0.193386 0.173744 0.066854 0.142658 0.017223 0.020956 
0.013879 0.083392 0.246103 0.122099 0.159332 0.086300 0.081444 0.155621 0.021777 0.030053 
0.009716 0.070158 0.245572 0.111215 0.160860 0.110404 0.056461 0.139728 0.052776 0.043109 
0.007466 0.066452 0.218416 0.114655 0.171046 0.161056 0.123129 0.093574 0.018830 0.025376 
0.001707 0.025513 0.120119 0.108694 0.064477 0.240932 0.224868 0.091435 0.050293 0.071963 
0.006534 0.054248 0.183272 0.143472 0.102383 0.192989 0.099610 0.129080 0.045319 0.043095 
0.011866 0.088726 0.208112 0.129969 0.090651 0.143006 0.182894 0.070646 0.030318 0.043814 
0.011381 0.074425 0.214598 0.120202 0.087867 0.157784 0.186819 0.082427 0.032858 0.031638 
0.004774 0.063021 0.175129 0.088893 0.146966 0.204277 0.160188 0.094662 0.036710 0.025381 
0.001008 0.015417 0.111142 0.074035 0.066619 0.141196 0.205187 0.185729 0.133406 0.066260 
0.006267 0.033336 0.082194 0.055411 0.108033 0.150842 0.128795 0.211151 0.148703 0.075267 
0.004712 0.026559 0.101487 0.054167 0.103869 0.057249 0.228652 0.251326 0.063408 0.108571 
0.003661 0.018192 0.135211 0.055079 0.115976 0.093713 0.214633 0.209778 0.045839 0.107919 
0.000131 0.023788 0.136000 0.055057 0.113065 0.137904 0.210168 0.173889 0.046068 0.103930 
0.007779 0.040824 0.115574 0.056916 0.111537 0.124560 0.266612 0.081121 0.127600 0.067478 
0.001996 0.029850 0.180777 0.078990 0.074060 0.107551 0.213394 0.060911 0.193149 0.059322 
0.000734 0.043916 0.165595 0.063703 0.091554 0.104354 0.182616 0.115125 0.145326 0.087077 
0.008598 0.054346 0.178467 0.124909 0.089044 0.110921 0.049256 0.179647 0.070791 0.134022 
0.007757 0.040275 0.121376 0.089407 0.130996 0.082571 0.106348 0.219025 0.069385 0.132861 
0.002994 0.030948 0.160181 0.073614 0.177926 0.202129 0.128976 0.114476 0.065015 0.043741 
0.004483 0.030971 0.230273 0.104650 0.180324 0.143310 0.073667 0.131772 0.043293 0.057257 
0.002256 0.058891 0.217368 0.117921 0.171074 0.115549 0.066640 0.191524 0.033188 0.025588 
0.006509 0.042799 0.232340 0.080523 0.197241 0.146587 0.071656 0.156213 0.036123 0.030009 
0.015717 0.090905 0.147721 0.091543 0.104285 0.080978 0.263755 0.124444 0.036108 0.044543 
0.003335 0.029660 0.168389 0.087573 0.100971 0.194064 0.224909 0.115499 0.026575 0.049025 
0.015867 0.047356 0.189281 0.081458 0.123108 0.224973 0.188706 0.057500 0.035044 0.036708 
0.013876 0.082216 0.159815 0.050615 0.091028 0.165684 0.304601 0.081754 0.027007 0.023402 
0.011435 0.064522 0.165803 0.046639 0.108558 0.214706 0.254672 0.067787 0.038275 0.027603 
0.012074 0.065175 0.193122 0.040250 0.112213 0.226931 0.116023 0.135246 0.040332 0.058633 
0.000845 0.034779 0.168907 0.124122 0.170093 0.208952 0.136352 0.081331 0.019646 0.054973 
0.009942 0.081407 0.238335 0.078564 0.181942 0.195185 0.109328 0.042768 0.020958 0.041572 
0.019088 0.112062 0.228302 0.070783 0.125391 0.199777 0.145399 0.027670 0.029302 0.042226 
0.013340 0.074948 0.203798 0.081068 0.128449 0.148976 0.205531 0.084154 0.025247 0.034490 
0.021374 0.063644 0.194376 0.117019 0.097999 0.099063 0.211198 0.135480 0.041675 0.018173 
0.018338 0.168168 0.338462 0.043047 0.085493 0.043907 0.153591 0.106258 0.016426 0.026310 
0.018374 0.146209 0.356800 0.076201 0.123607 0.126798 0.099216 0.028846 0.005876 0.018073 
0.025298 0.129841 0.400083 0.094429 0.043254 0.044567 0.135966 0.091841 0.020951 0.013770 
0.019733 0.131110 0.378507 0.092832 0.055139 0.072919 0.075869 0.107073 0.024841 0.041976 
0.023917 0.129366 0.316732 0.083488 0.088809 0.082950 0.171094 0.051121 0.028476 0.024047 
0.029367 0.102686 0.293174 0.089510 0.098179 0.071698 0.117858 0.122399 0.039378 0.035752 
0.007246 0.076415 0.160333 0.122938 0.078033 0.193584 0.190631 0.109926 0.028079 0.032816 
0.016376 0.092438 0.339565 0.069147 0.046709 0.113954 0.170074 0.098420 0.038445 0.014872 
0.008284 0.109584 0.362943 0.078667 0.089799 0.109776 0.116196 0.078961 0.025154 0.020634 
0.002387 0.043109 0.226715 0.121792 0.077343 0.226355 0.189392 0.069624 0.015384 0.027898 
0.009622 0.064645 0.271507 0.142024 0.095253 0.182881 0.054219 0.124843 0.032816 0.022190 
0.007320 0.046673 0.227621 0.159076 0.295662 0.065414 0.078658 0.056864 0.037282 0.025430 
0.000866 0.005644 0.067970 0.079670 0.185039 0.335544 0.160158 0.092349 0.053731 0.019027 
0.001431 0.010359 0.028190 0.075432 0.032255 0.365529 0.220800 0.080127 0.170357 0.015520 
0.018818 0.036900 0.403598 0.048220 0.145853 0.168145 0.038634 0.059766 0.052139 0.027928 
0.007073 0.051523 0.329570 0.223233 0.161801 0.082960 0.045441 0.031761 0.052318 0.014320 
0.006568 0.057359 0.119855 0.279447 0.087733 0.135559 0.026197 0.117134 0.097713 0.072435 
0.001337 0.008435 0.031094 0.179604 0.037900 0.025131 0.151339 0.092208 0.132919 0.340033 
0.006344 0.009913 0.066977 0.044405 0.061369 0.064487 0.120335 0.540984 0.051638 0.033548 
0.003035 0.013013 0.025129 0.036520 0.049965 0.052845 0.406438 0.296068 0.059929 0.057059 
0.000278 0.004957 0.034970 0.047876 0.018238 0.063927 0.653242 0.101644 0.055252 0.019616 
0.005861 0.020873 0.093618 0.138954 0.113370 0.244839 0.239782 0.058377 0.057059 0.027266 
0.008182 0.041164 0.121558 0.187068 0.097414 0.214904 0.079375 0.071328 0.054261 0.124747 
0.004416 0.016343 0.077555 0.082586 0.099270 0.092566 0.144231 0.143368 0.206390 0.133275 
0.000262 0.014584 0.081467 0.174105 0.111179 0.138734 0.128795 0.092336 0.138951 0.119586 
0.006359 0.048283 0.183181 0.313659 0.073785 0.081002 0.161225 0.038012 0.051703 0.042790 
0.014849 0.065589 0.155535 0.312680 0.105232 0.078923 0.055798 0.065257 0.077799 0.068340 
0.009519 0.057816 0.152409 0.457812 0.096985 0.057636 0.020852 0.055314 0.051367 0.040290 
0.029289 0.258044 0.268394 0.177721 0.118756 0.036696 0.038104 0.016787 0.035026 0.021181 
0.005067 0.446234 0.179944 0.099207 0.154388 0.021065 0.023772 0.034425 0.022151 0.013746 
0.057343 0.548393 0.124154 0.037259 0.147475 0.017927 0.018518 0.035251 0.007145 0.006535 
0.021549 0.455829 0.157782 0.053806 0.145429 0.034047 0.033685 0.043375 0.034085 0.020412 
0.040205 0.476129 0.139946 0.072186 0.193835 0.010328 0.018131 0.021567 0.016427 0.011246 
0.041398 0.486678 0.123241 0.033297 0.185345 0.035188 0.027314 0.013864 0.041551 0.012125 
0.023559 0.480441 0.127377 0.078680 0.130318 0.046302 0.029101 0.027716 0.032746 0.023761 
0.062577 0.522361 0.100750 0.026542 0.156321 0.014870 0.016946 0.010199 0.075489 0.013945 
0.011144 0.455862 0.129532 0.056132 0.152517 0.035681 0.031235 0.021471 0.078629 0.027797 
0.055074 0.479222 0.081680 0.035241 0.145485 0.044406 0.024919 0.042321 0.083754 0.007899 
