Dark-Necessities,RHCP
0.000000 0.000000 0.000000 0.000000 0.000000 0.000000 0.000000 0.000000 0.000000 0.000000 
0.174852 0.098025 0.063582 0.067091 0.061972 0.081898 0.114306 0.162546 0.114103 0.061625 
0.253267 0.223874 0.109718 0.068181 0.050644 0.059056 0.050864 0.115324 0.029469 0.039602 
0.419539 0.029844 0.034600 0.042577 0.114924 0.153718 0.044399 0.042595 0.052687 0.065117 
0.692320 0.037091 0.015196 0.017741 0.024903 0.031619 0.032384 0.036672 0.041482 0.070592 
0.485453 0.042031 0.048395 0.045450 0.048052 0.026072 0.042299 0.033968 0.111885 0.116395 
0.362841 0.064968 0.035927 0.053922 0.072582 0.142094 0.025400 0.084559 0.125233 0.032473 
0.012405 0.407067 0.234836 0.096307 0.089608 0.045397 0.040966 0.027447 0.027971 0.017997 
0.030601 0.127552 0.205183 0.194377 0.142124 0.070936 0.076501 0.033665 0.045554 0.073507 
0.029094 0.286190 0.445039 0.118665 0.018348 0.009982 0.026179 0.018508 0.024473 0.023521 
0.000692 0.122665 0.576344 0.166996 0.033195 0.016736 0.030667 0.023933 0.015540 0.013233 
0.023718 0.183001 0.561718 0.156696 0.022071 0.012697 0.009901 0.007256 0.014733 0.008210 
0.002564 0.259868 0.458034 0.111505 0.044234 0.026088 0.029547 0.015303 0.032312 0.020546 
0.008371 0.206647 0.349492 0.139451 0.042492 0.020318 0.063958 0.025540 0.068635 0.075096 
0.031745 0.203938 0.408139 0.156213 0.046565 0.021958 0.033642 0.013194 0.034187 0.050418 
0.004543 0.125047 0.621956 0.131554 0.013361 0.008035 0.023037 0.011647 0.020241 0.040578 
0.018147 0.286357 0.414302 0.110307 0.045850 0.017890 0.027937 0.012906 0.036259 0.030043 
0.018233 0.173435 0.592058 0.108745 0.018236 0.020903 0.021098 0.015485 0.018311 0.013495 
0.029202 0.228998 0.572422 0.100120 0.019290 0.006562 0.017373 0.010305 0.008467 0.007262 
0.030192 0.291063 0.464329 0.081685 0.041649 0.021808 0.024584 0.016656 0.018525 0.009509 
0.030415 0.263649 0.369441 0.142877 0.063759 0.028423 0.017342 0.018191 0.031325 0.034579 
0.008520 0.129351 0.574197 0.115622 0.044758 0.026683 0.023642 0.017001 0.022339 0.037887 
0.023243 0.191091 0.498485 0.125917 0.044287 0.023498 0.027976 0.025314 0.023834 0.016356 
0.005392 0.182653 0.452969 0.153845 0.061550 0.030066 0.042558 0.025666 0.022779 0.022523 
0.002769 0.237375 0.483168 0.118985 0.035893 0.018342 0.040688 0.021936 0.025810 0.015035 
0.029098 0.216437 0.558672 0.089366 0.034944 0.012181 0.026563 0.012846 0.010872 0.009021 
0.012696 0.177872 0.624846 0.081146 0.033211 0.013510 0.019939 0.006977 0.017606 0.012196 
0.004736 0.219877 0.304638 0.182533 0.061003 0.024140 0.052772 0.030854 0.057375 0.062072 
0.028437 0.194298 0.440817 0.152184 0.012820 0.015378 0.040120 0.009271 0.041662 0.065014 
0.016809 0.168834 0.479470 0.123909 0.061098 0.033801 0.035886 0.022343 0.013762 0.044088 
0.048492 0.264429 0.331148 0.191105 0.035740 0.017804 0.029112 0.019581 0.034924 0.027666 
0.003282 0.131266 0.488751 0.186541 0.044117 0.030679 0.033707 0.027043 0.028321 0.026292 
0.034040 0.235073 0.483364 0.176875 0.024554 0.008017 0.008901 0.004481 0.013980 0.010715 
0.009755 0.225106 0.449900 0.121460 0.057524 0.032979 0.034516 0.022126 0.027134 0.019501 
0.011507 0.221494 0.297667 0.186781 0.032036 0.006779 0.059727 0.027897 0.057705 0.098406 
0.008281 0.133600 0.422383 0.175161 0.049650 0.022018 0.056244 0.032928 0.035300 0.064434 
0.026747 0.194815 0.434909 0.159672 0.048873 0.028774 0.022338 0.021121 0.024632 0.038118 
0.035429 0.376114 0.263499 0.114274 0.059272 0.023239 0.042509 0.022511 0.034037 0.029118 
0.028838 0.195442 0.398718 0.199541 0.053129 0.017466 0.035643 0.022846 0.028584 0.019792 
0.025457 0.195597 0.443956 0.147685 0.063985 0.028461 0.033336 0.022344 0.022616 0.016563 
0.024182 0.194337 0.523929 0.120291 0.051224 0.015888 0.020785 0.015680 0.026739 0.006945 
0.022069 0.342150 0.303396 0.157868 0.027846 0.014218 0.024888 0.013227 0.028021 0.066317 
0.019591 0.167167 0.566537 0.117762 0.008269 0.005498 0.029222 0.015811 0.013636 0.056507 
0.029870 0.211880 0.544720 0.103448 0.024666 0.013223 0.018149 0.007495 0.011797 0.034752 
0.012085 0.164467 0.391892 0.222720 0.049275 0.034109 0.031783 0.034897 0.020690 0.038081 
0.042748 0.262254 0.416346 0.150521 0.050580 0.016427 0.021766 0.010110 0.013913 0.015333 
0.001770 0.124805 0.513324 0.171218 0.061829 0.034263 0.029232 0.026163 0.018230 0.019166 
0.018111 0.192132 0.501534 0.180874 0.034532 0.014568 0.020582 0.010660 0.012092 0.014915 
0.010881 0.250358 0.313456 0.151979 0.041172 0.022755 0.050252 0.032797 0.043359 0.082991 
0.009818 0.122902 0.492508 0.163846 0.034565 0.014330 0.046585 0.025183 0.019961 0.070302 
0.023208 0.174163 0.546586 0.113022 0.026298 0.019772 0.021270 0.009215 0.025545 0.040921 
0.019234 0.185318 0.443109 0.183599 0.045893 0.016261 0.025815 0.010947 0.033291 0.036531 
0.007416 0.194550 0.470030 0.160934 0.036241 0.033156 0.035614 0.029663 0.020189 0.012207 
0.035230 0.237283 0.504066 0.147078 0.029914 0.005756 0.017508 0.007587 0.011640 0.003938 
0.005468 0.145522 0.540764 0.135177 0.052829 0.026863 0.037769 0.019399 0.023931 0.012277 
0.026141 0.241531 0.332452 0.165064 0.026861 0.015351 0.056844 0.022616 0.041356 0.071785 
0.004302 0.111842 0.494886 0.160759 0.030362 0.018957 0.062838 0.032389 0.033897 0.049769 
0.023208 0.179981 0.461973 0.169904 0.051547 0.029690 0.025744 0.012229 0.012171 0.033552 
0.026529 0.235891 0.362004 0.133158 0.059961 0.036979 0.037207 0.030087 0.059744 0.018440 
0.022725 0.180463 0.539411 0.133163 0.019640 0.016002 0.024769 0.012415 0.035401 0.016011 
0.024414 0.195742 0.586643 0.105665 0.026960 0.007627 0.018304 0.008807 0.018950 0.006888 
0.017901 0.306356 0.456273 0.065688 0.048139 0.023761 0.028889 0.018219 0.021921 0.012854 
0.021991 0.254683 0.357757 0.154181 0.034040 0.007229 0.044554 0.021112 0.038651 0.065802 
0.021721 0.148110 0.518827 0.142955 0.025816 0.010372 0.038755 0.025225 0.019843 0.048376 
0.024637 0.189385 0.539695 0.103996 0.027514 0.011036 0.028629 0.021188 0.017964 0.035955 
0.035362 0.250030 0.322445 0.213763 0.031301 0.025603 0.027037 0.008650 0.047549 0.038262 
0.002956 0.455240 0.250790 0.133194 0.038005 0.022214 0.024301 0.027668 0.038403 0.007229 
0.007180 0.546037 0.252308 0.122015 0.017876 0.007418 0.013801 0.004940 0.021662 0.006763 
0.011173 0.338621 0.361725 0.137860 0.027666 0.015286 0.040087 0.014653 0.029886 0.023043 
0.011991 0.357176 0.293989 0.140212 0.037504 0.018363 0.034521 0.016874 0.068581 0.020788 
0.006892 0.515726 0.237426 0.098132 0.011625 0.010017 0.012050 0.014047 0.069048 0.025037 
0.002469 0.553966 0.261370 0.099756 0.011052 0.005397 0.005174 0.019497 0.034002 0.007316 
0.013499 0.214021 0.440694 0.212947 0.024877 0.015692 0.022367 0.015054 0.025101 0.015748 
0.007086 0.487810 0.256092 0.130046 0.020538 0.017323 0.023872 0.021064 0.029312 0.006856 
0.006121 0.558935 0.246106 0.110858 0.012181 0.006599 0.027266 0.006727 0.018242 0.006965 
0.026479 0.425237 0.329034 0.111749 0.017373 0.007422 0.025711 0.014931 0.030053 0.012012 
0.004116 0.410447 0.301503 0.136399 0.034726 0.025999 0.034967 0.020569 0.020568 0.010706 
0.009250 0.545571 0.240860 0.133364 0.020028 0.010871 0.012206 0.011065 0.015174 0.001612 
0.009199 0.522925 0.269909 0.104806 0.029751 0.013783 0.017929 0.013539 0.010112 0.008047 
0.021046 0.431186 0.308644 0.114947 0.033860 0.017762 0.013618 0.014385 0.029059 0.015492 
0.015138 0.398649 0.317424 0.138947 0.027463 0.014538 0.024695 0.015193 0.039750 0.008203 
0.005347 0.521501 0.278569 0.109138 0.016665 0.009474 0.016513 0.008234 0.027191 0.007369 
0.023189 0.418988 0.382267 0.091038 0.012903 0.009795 0.017708 0.005417 0.024623 0.014073 
0.034550 0.393153 0.275855 0.175576 0.029986 0.016480 0.024477 0.010434 0.031802 0.007687 
0.000615 0.520279 0.239141 0.128126 0.023811 0.009028 0.027868 0.014024 0.022734 0.014374 
0.001580 0.567786 0.280413 0.087369 0.023106 0.006765 0.006095 0.006644 0.017462 0.002781 
0.024163 0.309095 0.385031 0.157563 0.022133 0.016105 0.031725 0.006680 0.027769 0.019736 
0.001851 0.386995 0.328957 0.097824 0.055103 0.031114 0.029252 0.024987 0.029797 0.014121 
0.009992 0.587955 0.209589 0.097809 0.026093 0.015559 0.017434 0.008807 0.017477 0.009285 
0.001012 0.432347 0.339840 0.084559 0.028675 0.016019 0.016233 0.018552 0.038671 0.024091 
0.016246 0.432555 0.282430 0.164518 0.033249 0.008509 0.019067 0.011532 0.027355 0.004538 
0.005532 0.540188 0.217514 0.141395 0.031046 0.009740 0.012896 0.015021 0.022728 0.003941 
0.004162 0.573602 0.262906 0.111398 0.019784 0.005023 0.004858 0.007510 0.007677 0.003081 
0.024068 0.339560 0.441743 0.106349 0.013687 0.010155 0.021644 0.010396 0.021409 0.010990 
0.016651 0.377014 0.320438 0.149193 0.025361 0.011857 0.033805 0.026779 0.029394 0.009508 
0.003989 0.541901 0.217791 0.114225 0.024733 0.016690 0.034221 0.025911 0.014714 0.005826 
0.002746 0.405581 0.314974 0.131141 0.037297 0.019887 0.030149 0.015371 0.027114 0.015738 
0.011651 0.366919 0.267694 0.151848 0.035910 0.017969 0.031274 0.028176 0.069595 0.018964 
0.006047 0.528113 0.163174 0.137525 0.023903 0.017155 0.024719 0.019873 0.059488 0.020003 
0.015057 0.565833 0.191273 0.113204 0.020787 0.010284 0.025562 0.015946 0.033808 0.008246 
0.018581 0.367351 0.328998 0.104194 0.035345 0.020498 0.030652 0.018925 0.039644 0.035812 
0.020825 0.418081 0.272298 0.154388 0.018662 0.014505 0.035637 0.026536 0.030160 0.008908 
0.009011 0.527058 0.221442 0.139436 0.021415 0.016282 0.024536 0.014680 0.017654 0.008487 
0.016799 0.438018 0.269896 0.105228 0.047679 0.025307 0.023263 0.024539 0.029322 0.019948 
0.020365 0.431051 0.205653 0.134724 0.035315 0.021229 0.035456 0.015040 0.073793 0.027374 
0.014856 0.525225 0.202501 0.120984 0.026245 0.012609 0.025141 0.014382 0.041222 0.016834 
0.012239 0.594156 0.213559 0.102792 0.016794 0.003797 0.012859 0.009033 0.024180 0.010591 
0.000959 0.364947 0.292836 0.073798 0.091843 0.044633 0.029141 0.035454 0.039743 0.026644 
0.030105 0.432108 0.215459 0.134534 0.033976 0.006380 0.047872 0.025677 0.053444 0.020444 
0.000197 0.451851 0.224528 0.121176 0.053598 0.028004 0.028609 0.014633 0.051725 0.025681 
0.029681 0.409027 0.280853 0.139078 0.034912 0.014012 0.018996 0.016985 0.036233 0.020224 
0.001343 0.295259 0.337424 0.127786 0.059239 0.035899 0.039960 0.030557 0.048823 0.023711 
0.015172 0.511199 0.248527 0.103555 0.018487 0.014674 0.020249 0.016981 0.035475 0.015680 
0.013163 0.502961 0.249087 0.099505 0.033888 0.023441 0.022455 0.018721 0.027308 0.009471 
0.046665 0.304053 0.288821 0.109417 0.063734 0.035300 0.038636 0.034104 0.057513 0.021757 
0.002348 0.377880 0.262792 0.166545 0.029587 0.010626 0.054029 0.037845 0.038588 0.019759 
0.003545 0.442859 0.290947 0.129370 0.027894 0.014193 0.035777 0.015495 0.022492 0.017429 
0.012361 0.399986 0.342715 0.145000 0.026374 0.013428 0.018208 0.011727 0.015874 0.014328 
0.000816 0.317601 0.395956 0.185014 0.017507 0.006815 0.027903 0.011831 0.027101 0.009455 
0.004149 0.516333 0.237405 0.146027 0.026845 0.006161 0.027576 0.017992 0.013565 0.003947 
0.000029 0.553502 0.278089 0.120185 0.014672 0.005236 0.013204 0.005532 0.006618 0.002933 
0.015982 0.480930 0.202591 0.168331 0.056027 0.019608 0.021647 0.012775 0.016138 0.005970 
0.016571 0.254650 0.379032 0.136214 0.073290 0.036044 0.030828 0.025165 0.030771 0.017436 
0.015963 0.083467 0.541957 0.220309 0.042799 0.017052 0.022368 0.021423 0.032226 0.002436 
0.009818 0.051328 0.545272 0.254938 0.051074 0.019537 0.028284 0.012992 0.020548 0.006208 
0.025014 0.204081 0.394014 0.189070 0.059577 0.018503 0.029027 0.032965 0.032322 0.015427 
0.014509 0.096723 0.496171 0.167497 0.054892 0.024544 0.033086 0.034838 0.063218 0.014524 
0.009642 0.067912 0.574454 0.175133 0.041297 0.016864 0.025078 0.036780 0.044015 0.008825 
0.001094 0.093262 0.482115 0.194025 0.070521 0.040891 0.029322 0.036401 0.029445 0.022925 
0.023692 0.172212 0.426234 0.257837 0.039326 0.010550 0.023773 0.014649 0.028064 0.003664 
0.002758 0.025801 0.510255 0.283947 0.048753 0.021658 0.037088 0.026221 0.029181 0.014339 
0.027370 0.128856 0.432454 0.216186 0.085880 0.034248 0.025368 0.015204 0.016225 0.018208 
0.017986 0.162282 0.484797 0.120937 0.071637 0.032218 0.026869 0.018211 0.042196 0.022867 
0.013789 0.109719 0.569855 0.136206 0.025480 0.017716 0.018755 0.015016 0.074173 0.019291 
0.009039 0.056649 0.674906 0.111335 0.020173 0.007233 0.011205 0.025765 0.071047 0.012648 
0.005961 0.115657 0.558270 0.139919 0.042397 0.028879 0.027420 0.025828 0.045588 0.010079 
0.008540 0.100916 0.503281 0.270787 0.030613 0.006682 0.025180 0.019820 0.029057 0.005124 
0.001126 0.039512 0.588165 0.275538 0.026475 0.008098 0.023189 0.023012 0.012899 0.001986 
0.017492 0.070712 0.511061 0.266469 0.059565 0.007701 0.019426 0.020897 0.020605 0.006073 
0.002144 0.120345 0.419416 0.191490 0.064366 0.034626 0.032950 0.034279 0.084062 0.016322 
0.002995 0.053105 0.619965 0.083325 0.038396 0.002873 0.025968 0.043235 0.115321 0.014817 
0.011446 0.099970 0.569512 0.120361 0.032879 0.015120 0.022487 0.040578 0.079246 0.008401 
0.004910 0.157773 0.453923 0.214386 0.043561 0.016169 0.021053 0.032694 0.034351 0.021181 
0.012419 0.066768 0.575828 0.194593 0.031001 0.022521 0.033090 0.026882 0.029929 0.006968 
0.014586 0.086593 0.639593 0.160579 0.023252 0.013662 0.013731 0.021581 0.018151 0.008272 
0.018315 0.159998 0.473948 0.177704 0.047020 0.029077 0.033286 0.023204 0.027161 0.010286 
0.007501 0.056205 0.518547 0.256276 0.043148 0.023299 0.038803 0.017312 0.026971 0.011938 
0.013033 0.065386 0.504741 0.276716 0.052895 0.025626 0.024381 0.009405 0.020195 0.007622 
0.016056 0.081573 0.498263 0.293508 0.039252 0.018219 0.018685 0.013025 0.015212 0.006207 
0.007095 0.119902 0.406082 0.236013 0.089996 0.027396 0.041025 0.030692 0.028119 0.013680 
0.008832 0.058981 0.585394 0.209087 0.034092 0.012963 0.021819 0.020078 0.033300 0.015453 
0.011627 0.060326 0.638653 0.181404 0.045790 0.012388 0.013502 0.022359 0.012901 0.001050 
0.006297 0.067039 0.462157 0.245551 0.091760 0.022854 0.034285 0.030328 0.020849 0.018880 
0.016217 0.191426 0.526090 0.076620 0.047824 0.018363 0.027306 0.025820 0.065365 0.004968 
0.007061 0.053027 0.629717 0.084463 0.053475 0.017109 0.037356 0.042249 0.058997 0.016546 
0.009195 0.042807 0.625081 0.142376 0.032006 0.015747 0.023020 0.045039 0.056057 0.008671 
0.030341 0.229467 0.445593 0.161419 0.034866 0.015125 0.024929 0.022360 0.023499 0.012401 
0.004716 0.082805 0.476913 0.250410 0.055495 0.031947 0.030514 0.021876 0.034975 0.010349 
0.011921 0.063062 0.539224 0.250613 0.034218 0.024644 0.022737 0.021486 0.021339 0.010758 
0.008363 0.078147 0.491055 0.184645 0.057590 0.033185 0.035222 0.061215 0.039606 0.010971 
0.010072 0.133112 0.506957 0.140149 0.029963 0.014884 0.015900 0.054119 0.081551 0.013293 
0.003236 0.030464 0.609181 0.170800 0.013596 0.014891 0.022589 0.060356 0.059262 0.015625 
0.001346 0.028490 0.569826 0.236742 0.041399 0.016894 0.032255 0.033844 0.034637 0.004566 
0.027411 0.176282 0.437427 0.216893 0.057761 0.019253 0.018914 0.018754 0.022001 0.005303 
0.006282 0.042711 0.509344 0.345216 0.033418 0.006887 0.008850 0.020255 0.023938 0.003097 
0.002039 0.030892 0.550918 0.323014 0.028489 0.008050 0.012273 0.020588 0.019739 0.003997 
0.009625 0.068937 0.492933 0.241327 0.091635 0.013729 0.029140 0.019476 0.022680 0.010518 
0.007345 0.111476 0.459227 0.235891 0.063012 0.018354 0.013505 0.024365 0.051795 0.015029 
0.009248 0.051395 0.458440 0.330649 0.045682 0.006131 0.017549 0.022491 0.049168 0.009247 
0.007498 0.039717 0.471187 0.307478 0.047340 0.018410 0.016670 0.026603 0.053469 0.011629 
0.000478 0.052181 0.450282 0.284409 0.061428 0.031520 0.033207 0.023383 0.055569 0.007544 
0.011231 0.153558 0.505549 0.179504 0.040973 0.025384 0.018133 0.021278 0.023703 0.020688 
0.007176 0.048088 0.721665 0.102337 0.020530 0.015106 0.013651 0.022073 0.036591 0.012784 
0.010599 0.116952 0.486615 0.220475 0.075381 0.023310 0.017735 0.013923 0.029280 0.005729 
0.017703 0.093456 0.389900 0.326737 0.066990 0.036492 0.022876 0.014932 0.025609 0.005304 
0.004530 0.040923 0.451387 0.332115 0.054909 0.033616 0.027854 0.021613 0.020558 0.012495 
0.015109 0.076306 0.484491 0.318378 0.036324 0.020905 0.015440 0.010025 0.016943 0.006080 
0.005314 0.109304 0.417084 0.260957 0.061022 0.031286 0.038954 0.028931 0.032071 0.015078 
0.024466 0.180013 0.451496 0.228508 0.048296 0.014640 0.014308 0.019364 0.009902 0.009007 
0.037439 0.204736 0.430138 0.226928 0.043941 0.016700 0.008752 0.016183 0.009742 0.005441 
0.031525 0.204090 0.510028 0.164775 0.031889 0.010230 0.007904 0.019422 0.012351 0.007786 
0.019909 0.207939 0.313187 0.292743 0.060784 0.024591 0.027922 0.016272 0.022614 0.014037 
0.028850 0.151417 0.459779 0.238327 0.027682 0.018197 0.033792 0.009244 0.021890 0.010822 
0.035571 0.202412 0.402587 0.234337 0.032901 0.017549 0.035409 0.014367 0.017400 0.007466 
0.017594 0.104834 0.482509 0.227970 0.038527 0.023367 0.038716 0.023001 0.034393 0.009089 
0.014084 0.122778 0.480205 0.228649 0.040496 0.024433 0.028318 0.024654 0.026357 0.010027 
0.006332 0.108576 0.441612 0.192578 0.087123 0.041421 0.039608 0.034806 0.030352 0.017592 
0.010808 0.113386 0.477732 0.203094 0.058244 0.031450 0.036521 0.031879 0.016632 0.020254 
0.021381 0.238206 0.305584 0.214022 0.056124 0.029006 0.032533 0.031175 0.056748 0.015221 
0.030462 0.200466 0.386758 0.228549 0.070095 0.019391 0.027602 0.011640 0.018567 0.006471 
0.023582 0.146003 0.454917 0.216456 0.062712 0.023132 0.026680 0.018495 0.014991 0.013033 
0.008596 0.147320 0.437375 0.250364 0.071357 0.023332 0.025872 0.016982 0.013798 0.005005 
0.019825 0.183176 0.339595 0.280357 0.061793 0.024863 0.025107 0.033226 0.016732 0.015326 
0.012736 0.094147 0.482522 0.244189 0.042723 0.031650 0.028989 0.031144 0.015848 0.016052 
0.013731 0.119420 0.475276 0.231080 0.045123 0.028217 0.031320 0.024780 0.017686 0.013368 
0.025164 0.233930 0.291573 0.183547 0.099721 0.033040 0.046159 0.030601 0.030545 0.025721 
0.028640 0.148230 0.412085 0.239852 0.058639 0.015122 0.027355 0.025284 0.034491 0.010300 
0.027315 0.167328 0.405928 0.198608 0.081262 0.024365 0.034653 0.022969 0.021144 0.016428 
0.014239 0.122884 0.432700 0.170504 0.090129 0.041177 0.048803 0.035083 0.024430 0.020051 
0.015659 0.179118 0.369254 0.236273 0.084484 0.035575 0.027421 0.012321 0.029286 0.010610 
0.016532 0.122237 0.480507 0.242940 0.053402 0.019495 0.017802 0.014875 0.017776 0.014434 
0.010363 0.103402 0.432039 0.222710 0.078815 0.035876 0.039940 0.030970 0.023637 0.022248 
0.003960 0.091141 0.432677 0.273425 0.076813 0.036262 0.033281 0.014744 0.019757 0.017940 
0.006913 0.143264 0.342227 0.353879 0.054220 0.030055 0.027975 0.017579 0.013995 0.009893 
0.001969 0.078565 0.363916 0.329882 0.076765 0.041980 0.048567 0.024199 0.020861 0.013294 
0.021815 0.136374 0.387024 0.325341 0.051022 0.025090 0.026775 0.014958 0.005585 0.006015 
0.008577 0.215684 0.310789 0.215102 0.083742 0.045189 0.039964 0.027981 0.032314 0.020657 
0.021464 0.153294 0.384557 0.260552 0.057075 0.029948 0.025550 0.024303 0.028833 0.014423 
0.024485 0.151612 0.495474 0.247483 0.029094 0.012619 0.011958 0.014619 0.007727 0.004929 
0.019819 0.095939 0.362924 0.310599 0.080500 0.026077 0.026815 0.022339 0.039157 0.015833 
0.011920 0.191802 0.449235 0.232323 0.034134 0.012996 0.020933 0.014521 0.019732 0.012405 
0.028089 0.157988 0.493774 0.239798 0.031630 0.010193 0.008614 0.008767 0.016478 0.004671 
0.008620 0.105582 0.447393 0.258821 0.069457 0.026098 0.020660 0.020980 0.025767 0.016622 
0.005858 0.126053 0.358356 0.309155 0.063156 0.034205 0.028075 0.034144 0.032287 0.008710 
0.019511 0.121664 0.407402 0.227960 0.065308 0.042513 0.042736 0.030361 0.024033 0.018511 
0.028830 0.168603 0.490269 0.232242 0.032988 0.011739 0.010150 0.010995 0.008406 0.005777 
0.012189 0.079154 0.456402 0.238231 0.088618 0.025832 0.030762 0.015922 0.033592 0.019300 
0.005064 0.104428 0.431169 0.243129 0.050803 0.033634 0.038810 0.041113 0.037673 0.014177 
0.022759 0.149815 0.354801 0.229980 0.078836 0.034399 0.052834 0.029452 0.023505 0.023619 
0.028085 0.164470 0.460616 0.243144 0.030141 0.009567 0.031445 0.011760 0.011798 0.008974 
0.001299 0.135914 0.370682 0.333196 0.057682 0.018049 0.024244 0.025464 0.019762 0.013709 
0.001501 0.100089 0.368232 0.263227 0.094072 0.045661 0.044749 0.043222 0.022128 0.017119 
0.009808 0.088416 0.375856 0.288177 0.077662 0.038595 0.034681 0.046153 0.028483 0.012169 
0.003996 0.055860 0.399566 0.337000 0.053393 0.021371 0.034535 0.038801 0.036534 0.018944 
0.008118 0.141775 0.501120 0.257623 0.022739 0.014317 0.020085 0.012362 0.018252 0.003610 
0.000466 0.085174 0.409254 0.274085 0.069690 0.038598 0.037347 0.032060 0.034655 0.018671 
0.002758 0.096050 0.369982 0.286283 0.082762 0.041325 0.035812 0.034187 0.034937 0.015904 
0.021449 0.143137 0.399836 0.287884 0.042548 0.019099 0.020792 0.019334 0.035517 0.010405 
0.023394 0.157307 0.437063 0.259855 0.043840 0.015456 0.016348 0.017754 0.017468 0.011514 
0.000031 0.066843 0.505992 0.277814 0.070772 0.018849 0.021882 0.015574 0.016358 0.005885 
0.004526 0.188252 0.487996 0.206265 0.028517 0.026013 0.023122 0.009324 0.014454 0.011531 
0.011626 0.102657 0.430122 0.238557 0.049454 0.045791 0.042243 0.030640 0.026641 0.022270 
0.028901 0.160195 0.373028 0.224168 0.065531 0.041488 0.033215 0.030641 0.022089 0.020745 
0.005725 0.156679 0.388763 0.209861 0.062185 0.041087 0.039644 0.023626 0.048277 0.024152 
0.010484 0.240377 0.426630 0.147932 0.101491 0.013049 0.017797 0.012805 0.016383 0.013052 
0.008698 0.135572 0.497398 0.162842 0.118789 0.010744 0.021237 0.021648 0.014900 0.008172 
0.028375 0.200255 0.409788 0.131926 0.123296 0.029410 0.022628 0.028086 0.016353 0.009882 
0.005190 0.180219 0.333430 0.159538 0.118159 0.039093 0.060556 0.051730 0.029103 0.022981 
0.011858 0.203057 0.408722 0.176953 0.072684 0.022714 0.029192 0.034626 0.021822 0.018371 
0.036499 0.218859 0.401018 0.161678 0.101109 0.016062 0.017251 0.022166 0.020447 0.004911 
0.007520 0.129172 0.471576 0.137329 0.111910 0.039207 0.032551 0.029346 0.029735 0.011654 
0.010559 0.225485 0.227012 0.193969 0.118841 0.016442 0.063999 0.038677 0.086525 0.018491 
0.005568 0.113398 0.425351 0.125136 0.123702 0.023111 0.058811 0.046250 0.063111 0.015562 
0.020607 0.163638 0.433948 0.113038 0.123763 0.021524 0.036681 0.034328 0.040668 0.011804 
0.004383 0.103507 0.459872 0.190468 0.075166 0.027769 0.040296 0.027385 0.039247 0.031907 
0.005816 0.192600 0.387173 0.163497 0.084208 0.045513 0.045360 0.029067 0.024940 0.021825 
0.031784 0.216507 0.433367 0.182511 0.057061 0.020871 0.018822 0.021923 0.008177 0.008977 
0.011725 0.104882 0.494320 0.133494 0.073281 0.031836 0.041445 0.034430 0.046567 0.028021 
0.011918 0.230777 0.393452 0.185100 0.050086 0.017872 0.033663 0.034526 0.021370 0.021236 
0.010607 0.132765 0.571864 0.165499 0.025744 0.016836 0.016094 0.036513 0.016269 0.007810 
0.014576 0.170369 0.553570 0.139198 0.024357 0.010916 0.021737 0.039455 0.019706 0.006117 
0.033757 0.416857 0.266441 0.108490 0.043589 0.014580 0.020802 0.044488 0.021039 0.029958 
0.017770 0.168739 0.500149 0.136749 0.062375 0.024957 0.025312 0.019875 0.025331 0.018742 
0.020119 0.164708 0.499766 0.143138 0.073079 0.013266 0.016676 0.029082 0.026159 0.014007 
0.027030 0.250546 0.439460 0.117855 0.044774 0.020355 0.026436 0.023878 0.037104 0.012561 
0.000780 0.224038 0.353830 0.170735 0.112025 0.038141 0.036889 0.032871 0.022567 0.008124 
0.018943 0.137553 0.432284 0.180591 0.121616 0.027914 0.027079 0.021171 0.021162 0.011688 
0.010946 0.127898 0.516518 0.116990 0.122482 0.024711 0.030700 0.021726 0.019159 0.008870 
0.005965 0.192868 0.355703 0.127793 0.088691 0.032902 0.062076 0.034975 0.043754 0.055273 
0.008599 0.120919 0.423292 0.159213 0.098656 0.020331 0.042671 0.037231 0.024539 0.064549 
0.030144 0.184871 0.362801 0.128064 0.146027 0.027448 0.024165 0.026419 0.026727 0.043334 
0.006895 0.132901 0.417348 0.137952 0.165706 0.022374 0.020893 0.020346 0.039466 0.036118 
0.025416 0.269230 0.286561 0.111450 0.103267 0.022953 0.048351 0.056145 0.046424 0.030203 
0.003358 0.117876 0.493430 0.135132 0.102389 0.024715 0.043332 0.048060 0.020985 0.010722 
0.017778 0.170437 0.563704 0.103230 0.064990 0.016086 0.011134 0.028008 0.014680 0.009954 
0.004627 0.246095 0.436864 0.100287 0.079692 0.022433 0.033393 0.030889 0.030845 0.014874 
0.010341 0.239375 0.376744 0.186345 0.039720 0.016819 0.021566 0.031021 0.041014 0.037055 
0.000292 0.131893 0.462811 0.182565 0.042952 0.031101 0.022515 0.059919 0.042141 0.023811 
0.033309 0.217661 0.406441 0.177350 0.050288 0.015602 0.014639 0.041580 0.022086 0.021044 
0.007879 0.119089 0.424358 0.157434 0.096546 0.021853 0.038991 0.052601 0.045578 0.035672 
0.003674 0.146566 0.505770 0.171876 0.039547 0.018312 0.022668 0.039883 0.034795 0.016908 
0.021769 0.185624 0.506124 0.145884 0.057721 0.008910 0.018859 0.030918 0.020761 0.003430 
0.021110 0.214520 0.468612 0.100671 0.062569 0.032192 0.019485 0.041884 0.016891 0.022065 
0.004373 0.202489 0.325975 0.251310 0.044339 0.037189 0.028202 0.024224 0.029793 0.052107 
0.006855 0.108205 0.467716 0.203017 0.062808 0.030324 0.028817 0.030698 0.022409 0.039151 
0.025040 0.158199 0.416886 0.195290 0.082367 0.029761 0.024180 0.029514 0.013882 0.024880 
0.029272 0.246835 0.311979 0.110045 0.122328 0.024797 0.044908 0.039077 0.050582 0.020176 
0.011693 0.114960 0.446962 0.143849 0.143016 0.027274 0.033859 0.032198 0.031026 0.015163 
0.016042 0.147796 0.450049 0.121446 0.160375 0.026923 0.017404 0.023789 0.023921 0.012255 
0.017751 0.220731 0.375221 0.097299 0.093797 0.034865 0.049801 0.033175 0.046632 0.030728 
0.025923 0.190144 0.322018 0.178604 0.109654 0.024125 0.036615 0.028831 0.036347 0.047740 
0.003080 0.091764 0.415513 0.182756 0.133960 0.021908 0.037967 0.025749 0.048783 0.038521 
0.021201 0.162374 0.374019 0.188179 0.137433 0.008707 0.017060 0.030570 0.030862 0.029595 
0.000019 0.250259 0.299904 0.211065 0.091824 0.019916 0.034192 0.040423 0.025801 0.026598 
0.023013 0.170094 0.403311 0.188916 0.042584 0.037101 0.034408 0.054392 0.020906 0.025275 
0.005018 0.116094 0.529104 0.188345 0.061731 0.009502 0.008295 0.046406 0.019642 0.015864 
0.003100 0.309934 0.317184 0.135354 0.086227 0.037136 0.032164 0.043893 0.018246 0.016762 
0.026167 0.217806 0.483340 0.134159 0.036591 0.024919 0.028935 0.022137 0.009650 0.016295 
0.011915 0.118130 0.499770 0.171655 0.071006 0.033037 0.021159 0.038895 0.021639 0.012794 
0.030269 0.248021 0.447634 0.130726 0.047338 0.020854 0.028869 0.020709 0.016002 0.009578 
0.005448 0.232546 0.283352 0.172148 0.113772 0.034867 0.030900 0.067201 0.044725 0.015042 
0.000917 0.436993 0.186594 0.124091 0.115294 0.018213 0.030971 0.041814 0.039595 0.005519 
0.013199 0.441305 0.159511 0.102454 0.167264 0.026829 0.018039 0.036790 0.024115 0.010494 
0.003169 0.316027 0.262512 0.060421 0.176293 0.041295 0.036783 0.053686 0.032301 0.017513 
0.028712 0.386494 0.241285 0.125590 0.126093 0.007502 0.015316 0.026168 0.035627 0.007213 
0.009828 0.409218 0.211254 0.132058 0.139593 0.020921 0.012390 0.015776 0.036730 0.012233 
0.003733 0.423063 0.255278 0.118603 0.113581 0.012015 0.011833 0.018520 0.032738 0.010637 
0.034599 0.378287 0.275071 0.127711 0.087328 0.009330 0.022977 0.021380 0.029930 0.013387 
0.007679 0.427873 0.158276 0.153654 0.095960 0.027934 0.035827 0.024057 0.048521 0.020219 
0.005808 0.445128 0.162099 0.142197 0.119818 0.026681 0.030751 0.029525 0.022953 0.015040 
0.026192 0.413371 0.230524 0.101133 0.089301 0.042494 0.025315 0.023846 0.032056 0.015769 
0.025564 0.386428 0.199258 0.165123 0.120258 0.042828 0.019772 0.025654 0.005104 0.010013 
0.003346 0.436012 0.180145 0.139509 0.102168 0.048161 0.031386 0.033347 0.015734 0.010193 
0.000542 0.469500 0.189133 0.144318 0.068795 0.032612 0.034784 0.044596 0.008878 0.006842 
0.037534 0.386848 0.237556 0.102335 0.077997 0.027649 0.022520 0.041803 0.039728 0.026029 
0.000929 0.343783 0.246434 0.089197 0.096808 0.028046 0.052787 0.038232 0.074009 0.029775 
0.009072 0.387718 0.267430 0.119063 0.063705 0.016546 0.025856 0.050587 0.048042 0.011982 
0.020514 0.368691 0.299500 0.088437 0.069133 0.019045 0.030400 0.053004 0.041562 0.009715 
0.021165 0.369723 0.154904 0.169079 0.115827 0.029242 0.021589 0.065390 0.045975 0.007107 
0.004342 0.379578 0.142625 0.189159 0.122316 0.016046 0.025518 0.054293 0.054580 0.011544 
0.002990 0.429731 0.174760 0.157262 0.071199 0.018933 0.016314 0.049113 0.052741 0.026958 
0.032647 0.357092 0.300035 0.081559 0.077103 0.024344 0.032487 0.035744 0.041808 0.017180 
0.006297 0.387310 0.206233 0.109845 0.151218 0.011730 0.034751 0.030098 0.046755 0.015763 
0.003570 0.377317 0.249250 0.085092 0.150119 0.029257 0.023970 0.027962 0.028353 0.025109 
0.012747 0.274972 0.170892 0.210512 0.144379 0.016595 0.038321 0.046964 0.056257 0.028360 
0.009189 0.352454 0.092119 0.167376 0.143972 0.048981 0.040838 0.041161 0.085268 0.018642 
0.000323 0.367261 0.123619 0.166311 0.169423 0.048026 0.021683 0.044061 0.049191 0.010101 
0.008544 0.392312 0.123676 0.150088 0.156884 0.041213 0.025356 0.039102 0.045337 0.017488 
0.020887 0.305260 0.281758 0.103571 0.131844 0.028679 0.027401 0.032200 0.046802 0.021598 
0.007531 0.420704 0.194570 0.104874 0.099507 0.025419 0.049258 0.043256 0.043217 0.011664 
0.011476 0.450003 0.202742 0.103294 0.091698 0.020884 0.022064 0.057771 0.031221 0.008846 
0.001133 0.252597 0.333308 0.121359 0.076863 0.036160 0.052393 0.038516 0.055806 0.031866 
0.020455 0.370838 0.254496 0.149178 0.070988 0.018216 0.021692 0.051595 0.038710 0.003833 
0.011859 0.444568 0.199844 0.159315 0.059210 0.012213 0.024468 0.050332 0.029670 0.008522 
0.009393 0.463328 0.174949 0.124641 0.062916 0.027657 0.034847 0.057442 0.030903 0.013921 
0.018256 0.364920 0.223746 0.152817 0.065990 0.031883 0.041692 0.045011 0.029569 0.026116 
0.009200 0.382288 0.228461 0.129967 0.057630 0.020077 0.053799 0.055551 0.049163 0.013865 
0.014696 0.485280 0.230801 0.091471 0.054884 0.011952 0.028394 0.038786 0.029380 0.014357 
0.014511 0.345839 0.246758 0.167775 0.079477 0.026193 0.030655 0.029831 0.040853 0.018109 
0.013344 0.360078 0.167393 0.161974 0.098925 0.050993 0.042168 0.021937 0.053973 0.029215 
0.005775 0.403561 0.168146 0.189344 0.095829 0.039338 0.025226 0.026253 0.028117 0.018411 
0.001405 0.455003 0.184140 0.161974 0.069977 0.042793 0.007020 0.030143 0.033540 0.014005 
0.011455 0.273461 0.248608 0.125822 0.159378 0.034691 0.033567 0.055497 0.035186 0.022335 
0.028520 0.344677 0.171096 0.120354 0.142046 0.028168 0.050581 0.053534 0.047567 0.013455 
0.004442 0.350714 0.170978 0.125071 0.176116 0.041302 0.033232 0.045070 0.034251 0.018824 
0.023725 0.326110 0.237931 0.151893 0.136515 0.017259 0.038033 0.025041 0.026963 0.016529 
0.016091 0.321929 0.202947 0.122782 0.138896 0.024328 0.053755 0.038062 0.065455 0.015755 
0.007603 0.387755 0.147105 0.136896 0.152414 0.014557 0.046778 0.033630 0.054736 0.018527 
0.019769 0.424128 0.180468 0.124957 0.138018 0.005476 0.021162 0.024188 0.042646 0.019189 
0.013397 0.238161 0.380008 0.141503 0.038564 0.018364 0.047374 0.039414 0.057528 0.025687 
0.007751 0.387963 0.235930 0.107305 0.082773 0.041412 0.049751 0.031705 0.037537 0.017873 
0.012554 0.416455 0.234895 0.100289 0.080283 0.014875 0.046429 0.051119 0.026384 0.016718 
0.016120 0.278283 0.302925 0.121268 0.101526 0.043677 0.024995 0.049938 0.047745 0.013523 
0.005141 0.365983 0.193274 0.099533 0.087130 0.034859 0.036909 0.047821 0.083783 0.045566 
0.008514 0.449792 0.186653 0.127239 0.083630 0.029987 0.021898 0.044198 0.030725 0.017364 
0.005850 0.507238 0.209435 0.123556 0.033186 0.025381 0.023111 0.055152 0.009388 0.007702 
0.012650 0.307933 0.261212 0.160923 0.102756 0.021254 0.022480 0.064944 0.036459 0.009389 
0.010164 0.129864 0.364447 0.247891 0.125424 0.014410 0.012398 0.048444 0.036972 0.009985 
0.000063 0.026714 0.405764 0.303040 0.115524 0.016990 0.022726 0.060643 0.040294 0.008242 
0.005787 0.047165 0.420308 0.237503 0.105750 0.023771 0.033908 0.090347 0.023986 0.011473 
0.029346 0.145801 0.352420 0.171107 0.081856 0.035276 0.047409 0.074781 0.050593 0.011410 
0.007033 0.107860 0.389925 0.192542 0.086278 0.010031 0.018694 0.065978 0.098840 0.022819 
0.010726 0.038972 0.461448 0.167083 0.120350 0.025408 0.026190 0.053177 0.072991 0.023656 
0.010426 0.132802 0.428216 0.120918 0.100914 0.057780 0.053015 0.023870 0.049644 0.022416 
0.004416 0.107864 0.462801 0.153832 0.046614 0.025491 0.047478 0.061070 0.061438 0.028995 
0.007816 0.046897 0.458039 0.134758 0.051779 0.027080 0.034388 0.077323 0.135210 0.026710 
0.006126 0.024932 0.456110 0.206399 0.099317 0.056675 0.024280 0.049125 0.059589 0.017447 
0.000078 0.057178 0.370602 0.263878 0.098102 0.027318 0.043163 0.050323 0.069736 0.019622 
0.008052 0.031736 0.396152 0.351855 0.048270 0.032477 0.049730 0.026234 0.048725 0.006770 
0.002347 0.022006 0.359841 0.320728 0.111932 0.027608 0.041635 0.049217 0.045215 0.019471 
0.006317 0.027110 0.332049 0.286498 0.125075 0.030958 0.050850 0.077427 0.046563 0.017151 
0.021791 0.105346 0.334688 0.265686 0.120287 0.016832 0.031234 0.061306 0.032606 0.010223 
0.003035 0.037682 0.364477 0.314561 0.126453 0.026877 0.026488 0.065924 0.026701 0.007802 
0.000303 0.019108 0.396735 0.283583 0.137996 0.019052 0.011968 0.076853 0.044287 0.010113 
0.022382 0.120389 0.394351 0.168680 0.090590 0.014417 0.021734 0.065019 0.072875 0.029563 
0.014692 0.125324 0.447299 0.134582 0.094790 0.007157 0.025914 0.045668 0.084450 0.020125 
0.002517 0.021124 0.449758 0.202979 0.195582 0.021562 0.020128 0.049680 0.025942 0.010728 
0.003572 0.075259 0.408995 0.115473 0.192335 0.038773 0.036023 0.031325 0.067921 0.030325 
0.008408 0.108421 0.367525 0.221155 0.128371 0.025280 0.030380 0.038036 0.058496 0.013928 
0.009508 0.063903 0.326806 0.280017 0.206901 0.022322 0.012139 0.041040 0.021197 0.016166 
0.004926 0.044061 0.338138 0.242899 0.196842 0.051287 0.022780 0.046253 0.025567 0.027247 
0.008630 0.134330 0.285348 0.217449 0.161997 0.040469 0.028449 0.063897 0.047438 0.011994 
0.005978 0.034077 0.247451 0.296610 0.197999 0.049813 0.026032 0.066935 0.060493 0.014611 
0.001487 0.016711 0.255830 0.304379 0.202986 0.057161 0.036678 0.072676 0.040579 0.011513 
0.020720 0.126087 0.284874 0.238123 0.126630 0.046162 0.026839 0.081060 0.037675 0.011830 
0.013458 0.111355 0.368397 0.273534 0.074664 0.026181 0.018707 0.060017 0.045206 0.008482 
0.008273 0.042346 0.395329 0.295434 0.104981 0.027740 0.026205 0.065035 0.028297 0.006360 
0.003019 0.053466 0.469359 0.201450 0.112579 0.045089 0.035187 0.044236 0.026042 0.009573 
0.009522 0.098739 0.335507 0.309203 0.064284 0.025387 0.040234 0.057601 0.050952 0.008569 
0.005080 0.024598 0.370164 0.358580 0.072744 0.026218 0.048114 0.041361 0.048966 0.004174 
0.008278 0.050543 0.365331 0.335788 0.103318 0.028557 0.025502 0.035069 0.028123 0.019490 
0.010027 0.110829 0.325343 0.224778 0.085061 0.061107 0.063986 0.041422 0.050168 0.027278 
0.010195 0.082148 0.386356 0.257088 0.072435 0.016526 0.039600 0.039212 0.080196 0.016244 
0.003281 0.039544 0.435797 0.243841 0.091616 0.027894 0.034999 0.051760 0.056074 0.015196 
0.014996 0.077727 0.470751 0.165748 0.093554 0.036753 0.043368 0.061528 0.024512 0.011063 
0.001624 0.098980 0.316460 0.144383 0.115195 0.080135 0.066629 0.076619 0.075543 0.024434 
0.010540 0.048842 0.345397 0.164791 0.108015 0.076122 0.064293 0.088513 0.080663 0.012825 
0.004539 0.017348 0.340263 0.241651 0.135160 0.056658 0.043577 0.067409 0.073277 0.020118 
0.009072 0.104944 0.293458 0.274458 0.145996 0.034806 0.036621 0.047322 0.039725 0.013598 
0.008793 0.086300 0.344295 0.177672 0.197151 0.031402 0.029799 0.087355 0.031761 0.005471 
0.007530 0.034655 0.385809 0.161572 0.212918 0.029706 0.029702 0.081434 0.048870 0.007804 
0.013209 0.061817 0.373401 0.164513 0.192577 0.034964 0.029507 0.081454 0.034384 0.014174 
0.014411 0.116468 0.376345 0.124796 0.154276 0.015544 0.051412 0.059584 0.073148 0.014016 
0.000188 0.047094 0.418475 0.107086 0.225210 0.016792 0.042256 0.065370 0.061321 0.016210 
0.008613 0.041017 0.430010 0.178408 0.146709 0.029539 0.036884 0.057520 0.056418 0.014882 
0.006413 0.046445 0.427702 0.257206 0.045113 0.035301 0.047723 0.046255 0.063437 0.024405 
0.007824 0.102422 0.372660 0.229278 0.066388 0.060708 0.038820 0.060494 0.040367 0.021040 
0.014840 0.063521 0.397186 0.250834 0.084296 0.029112 0.043048 0.047977 0.056248 0.012937 
0.004900 0.086014 0.407455 0.241888 0.072102 0.032562 0.025050 0.072872 0.044061 0.013097 
0.003882 0.126546 0.324219 0.240935 0.069583 0.054725 0.031867 0.072615 0.052544 0.023083 
0.005121 0.045741 0.387126 0.270068 0.044481 0.069130 0.025141 0.081176 0.055101 0.016915 
0.007279 0.040815 0.381292 0.271053 0.076309 0.044811 0.042615 0.070380 0.047260 0.018186 
0.008821 0.120402 0.327538 0.179020 0.111581 0.091508 0.035576 0.074774 0.040716 0.010063 
0.018823 0.136143 0.353196 0.239735 0.064856 0.064474 0.017566 0.067620 0.030863 0.006724 
0.016549 0.111618 0.398007 0.253900 0.077937 0.048847 0.022347 0.044039 0.021669 0.005087 
0.000890 0.054504 0.392434 0.282546 0.110980 0.041010 0.042385 0.039059 0.024182 0.012009 
0.002122 0.113198 0.385051 0.198351 0.074818 0.054844 0.053636 0.059411 0.047344 0.011226 
0.008053 0.090500 0.389603 0.222338 0.063795 0.063865 0.053703 0.041078 0.056268 0.010796 
0.000692 0.078339 0.395412 0.253992 0.053251 0.062582 0.046758 0.043607 0.050879 0.014487 
0.005843 0.072842 0.367270 0.268879 0.064088 0.072870 0.044375 0.022937 0.050797 0.030100 
0.016921 0.132432 0.383333 0.257568 0.049232 0.046453 0.023272 0.027423 0.037609 0.025758 
0.025270 0.129913 0.430418 0.228849 0.057930 0.048575 0.023698 0.019147 0.020888 0.015312 
0.015837 0.118666 0.458549 0.238286 0.050227 0.050935 0.022161 0.024892 0.012710 0.007738 
0.012488 0.144971 0.302082 0.244311 0.090864 0.056877 0.056285 0.048918 0.023810 0.019393 
0.016898 0.116286 0.328232 0.226898 0.130091 0.048189 0.056873 0.038860 0.025328 0.012346 
0.018080 0.094560 0.365746 0.241493 0.151270 0.017042 0.056457 0.029767 0.016097 0.009488 
0.002989 0.066182 0.391453 0.186181 0.123941 0.033130 0.058091 0.079929 0.046099 0.012003 
0.000148 0.080766 0.441459 0.220519 0.084774 0.020871 0.018753 0.070774 0.048367 0.013569 
0.010076 0.112588 0.431191 0.195635 0.087027 0.028050 0.016045 0.063306 0.041993 0.014089 
0.016275 0.128952 0.359848 0.242865 0.097358 0.032191 0.022617 0.053981 0.030726 0.015190 
0.005989 0.129587 0.300854 0.258234 0.111720 0.040544 0.039186 0.050619 0.043124 0.020142 
0.018038 0.115302 0.390434 0.200537 0.131291 0.039155 0.023731 0.034870 0.036821 0.009821 
0.009214 0.096788 0.375374 0.231703 0.146634 0.031010 0.035381 0.023460 0.036700 0.013737 
0.005811 0.053102 0.363795 0.250980 0.148343 0.045062 0.025791 0.042356 0.040593 0.024167 
0.004345 0.103355 0.359052 0.197647 0.123776 0.048416 0.016415 0.066792 0.047515 0.032686 
0.008994 0.108107 0.386975 0.214122 0.096666 0.057176 0.029249 0.044321 0.026845 0.027545 
0.005978 0.095738 0.434666 0.180168 0.125072 0.047051 0.028573 0.038168 0.015389 0.029197 
0.005421 0.182381 0.270941 0.178745 0.137063 0.079039 0.050123 0.049940 0.018919 0.027429 
0.012505 0.173387 0.313412 0.183944 0.127586 0.062392 0.041443 0.038765 0.026132 0.020435 
0.012613 0.087376 0.385189 0.204488 0.119234 0.064181 0.045065 0.044437 0.021469 0.015948 
0.006505 0.063838 0.350119 0.209203 0.155037 0.055950 0.041461 0.084541 0.020931 0.012415 
0.009332 0.107497 0.342024 0.233038 0.109354 0.027664 0.054754 0.090251 0.018853 0.007233 
0.026173 0.146492 0.397035 0.229729 0.058212 0.024496 0.034579 0.051915 0.024469 0.006900 
0.023173 0.145137 0.358231 0.248498 0.057873 0.033701 0.036779 0.041662 0.035355 0.019591 
0.020113 0.181134 0.318797 0.240702 0.044745 0.050112 0.031981 0.052824 0.043618 0.015975 
0.002485 0.087984 0.367078 0.277982 0.061719 0.062302 0.048125 0.033223 0.046860 0.012242 
0.017300 0.122911 0.333977 0.263641 0.082613 0.054488 0.038835 0.038701 0.040049 0.007485 
0.004180 0.136401 0.424276 0.167263 0.090808 0.037829 0.034877 0.030009 0.045123 0.029235 
0.010325 0.178974 0.332149 0.208317 0.072062 0.041796 0.022511 0.053987 0.052701 0.027178 
