Demons,One-Republic
0.000000 0.000000 0.000000 0.000000 0.000000 0.000000 0.000000 0.000000 0.000000 0.000000 
0.023256 0.093023 0.116279 0.116279 0.116279 0.093023 0.116279 0.116279 0.116279 0.093023 
0.018427 0.037473 0.065664 0.062732 0.127388 0.070815 0.121241 0.163630 0.094214 0.238416 
0.001197 0.003351 0.009012 0.033482 0.064293 0.067299 0.144751 0.234711 0.205043 0.236861 
0.002024 0.011726 0.016872 0.033416 0.028188 0.029258 0.087798 0.174317 0.330729 0.285672 
0.005548 0.018923 0.032092 0.019465 0.034633 0.032523 0.100336 0.297372 0.312852 0.146255 
0.004015 0.018454 0.024481 0.022745 0.045736 0.035653 0.135758 0.232735 0.262155 0.218267 
0.004775 0.020148 0.026810 0.039056 0.059359 0.071706 0.101278 0.160501 0.317976 0.198391 
0.006778 0.031248 0.043284 0.040609 0.054760 0.051293 0.094420 0.191230 0.261724 0.224653 
0.001524 0.005979 0.018445 0.023774 0.033644 0.064980 0.136920 0.222797 0.247113 0.244824 
0.000355 0.008658 0.021148 0.036843 0.063382 0.068175 0.137483 0.173372 0.251815 0.238769 
0.001670 0.005468 0.015235 0.052293 0.045552 0.049336 0.131370 0.257617 0.231603 0.209856 
0.000551 0.003457 0.012810 0.043802 0.071541 0.041935 0.104561 0.197991 0.302483 0.220869 
0.000341 0.004348 0.017257 0.041544 0.067632 0.046124 0.092455 0.295383 0.243443 0.191472 
0.001548 0.009112 0.020994 0.023063 0.038198 0.060237 0.077764 0.214795 0.265389 0.288899 
0.001400 0.008075 0.018080 0.034843 0.089176 0.065267 0.103445 0.269882 0.229527 0.180306 
0.002654 0.013447 0.020695 0.054154 0.050268 0.055487 0.096768 0.275582 0.197648 0.233297 
0.005525 0.019637 0.030010 0.065168 0.055463 0.035019 0.085445 0.193060 0.307243 0.203430 
0.002866 0.014742 0.023399 0.053196 0.080256 0.054502 0.104679 0.208939 0.266057 0.191363 
0.000694 0.003883 0.020522 0.048244 0.086578 0.056914 0.104019 0.109993 0.291481 0.277673 
0.003374 0.015357 0.023016 0.033387 0.049898 0.019390 0.069459 0.151433 0.372059 0.262627 
0.004133 0.018678 0.032119 0.048007 0.065707 0.068941 0.148901 0.112256 0.233839 0.267419 
0.001024 0.005386 0.016573 0.031207 0.056664 0.047118 0.095575 0.303816 0.357864 0.084774 
0.002831 0.012470 0.034364 0.035173 0.060871 0.066295 0.091549 0.371838 0.180268 0.144340 
0.003981 0.011898 0.024266 0.047270 0.055608 0.054919 0.106412 0.344976 0.232177 0.118494 
0.004277 0.020909 0.032995 0.046371 0.048561 0.067947 0.173851 0.201234 0.220363 0.183493 
0.004133 0.020128 0.031670 0.062374 0.068395 0.064788 0.190529 0.164232 0.175924 0.217826 
0.002382 0.011926 0.016075 0.039773 0.084137 0.035503 0.090852 0.261586 0.277734 0.180031 
0.002192 0.005838 0.008809 0.041600 0.060440 0.057137 0.114329 0.234581 0.287030 0.188045 
0.000626 0.002558 0.011673 0.064345 0.084290 0.096910 0.097755 0.195829 0.229209 0.216807 
0.002479 0.009198 0.016354 0.051727 0.058224 0.040685 0.093418 0.296205 0.244136 0.187574 
0.005382 0.023372 0.026188 0.042926 0.052318 0.035109 0.133457 0.263535 0.274835 0.142878 
0.004131 0.015444 0.028388 0.043773 0.058051 0.028712 0.168087 0.303052 0.237366 0.112996 
0.000592 0.004246 0.009135 0.029311 0.052017 0.028391 0.231374 0.185806 0.299255 0.159873 
0.003181 0.014879 0.034462 0.039019 0.084059 0.047501 0.128695 0.244480 0.220615 0.183107 
0.002329 0.010846 0.010357 0.045275 0.045075 0.089148 0.184029 0.215376 0.303953 0.093613 
0.003526 0.015320 0.031687 0.038443 0.088150 0.066388 0.133377 0.251196 0.238212 0.133701 
0.004915 0.019454 0.029365 0.047437 0.081437 0.020222 0.087245 0.160676 0.178661 0.370588 
0.002632 0.009147 0.019218 0.035672 0.072028 0.066186 0.125378 0.156137 0.171271 0.342330 
0.002169 0.008419 0.018426 0.033613 0.060126 0.042671 0.123654 0.195021 0.206564 0.309336 
0.002603 0.013469 0.014984 0.029517 0.076427 0.033907 0.088772 0.162299 0.325527 0.252495 
0.000391 0.005959 0.020297 0.029684 0.067918 0.039159 0.147545 0.218012 0.256675 0.214359 
0.005476 0.023848 0.032724 0.048850 0.047703 0.066208 0.071233 0.169430 0.264527 0.270001 
0.000114 0.003852 0.013643 0.042962 0.061385 0.036024 0.108569 0.216575 0.308616 0.208260 
0.001207 0.005003 0.007838 0.032375 0.036080 0.053165 0.049905 0.259759 0.321477 0.233190 
0.002266 0.008133 0.013455 0.024993 0.057999 0.061510 0.127619 0.325058 0.206470 0.172495 
0.005166 0.021453 0.028373 0.039781 0.038752 0.042375 0.117005 0.216152 0.316985 0.173958 
0.003837 0.016276 0.022655 0.024024 0.048231 0.063861 0.056272 0.264668 0.353966 0.146211 
0.000621 0.005010 0.007992 0.019787 0.042846 0.020353 0.059365 0.298473 0.364912 0.180642 
0.000283 0.003301 0.013926 0.019466 0.031833 0.039778 0.082917 0.221900 0.433618 0.152978 
0.001676 0.006639 0.011403 0.022026 0.035212 0.031990 0.036641 0.230213 0.377238 0.246961 
0.001642 0.006811 0.013880 0.039911 0.041443 0.044126 0.091736 0.191147 0.320234 0.249070 
0.006116 0.023453 0.033069 0.041634 0.038523 0.030960 0.047615 0.165288 0.419075 0.194265 
0.005213 0.020392 0.029564 0.035645 0.048279 0.035541 0.057438 0.218668 0.285695 0.263564 
0.005847 0.024112 0.039977 0.035799 0.041581 0.029302 0.092863 0.278201 0.269069 0.183248 
0.005625 0.024093 0.032063 0.042738 0.058493 0.054161 0.033101 0.305854 0.238040 0.205832 
0.000859 0.003901 0.005727 0.037741 0.028765 0.026690 0.054603 0.240596 0.382864 0.218254 
0.002676 0.013299 0.012575 0.065325 0.054361 0.026567 0.073128 0.258499 0.304045 0.189526 
0.018050 0.073944 0.028897 0.029753 0.042560 0.026561 0.083957 0.272664 0.237268 0.186346 
0.066639 0.072919 0.114581 0.069645 0.052841 0.037622 0.069382 0.239582 0.152277 0.124512 
0.112086 0.158525 0.089390 0.066585 0.044162 0.047687 0.029341 0.155543 0.197723 0.098956 
0.071338 0.238254 0.189458 0.076500 0.035433 0.038129 0.045742 0.140811 0.108370 0.055966 
0.126103 0.190363 0.174420 0.080240 0.051289 0.048932 0.038566 0.077086 0.142724 0.070278 
0.065491 0.258266 0.147470 0.102800 0.059902 0.042574 0.035506 0.108404 0.118739 0.060848 
0.055228 0.276774 0.192136 0.068295 0.052875 0.030131 0.034203 0.097279 0.150276 0.042802 
0.024294 0.257273 0.186309 0.068983 0.062700 0.041173 0.039197 0.132856 0.125446 0.061770 
0.014813 0.281952 0.198668 0.049425 0.044768 0.025962 0.049282 0.137851 0.121066 0.076215 
0.029579 0.328811 0.137254 0.044590 0.032138 0.023954 0.066257 0.154891 0.140792 0.041733 
0.007877 0.326024 0.109666 0.039674 0.047707 0.032149 0.036591 0.144283 0.149459 0.106570 
0.099261 0.250334 0.112653 0.034567 0.036056 0.036610 0.080972 0.103748 0.147907 0.097892 
0.074966 0.330334 0.116898 0.048111 0.024263 0.026743 0.034099 0.155478 0.126405 0.062703 
0.072971 0.314189 0.170254 0.037336 0.032735 0.027917 0.039753 0.109586 0.096039 0.099220 
0.044438 0.394871 0.095763 0.053471 0.034917 0.018887 0.040128 0.086295 0.137021 0.094207 
0.045987 0.218646 0.128724 0.054426 0.065530 0.039195 0.043233 0.149520 0.148446 0.106292 
0.007563 0.330856 0.079986 0.051250 0.040701 0.033514 0.067991 0.144654 0.124005 0.119479 
0.016928 0.327067 0.105233 0.076465 0.034628 0.045430 0.074634 0.116664 0.123028 0.079924 
0.025172 0.353419 0.071832 0.030071 0.029550 0.027668 0.076485 0.129972 0.135387 0.120443 
0.013426 0.411209 0.096137 0.039324 0.021527 0.024495 0.048530 0.084683 0.146557 0.114112 
0.055539 0.278413 0.117207 0.057248 0.042038 0.039245 0.083004 0.114697 0.113479 0.099130 
0.018128 0.313649 0.079481 0.038596 0.040186 0.032649 0.064285 0.126512 0.177347 0.109166 
0.055670 0.248532 0.069173 0.053355 0.050847 0.027961 0.092620 0.151331 0.121582 0.128930 
0.026933 0.338365 0.106046 0.059794 0.024568 0.027624 0.111286 0.158412 0.090528 0.056446 
0.038837 0.268197 0.089075 0.057980 0.043334 0.061174 0.051572 0.167395 0.135128 0.087309 
0.031042 0.279101 0.104528 0.053934 0.054835 0.032186 0.099339 0.123555 0.107718 0.113761 
0.029850 0.247298 0.082698 0.047650 0.046183 0.026758 0.061835 0.119607 0.171263 0.166858 
0.012274 0.366962 0.068083 0.040443 0.034803 0.038176 0.082303 0.142813 0.123097 0.091046 
0.096118 0.203986 0.050809 0.034304 0.037558 0.045299 0.081106 0.162070 0.134749 0.154000 
0.025781 0.272807 0.059378 0.060948 0.072296 0.041013 0.075855 0.085035 0.110185 0.196702 
0.063215 0.282939 0.073032 0.046306 0.040613 0.019639 0.069715 0.169675 0.152317 0.082548 
0.074970 0.254628 0.063933 0.051018 0.046170 0.040399 0.088190 0.142457 0.122979 0.115256 
0.081871 0.326084 0.076292 0.046840 0.051121 0.025856 0.064391 0.107850 0.129360 0.090334 
0.054467 0.130201 0.061866 0.066097 0.058520 0.035827 0.048523 0.126567 0.292464 0.125467 
0.101053 0.304797 0.064466 0.037183 0.043455 0.024518 0.060783 0.089396 0.182188 0.092160 
0.039776 0.243463 0.092070 0.054445 0.072300 0.041001 0.073410 0.135919 0.143001 0.104615 
0.109609 0.199279 0.075615 0.092891 0.044855 0.027422 0.080696 0.093595 0.166510 0.109528 
0.083222 0.269106 0.065524 0.058471 0.058063 0.026876 0.041837 0.093219 0.151883 0.151799 
0.043325 0.275296 0.096172 0.073576 0.063787 0.040730 0.076412 0.134357 0.123683 0.072662 
0.095249 0.237634 0.079679 0.080106 0.037824 0.032721 0.052798 0.068530 0.143394 0.172065 
0.080316 0.285520 0.090081 0.054452 0.076916 0.020610 0.051507 0.094824 0.097323 0.148452 
0.074051 0.253782 0.082845 0.073381 0.081145 0.032110 0.043955 0.088810 0.118658 0.151264 
0.095209 0.223831 0.073959 0.098517 0.089874 0.031415 0.083515 0.091854 0.093899 0.117927 
0.073379 0.194078 0.102931 0.111133 0.063606 0.029101 0.072742 0.082675 0.161530 0.108824 
0.097851 0.119208 0.121672 0.137860 0.059716 0.027366 0.060262 0.131090 0.120677 0.124298 
0.102914 0.190911 0.106976 0.125345 0.025882 0.030103 0.055293 0.129978 0.096592 0.136007 
0.105115 0.223636 0.092629 0.091459 0.064183 0.039435 0.090589 0.086429 0.132503 0.074023 
0.062927 0.174658 0.089533 0.109943 0.040439 0.034652 0.069292 0.105150 0.173469 0.139938 
0.004283 0.248050 0.088661 0.095891 0.067456 0.025887 0.065793 0.104306 0.195408 0.104264 
0.016929 0.232394 0.064069 0.058354 0.057908 0.033555 0.072500 0.194925 0.154166 0.115199 
0.034228 0.128492 0.095117 0.113890 0.096845 0.037082 0.049594 0.082083 0.217336 0.145333 
0.005924 0.206129 0.087248 0.134965 0.084823 0.046036 0.098621 0.100359 0.118436 0.117460 
0.034948 0.162323 0.129520 0.108642 0.069706 0.045898 0.104867 0.082275 0.135374 0.126446 
0.018061 0.167517 0.116074 0.126280 0.079976 0.046528 0.103215 0.116554 0.117684 0.108109 
0.042791 0.125036 0.084744 0.113817 0.131111 0.053201 0.074189 0.128655 0.124206 0.122249 
0.042166 0.121787 0.099765 0.144981 0.088841 0.021929 0.080108 0.149692 0.133516 0.117215 
0.061640 0.086702 0.116721 0.088314 0.054874 0.044820 0.091661 0.169584 0.140065 0.145617 
0.042408 0.096681 0.103594 0.156928 0.091303 0.050655 0.090373 0.177072 0.107149 0.083837 
0.031728 0.123017 0.104078 0.089960 0.095738 0.041670 0.107616 0.159137 0.126193 0.120864 
0.055843 0.095087 0.097562 0.111303 0.083452 0.041330 0.098416 0.165013 0.135204 0.116788 
0.020101 0.101191 0.114937 0.134653 0.058670 0.064263 0.092789 0.157919 0.127721 0.127755 
0.053463 0.093896 0.102728 0.137417 0.076846 0.056705 0.102431 0.173501 0.123783 0.079230 
0.020417 0.050712 0.116952 0.177414 0.098428 0.047871 0.080295 0.202403 0.123749 0.081760 
0.013632 0.074659 0.118046 0.104240 0.043772 0.058412 0.107833 0.213408 0.209495 0.056504 
0.027179 0.092394 0.082374 0.120849 0.058695 0.067516 0.053770 0.183058 0.210594 0.103570 
0.033405 0.106749 0.129324 0.137338 0.072037 0.057618 0.104847 0.153018 0.137584 0.068079 
0.039181 0.093688 0.119188 0.224011 0.064656 0.042992 0.058830 0.167757 0.115979 0.073719 
0.014154 0.067849 0.115687 0.235200 0.054092 0.057935 0.066548 0.182390 0.125902 0.080243 
0.020122 0.062441 0.141333 0.133698 0.079096 0.065234 0.073415 0.189269 0.147582 0.087811 
0.031921 0.121556 0.109137 0.171908 0.058880 0.033955 0.064460 0.172914 0.123935 0.111335 
0.004008 0.058864 0.202117 0.169719 0.074383 0.052440 0.030223 0.152762 0.176814 0.078669 
0.008263 0.091036 0.173245 0.124453 0.063228 0.040231 0.039719 0.152655 0.244054 0.063116 
0.029025 0.071283 0.241516 0.117649 0.055973 0.044077 0.078058 0.170730 0.106025 0.085665 
0.003284 0.043717 0.266667 0.108610 0.070810 0.032943 0.079651 0.147816 0.167543 0.078959 
0.002532 0.067395 0.216784 0.082414 0.058804 0.062025 0.080266 0.116538 0.229401 0.083841 
0.021545 0.033120 0.272853 0.124254 0.060519 0.042968 0.061112 0.164425 0.137864 0.081341 
0.012426 0.090885 0.184708 0.166014 0.065617 0.035321 0.045340 0.092810 0.250299 0.056580 
0.014106 0.073948 0.291318 0.123857 0.042335 0.042658 0.082051 0.079995 0.168172 0.081559 
0.013610 0.083448 0.225990 0.089971 0.085493 0.030344 0.068072 0.202605 0.135726 0.064740 
0.009808 0.055908 0.175092 0.109660 0.076798 0.021984 0.053943 0.173673 0.198599 0.124536 
0.008666 0.083888 0.199128 0.068216 0.040131 0.052786 0.050547 0.182577 0.193005 0.121056 
0.017228 0.055648 0.146344 0.071748 0.036990 0.029479 0.083159 0.178966 0.217500 0.162939 
0.028490 0.084752 0.233810 0.122673 0.062692 0.034601 0.068319 0.146399 0.122694 0.095571 
0.025085 0.036867 0.119440 0.166547 0.072249 0.059858 0.055821 0.211769 0.123110 0.129253 
0.035103 0.078583 0.140649 0.067371 0.058613 0.058813 0.075331 0.160423 0.230472 0.094643 
0.020550 0.088909 0.134506 0.105392 0.078472 0.073674 0.080172 0.062285 0.206291 0.149750 
0.005726 0.060645 0.119715 0.104849 0.062088 0.047283 0.055734 0.211660 0.139615 0.192685 
0.019508 0.076083 0.120550 0.099405 0.103799 0.053222 0.065491 0.211157 0.160643 0.090141 
0.019359 0.044289 0.125507 0.087186 0.048302 0.049963 0.072331 0.274494 0.181499 0.097070 
0.002359 0.085330 0.098938 0.126606 0.072332 0.048949 0.041823 0.238357 0.156124 0.129183 
0.038076 0.112572 0.069267 0.177651 0.048837 0.056338 0.083423 0.146725 0.149959 0.117150 
0.009038 0.082438 0.066449 0.087409 0.081097 0.040707 0.075085 0.146531 0.268337 0.142908 
0.007383 0.059372 0.098891 0.146823 0.097090 0.048755 0.046807 0.165719 0.223955 0.105205 
0.013708 0.064036 0.091858 0.098501 0.085586 0.036229 0.057612 0.137650 0.190899 0.223922 
0.041538 0.061237 0.078474 0.153174 0.067144 0.064470 0.080263 0.179081 0.105399 0.169220 
0.004335 0.081281 0.139641 0.078718 0.069568 0.064771 0.063234 0.214333 0.078547 0.205573 
0.021122 0.030464 0.112912 0.163368 0.056194 0.034173 0.073669 0.135761 0.199092 0.173246 
0.004180 0.060501 0.078732 0.154357 0.072098 0.036143 0.051720 0.128644 0.239910 0.173716 
0.010273 0.073053 0.124865 0.115749 0.089974 0.042257 0.099245 0.109830 0.181370 0.153384 
0.004626 0.049352 0.080558 0.107380 0.082466 0.066048 0.087643 0.193592 0.192869 0.135465 
0.008020 0.095214 0.064296 0.141437 0.075743 0.033188 0.066996 0.142397 0.207100 0.165610 
0.005131 0.071063 0.120062 0.100019 0.056820 0.041086 0.115143 0.151981 0.221056 0.117638 
0.018331 0.106589 0.055942 0.104828 0.076164 0.063603 0.071203 0.181007 0.213041 0.109293 
0.003893 0.086481 0.079398 0.151570 0.068724 0.064988 0.078534 0.191194 0.184357 0.090860 
0.009551 0.060563 0.092395 0.129349 0.077750 0.069879 0.098384 0.153713 0.156335 0.152081 
0.006974 0.074331 0.072335 0.113160 0.091945 0.073230 0.089733 0.106384 0.221646 0.150263 
0.010503 0.104916 0.093542 0.122369 0.084254 0.078552 0.126399 0.091461 0.166317 0.121686 
0.009584 0.043223 0.061816 0.123768 0.088504 0.086085 0.113946 0.201855 0.142045 0.129173 
0.010343 0.052823 0.065806 0.118894 0.099872 0.111321 0.176267 0.128840 0.109813 0.126022 
0.018988 0.107493 0.062452 0.116100 0.153462 0.070579 0.095215 0.146169 0.098554 0.130988 
0.033555 0.066485 0.086760 0.118777 0.104977 0.065374 0.100681 0.183243 0.128512 0.111635 
0.017120 0.063210 0.065710 0.086687 0.081847 0.117655 0.103619 0.155329 0.191034 0.117788 
0.002651 0.021956 0.064649 0.158687 0.088994 0.060378 0.089877 0.245427 0.174223 0.093159 
0.011752 0.066710 0.084064 0.092552 0.111789 0.068742 0.091585 0.163484 0.122726 0.186596 
0.002720 0.029359 0.078179 0.167724 0.092910 0.037968 0.067068 0.216515 0.149445 0.158112 
0.026437 0.056093 0.064833 0.142290 0.092563 0.092375 0.078783 0.164596 0.113403 0.168627 
0.007850 0.039203 0.090718 0.143791 0.099468 0.073035 0.106865 0.198798 0.153281 0.086990 
0.003225 0.041589 0.067929 0.161036 0.108829 0.073112 0.096312 0.236390 0.118013 0.093565 
0.003338 0.078185 0.091639 0.123762 0.110151 0.087091 0.049900 0.220594 0.102414 0.132925 
0.005483 0.085254 0.080961 0.172624 0.084246 0.072784 0.063569 0.174188 0.152117 0.108775 
0.018771 0.052839 0.077337 0.130251 0.068872 0.056069 0.086222 0.235931 0.157720 0.115989 
0.020591 0.074049 0.091639 0.145115 0.089044 0.067394 0.069528 0.244746 0.152007 0.045887 
0.007448 0.052446 0.080612 0.096596 0.099954 0.072149 0.064306 0.239855 0.138388 0.148247 
0.002620 0.069819 0.132432 0.101812 0.107058 0.073581 0.103262 0.169278 0.141355 0.098783 
0.014740 0.109080 0.081668 0.060367 0.087155 0.042139 0.090788 0.315262 0.073660 0.125142 
0.015246 0.084094 0.066717 0.133449 0.097566 0.043933 0.063049 0.269626 0.106662 0.119657 
0.012431 0.104264 0.077382 0.099874 0.064179 0.032773 0.061700 0.219658 0.177659 0.150081 
0.020412 0.126591 0.087520 0.091281 0.089448 0.058820 0.061021 0.201304 0.139030 0.124575 
0.004664 0.071319 0.056722 0.098444 0.094120 0.043052 0.088452 0.290874 0.173311 0.079043 
0.033097 0.089273 0.080280 0.110895 0.065426 0.040304 0.075904 0.184410 0.211359 0.109051 
0.000546 0.076813 0.069360 0.083349 0.051865 0.053820 0.045437 0.265164 0.231033 0.122614 
0.008588 0.076784 0.057879 0.091233 0.066975 0.039449 0.057901 0.277693 0.176228 0.147269 
0.033723 0.111366 0.078086 0.059857 0.085306 0.066361 0.080850 0.176358 0.149741 0.158352 
0.017234 0.062282 0.054903 0.131816 0.076617 0.045641 0.072359 0.258931 0.204511 0.075707 
0.007154 0.088389 0.046750 0.171849 0.080829 0.053303 0.048941 0.181818 0.207829 0.113138 
0.016110 0.069392 0.100261 0.130892 0.093212 0.056440 0.135288 0.197928 0.117356 0.083121 
0.009322 0.114092 0.050613 0.119308 0.113824 0.052287 0.072026 0.249096 0.130484 0.088948 
0.024217 0.099495 0.106622 0.072712 0.121079 0.087078 0.113412 0.141889 0.163369 0.070128 
0.014442 0.088189 0.063768 0.110709 0.075813 0.060561 0.053674 0.245907 0.154692 0.132243 
0.012154 0.058757 0.133420 0.113683 0.053781 0.040737 0.061587 0.214427 0.197730 0.113725 
0.016730 0.094253 0.065240 0.120832 0.074706 0.052275 0.055676 0.177247 0.238287 0.104755 
0.007182 0.083704 0.097522 0.112628 0.102621 0.039575 0.091116 0.179818 0.165687 0.120148 
0.013778 0.069056 0.117658 0.090613 0.084946 0.038458 0.041458 0.293261 0.178588 0.072185 
0.031864 0.050399 0.145577 0.077353 0.079494 0.037449 0.060398 0.232471 0.193273 0.091722 
0.007821 0.079271 0.077021 0.104666 0.106764 0.051911 0.094473 0.247114 0.147654 0.083304 
0.008511 0.081846 0.130819 0.163836 0.090383 0.049183 0.063677 0.207705 0.095562 0.108476 
0.002094 0.069095 0.094351 0.105092 0.085616 0.050636 0.055608 0.265584 0.143111 0.128812 
0.015804 0.053883 0.129354 0.124041 0.104855 0.038342 0.046131 0.245845 0.117567 0.124178 
0.030384 0.073847 0.059676 0.096090 0.083031 0.028316 0.089280 0.222787 0.162451 0.154139 
0.006898 0.075257 0.081152 0.093400 0.076684 0.033381 0.060153 0.312055 0.127849 0.133171 
0.015607 0.053646 0.072628 0.052986 0.070086 0.040103 0.085071 0.279360 0.155468 0.175044 
0.001160 0.055795 0.096218 0.141971 0.087767 0.035668 0.068910 0.244593 0.132723 0.135194 
0.003848 0.070010 0.104602 0.097084 0.105437 0.035852 0.082677 0.255047 0.153325 0.092117 
0.007273 0.046926 0.109691 0.139933 0.076440 0.048362 0.080740 0.258402 0.125969 0.106264 
0.017862 0.054089 0.083019 0.145281 0.087502 0.050501 0.053419 0.346590 0.100233 0.061503 
0.012014 0.046672 0.089731 0.114377 0.115588 0.048621 0.093277 0.146797 0.204013 0.128909 
0.013145 0.072918 0.121976 0.132607 0.113034 0.033169 0.074147 0.165680 0.107121 0.166203 
0.016201 0.069524 0.097962 0.072120 0.066736 0.049737 0.079357 0.236182 0.152205 0.159976 
0.005908 0.096388 0.136779 0.111785 0.072189 0.074703 0.051380 0.228890 0.119533 0.102446 
0.002177 0.086587 0.085300 0.107098 0.067984 0.047296 0.093109 0.233544 0.137906 0.138999 
0.001598 0.085903 0.139276 0.110955 0.106492 0.070624 0.085382 0.145552 0.117404 0.136815 
0.004546 0.104885 0.119498 0.113573 0.101055 0.043681 0.054570 0.213757 0.091380 0.153056 
0.011145 0.066025 0.129258 0.123313 0.092720 0.044029 0.066102 0.165145 0.192442 0.109823 
0.005577 0.051481 0.093348 0.135538 0.109368 0.070320 0.106284 0.178807 0.170470 0.078808 
0.010823 0.051769 0.092532 0.129766 0.120135 0.071158 0.070948 0.215117 0.115379 0.122373 
0.010646 0.096039 0.133108 0.081599 0.108909 0.081806 0.072313 0.164616 0.112136 0.138828 
0.011860 0.089909 0.080380 0.120586 0.132223 0.087088 0.078451 0.203719 0.109363 0.086420 
0.007931 0.081800 0.167789 0.149904 0.097283 0.068160 0.053649 0.168508 0.109815 0.095160 
0.009280 0.097647 0.136809 0.089229 0.088082 0.079757 0.128649 0.118225 0.157182 0.095139 
0.001439 0.100035 0.145782 0.128123 0.105985 0.057420 0.046051 0.131136 0.185501 0.098528 
0.013211 0.097130 0.125817 0.113700 0.104017 0.101789 0.184153 0.118521 0.062657 0.079005 
0.006953 0.032538 0.187041 0.070187 0.132268 0.106380 0.122029 0.133902 0.123080 0.085622 
0.008708 0.118849 0.189293 0.077825 0.141048 0.080408 0.160087 0.093123 0.056469 0.074190 
0.011845 0.071160 0.199017 0.134869 0.139182 0.076680 0.104306 0.070481 0.132372 0.060088 
0.004553 0.140502 0.142650 0.149233 0.117381 0.093737 0.097211 0.112354 0.084189 0.058189 
0.006630 0.144803 0.175607 0.122838 0.152139 0.096622 0.091643 0.089661 0.076658 0.043399 
0.002288 0.110650 0.194766 0.091260 0.115351 0.122773 0.101246 0.116843 0.079963 0.064860 
0.004496 0.113254 0.168493 0.096407 0.184279 0.106488 0.101080 0.084774 0.102272 0.038458 
0.006202 0.099173 0.198743 0.102336 0.103983 0.102958 0.143901 0.100897 0.075777 0.066031 
0.000548 0.089127 0.193027 0.178190 0.128696 0.049973 0.085219 0.090986 0.112236 0.071998 
0.006226 0.088297 0.135483 0.187221 0.140770 0.070349 0.114512 0.077061 0.126084 0.053997 
0.005158 0.096279 0.151741 0.175618 0.112486 0.100730 0.147199 0.048215 0.093459 0.069116 
0.010799 0.128429 0.298029 0.132466 0.094204 0.082118 0.073672 0.059722 0.065795 0.054764 
0.001777 0.066434 0.228423 0.128475 0.131450 0.069058 0.153435 0.081816 0.071788 0.067345 
0.002641 0.105514 0.162338 0.154791 0.107964 0.111301 0.107760 0.082100 0.107659 0.057932 
0.005882 0.105189 0.211100 0.142550 0.142277 0.072677 0.098162 0.022855 0.131935 0.067375 
0.000524 0.124497 0.145987 0.101090 0.150589 0.087305 0.138125 0.083550 0.111290 0.057044 
0.004126 0.117177 0.136690 0.106968 0.129537 0.118071 0.128318 0.117758 0.061728 0.079626 
0.008423 0.100623 0.200462 0.105012 0.087170 0.108522 0.106208 0.099032 0.118747 0.065801 
0.005674 0.076711 0.240527 0.063382 0.185196 0.105706 0.077051 0.109418 0.081289 0.055048 
0.003059 0.101917 0.204861 0.136250 0.140445 0.075382 0.110445 0.086272 0.087614 0.053754 
0.005934 0.081143 0.215629 0.131291 0.159208 0.076509 0.069555 0.101695 0.116879 0.042157 
0.007447 0.144206 0.203125 0.117265 0.099562 0.074369 0.141318 0.079276 0.077899 0.055534 
0.009409 0.115684 0.126715 0.144522 0.118267 0.131188 0.168309 0.074050 0.066298 0.045559 
0.026223 0.117489 0.200445 0.072900 0.116389 0.114502 0.122126 0.090747 0.079518 0.059661 
0.011238 0.114204 0.250539 0.113468 0.088784 0.139914 0.086823 0.076111 0.071936 0.046983 
0.000018 0.066032 0.206443 0.138532 0.157138 0.140296 0.099521 0.067690 0.087408 0.036922 
0.006133 0.090519 0.181203 0.131581 0.189925 0.099677 0.096548 0.055042 0.090025 0.059347 
0.010518 0.121048 0.155747 0.105400 0.160291 0.065621 0.136314 0.099996 0.082646 0.062418 
0.000260 0.084206 0.153388 0.155517 0.155146 0.050781 0.144258 0.072631 0.090353 0.093459 
0.004899 0.056355 0.210687 0.120945 0.168316 0.086928 0.140938 0.099523 0.063086 0.048324 
0.004430 0.151474 0.200595 0.078334 0.129772 0.127128 0.086931 0.095477 0.065209 0.060651 
0.013567 0.152448 0.180469 0.114916 0.081710 0.085116 0.149772 0.041866 0.116545 0.063591 
0.004340 0.149041 0.249848 0.098029 0.144558 0.065118 0.068699 0.079887 0.065041 0.075438 
0.003049 0.101117 0.193630 0.128316 0.135330 0.085591 0.111069 0.100843 0.083189 0.057867 
0.010880 0.163762 0.224685 0.092069 0.101606 0.081608 0.080867 0.076994 0.092557 0.074973 
0.001627 0.106290 0.219903 0.103315 0.119892 0.070751 0.126675 0.063077 0.130994 0.057476 
0.012025 0.088030 0.179712 0.127299 0.083051 0.086069 0.112927 0.139099 0.096457 0.075330 
0.005057 0.034142 0.189157 0.263265 0.230250 0.073472 0.052007 0.053484 0.067842 0.031324 
0.015175 0.079202 0.116565 0.220910 0.292459 0.048501 0.100377 0.046184 0.045754 0.034873 
0.001617 0.012765 0.122672 0.249354 0.250126 0.073699 0.067212 0.107184 0.086687 0.028685 
0.007734 0.039772 0.127231 0.153978 0.076223 0.303812 0.109630 0.085361 0.034236 0.062023 
0.005063 0.026342 0.164602 0.115629 0.082903 0.182363 0.062310 0.248983 0.077126 0.034678 
0.007023 0.035364 0.211926 0.102422 0.154620 0.174482 0.032626 0.186784 0.068058 0.026694 
0.009356 0.042729 0.223105 0.142871 0.115806 0.172231 0.071772 0.155743 0.049371 0.017017 
0.005392 0.033447 0.418865 0.236901 0.113877 0.098877 0.038094 0.022035 0.016106 0.016406 
0.000154 0.026660 0.413738 0.265680 0.116451 0.104989 0.027392 0.023066 0.015009 0.006862 
0.019025 0.088500 0.409962 0.170776 0.147394 0.081079 0.035063 0.027008 0.016218 0.004974 
0.006738 0.044069 0.406155 0.143247 0.224092 0.052115 0.033356 0.042354 0.031041 0.016834 
0.005633 0.024804 0.230233 0.175786 0.189572 0.230564 0.055052 0.063832 0.016040 0.008484 
0.000536 0.013133 0.274964 0.217446 0.205952 0.157569 0.047787 0.047385 0.021798 0.013429 
0.019528 0.092988 0.378052 0.107796 0.079879 0.129221 0.079572 0.049196 0.035342 0.028427 
0.015492 0.090304 0.413224 0.088334 0.089622 0.154574 0.042558 0.052585 0.028550 0.024757 
0.007295 0.060896 0.404559 0.149247 0.144915 0.060772 0.072093 0.055460 0.025018 0.019745 
0.001962 0.069465 0.215517 0.258356 0.176804 0.105232 0.025130 0.087065 0.043161 0.017308 
0.009127 0.030247 0.207336 0.160359 0.248202 0.155450 0.092714 0.024105 0.036459 0.036002 
0.002870 0.012281 0.056914 0.113399 0.079948 0.395790 0.077818 0.174235 0.039165 0.047579 
0.002780 0.007348 0.028968 0.156383 0.092168 0.216581 0.033358 0.378720 0.023111 0.060583 
0.001384 0.013726 0.034376 0.162182 0.109886 0.221015 0.074626 0.321231 0.046955 0.014618 
0.004604 0.018290 0.032371 0.150314 0.085387 0.292546 0.052241 0.211353 0.100352 0.052542 
0.001243 0.011544 0.035580 0.129811 0.052356 0.377256 0.077640 0.187058 0.089747 0.037766 
0.003847 0.023784 0.047247 0.112542 0.068908 0.444440 0.112131 0.128425 0.040308 0.018368 
0.001511 0.013356 0.039418 0.209539 0.089453 0.364247 0.095974 0.152733 0.024516 0.009253 
0.000746 0.018988 0.037072 0.263478 0.096698 0.343234 0.081584 0.128624 0.020718 0.008859 
0.009323 0.042827 0.084054 0.301231 0.076181 0.282854 0.081660 0.088531 0.023614 0.009725 
0.003772 0.018904 0.074263 0.407175 0.033822 0.231720 0.079951 0.075934 0.045637 0.028822 
0.018773 0.046740 0.092629 0.445295 0.058416 0.207065 0.041905 0.050477 0.025481 0.013218 
0.004972 0.023241 0.088548 0.511677 0.114784 0.168695 0.020121 0.045158 0.016375 0.006430 
0.003592 0.017222 0.051350 0.599358 0.049598 0.168398 0.021738 0.059317 0.023337 0.006091 
0.014840 0.052303 0.133262 0.482868 0.063814 0.127171 0.058463 0.038508 0.013616 0.015154 
0.006352 0.048164 0.154654 0.455880 0.107067 0.106671 0.043344 0.037521 0.022810 0.017537 
0.011413 0.020044 0.099002 0.526383 0.109460 0.098788 0.017143 0.087415 0.017508 0.012843 
0.007474 0.021693 0.074448 0.569475 0.065127 0.094625 0.014405 0.116597 0.019682 0.016473 
0.004711 0.023542 0.124931 0.469505 0.079467 0.074596 0.069098 0.115603 0.022475 0.016072 
0.011359 0.057000 0.097264 0.245419 0.091625 0.201015 0.063996 0.174478 0.038885 0.018961 
0.002249 0.016990 0.035456 0.115338 0.179790 0.201241 0.165311 0.105403 0.110151 0.068072 
0.004228 0.005179 0.031861 0.031257 0.060314 0.049546 0.106464 0.265336 0.301452 0.144361 
0.000280 0.009073 0.037287 0.051456 0.052469 0.055400 0.137955 0.181718 0.293587 0.180775 
0.003707 0.005647 0.053069 0.032274 0.076314 0.029144 0.206290 0.115278 0.408980 0.069295 
0.003272 0.007806 0.065619 0.039704 0.082517 0.016754 0.162196 0.111825 0.406963 0.103343 
0.006313 0.019452 0.085230 0.028719 0.073281 0.024844 0.161004 0.215762 0.252546 0.132849 
0.005006 0.012616 0.084590 0.047035 0.106793 0.030881 0.158526 0.292156 0.073587 0.188811 
0.005361 0.015994 0.078105 0.027110 0.083155 0.060293 0.169079 0.308040 0.115673 0.137189 
0.004221 0.012522 0.063529 0.034962 0.077610 0.035357 0.193067 0.353373 0.115882 0.109478 
0.000003 0.007296 0.065670 0.043514 0.085840 0.022110 0.181135 0.398127 0.111957 0.084348 
0.001244 0.004544 0.063577 0.033473 0.068989 0.034872 0.184387 0.400754 0.123158 0.085003 
0.000637 0.005723 0.070063 0.046917 0.091325 0.053769 0.263127 0.328091 0.085013 0.055335 
0.002834 0.012398 0.106563 0.059626 0.130731 0.086127 0.233022 0.245996 0.066288 0.056416 
0.008025 0.044548 0.037915 0.069762 0.118199 0.077253 0.165146 0.317677 0.116272 0.045203 
0.013123 0.039140 0.035283 0.075873 0.154338 0.073557 0.213104 0.207668 0.109455 0.078460 
0.000804 0.034154 0.030324 0.049277 0.071299 0.094241 0.144509 0.200952 0.197064 0.177376 
0.001518 0.024020 0.193657 0.093611 0.187382 0.056025 0.196552 0.114888 0.091142 0.041205 
0.000020 0.018092 0.123780 0.038279 0.119326 0.067840 0.325992 0.126799 0.094963 0.084909 
0.003489 0.021953 0.073212 0.051344 0.117874 0.116185 0.313557 0.137673 0.084205 0.080508 
0.004961 0.008469 0.096978 0.029874 0.157106 0.090593 0.311390 0.128610 0.056865 0.115155 
0.001434 0.014150 0.097169 0.044627 0.215754 0.094551 0.295197 0.061492 0.028091 0.147533 
0.002478 0.009444 0.107589 0.047372 0.275980 0.085116 0.238491 0.109913 0.045821 0.077798 
0.002125 0.017168 0.153868 0.037955 0.345698 0.043187 0.109984 0.131034 0.075793 0.083187 
0.009190 0.025529 0.208617 0.113325 0.133147 0.062450 0.175682 0.120503 0.071227 0.080331 
0.002692 0.015436 0.255610 0.162099 0.174691 0.125471 0.090056 0.097265 0.046395 0.030285 
0.009722 0.073495 0.294267 0.150595 0.134555 0.099403 0.058026 0.106657 0.040786 0.032494 
0.009937 0.057978 0.351612 0.118276 0.146341 0.059350 0.078335 0.101581 0.051418 0.025173 
0.005937 0.049719 0.345293 0.201639 0.151053 0.078350 0.039264 0.055683 0.052145 0.020917 
0.000979 0.023062 0.385799 0.239512 0.142005 0.065684 0.019607 0.069252 0.041235 0.012864 
0.009979 0.069011 0.377604 0.147915 0.154249 0.060941 0.055679 0.082057 0.023838 0.018726 
0.010643 0.036572 0.338956 0.129702 0.204108 0.072512 0.040046 0.100713 0.046489 0.020259 
0.006566 0.038533 0.205977 0.171264 0.232189 0.161498 0.067448 0.051903 0.053059 0.011563 
0.003518 0.018894 0.186981 0.219788 0.157578 0.122215 0.127022 0.090461 0.056072 0.017473 
0.004974 0.046036 0.119246 0.215661 0.179121 0.090521 0.125588 0.128054 0.066396 0.024401 
0.003568 0.035293 0.104911 0.221932 0.186092 0.112625 0.146546 0.077425 0.059324 0.052284 
0.002690 0.028928 0.065073 0.218125 0.263600 0.056071 0.118298 0.116257 0.074297 0.056661 
0.003428 0.017820 0.054136 0.172422 0.289269 0.073848 0.034266 0.108071 0.143318 0.103422 
0.005887 0.020257 0.192470 0.231694 0.123482 0.100229 0.093032 0.115441 0.071469 0.046038 
0.005280 0.006014 0.050090 0.156854 0.040639 0.091124 0.044542 0.352526 0.048495 0.204436 
0.004214 0.009912 0.029389 0.099193 0.051403 0.091765 0.064228 0.384485 0.040277 0.225133 
0.010418 0.018996 0.048159 0.084840 0.034758 0.058168 0.035211 0.308534 0.084072 0.316844 
0.011418 0.026826 0.050489 0.071567 0.029018 0.066064 0.041132 0.374704 0.087293 0.241488 
0.000329 0.013355 0.033253 0.081711 0.042563 0.080505 0.009132 0.373382 0.097366 0.268404 
0.006969 0.012527 0.027753 0.129932 0.057246 0.095697 0.023585 0.411880 0.118348 0.116064 
0.001280 0.009151 0.024764 0.095182 0.068936 0.095557 0.051253 0.438591 0.118038 0.097248 
0.000232 0.031846 0.050540 0.104209 0.035899 0.121145 0.061447 0.424054 0.103146 0.067482 
0.003506 0.035185 0.040520 0.111280 0.027682 0.103047 0.084897 0.403579 0.118164 0.072140 
0.005936 0.019112 0.047468 0.122172 0.056701 0.091153 0.083664 0.396237 0.114081 0.063476 
0.001601 0.040746 0.051418 0.134764 0.068054 0.073073 0.078904 0.418331 0.099251 0.033858 
0.001746 0.014805 0.058360 0.143815 0.026826 0.093200 0.062481 0.418960 0.135060 0.044746 
0.002894 0.018268 0.057658 0.185381 0.046539 0.170113 0.031356 0.407767 0.057909 0.022114 
0.002691 0.018390 0.078184 0.156375 0.030422 0.179546 0.073570 0.383363 0.039814 0.037647 
0.005114 0.010435 0.063372 0.221313 0.050690 0.198451 0.092187 0.297542 0.036296 0.024599 
0.010128 0.020578 0.056714 0.276530 0.040818 0.201527 0.028991 0.267593 0.049292 0.047829 
0.002963 0.022106 0.087383 0.249606 0.090317 0.240776 0.040517 0.173195 0.044194 0.048942 
0.007712 0.033943 0.067825 0.242075 0.045479 0.286775 0.066292 0.163850 0.044205 0.041844 
0.000730 0.025498 0.105414 0.352062 0.050426 0.176655 0.110827 0.137199 0.026806 0.014384 
0.004570 0.029126 0.152446 0.126348 0.055635 0.104296 0.078526 0.278248 0.064395 0.106410 
0.000140 0.022593 0.057240 0.070305 0.146403 0.242589 0.273391 0.096677 0.059242 0.031420 
0.004106 0.023404 0.038322 0.068913 0.069669 0.059279 0.101710 0.299207 0.238621 0.096768 
0.000643 0.033889 0.061409 0.049312 0.069442 0.052371 0.229359 0.158991 0.263057 0.081528 
0.009207 0.024840 0.097283 0.047994 0.084481 0.047182 0.306196 0.110507 0.238391 0.033919 
0.007059 0.008269 0.096121 0.075379 0.087294 0.064310 0.298746 0.080925 0.216079 0.065819 
0.005161 0.010807 0.095082 0.052895 0.093811 0.034451 0.255076 0.203709 0.100963 0.148045 
0.002064 0.006007 0.087027 0.057866 0.088734 0.068091 0.346369 0.198621 0.022207 0.123014 
0.009821 0.033331 0.085489 0.062138 0.079342 0.091957 0.266066 0.175708 0.044556 0.151594 
0.003548 0.020985 0.079833 0.042903 0.092951 0.072110 0.244611 0.161635 0.076694 0.204730 
0.007970 0.034601 0.078152 0.047172 0.099150 0.072966 0.302527 0.110869 0.069883 0.176711 
0.005056 0.029199 0.071150 0.069057 0.160910 0.102520 0.311034 0.132233 0.035946 0.082895 
0.002546 0.025040 0.116317 0.048220 0.219079 0.080500 0.268701 0.101740 0.039011 0.098847 
0.001584 0.027142 0.190438 0.176383 0.096156 0.053069 0.111992 0.203069 0.055886 0.084280 
0.000584 0.010049 0.169045 0.150571 0.085708 0.046166 0.186285 0.213492 0.060908 0.077190 
0.001839 0.038891 0.128085 0.210080 0.086919 0.045420 0.071347 0.288778 0.045841 0.082801 
0.003961 0.041516 0.135468 0.183727 0.072386 0.045147 0.127703 0.250565 0.077260 0.062268 
0.004863 0.019350 0.108817 0.059645 0.151536 0.059767 0.297836 0.105757 0.049001 0.143427 
0.001803 0.016512 0.102562 0.054424 0.135942 0.082890 0.312649 0.074511 0.041681 0.177026 
0.002884 0.043068 0.118674 0.079735 0.165937 0.066392 0.247869 0.125362 0.054060 0.096020 
0.005914 0.020335 0.104083 0.045158 0.183468 0.053512 0.306362 0.167987 0.060875 0.052306 
0.013763 0.016248 0.104175 0.098538 0.260139 0.049991 0.185479 0.206522 0.036173 0.028974 
0.018328 0.029152 0.131112 0.085852 0.291425 0.054513 0.167008 0.125915 0.042095 0.054601 
0.015810 0.059335 0.198855 0.238689 0.112866 0.049745 0.105591 0.148987 0.019342 0.050779 
0.004726 0.043362 0.223072 0.181561 0.115273 0.073449 0.110478 0.167848 0.026816 0.053414 
0.006068 0.040888 0.255879 0.195574 0.136470 0.099735 0.084209 0.129627 0.025317 0.026232 
0.013184 0.031878 0.288054 0.215614 0.104861 0.049240 0.086830 0.171833 0.025840 0.012667 
0.017643 0.068402 0.289728 0.176578 0.115166 0.057205 0.074631 0.164942 0.023158 0.012547 
0.008782 0.015610 0.325684 0.185231 0.133147 0.035200 0.062643 0.176032 0.031909 0.025763 
0.018190 0.032930 0.357179 0.199853 0.127541 0.024293 0.049290 0.164589 0.019427 0.006708 
0.007074 0.055957 0.346621 0.242508 0.117591 0.032695 0.042351 0.115149 0.028593 0.011461 
0.002833 0.033293 0.263263 0.168839 0.142406 0.122920 0.085880 0.123456 0.018146 0.038963 
0.009584 0.030766 0.248828 0.173691 0.089955 0.134354 0.127827 0.109638 0.023108 0.052248 
0.014937 0.023857 0.167874 0.148058 0.086156 0.056927 0.142250 0.219327 0.060027 0.080586 
0.003927 0.074712 0.180893 0.158347 0.101895 0.039331 0.138077 0.214388 0.051566 0.036864 
0.044101 0.094907 0.156789 0.147174 0.107950 0.089851 0.111799 0.185417 0.042563 0.019449 
0.053716 0.047763 0.149028 0.161816 0.145754 0.077880 0.067581 0.225523 0.040525 0.030414 
0.017273 0.057323 0.153685 0.204743 0.104178 0.074779 0.078010 0.206988 0.051836 0.051185 
0.023939 0.055665 0.178415 0.185526 0.058494 0.054865 0.106937 0.250532 0.041324 0.044303 
0.003946 0.009848 0.052125 0.189801 0.055211 0.350567 0.084254 0.157316 0.070661 0.026270 
0.009330 0.007969 0.037460 0.163401 0.065878 0.170198 0.051999 0.338166 0.111111 0.044489 
0.005002 0.010799 0.056625 0.167254 0.027893 0.183301 0.057198 0.316981 0.137036 0.037911 
0.000515 0.033720 0.071680 0.220449 0.061710 0.175277 0.152634 0.110994 0.161133 0.011888 
0.007985 0.020592 0.059515 0.268497 0.036535 0.083594 0.254679 0.104951 0.129572 0.034081 
0.009283 0.041124 0.084388 0.334909 0.063865 0.078630 0.199152 0.097192 0.084277 0.007179 
0.006924 0.060989 0.106857 0.320790 0.062394 0.045123 0.155600 0.116921 0.110613 0.013790 
0.005078 0.039890 0.132614 0.395072 0.080930 0.059897 0.110602 0.081361 0.078829 0.015729 
0.001287 0.013297 0.107143 0.399683 0.070994 0.048479 0.180032 0.076707 0.091638 0.010741 
0.003239 0.042140 0.115766 0.438477 0.101726 0.048467 0.131589 0.044479 0.050989 0.023128 
0.005404 0.027505 0.112350 0.484480 0.086501 0.039372 0.122158 0.054871 0.043043 0.024316 
0.006079 0.025831 0.112879 0.469865 0.084908 0.039238 0.147350 0.058201 0.051843 0.003806 
0.015362 0.047498 0.110134 0.485877 0.088002 0.030660 0.130954 0.037335 0.041630 0.012546 
0.004574 0.025073 0.111781 0.500779 0.079764 0.045755 0.116083 0.064954 0.045591 0.005645 
0.003695 0.029234 0.116986 0.467236 0.056384 0.039527 0.104188 0.112747 0.039615 0.030388 
0.013691 0.039937 0.100666 0.450905 0.084799 0.040784 0.088523 0.125411 0.036848 0.018436 
0.016347 0.044850 0.147197 0.377192 0.089126 0.043791 0.078039 0.159201 0.036613 0.007644 
0.006508 0.019069 0.116505 0.239279 0.115357 0.063899 0.125768 0.191506 0.099651 0.022458 
0.013868 0.032502 0.111326 0.228690 0.108622 0.061725 0.219804 0.115213 0.084763 0.023488 
0.003293 0.038195 0.164404 0.250351 0.114443 0.052381 0.199361 0.087454 0.074629 0.015490 
0.026998 0.080376 0.249959 0.154096 0.112072 0.062232 0.110951 0.123440 0.059947 0.019927 
0.034505 0.111098 0.212967 0.127114 0.149701 0.032987 0.137963 0.093526 0.054736 0.045403 
0.038720 0.054574 0.288964 0.092410 0.249646 0.023495 0.101108 0.067930 0.058999 0.024153 
0.047635 0.018194 0.320048 0.153928 0.193390 0.032396 0.090438 0.064215 0.052269 0.027488 
0.016303 0.049672 0.330529 0.182382 0.165805 0.019358 0.128746 0.058234 0.033460 0.015509 
0.011806 0.032839 0.317112 0.151026 0.132612 0.044541 0.183005 0.070643 0.041520 0.014895 
0.000521 0.015179 0.337848 0.113588 0.138590 0.054235 0.199076 0.035003 0.092776 0.013183 
0.015936 0.010937 0.317268 0.129538 0.139350 0.045912 0.155714 0.070313 0.089354 0.025679 
0.008497 0.024390 0.324312 0.116257 0.135537 0.064117 0.151473 0.095258 0.063931 0.016227 
0.019135 0.028376 0.316490 0.108747 0.139686 0.084159 0.118590 0.122218 0.051572 0.011026 
0.002888 0.016161 0.272138 0.153877 0.167074 0.065775 0.114090 0.113084 0.077682 0.017231 
0.008827 0.018890 0.238089 0.158856 0.103080 0.070068 0.137954 0.133006 0.115267 0.015964 
0.004286 0.023769 0.156446 0.202621 0.134754 0.073733 0.184203 0.133406 0.071185 0.015599 
0.024664 0.034843 0.148682 0.186371 0.123152 0.055746 0.194857 0.157291 0.061295 0.013098 
0.001396 0.018190 0.160333 0.206593 0.130798 0.032063 0.142390 0.146816 0.124774 0.036646 
0.036174 0.068514 0.217895 0.141621 0.169359 0.030010 0.136039 0.101573 0.088052 0.010763 
0.045189 0.026549 0.275201 0.157631 0.205524 0.026402 0.118584 0.080738 0.052780 0.011402 
0.025060 0.025748 0.259625 0.144843 0.232651 0.021475 0.134854 0.095808 0.044835 0.015102 
0.024778 0.059089 0.276203 0.160428 0.172465 0.024957 0.115690 0.091830 0.063841 0.010718 
0.038302 0.042558 0.222904 0.174710 0.186665 0.023542 0.132308 0.089955 0.076248 0.012808 
