Does-Your-Mother-Know,ABBA
0.000000 0.000000 0.000000 0.000000 0.000000 0.000000 0.000000 0.000000 0.000000 0.000000 
0.000000 0.000000 0.000000 0.000000 0.000000 0.000000 0.000000 0.000000 0.000000 0.000000 
0.000000 0.000000 0.000000 0.000000 0.000000 0.000000 0.000000 0.000000 0.000000 0.000000 
0.000000 0.000000 0.000000 0.000000 0.000000 0.000000 0.000000 0.000000 0.000000 0.000000 
0.000000 0.000000 0.000000 0.000000 0.000000 0.000000 0.000000 0.000000 0.000000 0.000000 
0.000000 0.000000 0.000000 0.000000 0.000000 0.000000 0.000000 0.000000 0.000000 0.000000 
0.000000 0.000000 0.000000 0.000000 0.000000 0.000000 0.000000 0.000000 0.000000 0.000000 
0.000000 0.000000 0.000000 0.000000 0.000000 0.000000 0.000000 0.000000 0.000000 0.000000 
0.000000 0.000000 0.000000 0.000000 0.000000 0.000000 0.000000 0.000000 0.000000 0.000000 
0.000000 0.000000 0.000000 0.000000 0.000000 0.000000 0.000000 0.000000 0.000000 0.000000 
0.000000 0.000000 0.000000 0.000000 0.000000 0.000000 0.000000 0.000000 0.000000 0.000000 
0.000000 0.000000 0.000000 0.000000 0.000000 0.000000 0.000000 0.000000 0.000000 0.000000 
0.000000 0.000000 0.000000 0.000000 0.000000 0.000000 0.000000 0.000000 0.000000 0.000000 
0.000000 0.000000 0.000000 0.000000 0.000000 0.000000 0.000000 0.000000 0.000000 0.000000 
0.000000 0.000000 0.000000 0.000000 0.000000 0.000000 0.000000 0.000000 0.000000 0.000000 
0.000000 0.000000 0.000000 0.000000 0.000000 0.000000 0.000000 0.000000 0.000000 0.000000 
0.000000 0.000000 0.000000 0.000000 0.000000 0.000000 0.000000 0.000000 0.000000 0.000000 
0.000000 0.000000 0.000000 0.000000 0.000000 0.000000 0.000000 0.000000 0.000000 0.000000 
0.000000 0.000000 0.000000 0.000000 0.000000 0.000000 0.000000 0.000000 0.000000 0.000000 
0.000000 0.000000 0.000000 0.000000 0.000000 0.000000 0.000000 0.000000 0.000000 0.000000 
0.000000 0.000000 0.000000 0.000000 0.000000 0.000000 0.000000 0.000000 0.000000 0.000000 
0.000000 0.000000 0.000000 0.000000 0.000000 0.000000 0.000000 0.000000 0.000000 0.000000 
0.000000 0.000000 0.000000 0.000000 0.000000 0.000000 0.000000 0.000000 0.000000 0.000000 
0.002636 0.373139 0.304398 0.147507 0.051540 0.031641 0.033710 0.027078 0.016751 0.011602 
0.007894 0.289077 0.398123 0.112286 0.067923 0.022319 0.029332 0.032670 0.030534 0.009842 
0.012640 0.219322 0.364104 0.138621 0.082787 0.035690 0.061566 0.045917 0.022897 0.016456 
0.013295 0.400325 0.332651 0.071136 0.078561 0.029208 0.024089 0.027981 0.015684 0.007068 
0.015931 0.142154 0.368378 0.083704 0.075363 0.063643 0.069257 0.065972 0.066117 0.049481 
0.004618 0.346850 0.323204 0.081175 0.059203 0.043578 0.038635 0.041304 0.035584 0.025847 
0.000528 0.200452 0.397115 0.137156 0.065279 0.040742 0.057762 0.049310 0.035439 0.016218 
0.020503 0.456816 0.188231 0.082501 0.087514 0.046826 0.038874 0.044936 0.020231 0.013568 
0.024986 0.291259 0.419441 0.076255 0.056368 0.030707 0.036884 0.025961 0.020248 0.017890 
0.016970 0.142150 0.395454 0.172816 0.072160 0.046666 0.048898 0.044791 0.036290 0.023806 
0.007153 0.382262 0.296668 0.093502 0.054210 0.046996 0.035686 0.032373 0.038807 0.012342 
0.019832 0.073046 0.452358 0.108174 0.116361 0.041490 0.058207 0.066753 0.041343 0.022434 
0.003579 0.314429 0.359334 0.062340 0.098598 0.049236 0.034373 0.041728 0.014648 0.021736 
0.045749 0.328529 0.374444 0.103755 0.063591 0.014226 0.023052 0.029318 0.008848 0.008489 
0.006457 0.268084 0.349177 0.143942 0.051542 0.039268 0.041296 0.040867 0.036728 0.022639 
0.024613 0.240067 0.351242 0.128254 0.059256 0.056477 0.044428 0.040184 0.042533 0.012947 
0.029739 0.230191 0.333061 0.129207 0.086035 0.038897 0.052543 0.051302 0.033944 0.015081 
0.023493 0.354359 0.311460 0.091786 0.085471 0.026907 0.038234 0.033367 0.022483 0.012439 
0.000149 0.170983 0.504043 0.088645 0.061902 0.036616 0.062625 0.040824 0.021158 0.013056 
0.016535 0.264060 0.341095 0.157186 0.056440 0.036754 0.037173 0.032823 0.035666 0.022268 
0.034670 0.271300 0.361831 0.104591 0.064377 0.031781 0.039765 0.035476 0.035262 0.020948 
0.005971 0.188902 0.358000 0.139742 0.084132 0.039880 0.068629 0.063316 0.029401 0.022028 
0.029324 0.384383 0.302204 0.079439 0.083694 0.041267 0.028427 0.030316 0.014180 0.006764 
0.000220 0.061220 0.192046 0.152343 0.158247 0.117083 0.133141 0.101810 0.062331 0.021559 
0.001535 0.313617 0.288090 0.124377 0.069918 0.055863 0.047364 0.037606 0.039677 0.021952 
0.023202 0.167399 0.393726 0.102219 0.100919 0.041038 0.060436 0.050369 0.039902 0.020791 
0.013120 0.290827 0.251076 0.136701 0.096219 0.043849 0.049694 0.064164 0.035699 0.018651 
0.045099 0.344270 0.274304 0.114107 0.098630 0.030598 0.028915 0.034097 0.020480 0.009500 
0.022696 0.144600 0.403651 0.177690 0.066616 0.040774 0.044305 0.041144 0.034625 0.023901 
0.015344 0.394818 0.279973 0.113673 0.053040 0.027825 0.031708 0.029324 0.037411 0.016885 
0.007986 0.099619 0.474721 0.089867 0.097876 0.048789 0.059206 0.056319 0.037378 0.028240 
0.016411 0.179261 0.377590 0.116199 0.086178 0.052416 0.059235 0.053252 0.037852 0.021606 
0.023250 0.192103 0.483570 0.047379 0.077246 0.022498 0.038937 0.047761 0.040517 0.026738 
0.015382 0.244855 0.373632 0.159968 0.064164 0.029595 0.039710 0.029588 0.023717 0.019387 
0.004183 0.341209 0.268373 0.127816 0.068296 0.033312 0.062319 0.033048 0.032716 0.028730 
0.028926 0.231816 0.366350 0.169776 0.054966 0.023804 0.036609 0.033340 0.026316 0.028097 
0.024349 0.407175 0.256561 0.145159 0.043628 0.028384 0.020530 0.035536 0.027176 0.011502 
0.014792 0.279288 0.328775 0.136671 0.080956 0.042025 0.035130 0.042802 0.029249 0.010313 
0.018375 0.271541 0.337224 0.151709 0.054285 0.028238 0.043534 0.038782 0.030729 0.025583 
0.015277 0.270923 0.378019 0.108197 0.057138 0.041429 0.038614 0.039529 0.035278 0.015597 
0.006248 0.195877 0.316833 0.147313 0.092173 0.040905 0.081980 0.058965 0.033500 0.026206 
0.015154 0.394728 0.291110 0.073903 0.090278 0.035098 0.033889 0.038737 0.017663 0.009441 
0.058597 0.225571 0.443310 0.053586 0.062404 0.032269 0.055389 0.030746 0.022677 0.015451 
0.001169 0.325703 0.331974 0.088079 0.063870 0.042255 0.041701 0.043112 0.036623 0.025514 
0.003822 0.189219 0.426192 0.116692 0.069010 0.045682 0.051422 0.045856 0.033082 0.019024 
0.039874 0.388057 0.231930 0.052048 0.093328 0.062043 0.035117 0.053589 0.025396 0.018617 
0.027223 0.240219 0.471737 0.057116 0.077628 0.019468 0.037421 0.033089 0.019096 0.017004 
0.018963 0.145740 0.398989 0.164239 0.078618 0.042215 0.050825 0.041398 0.035124 0.023889 
0.001823 0.351953 0.304534 0.090512 0.063670 0.053115 0.045893 0.028901 0.038700 0.020899 
0.006704 0.108346 0.449275 0.098825 0.104554 0.047860 0.069080 0.053232 0.037241 0.024883 
0.000125 0.366035 0.329258 0.058806 0.101821 0.043989 0.034558 0.040582 0.012077 0.012749 
0.056861 0.333900 0.342957 0.109097 0.070622 0.013531 0.022207 0.031380 0.010949 0.008494 
0.007669 0.273451 0.352465 0.138703 0.053356 0.038536 0.041439 0.038593 0.032502 0.023285 
0.031952 0.251210 0.341014 0.122580 0.053411 0.053253 0.040241 0.044594 0.043578 0.018167 
0.017013 0.152179 0.369716 0.136577 0.084023 0.046369 0.068584 0.050288 0.045751 0.029499 
0.018195 0.373517 0.275256 0.064713 0.117274 0.042961 0.037595 0.042942 0.016042 0.011506 
0.059852 0.247048 0.424899 0.079819 0.073019 0.015101 0.038972 0.028479 0.023845 0.008965 
0.000257 0.250911 0.350625 0.167285 0.047139 0.033830 0.051127 0.039931 0.032826 0.026068 
0.004196 0.222078 0.388665 0.133943 0.066147 0.039464 0.046440 0.041127 0.040276 0.017664 
0.011391 0.252982 0.340437 0.112800 0.083012 0.033457 0.058258 0.050217 0.030678 0.026768 
0.037189 0.445655 0.236653 0.057986 0.095148 0.029328 0.031341 0.035127 0.021988 0.009584 
0.073447 0.229892 0.450463 0.058738 0.046045 0.030061 0.045417 0.028202 0.020858 0.016876 
0.021495 0.296884 0.317548 0.134312 0.050644 0.044293 0.040412 0.034242 0.038258 0.021914 
0.038241 0.260440 0.353571 0.104668 0.060539 0.044535 0.043194 0.039110 0.036912 0.018790 
0.022211 0.410615 0.306887 0.067352 0.062462 0.026459 0.028484 0.036307 0.023455 0.015768 
0.013312 0.333476 0.359359 0.074409 0.070784 0.024561 0.032911 0.048081 0.029791 0.013317 
0.005011 0.034751 0.225791 0.183316 0.181997 0.130153 0.125136 0.067503 0.024717 0.021625 
0.001283 0.309194 0.268724 0.148206 0.077723 0.049975 0.047871 0.035216 0.036976 0.024831 
0.020582 0.172169 0.412312 0.093303 0.090617 0.041139 0.064171 0.040755 0.038400 0.026552 
0.029925 0.270884 0.316997 0.108070 0.076300 0.039770 0.055971 0.049511 0.032041 0.020531 
0.011508 0.466273 0.262376 0.038443 0.090018 0.036447 0.027888 0.029193 0.028140 0.009714 
0.030057 0.172600 0.440368 0.152689 0.062977 0.029044 0.030816 0.038328 0.026025 0.017097 
0.002498 0.355067 0.315924 0.096471 0.062079 0.031608 0.045496 0.048300 0.018283 0.024274 
0.026566 0.351004 0.338636 0.131256 0.046136 0.022729 0.024086 0.014952 0.023314 0.021322 
0.001717 0.326614 0.328300 0.117674 0.076813 0.029325 0.032853 0.030861 0.036976 0.018867 
0.002468 0.314630 0.321611 0.152110 0.042714 0.037160 0.035631 0.040588 0.032560 0.020529 
0.023715 0.311176 0.312267 0.144287 0.048850 0.038747 0.032692 0.033826 0.034228 0.020211 
0.026175 0.264150 0.387540 0.099904 0.055949 0.039524 0.033982 0.035358 0.037145 0.020274 
0.009824 0.204997 0.344725 0.139524 0.082829 0.043655 0.058223 0.060309 0.031599 0.024315 
0.031181 0.394412 0.279584 0.074692 0.077854 0.049237 0.027899 0.034554 0.019736 0.010851 
0.018447 0.218383 0.417878 0.109090 0.083866 0.016345 0.045347 0.039448 0.031401 0.019795 
0.022073 0.291366 0.313491 0.137937 0.051047 0.037279 0.047587 0.040699 0.034524 0.023997 
0.028433 0.243650 0.395356 0.086429 0.058013 0.047328 0.044101 0.042536 0.039955 0.014199 
0.022338 0.279183 0.232274 0.139141 0.119089 0.059050 0.059582 0.043503 0.029841 0.015998 
0.005831 0.369545 0.409560 0.049013 0.074914 0.016767 0.021776 0.028255 0.014961 0.009379 
0.029385 0.113985 0.200762 0.129052 0.105262 0.080344 0.098461 0.092731 0.085888 0.064130 
0.011766 0.336219 0.327373 0.101610 0.054761 0.042641 0.028735 0.038917 0.033241 0.024736 
0.001704 0.195686 0.410459 0.130263 0.073376 0.037523 0.053208 0.043105 0.036317 0.018359 
0.022277 0.416830 0.221669 0.082777 0.098663 0.041736 0.035485 0.038304 0.026109 0.016150 
0.011793 0.278680 0.436165 0.082682 0.072651 0.021998 0.025878 0.034969 0.019334 0.015850 
0.020720 0.149507 0.394172 0.162359 0.083827 0.042119 0.042772 0.040863 0.038054 0.025606 
0.004241 0.355531 0.295633 0.097275 0.068119 0.051389 0.043969 0.033976 0.032711 0.017155 
0.012689 0.297534 0.314318 0.115441 0.070245 0.044323 0.064001 0.039102 0.021969 0.020378 
0.022574 0.357663 0.299217 0.101245 0.077171 0.023513 0.042725 0.036665 0.023597 0.015631 
0.023970 0.346233 0.362702 0.083196 0.048527 0.024387 0.032196 0.036495 0.027028 0.015267 
0.013735 0.281699 0.340403 0.145082 0.050727 0.037166 0.038694 0.037143 0.032455 0.022897 
0.041360 0.269452 0.341168 0.100478 0.070294 0.038684 0.049004 0.036647 0.039842 0.013070 
0.058831 0.342818 0.349549 0.080927 0.065562 0.038539 0.020690 0.019258 0.015328 0.008498 
0.030454 0.336693 0.298866 0.131233 0.067263 0.041751 0.027714 0.030035 0.018751 0.017239 
0.019310 0.250012 0.419105 0.073171 0.074292 0.026560 0.057667 0.035865 0.024290 0.019729 
0.000992 0.270762 0.334209 0.161129 0.063156 0.043505 0.035525 0.030661 0.038414 0.021647 
0.019255 0.167636 0.421903 0.113805 0.062890 0.051067 0.061606 0.039065 0.041528 0.021245 
0.003954 0.417562 0.224127 0.098272 0.084253 0.037702 0.038566 0.047254 0.026973 0.021339 
0.057385 0.415940 0.283870 0.079495 0.061361 0.028110 0.022677 0.025567 0.015017 0.010577 
0.036382 0.190439 0.225335 0.211712 0.119739 0.034247 0.056243 0.051324 0.039353 0.035228 
0.035591 0.414487 0.215284 0.144043 0.059922 0.032798 0.027961 0.025373 0.031303 0.013239 
0.026691 0.184990 0.417315 0.081192 0.074984 0.045526 0.051781 0.049916 0.041567 0.026037 
0.014584 0.217800 0.384802 0.110718 0.075067 0.042055 0.052254 0.055601 0.027295 0.019824 
0.024821 0.248158 0.336334 0.102759 0.077374 0.057928 0.058050 0.045050 0.034438 0.015090 
0.007911 0.129149 0.464495 0.150759 0.070073 0.040717 0.037860 0.045406 0.032647 0.020982 
0.016363 0.359459 0.258132 0.114445 0.071785 0.037646 0.044199 0.053995 0.019631 0.024345 
0.041403 0.300781 0.386388 0.066335 0.056444 0.027276 0.045019 0.034561 0.021415 0.020379 
0.015204 0.315898 0.329807 0.154789 0.052813 0.023394 0.033992 0.026312 0.028321 0.019472 
0.037489 0.312105 0.287481 0.135596 0.069148 0.034962 0.047053 0.043448 0.025238 0.007478 
0.001698 0.237864 0.348336 0.170530 0.058171 0.037677 0.050844 0.033186 0.035720 0.025974 
0.005655 0.258156 0.375686 0.128851 0.065173 0.035512 0.042287 0.037218 0.036387 0.015074 
0.017704 0.143318 0.420995 0.148940 0.091597 0.030481 0.035928 0.039666 0.043183 0.028188 
0.004668 0.405087 0.322600 0.089917 0.076591 0.012613 0.023825 0.038013 0.018575 0.008111 
0.027486 0.277175 0.447787 0.067522 0.055207 0.021427 0.038656 0.026493 0.025950 0.012298 
0.018952 0.280694 0.335330 0.143947 0.056970 0.038523 0.036205 0.031928 0.036118 0.021334 
0.023253 0.225066 0.403856 0.111610 0.057026 0.046408 0.037776 0.040888 0.040247 0.013868 
0.024866 0.311826 0.293160 0.125835 0.107303 0.038989 0.031242 0.028749 0.021905 0.016124 
0.021149 0.380900 0.380393 0.057744 0.056532 0.016049 0.023089 0.036561 0.013904 0.013679 
0.006742 0.071468 0.211626 0.213350 0.186221 0.111365 0.077766 0.023754 0.047411 0.050296 
0.005752 0.317970 0.249152 0.151658 0.086183 0.050315 0.049971 0.037195 0.032867 0.018938 
0.023225 0.180469 0.420670 0.087689 0.084173 0.042350 0.063127 0.036052 0.037060 0.025186 
0.006108 0.259789 0.328383 0.124633 0.082416 0.038467 0.058355 0.054433 0.028163 0.019253 
0.032086 0.355155 0.288283 0.106478 0.100543 0.027121 0.035549 0.028692 0.016498 0.009595 
0.026437 0.125799 0.459123 0.147127 0.067978 0.037695 0.041576 0.041106 0.033951 0.019207 
0.002973 0.376759 0.287031 0.093531 0.066192 0.036328 0.051972 0.048264 0.018522 0.018427 
0.014908 0.321144 0.276857 0.086075 0.065777 0.048226 0.095040 0.048392 0.022079 0.021501 
0.022498 0.291867 0.318219 0.112312 0.052511 0.053020 0.073758 0.039507 0.022082 0.014224 
0.011756 0.397409 0.251178 0.131382 0.059702 0.039255 0.043498 0.032985 0.019306 0.013529 
0.014085 0.278958 0.333901 0.157347 0.050099 0.037088 0.038453 0.034862 0.032244 0.022961 
0.026357 0.247851 0.359553 0.106587 0.083226 0.037477 0.043526 0.035662 0.036892 0.022870 
0.000755 0.145997 0.394222 0.123937 0.094229 0.063931 0.071366 0.047612 0.033133 0.024818 
0.039333 0.387889 0.303830 0.070869 0.085550 0.035330 0.028958 0.027662 0.012474 0.008103 
0.014393 0.061986 0.192899 0.230307 0.221385 0.094532 0.047880 0.052230 0.039613 0.044776 
0.016159 0.122081 0.408092 0.120981 0.123348 0.040611 0.036410 0.059358 0.042044 0.030917 
0.006923 0.188105 0.450290 0.070715 0.096856 0.045587 0.045775 0.051750 0.029535 0.014465 
0.013683 0.171184 0.435113 0.123474 0.058266 0.038078 0.063519 0.047921 0.034497 0.014265 
0.014552 0.240203 0.207825 0.118984 0.144976 0.060775 0.073257 0.051178 0.053606 0.034644 
0.002135 0.040650 0.385402 0.247174 0.134418 0.060037 0.030099 0.048861 0.033844 0.017379 
0.001267 0.139468 0.352872 0.175968 0.090216 0.065855 0.049532 0.043899 0.056623 0.024299 
0.006949 0.100837 0.512639 0.104921 0.094004 0.046637 0.042754 0.049043 0.024228 0.017988 
0.015546 0.182876 0.367407 0.145211 0.088438 0.033076 0.052167 0.049514 0.048042 0.017722 
0.000078 0.269511 0.323030 0.105664 0.098490 0.044585 0.059303 0.045019 0.031201 0.023120 
0.011428 0.053892 0.421694 0.210208 0.111857 0.065749 0.036062 0.046029 0.021051 0.022029 
0.015311 0.058666 0.400625 0.165934 0.115915 0.052134 0.049648 0.055755 0.062332 0.023680 
0.014330 0.075774 0.327754 0.252745 0.136918 0.087637 0.034559 0.027310 0.026280 0.016692 
0.016338 0.110425 0.424150 0.100169 0.120774 0.046455 0.051611 0.066127 0.035729 0.028221 
0.010585 0.035414 0.510408 0.105096 0.120212 0.060143 0.043427 0.057453 0.038279 0.018983 
0.018858 0.500239 0.189187 0.065238 0.059004 0.013918 0.062639 0.042700 0.034349 0.013870 
0.023539 0.393655 0.190483 0.112223 0.110719 0.033226 0.033342 0.030473 0.047349 0.024992 
0.021237 0.290893 0.191939 0.089107 0.137240 0.062692 0.049471 0.038885 0.072979 0.045557 
0.033216 0.187491 0.208795 0.171259 0.134429 0.052960 0.026309 0.065777 0.083700 0.036065 
0.018076 0.132181 0.240909 0.199683 0.165133 0.065492 0.045374 0.061294 0.049716 0.022141 
0.004932 0.180819 0.226849 0.163038 0.102093 0.083671 0.081289 0.058173 0.044769 0.054367 
0.008424 0.112663 0.220579 0.194376 0.185406 0.095989 0.035786 0.086070 0.039808 0.020898 
0.001243 0.119534 0.158815 0.232876 0.186359 0.097327 0.043096 0.089129 0.038725 0.032895 
0.001458 0.129858 0.207109 0.260600 0.205195 0.046825 0.041707 0.044281 0.031700 0.031267 
0.023985 0.144169 0.305810 0.211486 0.123449 0.058459 0.026300 0.043124 0.039670 0.023548 
0.000739 0.312466 0.292660 0.093274 0.085633 0.064744 0.034551 0.057905 0.033710 0.024318 
0.038461 0.281207 0.295223 0.092186 0.137497 0.055422 0.018142 0.035771 0.027557 0.018535 
0.022186 0.176891 0.321023 0.198456 0.103078 0.062572 0.045494 0.039165 0.019435 0.011700 
0.010104 0.253301 0.290591 0.089752 0.135775 0.065202 0.073096 0.042272 0.018129 0.021779 
0.015594 0.186399 0.378676 0.124719 0.089472 0.052362 0.041419 0.059346 0.038059 0.013954 
0.005095 0.211037 0.215327 0.113346 0.159786 0.070007 0.094083 0.042773 0.071371 0.017174 
0.028275 0.084827 0.241234 0.205394 0.199257 0.062586 0.066109 0.049008 0.045644 0.017666 
0.018314 0.299171 0.192607 0.164639 0.116682 0.072551 0.055221 0.043881 0.019535 0.017398 
0.001953 0.195962 0.338148 0.081216 0.093180 0.047453 0.088221 0.077046 0.051236 0.025585 
0.002658 0.489894 0.242580 0.065566 0.031139 0.024230 0.059191 0.036425 0.033648 0.014669 
0.001432 0.533198 0.139951 0.110007 0.082151 0.024034 0.033596 0.034615 0.034086 0.006930 
0.005716 0.435259 0.176685 0.151550 0.075693 0.041197 0.034987 0.043353 0.021244 0.014317 
0.014814 0.382534 0.263432 0.103123 0.109338 0.031932 0.042820 0.019265 0.018923 0.013819 
0.011333 0.216322 0.232851 0.086110 0.102650 0.071621 0.084920 0.096733 0.054084 0.043375 
0.010092 0.240496 0.272301 0.110195 0.092150 0.053423 0.056972 0.057293 0.074153 0.032926 
0.020928 0.216669 0.297434 0.129206 0.114991 0.070853 0.038140 0.055231 0.036618 0.019930 
0.032632 0.349784 0.244133 0.118105 0.085073 0.020794 0.037475 0.041032 0.045280 0.025692 
0.022947 0.326249 0.326662 0.078625 0.076789 0.030407 0.043660 0.046757 0.030342 0.017563 
0.001996 0.048904 0.327756 0.254058 0.136761 0.080451 0.058637 0.042079 0.029247 0.020111 
0.012667 0.368976 0.220607 0.111840 0.109244 0.041823 0.050946 0.027519 0.036030 0.020348 
0.020703 0.333442 0.293385 0.154530 0.069782 0.037410 0.032932 0.028537 0.020488 0.008791 
0.003521 0.183507 0.345205 0.179950 0.114285 0.042037 0.048057 0.032782 0.040918 0.009738 
0.005508 0.359436 0.263552 0.104203 0.084638 0.040855 0.049591 0.035785 0.039927 0.016506 
0.004505 0.127254 0.409713 0.162063 0.090253 0.029913 0.050083 0.049923 0.046480 0.029815 
0.009815 0.267811 0.218051 0.069196 0.095036 0.076086 0.102089 0.072560 0.067025 0.022330 
0.022713 0.231598 0.186222 0.126501 0.123429 0.124330 0.078649 0.047783 0.043762 0.015013 
0.011504 0.256892 0.204547 0.171716 0.084011 0.045312 0.069247 0.063401 0.050386 0.042985 
0.006760 0.150593 0.293374 0.157799 0.112094 0.080921 0.087802 0.042907 0.035666 0.032085 
0.021177 0.543061 0.201715 0.080791 0.045255 0.019651 0.025953 0.032939 0.018229 0.011229 
0.017063 0.437045 0.200254 0.082478 0.073415 0.044898 0.056788 0.039514 0.034526 0.014019 
0.000444 0.404691 0.240780 0.142499 0.063143 0.041256 0.031440 0.038279 0.024788 0.012679 
0.020383 0.187083 0.435368 0.144768 0.100546 0.018344 0.034868 0.029923 0.017014 0.011704 
0.020221 0.341996 0.222655 0.095240 0.051623 0.052542 0.063092 0.087178 0.050471 0.014983 
0.014306 0.208520 0.303204 0.096338 0.093477 0.054373 0.071649 0.073424 0.048003 0.036706 
0.013667 0.120857 0.238570 0.137558 0.150532 0.087551 0.089218 0.082863 0.051377 0.027807 
0.006297 0.148570 0.348394 0.171156 0.162809 0.053265 0.034305 0.030674 0.023826 0.020705 
0.018827 0.210310 0.334952 0.154072 0.106377 0.035429 0.061686 0.042349 0.022989 0.013007 
0.032817 0.142828 0.292441 0.221637 0.118491 0.062620 0.045237 0.038940 0.032288 0.012700 
0.010924 0.395030 0.247926 0.111394 0.057028 0.046512 0.047309 0.037847 0.031124 0.014906 
0.031764 0.301764 0.255090 0.137891 0.120995 0.026358 0.033478 0.042681 0.029203 0.020776 
0.011580 0.224575 0.366460 0.155177 0.070866 0.031056 0.051017 0.048800 0.025917 0.014551 
0.018853 0.151657 0.339194 0.149364 0.142733 0.044372 0.054768 0.043235 0.025665 0.030158 
0.013829 0.071351 0.388641 0.158928 0.078372 0.030451 0.080410 0.081746 0.054809 0.041464 
0.015527 0.270593 0.255949 0.065803 0.106812 0.068420 0.077496 0.067726 0.050287 0.021388 
0.033458 0.232494 0.347173 0.079514 0.103363 0.055909 0.065077 0.035376 0.029099 0.018536 
0.030357 0.372288 0.216427 0.124154 0.079445 0.052017 0.042427 0.020415 0.044634 0.017836 
0.033349 0.114584 0.287694 0.084093 0.073355 0.050158 0.120069 0.121221 0.069799 0.045678 
0.030219 0.476892 0.222305 0.074317 0.041315 0.024911 0.039678 0.051554 0.021844 0.016965 
0.032828 0.417694 0.134145 0.107668 0.101197 0.054990 0.042385 0.047616 0.035285 0.026192 
0.001753 0.306497 0.260098 0.140794 0.113820 0.034001 0.051888 0.047021 0.030692 0.013436 
0.011708 0.388774 0.239740 0.108857 0.067823 0.049737 0.030394 0.050553 0.036774 0.015641 
0.019339 0.180101 0.200932 0.056293 0.060905 0.089863 0.080601 0.151241 0.105962 0.054763 
0.007780 0.254856 0.250438 0.110824 0.081517 0.039428 0.084100 0.089964 0.055240 0.025853 
0.003084 0.163189 0.321837 0.147195 0.142147 0.077098 0.056917 0.040785 0.027974 0.019774 
0.009691 0.256247 0.286998 0.177154 0.081514 0.051167 0.046074 0.048868 0.022806 0.019482 
0.009379 0.302325 0.267939 0.136476 0.122326 0.037523 0.041137 0.033486 0.032323 0.017087 
0.008593 0.077552 0.382223 0.256287 0.076814 0.075525 0.042523 0.033550 0.031409 0.015522 
0.022428 0.401978 0.234716 0.108066 0.086042 0.040479 0.017966 0.036317 0.030516 0.021491 
0.049745 0.346369 0.329494 0.058284 0.090595 0.036377 0.037073 0.019919 0.019462 0.012682 
0.013668 0.297625 0.398065 0.113151 0.062797 0.034325 0.032404 0.016505 0.021484 0.009976 
0.037062 0.257139 0.286461 0.165561 0.076908 0.035779 0.041859 0.044176 0.034921 0.020134 
0.012875 0.090469 0.380408 0.145542 0.080402 0.032724 0.073636 0.080570 0.063502 0.039873 
0.006128 0.262542 0.205300 0.095090 0.136026 0.100709 0.075889 0.066228 0.029539 0.022549 
0.029935 0.257639 0.242475 0.114557 0.054149 0.067031 0.073802 0.069981 0.040629 0.049801 
0.014906 0.295870 0.356977 0.116803 0.052469 0.024317 0.036142 0.046997 0.042403 0.013116 
0.019085 0.349413 0.365223 0.078879 0.024679 0.030598 0.036583 0.036511 0.036097 0.022933 
0.018903 0.534895 0.190300 0.067860 0.048903 0.027905 0.037292 0.027995 0.031051 0.014896 
0.030195 0.392737 0.270879 0.093260 0.062784 0.041967 0.036841 0.024711 0.026532 0.020095 
0.033397 0.308527 0.321341 0.111342 0.069467 0.027994 0.059518 0.024261 0.026391 0.017761 
0.052053 0.379389 0.303716 0.103438 0.059441 0.023337 0.028304 0.029893 0.009975 0.010454 
0.038778 0.278354 0.251272 0.049390 0.060191 0.039255 0.067271 0.100070 0.087594 0.027823 
0.018349 0.213799 0.211838 0.161364 0.111991 0.078381 0.090427 0.044325 0.045932 0.023597 
0.009669 0.199074 0.364618 0.158817 0.101192 0.053924 0.049278 0.028110 0.023285 0.012034 
0.003481 0.209043 0.341594 0.230329 0.072301 0.030756 0.039708 0.034423 0.023069 0.015295 
0.007456 0.301895 0.318080 0.139384 0.073415 0.026773 0.046404 0.043877 0.023255 0.019461 
0.012560 0.125654 0.381394 0.210087 0.084250 0.075220 0.023719 0.028631 0.037174 0.021313 
0.008886 0.315569 0.283759 0.105499 0.109249 0.041433 0.033178 0.055229 0.029354 0.017845 
0.028129 0.297282 0.300501 0.090856 0.125917 0.043531 0.040689 0.025760 0.026011 0.021324 
0.012247 0.196694 0.412285 0.163065 0.066026 0.028090 0.027295 0.050011 0.026223 0.018064 
0.046272 0.374501 0.214225 0.062910 0.065761 0.049771 0.046934 0.057768 0.051796 0.030062 
0.019857 0.198428 0.296906 0.142589 0.041451 0.047274 0.087002 0.066819 0.070163 0.029510 
0.015608 0.227191 0.260085 0.137763 0.112118 0.060343 0.070380 0.056191 0.042573 0.017750 
0.011831 0.191417 0.408296 0.156887 0.056149 0.031285 0.061290 0.033607 0.022265 0.026974 
0.013983 0.302673 0.336951 0.126588 0.051175 0.032441 0.036807 0.052706 0.028772 0.017903 
0.005257 0.186653 0.306350 0.086050 0.073904 0.049054 0.084405 0.119421 0.066282 0.022624 
0.035277 0.562073 0.121418 0.089001 0.051228 0.026741 0.045116 0.028602 0.024796 0.015748 
0.057152 0.410569 0.174373 0.115545 0.083380 0.042866 0.038705 0.032114 0.025650 0.019644 
0.044318 0.394790 0.140772 0.131925 0.089714 0.036765 0.053954 0.042940 0.033768 0.031054 
0.044553 0.373298 0.265340 0.121479 0.051541 0.034048 0.036505 0.029397 0.028129 0.015710 
0.007210 0.185180 0.274515 0.046808 0.042482 0.049790 0.100505 0.109634 0.155270 0.028605 
0.017039 0.210222 0.276200 0.135244 0.084055 0.058093 0.099152 0.071438 0.032655 0.015900 
0.027879 0.159019 0.353839 0.159973 0.108658 0.053514 0.048736 0.041968 0.026255 0.020160 
0.012755 0.240784 0.389624 0.100889 0.073843 0.038654 0.063840 0.052096 0.019829 0.007686 
0.002696 0.332810 0.311441 0.125553 0.069387 0.029034 0.040814 0.042536 0.025835 0.019893 
0.012660 0.092063 0.404262 0.226170 0.071140 0.056016 0.024572 0.061361 0.024843 0.026913 
0.015812 0.310522 0.313957 0.086904 0.086879 0.053674 0.029495 0.053053 0.034972 0.014733 
0.029851 0.297188 0.308687 0.092767 0.088504 0.050608 0.032069 0.046064 0.033076 0.021186 
0.008038 0.171103 0.412435 0.141692 0.064309 0.027437 0.048185 0.063693 0.036445 0.026662 
0.029452 0.390664 0.229465 0.064682 0.062921 0.042612 0.059312 0.047665 0.053186 0.020041 
0.004299 0.099878 0.276446 0.179600 0.072077 0.098577 0.069618 0.120085 0.057698 0.021721 
0.003918 0.239342 0.259297 0.107131 0.114411 0.079114 0.052766 0.069311 0.051828 0.022882 
0.004022 0.130028 0.261679 0.125783 0.078006 0.072840 0.114830 0.094200 0.077612 0.040999 
0.020391 0.287010 0.267210 0.097768 0.086313 0.041531 0.068240 0.070994 0.043602 0.016940 
0.027760 0.320214 0.298170 0.095926 0.038021 0.029610 0.051766 0.057678 0.057093 0.023762 
0.042934 0.562022 0.155577 0.063093 0.040468 0.024360 0.038422 0.035523 0.028194 0.009406 
0.067169 0.385016 0.230878 0.087266 0.064952 0.046720 0.039458 0.035977 0.028264 0.014300 
0.029285 0.329319 0.298730 0.113174 0.095958 0.031340 0.030346 0.026752 0.026432 0.018665 
0.028096 0.412982 0.244371 0.143629 0.064661 0.023973 0.018453 0.034284 0.018483 0.011068 
0.052224 0.148671 0.256386 0.088643 0.079846 0.037788 0.132080 0.090795 0.077848 0.035719 
0.000165 0.245979 0.252075 0.133346 0.082420 0.069428 0.084079 0.078466 0.030928 0.023114 
0.003647 0.221734 0.344494 0.089065 0.115424 0.081743 0.060084 0.038492 0.033226 0.012091 
0.011505 0.221686 0.362130 0.137468 0.097471 0.039780 0.041842 0.059238 0.018681 0.010199 
0.029119 0.326138 0.228369 0.170573 0.108664 0.035301 0.026430 0.037964 0.019107 0.018334 
0.002839 0.058869 0.310547 0.264452 0.135648 0.069309 0.034843 0.052481 0.045396 0.025615 
0.013463 0.353908 0.278081 0.107803 0.073440 0.033638 0.036494 0.041180 0.036823 0.025171 
0.015177 0.332648 0.291971 0.071665 0.097386 0.036996 0.051150 0.050156 0.036253 0.016599 
0.000290 0.191091 0.451796 0.171123 0.055531 0.029503 0.032970 0.034920 0.025841 0.006934 
0.023933 0.275978 0.362231 0.080371 0.042619 0.031681 0.054583 0.058321 0.052388 0.017894 
0.009993 0.095479 0.259867 0.226809 0.069229 0.071632 0.047321 0.110059 0.056853 0.052758 
0.021313 0.241640 0.229247 0.121257 0.106463 0.066231 0.094248 0.078332 0.026783 0.014486 
0.008906 0.263806 0.300025 0.113069 0.066794 0.044568 0.089805 0.058715 0.027526 0.026787 
0.020108 0.270875 0.286549 0.120000 0.071639 0.043894 0.053098 0.081681 0.025139 0.027017 
0.038091 0.258145 0.237476 0.099739 0.098266 0.061546 0.060387 0.065957 0.043295 0.037098 
0.019290 0.298300 0.302345 0.120901 0.090044 0.046047 0.044529 0.029503 0.030978 0.018061 
0.058051 0.412399 0.264927 0.061777 0.040121 0.049437 0.033214 0.032856 0.037656 0.009562 
0.019260 0.160546 0.305059 0.196367 0.109347 0.066614 0.053485 0.034322 0.037114 0.017886 
0.004036 0.127181 0.360736 0.098646 0.105522 0.081769 0.061455 0.065240 0.058978 0.036439 
0.014748 0.120546 0.530147 0.090179 0.072096 0.048421 0.036793 0.037452 0.031146 0.018473 
0.002934 0.090239 0.421581 0.175085 0.123548 0.061715 0.026541 0.044233 0.031651 0.022473 
0.009307 0.153048 0.398979 0.116998 0.118498 0.065901 0.044192 0.040823 0.039431 0.012823 
0.026372 0.256989 0.342570 0.123877 0.091919 0.042930 0.041862 0.039854 0.018444 0.015182 
0.025608 0.176852 0.300701 0.183558 0.096475 0.049247 0.055402 0.035303 0.054904 0.021950 
0.020627 0.131863 0.232996 0.194856 0.107472 0.077130 0.063000 0.091028 0.050459 0.030568 
0.013516 0.163720 0.257425 0.244674 0.096475 0.035927 0.088786 0.054793 0.032987 0.011696 
0.000013 0.108238 0.264634 0.224034 0.176087 0.045713 0.065815 0.076284 0.021815 0.017368 
0.000250 0.031906 0.355656 0.366813 0.096359 0.039508 0.020077 0.040363 0.033771 0.015296 
0.010293 0.106407 0.376193 0.226534 0.109302 0.044967 0.048288 0.033689 0.024690 0.019638 
0.019624 0.101230 0.323928 0.245977 0.084621 0.045591 0.062107 0.048276 0.039802 0.028845 
0.017036 0.295980 0.375686 0.100028 0.057585 0.030276 0.056938 0.027564 0.023026 0.015881 
0.005376 0.184642 0.446183 0.176913 0.046097 0.029174 0.037885 0.029582 0.030394 0.013753 
0.007993 0.276183 0.339793 0.137964 0.091032 0.031157 0.033236 0.029829 0.029703 0.023111 
0.011103 0.284511 0.375290 0.163820 0.036286 0.033407 0.026003 0.031311 0.022255 0.016014 
0.031646 0.431531 0.281305 0.062896 0.044024 0.021168 0.036117 0.037552 0.029769 0.023992 
0.031338 0.436979 0.199450 0.079574 0.051795 0.037075 0.039799 0.047356 0.055076 0.021559 
0.027810 0.341626 0.177312 0.144384 0.071572 0.044259 0.032977 0.036415 0.074608 0.049037 
0.031422 0.294294 0.157727 0.132371 0.073229 0.085161 0.043625 0.035159 0.078108 0.068903 
0.022426 0.196771 0.259788 0.139027 0.057407 0.106648 0.054576 0.046166 0.049149 0.068041 
0.006743 0.244216 0.229904 0.128638 0.091276 0.055270 0.075214 0.048482 0.067777 0.052480 
0.013753 0.175387 0.307644 0.118850 0.110182 0.039012 0.054421 0.055913 0.078631 0.046207 
0.019186 0.205537 0.220561 0.133915 0.116445 0.093813 0.031272 0.030358 0.083987 0.064926 
0.005583 0.267060 0.288929 0.096552 0.089879 0.069256 0.040725 0.028235 0.042333 0.071449 
0.031086 0.171746 0.281874 0.226780 0.159936 0.041824 0.019408 0.018869 0.018022 0.030455 
0.004350 0.335027 0.340253 0.077506 0.091935 0.030416 0.026809 0.030060 0.034715 0.028928 
0.048139 0.313431 0.324008 0.091215 0.051260 0.031556 0.021237 0.042501 0.039861 0.036792 
0.013036 0.234324 0.324280 0.076942 0.069777 0.052948 0.044197 0.059556 0.052129 0.072811 
0.022191 0.231670 0.171448 0.119032 0.078136 0.093033 0.095420 0.058723 0.074282 0.056065 
0.000416 0.087436 0.324309 0.140164 0.095129 0.078221 0.084340 0.056275 0.061705 0.072004 
0.010410 0.261220 0.226073 0.136855 0.039523 0.042828 0.074196 0.053337 0.089491 0.066068 
0.021795 0.194564 0.317421 0.123535 0.090015 0.053783 0.045440 0.034205 0.062879 0.056362 
0.024900 0.164669 0.154400 0.133212 0.092229 0.068619 0.115898 0.080760 0.080836 0.084476 
0.002713 0.131476 0.159898 0.151521 0.095916 0.082839 0.128621 0.041581 0.099127 0.106307 
0.019495 0.443411 0.252079 0.058949 0.054056 0.024982 0.035857 0.035974 0.034294 0.040904 
0.007894 0.387849 0.262664 0.077297 0.065048 0.039052 0.047499 0.028186 0.058955 0.025557 
0.009040 0.252965 0.262651 0.134415 0.077397 0.047267 0.067789 0.053540 0.067899 0.027035 
0.007521 0.243494 0.270318 0.115848 0.095146 0.061458 0.047376 0.051044 0.085012 0.022785 
0.027771 0.169849 0.277865 0.106077 0.073875 0.083520 0.072186 0.062611 0.083916 0.042330 
0.013023 0.257608 0.308073 0.107591 0.053392 0.078230 0.050569 0.039475 0.050407 0.041631 
0.018225 0.202791 0.285096 0.140159 0.084933 0.057481 0.049084 0.028918 0.087957 0.045355 
0.014609 0.184246 0.297031 0.090776 0.092627 0.055938 0.081366 0.029876 0.086941 0.066591 
0.014135 0.160090 0.165380 0.118653 0.120607 0.040934 0.104241 0.043715 0.115834 0.116411 
0.032640 0.147196 0.285075 0.220789 0.119329 0.068579 0.030402 0.036692 0.035905 0.023393 
0.000447 0.314824 0.291299 0.084018 0.096366 0.052092 0.038978 0.041538 0.050884 0.029555 
0.041676 0.358715 0.282153 0.043251 0.064639 0.038982 0.043387 0.036389 0.050026 0.040783 
0.019448 0.194783 0.412713 0.089061 0.051289 0.034368 0.061091 0.047571 0.032747 0.056929 
0.004037 0.234085 0.298781 0.121161 0.081836 0.059169 0.048792 0.045973 0.039326 0.066841 
0.018165 0.106789 0.411341 0.160244 0.077023 0.055038 0.063618 0.031367 0.030335 0.046080 
0.016550 0.252535 0.220705 0.143071 0.094363 0.035906 0.046908 0.036578 0.086920 0.066463 
0.007103 0.237896 0.282948 0.134621 0.090176 0.051331 0.024501 0.042450 0.059432 0.069542 
0.003663 0.245758 0.292017 0.167178 0.066697 0.047262 0.035812 0.039051 0.045573 0.056988 
0.003334 0.307175 0.283244 0.117363 0.085976 0.053869 0.049858 0.039931 0.035929 0.023321 
0.053777 0.448192 0.215115 0.083849 0.055708 0.030512 0.039914 0.029989 0.025317 0.017625 
0.046033 0.543370 0.147471 0.042330 0.041789 0.025459 0.050910 0.033210 0.039633 0.029795 
0.015104 0.390469 0.203272 0.055736 0.069555 0.047170 0.078486 0.049452 0.044498 0.046259 
0.048253 0.316772 0.167986 0.066784 0.084846 0.063555 0.072459 0.072554 0.058701 0.048090 
0.010015 0.238843 0.163127 0.097897 0.100819 0.148099 0.088138 0.047936 0.042585 0.062541 
0.014732 0.193784 0.251202 0.148266 0.102568 0.056546 0.067065 0.062701 0.049155 0.053982 
0.010715 0.188050 0.284803 0.119438 0.089979 0.061958 0.055211 0.048648 0.089362 0.051836 
0.003673 0.183211 0.206683 0.099161 0.125499 0.057226 0.070446 0.061768 0.121818 0.070516 
0.009474 0.163153 0.149499 0.100817 0.118851 0.037431 0.082312 0.043444 0.228053 0.066967 
0.031883 0.137638 0.144086 0.065336 0.168651 0.129182 0.097083 0.044508 0.116218 0.065415 
0.019658 0.342683 0.270098 0.085074 0.100384 0.052101 0.033655 0.038075 0.032869 0.025404 
0.043311 0.364609 0.253421 0.074145 0.080755 0.025275 0.043659 0.039505 0.036693 0.038627 
0.018431 0.215709 0.294024 0.128648 0.075532 0.039818 0.042417 0.064164 0.076942 0.044317 
0.036485 0.201722 0.237729 0.112519 0.090604 0.043585 0.046340 0.069701 0.100190 0.061127 
0.022534 0.158678 0.341759 0.087404 0.084854 0.098372 0.064242 0.046716 0.041041 0.054398 
0.028459 0.332974 0.177662 0.062143 0.096422 0.065850 0.077739 0.034140 0.087266 0.037345 
0.038804 0.158188 0.296666 0.142717 0.079652 0.035666 0.070108 0.061598 0.070956 0.045647 
0.010869 0.208510 0.142379 0.133550 0.152320 0.051153 0.081262 0.060060 0.104779 0.055118 
0.025281 0.102804 0.191253 0.117135 0.075319 0.038000 0.096093 0.066866 0.222707 0.064542 
0.036068 0.463669 0.249913 0.063820 0.046869 0.032662 0.038487 0.034502 0.021112 0.012896 
0.029870 0.394387 0.224839 0.077812 0.064485 0.034899 0.048647 0.027931 0.049708 0.047422 
0.010570 0.282166 0.213370 0.104557 0.072492 0.058942 0.055344 0.041294 0.102289 0.058977 
0.023356 0.301289 0.145495 0.071855 0.057076 0.110566 0.037955 0.076491 0.110443 0.065475 
0.021824 0.225547 0.185840 0.053392 0.114716 0.084304 0.063442 0.077244 0.102892 0.070800 
0.007050 0.234460 0.228838 0.116978 0.073737 0.051546 0.066548 0.050305 0.095178 0.075360 
0.023996 0.161468 0.227145 0.143090 0.096893 0.049140 0.050370 0.074846 0.116393 0.056658 
0.007154 0.223469 0.208533 0.091294 0.096835 0.055915 0.100335 0.053528 0.120374 0.042565 
0.011637 0.242758 0.130721 0.122502 0.070908 0.055837 0.152775 0.094019 0.068376 0.050466 
0.009236 0.090376 0.190803 0.194383 0.168493 0.106456 0.065095 0.063428 0.064093 0.047637 
0.002000 0.283725 0.277412 0.125230 0.080277 0.046874 0.065656 0.034488 0.056358 0.027981 
0.022455 0.300778 0.223845 0.116618 0.085888 0.047240 0.090159 0.049099 0.039634 0.024282 
0.003289 0.174609 0.353916 0.102434 0.125567 0.055541 0.053032 0.058276 0.034077 0.039258 
0.026392 0.284676 0.183328 0.093902 0.129307 0.092351 0.054872 0.052219 0.047289 0.035665 
0.010698 0.202481 0.232319 0.102236 0.129281 0.074103 0.079771 0.066364 0.057023 0.045723 
0.012454 0.214685 0.361493 0.132803 0.071903 0.030721 0.064628 0.045784 0.039079 0.026450 
0.040006 0.241731 0.213305 0.143594 0.111501 0.029219 0.074342 0.057930 0.043847 0.044525 
0.022310 0.280530 0.315829 0.139908 0.067381 0.033236 0.033780 0.037037 0.035486 0.034503 
0.008319 0.323133 0.371376 0.094660 0.063227 0.031093 0.031664 0.030771 0.023630 0.022127 
0.040617 0.502016 0.205510 0.080391 0.045886 0.024124 0.024699 0.018253 0.041848 0.016656 
0.034705 0.457250 0.189222 0.085747 0.044532 0.043300 0.047503 0.037323 0.025889 0.034527 
0.026376 0.357576 0.204100 0.102705 0.080520 0.058098 0.055360 0.042678 0.024931 0.047656 
0.059452 0.332152 0.174149 0.072901 0.117277 0.076414 0.034436 0.038050 0.036720 0.058448 
0.010126 0.253791 0.223569 0.112045 0.109797 0.102764 0.032997 0.044538 0.031275 0.079099 
0.016387 0.287974 0.291238 0.123261 0.050440 0.035063 0.045398 0.041366 0.056413 0.052460 
0.035636 0.245639 0.299426 0.117158 0.056537 0.033478 0.058124 0.042879 0.053626 0.057496 
0.032615 0.216360 0.338865 0.110366 0.074838 0.026809 0.035481 0.037379 0.046190 0.081097 
0.028900 0.225913 0.173658 0.157796 0.127205 0.046997 0.033587 0.049843 0.056752 0.099350 
0.008621 0.084059 0.192589 0.176377 0.168513 0.107110 0.069724 0.069689 0.061194 0.062124 
0.013291 0.330646 0.277349 0.113905 0.095077 0.032537 0.031071 0.046741 0.032747 0.026637 
0.047713 0.351643 0.344941 0.036396 0.076817 0.028301 0.025994 0.023598 0.035035 0.029561 
0.016432 0.191116 0.368519 0.105996 0.083199 0.024596 0.027694 0.052345 0.062758 0.067345 
0.027560 0.181953 0.221070 0.101873 0.086982 0.104210 0.060945 0.042596 0.086058 0.086753 
0.012766 0.098487 0.248957 0.107334 0.160998 0.099246 0.064485 0.040434 0.069342 0.097952 
0.005407 0.284022 0.267709 0.139649 0.073625 0.051591 0.044214 0.035819 0.047079 0.050884 
0.014010 0.247852 0.222845 0.124262 0.081583 0.026378 0.062012 0.041557 0.123680 0.055820 
0.022579 0.131022 0.160571 0.124654 0.122684 0.024235 0.137429 0.054462 0.149963 0.072400 
0.006458 0.090215 0.155540 0.135950 0.144142 0.067083 0.112504 0.064466 0.156373 0.067270 
0.051905 0.469279 0.221130 0.065339 0.029564 0.021866 0.023098 0.029542 0.066234 0.022042 
0.057672 0.551802 0.110313 0.036229 0.047709 0.043323 0.024361 0.029821 0.069082 0.029688 
0.033016 0.376869 0.147840 0.070499 0.058681 0.067027 0.045511 0.052163 0.087767 0.060628 
0.028196 0.228945 0.150396 0.082679 0.126783 0.083157 0.046496 0.086620 0.101545 0.065183 
0.012235 0.129042 0.161770 0.067263 0.132835 0.085529 0.083267 0.057942 0.194930 0.075187 
0.001917 0.226141 0.255335 0.113630 0.111790 0.051624 0.054084 0.047423 0.077844 0.060211 
0.005262 0.167970 0.294545 0.087674 0.123579 0.056661 0.044537 0.047368 0.072601 0.099803 
0.011073 0.106033 0.298194 0.088225 0.127317 0.039262 0.084499 0.072012 0.082850 0.090534 
0.022224 0.121320 0.127673 0.069949 0.205299 0.032757 0.099712 0.060153 0.125486 0.135427 
0.031110 0.182058 0.141400 0.146013 0.123711 0.085555 0.128796 0.061512 0.026710 0.073135 
0.016391 0.293431 0.327523 0.077824 0.085645 0.058831 0.040724 0.036382 0.034843 0.028406 
0.040774 0.339145 0.296772 0.064176 0.083646 0.038877 0.037138 0.032137 0.041237 0.026099 
0.020367 0.188586 0.371790 0.108363 0.096055 0.057845 0.023325 0.054165 0.040429 0.039076 
0.015232 0.075787 0.271201 0.125075 0.165305 0.091004 0.044611 0.085660 0.067676 0.058450 
0.015130 0.096604 0.226417 0.121633 0.157280 0.055413 0.068718 0.082495 0.127403 0.048907 
0.010452 0.224396 0.291212 0.096649 0.109236 0.029037 0.047964 0.048853 0.092755 0.049447 
0.011899 0.214136 0.281081 0.144725 0.098740 0.062785 0.032191 0.032939 0.057049 0.064454 
