Dream-On,Aerosmith
0.000000 0.000000 0.000000 0.000000 0.000000 0.000000 0.000000 0.000000 0.000000 0.000000 
0.000000 0.000000 0.000000 0.000000 0.000000 0.000000 0.000000 0.000000 0.000000 0.000000 
0.000000 0.000000 0.000000 0.000000 0.000000 0.000000 0.000000 0.000000 0.000000 0.000000 
0.015890 0.060592 0.055230 0.023541 0.049911 0.081381 0.149962 0.189929 0.208802 0.164763 
0.016462 0.052491 0.057452 0.052097 0.090841 0.172131 0.236612 0.127322 0.081877 0.112715 
0.009122 0.085930 0.280854 0.091004 0.153658 0.099332 0.052377 0.084481 0.098991 0.044251 
0.003580 0.050051 0.191022 0.072596 0.192216 0.114565 0.042273 0.168455 0.098343 0.066898 
0.000116 0.057422 0.168863 0.099605 0.191328 0.109673 0.033627 0.166622 0.082768 0.089977 
0.007842 0.060833 0.174726 0.071814 0.156717 0.115123 0.058356 0.182145 0.080053 0.092392 
0.003531 0.054965 0.164124 0.057161 0.151530 0.133433 0.067498 0.189037 0.068058 0.110663 
0.010440 0.069646 0.193538 0.050290 0.181755 0.083340 0.039868 0.167957 0.070567 0.132599 
0.001908 0.067469 0.159417 0.050544 0.184723 0.080496 0.058815 0.190406 0.085303 0.120918 
0.005283 0.071440 0.146063 0.058721 0.189515 0.082642 0.057068 0.205191 0.100248 0.083830 
0.004762 0.110181 0.145027 0.036487 0.152366 0.123939 0.072321 0.158664 0.086451 0.109802 
0.002654 0.060342 0.132022 0.266867 0.081519 0.120103 0.096867 0.064155 0.116038 0.059433 
0.001926 0.074057 0.111910 0.304776 0.091704 0.080440 0.089012 0.035250 0.127707 0.083218 
0.012469 0.080790 0.110588 0.275334 0.105445 0.050715 0.139302 0.032990 0.138477 0.053890 
0.007110 0.059237 0.085761 0.276937 0.147947 0.052352 0.149346 0.019236 0.145037 0.057037 
0.001648 0.053265 0.082602 0.237966 0.168149 0.053952 0.168786 0.027760 0.143023 0.062850 
0.005615 0.057691 0.083798 0.209329 0.161681 0.042625 0.169015 0.083175 0.141614 0.045457 
0.001540 0.065304 0.081446 0.199417 0.097761 0.060586 0.169077 0.085210 0.185241 0.054417 
0.004163 0.060495 0.077156 0.183217 0.054322 0.082229 0.194338 0.063838 0.202072 0.078170 
0.000589 0.022312 0.069599 0.080603 0.254693 0.098841 0.087052 0.134894 0.124943 0.126473 
0.004034 0.032089 0.030839 0.059968 0.299409 0.106085 0.078190 0.181258 0.109231 0.098898 
0.008073 0.021641 0.042057 0.079075 0.281067 0.096157 0.081577 0.160932 0.134435 0.094986 
0.004824 0.020612 0.045554 0.051132 0.242612 0.103907 0.097873 0.130571 0.171782 0.131133 
0.004222 0.028063 0.046023 0.052583 0.232942 0.140345 0.103530 0.133670 0.119548 0.139073 
0.007216 0.042489 0.044914 0.052469 0.212761 0.151933 0.094378 0.155471 0.127207 0.111162 
0.003117 0.035677 0.058917 0.047817 0.209801 0.164561 0.097794 0.167096 0.126817 0.088403 
0.002643 0.052717 0.063991 0.070077 0.275210 0.120756 0.027270 0.174061 0.115353 0.097922 
0.008234 0.049202 0.181716 0.139691 0.145565 0.088597 0.143912 0.068808 0.108590 0.065685 
0.003815 0.019397 0.160536 0.162990 0.115050 0.109779 0.197072 0.079829 0.104341 0.047189 
0.009567 0.057909 0.172446 0.179326 0.101357 0.068354 0.198359 0.047023 0.118193 0.047465 
0.001689 0.027315 0.161697 0.197472 0.153582 0.043602 0.176694 0.092785 0.091423 0.053742 
0.000542 0.041666 0.191009 0.213780 0.171121 0.037761 0.103891 0.114611 0.073977 0.051643 
0.013055 0.046496 0.218735 0.214423 0.140646 0.041985 0.132914 0.110958 0.052911 0.027877 
0.015444 0.047963 0.172131 0.285413 0.077519 0.027458 0.188169 0.097495 0.048545 0.039862 
0.002711 0.059350 0.080220 0.266661 0.078500 0.099412 0.168038 0.103880 0.083492 0.057738 
0.013830 0.068742 0.103703 0.227406 0.218637 0.070485 0.080088 0.043179 0.149066 0.024863 
0.008290 0.050271 0.192537 0.112679 0.284786 0.025169 0.062059 0.145420 0.079484 0.039304 
0.010453 0.038713 0.203338 0.129583 0.235058 0.046077 0.040922 0.162202 0.098320 0.035335 
0.007362 0.033529 0.195222 0.170689 0.199437 0.056204 0.045509 0.154745 0.098393 0.038909 
0.002276 0.029452 0.193321 0.162156 0.234111 0.037180 0.045418 0.174644 0.090578 0.030864 
0.004848 0.051798 0.200686 0.085238 0.281035 0.029343 0.026158 0.185418 0.085375 0.050102 
0.002519 0.042681 0.217991 0.133835 0.229865 0.025244 0.040629 0.174076 0.074619 0.058541 
0.006447 0.051144 0.208857 0.124496 0.180762 0.073844 0.070027 0.157078 0.070767 0.056578 
0.008064 0.065462 0.205881 0.102944 0.171815 0.063257 0.042300 0.138457 0.153650 0.048169 
0.009795 0.033259 0.126202 0.305824 0.118764 0.046365 0.097733 0.076195 0.159009 0.026853 
0.007245 0.030825 0.134003 0.345215 0.087928 0.046744 0.082216 0.094841 0.120818 0.050167 
0.002501 0.042799 0.122645 0.306666 0.136471 0.047796 0.124976 0.094664 0.094313 0.027169 
0.008903 0.034856 0.121600 0.274370 0.076374 0.047121 0.143543 0.061205 0.181788 0.050241 
0.001852 0.035743 0.108424 0.243251 0.116530 0.065466 0.147641 0.038673 0.183855 0.058566 
0.002364 0.050050 0.110272 0.182132 0.166609 0.079150 0.146103 0.043826 0.174925 0.044570 
0.006496 0.036219 0.101559 0.185132 0.120191 0.072927 0.135981 0.074255 0.221718 0.045522 
0.008919 0.053473 0.111226 0.197922 0.121123 0.064620 0.168235 0.061561 0.167344 0.045576 
0.004614 0.029743 0.062053 0.131782 0.309884 0.077706 0.067365 0.181973 0.113729 0.021150 
0.007658 0.024631 0.057360 0.145444 0.278457 0.045183 0.070302 0.192146 0.126316 0.052503 
0.000536 0.018996 0.054190 0.148256 0.275557 0.050434 0.088682 0.158676 0.181807 0.022866 
0.005810 0.021929 0.047536 0.113999 0.351168 0.022491 0.092427 0.088188 0.199825 0.056627 
0.005025 0.038738 0.039216 0.099264 0.237981 0.041506 0.121768 0.141981 0.219129 0.055393 
0.001782 0.028561 0.038122 0.119945 0.208861 0.053453 0.121819 0.163048 0.228609 0.035800 
0.002056 0.033230 0.051436 0.110380 0.251002 0.038280 0.130854 0.124704 0.191777 0.066282 
0.004113 0.061884 0.066115 0.040783 0.299143 0.051744 0.081392 0.184970 0.110664 0.099192 
0.005404 0.025427 0.228701 0.175952 0.098785 0.041260 0.171209 0.089971 0.106095 0.057194 
0.002050 0.032666 0.167708 0.173698 0.155047 0.035766 0.159467 0.101402 0.135002 0.037195 
0.004648 0.019048 0.173741 0.196545 0.160579 0.043160 0.121866 0.094342 0.151887 0.034184 
0.008628 0.037296 0.178869 0.158624 0.237832 0.052178 0.101777 0.081154 0.126090 0.017551 
0.008001 0.051022 0.188386 0.195632 0.162944 0.045625 0.088841 0.059797 0.153018 0.046733 
0.006806 0.038115 0.157026 0.177651 0.138408 0.033025 0.111603 0.076736 0.227570 0.033060 
0.005614 0.061575 0.061983 0.264022 0.069742 0.033434 0.123883 0.050338 0.281213 0.048196 
0.002732 0.036457 0.040592 0.284952 0.083534 0.050456 0.120841 0.039653 0.291662 0.049120 
0.003998 0.019245 0.089542 0.201838 0.147622 0.147553 0.111885 0.060545 0.177083 0.040688 
0.001830 0.020481 0.114863 0.168468 0.182669 0.085913 0.114492 0.112521 0.092439 0.106324 
0.009676 0.041346 0.135529 0.128438 0.153474 0.090444 0.099650 0.122705 0.085214 0.133524 
0.005189 0.028184 0.120923 0.164127 0.167567 0.071045 0.101209 0.114882 0.084151 0.142723 
0.001118 0.028306 0.144542 0.118744 0.164442 0.056473 0.129348 0.092764 0.113804 0.150460 
0.003951 0.039156 0.122284 0.170127 0.120559 0.050543 0.148182 0.086321 0.106598 0.152280 
0.005941 0.043802 0.138578 0.124673 0.129149 0.058980 0.170365 0.053161 0.088202 0.187150 
0.000675 0.015232 0.104986 0.126222 0.122702 0.087594 0.173706 0.086550 0.114534 0.167799 
0.002143 0.030138 0.127595 0.150715 0.111246 0.112903 0.149094 0.067351 0.060751 0.188064 
0.009101 0.036570 0.136794 0.237630 0.132852 0.067715 0.148569 0.034717 0.074067 0.121985 
0.008937 0.024362 0.106354 0.275997 0.110241 0.058765 0.155362 0.053256 0.086019 0.120708 
0.003863 0.034458 0.110651 0.302283 0.072962 0.064054 0.140482 0.039779 0.071924 0.159543 
0.005956 0.036336 0.099429 0.325253 0.087479 0.056023 0.131162 0.035809 0.067116 0.155436 
0.001517 0.038504 0.125367 0.261158 0.077498 0.054596 0.151653 0.038942 0.081897 0.168867 
0.001987 0.043556 0.121734 0.302451 0.087918 0.053913 0.154077 0.040044 0.060481 0.133839 
0.000218 0.060180 0.096606 0.247068 0.139043 0.050047 0.145985 0.035526 0.076526 0.148801 
0.001056 0.049382 0.074618 0.236524 0.147316 0.049317 0.128093 0.060549 0.113265 0.139880 
0.001310 0.020463 0.071430 0.204164 0.156774 0.110433 0.103002 0.045182 0.070102 0.217140 
0.002853 0.028477 0.047986 0.111012 0.188276 0.119221 0.164373 0.039228 0.059174 0.239400 
0.003583 0.022165 0.034553 0.106507 0.141773 0.142637 0.199147 0.032821 0.052381 0.264433 
0.006259 0.029450 0.028469 0.097305 0.139095 0.127358 0.195473 0.074682 0.091486 0.210424 
0.001009 0.037170 0.019174 0.107600 0.131213 0.129384 0.195488 0.049373 0.082628 0.246963 
0.009501 0.041123 0.035224 0.132591 0.115959 0.119788 0.188601 0.036411 0.079133 0.241669 
0.003476 0.022195 0.025707 0.104278 0.143909 0.101671 0.197395 0.058189 0.109475 0.233704 
0.001896 0.051964 0.023230 0.081446 0.137805 0.112796 0.155046 0.043788 0.084991 0.307038 
0.009320 0.049530 0.163183 0.191219 0.128767 0.090271 0.084603 0.048788 0.085679 0.148639 
0.005635 0.052439 0.196366 0.217471 0.169118 0.059206 0.066677 0.044215 0.123191 0.065683 
0.011310 0.041348 0.212624 0.246864 0.138222 0.025692 0.089885 0.076291 0.100334 0.057429 
0.006782 0.050591 0.176799 0.200201 0.145068 0.060209 0.102786 0.068246 0.107753 0.081565 
0.004678 0.034759 0.186622 0.245671 0.139388 0.051714 0.085809 0.056277 0.070024 0.125058 
0.001121 0.028220 0.128117 0.210327 0.146010 0.042210 0.149629 0.057217 0.072309 0.164842 
0.006282 0.035700 0.071837 0.225274 0.150473 0.062162 0.202024 0.029611 0.121256 0.095381 
0.014001 0.049656 0.051273 0.162834 0.063638 0.088723 0.275640 0.048176 0.152533 0.093526 
0.002285 0.044519 0.035418 0.212949 0.205325 0.081575 0.178514 0.041852 0.152630 0.044933 
0.004694 0.017398 0.155939 0.153341 0.173954 0.078792 0.165557 0.046032 0.133154 0.071139 
0.006277 0.038539 0.157466 0.138715 0.182245 0.062939 0.117386 0.054131 0.162832 0.079470 
0.001206 0.015568 0.169424 0.112358 0.184258 0.077170 0.098787 0.062175 0.163370 0.115683 
0.004054 0.025525 0.162844 0.110913 0.187525 0.047146 0.072256 0.052872 0.181758 0.155107 
0.001040 0.028016 0.140399 0.111892 0.177393 0.035190 0.140194 0.065522 0.212265 0.088090 
0.001874 0.021578 0.143275 0.082316 0.170332 0.072664 0.161409 0.057363 0.184168 0.105022 
0.001431 0.026260 0.133521 0.073000 0.175192 0.066608 0.173242 0.035118 0.207451 0.108177 
0.008483 0.046552 0.190221 0.081628 0.188450 0.023879 0.124654 0.047281 0.177696 0.111157 
0.000641 0.010963 0.119142 0.199274 0.103173 0.035419 0.196266 0.071510 0.207956 0.055655 
0.001482 0.034586 0.075693 0.213754 0.092180 0.065796 0.229188 0.042435 0.211977 0.032909 
0.000998 0.029178 0.068136 0.181648 0.076152 0.089859 0.296366 0.033385 0.183538 0.040740 
0.005882 0.023029 0.071401 0.187641 0.063984 0.061267 0.293941 0.057598 0.200871 0.034386 
0.006984 0.035276 0.077674 0.125724 0.084100 0.076990 0.307905 0.063284 0.174907 0.047156 
0.003336 0.027102 0.054419 0.169968 0.065063 0.101098 0.317043 0.055210 0.174758 0.032003 
0.007176 0.055303 0.084768 0.165260 0.093885 0.059533 0.264386 0.035611 0.175782 0.058298 
0.004303 0.043274 0.067045 0.144378 0.144140 0.038866 0.211079 0.045565 0.229788 0.071561 
0.000477 0.021439 0.053023 0.208867 0.128575 0.045780 0.129879 0.067462 0.281300 0.063198 
0.003578 0.019339 0.034839 0.193261 0.087007 0.054219 0.163605 0.059281 0.257573 0.127298 
0.007541 0.038956 0.054668 0.150130 0.108146 0.046591 0.166402 0.039024 0.235279 0.153262 
0.001692 0.038201 0.028875 0.153790 0.078203 0.042433 0.178720 0.046514 0.320412 0.111160 
0.000615 0.043398 0.037649 0.174362 0.089072 0.091625 0.195772 0.041341 0.205992 0.120176 
0.000002 0.027222 0.029932 0.156806 0.104043 0.041252 0.218327 0.017181 0.315922 0.089314 
0.007123 0.045292 0.043594 0.189664 0.106692 0.075608 0.257673 0.024940 0.208378 0.041036 
0.004554 0.037034 0.046765 0.163077 0.083330 0.076016 0.245834 0.023565 0.236849 0.082977 
0.006519 0.047322 0.155910 0.239723 0.063961 0.033498 0.137673 0.072225 0.192675 0.050494 
0.003503 0.019829 0.154121 0.180510 0.103800 0.031470 0.178209 0.075962 0.202402 0.050192 
0.003550 0.021874 0.166751 0.181297 0.120459 0.055377 0.164420 0.081528 0.143312 0.061432 
0.002939 0.032492 0.169736 0.170890 0.100447 0.051341 0.132932 0.061365 0.223370 0.054488 
0.004462 0.018514 0.145436 0.208087 0.090978 0.052717 0.135893 0.069341 0.235863 0.038709 
0.002901 0.025600 0.186026 0.223436 0.147972 0.028670 0.105400 0.049572 0.205495 0.024928 
0.005791 0.045381 0.184575 0.176782 0.157438 0.026687 0.096679 0.064717 0.172782 0.069167 
0.002560 0.022033 0.138754 0.298200 0.137270 0.063147 0.082820 0.040728 0.128618 0.085869 
0.005711 0.022560 0.078862 0.133820 0.191121 0.060194 0.095026 0.081396 0.162566 0.168743 
0.005392 0.054171 0.139999 0.094340 0.276026 0.111208 0.034913 0.042504 0.098245 0.143202 
0.006152 0.061812 0.112740 0.051990 0.299675 0.115492 0.060113 0.059242 0.089251 0.143533 
0.001115 0.056975 0.124414 0.042324 0.228555 0.112762 0.072934 0.103975 0.094233 0.162713 
0.010762 0.069224 0.155587 0.057955 0.235107 0.074129 0.027966 0.119620 0.075440 0.174210 
0.001874 0.032760 0.117339 0.073408 0.203643 0.112170 0.055541 0.133736 0.085722 0.183807 
0.006472 0.035812 0.106532 0.058248 0.189902 0.121223 0.064510 0.159038 0.077467 0.180795 
0.006639 0.045748 0.101111 0.086422 0.199240 0.103372 0.045631 0.128695 0.063201 0.219942 
0.002112 0.033499 0.107741 0.030248 0.146616 0.134391 0.051431 0.129087 0.126504 0.238372 
0.002136 0.026247 0.081339 0.115133 0.112968 0.102142 0.174040 0.070909 0.146112 0.168975 
0.005567 0.036862 0.083365 0.142339 0.128090 0.067494 0.138407 0.056308 0.175558 0.166008 
0.001531 0.036177 0.101151 0.165201 0.098289 0.050764 0.163944 0.061377 0.186548 0.135018 
0.002886 0.034236 0.080166 0.164526 0.121677 0.059557 0.152766 0.058706 0.186987 0.138495 
0.007922 0.065477 0.103536 0.160962 0.094033 0.048711 0.160473 0.052108 0.154463 0.152315 
0.000093 0.031062 0.078874 0.150825 0.081150 0.082581 0.196735 0.064006 0.209325 0.105349 
0.010092 0.047574 0.083565 0.135561 0.063411 0.090127 0.175001 0.063587 0.207163 0.123919 
0.001418 0.035810 0.083827 0.144513 0.097597 0.107326 0.203928 0.014624 0.234971 0.075987 
0.006911 0.029974 0.101123 0.085840 0.183247 0.096762 0.121916 0.091950 0.165841 0.116438 
0.003947 0.031475 0.030535 0.071394 0.189456 0.069913 0.095746 0.161801 0.133614 0.212120 
0.002575 0.021153 0.036665 0.061622 0.166267 0.072663 0.112463 0.161817 0.147206 0.217569 
0.005706 0.034416 0.047539 0.047874 0.170661 0.047172 0.124485 0.188323 0.127946 0.205879 
0.004029 0.038394 0.047508 0.035765 0.133835 0.092099 0.163021 0.162243 0.122485 0.200622 
0.010299 0.032557 0.050769 0.046121 0.194754 0.084920 0.147612 0.111092 0.132265 0.189612 
0.003852 0.036292 0.042425 0.043578 0.243383 0.103740 0.130990 0.039058 0.145407 0.211275 
0.000614 0.036239 0.055681 0.040959 0.269102 0.171592 0.110908 0.069213 0.128280 0.117412 
0.004196 0.026240 0.136222 0.156256 0.202209 0.100381 0.114924 0.080728 0.122021 0.056824 
0.004973 0.037492 0.162933 0.154069 0.140945 0.074491 0.159696 0.051229 0.128571 0.085601 
0.003578 0.019558 0.186472 0.175760 0.183589 0.061611 0.159506 0.032616 0.101072 0.076237 
0.001860 0.030146 0.160140 0.161313 0.198946 0.056295 0.124844 0.039848 0.116132 0.110476 
0.013246 0.040880 0.162370 0.138330 0.164593 0.059193 0.128336 0.055914 0.119888 0.117249 
0.004861 0.036273 0.129793 0.153993 0.179277 0.082601 0.157217 0.032876 0.164124 0.058984 
0.000136 0.033729 0.101687 0.160937 0.129702 0.065598 0.164190 0.056571 0.145321 0.142129 
0.002823 0.042258 0.069412 0.182578 0.106678 0.057932 0.206012 0.070763 0.183396 0.078148 
0.004460 0.032128 0.103072 0.144042 0.086246 0.177576 0.144364 0.068232 0.101517 0.138362 
0.005458 0.020304 0.154609 0.071987 0.133656 0.184418 0.099773 0.102209 0.112365 0.115222 
0.005165 0.028728 0.152146 0.074919 0.139439 0.204301 0.081119 0.077809 0.119092 0.117283 
0.008141 0.034048 0.174207 0.068549 0.163190 0.190904 0.079972 0.099199 0.085082 0.096707 
0.007657 0.037558 0.181090 0.032880 0.190743 0.188855 0.084055 0.092844 0.091393 0.092926 
0.006154 0.030163 0.159503 0.023179 0.186261 0.184374 0.094109 0.105008 0.090855 0.120394 
0.006558 0.028256 0.157112 0.053515 0.196213 0.179221 0.069239 0.100782 0.091019 0.118085 
0.005010 0.039326 0.143806 0.060702 0.189569 0.179538 0.060536 0.134010 0.087498 0.100006 
0.007717 0.039648 0.137629 0.157369 0.081968 0.156262 0.152482 0.058699 0.162571 0.045655 
0.002885 0.023230 0.076202 0.156797 0.051937 0.123003 0.305310 0.065433 0.170944 0.024259 
0.009736 0.039284 0.084547 0.179680 0.050622 0.114587 0.274199 0.053900 0.149554 0.043893 
0.000459 0.025457 0.063411 0.172765 0.074944 0.125255 0.242560 0.029108 0.203842 0.062201 
0.013244 0.040294 0.089370 0.162551 0.046345 0.105290 0.228853 0.041386 0.207381 0.065283 
0.005959 0.039121 0.074431 0.179970 0.074499 0.151910 0.242665 0.055333 0.139673 0.036439 
0.004168 0.031977 0.054841 0.161763 0.078894 0.143500 0.225595 0.043069 0.180170 0.076024 
0.000780 0.043423 0.067936 0.142990 0.079098 0.102694 0.219686 0.045935 0.192657 0.104800 
0.000015 0.027439 0.070753 0.144570 0.127824 0.050800 0.246130 0.050198 0.207045 0.075225 
0.003423 0.026210 0.048589 0.082349 0.135906 0.242667 0.114467 0.082705 0.139075 0.124609 
0.002536 0.042464 0.029887 0.068975 0.150006 0.225510 0.099056 0.094860 0.141679 0.145027 
0.003179 0.040827 0.040627 0.043784 0.152645 0.212422 0.156652 0.141491 0.097633 0.110741 
0.003971 0.031949 0.047055 0.023917 0.165862 0.231193 0.167570 0.159129 0.075130 0.094223 
0.008532 0.038309 0.032348 0.032600 0.130467 0.166069 0.130939 0.113726 0.149057 0.197952 
0.005443 0.033513 0.032031 0.023538 0.112104 0.145638 0.116985 0.104222 0.264678 0.161848 
0.010524 0.049987 0.058079 0.064735 0.156626 0.170003 0.124144 0.150289 0.125456 0.090157 
0.002025 0.056889 0.164266 0.144404 0.108972 0.091135 0.113049 0.059450 0.165929 0.093880 
0.005387 0.024899 0.154057 0.148287 0.105288 0.060146 0.231936 0.058389 0.187132 0.024480 
0.001509 0.020455 0.127553 0.162499 0.092843 0.074107 0.267082 0.053752 0.179317 0.020882 
0.002589 0.021068 0.133055 0.145496 0.071964 0.075988 0.244209 0.058864 0.196869 0.049897 
0.006980 0.033877 0.113892 0.106943 0.082897 0.062463 0.253633 0.070826 0.205763 0.062726 
0.001575 0.022612 0.103429 0.102788 0.092078 0.074177 0.273395 0.074434 0.230082 0.025430 
0.000408 0.022277 0.097412 0.122936 0.081133 0.078656 0.325203 0.047804 0.180300 0.043873 
0.005768 0.031058 0.050075 0.121455 0.021584 0.086976 0.310271 0.066107 0.241708 0.064999 
0.001534 0.034667 0.036045 0.133119 0.036046 0.093475 0.309888 0.081159 0.246661 0.027405 
0.005276 0.071934 0.204351 0.090471 0.108430 0.085010 0.200139 0.063820 0.114266 0.056301 
0.001710 0.051857 0.217748 0.067948 0.130354 0.100219 0.208461 0.077818 0.090376 0.053508 
0.010522 0.067804 0.233646 0.043791 0.135274 0.085853 0.179920 0.075492 0.114771 0.052927 
0.002859 0.054489 0.245623 0.046915 0.143143 0.111667 0.144517 0.079329 0.129775 0.041682 
0.003500 0.045719 0.246226 0.024935 0.169923 0.089308 0.119791 0.088587 0.157628 0.054384 
0.001499 0.051093 0.242052 0.047785 0.178829 0.057506 0.094904 0.104347 0.166876 0.055108 
0.000654 0.068907 0.222870 0.053391 0.198127 0.062612 0.054398 0.105086 0.200763 0.033193 
0.002559 0.069305 0.197109 0.067960 0.183817 0.073592 0.144226 0.100150 0.122449 0.038833 
0.011019 0.073685 0.179121 0.063574 0.125320 0.091702 0.230536 0.059510 0.129034 0.036500 
0.005646 0.066469 0.119899 0.198160 0.110701 0.054296 0.209994 0.052935 0.125279 0.056621 
0.008937 0.071858 0.155965 0.215945 0.091282 0.061861 0.177289 0.041800 0.115756 0.059307 
0.000621 0.041872 0.120208 0.239236 0.101426 0.086901 0.177100 0.027038 0.136088 0.069510 
0.002280 0.059173 0.114657 0.211149 0.076453 0.099595 0.204781 0.045630 0.137131 0.049151 
0.004413 0.068418 0.113522 0.178915 0.067363 0.076443 0.225551 0.040638 0.165856 0.058881 
0.002383 0.046286 0.115081 0.178633 0.092716 0.075539 0.217446 0.033030 0.164650 0.074236 
0.006037 0.058185 0.120162 0.167338 0.095845 0.063192 0.217857 0.027098 0.186642 0.057644 
0.007088 0.058208 0.078727 0.100022 0.112220 0.096862 0.241953 0.072838 0.137200 0.094881 
0.009330 0.033456 0.073488 0.061897 0.181935 0.087305 0.253120 0.137572 0.087929 0.073967 
0.010950 0.043522 0.067945 0.066749 0.191733 0.071965 0.261179 0.143211 0.070840 0.071906 
0.007041 0.042459 0.055029 0.083834 0.198098 0.082929 0.247821 0.135241 0.080479 0.067069 
0.006687 0.049723 0.063079 0.076387 0.178371 0.074122 0.280847 0.124008 0.116679 0.030099 
0.007336 0.039210 0.066323 0.041378 0.139125 0.099101 0.302053 0.176454 0.108037 0.020983 
0.003386 0.036384 0.065141 0.027156 0.117925 0.086171 0.308793 0.202810 0.114154 0.038080 
0.000832 0.064924 0.072593 0.035860 0.118366 0.066246 0.257193 0.174716 0.151267 0.058003 
0.001267 0.039731 0.071200 0.061031 0.121342 0.122668 0.320436 0.083784 0.122635 0.055907 
0.000891 0.043752 0.094651 0.204699 0.133827 0.078540 0.176514 0.035056 0.182995 0.049076 
0.004385 0.041627 0.059453 0.265999 0.083937 0.048217 0.172160 0.040419 0.211011 0.072794 
0.001395 0.022914 0.062901 0.240933 0.111731 0.057523 0.223025 0.051219 0.173002 0.055357 
0.000581 0.032883 0.048002 0.213159 0.121735 0.070884 0.255559 0.039050 0.148349 0.069799 
0.002501 0.051767 0.057576 0.197583 0.094844 0.090126 0.267900 0.023369 0.116955 0.097378 
0.009038 0.041465 0.062908 0.162288 0.081566 0.067380 0.313712 0.059034 0.143544 0.059064 
0.005531 0.034504 0.050849 0.139687 0.068525 0.074595 0.345740 0.066851 0.153367 0.060352 
0.002348 0.038048 0.051165 0.145437 0.089186 0.084834 0.323985 0.033104 0.158879 0.073015 
0.000217 0.018989 0.077553 0.078557 0.116934 0.134050 0.266161 0.142223 0.086363 0.078953 
0.001989 0.013711 0.027345 0.041473 0.156631 0.192352 0.347823 0.106217 0.075643 0.036815 
0.003522 0.022455 0.020375 0.036361 0.141342 0.174631 0.368553 0.128618 0.073899 0.030245 
0.003833 0.014788 0.024440 0.034209 0.130424 0.168732 0.380073 0.159851 0.066817 0.016833 
0.004434 0.025691 0.025908 0.038647 0.138779 0.158021 0.368880 0.150280 0.068205 0.021155 
0.007278 0.030707 0.035572 0.047310 0.144740 0.168094 0.341847 0.120631 0.079865 0.023956 
0.008032 0.023648 0.051902 0.061792 0.155121 0.124240 0.329483 0.140519 0.085627 0.019636 
0.003857 0.028603 0.042136 0.058762 0.162965 0.086946 0.339000 0.171139 0.071982 0.034611 
0.001616 0.016525 0.025770 0.055130 0.176673 0.080492 0.331462 0.177058 0.084885 0.050389 
0.005500 0.028850 0.033213 0.063215 0.198872 0.079875 0.289537 0.138136 0.112903 0.049897 
0.002492 0.021195 0.028975 0.055832 0.201157 0.065800 0.287719 0.177161 0.101398 0.058273 
0.000767 0.021286 0.027362 0.051014 0.217807 0.059433 0.286593 0.198707 0.096630 0.040402 
0.004483 0.033647 0.021115 0.042793 0.214840 0.087073 0.239237 0.178369 0.116803 0.061641 
0.002730 0.033488 0.024512 0.047723 0.217524 0.119252 0.244615 0.160146 0.119101 0.030909 
0.003412 0.026511 0.019163 0.041279 0.234932 0.102816 0.236024 0.181590 0.122115 0.032158 
0.001552 0.029734 0.019398 0.045719 0.201619 0.107695 0.241640 0.199331 0.105974 0.047337 
0.004159 0.043145 0.014433 0.044734 0.206057 0.120845 0.227392 0.168764 0.106028 0.064444 
0.003264 0.030088 0.030782 0.058272 0.219052 0.095091 0.247805 0.150386 0.109746 0.055514 
0.001123 0.033211 0.037796 0.065104 0.189248 0.089123 0.231142 0.190336 0.091762 0.071155 
0.004016 0.051106 0.055606 0.068182 0.205406 0.083305 0.214540 0.190262 0.095297 0.032280 
0.009833 0.062886 0.051262 0.083397 0.218695 0.056742 0.211856 0.147273 0.118367 0.039688 
0.009118 0.045519 0.042915 0.066023 0.182126 0.074073 0.236838 0.171613 0.104180 0.067596 
0.005636 0.028144 0.030524 0.043130 0.188292 0.062456 0.267687 0.191329 0.086223 0.096579 
0.005435 0.054164 0.044260 0.053120 0.175923 0.068756 0.226425 0.169783 0.105686 0.096449 
0.007556 0.037549 0.028769 0.037272 0.224637 0.122857 0.193245 0.166647 0.082482 0.098985 
0.000169 0.030761 0.040559 0.043467 0.240532 0.132237 0.150552 0.163905 0.144942 0.052876 
0.001056 0.050999 0.044241 0.053216 0.241469 0.085604 0.176290 0.188229 0.100081 0.058816 
0.000435 0.038495 0.052207 0.032419 0.238647 0.095764 0.193613 0.163115 0.120404 0.064901 
0.007052 0.036673 0.056346 0.050288 0.234771 0.082680 0.179336 0.164124 0.091293 0.097437 
0.003612 0.058893 0.068019 0.083654 0.216119 0.053578 0.144016 0.156825 0.086401 0.128883 
0.002172 0.044019 0.053247 0.068860 0.235977 0.057698 0.181095 0.192790 0.090567 0.073575 
0.002207 0.041590 0.032473 0.045209 0.214776 0.048530 0.215349 0.163332 0.110056 0.126479 
0.000477 0.063084 0.066884 0.064872 0.224538 0.063307 0.174187 0.153085 0.109290 0.080274 
0.004064 0.257972 0.378632 0.074273 0.100196 0.021499 0.030224 0.050156 0.038804 0.044179 
0.006424 0.160675 0.365527 0.069938 0.104804 0.074046 0.028934 0.112663 0.046205 0.030784 
0.006331 0.159198 0.312130 0.053527 0.128818 0.072394 0.028706 0.124566 0.069989 0.044340 
0.011939 0.177649 0.265419 0.080304 0.142207 0.048984 0.045749 0.146782 0.037334 0.043633 
0.003832 0.158273 0.246949 0.087765 0.168423 0.051857 0.049148 0.148909 0.048459 0.036385 
0.000730 0.180790 0.220044 0.116266 0.182743 0.034854 0.027639 0.140105 0.066255 0.030575 
0.010652 0.228429 0.199009 0.078298 0.177467 0.046493 0.031767 0.138828 0.067333 0.021722 
0.010584 0.255342 0.189284 0.070296 0.181230 0.050089 0.044229 0.148621 0.040144 0.010182 
0.004544 0.243257 0.200472 0.055387 0.198854 0.052819 0.031967 0.118776 0.069605 0.024320 
0.005186 0.230480 0.157189 0.134673 0.091961 0.075347 0.126629 0.029689 0.118425 0.030421 
0.004700 0.196460 0.120246 0.121451 0.058520 0.063848 0.215565 0.049556 0.129395 0.040259 
0.000934 0.195205 0.101004 0.134763 0.054745 0.063953 0.219523 0.057046 0.141204 0.031624 
0.011986 0.262276 0.092295 0.122018 0.032118 0.064027 0.171964 0.040590 0.153948 0.048776 
0.004508 0.229107 0.117841 0.124117 0.045452 0.079368 0.162067 0.034136 0.155522 0.047883 
0.004881 0.247068 0.129800 0.126250 0.040442 0.057900 0.162361 0.028447 0.147315 0.055536 
0.000599 0.221186 0.154904 0.126311 0.044055 0.053305 0.164698 0.048675 0.146059 0.040208 
0.000212 0.229678 0.183314 0.120108 0.044056 0.065933 0.135520 0.022869 0.134622 0.063688 
0.006517 0.155037 0.104661 0.072169 0.165989 0.086357 0.085288 0.075851 0.114230 0.133901 
0.002671 0.134558 0.092568 0.064230 0.206701 0.052513 0.059724 0.110934 0.082359 0.193743 
0.004685 0.138674 0.075383 0.056014 0.202689 0.059775 0.071800 0.139410 0.085265 0.166304 
0.001074 0.120396 0.092656 0.063741 0.221974 0.055163 0.070723 0.136169 0.096338 0.141766 
0.007230 0.147668 0.088502 0.063362 0.203614 0.050264 0.062930 0.117020 0.118376 0.141033 
0.007440 0.171965 0.095414 0.026657 0.179663 0.047287 0.083123 0.117867 0.150466 0.120119 
0.005404 0.173569 0.118809 0.036805 0.145469 0.051586 0.086106 0.131291 0.110914 0.140048 
0.009937 0.179168 0.113304 0.044307 0.143482 0.054313 0.095494 0.145576 0.110545 0.103873 
0.008287 0.138976 0.257164 0.079964 0.115271 0.023472 0.065562 0.100997 0.106503 0.103804 
0.012178 0.120920 0.238139 0.109811 0.095444 0.073058 0.127740 0.047706 0.094545 0.080459 
0.012159 0.117204 0.232663 0.089143 0.086371 0.091822 0.187244 0.027381 0.100784 0.055230 
0.000672 0.084225 0.255013 0.096921 0.074918 0.095308 0.178272 0.035153 0.126568 0.052949 
0.005350 0.111333 0.285949 0.103422 0.090758 0.081580 0.131690 0.049184 0.068081 0.072652 
0.002703 0.097533 0.340441 0.138841 0.091911 0.059680 0.095456 0.052746 0.090746 0.029944 
0.006602 0.146625 0.079018 0.226114 0.077565 0.102299 0.138087 0.053771 0.126351 0.043569 
0.011044 0.106238 0.082722 0.272250 0.060663 0.057977 0.172726 0.075856 0.138458 0.022066 
0.000133 0.076540 0.111557 0.284637 0.080756 0.037959 0.160884 0.065111 0.143735 0.038689 
0.002748 0.090600 0.255596 0.136370 0.150225 0.038516 0.050825 0.104116 0.145638 0.025366 
0.003696 0.112041 0.431573 0.116012 0.067584 0.011559 0.029839 0.081095 0.123587 0.023014 
0.003071 0.094638 0.391462 0.106498 0.084921 0.027639 0.052475 0.073213 0.142013 0.024069 
0.004816 0.100643 0.367161 0.116058 0.107776 0.018523 0.022954 0.083133 0.155942 0.022993 
0.010202 0.111110 0.362967 0.072863 0.108746 0.024690 0.029273 0.094408 0.167062 0.018678 
0.000062 0.122906 0.294858 0.117672 0.102495 0.033861 0.030956 0.093287 0.174527 0.029375 
0.008444 0.120805 0.328497 0.125965 0.091996 0.014629 0.025210 0.083718 0.167691 0.033046 
0.004241 0.135914 0.265949 0.080852 0.114576 0.040094 0.045894 0.101236 0.182589 0.028655 
0.009978 0.111277 0.209406 0.128479 0.107195 0.045272 0.079787 0.047736 0.220290 0.040581 
0.001020 0.108065 0.230011 0.147543 0.075735 0.038442 0.117515 0.035868 0.209805 0.035996 
0.015014 0.135998 0.200100 0.162092 0.061090 0.029626 0.111656 0.064598 0.177784 0.042043 
0.016674 0.157075 0.209074 0.191841 0.096420 0.040277 0.130547 0.020651 0.110588 0.026855 
0.004846 0.139379 0.216145 0.148971 0.078626 0.022740 0.121602 0.052488 0.188502 0.026701 
0.024626 0.153221 0.151031 0.138494 0.077893 0.042572 0.113126 0.077433 0.182526 0.039078 
0.014982 0.157474 0.122827 0.158327 0.098488 0.056690 0.115163 0.053818 0.192985 0.029245 
0.006276 0.167044 0.154336 0.145983 0.075959 0.052778 0.118650 0.057566 0.154968 0.066440 
0.014766 0.158285 0.108875 0.161643 0.080374 0.048076 0.141427 0.089621 0.147777 0.049157 
0.008941 0.101372 0.118287 0.164029 0.190021 0.057250 0.068978 0.128470 0.113767 0.048887 
0.007876 0.106013 0.069736 0.110908 0.220671 0.017125 0.082197 0.145449 0.201286 0.038740 
0.001263 0.097132 0.057250 0.079687 0.145726 0.049689 0.127050 0.119899 0.287785 0.034518 
0.009798 0.107741 0.043913 0.072885 0.130148 0.043822 0.123321 0.143013 0.286336 0.039022 
0.009101 0.060042 0.040717 0.058041 0.202562 0.047467 0.149951 0.150601 0.221165 0.060352 
0.001134 0.029889 0.051059 0.115170 0.232350 0.071844 0.142246 0.100396 0.155203 0.100709 
0.005203 0.044564 0.041564 0.158455 0.234340 0.062222 0.216192 0.131968 0.064962 0.040529 
0.012710 0.068208 0.076114 0.128320 0.251993 0.055157 0.123142 0.141161 0.088580 0.054614 
0.001679 0.144792 0.364067 0.110578 0.091665 0.048617 0.113266 0.044935 0.053141 0.027261 
0.010143 0.124292 0.328148 0.098120 0.095523 0.054730 0.152724 0.053947 0.064167 0.018206 
0.012862 0.099367 0.248783 0.141613 0.102123 0.045747 0.185518 0.067322 0.076874 0.019791 
0.000882 0.107921 0.264983 0.161480 0.062014 0.039586 0.187753 0.046362 0.088928 0.040090 
0.006210 0.130168 0.283417 0.136054 0.076288 0.073208 0.159587 0.029271 0.064523 0.041274 
0.000595 0.081901 0.110732 0.153841 0.092765 0.099292 0.168264 0.030731 0.204677 0.057201 
0.004122 0.087740 0.047648 0.182418 0.084248 0.080844 0.243979 0.041488 0.162729 0.064783 
0.011153 0.065603 0.045150 0.186421 0.057961 0.058482 0.229282 0.055035 0.229353 0.061559 
0.021103 0.130047 0.332928 0.134831 0.063217 0.032602 0.067895 0.032177 0.094271 0.090929 
0.018695 0.119244 0.326046 0.137404 0.059612 0.029959 0.086613 0.034463 0.066750 0.121214 
0.002945 0.112583 0.321581 0.139507 0.053134 0.030975 0.106133 0.039126 0.068149 0.125868 
0.002513 0.108793 0.306203 0.116537 0.064238 0.042343 0.117435 0.031733 0.084931 0.125275 
0.012552 0.105236 0.312925 0.103199 0.052917 0.032409 0.110822 0.051585 0.088739 0.129617 
0.028310 0.155696 0.251933 0.096243 0.047440 0.037469 0.100418 0.036924 0.091914 0.153654 
0.011988 0.138693 0.331077 0.089904 0.047110 0.029001 0.116719 0.047569 0.064643 0.123296 
0.005119 0.136401 0.299522 0.095411 0.058965 0.014516 0.111273 0.057733 0.096336 0.124724 
0.008731 0.153606 0.287451 0.157770 0.057138 0.040365 0.117867 0.022470 0.029485 0.125117 
0.008619 0.144813 0.292699 0.154739 0.047492 0.029397 0.121462 0.029789 0.096228 0.074761 
0.005037 0.136576 0.281067 0.142370 0.082270 0.034583 0.119941 0.020870 0.100637 0.076648 
0.006903 0.157110 0.261128 0.149968 0.054184 0.039285 0.114054 0.007564 0.115284 0.094521 
0.023959 0.181585 0.236252 0.145738 0.042218 0.051764 0.118393 0.022727 0.109821 0.067543 
0.015622 0.173432 0.227044 0.126626 0.047506 0.052256 0.138954 0.027643 0.119624 0.071292 
0.012186 0.167347 0.232723 0.131089 0.029602 0.054545 0.136013 0.027610 0.112024 0.096862 
0.015677 0.178989 0.239380 0.119099 0.054423 0.035318 0.128735 0.026036 0.102261 0.100083 
0.007416 0.173813 0.243498 0.100782 0.052656 0.033582 0.138981 0.052305 0.136884 0.060082 
0.006001 0.109540 0.144937 0.141978 0.131353 0.114352 0.141570 0.038071 0.079428 0.092770 
0.003679 0.089010 0.123444 0.125010 0.170917 0.092490 0.142701 0.027477 0.079377 0.145893 
0.014723 0.115917 0.144033 0.102572 0.110203 0.118706 0.125361 0.021020 0.099538 0.147926 
0.012853 0.113099 0.129259 0.107098 0.099944 0.101257 0.117624 0.038399 0.110206 0.170261 
0.011515 0.122438 0.159262 0.096819 0.118082 0.104555 0.108431 0.022101 0.101930 0.154866 
0.009525 0.119075 0.123058 0.094101 0.111522 0.112734 0.110733 0.037460 0.130811 0.150980 
0.001470 0.073195 0.039422 0.097791 0.215146 0.110044 0.129373 0.032447 0.113793 0.187321 
0.000854 0.017760 0.037000 0.208584 0.204275 0.090869 0.058485 0.042788 0.122361 0.217024 
0.004159 0.116847 0.318323 0.172153 0.070213 0.057805 0.131059 0.027823 0.074549 0.027068 
0.002541 0.124527 0.237504 0.163379 0.056474 0.057835 0.173864 0.042439 0.103775 0.037662 
0.004367 0.080524 0.283865 0.167527 0.058745 0.048881 0.164083 0.049204 0.103078 0.039726 
0.008271 0.086697 0.266170 0.184231 0.059142 0.028626 0.164472 0.046244 0.090922 0.065225 
0.002605 0.086210 0.258145 0.176036 0.068751 0.047773 0.176985 0.042423 0.098363 0.042709 
0.005999 0.109198 0.257559 0.158465 0.047211 0.029433 0.179741 0.034725 0.095179 0.082490 
0.003272 0.099870 0.291714 0.144153 0.025235 0.045201 0.137432 0.013978 0.117203 0.121943 
0.017359 0.121930 0.230909 0.131695 0.038607 0.036520 0.137785 0.031833 0.144305 0.109059 
0.013629 0.077860 0.230693 0.191586 0.129839 0.031910 0.081066 0.037242 0.159364 0.046811 
0.007079 0.118291 0.341738 0.153273 0.099357 0.021847 0.061090 0.032946 0.109149 0.055230 
0.012226 0.117094 0.375173 0.122012 0.112849 0.010480 0.069667 0.030952 0.097823 0.051722 
0.018395 0.124873 0.296898 0.160699 0.100167 0.010925 0.067374 0.046892 0.099381 0.074396 
0.000978 0.092673 0.327407 0.161153 0.091722 0.017635 0.085908 0.049333 0.123698 0.049493 
0.005316 0.094528 0.390777 0.107033 0.081045 0.027191 0.112933 0.040678 0.110671 0.029828 
0.014089 0.133534 0.332259 0.114898 0.072948 0.047709 0.086507 0.030668 0.112809 0.054580 
0.005165 0.092693 0.285303 0.189972 0.104902 0.044491 0.094014 0.024680 0.099356 0.059424 
0.001614 0.106309 0.364129 0.195448 0.059852 0.029526 0.061048 0.025244 0.110399 0.046430 
0.005756 0.092998 0.339271 0.141168 0.028676 0.024949 0.137080 0.039356 0.130007 0.060739 
0.008997 0.129372 0.277189 0.167651 0.049487 0.029350 0.123605 0.028846 0.144704 0.040797 
0.008190 0.095969 0.291802 0.176866 0.091591 0.050751 0.099149 0.019777 0.124455 0.041450 
0.015676 0.121161 0.277408 0.165262 0.040076 0.035208 0.125096 0.015469 0.159779 0.044866 
0.008500 0.120472 0.304708 0.091362 0.044460 0.062921 0.176190 0.019613 0.134874 0.036902 
0.002051 0.100585 0.267204 0.120198 0.067057 0.042414 0.209472 0.044071 0.109591 0.037358 
0.004361 0.109702 0.245557 0.112419 0.069868 0.025407 0.178306 0.050896 0.184679 0.018805 
0.005968 0.085383 0.207525 0.159435 0.119322 0.048170 0.113477 0.045822 0.163892 0.051006 
0.003281 0.069541 0.173402 0.153484 0.127870 0.029093 0.090839 0.050952 0.237526 0.064013 
0.002183 0.076008 0.163828 0.137510 0.113135 0.054194 0.158137 0.034528 0.210628 0.049849 
0.015434 0.112120 0.170608 0.123880 0.112793 0.041030 0.163536 0.055574 0.129892 0.075132 
0.014043 0.103968 0.151605 0.119695 0.116207 0.026604 0.125478 0.043572 0.192677 0.106151 
0.007207 0.046244 0.057663 0.130702 0.169721 0.053485 0.175978 0.041487 0.200959 0.116553 
0.004586 0.040762 0.038965 0.134242 0.168404 0.047419 0.180392 0.055822 0.225162 0.104246 
0.005075 0.029876 0.059401 0.115468 0.211099 0.029801 0.177286 0.044938 0.218083 0.108971 
0.007545 0.062084 0.108381 0.110673 0.151542 0.106768 0.236009 0.043080 0.130520 0.043398 
0.006047 0.120279 0.325112 0.156023 0.065999 0.039342 0.121370 0.038290 0.104701 0.022838 
0.015195 0.143617 0.374117 0.125724 0.063798 0.034934 0.090700 0.033984 0.090456 0.027475 
0.015803 0.142435 0.354811 0.082402 0.072919 0.046813 0.097019 0.028194 0.134563 0.025042 
0.009563 0.128367 0.342291 0.103243 0.070588 0.059116 0.122642 0.026083 0.114337 0.023771 
0.002259 0.136536 0.351216 0.156734 0.069200 0.046429 0.075946 0.037226 0.092358 0.032095 
0.000751 0.230353 0.244833 0.143819 0.088385 0.056586 0.089426 0.043244 0.049220 0.053384 
0.012768 0.144400 0.143371 0.250524 0.085552 0.050799 0.124114 0.033692 0.101773 0.053008 
0.004669 0.052664 0.097560 0.188468 0.129381 0.124831 0.059311 0.066099 0.133961 0.143056 
0.010423 0.166564 0.157976 0.092080 0.150609 0.086244 0.027720 0.138236 0.063536 0.106612 
0.008195 0.133773 0.141177 0.085853 0.162826 0.079582 0.032148 0.156240 0.107390 0.092817 
0.000500 0.138936 0.127792 0.081291 0.157359 0.085161 0.025702 0.160528 0.133229 0.089501 
0.011822 0.168224 0.132243 0.052121 0.157863 0.075602 0.021921 0.158655 0.108654 0.112893 
0.000221 0.129246 0.156994 0.055293 0.130261 0.085700 0.050299 0.171714 0.105108 0.115164 
0.005934 0.139124 0.206345 0.049457 0.131667 0.070603 0.034274 0.150787 0.091900 0.119909 
0.002353 0.152703 0.252298 0.068362 0.121994 0.051020 0.022038 0.161257 0.052650 0.115326 
0.003613 0.156471 0.257825 0.055975 0.105602 0.070304 0.030903 0.128846 0.062973 0.127489 
0.000666 0.131448 0.177911 0.131914 0.095378 0.092437 0.131969 0.056510 0.107324 0.074442 
0.003743 0.139069 0.170295 0.121016 0.055901 0.099888 0.177453 0.047086 0.115599 0.069950 
0.016782 0.198797 0.189154 0.121498 0.025035 0.059099 0.161657 0.034804 0.127019 0.066157 
0.005616 0.162109 0.177020 0.127212 0.080190 0.033754 0.132733 0.034508 0.140665 0.106192 
0.010168 0.181473 0.167463 0.137021 0.079529 0.042153 0.124937 0.021719 0.149345 0.086192 
0.007243 0.189788 0.201155 0.126866 0.057310 0.042756 0.103796 0.029713 0.173441 0.067931 
0.003661 0.183019 0.251007 0.126776 0.058880 0.019178 0.101496 0.049281 0.153458 0.053244 
0.005084 0.164287 0.206740 0.110831 0.098219 0.038356 0.096357 0.042729 0.147606 0.089790 
0.007614 0.150635 0.159933 0.106166 0.166478 0.067329 0.071634 0.070084 0.124546 0.075582 
0.004045 0.121670 0.120091 0.084105 0.150275 0.045624 0.071747 0.151193 0.103117 0.148132 
0.007072 0.104743 0.131165 0.071795 0.132941 0.047510 0.077133 0.153949 0.102378 0.171314 
0.002289 0.039974 0.131037 0.055471 0.143355 0.073722 0.075689 0.115841 0.148619 0.214003 
0.003396 0.032025 0.090683 0.042371 0.197194 0.117944 0.097447 0.122705 0.159803 0.136434 
0.006398 0.050869 0.117589 0.056416 0.181697 0.109328 0.085635 0.055650 0.177431 0.158987 
0.000797 0.039971 0.084862 0.054589 0.231482 0.143127 0.088249 0.055758 0.156045 0.145119 
0.005342 0.050850 0.071229 0.056391 0.250368 0.118923 0.077976 0.103999 0.143301 0.121620 
0.012031 0.230505 0.234384 0.116798 0.115834 0.046697 0.027546 0.085809 0.069967 0.060429 
0.000586 0.195952 0.090960 0.106027 0.107193 0.061860 0.168929 0.102903 0.139577 0.026012 
0.003986 0.220706 0.085406 0.109229 0.082447 0.060284 0.164233 0.077099 0.157993 0.038617 
0.017600 0.218865 0.118476 0.127446 0.075166 0.045919 0.149543 0.048746 0.123940 0.074299 
0.002395 0.102456 0.129080 0.136395 0.106574 0.042688 0.181339 0.060931 0.171929 0.066213 
0.001487 0.102630 0.099046 0.137080 0.108999 0.043899 0.187035 0.075868 0.184208 0.059748 
0.003785 0.089713 0.077892 0.134917 0.120376 0.061875 0.186221 0.057349 0.194882 0.072991 
0.015857 0.101522 0.064675 0.133191 0.055186 0.083179 0.198558 0.053721 0.214791 0.079320 
0.013450 0.111244 0.084533 0.148082 0.063792 0.055219 0.213669 0.065521 0.207691 0.036798 
0.007236 0.173925 0.221481 0.112067 0.094599 0.090209 0.073376 0.057965 0.105130 0.064013 
0.004415 0.198892 0.171417 0.099590 0.098589 0.097574 0.087783 0.069711 0.123063 0.048965 
0.013162 0.168950 0.207967 0.093563 0.090689 0.129691 0.096279 0.050011 0.109666 0.040022 
0.004766 0.180527 0.197886 0.088175 0.095443 0.113542 0.104371 0.033651 0.123794 0.057844 
