Drunk-In-Love,Beyonce
0.000000 0.000000 0.000000 0.000000 0.000000 0.000000 0.000000 0.000000 0.000000 0.000000 
0.000000 0.000000 0.000000 0.000000 0.000000 0.000000 0.000000 0.000000 0.000000 0.000000 
0.000000 0.000000 0.000000 0.000000 0.000000 0.000000 0.000000 0.000000 0.000000 0.000000 
0.000000 0.000000 0.000000 0.000000 0.000000 0.000000 0.000000 0.000000 0.000000 0.000000 
0.155454 0.193690 0.064111 0.041557 0.087854 0.064307 0.084938 0.128029 0.099542 0.080517 
0.002813 0.052419 0.129754 0.154532 0.060560 0.110787 0.128907 0.138101 0.133036 0.089090 
0.003192 0.065722 0.174219 0.146536 0.203997 0.119678 0.080283 0.063318 0.094526 0.048528 
0.001091 0.080518 0.230827 0.152506 0.128946 0.057700 0.101219 0.097986 0.065637 0.083569 
0.007443 0.053387 0.160211 0.113067 0.145816 0.135007 0.120678 0.094804 0.097923 0.071665 
0.003674 0.056091 0.131317 0.121197 0.089920 0.140514 0.139060 0.077244 0.130145 0.110838 
0.001720 0.024475 0.148438 0.127357 0.170444 0.102655 0.114227 0.120265 0.087835 0.102585 
0.006075 0.035694 0.156361 0.139702 0.142175 0.116650 0.133458 0.113138 0.096654 0.060092 
0.002544 0.043932 0.166201 0.119185 0.128936 0.156801 0.116904 0.110597 0.067854 0.087045 
0.003750 0.042210 0.124132 0.131581 0.131361 0.121422 0.107553 0.132099 0.112687 0.093204 
0.010825 0.080367 0.165115 0.118753 0.113699 0.097115 0.095583 0.153237 0.106630 0.058675 
0.011619 0.054434 0.134954 0.138406 0.135963 0.119338 0.131629 0.127842 0.095224 0.050590 
0.000333 0.021947 0.127852 0.149133 0.139917 0.069940 0.139369 0.149039 0.128151 0.074319 
0.002859 0.043896 0.153554 0.090261 0.160818 0.056612 0.135408 0.137081 0.139462 0.080049 
0.003986 0.048140 0.141124 0.183861 0.089012 0.089121 0.149768 0.116586 0.103517 0.074886 
0.002821 0.055456 0.072655 0.136903 0.079859 0.106814 0.137738 0.149382 0.122661 0.135711 
0.000420 0.053663 0.147912 0.128167 0.092444 0.094243 0.149850 0.102637 0.100500 0.130166 
0.005816 0.064864 0.200445 0.094940 0.109358 0.084046 0.108218 0.129784 0.109194 0.093334 
0.002163 0.061159 0.113771 0.144215 0.136430 0.088293 0.141378 0.146167 0.088820 0.077604 
0.004941 0.065135 0.096887 0.130933 0.140341 0.086809 0.157372 0.151543 0.108160 0.057880 
0.009870 0.068866 0.181715 0.132633 0.139498 0.097267 0.108981 0.093880 0.089157 0.078133 
0.010105 0.073327 0.119990 0.105991 0.142684 0.115319 0.109826 0.106601 0.094800 0.121357 
0.004702 0.053892 0.141612 0.128234 0.115314 0.047317 0.123104 0.148295 0.148064 0.089466 
0.008947 0.045134 0.160185 0.199922 0.081422 0.109200 0.108626 0.127935 0.103068 0.055561 
0.002422 0.073123 0.125144 0.169279 0.143268 0.101812 0.069328 0.127099 0.098050 0.090476 
0.002638 0.112502 0.195364 0.115168 0.084322 0.103844 0.117967 0.095851 0.099728 0.072615 
0.001422 0.090937 0.193570 0.068954 0.141232 0.082453 0.111091 0.088443 0.118360 0.103538 
0.003108 0.093230 0.170876 0.145559 0.097206 0.082644 0.131593 0.107518 0.085354 0.082914 
0.008097 0.087799 0.208181 0.084660 0.089431 0.091227 0.138628 0.151070 0.067359 0.073548 
0.009192 0.076979 0.164897 0.136527 0.115415 0.085855 0.107210 0.130426 0.056047 0.117452 
0.006875 0.089227 0.169937 0.146723 0.104821 0.086049 0.137862 0.096628 0.084600 0.077278 
0.003410 0.082239 0.134706 0.099420 0.109808 0.081555 0.115470 0.115791 0.120229 0.137372 
0.012538 0.088895 0.150373 0.151483 0.113259 0.089463 0.102468 0.109201 0.100497 0.081824 
0.012534 0.068081 0.120259 0.179711 0.143160 0.137931 0.076685 0.086543 0.093396 0.081701 
0.000200 0.045419 0.205244 0.148745 0.087641 0.095890 0.118467 0.158555 0.068186 0.071653 
0.009048 0.067976 0.123482 0.158801 0.138956 0.081535 0.134757 0.104110 0.096137 0.085198 
0.014173 0.083871 0.091942 0.221469 0.121581 0.097571 0.085770 0.100095 0.104797 0.078731 
0.011978 0.097890 0.135324 0.122963 0.089985 0.100575 0.095922 0.149742 0.122963 0.072657 
0.004730 0.078374 0.169840 0.165471 0.048321 0.098205 0.096790 0.162452 0.092876 0.082941 
0.002891 0.074018 0.233837 0.120654 0.069652 0.115436 0.115087 0.096221 0.117922 0.054282 
0.008973 0.132026 0.151908 0.093002 0.122469 0.081910 0.116310 0.136682 0.119230 0.037492 
0.000238 0.047723 0.160920 0.158396 0.098300 0.077825 0.114339 0.118118 0.149763 0.074378 
0.005630 0.106575 0.086785 0.143721 0.126840 0.098151 0.126754 0.116521 0.083023 0.106001 
0.001854 0.075672 0.179654 0.196104 0.126187 0.048400 0.104351 0.090262 0.091835 0.085681 
0.007273 0.045740 0.118612 0.219615 0.109758 0.062289 0.138313 0.108880 0.084232 0.105288 
0.002654 0.050463 0.172033 0.182717 0.087655 0.096176 0.062855 0.150342 0.113864 0.081241 
0.010513 0.040306 0.204411 0.128624 0.111480 0.126893 0.118406 0.074659 0.086138 0.098570 
0.000574 0.069952 0.146187 0.169096 0.104334 0.087432 0.122653 0.104342 0.124225 0.071205 
0.013143 0.106091 0.101555 0.094518 0.107596 0.065071 0.142475 0.134323 0.127193 0.108036 
0.008683 0.062713 0.117811 0.167112 0.110528 0.087441 0.149542 0.134613 0.066702 0.094854 
0.002298 0.064467 0.070576 0.124582 0.157699 0.084207 0.149045 0.133676 0.127069 0.086381 
0.002705 0.033466 0.160626 0.124363 0.131557 0.093613 0.104982 0.152093 0.102689 0.093907 
0.004053 0.037617 0.101831 0.158257 0.089343 0.092118 0.118576 0.183234 0.160531 0.054440 
0.007088 0.071128 0.117942 0.143768 0.112366 0.058642 0.129546 0.126967 0.138694 0.093859 
0.005381 0.059312 0.102691 0.135146 0.144211 0.082174 0.162781 0.095621 0.136651 0.076032 
0.003692 0.052702 0.181131 0.150386 0.086486 0.092674 0.122683 0.107215 0.102635 0.100396 
0.004038 0.064700 0.104121 0.123962 0.125286 0.084917 0.184528 0.096591 0.100205 0.111652 
0.001107 0.063670 0.078843 0.162468 0.095982 0.113756 0.136516 0.115623 0.144214 0.087822 
0.001312 0.069597 0.133094 0.141074 0.090988 0.082680 0.164587 0.071750 0.151352 0.093565 
0.000689 0.029104 0.124695 0.138148 0.074772 0.107033 0.136589 0.153918 0.144958 0.090092 
0.002941 0.052254 0.132485 0.099915 0.136466 0.093398 0.124008 0.133836 0.083467 0.141229 
0.001863 0.052864 0.162139 0.133372 0.104418 0.102555 0.134260 0.112058 0.092643 0.103828 
0.001832 0.055845 0.110648 0.121318 0.119399 0.051055 0.190060 0.150497 0.104035 0.095311 
0.011609 0.082287 0.132590 0.129680 0.120388 0.079067 0.139478 0.090685 0.102006 0.112211 
0.010136 0.081702 0.134453 0.119215 0.146579 0.081420 0.122258 0.129612 0.101819 0.072805 
0.003388 0.106147 0.146671 0.164274 0.099136 0.117195 0.104239 0.086726 0.107649 0.064576 
0.006360 0.076975 0.089549 0.147054 0.104278 0.090823 0.175886 0.126231 0.107202 0.075642 
0.003164 0.058665 0.131406 0.151683 0.126717 0.120552 0.117315 0.114811 0.091520 0.084168 
0.001529 0.038902 0.210513 0.147154 0.157744 0.111137 0.114894 0.103861 0.075379 0.038888 
0.001429 0.067204 0.129837 0.187833 0.126030 0.119549 0.089256 0.125203 0.086664 0.066995 
0.005586 0.069381 0.135630 0.207891 0.131311 0.081846 0.081170 0.154964 0.077631 0.054588 
0.006707 0.071432 0.127149 0.095520 0.118269 0.116091 0.101147 0.144823 0.104210 0.114652 
0.000010 0.044332 0.090525 0.178206 0.172067 0.089131 0.119751 0.092983 0.114638 0.098358 
0.000429 0.105492 0.117340 0.181354 0.131686 0.056943 0.133001 0.082638 0.129904 0.061212 
0.000635 0.047526 0.105589 0.129148 0.158753 0.111538 0.101306 0.133729 0.118689 0.093087 
0.003024 0.072003 0.132976 0.188328 0.135852 0.062138 0.092776 0.118703 0.124106 0.070094 
0.001515 0.039329 0.088633 0.206170 0.150276 0.100648 0.139558 0.090744 0.085837 0.097290 
0.001214 0.010955 0.126734 0.180763 0.146624 0.070421 0.172524 0.110639 0.122795 0.057331 
0.006902 0.076398 0.097397 0.194563 0.116453 0.123327 0.138062 0.095280 0.094579 0.057039 
0.006571 0.058008 0.158640 0.208497 0.068425 0.117588 0.124980 0.117598 0.066777 0.072916 
0.001626 0.045065 0.086137 0.153043 0.149068 0.134641 0.134113 0.116819 0.100859 0.078628 
0.000639 0.029787 0.119307 0.183885 0.186839 0.107031 0.118560 0.112739 0.089027 0.052185 
0.004394 0.044727 0.131974 0.152511 0.153325 0.134060 0.080598 0.120482 0.124422 0.053506 
0.006241 0.036319 0.132057 0.126173 0.143785 0.096861 0.108327 0.127432 0.091066 0.131739 
0.000660 0.060197 0.105564 0.166324 0.131318 0.091383 0.135909 0.119963 0.129140 0.059541 
0.002590 0.057818 0.119171 0.103382 0.156272 0.094037 0.146093 0.110546 0.100073 0.110020 
0.001127 0.032640 0.119910 0.187292 0.102191 0.084139 0.106478 0.121166 0.117641 0.127417 
0.003245 0.111175 0.141350 0.081908 0.120787 0.067799 0.120593 0.109522 0.130133 0.113486 
0.002229 0.121642 0.193764 0.077226 0.132881 0.066627 0.100069 0.108117 0.132910 0.064535 
0.007885 0.126650 0.136060 0.085439 0.116722 0.114742 0.157898 0.064275 0.095650 0.094679 
0.004409 0.080930 0.225562 0.120790 0.079610 0.090436 0.130352 0.119708 0.092722 0.055481 
0.005413 0.066404 0.168512 0.150822 0.072673 0.125162 0.142396 0.089884 0.085570 0.093165 
0.000573 0.072289 0.166929 0.115269 0.099495 0.079026 0.123687 0.119722 0.117607 0.105402 
0.000025 0.038899 0.175645 0.101997 0.129309 0.104154 0.117468 0.116189 0.115282 0.101033 
0.003923 0.066135 0.143043 0.123994 0.179995 0.106130 0.106391 0.078837 0.114074 0.077479 
0.002674 0.084528 0.150639 0.144914 0.121762 0.070765 0.116299 0.115428 0.098438 0.094555 
0.007749 0.061402 0.154603 0.133932 0.124544 0.105305 0.116480 0.131985 0.095266 0.068732 
0.007636 0.090746 0.150364 0.126640 0.116792 0.058599 0.140557 0.110545 0.094270 0.103850 
0.011454 0.119073 0.142891 0.118670 0.088826 0.100375 0.119009 0.149815 0.091709 0.058178 
0.007910 0.102465 0.185801 0.159781 0.081127 0.067081 0.111838 0.094036 0.085276 0.104685 
0.001645 0.068836 0.175594 0.164912 0.153641 0.108637 0.071878 0.082944 0.091872 0.080040 
0.001086 0.068893 0.284487 0.137763 0.095367 0.092688 0.095892 0.075278 0.092421 0.056125 
0.003027 0.026179 0.218365 0.122436 0.113009 0.080156 0.120915 0.090968 0.125066 0.099880 
0.002645 0.053817 0.164289 0.150474 0.117304 0.109473 0.094911 0.081620 0.117649 0.107819 
0.000781 0.029349 0.180978 0.156395 0.122625 0.075489 0.102314 0.119272 0.098420 0.114378 
0.000767 0.066199 0.124796 0.151925 0.129096 0.058114 0.108667 0.149020 0.108515 0.102900 
0.000317 0.040551 0.168421 0.173043 0.170238 0.098990 0.097247 0.099454 0.083165 0.068574 
0.009355 0.082450 0.170568 0.140596 0.152762 0.058667 0.088581 0.120883 0.110043 0.066095 
0.017605 0.062599 0.186907 0.150812 0.099973 0.110691 0.095790 0.080616 0.119624 0.075383 
0.002360 0.093766 0.153697 0.180459 0.151023 0.066388 0.109056 0.094951 0.082190 0.066110 
0.003000 0.123664 0.160790 0.172714 0.071547 0.086703 0.125010 0.094045 0.121180 0.041346 
0.002179 0.050316 0.095114 0.166212 0.120303 0.083328 0.105099 0.097762 0.156499 0.123189 
0.004928 0.066692 0.108272 0.137700 0.108737 0.086319 0.154533 0.106170 0.123035 0.103616 
0.004160 0.048113 0.113453 0.151314 0.107422 0.088422 0.101251 0.139159 0.142987 0.103719 
0.001354 0.035124 0.158779 0.211680 0.142568 0.095314 0.099621 0.054833 0.098465 0.102261 
0.009901 0.083661 0.207396 0.147266 0.109043 0.092455 0.053195 0.081083 0.137257 0.078744 
0.004459 0.100298 0.201579 0.115930 0.085336 0.062802 0.094590 0.093799 0.108174 0.133033 
0.009029 0.061419 0.158990 0.157180 0.112878 0.098522 0.129400 0.094339 0.101122 0.077120 
0.004501 0.058877 0.113687 0.106730 0.078957 0.118550 0.175085 0.159145 0.130216 0.054251 
0.006935 0.042393 0.114030 0.189829 0.124410 0.068616 0.110801 0.171098 0.087494 0.084394 
0.006038 0.075153 0.136139 0.140770 0.094453 0.052795 0.125206 0.161005 0.129017 0.079424 
0.009511 0.086242 0.109886 0.169674 0.126769 0.066148 0.124731 0.120196 0.113812 0.073031 
0.011154 0.059109 0.106713 0.146573 0.147087 0.082906 0.110167 0.063643 0.109682 0.162966 
0.008868 0.091698 0.136780 0.152755 0.113704 0.090294 0.102014 0.129975 0.123092 0.050819 
0.006718 0.050382 0.139722 0.135110 0.121317 0.070436 0.142276 0.161368 0.130620 0.042050 
0.006113 0.075871 0.118677 0.137513 0.080188 0.111644 0.095947 0.104813 0.165991 0.103243 
0.008739 0.102094 0.125341 0.234919 0.094555 0.061310 0.128447 0.101075 0.076403 0.067117 
0.005803 0.042210 0.094683 0.166870 0.119991 0.095681 0.125673 0.099099 0.155922 0.094067 
0.002494 0.036523 0.104270 0.163873 0.167694 0.106880 0.127887 0.126045 0.102394 0.061940 
0.003441 0.033705 0.084206 0.140031 0.074639 0.089607 0.210171 0.177724 0.110294 0.076183 
0.000940 0.058406 0.122241 0.110714 0.179780 0.059075 0.102242 0.166415 0.131792 0.068395 
0.008071 0.108226 0.096451 0.100866 0.088291 0.158251 0.102915 0.104978 0.159146 0.072804 
0.001874 0.053039 0.072391 0.135226 0.147779 0.064971 0.123939 0.177391 0.120779 0.102611 
0.003110 0.032696 0.094405 0.113079 0.148540 0.050320 0.162969 0.148689 0.122673 0.123519 
0.004505 0.079686 0.095798 0.110355 0.092729 0.185468 0.134822 0.116459 0.101864 0.078313 
0.004374 0.048083 0.124796 0.155391 0.136733 0.158215 0.079188 0.132642 0.103490 0.057087 
0.001053 0.023283 0.121435 0.159504 0.137255 0.130911 0.117528 0.093097 0.129840 0.086094 
0.001051 0.035026 0.116079 0.126510 0.160581 0.097515 0.175443 0.152676 0.071343 0.063776 
0.001524 0.026937 0.147620 0.120206 0.144761 0.097641 0.179398 0.100798 0.112525 0.068591 
0.002284 0.044302 0.158576 0.118272 0.125006 0.103677 0.129349 0.116366 0.149033 0.053135 
0.004496 0.058850 0.121097 0.132090 0.134347 0.127076 0.107863 0.161419 0.105961 0.046799 
0.003104 0.048817 0.105181 0.140393 0.138229 0.081761 0.124447 0.177491 0.099035 0.081543 
0.008063 0.064402 0.145969 0.172545 0.166977 0.134252 0.105234 0.088950 0.070453 0.043155 
0.004426 0.076521 0.123341 0.192027 0.104637 0.079172 0.067189 0.138920 0.112597 0.101170 
0.002346 0.043760 0.178580 0.132198 0.178243 0.103576 0.103410 0.125889 0.084402 0.047596 
0.001107 0.048212 0.155539 0.135744 0.201712 0.099408 0.107720 0.077267 0.092656 0.080635 
0.004284 0.049678 0.129310 0.178917 0.148952 0.102595 0.138999 0.104765 0.092796 0.049703 
0.001636 0.093405 0.149687 0.183977 0.084078 0.088448 0.104787 0.107682 0.110717 0.075582 
0.006810 0.046659 0.104484 0.172341 0.158855 0.100139 0.113276 0.116190 0.106146 0.075101 
0.004492 0.076404 0.091672 0.172378 0.127917 0.134169 0.074157 0.126818 0.104161 0.087833 
0.003849 0.038491 0.160216 0.125979 0.148002 0.096924 0.082742 0.179957 0.108689 0.055150 
0.001481 0.056336 0.151488 0.093894 0.109954 0.099374 0.180975 0.095732 0.133143 0.077622 
0.000101 0.032639 0.150928 0.125376 0.180176 0.133209 0.102082 0.110853 0.112510 0.052126 
0.001554 0.048907 0.102750 0.146926 0.112965 0.081168 0.090855 0.178247 0.139424 0.097205 
0.006029 0.054829 0.172591 0.149071 0.104126 0.093796 0.131963 0.136923 0.090166 0.060506 
0.004556 0.067358 0.150948 0.153308 0.125824 0.045417 0.139912 0.072802 0.123582 0.116294 
0.001505 0.087667 0.233543 0.101077 0.113727 0.088947 0.084688 0.119334 0.120272 0.049240 
0.002800 0.075991 0.148516 0.081318 0.105159 0.097791 0.131159 0.144390 0.119081 0.093795 
0.002097 0.059767 0.120622 0.109880 0.128322 0.061429 0.111229 0.167511 0.156819 0.082323 
0.002260 0.048583 0.151830 0.139247 0.109424 0.074329 0.127962 0.133616 0.141036 0.071715 
0.001620 0.051748 0.066764 0.157055 0.115717 0.090933 0.137463 0.163990 0.141760 0.072950 
0.000676 0.036001 0.116317 0.089874 0.108208 0.101319 0.122369 0.105072 0.231428 0.088736 
0.000679 0.035975 0.180182 0.138172 0.098189 0.069441 0.098212 0.152860 0.116143 0.110146 
0.009200 0.073113 0.130030 0.069421 0.071184 0.131746 0.158318 0.143799 0.112450 0.100739 
0.007736 0.069660 0.107293 0.055249 0.119845 0.157541 0.129401 0.124045 0.125538 0.103691 
0.000006 0.076320 0.120262 0.105974 0.108314 0.123121 0.070622 0.145804 0.138309 0.111269 
0.005670 0.045614 0.071034 0.136607 0.174514 0.080483 0.108353 0.149123 0.114309 0.114295 
0.006340 0.086585 0.155967 0.105177 0.094787 0.084240 0.120267 0.109034 0.138889 0.098713 
0.003119 0.074570 0.114273 0.126710 0.142110 0.113276 0.155010 0.079698 0.122282 0.068952 
0.007209 0.073572 0.125646 0.131059 0.147279 0.092576 0.111385 0.092865 0.126790 0.091620 
0.005077 0.047059 0.125439 0.120506 0.131072 0.060446 0.130402 0.143502 0.143691 0.092806 
0.004499 0.028780 0.163515 0.185863 0.116577 0.096645 0.163798 0.085550 0.104738 0.050033 
0.005938 0.063526 0.126073 0.169098 0.137780 0.088350 0.089830 0.132868 0.091774 0.094761 
0.000740 0.041653 0.122185 0.153714 0.154643 0.118794 0.128646 0.122620 0.085240 0.071765 
0.004463 0.031364 0.109575 0.110288 0.099175 0.106720 0.151693 0.126413 0.152775 0.107535 
0.000417 0.050865 0.142903 0.134888 0.130881 0.117464 0.193641 0.110282 0.070149 0.048510 
0.004603 0.035450 0.126834 0.119553 0.167191 0.106348 0.149054 0.120266 0.129224 0.041476 
0.001727 0.051045 0.140686 0.143737 0.141235 0.085569 0.118789 0.146422 0.088897 0.081895 
0.002234 0.048952 0.124979 0.073418 0.124100 0.112207 0.158549 0.132531 0.161433 0.061597 
0.004397 0.062148 0.140602 0.100634 0.152627 0.096159 0.140870 0.101863 0.132421 0.068278 
0.001788 0.036481 0.202559 0.082328 0.107260 0.102188 0.124356 0.141750 0.119787 0.081504 
0.000089 0.042130 0.165133 0.126479 0.144931 0.074360 0.078647 0.149365 0.147331 0.071536 
0.001598 0.034924 0.138473 0.147878 0.084213 0.111857 0.118459 0.162414 0.137799 0.062384 
0.001771 0.025920 0.099404 0.158790 0.143334 0.087231 0.141569 0.154755 0.062156 0.125070 
0.000629 0.048023 0.136864 0.108920 0.115921 0.061002 0.151109 0.146032 0.130263 0.101237 
0.007333 0.047271 0.126053 0.172209 0.100464 0.127288 0.116968 0.129188 0.098355 0.074873 
0.006761 0.030695 0.088821 0.149895 0.126607 0.138785 0.115971 0.093920 0.169594 0.078950 
0.001369 0.055031 0.103428 0.139310 0.098169 0.082528 0.116637 0.170300 0.121670 0.111559 
0.004546 0.055287 0.142340 0.160320 0.082902 0.070782 0.141067 0.107138 0.080760 0.154857 
0.000610 0.074036 0.112059 0.154071 0.088151 0.125589 0.065286 0.163052 0.096151 0.120993 
0.000719 0.019359 0.115240 0.133104 0.143715 0.100823 0.120812 0.178160 0.091547 0.096521 
0.000911 0.084990 0.153439 0.163706 0.116780 0.067894 0.086655 0.158386 0.079191 0.088050 
0.001114 0.033496 0.247408 0.120110 0.070023 0.112833 0.044809 0.103117 0.148165 0.118925 
0.001985 0.043340 0.115726 0.138050 0.135658 0.075773 0.167742 0.111791 0.123544 0.086390 
0.002656 0.023781 0.114795 0.169943 0.112370 0.122214 0.147393 0.116838 0.115255 0.074754 
0.004935 0.045408 0.191825 0.154434 0.106414 0.118164 0.086455 0.107379 0.114570 0.070416 
0.009078 0.060782 0.170246 0.166756 0.068009 0.076738 0.144813 0.115471 0.111431 0.076677 
0.000916 0.102982 0.170676 0.139540 0.138158 0.117508 0.084777 0.084414 0.082007 0.079023 
0.002300 0.062361 0.136566 0.152391 0.134512 0.111489 0.054165 0.130729 0.111277 0.104210 
0.012884 0.105700 0.161574 0.159057 0.110895 0.077606 0.090059 0.091981 0.111978 0.078265 
0.001002 0.077913 0.166924 0.213287 0.133308 0.100317 0.074087 0.081665 0.091395 0.060101 
0.000802 0.074764 0.232173 0.186502 0.081673 0.074292 0.102588 0.086283 0.086894 0.074030 
0.005732 0.090162 0.237156 0.093954 0.079544 0.071950 0.115036 0.108996 0.137033 0.060438 
0.005179 0.088955 0.142637 0.168877 0.122239 0.109370 0.090329 0.096780 0.096083 0.079550 
0.009508 0.094175 0.188059 0.145695 0.102931 0.039010 0.141531 0.098782 0.103399 0.076910 
0.000028 0.046707 0.225410 0.099846 0.076091 0.085282 0.117237 0.080390 0.138517 0.130492 
0.002007 0.062777 0.224060 0.198895 0.081147 0.112642 0.067257 0.092041 0.101265 0.057908 
0.000486 0.104435 0.228736 0.184953 0.115392 0.100481 0.055727 0.053286 0.086707 0.069797 
0.002595 0.163181 0.206997 0.143226 0.075032 0.127928 0.096008 0.066058 0.053594 0.065380 
0.026884 0.134826 0.157491 0.144648 0.108217 0.079829 0.115793 0.085933 0.078869 0.067510 
0.025661 0.104122 0.268818 0.150711 0.051263 0.078850 0.114293 0.103883 0.053916 0.048484 
0.015803 0.101141 0.205961 0.152707 0.089691 0.090933 0.063897 0.118036 0.098516 0.063315 
0.005087 0.105163 0.185800 0.172447 0.114700 0.065593 0.073001 0.112697 0.109466 0.056046 
0.021897 0.126956 0.212508 0.203820 0.061933 0.090365 0.077883 0.081032 0.091154 0.032451 
0.006071 0.078781 0.158275 0.215885 0.083516 0.078084 0.123042 0.098383 0.072558 0.085405 
0.003664 0.056328 0.152161 0.272449 0.104023 0.091019 0.076850 0.084961 0.082424 0.076121 
0.001511 0.051894 0.188606 0.244655 0.060272 0.113345 0.081386 0.118004 0.093636 0.046692 
0.004094 0.084646 0.182109 0.150740 0.112782 0.091930 0.097535 0.133532 0.101180 0.041452 
0.000941 0.056621 0.224872 0.166636 0.080572 0.110725 0.106842 0.107488 0.104912 0.040391 
0.002877 0.080741 0.149542 0.241660 0.123328 0.062406 0.064921 0.098744 0.104043 0.071738 
0.001927 0.062434 0.216093 0.182289 0.113115 0.079492 0.104257 0.083326 0.088116 0.068951 
0.001970 0.073402 0.251966 0.209818 0.098786 0.049821 0.078577 0.093826 0.072693 0.069141 
0.000767 0.081663 0.144108 0.182003 0.060541 0.100025 0.144883 0.079164 0.111166 0.095679 
0.001301 0.070706 0.154671 0.188699 0.110238 0.074991 0.084901 0.089708 0.116612 0.108172 
0.004577 0.052499 0.178833 0.125665 0.145507 0.075534 0.099989 0.077729 0.129546 0.110120 
0.000436 0.046501 0.092426 0.159201 0.168175 0.100026 0.146201 0.122216 0.093088 0.071730 
0.002036 0.088983 0.137412 0.183007 0.095686 0.113379 0.092418 0.099661 0.100356 0.087061 
0.004320 0.049054 0.128108 0.102364 0.112338 0.108427 0.128094 0.113523 0.128335 0.125437 
0.005979 0.072614 0.180924 0.087228 0.094557 0.089501 0.145160 0.088518 0.136869 0.098650 
0.009271 0.038997 0.134704 0.127335 0.086078 0.122624 0.095732 0.138707 0.147631 0.098920 
0.006824 0.069660 0.180689 0.112141 0.082178 0.119571 0.091332 0.138546 0.108180 0.090881 
0.001198 0.059505 0.170455 0.192054 0.076029 0.119399 0.102576 0.162568 0.069453 0.046764 
0.001329 0.048034 0.246375 0.134967 0.113144 0.093471 0.104092 0.098329 0.084756 0.075502 
0.001026 0.050019 0.135904 0.117155 0.148256 0.074675 0.158091 0.092615 0.143137 0.079121 
0.004324 0.058851 0.192186 0.084581 0.149657 0.085367 0.118221 0.122979 0.110109 0.073725 
0.001617 0.054054 0.142231 0.135961 0.082985 0.094635 0.146974 0.077521 0.135181 0.128842 
0.006461 0.112049 0.157247 0.188216 0.104446 0.046840 0.088940 0.111589 0.083434 0.100778 
0.010230 0.049924 0.197592 0.129054 0.104549 0.062318 0.094744 0.114207 0.141082 0.096301 
0.002112 0.098420 0.082534 0.127365 0.095448 0.087432 0.112851 0.174435 0.121959 0.097446 
0.000765 0.031768 0.093630 0.098212 0.108404 0.145800 0.189498 0.144885 0.066087 0.120952 
0.003491 0.027877 0.159947 0.090048 0.104967 0.071584 0.174500 0.162057 0.103515 0.102014 
0.000387 0.034702 0.127809 0.150593 0.088580 0.097252 0.143030 0.163593 0.070689 0.123365 
0.000590 0.054480 0.099280 0.136481 0.121413 0.120216 0.086014 0.177475 0.110529 0.093521 
0.000502 0.050684 0.091478 0.145332 0.072376 0.108186 0.150653 0.127430 0.149832 0.103527 
0.002596 0.068502 0.121543 0.112400 0.136016 0.151797 0.065533 0.124139 0.129523 0.087952 
0.001986 0.026957 0.139455 0.099399 0.137722 0.160628 0.138389 0.095463 0.129104 0.070898 
0.001483 0.053083 0.125270 0.093699 0.173371 0.075179 0.121763 0.126137 0.128076 0.101938 
0.000630 0.100883 0.102229 0.112197 0.105166 0.101064 0.096200 0.119259 0.143283 0.119090 
0.003352 0.050863 0.149551 0.102555 0.129053 0.068421 0.083259 0.137820 0.170015 0.105110 
0.002881 0.048631 0.094605 0.122206 0.069565 0.086191 0.218577 0.101922 0.178211 0.077212 
0.000606 0.029899 0.138813 0.120790 0.120226 0.097657 0.120801 0.127578 0.109520 0.134109 
0.002758 0.042145 0.102936 0.121104 0.112930 0.058809 0.206908 0.081374 0.153333 0.117703 
0.007869 0.035672 0.100281 0.108649 0.117715 0.096533 0.166612 0.102346 0.162647 0.101676 
0.001807 0.023900 0.103586 0.107127 0.079845 0.095950 0.196795 0.101175 0.189239 0.100577 
0.003001 0.025386 0.093358 0.080395 0.084208 0.051360 0.267546 0.092618 0.167064 0.135064 
0.000480 0.028555 0.049559 0.101125 0.107266 0.078483 0.270160 0.101941 0.133389 0.129042 
0.002085 0.014284 0.044321 0.093177 0.138939 0.043567 0.306047 0.116652 0.143380 0.097547 
0.003289 0.081513 0.090272 0.046013 0.075438 0.048560 0.305959 0.099922 0.104466 0.144568 
0.009276 0.068940 0.110012 0.132593 0.092976 0.061951 0.225545 0.085524 0.137933 0.075250 
0.004200 0.067180 0.148842 0.077782 0.119648 0.079209 0.204915 0.108128 0.076546 0.113550 
0.005693 0.053525 0.081849 0.144027 0.103008 0.061241 0.233414 0.087928 0.130483 0.098832 
0.004897 0.048037 0.096559 0.145597 0.116387 0.048910 0.227187 0.138254 0.094826 0.079346 
0.006777 0.037441 0.100074 0.140703 0.162179 0.030226 0.190336 0.155315 0.101876 0.075075 
0.001264 0.044229 0.067866 0.090680 0.158124 0.059702 0.249007 0.142588 0.111489 0.075051 
0.005598 0.036561 0.107929 0.126304 0.155109 0.048770 0.084322 0.228131 0.093315 0.113960 
0.006561 0.079291 0.096198 0.111633 0.137306 0.090320 0.214248 0.057129 0.116440 0.090873 
0.002263 0.050080 0.101399 0.069877 0.139394 0.103457 0.223877 0.116900 0.084817 0.107937 
0.000986 0.047053 0.112225 0.166685 0.132436 0.050567 0.138874 0.163657 0.100787 0.086731 
0.000461 0.020248 0.124736 0.097132 0.124528 0.086385 0.120781 0.172849 0.104049 0.148832 
0.000555 0.044525 0.133333 0.127712 0.108741 0.090455 0.125067 0.153375 0.108507 0.107729 
0.004303 0.020748 0.124262 0.090876 0.143287 0.074149 0.137327 0.150585 0.151314 0.103149 
0.003788 0.057916 0.142567 0.092599 0.110759 0.086977 0.174516 0.158457 0.070187 0.102234 
0.004976 0.039858 0.119227 0.087766 0.139514 0.071269 0.158515 0.140891 0.148146 0.089838 
0.005993 0.055657 0.104757 0.097894 0.130815 0.063669 0.155102 0.123599 0.111244 0.151269 
0.001722 0.053783 0.058052 0.122072 0.117808 0.056993 0.191356 0.200943 0.110886 0.086385 
0.001850 0.060987 0.127330 0.063283 0.110369 0.081062 0.207774 0.171196 0.068043 0.108106 
0.002725 0.044318 0.082704 0.103166 0.105749 0.060352 0.216033 0.157152 0.088982 0.138819 
0.001847 0.044894 0.099842 0.119228 0.169548 0.069263 0.169518 0.121272 0.122477 0.082111 
0.004146 0.027422 0.058237 0.162956 0.153024 0.051402 0.219316 0.105918 0.126534 0.091044 
0.004516 0.032705 0.131760 0.103373 0.148633 0.086619 0.076171 0.175300 0.117967 0.122957 
0.004427 0.032997 0.096085 0.074690 0.168766 0.073959 0.153511 0.165946 0.120368 0.109251 
0.001486 0.044534 0.093542 0.136153 0.166368 0.058480 0.126655 0.141888 0.146560 0.084334 
0.003268 0.024639 0.075758 0.137049 0.147112 0.120269 0.103155 0.187251 0.112924 0.088575 
0.002295 0.062973 0.121029 0.132818 0.168568 0.067780 0.115003 0.134258 0.101497 0.093779 
0.007048 0.043055 0.101009 0.104338 0.111088 0.117887 0.179782 0.175396 0.089701 0.070694 
0.002074 0.044384 0.121603 0.114965 0.145255 0.072241 0.172053 0.154114 0.106963 0.066349 
0.004014 0.040406 0.096812 0.147112 0.117881 0.137485 0.167564 0.109695 0.125318 0.053714 
0.006310 0.054830 0.114949 0.154757 0.127293 0.106597 0.135113 0.086986 0.156519 0.056646 
0.003180 0.026022 0.132161 0.169810 0.134936 0.065983 0.078598 0.139861 0.138525 0.110922 
0.005101 0.071279 0.113781 0.106565 0.106229 0.123167 0.132513 0.188876 0.066195 0.086295 
0.008098 0.071489 0.122953 0.135956 0.071238 0.071619 0.116853 0.118516 0.180014 0.103264 
0.004413 0.084543 0.124823 0.113600 0.133448 0.062241 0.132144 0.155375 0.111804 0.077610 
0.002724 0.045233 0.081257 0.232424 0.134962 0.087541 0.175688 0.076005 0.089032 0.075133 
0.000260 0.047234 0.107800 0.110131 0.113791 0.087753 0.114007 0.186489 0.112034 0.120503 
0.000506 0.113162 0.133867 0.153050 0.085985 0.067502 0.108619 0.129175 0.128167 0.079965 
0.005097 0.040645 0.137093 0.113120 0.176734 0.120247 0.120668 0.120963 0.111554 0.053878 
0.008977 0.075745 0.155711 0.118576 0.111779 0.071875 0.079945 0.150045 0.115254 0.112093 
0.001635 0.048736 0.152913 0.114169 0.115383 0.128361 0.148424 0.168529 0.051888 0.069961 
0.007849 0.055579 0.138699 0.151206 0.137591 0.083190 0.142810 0.156955 0.072897 0.053225 
0.003677 0.053815 0.169625 0.217159 0.114925 0.065895 0.095300 0.099716 0.090326 0.089562 
0.004888 0.043864 0.163587 0.168896 0.146767 0.062384 0.132977 0.099656 0.105214 0.071768 
0.004504 0.087219 0.111466 0.185821 0.188312 0.055375 0.116582 0.102294 0.083071 0.065355 
0.009930 0.048692 0.149030 0.189107 0.178258 0.044635 0.106609 0.085548 0.098117 0.090073 
0.006232 0.096861 0.132908 0.142124 0.154757 0.040852 0.112803 0.113392 0.132124 0.067948 
0.002403 0.060937 0.164151 0.217698 0.114258 0.098543 0.110900 0.109797 0.055879 0.065433 
0.001081 0.060176 0.130385 0.163076 0.154527 0.110176 0.089492 0.120647 0.093611 0.076827 
0.000751 0.085620 0.159637 0.128139 0.141534 0.099528 0.110770 0.124018 0.086920 0.063083 
0.007115 0.080624 0.105521 0.186108 0.146118 0.104989 0.105287 0.091694 0.096957 0.075587 
0.001778 0.042058 0.117451 0.116247 0.113556 0.128996 0.152008 0.086783 0.130314 0.110808 
0.004823 0.051690 0.143570 0.119515 0.138370 0.124268 0.120633 0.081911 0.078279 0.136941 
0.003436 0.066149 0.126395 0.147646 0.134235 0.054445 0.130046 0.125771 0.091010 0.120866 
0.008034 0.078240 0.129382 0.168881 0.152406 0.075277 0.088211 0.088764 0.100824 0.109980 
0.005816 0.048851 0.119469 0.204613 0.111129 0.108172 0.097869 0.108711 0.074596 0.120773 
0.001006 0.026792 0.109176 0.139204 0.144063 0.091367 0.103189 0.122325 0.139622 0.123256 
0.010310 0.084743 0.109650 0.158239 0.162728 0.082077 0.110274 0.098556 0.119866 0.063557 
0.014731 0.061326 0.112134 0.144812 0.142768 0.052378 0.161455 0.107946 0.074039 0.128411 
0.000020 0.070164 0.115761 0.103082 0.120664 0.135664 0.099828 0.111740 0.153551 0.089525 
0.008089 0.062101 0.074797 0.149401 0.089224 0.133574 0.136255 0.120049 0.152162 0.074348 
0.002271 0.049507 0.102108 0.181065 0.156864 0.096267 0.128498 0.129803 0.106912 0.046706 
0.004657 0.059159 0.111812 0.143429 0.107853 0.134606 0.148332 0.135581 0.081902 0.072669 
0.006490 0.056828 0.145447 0.096167 0.058164 0.065208 0.111634 0.098928 0.223684 0.137452 
0.000056 0.081842 0.129868 0.123896 0.110767 0.114267 0.129823 0.097098 0.098316 0.114066 
0.000339 0.108907 0.095908 0.097748 0.108032 0.149111 0.112712 0.127126 0.131611 0.068505 
0.004448 0.037502 0.219589 0.100301 0.110685 0.042601 0.136169 0.142158 0.129461 0.077086 
0.003884 0.025861 0.164592 0.113466 0.183987 0.088988 0.105853 0.125850 0.111344 0.076176 
0.004484 0.064027 0.167516 0.096505 0.127048 0.137599 0.187349 0.064112 0.098632 0.052728 
0.002677 0.029495 0.075182 0.148796 0.123137 0.162883 0.099647 0.147665 0.120605 0.089912 
0.000124 0.060507 0.172883 0.124728 0.126893 0.073748 0.144786 0.087586 0.120767 0.087978 
0.000689 0.030391 0.091249 0.146902 0.141114 0.138903 0.041745 0.189890 0.149251 0.069866 
0.002552 0.034621 0.139160 0.094124 0.143867 0.169551 0.151667 0.121572 0.080720 0.062166 
0.004784 0.020610 0.248662 0.134249 0.089960 0.114801 0.144224 0.079365 0.073331 0.090013 
0.008265 0.083220 0.172042 0.155222 0.098645 0.098606 0.151313 0.087151 0.087573 0.057962 
0.005240 0.087814 0.215111 0.123928 0.111107 0.068250 0.083223 0.139865 0.119931 0.045532 
0.003742 0.066075 0.227999 0.195536 0.087981 0.115611 0.101540 0.075473 0.087368 0.038675 
0.000610 0.076236 0.248591 0.107940 0.123325 0.057905 0.095986 0.078808 0.134669 0.075929 
0.009386 0.093831 0.190199 0.113450 0.128459 0.042729 0.103363 0.130246 0.094718 0.093617 
0.010882 0.096118 0.183862 0.165960 0.074034 0.114856 0.096895 0.099204 0.079700 0.078489 
0.003105 0.064283 0.150922 0.156973 0.114064 0.117051 0.140173 0.101069 0.073809 0.078552 
0.003944 0.059723 0.167964 0.163955 0.104810 0.125157 0.098644 0.150931 0.082128 0.042743 
0.002754 0.049672 0.162768 0.148500 0.145725 0.076510 0.115484 0.117329 0.075969 0.105290 
0.002442 0.042907 0.151135 0.143904 0.086639 0.105908 0.160988 0.112204 0.128628 0.065245 
0.006453 0.066245 0.111452 0.089898 0.152259 0.061684 0.111641 0.163099 0.152206 0.085063 
0.003372 0.078771 0.094190 0.111726 0.156836 0.089503 0.187161 0.077135 0.129952 0.071356 
0.006251 0.024856 0.127209 0.147982 0.169540 0.083724 0.151134 0.089255 0.104279 0.095769 
0.008750 0.081426 0.160631 0.122279 0.112904 0.072139 0.150669 0.118710 0.097880 0.074612 
0.007309 0.056673 0.137419 0.130670 0.157015 0.138355 0.097425 0.144494 0.058485 0.072154 
0.000013 0.043942 0.121598 0.152329 0.137926 0.138710 0.151698 0.082128 0.126868 0.044787 
0.006054 0.063313 0.106814 0.152254 0.063840 0.100864 0.139043 0.161647 0.108968 0.097203 
0.002868 0.073880 0.134309 0.151045 0.129590 0.046221 0.110086 0.134169 0.128546 0.089285 
0.001074 0.071492 0.189416 0.167876 0.110900 0.040103 0.115992 0.088710 0.095255 0.119181 
0.006715 0.089820 0.142040 0.122552 0.137944 0.064422 0.081012 0.179929 0.112018 0.063546 
0.008314 0.122075 0.110309 0.117227 0.128745 0.126070 0.107892 0.136272 0.081951 0.061146 
0.007029 0.051338 0.197602 0.104735 0.143862 0.059094 0.131737 0.121821 0.085854 0.096928 
0.002333 0.031110 0.128832 0.128060 0.153395 0.082247 0.124110 0.122904 0.108724 0.118286 
0.002993 0.040172 0.117607 0.185792 0.146299 0.109782 0.086693 0.075541 0.143859 0.091261 
0.002758 0.023240 0.113828 0.141337 0.112005 0.107600 0.123532 0.166406 0.154268 0.055025 
0.001146 0.040120 0.108669 0.237161 0.133027 0.110057 0.113750 0.069640 0.101127 0.085302 
0.009593 0.053666 0.115996 0.133080 0.191872 0.111861 0.137396 0.078370 0.109754 0.058411 
0.000719 0.034614 0.135296 0.197819 0.178879 0.091822 0.102465 0.069773 0.120304 0.068310 
0.006672 0.073203 0.107701 0.112754 0.198879 0.097720 0.142842 0.091157 0.112736 0.056336 
0.006276 0.073843 0.159945 0.115875 0.145587 0.104182 0.129330 0.114781 0.090432 0.059748 
0.009626 0.059565 0.109439 0.151702 0.137136 0.107781 0.135324 0.124789 0.086506 0.078131 
0.002200 0.046961 0.167444 0.146316 0.073918 0.104408 0.143981 0.127950 0.103195 0.083627 
0.007310 0.067602 0.154674 0.159305 0.086580 0.080684 0.165024 0.126168 0.087180 0.065471 
0.005215 0.058577 0.157354 0.196064 0.124085 0.078085 0.051408 0.167061 0.062208 0.099942 
0.001627 0.043412 0.144408 0.177243 0.122654 0.113770 0.085175 0.106662 0.129981 0.075068 
0.002286 0.076178 0.160663 0.145915 0.140802 0.110250 0.141339 0.067853 0.080664 0.074050 
0.005719 0.069265 0.165940 0.157023 0.112713 0.120585 0.109531 0.104683 0.086988 0.067553 
0.010433 0.058227 0.176737 0.164594 0.088544 0.104237 0.128755 0.103158 0.094718 0.070596 
0.008309 0.085826 0.175903 0.158549 0.139042 0.058113 0.127411 0.097117 0.073926 0.075804 
0.002727 0.038710 0.168702 0.153704 0.128622 0.099827 0.077054 0.103561 0.119300 0.107793 
0.000366 0.074090 0.130790 0.136291 0.186685 0.079384 0.122848 0.047396 0.110838 0.111311 
0.002829 0.050228 0.135392 0.112043 0.129841 0.121141 0.133252 0.094096 0.141043 0.080136 
0.000908 0.053059 0.138232 0.200027 0.112024 0.128507 0.144484 0.082174 0.103524 0.037062 
0.002620 0.060360 0.114326 0.156724 0.123057 0.098693 0.124158 0.113793 0.099127 0.107141 
0.005762 0.078206 0.098999 0.169787 0.159054 0.156238 0.059654 0.094055 0.085820 0.092425 
0.006318 0.027600 0.143696 0.182062 0.089994 0.083091 0.162803 0.142372 0.085438 0.076626 
0.008792 0.087886 0.166538 0.140208 0.152910 0.133655 0.079252 0.092395 0.095917 0.042447 
0.003561 0.096318 0.094683 0.121589 0.148219 0.075040 0.139730 0.081272 0.160638 0.078950 
0.001403 0.033307 0.190154 0.173052 0.116530 0.073099 0.114627 0.132477 0.098434 0.066917 
0.002426 0.065395 0.159889 0.186213 0.127702 0.061325 0.168614 0.081114 0.081055 0.066267 
0.010921 0.081897 0.104847 0.241470 0.089185 0.081656 0.084026 0.128975 0.077119 0.099904 
0.008917 0.063337 0.153229 0.167135 0.106804 0.104312 0.148021 0.094966 0.093154 0.060124 
0.003738 0.045093 0.087905 0.157787 0.118654 0.086131 0.125786 0.134939 0.142013 0.097953 
0.006870 0.050669 0.160025 0.209198 0.128132 0.081327 0.137248 0.079531 0.088026 0.058973 
0.004464 0.049169 0.128601 0.177339 0.143980 0.080722 0.102883 0.146113 0.085182 0.081547 
0.004325 0.073104 0.139752 0.192029 0.087672 0.119244 0.130513 0.101239 0.095268 0.056853 
0.005656 0.063164 0.179250 0.243278 0.092334 0.065406 0.110791 0.090908 0.088895 0.060317 
0.009250 0.052680 0.214845 0.174840 0.118714 0.097946 0.070096 0.093293 0.096295 0.072041 
0.000360 0.086849 0.159032 0.157948 0.155872 0.050036 0.119373 0.099467 0.095630 0.075432 
0.004045 0.097671 0.101559 0.219745 0.132210 0.067142 0.075941 0.098353 0.124518 0.078815 
0.007876 0.050214 0.093511 0.212154 0.150473 0.070153 0.119562 0.093230 0.137467 0.065359 
0.007622 0.098522 0.106346 0.130032 0.143630 0.085472 0.121319 0.113823 0.108532 0.084703 
0.002782 0.054637 0.158930 0.173666 0.133000 0.075652 0.087610 0.074890 0.141607 0.097224 
0.002105 0.069579 0.122526 0.190979 0.129266 0.094611 0.068811 0.074347 0.144455 0.103321 
0.000827 0.037541 0.248484 0.145848 0.083418 0.094233 0.117773 0.072399 0.120643 0.078834 
0.005498 0.048079 0.130560 0.175219 0.096244 0.108918 0.115388 0.074278 0.129247 0.116569 
0.005978 0.056126 0.120969 0.142442 0.111506 0.080625 0.106750 0.133004 0.124754 0.117846 
0.001481 0.032536 0.156203 0.129875 0.162244 0.128124 0.106855 0.092440 0.133840 0.056404 
0.010255 0.040721 0.147016 0.148116 0.151363 0.058861 0.092242 0.149892 0.099432 0.102103 
0.007852 0.064749 0.168207 0.196168 0.113887 0.066157 0.098636 0.102265 0.087810 0.094267 
0.012619 0.103241 0.192122 0.143586 0.110949 0.091229 0.075658 0.123669 0.086585 0.060342 
0.004195 0.046891 0.158778 0.171438 0.121856 0.150354 0.089327 0.105993 0.065354 0.085815 
0.001732 0.039765 0.129957 0.248548 0.084671 0.110023 0.126800 0.119055 0.089446 0.050003 
0.004859 0.041500 0.101892 0.179602 0.103375 0.118708 0.096658 0.126765 0.133741 0.092900 
0.002443 0.066985 0.124382 0.213619 0.108341 0.073070 0.096224 0.121238 0.118630 0.075069 
0.012337 0.069346 0.109319 0.193997 0.111109 0.092498 0.125285 0.094990 0.122646 0.068472 
0.006296 0.053965 0.117511 0.237418 0.137499 0.036309 0.077697 0.120323 0.117830 0.095153 
0.001654 0.049025 0.153411 0.175510 0.085539 0.102231 0.109646 0.113806 0.078006 0.131174 
0.002756 0.071156 0.128770 0.186004 0.114155 0.088234 0.097684 0.146172 0.101729 0.063339 
0.006052 0.059817 0.093114 0.170726 0.079466 0.107190 0.140881 0.112892 0.143594 0.086267 
0.004509 0.048897 0.078209 0.148056 0.129307 0.071584 0.130356 0.142569 0.114749 0.131764 
0.004079 0.041897 0.195229 0.126508 0.104054 0.085979 0.113550 0.129957 0.119925 0.078821 
0.008519 0.053181 0.174932 0.163166 0.077049 0.088979 0.087340 0.086897 0.149785 0.110152 
0.004914 0.067323 0.140688 0.138172 0.103627 0.110160 0.059495 0.162424 0.109872 0.103325 
0.005934 0.084501 0.154188 0.077780 0.097867 0.090426 0.126944 0.141497 0.143606 0.077257 
0.003657 0.101935 0.131850 0.168351 0.104479 0.063700 0.123148 0.135743 0.082486 0.084650 
0.003238 0.052001 0.067695 0.112619 0.164544 0.104385 0.196046 0.077207 0.119193 0.103072 
0.003728 0.059554 0.091233 0.114765 0.111001 0.156235 0.100952 0.143984 0.121673 0.096875 
0.004791 0.036510 0.128829 0.162021 0.085342 0.098223 0.105089 0.153081 0.124354 0.101758 
0.011488 0.064141 0.180828 0.082059 0.178467 0.140601 0.117649 0.108207 0.072757 0.043804 
0.005243 0.020903 0.142006 0.091861 0.123814 0.127444 0.118703 0.150004 0.142734 0.077288 
0.003220 0.035098 0.125158 0.119306 0.098543 0.136602 0.129622 0.150575 0.117234 0.084643 
0.004911 0.062525 0.096555 0.138084 0.110737 0.111156 0.182380 0.093992 0.130307 0.069353 
0.010540 0.039116 0.138785 0.134453 0.142559 0.109667 0.124812 0.100407 0.127485 0.072174 
0.009797 0.075923 0.185758 0.091087 0.135341 0.069480 0.120271 0.131014 0.122249 0.059080 
0.006278 0.065062 0.164556 0.097018 0.078254 0.122008 0.156237 0.101420 0.132562 0.076605 
0.000497 0.068181 0.088587 0.177018 0.108728 0.085565 0.135352 0.163037 0.121312 0.051722 
0.007556 0.063149 0.092247 0.177675 0.136415 0.096218 0.135405 0.106544 0.092631 0.092160 
0.008292 0.067484 0.073825 0.156128 0.163785 0.092068 0.125660 0.131951 0.115198 0.065611 
0.004457 0.035099 0.087200 0.221713 0.103181 0.126887 0.106493 0.086136 0.131014 0.097820 
0.007066 0.060246 0.097308 0.107939 0.119703 0.093826 0.160780 0.077025 0.152825 0.123282 
0.000789 0.027287 0.187902 0.096120 0.126385 0.106810 0.091770 0.164060 0.098799 0.100079 
0.000321 0.081353 0.177393 0.128345 0.065030 0.141088 0.150283 0.094977 0.089580 0.071631 
0.001080 0.057249 0.110915 0.190243 0.128889 0.063620 0.117423 0.120164 0.130654 0.079763 
