Drunk,Ed-Sheeran
0.000000 0.000000 0.000000 0.000000 0.000000 0.000000 0.000000 0.000000 0.000000 0.000000 
0.000000 0.000000 0.000000 0.000000 0.000000 0.000000 0.000000 0.000000 0.000000 0.000000 
0.000000 0.000000 0.000000 0.000000 0.000000 0.000000 0.000000 0.000000 0.000000 0.000000 
0.000000 0.000000 0.000000 0.000000 0.000000 0.000000 0.000000 0.000000 0.000000 0.000000 
0.142758 0.175465 0.069009 0.050911 0.030008 0.087448 0.132595 0.116660 0.116790 0.078356 
0.002989 0.031135 0.151614 0.375044 0.132514 0.128114 0.063805 0.019186 0.070567 0.025033 
0.009966 0.051645 0.219787 0.330442 0.175439 0.088973 0.016109 0.012164 0.079763 0.015712 
0.001168 0.021831 0.267373 0.322529 0.181233 0.076957 0.030466 0.037316 0.050990 0.010138 
0.008584 0.038923 0.242394 0.398618 0.137986 0.058509 0.035438 0.034364 0.032370 0.012814 
0.001519 0.018817 0.263898 0.396347 0.123489 0.060113 0.044902 0.035603 0.038293 0.017020 
0.006998 0.036990 0.371318 0.256882 0.143089 0.068053 0.039710 0.025259 0.029931 0.021771 
0.010588 0.040412 0.289523 0.323052 0.142456 0.047123 0.047857 0.037109 0.049679 0.012202 
0.004136 0.028043 0.319475 0.310946 0.126387 0.049416 0.043437 0.032257 0.065766 0.020138 
0.011338 0.043042 0.429706 0.232850 0.107744 0.041609 0.032028 0.018366 0.062641 0.020676 
0.000338 0.017615 0.354546 0.218017 0.099093 0.078495 0.060520 0.046842 0.100705 0.023830 
0.007232 0.027476 0.384528 0.232790 0.116032 0.095074 0.034916 0.020095 0.067653 0.014205 
0.003031 0.024334 0.417458 0.269055 0.122153 0.070914 0.025615 0.012091 0.048453 0.006896 
0.003668 0.023359 0.415582 0.273926 0.136223 0.064550 0.026245 0.014919 0.033022 0.008506 
0.002013 0.026520 0.370924 0.346283 0.086317 0.077303 0.027989 0.017114 0.037468 0.008067 
0.004880 0.020492 0.388567 0.369475 0.096339 0.052378 0.015341 0.011258 0.032128 0.009143 
0.012692 0.052513 0.422831 0.269962 0.096308 0.069438 0.027508 0.020050 0.017701 0.010996 
0.002126 0.015357 0.316770 0.429312 0.092793 0.058080 0.027999 0.021892 0.024499 0.011171 
0.003115 0.014529 0.383660 0.361615 0.102176 0.040508 0.030210 0.011342 0.042623 0.010221 
0.001064 0.028966 0.366929 0.274954 0.117133 0.042988 0.030173 0.042692 0.077348 0.017754 
0.005828 0.028057 0.285998 0.377548 0.097582 0.080918 0.021942 0.027648 0.058553 0.015925 
0.012480 0.046420 0.378877 0.289470 0.133134 0.056447 0.014611 0.007643 0.045918 0.015000 
0.010263 0.050953 0.321322 0.336848 0.160342 0.059099 0.014975 0.006919 0.030746 0.008533 
0.008228 0.027819 0.276363 0.401665 0.092413 0.080711 0.033524 0.034541 0.029717 0.015020 
0.003699 0.024706 0.354700 0.389054 0.064943 0.091046 0.015499 0.010568 0.037662 0.008123 
0.011822 0.057497 0.292203 0.379128 0.064124 0.083695 0.031949 0.014805 0.048112 0.016667 
0.002439 0.037582 0.249091 0.401856 0.092022 0.101431 0.050450 0.013155 0.037261 0.014713 
0.000275 0.024571 0.395339 0.230460 0.110480 0.103671 0.047165 0.012470 0.049076 0.026493 
0.003545 0.029908 0.406215 0.210127 0.079377 0.115588 0.065421 0.019919 0.038286 0.031614 
0.015540 0.086342 0.270063 0.313419 0.093940 0.072289 0.052436 0.024159 0.045823 0.025988 
0.013731 0.069299 0.169215 0.414192 0.072546 0.095215 0.055644 0.038715 0.052854 0.018588 
0.009285 0.055188 0.258681 0.356124 0.056840 0.119372 0.048873 0.032586 0.044112 0.018938 
0.002076 0.029381 0.280103 0.381251 0.067057 0.101720 0.044376 0.013005 0.052510 0.028520 
0.007290 0.042988 0.201209 0.446599 0.100871 0.044938 0.042488 0.027488 0.059163 0.026966 
0.012138 0.042237 0.307400 0.324469 0.100948 0.084733 0.058409 0.017256 0.037948 0.014463 
0.007727 0.065256 0.250693 0.292131 0.125502 0.099999 0.064969 0.021513 0.047476 0.024734 
0.016540 0.087534 0.287487 0.317598 0.131165 0.073280 0.034731 0.015496 0.023804 0.012365 
0.006705 0.040868 0.303700 0.330030 0.120391 0.073616 0.052524 0.030671 0.026048 0.015448 
0.006514 0.028304 0.375559 0.326763 0.081677 0.095645 0.039577 0.015943 0.016863 0.013153 
0.004360 0.013953 0.342770 0.389998 0.062117 0.095853 0.028267 0.013664 0.039424 0.009595 
0.010731 0.048569 0.303010 0.400403 0.048845 0.096166 0.022254 0.027962 0.035098 0.006963 
0.011702 0.058890 0.292269 0.413234 0.035585 0.080280 0.043229 0.018064 0.034144 0.012604 
0.002804 0.026753 0.278038 0.336676 0.119964 0.104467 0.065346 0.018159 0.035282 0.012509 
0.005323 0.042729 0.228988 0.428076 0.085885 0.072312 0.060344 0.021022 0.043559 0.011762 
0.010368 0.052361 0.177372 0.423028 0.126539 0.065520 0.058961 0.039008 0.036835 0.010008 
0.000084 0.019177 0.220167 0.393490 0.170904 0.068791 0.059117 0.032555 0.019924 0.015790 
0.011413 0.046070 0.295612 0.354513 0.139231 0.072851 0.023603 0.008364 0.035211 0.013132 
0.001083 0.025878 0.240026 0.352166 0.132462 0.100450 0.059138 0.037220 0.032993 0.018583 
0.012625 0.068879 0.252570 0.399943 0.074334 0.095301 0.032656 0.009569 0.044714 0.009408 
0.001599 0.029972 0.247997 0.396087 0.118329 0.078963 0.036936 0.024112 0.043846 0.022158 
0.000413 0.011069 0.257475 0.408565 0.120027 0.108055 0.029498 0.020356 0.034242 0.010300 
0.011540 0.038382 0.237403 0.248541 0.167871 0.065570 0.040558 0.063480 0.105719 0.020936 
0.014682 0.033397 0.204336 0.276402 0.114622 0.123336 0.061010 0.032760 0.111963 0.027491 
0.004012 0.022479 0.227558 0.329366 0.119957 0.126325 0.030638 0.037405 0.082714 0.019545 
0.001576 0.012318 0.267454 0.331322 0.134529 0.085583 0.039567 0.029306 0.070825 0.027518 
0.003140 0.021886 0.275335 0.328940 0.158427 0.075016 0.034657 0.031082 0.054763 0.016754 
0.012404 0.047417 0.325325 0.311594 0.154637 0.046670 0.020581 0.017738 0.053790 0.009844 
0.001482 0.012891 0.305966 0.396084 0.149020 0.061242 0.014164 0.009014 0.036062 0.014075 
0.003512 0.011327 0.321678 0.316789 0.135108 0.069948 0.033359 0.045238 0.051943 0.011096 
0.010355 0.057285 0.287607 0.367875 0.100502 0.051099 0.025446 0.026645 0.052475 0.020709 
0.002160 0.019456 0.286049 0.398648 0.117291 0.057129 0.037862 0.028868 0.035612 0.016924 
0.007627 0.044441 0.322115 0.243745 0.145418 0.029919 0.041716 0.045914 0.088971 0.030133 
0.009083 0.056641 0.284242 0.268524 0.110696 0.093720 0.048826 0.015437 0.084409 0.028421 
0.005388 0.020782 0.369663 0.240516 0.159745 0.061750 0.031450 0.019959 0.070597 0.020152 
0.008232 0.031755 0.354446 0.317281 0.154024 0.051005 0.012405 0.009838 0.045652 0.015363 
0.004422 0.014062 0.323613 0.422131 0.101598 0.045454 0.023456 0.020149 0.036656 0.008459 
0.001168 0.022206 0.371529 0.362521 0.095582 0.054489 0.023952 0.022079 0.030198 0.016275 
0.007191 0.035247 0.335558 0.324585 0.110972 0.072082 0.032817 0.033688 0.031719 0.016140 
0.001040 0.011131 0.313219 0.400789 0.131368 0.048665 0.032035 0.023527 0.028665 0.009562 
0.008013 0.042632 0.309784 0.315755 0.153054 0.050547 0.047032 0.016972 0.042797 0.013413 
0.000371 0.007156 0.375072 0.390805 0.089745 0.033381 0.023582 0.022847 0.047229 0.009812 
0.014524 0.065935 0.398235 0.212831 0.101513 0.057769 0.042872 0.025884 0.059309 0.021127 
0.004552 0.032275 0.446333 0.216060 0.074061 0.076332 0.018966 0.028147 0.087023 0.016250 
0.007373 0.039620 0.431528 0.225781 0.126167 0.071459 0.017171 0.027458 0.036813 0.016629 
0.005740 0.030560 0.430981 0.274511 0.056468 0.100445 0.027024 0.018003 0.041515 0.014753 
0.002135 0.011838 0.403259 0.321069 0.073609 0.088869 0.020881 0.016391 0.049362 0.012587 
0.004779 0.034488 0.385343 0.267468 0.090847 0.085359 0.032918 0.032855 0.048599 0.017344 
0.008554 0.051582 0.296530 0.335813 0.086352 0.087552 0.047888 0.025850 0.040736 0.019142 
0.007848 0.059502 0.233033 0.307742 0.129859 0.110469 0.060092 0.025028 0.039902 0.026525 
0.000148 0.038040 0.251027 0.331824 0.106277 0.116351 0.066601 0.025483 0.042529 0.021722 
0.009603 0.053341 0.252397 0.288164 0.098198 0.097119 0.088404 0.032639 0.047815 0.032321 
0.006362 0.037819 0.150320 0.483636 0.059244 0.102432 0.049449 0.023437 0.071238 0.016063 
0.002901 0.023655 0.142734 0.521656 0.032251 0.126629 0.038299 0.019995 0.067626 0.024254 
0.012515 0.057463 0.171963 0.416378 0.084401 0.115707 0.035026 0.017588 0.064669 0.024289 
0.009999 0.050657 0.193915 0.442348 0.116239 0.070770 0.033108 0.015564 0.043045 0.024355 
0.000481 0.026044 0.150592 0.500176 0.114883 0.064376 0.067734 0.009756 0.044166 0.021793 
0.005126 0.042366 0.162711 0.463573 0.087984 0.085333 0.050243 0.033162 0.044172 0.025330 
0.012149 0.057882 0.224474 0.380169 0.102540 0.105392 0.046861 0.016993 0.038971 0.014569 
0.012996 0.056380 0.244767 0.363674 0.103797 0.083945 0.057811 0.029049 0.030007 0.017574 
0.003767 0.027437 0.207547 0.420141 0.142701 0.087846 0.032166 0.027956 0.029218 0.021221 
0.011719 0.052439 0.280578 0.311399 0.151122 0.089269 0.035663 0.025262 0.029470 0.013079 
0.008231 0.032797 0.213666 0.412450 0.153222 0.073821 0.027332 0.021709 0.039240 0.017532 
0.011034 0.046954 0.265404 0.415297 0.091544 0.084800 0.033009 0.010541 0.025360 0.016057 
0.000209 0.032862 0.232153 0.470037 0.053659 0.107579 0.034328 0.013645 0.035045 0.020483 
0.004918 0.022426 0.325963 0.342648 0.065163 0.116530 0.035931 0.022817 0.033540 0.030063 
0.001745 0.021803 0.380268 0.309662 0.062060 0.063847 0.090193 0.024443 0.024393 0.021585 
0.013323 0.075235 0.254234 0.339288 0.045777 0.077218 0.086022 0.016800 0.057613 0.034489 
0.010262 0.064157 0.269050 0.381915 0.098409 0.075553 0.047335 0.014875 0.020350 0.018094 
0.010127 0.059290 0.290558 0.315587 0.130734 0.084331 0.047926 0.023274 0.027947 0.010226 
0.010382 0.063790 0.307763 0.336045 0.115580 0.060187 0.049577 0.024129 0.022834 0.009714 
0.007590 0.041370 0.259127 0.402698 0.084139 0.105896 0.037713 0.015310 0.039264 0.006893 
0.009021 0.043060 0.247099 0.467194 0.033368 0.093896 0.041554 0.017226 0.036920 0.010662 
0.006262 0.045040 0.205858 0.428418 0.115290 0.088262 0.041947 0.026922 0.028599 0.013403 
0.004223 0.218487 0.423137 0.119227 0.064298 0.030855 0.038071 0.032710 0.046422 0.022571 
0.015078 0.487240 0.188558 0.123155 0.072648 0.029754 0.023448 0.009222 0.040411 0.010486 
0.038877 0.332424 0.173023 0.168944 0.151218 0.054533 0.016122 0.007946 0.043507 0.013405 
0.000541 0.114665 0.186174 0.194397 0.266675 0.089768 0.042486 0.021130 0.064680 0.019483 
0.007549 0.124720 0.234791 0.141316 0.319484 0.097848 0.012494 0.006238 0.044055 0.011504 
0.008510 0.134678 0.270056 0.122819 0.260894 0.101107 0.037698 0.021662 0.025652 0.016924 
0.001356 0.076921 0.356783 0.136425 0.241002 0.062471 0.046293 0.019827 0.033667 0.025255 
0.005319 0.064376 0.233532 0.233286 0.137088 0.109475 0.080663 0.040108 0.061218 0.034934 
0.005995 0.043327 0.297087 0.197151 0.117509 0.074275 0.111542 0.042052 0.065489 0.045574 
0.012449 0.041492 0.226075 0.267052 0.132601 0.079443 0.096384 0.033660 0.072534 0.038309 
0.001724 0.020296 0.242574 0.182048 0.087164 0.057734 0.088743 0.064590 0.160526 0.094601 
0.010260 0.022919 0.304959 0.211153 0.135789 0.045673 0.104396 0.036667 0.104245 0.023940 
0.007023 0.040549 0.282515 0.290616 0.167004 0.098241 0.023773 0.018182 0.060401 0.011698 
0.004778 0.030958 0.316222 0.154886 0.188595 0.119152 0.039389 0.051526 0.055360 0.039136 
0.005253 0.014190 0.141526 0.306176 0.105729 0.160633 0.032077 0.113268 0.023511 0.097637 
0.006716 0.035848 0.169906 0.275916 0.108732 0.158813 0.033503 0.104270 0.013099 0.093197 
0.005328 0.033018 0.147014 0.447356 0.050725 0.120661 0.059677 0.068212 0.039569 0.028440 
0.004468 0.034116 0.208094 0.344369 0.099634 0.126938 0.101730 0.029494 0.044735 0.006423 
0.002928 0.016763 0.123424 0.463787 0.060079 0.174759 0.059784 0.023790 0.064418 0.010269 
0.003295 0.018052 0.099543 0.467922 0.083569 0.191571 0.054762 0.022480 0.044500 0.014305 
0.011301 0.022102 0.184339 0.394793 0.123963 0.084091 0.062233 0.048385 0.042962 0.025831 
0.000478 0.019334 0.205137 0.438337 0.157270 0.063247 0.036689 0.033683 0.028735 0.017089 
0.003242 0.026332 0.150844 0.525698 0.125397 0.064370 0.037111 0.023067 0.027749 0.016191 
0.002120 0.023613 0.180805 0.532729 0.085298 0.089727 0.027758 0.028940 0.015872 0.013139 
0.006247 0.046839 0.279557 0.334712 0.135380 0.086864 0.034160 0.027227 0.033336 0.015679 
0.001220 0.048933 0.238188 0.304007 0.197178 0.087093 0.033485 0.027967 0.054357 0.007574 
0.004285 0.028624 0.089689 0.460682 0.173755 0.089667 0.063310 0.026086 0.041011 0.022890 
0.009214 0.020187 0.105736 0.316025 0.072997 0.058338 0.261256 0.058016 0.037327 0.060903 
0.004998 0.031252 0.095395 0.220737 0.114412 0.070417 0.220871 0.050889 0.049790 0.141237 
0.000938 0.139338 0.367944 0.241591 0.056438 0.040465 0.059520 0.035546 0.033345 0.024875 
0.021341 0.522984 0.154932 0.155145 0.038787 0.041034 0.018624 0.016894 0.020865 0.009394 
0.009648 0.515431 0.124893 0.164258 0.073827 0.033372 0.016187 0.012881 0.037117 0.012386 
0.017582 0.156798 0.188311 0.325190 0.092736 0.053872 0.056713 0.035117 0.037802 0.035880 
0.000525 0.409946 0.265556 0.122741 0.037669 0.023908 0.069156 0.016720 0.045814 0.007964 
0.023348 0.351930 0.141023 0.185504 0.030895 0.089884 0.046967 0.072361 0.039901 0.018188 
0.021386 0.128849 0.054608 0.351123 0.103238 0.133919 0.027383 0.095630 0.031305 0.052560 
0.020184 0.111681 0.134780 0.335164 0.066848 0.101048 0.038362 0.093844 0.029592 0.068497 
0.008302 0.095251 0.190979 0.273301 0.085032 0.081719 0.030478 0.132509 0.034258 0.068173 
0.000019 0.048881 0.119896 0.287988 0.083683 0.123415 0.049094 0.141787 0.054516 0.090722 
0.003517 0.042582 0.138536 0.285704 0.117626 0.154679 0.040509 0.092215 0.039445 0.085188 
0.005204 0.024942 0.139510 0.304120 0.091386 0.185978 0.049239 0.131118 0.029424 0.039078 
0.008956 0.032618 0.106386 0.262804 0.083808 0.244511 0.078429 0.118598 0.037903 0.025987 
0.013840 0.093267 0.305544 0.234053 0.078715 0.150229 0.032172 0.045895 0.029872 0.016412 
0.004952 0.552196 0.120128 0.114280 0.066478 0.076827 0.026349 0.014461 0.016842 0.007486 
0.048014 0.471596 0.124366 0.147341 0.088540 0.054293 0.007646 0.017752 0.032851 0.007602 
0.023363 0.273660 0.091460 0.225224 0.125964 0.127713 0.025125 0.031185 0.056080 0.020226 
0.004774 0.072296 0.095942 0.277541 0.069185 0.181497 0.101725 0.043226 0.130049 0.023766 
0.005076 0.050913 0.086284 0.202849 0.059023 0.083356 0.062950 0.102518 0.298617 0.048415 
0.004182 0.049024 0.118849 0.205303 0.071333 0.125076 0.072940 0.109428 0.231316 0.012550 
0.011411 0.069263 0.160625 0.309800 0.093682 0.114173 0.032791 0.032098 0.144933 0.031223 
0.012589 0.066673 0.204637 0.256150 0.132273 0.091977 0.038158 0.022904 0.157647 0.016993 
0.005763 0.034387 0.161949 0.238108 0.128204 0.066112 0.093654 0.078023 0.140082 0.053719 
0.023086 0.240162 0.349261 0.150250 0.074136 0.038335 0.033806 0.020271 0.049641 0.021052 
0.015844 0.426112 0.163577 0.148576 0.136783 0.030752 0.025160 0.015825 0.030963 0.006409 
0.018588 0.129637 0.205870 0.280342 0.195792 0.058788 0.038864 0.021412 0.042922 0.007785 
0.025103 0.138658 0.255073 0.241440 0.145692 0.066186 0.025211 0.006682 0.078931 0.017025 
0.024125 0.107118 0.287745 0.277112 0.107625 0.070397 0.020897 0.015864 0.072391 0.016726 
0.004326 0.074261 0.301074 0.320012 0.161130 0.065072 0.025728 0.008586 0.033826 0.005984 
0.002488 0.054876 0.306194 0.313260 0.196232 0.040276 0.027424 0.020966 0.028674 0.009611 
0.011799 0.064459 0.253584 0.360199 0.160542 0.045682 0.044145 0.014374 0.032742 0.012474 
0.003431 0.046478 0.241437 0.416719 0.176992 0.030690 0.034713 0.014029 0.021399 0.014111 
0.008388 0.039465 0.248080 0.261873 0.137394 0.084834 0.074442 0.036028 0.076029 0.033467 
0.004000 0.018290 0.184674 0.303690 0.221500 0.093300 0.051117 0.019158 0.084471 0.019801 
0.001058 0.025714 0.243816 0.272665 0.204214 0.082838 0.054290 0.009519 0.083629 0.022255 
0.008154 0.058608 0.260620 0.235856 0.255440 0.051072 0.060000 0.016248 0.045982 0.008020 
0.000824 0.011610 0.130604 0.255213 0.096088 0.100196 0.039660 0.194360 0.062480 0.108965 
0.004707 0.027758 0.149943 0.313147 0.093369 0.129563 0.020778 0.138885 0.048608 0.073242 
0.008201 0.036815 0.206052 0.396590 0.095902 0.094240 0.042937 0.074249 0.029396 0.015618 
0.011802 0.048410 0.194312 0.471352 0.098840 0.070842 0.024075 0.033879 0.037808 0.008682 
0.008555 0.044819 0.155638 0.561392 0.064384 0.057474 0.026811 0.014031 0.048945 0.017951 
0.007840 0.029598 0.059554 0.555150 0.135057 0.079386 0.033471 0.023178 0.054960 0.021804 
0.006248 0.042271 0.111126 0.471935 0.109853 0.106615 0.031661 0.015057 0.085419 0.019816 
0.015873 0.058848 0.111585 0.403010 0.109740 0.109179 0.033643 0.032533 0.110023 0.015566 
0.007275 0.036335 0.100490 0.423634 0.110028 0.147993 0.036639 0.026520 0.094909 0.016177 
0.002120 0.015236 0.128605 0.343235 0.104046 0.216348 0.060294 0.026817 0.081042 0.022258 
0.000014 0.012562 0.089559 0.300368 0.080529 0.124332 0.084394 0.104655 0.177284 0.026302 
0.004149 0.016310 0.089459 0.335758 0.049276 0.121690 0.030920 0.043629 0.300302 0.008508 
0.006856 0.031336 0.100362 0.250101 0.046392 0.113915 0.035207 0.064438 0.287739 0.063654 
0.010498 0.046931 0.129514 0.257927 0.062093 0.126874 0.044666 0.056895 0.222203 0.042399 
0.011953 0.044754 0.222966 0.317441 0.091151 0.147578 0.050724 0.023113 0.072869 0.017451 
0.009889 0.056839 0.226023 0.297415 0.138889 0.101553 0.025988 0.024019 0.076356 0.043030 
0.019175 0.257596 0.419097 0.161391 0.041918 0.023280 0.025789 0.016625 0.020549 0.014578 
0.056999 0.594368 0.137538 0.124774 0.018598 0.027056 0.008108 0.008245 0.017324 0.006991 
0.031690 0.328478 0.152194 0.207300 0.046418 0.092558 0.036449 0.036503 0.044526 0.023885 
0.029126 0.151078 0.403146 0.227855 0.050016 0.028222 0.037283 0.023631 0.035594 0.014049 
0.008890 0.454666 0.091628 0.120106 0.030105 0.099122 0.034822 0.118888 0.024772 0.017002 
0.024376 0.292322 0.060006 0.122886 0.028297 0.046333 0.054329 0.197618 0.043838 0.129996 
0.017274 0.128670 0.103527 0.147883 0.065889 0.069678 0.051855 0.236586 0.053712 0.124925 
0.005098 0.072357 0.124777 0.180810 0.070198 0.097197 0.048080 0.228195 0.072785 0.100504 
0.005517 0.053847 0.111749 0.174657 0.049154 0.126426 0.030813 0.280410 0.078171 0.089255 
0.001331 0.055736 0.129504 0.211185 0.061353 0.158842 0.061951 0.234039 0.048972 0.037087 
0.004221 0.040984 0.195567 0.217837 0.125097 0.150860 0.065282 0.112554 0.058960 0.028638 
0.005015 0.029520 0.187269 0.208195 0.073997 0.171997 0.031936 0.223953 0.025260 0.042856 
0.001958 0.014593 0.222500 0.199939 0.067305 0.076150 0.053160 0.275561 0.041996 0.046840 
0.010365 0.208769 0.300265 0.199606 0.071411 0.076353 0.032844 0.060362 0.018953 0.021071 
0.005077 0.408209 0.179311 0.126750 0.098600 0.074406 0.035308 0.035280 0.022046 0.015013 
0.027282 0.146246 0.294049 0.206401 0.141230 0.080961 0.017840 0.053483 0.021927 0.010581 
0.013891 0.115269 0.266289 0.188063 0.202484 0.072661 0.041092 0.048033 0.034545 0.017675 
0.013338 0.072467 0.339900 0.069656 0.241729 0.063804 0.099422 0.049026 0.033885 0.016772 
0.006943 0.048748 0.239631 0.161651 0.272528 0.058037 0.113361 0.039708 0.047098 0.012295 
0.006400 0.074078 0.284975 0.128236 0.241700 0.064822 0.043711 0.053390 0.074043 0.028645 
0.000119 0.033489 0.150696 0.269995 0.096024 0.146585 0.049450 0.159270 0.033178 0.061196 
0.003232 0.018074 0.194911 0.164861 0.053587 0.053114 0.069294 0.288656 0.060292 0.093978 
0.009143 0.066460 0.242937 0.224694 0.046486 0.124219 0.045043 0.129633 0.044393 0.066992 
0.010014 0.318721 0.292103 0.125420 0.106420 0.057156 0.025450 0.028905 0.020622 0.015188 
0.037485 0.376163 0.198497 0.126283 0.123815 0.054232 0.017795 0.030871 0.016811 0.018048 
0.016324 0.152607 0.332413 0.169616 0.127689 0.090134 0.036731 0.038237 0.023021 0.013227 
0.028661 0.124688 0.265300 0.228303 0.167526 0.072725 0.044519 0.026685 0.029994 0.011598 
0.006982 0.070550 0.262121 0.149404 0.151763 0.029683 0.206817 0.062424 0.046873 0.013383 
0.001256 0.045043 0.357272 0.074081 0.155741 0.055885 0.191389 0.040930 0.063737 0.014666 
0.000559 0.032318 0.331754 0.086468 0.158776 0.047655 0.173440 0.057047 0.080171 0.031811 
0.008114 0.045817 0.260731 0.146665 0.148310 0.036915 0.203885 0.062515 0.059833 0.027217 
0.003103 0.026647 0.332267 0.088012 0.158956 0.044111 0.220616 0.066342 0.050292 0.009654 
0.024569 0.077379 0.274837 0.166183 0.192252 0.033736 0.066509 0.089979 0.052116 0.022441 
0.021038 0.076520 0.396007 0.074084 0.205198 0.052457 0.053388 0.073293 0.030708 0.017307 
0.003894 0.025961 0.453237 0.088670 0.215094 0.056954 0.050569 0.058173 0.035329 0.012118 
0.003366 0.013177 0.436505 0.197207 0.168576 0.058806 0.038385 0.045329 0.027720 0.010929 
0.008174 0.021031 0.288266 0.239812 0.142523 0.038405 0.102736 0.094227 0.036842 0.027986 
0.012506 0.030826 0.247766 0.169602 0.135808 0.092025 0.061704 0.170063 0.027178 0.052523 
0.007942 0.061100 0.299052 0.174891 0.150119 0.062003 0.051218 0.146783 0.019371 0.027522 
0.002091 0.017523 0.309273 0.256367 0.146383 0.096918 0.077355 0.042632 0.040488 0.010970 
0.006706 0.037241 0.308048 0.252024 0.119119 0.035511 0.144217 0.046279 0.038208 0.012648 
0.005357 0.029212 0.211155 0.329276 0.093809 0.119016 0.114925 0.046597 0.040572 0.010081 
0.005667 0.021495 0.228247 0.295719 0.111789 0.159958 0.045358 0.056209 0.058959 0.016597 
0.011315 0.036302 0.178954 0.336867 0.115724 0.172097 0.041545 0.049755 0.050783 0.006659 
0.013815 0.058098 0.196361 0.360440 0.108529 0.101796 0.059481 0.057719 0.036180 0.007581 
0.011268 0.028032 0.173722 0.362945 0.109934 0.132564 0.066439 0.055129 0.049362 0.010605 
0.005749 0.025680 0.223160 0.297309 0.134278 0.131277 0.065655 0.069168 0.036229 0.011496 
0.006095 0.033023 0.273008 0.212828 0.216318 0.062050 0.030349 0.109309 0.045715 0.011305 
0.005105 0.027170 0.316996 0.204771 0.217213 0.026478 0.038229 0.101500 0.050721 0.011817 
0.000036 0.018402 0.163843 0.372764 0.265540 0.035782 0.035802 0.068421 0.020702 0.018708 
0.004046 0.025786 0.189689 0.421910 0.112689 0.042882 0.072548 0.076159 0.022023 0.032270 
0.007599 0.049665 0.159161 0.296250 0.179428 0.064400 0.091986 0.082972 0.035577 0.032962 
0.017721 0.379108 0.350080 0.111521 0.053134 0.015967 0.012668 0.032452 0.017093 0.010258 
0.033453 0.498131 0.175607 0.083636 0.062063 0.023002 0.024887 0.057970 0.020510 0.020742 
0.005807 0.231708 0.256040 0.124353 0.129646 0.041439 0.041216 0.122914 0.029805 0.017072 
0.025896 0.251898 0.314427 0.117124 0.052568 0.071093 0.071717 0.034606 0.049578 0.011093 
0.016363 0.377227 0.126549 0.144610 0.066158 0.061582 0.031812 0.102079 0.047180 0.026439 
0.023419 0.140370 0.165519 0.212132 0.083649 0.056522 0.023978 0.175631 0.027407 0.091372 
0.004694 0.126732 0.142571 0.180597 0.096214 0.059907 0.052066 0.202328 0.049637 0.085254 
0.018397 0.065646 0.208654 0.158505 0.088783 0.079965 0.053588 0.216645 0.039223 0.070594 
0.006562 0.043008 0.216861 0.288071 0.156379 0.059427 0.049202 0.119268 0.031051 0.030172 
0.008922 0.049056 0.222392 0.286438 0.137073 0.104104 0.032194 0.092864 0.028469 0.038488 
0.013760 0.054469 0.184413 0.215004 0.131110 0.114954 0.041838 0.156576 0.036252 0.051623 
0.001129 0.024379 0.170018 0.221479 0.126697 0.165917 0.038194 0.165481 0.038566 0.048139 
0.007854 0.045588 0.213411 0.226991 0.124523 0.173892 0.042998 0.092395 0.037494 0.034854 
0.026828 0.347590 0.261681 0.124645 0.051746 0.099956 0.032911 0.034605 0.007176 0.012861 
0.046551 0.395240 0.118818 0.152374 0.093183 0.114145 0.019595 0.041835 0.011204 0.007055 
0.004629 0.157754 0.122336 0.267327 0.169566 0.138517 0.036838 0.073057 0.022201 0.007776 
0.007273 0.108257 0.215103 0.088739 0.244007 0.057392 0.157698 0.073251 0.034749 0.013531 
0.005210 0.070123 0.136951 0.107733 0.206562 0.052259 0.242568 0.072267 0.089345 0.016982 
0.002430 0.058989 0.198793 0.083099 0.223301 0.021758 0.207916 0.077034 0.107963 0.018718 
0.002745 0.055288 0.151697 0.212309 0.193499 0.037613 0.147462 0.085445 0.080426 0.033517 
0.000884 0.035994 0.178969 0.236099 0.208166 0.087247 0.053563 0.075820 0.092548 0.030709 
0.004491 0.032039 0.179139 0.243269 0.242583 0.076813 0.025579 0.080272 0.088272 0.027543 
0.010570 0.073296 0.350992 0.229599 0.138751 0.047131 0.052950 0.027293 0.043132 0.026288 
0.004902 0.469627 0.185606 0.055171 0.134339 0.035628 0.043307 0.028273 0.026594 0.016554 
0.039988 0.286346 0.142053 0.102325 0.223270 0.072744 0.018560 0.053564 0.048493 0.012657 
0.002437 0.134930 0.192303 0.106739 0.317331 0.105518 0.022629 0.046343 0.051168 0.020602 
0.000962 0.089903 0.183633 0.166022 0.282357 0.082243 0.047544 0.062716 0.053480 0.031140 
0.008269 0.069689 0.225921 0.158840 0.278768 0.078799 0.022976 0.084105 0.047372 0.025261 
0.005863 0.056981 0.248269 0.181766 0.241921 0.044873 0.044248 0.104008 0.050252 0.021819 
0.001841 0.060145 0.340874 0.244725 0.182334 0.029446 0.019574 0.079620 0.030494 0.010946 
0.008341 0.049206 0.348056 0.244590 0.153059 0.041120 0.031961 0.084807 0.030948 0.007912 
0.000228 0.025926 0.376874 0.216434 0.138154 0.032686 0.051174 0.096319 0.044800 0.017404 
0.019765 0.053581 0.321704 0.154892 0.172924 0.073073 0.046520 0.093219 0.033486 0.030836 
0.007995 0.019713 0.214723 0.248274 0.130587 0.139753 0.064471 0.093537 0.043436 0.037510 
0.005018 0.020821 0.201128 0.196690 0.141977 0.166816 0.029751 0.151715 0.050232 0.035851 
0.006035 0.021241 0.225544 0.212821 0.180969 0.165218 0.034531 0.112467 0.026114 0.015061 
0.004070 0.011575 0.246893 0.243990 0.126963 0.152370 0.094762 0.051996 0.058609 0.008771 
0.012058 0.031834 0.240423 0.315943 0.135113 0.127205 0.056260 0.038310 0.038104 0.004749 
0.000284 0.021930 0.307019 0.347113 0.105215 0.073445 0.046705 0.041146 0.043068 0.014073 
0.000460 0.019276 0.228142 0.439276 0.114136 0.068030 0.028518 0.046110 0.034156 0.021895 
0.002672 0.014267 0.243927 0.459643 0.106617 0.055247 0.029356 0.044520 0.028001 0.015750 
0.004637 0.015682 0.194148 0.455873 0.119072 0.071244 0.039981 0.051876 0.032486 0.015000 
0.001063 0.007087 0.200075 0.450661 0.069582 0.095138 0.036948 0.065525 0.054902 0.019019 
0.000670 0.010117 0.139115 0.512993 0.082271 0.080414 0.048423 0.062172 0.050634 0.013191 
0.002538 0.021508 0.185104 0.451566 0.099847 0.076488 0.034116 0.068191 0.046203 0.014441 
0.013106 0.031345 0.160377 0.382412 0.115996 0.106771 0.067280 0.062083 0.043431 0.017199 
0.015080 0.030073 0.209573 0.316512 0.132851 0.102858 0.053976 0.084301 0.033654 0.021123 
0.002415 0.040468 0.250494 0.277169 0.193262 0.055957 0.026065 0.079072 0.051247 0.023852 
0.008342 0.090023 0.304710 0.197525 0.139147 0.066817 0.047095 0.088739 0.047830 0.009773 
0.010825 0.045397 0.176735 0.220138 0.352608 0.026406 0.034337 0.095378 0.027220 0.010957 
0.006443 0.023093 0.240746 0.386761 0.071178 0.014092 0.114585 0.062966 0.026104 0.054032 
0.014516 0.134884 0.334749 0.278678 0.072614 0.033401 0.047183 0.035445 0.027592 0.020937 
0.013201 0.427023 0.238920 0.136665 0.046992 0.035095 0.025575 0.026464 0.030686 0.019379 
0.000362 0.384995 0.223116 0.139766 0.076102 0.042818 0.038382 0.039788 0.034368 0.020302 
0.008979 0.128522 0.199566 0.239229 0.130838 0.084114 0.099003 0.043104 0.045147 0.021498 
0.022547 0.321830 0.205927 0.096054 0.047911 0.077388 0.124939 0.048110 0.047722 0.007572 
0.035117 0.345859 0.113648 0.076534 0.039339 0.055404 0.036918 0.225401 0.023008 0.048774 
0.013020 0.113259 0.150144 0.140785 0.052846 0.071377 0.034308 0.269539 0.014282 0.140442 
0.025286 0.119324 0.176125 0.094906 0.058856 0.086495 0.034579 0.273616 0.038945 0.091867 
0.011333 0.086755 0.156947 0.114877 0.053625 0.079189 0.051633 0.340723 0.045489 0.059428 
0.011580 0.052172 0.207533 0.207126 0.106459 0.124461 0.049687 0.181046 0.029714 0.030222 
0.003818 0.026798 0.099093 0.268413 0.174802 0.113600 0.123997 0.065677 0.083714 0.040087 
0.000053 0.021535 0.119909 0.244823 0.164665 0.163745 0.091006 0.084403 0.067662 0.042200 
0.001413 0.014307 0.135826 0.249932 0.155793 0.251174 0.067735 0.050288 0.049664 0.023868 
0.017250 0.098633 0.350258 0.186121 0.117134 0.113443 0.024785 0.037849 0.031196 0.023331 
0.003170 0.477500 0.178211 0.133376 0.060910 0.060401 0.027794 0.027346 0.014772 0.016519 
0.039169 0.300065 0.175882 0.162366 0.099571 0.080937 0.069424 0.024856 0.028305 0.019425 
0.003620 0.079413 0.212395 0.165486 0.163333 0.090330 0.141044 0.033923 0.031097 0.079359 
0.003849 0.040555 0.088650 0.264401 0.130125 0.108155 0.131651 0.067558 0.088978 0.076079 
0.007189 0.040407 0.106423 0.131355 0.140226 0.140001 0.201972 0.045363 0.122668 0.064395 
0.009392 0.049357 0.074596 0.204478 0.169935 0.105815 0.080965 0.088674 0.151183 0.065603 
0.004690 0.033956 0.100935 0.150716 0.189364 0.181021 0.065843 0.043711 0.186623 0.043141 
0.007619 0.023257 0.144808 0.113737 0.162231 0.250039 0.040079 0.055630 0.166739 0.035861 
0.002998 0.029082 0.209417 0.203219 0.211810 0.138143 0.075904 0.038706 0.066366 0.024356 
0.003543 0.192954 0.271751 0.275862 0.064951 0.022816 0.039311 0.064391 0.045241 0.019181 
0.028790 0.454847 0.148490 0.134529 0.070318 0.031255 0.036346 0.049715 0.029534 0.016175 
0.027619 0.232597 0.187752 0.183933 0.199502 0.029937 0.035303 0.046362 0.038385 0.018610 
0.014201 0.120442 0.186386 0.191663 0.234230 0.038093 0.081034 0.061318 0.049462 0.023170 
0.025882 0.085253 0.186514 0.260521 0.256024 0.030071 0.070134 0.023577 0.050316 0.011708 
0.001786 0.072030 0.238891 0.259969 0.230919 0.033531 0.056030 0.051125 0.024294 0.031426 
0.018437 0.087151 0.251233 0.289701 0.160639 0.050279 0.036371 0.056871 0.033952 0.015367 
0.003533 0.046499 0.202653 0.285437 0.096089 0.231986 0.040109 0.039100 0.038343 0.016251 
0.017808 0.092078 0.215030 0.233965 0.079583 0.225664 0.047793 0.033011 0.037457 0.017612 
0.028216 0.096484 0.213602 0.282563 0.101751 0.062939 0.038049 0.105669 0.046072 0.024655 
0.003167 0.070635 0.250739 0.326217 0.106009 0.037473 0.031141 0.091696 0.069032 0.013890 
0.005875 0.045153 0.246734 0.389284 0.116234 0.062706 0.028104 0.038578 0.046103 0.021229 
0.003938 0.080791 0.240663 0.370864 0.137967 0.042692 0.037635 0.047259 0.027658 0.010533 
0.006107 0.013380 0.161034 0.144966 0.121603 0.089492 0.192571 0.125999 0.050492 0.094357 
0.002906 0.026050 0.187998 0.287373 0.126750 0.066782 0.080693 0.089274 0.069460 0.062715 
0.008632 0.041944 0.202513 0.294517 0.108682 0.091351 0.128530 0.063769 0.035685 0.024375 
0.005228 0.027546 0.165438 0.251044 0.111999 0.209760 0.100134 0.054162 0.043156 0.031534 
0.005590 0.019173 0.209510 0.241952 0.073559 0.210659 0.089164 0.071840 0.052826 0.025728 
0.004740 0.015020 0.171414 0.241774 0.080209 0.228068 0.114415 0.052927 0.071333 0.020099 
0.002143 0.021864 0.204807 0.206574 0.084761 0.206746 0.105700 0.089748 0.047175 0.030482 
0.001256 0.010058 0.188948 0.231114 0.117442 0.155453 0.109514 0.083250 0.085497 0.017468 
0.000183 0.016139 0.262707 0.242239 0.111191 0.077177 0.128841 0.084448 0.057813 0.019261 
0.000837 0.021692 0.344465 0.250120 0.119426 0.048911 0.058657 0.097879 0.034563 0.023450 
0.005322 0.027153 0.176187 0.301498 0.150650 0.072675 0.130421 0.068162 0.023999 0.043932 
0.007878 0.035321 0.346390 0.203563 0.150383 0.040591 0.062178 0.086092 0.039751 0.027854 
0.002603 0.019601 0.308680 0.178637 0.147111 0.024670 0.081219 0.149098 0.070936 0.017445 
0.001582 0.032844 0.281961 0.259758 0.136551 0.029806 0.070687 0.122467 0.049347 0.014996 
0.018707 0.089878 0.314475 0.206467 0.120453 0.035651 0.040515 0.131791 0.022393 0.019668 
0.001360 0.015754 0.316847 0.287289 0.129493 0.030144 0.042391 0.112087 0.046812 0.017822 
0.002796 0.143665 0.440383 0.205321 0.066070 0.027619 0.035781 0.041079 0.020908 0.016380 
0.033265 0.490879 0.180237 0.132964 0.052765 0.019472 0.016866 0.044556 0.021243 0.007753 
0.021196 0.312688 0.170083 0.116387 0.097117 0.053413 0.056845 0.107015 0.040443 0.024812 
0.019094 0.142340 0.442914 0.154758 0.078691 0.034795 0.040170 0.047774 0.020607 0.018856 
0.013721 0.486569 0.169264 0.114396 0.095191 0.017925 0.033148 0.047052 0.017430 0.005304 
0.028317 0.280550 0.231992 0.098835 0.184059 0.037313 0.040607 0.064067 0.029328 0.004930 
0.003786 0.136513 0.294995 0.162713 0.157898 0.043043 0.068109 0.092233 0.030481 0.010230 
0.010690 0.104598 0.286473 0.162265 0.164179 0.064421 0.063705 0.073873 0.037586 0.032210 
0.003750 0.055512 0.332577 0.181267 0.198433 0.052689 0.074408 0.056756 0.024542 0.020066 
0.006355 0.071673 0.350977 0.190890 0.162879 0.087037 0.039268 0.033364 0.041374 0.016182 
0.003552 0.028402 0.147673 0.197886 0.124807 0.122444 0.199180 0.082279 0.055198 0.038579 
0.001682 0.030869 0.189271 0.261153 0.101971 0.105550 0.119447 0.065992 0.064299 0.059765 
0.000316 0.028462 0.185067 0.195781 0.197060 0.107659 0.099689 0.076671 0.072241 0.037053 
0.025961 0.231740 0.340185 0.216074 0.070451 0.016294 0.040917 0.030351 0.020235 0.007791 
0.055772 0.553441 0.161134 0.059600 0.086720 0.013562 0.024844 0.021743 0.014973 0.008210 
0.024165 0.250361 0.126623 0.130692 0.245645 0.029318 0.068638 0.063068 0.036534 0.024956 
0.021274 0.197430 0.151156 0.129575 0.235458 0.047767 0.068657 0.087045 0.033169 0.028468 
0.020264 0.095689 0.225493 0.231097 0.193422 0.054102 0.047075 0.070073 0.038220 0.024566 
0.014218 0.093493 0.250093 0.131612 0.227462 0.029241 0.051020 0.113191 0.063310 0.026359 
0.010160 0.038124 0.128496 0.116829 0.151918 0.156296 0.218001 0.079482 0.039023 0.061672 
0.010851 0.045001 0.181056 0.222757 0.078211 0.083948 0.184236 0.069520 0.044919 0.079501 
0.011848 0.056146 0.258377 0.212676 0.087177 0.097736 0.056617 0.045932 0.070450 0.103041 
0.007025 0.041852 0.136588 0.403568 0.129962 0.092863 0.066251 0.067059 0.033861 0.020970 
0.000661 0.236751 0.276635 0.131324 0.088383 0.079095 0.046464 0.094737 0.024362 0.021589 
0.027637 0.288079 0.145312 0.149847 0.099458 0.054769 0.044447 0.110809 0.036758 0.042883 
0.010063 0.089451 0.203838 0.226972 0.151676 0.050490 0.033703 0.146553 0.047359 0.039896 
0.011936 0.103448 0.247400 0.173826 0.220336 0.048981 0.071765 0.064592 0.027563 0.030154 
0.002731 0.055070 0.349622 0.179219 0.170533 0.066795 0.054718 0.067944 0.039346 0.014021 
0.010284 0.051549 0.418363 0.176574 0.121718 0.054814 0.087418 0.037385 0.030821 0.011073 
0.000783 0.032979 0.434910 0.154050 0.141467 0.052698 0.055887 0.076993 0.028427 0.021806 
0.006993 0.028456 0.415933 0.199660 0.159200 0.054870 0.060009 0.021181 0.027260 0.026437 
0.008878 0.051779 0.426346 0.205578 0.162222 0.050326 0.032362 0.029550 0.021749 0.011209 
0.001837 0.030611 0.221954 0.273422 0.114589 0.113410 0.045673 0.126344 0.040942 0.031220 
0.001414 0.043989 0.252332 0.175822 0.181837 0.076967 0.039428 0.149023 0.053843 0.025346 
0.012534 0.053327 0.244111 0.214469 0.187870 0.130690 0.028515 0.067102 0.043285 0.018096 
0.000254 0.024321 0.202485 0.152029 0.175395 0.202360 0.136822 0.051069 0.022095 0.033169 
0.001953 0.020298 0.175110 0.247469 0.083036 0.074211 0.198291 0.092402 0.068805 0.038425 
0.000273 0.072644 0.363475 0.167957 0.107522 0.050050 0.070393 0.069544 0.041509 0.056633 
0.006749 0.062837 0.273385 0.380741 0.076839 0.061426 0.049425 0.043725 0.028201 0.016672 
0.004123 0.031223 0.170596 0.345557 0.099958 0.140665 0.092320 0.037689 0.057877 0.019991 
0.001916 0.022228 0.265839 0.297854 0.095043 0.162752 0.046473 0.043549 0.048936 0.015409 
0.005223 0.030716 0.337818 0.268212 0.117771 0.078653 0.045590 0.032568 0.049555 0.033893 
0.002162 0.017411 0.358302 0.294834 0.100449 0.046755 0.037673 0.075383 0.046020 0.021012 
0.007422 0.035504 0.319409 0.232747 0.111374 0.069001 0.041771 0.091315 0.074398 0.017059 
0.003926 0.021495 0.362419 0.223304 0.148513 0.059008 0.067033 0.047755 0.048545 0.018001 
0.000631 0.021820 0.262575 0.193734 0.106770 0.091730 0.188247 0.031013 0.061924 0.041558 
0.001546 0.025839 0.188607 0.159130 0.060353 0.035502 0.336048 0.053431 0.099507 0.040038 
0.000410 0.015608 0.179797 0.149576 0.069435 0.067647 0.260854 0.057746 0.145389 0.053538 
0.001270 0.016569 0.185709 0.184864 0.058061 0.055707 0.254060 0.048261 0.144077 0.051419 
0.002577 0.018153 0.204101 0.189871 0.070642 0.024214 0.219443 0.041284 0.198289 0.031425 
0.006322 0.028566 0.183092 0.183788 0.086131 0.226810 0.086452 0.015724 0.147429 0.035685 
0.011702 0.061222 0.197256 0.205235 0.049340 0.141804 0.096607 0.050844 0.155683 0.030307 
0.000792 0.245657 0.221315 0.205968 0.101909 0.054502 0.043810 0.030518 0.062395 0.033135 
0.007677 0.366399 0.152907 0.151536 0.032015 0.080586 0.065167 0.024044 0.075598 0.044072 
0.008488 0.092118 0.094466 0.161606 0.042781 0.142403 0.108776 0.118657 0.158139 0.072566 
0.022791 0.227639 0.289841 0.187494 0.060630 0.042396 0.024989 0.060192 0.035513 0.048514 
0.030052 0.430089 0.154042 0.115892 0.067699 0.057598 0.021559 0.060496 0.011118 0.051455 
0.030207 0.142138 0.111896 0.219563 0.140026 0.100654 0.065933 0.077806 0.049138 0.062641 
0.000748 0.148872 0.340333 0.191103 0.110915 0.052259 0.063356 0.042410 0.027652 0.022352 
0.007295 0.092569 0.301999 0.094086 0.236979 0.067941 0.096835 0.046733 0.026972 0.028591 
0.007327 0.095491 0.302784 0.169838 0.199318 0.066429 0.053601 0.046231 0.041482 0.017498 
0.012439 0.040087 0.205254 0.192844 0.140733 0.069087 0.145141 0.061038 0.072647 0.060729 
0.005622 0.015656 0.278947 0.239582 0.126599 0.069313 0.099632 0.045435 0.071776 0.047438 
0.001639 0.025957 0.299212 0.177015 0.177542 0.089043 0.102201 0.034850 0.056226 0.036315 
0.003451 0.045327 0.275121 0.183526 0.212994 0.066087 0.096626 0.059516 0.045987 0.011365 
0.019162 0.310950 0.309200 0.084940 0.085319 0.044102 0.095564 0.019227 0.022284 0.009251 
0.026449 0.389329 0.200929 0.097208 0.116845 0.027155 0.094213 0.021939 0.017738 0.008194 
0.014369 0.116450 0.308647 0.086032 0.146984 0.077614 0.153941 0.044222 0.032757 0.018983 
0.004358 0.052960 0.131494 0.203865 0.178021 0.082923 0.176038 0.059184 0.041424 0.069732 
0.003060 0.060476 0.159773 0.208015 0.156904 0.056511 0.182459 0.074178 0.052637 0.045987 
0.002130 0.058990 0.157854 0.105481 0.165832 0.089459 0.229976 0.078679 0.070479 0.041120 
0.002334 0.029175 0.139255 0.153347 0.109596 0.068980 0.289039 0.086817 0.097401 0.024057 
0.003063 0.022939 0.232907 0.214091 0.135209 0.044353 0.153859 0.037129 0.139892 0.016557 
0.003156 0.031371 0.178828 0.218930 0.116054 0.033092 0.177237 0.087128 0.129043 0.025161 
0.022838 0.146275 0.212997 0.190224 0.161597 0.030984 0.100366 0.059791 0.056864 0.018063 
0.016806 0.333940 0.248229 0.083840 0.086988 0.042653 0.084983 0.031604 0.051539 0.019418 
0.015118 0.334120 0.218657 0.132415 0.083141 0.050131 0.088233 0.034754 0.022352 0.021080 
0.012853 0.117121 0.313482 0.160958 0.156384 0.069092 0.073461 0.025542 0.056315 0.014792 
0.011207 0.103751 0.285305 0.206461 0.138149 0.074721 0.071052 0.042665 0.042763 0.023926 
0.009382 0.077783 0.259909 0.257012 0.174729 0.095979 0.038839 0.025898 0.044988 0.015481 
0.002907 0.059860 0.301303 0.224757 0.160719 0.122871 0.035392 0.027286 0.048723 0.016182 
0.003409 0.070910 0.345846 0.239079 0.071952 0.081254 0.069975 0.040525 0.062813 0.014236 
0.003702 0.039593 0.369030 0.258115 0.101851 0.056573 0.070110 0.028511 0.067610 0.004904 
0.001128 0.047757 0.389847 0.211879 0.101132 0.083063 0.075214 0.020395 0.044227 0.025357 
0.003184 0.066033 0.356117 0.189417 0.164827 0.075746 0.039385 0.018479 0.068790 0.018021 
0.004356 0.067274 0.325709 0.234423 0.107935 0.131826 0.032760 0.031022 0.053692 0.011003 
0.007289 0.041153 0.394262 0.235124 0.138256 0.079158 0.024234 0.019954 0.056521 0.004050 
0.001249 0.027131 0.183802 0.124616 0.126464 0.076847 0.232527 0.108218 0.037879 0.081266 
0.008069 0.024624 0.211250 0.213665 0.089832 0.068592 0.118593 0.105466 0.072934 0.086975 
0.008591 0.031725 0.267209 0.287320 0.102484 0.045111 0.043358 0.045295 0.087514 0.081391 
0.011925 0.052839 0.272165 0.236613 0.138665 0.038862 0.084580 0.070426 0.037352 0.056574 
0.002744 0.016184 0.219937 0.295142 0.145091 0.073089 0.093196 0.064769 0.050047 0.039800 
0.005133 0.032943 0.292582 0.267491 0.075692 0.069486 0.106432 0.054778 0.055242 0.040221 
0.003182 0.010702 0.339104 0.216445 0.115944 0.084628 0.069237 0.044226 0.087665 0.028866 
0.003961 0.034137 0.236293 0.352195 0.130857 0.089215 0.022853 0.035088 0.075061 0.020340 
0.005808 0.014851 0.312726 0.319971 0.098402 0.108571 0.032805 0.031409 0.059049 0.016406 
