Eagle,ABBA
0.000000 0.000000 0.000000 0.000000 0.000000 0.000000 0.000000 0.000000 0.000000 0.000000 
0.000000 0.000000 0.000000 0.000000 0.000000 0.000000 0.000000 0.000000 0.000000 0.000000 
0.000000 0.000000 0.000000 0.000000 0.000000 0.000000 0.000000 0.000000 0.000000 0.000000 
0.000000 0.000000 0.000000 0.000000 0.000000 0.000000 0.000000 0.000000 0.000000 0.000000 
0.000000 0.000000 0.000000 0.000000 0.000000 0.000000 0.000000 0.000000 0.000000 0.000000 
0.000000 0.000000 0.000000 0.000000 0.000000 0.000000 0.000000 0.000000 0.000000 0.000000 
0.000000 0.000000 0.000000 0.000000 0.000000 0.000000 0.000000 0.000000 0.000000 0.000000 
0.000000 0.000000 0.000000 0.000000 0.000000 0.000000 0.000000 0.000000 0.000000 0.000000 
0.000000 0.000000 0.000000 0.000000 0.000000 0.000000 0.000000 0.000000 0.000000 0.000000 
0.000000 0.000000 0.000000 0.000000 0.000000 0.000000 0.000000 0.000000 0.000000 0.000000 
0.000000 0.000000 0.000000 0.000000 0.000000 0.000000 0.000000 0.000000 0.000000 0.000000 
0.000000 0.000000 0.000000 0.000000 0.000000 0.000000 0.000000 0.000000 0.000000 0.000000 
0.000000 0.000000 0.000000 0.000000 0.000000 0.000000 0.000000 0.000000 0.000000 0.000000 
0.000000 0.000000 0.000000 0.000000 0.000000 0.000000 0.000000 0.000000 0.000000 0.000000 
0.000000 0.000000 0.000000 0.000000 0.000000 0.000000 0.000000 0.000000 0.000000 0.000000 
0.000000 0.000000 0.000000 0.000000 0.000000 0.000000 0.000000 0.000000 0.000000 0.000000 
0.000000 0.000000 0.000000 0.000000 0.000000 0.000000 0.000000 0.000000 0.000000 0.000000 
0.000000 0.000000 0.000000 0.000000 0.000000 0.000000 0.000000 0.000000 0.000000 0.000000 
0.000000 0.000000 0.000000 0.000000 0.000000 0.000000 0.000000 0.000000 0.000000 0.000000 
0.000000 0.000000 0.000000 0.000000 0.000000 0.000000 0.000000 0.000000 0.000000 0.000000 
0.000000 0.000000 0.000000 0.000000 0.000000 0.000000 0.000000 0.000000 0.000000 0.000000 
0.000000 0.000000 0.000000 0.000000 0.000000 0.000000 0.000000 0.000000 0.000000 0.000000 
0.000000 0.000000 0.000000 0.000000 0.000000 0.000000 0.000000 0.000000 0.000000 0.000000 
0.000837 0.032386 0.137048 0.244673 0.230327 0.040666 0.065390 0.144294 0.058870 0.045509 
0.001498 0.070872 0.139065 0.153940 0.368209 0.081080 0.018233 0.086464 0.050809 0.029830 
0.006183 0.038141 0.222808 0.065416 0.375971 0.104354 0.052823 0.051649 0.068842 0.013814 
0.001263 0.026993 0.367840 0.139983 0.257408 0.043641 0.034238 0.045387 0.070150 0.013095 
0.004393 0.060363 0.554099 0.160589 0.068247 0.018159 0.018016 0.029205 0.054416 0.032513 
0.000225 0.032616 0.424390 0.131482 0.159521 0.053399 0.045721 0.054746 0.084015 0.013886 
0.003673 0.035813 0.398076 0.102610 0.178141 0.080703 0.058442 0.072638 0.047521 0.022381 
0.003693 0.043173 0.414760 0.120849 0.171770 0.084650 0.018779 0.082759 0.047018 0.012549 
0.018281 0.086394 0.358218 0.202977 0.082971 0.060764 0.046769 0.075031 0.039806 0.028789 
0.009061 0.214077 0.302707 0.167008 0.078236 0.044089 0.074390 0.066463 0.024876 0.019093 
0.020540 0.279801 0.282700 0.163601 0.093112 0.030641 0.045471 0.040176 0.022578 0.021380 
0.015669 0.109318 0.341478 0.174982 0.118055 0.079435 0.068235 0.030674 0.044465 0.017689 
0.025356 0.200786 0.297185 0.186726 0.087814 0.059742 0.028758 0.032987 0.065757 0.014891 
0.002950 0.164945 0.398698 0.177452 0.110128 0.035441 0.025441 0.015704 0.053161 0.016081 
0.006482 0.183049 0.322364 0.126371 0.146598 0.046235 0.043192 0.043009 0.071065 0.011634 
0.001556 0.206672 0.419767 0.102129 0.105957 0.043487 0.022003 0.031602 0.051339 0.015488 
0.021181 0.270480 0.355337 0.135986 0.068045 0.026210 0.015742 0.017167 0.069334 0.020518 
0.007656 0.269757 0.299637 0.168865 0.075348 0.043999 0.023957 0.034731 0.061163 0.014887 
0.025104 0.305708 0.287237 0.171367 0.045583 0.047791 0.017841 0.028466 0.061427 0.009476 
0.000991 0.314680 0.303928 0.184158 0.046991 0.029080 0.031002 0.029371 0.050873 0.008926 
0.016332 0.275109 0.434023 0.105396 0.040067 0.044508 0.011952 0.021905 0.041722 0.008985 
0.007506 0.291042 0.399982 0.087111 0.056107 0.053320 0.025382 0.024229 0.042080 0.013242 
0.002755 0.264011 0.425340 0.109764 0.051588 0.047718 0.010049 0.026896 0.051064 0.010814 
0.032260 0.288225 0.294766 0.174362 0.073075 0.030956 0.023632 0.023322 0.046840 0.012562 
0.003444 0.111255 0.390574 0.147391 0.117599 0.063770 0.059526 0.060903 0.028009 0.017530 
0.009498 0.336431 0.220247 0.118772 0.088907 0.067929 0.043356 0.057799 0.026456 0.030605 
0.021482 0.328227 0.322571 0.136664 0.077807 0.041078 0.016429 0.015111 0.032999 0.007632 
0.001716 0.321381 0.340317 0.137817 0.080467 0.040645 0.014287 0.014878 0.035883 0.012609 
0.013887 0.312490 0.342707 0.150220 0.062135 0.041613 0.023093 0.018045 0.026739 0.009071 
0.005625 0.303020 0.276975 0.195353 0.072190 0.040657 0.034468 0.026433 0.033647 0.011632 
0.027205 0.353986 0.335084 0.143595 0.051669 0.022023 0.014007 0.018258 0.030543 0.003631 
0.006170 0.332907 0.334432 0.150099 0.061588 0.019258 0.021488 0.025791 0.032308 0.015958 
0.011790 0.376865 0.350719 0.120600 0.043726 0.032176 0.010951 0.015573 0.030291 0.007309 
0.022861 0.358100 0.370728 0.101738 0.045538 0.040382 0.008396 0.020024 0.024021 0.008212 
0.011226 0.322425 0.376630 0.131261 0.064289 0.024806 0.014071 0.018912 0.028800 0.007582 
0.021093 0.361289 0.402061 0.078572 0.052078 0.016159 0.011980 0.018386 0.025636 0.012745 
0.028894 0.381174 0.369587 0.090684 0.058000 0.022087 0.006023 0.014016 0.024188 0.005348 
0.003143 0.314066 0.357904 0.121362 0.075046 0.039607 0.025197 0.023213 0.026886 0.013575 
0.031361 0.374578 0.316040 0.124849 0.060078 0.035309 0.019245 0.011630 0.019908 0.007004 
0.012117 0.223670 0.336047 0.117652 0.080177 0.056417 0.067072 0.052056 0.039972 0.014820 
0.051440 0.554451 0.208455 0.096431 0.028778 0.011389 0.013992 0.013652 0.014594 0.006818 
0.002826 0.338877 0.360842 0.142102 0.049747 0.027916 0.027141 0.019867 0.019608 0.011075 
0.008435 0.360470 0.317236 0.134766 0.054297 0.040087 0.028147 0.016315 0.027856 0.012390 
0.032188 0.333840 0.353299 0.124063 0.054087 0.026896 0.030321 0.018627 0.017815 0.008863 
0.015632 0.291529 0.327579 0.142720 0.056896 0.041225 0.040435 0.031385 0.031796 0.020803 
0.039968 0.377233 0.409303 0.069836 0.036796 0.017241 0.016654 0.011581 0.017119 0.004268 
0.016277 0.340775 0.404129 0.074318 0.040102 0.035096 0.033843 0.021831 0.021105 0.012524 
0.012537 0.380416 0.413053 0.080870 0.046670 0.022619 0.014206 0.009943 0.011795 0.007891 
0.020339 0.398640 0.410194 0.087312 0.041247 0.017639 0.007696 0.004500 0.010840 0.001593 
0.003603 0.366044 0.402543 0.083883 0.038546 0.028129 0.024631 0.019705 0.019935 0.012982 
0.025038 0.413464 0.433945 0.043895 0.036136 0.019775 0.007339 0.010717 0.007879 0.001812 
0.013631 0.388439 0.448377 0.055264 0.027577 0.020897 0.018902 0.012529 0.008771 0.005613 
0.010562 0.376665 0.325172 0.136311 0.056864 0.024217 0.020400 0.019636 0.016200 0.013973 
0.007974 0.127924 0.391897 0.129424 0.107709 0.067358 0.071895 0.054370 0.031606 0.009844 
0.008319 0.356802 0.198348 0.084733 0.071486 0.118830 0.059760 0.041212 0.032049 0.028460 
0.035949 0.267830 0.345963 0.117555 0.058500 0.056429 0.043422 0.028014 0.036456 0.009882 
0.020540 0.263117 0.367823 0.072191 0.120865 0.088180 0.012967 0.018143 0.032330 0.003844 
0.013877 0.273891 0.327078 0.092094 0.094537 0.069863 0.035541 0.028000 0.045583 0.019537 
0.023890 0.295642 0.392731 0.107957 0.066366 0.050608 0.013903 0.011609 0.033818 0.003476 
0.001283 0.256413 0.406959 0.123716 0.053490 0.057032 0.022332 0.017281 0.049369 0.012125 
0.017386 0.272143 0.447926 0.106390 0.046780 0.039802 0.016748 0.009484 0.035476 0.007866 
0.000086 0.135576 0.336451 0.240283 0.054948 0.112847 0.047848 0.025609 0.031906 0.014446 
0.000781 0.124352 0.349516 0.200687 0.070993 0.128706 0.059573 0.014646 0.032778 0.017968 
0.010542 0.147154 0.310389 0.231375 0.055034 0.145154 0.046001 0.018298 0.024307 0.011747 
0.011038 0.195969 0.379284 0.180934 0.092040 0.075142 0.014561 0.009627 0.036891 0.004514 
0.014152 0.174133 0.409065 0.157110 0.099821 0.066044 0.021395 0.023426 0.026360 0.008494 
0.013326 0.187221 0.377056 0.180650 0.094657 0.064173 0.020342 0.020570 0.031739 0.010266 
0.018396 0.135682 0.229846 0.166806 0.120707 0.067048 0.070288 0.075952 0.069658 0.045618 
0.014142 0.220719 0.328888 0.144405 0.070495 0.058367 0.061991 0.052466 0.030648 0.017878 
0.008207 0.238914 0.234995 0.105847 0.242106 0.053697 0.032140 0.027728 0.042609 0.013756 
0.012726 0.053452 0.233379 0.090887 0.332776 0.122044 0.023764 0.032942 0.081930 0.016100 
0.009196 0.068741 0.248590 0.103576 0.295920 0.098206 0.035041 0.041475 0.080498 0.018758 
0.004272 0.027675 0.293677 0.148200 0.318301 0.078646 0.019846 0.042530 0.056037 0.010816 
0.002041 0.013198 0.281359 0.100454 0.332691 0.121671 0.050972 0.040817 0.039946 0.016850 
0.002972 0.026194 0.289811 0.084829 0.349618 0.101145 0.032623 0.053168 0.044603 0.015038 
0.002561 0.028562 0.296781 0.150904 0.325959 0.072547 0.022897 0.039811 0.046760 0.013217 
0.000347 0.037977 0.297350 0.109369 0.322879 0.089453 0.041381 0.041167 0.050876 0.009201 
0.000403 0.035951 0.293016 0.077804 0.298631 0.092720 0.050239 0.057506 0.070674 0.023058 
0.005043 0.031600 0.319646 0.161825 0.272002 0.068430 0.018324 0.035950 0.066643 0.020537 
0.009380 0.053390 0.288875 0.112431 0.268521 0.088228 0.045371 0.047198 0.076163 0.010442 
0.008786 0.046277 0.309204 0.083603 0.295275 0.069833 0.052729 0.050670 0.057671 0.025952 
0.003140 0.022472 0.330796 0.174938 0.327310 0.063890 0.008434 0.031693 0.026700 0.010627 
0.010553 0.053114 0.292943 0.107219 0.346848 0.069829 0.034021 0.040300 0.037744 0.007430 
0.004653 0.188985 0.285038 0.126996 0.093553 0.072499 0.065462 0.082149 0.063621 0.017045 
0.009140 0.257290 0.196411 0.147365 0.186520 0.029526 0.059561 0.055002 0.040697 0.018488 
0.006150 0.084126 0.286675 0.107489 0.310496 0.056922 0.032090 0.029878 0.072250 0.013924 
0.022582 0.086289 0.316475 0.069446 0.318530 0.052089 0.019137 0.030142 0.068418 0.016892 
0.013774 0.057245 0.298615 0.149142 0.324161 0.049367 0.011894 0.027468 0.054127 0.014207 
0.006755 0.041493 0.340966 0.126795 0.324674 0.047414 0.023888 0.037988 0.042699 0.007328 
0.019441 0.071794 0.356370 0.067965 0.349577 0.034136 0.022545 0.027907 0.033528 0.016738 
0.015672 0.069157 0.377875 0.127196 0.299041 0.032413 0.014305 0.025568 0.028590 0.010183 
0.000271 0.056546 0.383986 0.122997 0.270397 0.049817 0.036410 0.025233 0.036964 0.017379 
0.014722 0.080166 0.417634 0.056175 0.235882 0.054499 0.040528 0.037561 0.047578 0.015255 
0.018593 0.087140 0.419133 0.148052 0.215469 0.028210 0.009882 0.030835 0.039061 0.003626 
0.006735 0.049890 0.413357 0.117095 0.219982 0.057763 0.048269 0.033040 0.037756 0.016111 
0.009281 0.056304 0.430717 0.087298 0.245192 0.046568 0.039224 0.034725 0.034638 0.016052 
0.019869 0.080800 0.480222 0.152999 0.209686 0.022299 0.008373 0.014512 0.009652 0.001588 
0.018166 0.143373 0.340688 0.137889 0.104912 0.062611 0.073145 0.063069 0.044855 0.011291 
0.030538 0.418111 0.284038 0.078606 0.057212 0.016398 0.035204 0.032870 0.031480 0.015543 
0.003181 0.092937 0.464184 0.175297 0.163408 0.015854 0.021888 0.029141 0.023047 0.011064 
0.028974 0.108886 0.490431 0.058634 0.208204 0.034456 0.027576 0.016222 0.018222 0.008397 
0.015248 0.067539 0.442105 0.150259 0.200591 0.028408 0.032263 0.024183 0.027415 0.011988 
0.009534 0.074375 0.458487 0.163302 0.186963 0.030398 0.025888 0.016713 0.021538 0.012802 
0.025921 0.118824 0.499017 0.073807 0.203002 0.023951 0.020867 0.013028 0.014833 0.006751 
0.018257 0.077512 0.406691 0.089961 0.266895 0.054681 0.034667 0.026645 0.018084 0.006605 
0.003696 0.043288 0.389553 0.125092 0.307967 0.020171 0.010482 0.027743 0.061526 0.010483 
0.016608 0.099409 0.396565 0.058571 0.242938 0.027229 0.015163 0.018170 0.103148 0.022199 
0.011362 0.054893 0.385459 0.116372 0.228655 0.014391 0.007405 0.033139 0.132535 0.015788 
0.002286 0.017451 0.260656 0.173338 0.188030 0.037752 0.110924 0.061207 0.109284 0.039071 
0.015356 0.059274 0.170850 0.311191 0.154314 0.055734 0.129218 0.023954 0.039630 0.040480 
0.014455 0.052550 0.102318 0.392880 0.200948 0.024554 0.100078 0.018722 0.021488 0.072008 
0.012168 0.055440 0.123138 0.299041 0.138956 0.159346 0.083146 0.027010 0.037812 0.063942 
0.009910 0.192224 0.304601 0.185526 0.076282 0.049261 0.075433 0.041500 0.041569 0.023692 
0.027720 0.354841 0.172634 0.141523 0.065044 0.083148 0.077101 0.030513 0.032713 0.014763 
0.011036 0.113898 0.262827 0.075486 0.103249 0.178601 0.154407 0.038458 0.032604 0.029432 
0.003264 0.068077 0.236383 0.275015 0.114368 0.127233 0.096971 0.016112 0.026702 0.035876 
0.003583 0.023870 0.223967 0.294910 0.169500 0.154168 0.051881 0.032140 0.024064 0.021916 
0.004861 0.028415 0.269936 0.318197 0.169789 0.095187 0.067388 0.012466 0.014149 0.019612 
0.000721 0.042979 0.265951 0.167817 0.222603 0.115812 0.072493 0.055528 0.041275 0.014823 
0.007942 0.082802 0.279559 0.137784 0.191040 0.118397 0.057999 0.050597 0.057477 0.016403 
0.008720 0.051328 0.303303 0.114954 0.220436 0.123582 0.044385 0.057541 0.053202 0.022548 
0.005374 0.041446 0.307452 0.178210 0.227720 0.110402 0.041603 0.040079 0.033642 0.014072 
0.003021 0.026989 0.356067 0.232250 0.197175 0.086564 0.032794 0.027000 0.029585 0.008557 
0.011492 0.051478 0.372802 0.220775 0.110594 0.117147 0.061465 0.021471 0.014897 0.017877 
0.013176 0.066301 0.251663 0.281027 0.178844 0.062490 0.063484 0.026341 0.033715 0.022959 
0.015026 0.075360 0.148614 0.177513 0.151402 0.115513 0.107611 0.075292 0.079497 0.054172 
0.001431 0.195126 0.304629 0.181234 0.093785 0.051967 0.047332 0.056303 0.042719 0.025475 
0.014232 0.203294 0.213269 0.170449 0.229112 0.061077 0.033955 0.034796 0.021509 0.018305 
0.016518 0.137816 0.177495 0.231114 0.254130 0.058348 0.048482 0.031282 0.025324 0.019491 
0.006541 0.108569 0.179002 0.353774 0.154760 0.075655 0.029692 0.050691 0.024001 0.017315 
0.004085 0.094273 0.188289 0.314858 0.210213 0.063416 0.041687 0.036535 0.021784 0.024859 
0.006525 0.088003 0.162853 0.341276 0.241629 0.053651 0.024338 0.034035 0.028596 0.019095 
0.016495 0.102572 0.136347 0.328621 0.278691 0.038743 0.031617 0.034733 0.022544 0.009636 
0.004243 0.085663 0.136358 0.237025 0.321063 0.087727 0.051202 0.038129 0.025870 0.012720 
0.001601 0.094838 0.168936 0.196857 0.306674 0.090233 0.050625 0.037146 0.030405 0.022687 
0.009510 0.100811 0.178548 0.256589 0.297355 0.058323 0.032467 0.028474 0.022692 0.015231 
0.003126 0.082396 0.200189 0.297696 0.267309 0.048883 0.031516 0.034102 0.023587 0.011195 
0.003706 0.094652 0.199204 0.285292 0.267629 0.074063 0.019443 0.030229 0.017040 0.008743 
0.007142 0.108566 0.199244 0.333328 0.181676 0.059507 0.025808 0.035061 0.028080 0.021587 
0.010291 0.108205 0.152760 0.341127 0.235651 0.056447 0.027884 0.031015 0.014658 0.021961 
0.007326 0.140168 0.241115 0.199685 0.197953 0.052893 0.037740 0.070365 0.040555 0.012199 
0.013843 0.208367 0.272779 0.143688 0.141339 0.065836 0.068174 0.038754 0.029910 0.017310 
0.029622 0.303596 0.203011 0.146621 0.139065 0.054471 0.030658 0.047122 0.035557 0.010276 
0.014413 0.147612 0.223979 0.212959 0.263865 0.049288 0.031560 0.030144 0.012627 0.013555 
0.011666 0.140452 0.236748 0.187412 0.205903 0.075683 0.059192 0.040282 0.028675 0.013989 
0.015644 0.128510 0.214273 0.240079 0.223851 0.066228 0.044768 0.036444 0.018759 0.011444 
0.008389 0.105511 0.227616 0.304780 0.230822 0.038381 0.027862 0.037878 0.014239 0.004520 
0.006009 0.103991 0.219656 0.291216 0.240458 0.058534 0.036054 0.031636 0.007927 0.004517 
0.003994 0.106445 0.234922 0.306797 0.202405 0.067374 0.037545 0.019480 0.013242 0.007797 
0.021386 0.154665 0.189566 0.296247 0.222166 0.034599 0.034522 0.023036 0.011021 0.012792 
0.006806 0.127118 0.253164 0.295382 0.175108 0.061291 0.026960 0.026324 0.014677 0.013170 
0.020064 0.187165 0.289617 0.267058 0.062831 0.051180 0.042435 0.055626 0.012658 0.011365 
0.008624 0.177440 0.315792 0.227861 0.119904 0.037776 0.041420 0.042825 0.018608 0.009749 
0.000073 0.062697 0.431711 0.334934 0.054542 0.031480 0.016200 0.046579 0.014310 0.007475 
0.001060 0.146101 0.308974 0.311462 0.099264 0.048894 0.018896 0.037653 0.013164 0.014531 
0.023131 0.225340 0.298859 0.140162 0.083882 0.054413 0.065902 0.058124 0.033872 0.016316 
0.043498 0.310684 0.186594 0.200995 0.089230 0.065761 0.045969 0.029316 0.021416 0.006536 
0.004251 0.118772 0.140300 0.312366 0.136278 0.106105 0.101585 0.034936 0.029765 0.015642 
0.000845 0.090207 0.162133 0.307611 0.139383 0.130080 0.079962 0.046248 0.025292 0.018239 
0.006521 0.102017 0.137966 0.338746 0.143490 0.131503 0.077701 0.031315 0.018660 0.012081 
0.005399 0.085468 0.119867 0.333831 0.221818 0.110808 0.093160 0.012211 0.011586 0.005852 
0.010695 0.122254 0.171302 0.286589 0.191534 0.107532 0.066713 0.022754 0.014747 0.005878 
0.008514 0.060751 0.234650 0.228316 0.202013 0.096316 0.078734 0.047489 0.023818 0.019400 
0.013600 0.103933 0.232772 0.247126 0.218496 0.085124 0.052654 0.026993 0.009584 0.009719 
0.006250 0.071372 0.208387 0.302228 0.249814 0.076935 0.033452 0.023848 0.017706 0.010007 
0.001001 0.077353 0.216091 0.309289 0.261567 0.066608 0.024533 0.015785 0.013765 0.014008 
0.003189 0.074200 0.204846 0.317908 0.267742 0.064653 0.028444 0.016394 0.011016 0.011609 
0.014077 0.109917 0.186583 0.285591 0.279467 0.041159 0.036452 0.016513 0.015234 0.015006 
0.014256 0.174862 0.198081 0.238792 0.215239 0.070755 0.027242 0.025994 0.020496 0.014283 
0.024499 0.140877 0.365848 0.099489 0.088719 0.063299 0.070297 0.073117 0.042963 0.030891 
0.005730 0.223174 0.219128 0.214255 0.071393 0.063799 0.075461 0.065069 0.035039 0.026952 
0.057649 0.207382 0.318059 0.191899 0.070358 0.053583 0.042592 0.021425 0.026664 0.010390 
0.016616 0.133296 0.279021 0.225303 0.122318 0.055864 0.058954 0.046894 0.037747 0.023987 
0.016466 0.185474 0.331077 0.219924 0.065357 0.056692 0.043373 0.031723 0.029401 0.020512 
0.015137 0.210241 0.436935 0.195540 0.056710 0.031122 0.020337 0.013637 0.011805 0.008536 
0.023981 0.208908 0.468187 0.195486 0.046062 0.018085 0.016901 0.008946 0.010029 0.003416 
0.010828 0.196862 0.480268 0.176259 0.056842 0.016889 0.022002 0.017159 0.015414 0.007479 
0.010729 0.161722 0.421431 0.144647 0.033513 0.020125 0.051459 0.064427 0.059394 0.032552 
0.000201 0.128814 0.301467 0.101179 0.049164 0.023851 0.059490 0.273748 0.040549 0.021537 
0.010100 0.156958 0.360211 0.125923 0.034880 0.015359 0.044895 0.197252 0.037263 0.017159 
0.003316 0.147432 0.390249 0.156840 0.026542 0.016583 0.038458 0.177515 0.030600 0.012465 
0.013235 0.186574 0.349118 0.137705 0.036498 0.018781 0.038084 0.177277 0.028171 0.014557 
0.016238 0.168075 0.326971 0.132426 0.020473 0.016155 0.034646 0.225807 0.039735 0.019472 
0.009694 0.112935 0.377745 0.116362 0.093753 0.027712 0.083659 0.111594 0.044145 0.022401 
0.004049 0.276529 0.218643 0.207563 0.106153 0.054837 0.051558 0.047507 0.022873 0.010289 
0.005506 0.170372 0.216273 0.233517 0.175469 0.041439 0.028856 0.100375 0.008587 0.019606 
0.010989 0.084978 0.249176 0.193652 0.188566 0.059497 0.037988 0.140615 0.017661 0.016879 
0.001337 0.076093 0.281438 0.242553 0.197606 0.057501 0.035588 0.067051 0.021751 0.019080 
0.011073 0.099087 0.220564 0.254101 0.226273 0.045953 0.057258 0.050115 0.019823 0.015751 
0.011636 0.119517 0.181278 0.221755 0.215802 0.077812 0.076153 0.037810 0.041090 0.017148 
0.012373 0.100971 0.192501 0.266935 0.214194 0.063760 0.069501 0.036165 0.024873 0.018727 
0.008126 0.094331 0.197941 0.273432 0.252240 0.060552 0.049477 0.030254 0.017402 0.016247 
0.000542 0.089168 0.215684 0.301912 0.252743 0.055594 0.029487 0.035097 0.009265 0.010507 
0.003258 0.092754 0.207348 0.313070 0.249157 0.065472 0.026355 0.028351 0.007575 0.006659 
0.017231 0.120646 0.185554 0.260746 0.267358 0.075487 0.027634 0.020988 0.014550 0.009807 
0.010583 0.109049 0.198918 0.237859 0.244446 0.084248 0.040922 0.030222 0.025352 0.018401 
0.003230 0.094941 0.220173 0.305057 0.234978 0.047701 0.032179 0.022905 0.023783 0.015053 
0.015244 0.103298 0.233827 0.222030 0.187387 0.092025 0.041303 0.053901 0.028684 0.022302 
0.006782 0.113641 0.307788 0.194845 0.093090 0.044552 0.106305 0.055786 0.057277 0.019934 
0.001572 0.322664 0.234386 0.120788 0.136065 0.045267 0.049855 0.042833 0.025458 0.021113 
0.011240 0.132476 0.260791 0.256684 0.177500 0.065787 0.039274 0.023285 0.022419 0.010542 
0.001806 0.094886 0.250129 0.298242 0.226024 0.057992 0.030780 0.021558 0.009700 0.008883 
0.003139 0.069982 0.255666 0.300265 0.241196 0.064017 0.029029 0.016875 0.010879 0.008952 
0.001224 0.082353 0.238227 0.293562 0.226130 0.066662 0.034541 0.027203 0.022058 0.008039 
0.018160 0.104129 0.194964 0.285627 0.261708 0.052248 0.037629 0.019220 0.018496 0.007819 
0.011973 0.120279 0.261709 0.229075 0.158771 0.092211 0.043744 0.045250 0.025148 0.011840 
0.024128 0.101118 0.392098 0.240102 0.086708 0.036503 0.023357 0.058296 0.022312 0.015379 
0.009718 0.273343 0.301871 0.154034 0.074064 0.054784 0.037575 0.060009 0.015307 0.019295 
0.008064 0.204071 0.372717 0.158166 0.080924 0.064808 0.025689 0.035071 0.024423 0.026065 
0.005749 0.060529 0.368078 0.268562 0.135046 0.032267 0.039373 0.035098 0.016924 0.038374 
0.017313 0.091592 0.464653 0.156310 0.116034 0.086125 0.018241 0.011811 0.024128 0.013794 
0.011984 0.110147 0.565986 0.060535 0.106395 0.050331 0.016213 0.029656 0.025560 0.023193 
0.000247 0.145017 0.364080 0.125411 0.079742 0.065455 0.084789 0.057811 0.057518 0.019929 
0.009519 0.282587 0.358920 0.099410 0.102806 0.034049 0.046593 0.027232 0.021001 0.017883 
0.026100 0.132381 0.353135 0.203456 0.143019 0.053431 0.050486 0.012148 0.015530 0.010314 
0.013242 0.132399 0.351272 0.185563 0.154346 0.074241 0.045010 0.015428 0.016617 0.011883 
0.012714 0.115670 0.332094 0.231557 0.121914 0.082674 0.049934 0.019981 0.022415 0.011047 
0.006374 0.103450 0.304775 0.181454 0.176207 0.066208 0.071799 0.033675 0.036149 0.019909 
0.008253 0.080900 0.450782 0.142455 0.108747 0.063051 0.053126 0.037133 0.032012 0.023541 
0.006712 0.060609 0.317153 0.259065 0.224798 0.063402 0.024372 0.010239 0.014042 0.019607 
0.011522 0.083350 0.230068 0.233358 0.268077 0.056204 0.041763 0.018131 0.025417 0.032109 
0.003470 0.071867 0.237119 0.217674 0.294002 0.059573 0.040619 0.026588 0.021418 0.027671 
0.007026 0.044973 0.265112 0.238553 0.264214 0.080870 0.043016 0.015625 0.025900 0.014710 
0.009639 0.068489 0.270178 0.169367 0.210589 0.059379 0.053263 0.058115 0.071333 0.029647 
0.018842 0.089616 0.279286 0.214800 0.283790 0.017876 0.031675 0.026526 0.026019 0.011570 
0.009557 0.057450 0.393915 0.097601 0.205932 0.047891 0.059440 0.071410 0.035649 0.021154 
0.012240 0.201031 0.300700 0.109527 0.136530 0.047296 0.057026 0.048007 0.058745 0.028898 
0.024155 0.251715 0.330079 0.167742 0.121588 0.036969 0.029596 0.019328 0.010202 0.008626 
0.002593 0.119303 0.349932 0.275993 0.135726 0.040048 0.030638 0.013601 0.020673 0.011493 
0.006169 0.100740 0.377107 0.204685 0.071394 0.037534 0.060313 0.067146 0.064296 0.010617 
0.016646 0.178912 0.301062 0.227581 0.091902 0.031089 0.041961 0.043456 0.048364 0.019027 
0.020589 0.214023 0.399259 0.195806 0.062157 0.030437 0.029020 0.023171 0.016601 0.008936 
0.007757 0.181640 0.318969 0.157603 0.106314 0.073785 0.034112 0.056318 0.028139 0.035363 
0.009688 0.100881 0.310831 0.279870 0.072438 0.030430 0.060666 0.064623 0.038025 0.032546 
0.006755 0.192100 0.188507 0.368625 0.086910 0.040509 0.035343 0.040361 0.032276 0.008615 
0.012258 0.256350 0.326171 0.245218 0.047041 0.025950 0.022907 0.017967 0.031583 0.014554 
0.017017 0.207775 0.428043 0.190208 0.050302 0.031245 0.017129 0.013541 0.033214 0.011527 
0.030076 0.216219 0.315238 0.212923 0.056363 0.035147 0.042282 0.007742 0.061997 0.022013 
0.020216 0.124220 0.318753 0.222798 0.073127 0.039056 0.051211 0.033771 0.090706 0.026144 
0.002537 0.037779 0.276341 0.279050 0.132644 0.096162 0.065867 0.040231 0.054062 0.015327 
0.000540 0.166890 0.328047 0.187900 0.108484 0.062047 0.059206 0.030864 0.026536 0.029486 
0.002526 0.294906 0.239376 0.138266 0.086123 0.099393 0.034158 0.050122 0.029771 0.025359 
0.006724 0.103440 0.233078 0.186507 0.145209 0.093659 0.059820 0.112144 0.034169 0.025249 
0.001057 0.086563 0.195891 0.224535 0.257942 0.044989 0.044783 0.085813 0.030837 0.027592 
0.006213 0.084363 0.180676 0.254892 0.253809 0.073899 0.041929 0.058138 0.029588 0.016494 
0.002385 0.063978 0.198933 0.282898 0.222613 0.093468 0.038524 0.051491 0.028025 0.017686 
0.011702 0.101664 0.130626 0.318951 0.224346 0.091865 0.038577 0.044973 0.021534 0.015764 
0.007257 0.119600 0.109012 0.287202 0.254349 0.102884 0.042769 0.034206 0.017811 0.024910 
0.004814 0.109066 0.162950 0.288131 0.226227 0.066605 0.080142 0.027946 0.018267 0.015852 
0.009736 0.111197 0.167928 0.292466 0.212555 0.117332 0.026967 0.023187 0.024066 0.014566 
0.001458 0.097470 0.226147 0.289479 0.199693 0.091427 0.031194 0.017004 0.029121 0.017007 
0.005266 0.099942 0.240876 0.295691 0.202950 0.075585 0.031990 0.019661 0.022160 0.005878 
0.019648 0.129056 0.200336 0.291199 0.229912 0.030379 0.041182 0.022673 0.022813 0.012802 
0.013946 0.098482 0.167227 0.258671 0.236309 0.088470 0.043221 0.038675 0.035089 0.019910 
0.001129 0.094285 0.142390 0.266576 0.197284 0.113142 0.053986 0.068226 0.045877 0.017105 
0.009116 0.184523 0.293759 0.173335 0.114665 0.067445 0.061872 0.041434 0.031734 0.022117 
0.020330 0.236333 0.220620 0.168723 0.133676 0.093775 0.040237 0.049036 0.031029 0.006242 
0.004538 0.096678 0.213543 0.239599 0.185190 0.118316 0.048159 0.040452 0.036929 0.016595 
0.006171 0.101579 0.201545 0.247063 0.220958 0.097291 0.054127 0.033865 0.027459 0.009941 
0.007960 0.078775 0.289904 0.202402 0.218756 0.074013 0.028952 0.058628 0.028406 0.012202 
0.004380 0.105640 0.272879 0.186914 0.203201 0.072059 0.040445 0.060362 0.047268 0.006853 
0.002473 0.082634 0.328831 0.189101 0.194142 0.072540 0.035152 0.051679 0.034695 0.008753 
0.010135 0.129038 0.281580 0.198828 0.189226 0.058949 0.040679 0.042093 0.026451 0.023020 
0.010814 0.151634 0.310163 0.227901 0.135328 0.057795 0.021330 0.038268 0.028297 0.018470 
0.026842 0.213998 0.231995 0.222328 0.083334 0.068281 0.046770 0.042904 0.034248 0.029299 
0.005116 0.142228 0.313760 0.162882 0.144880 0.093558 0.055612 0.033364 0.028452 0.020147 
0.002246 0.136392 0.270652 0.229303 0.126659 0.096945 0.035583 0.051786 0.028976 0.021458 
0.005721 0.096257 0.227750 0.216876 0.193213 0.126563 0.043763 0.027568 0.036970 0.025320 
0.003790 0.096999 0.277610 0.139096 0.168326 0.158250 0.048882 0.030127 0.046506 0.030415 
0.008274 0.224484 0.316845 0.150660 0.085937 0.054118 0.058215 0.053333 0.032334 0.015800 
0.014395 0.320463 0.135672 0.203994 0.121177 0.082429 0.054380 0.015584 0.030692 0.021213 
0.001699 0.116398 0.203053 0.240609 0.164264 0.134658 0.063125 0.022181 0.021581 0.032431 
0.002804 0.085353 0.205599 0.255137 0.174486 0.118103 0.057708 0.020764 0.036315 0.043732 
0.004727 0.106711 0.159914 0.246190 0.180996 0.118786 0.084127 0.025409 0.038456 0.034684 
0.004106 0.098937 0.193099 0.253026 0.187738 0.117855 0.058562 0.013731 0.046578 0.026368 
0.023211 0.169462 0.303833 0.154963 0.132807 0.035304 0.041022 0.034768 0.062728 0.041902 
0.008205 0.069013 0.230607 0.255490 0.206950 0.087739 0.057370 0.025136 0.040890 0.018598 
0.003700 0.057584 0.239257 0.228043 0.230634 0.084291 0.034803 0.074898 0.030085 0.016706 
0.011954 0.045890 0.194180 0.201233 0.253748 0.105149 0.057308 0.089084 0.024066 0.017388 
0.010360 0.055051 0.199175 0.198345 0.215225 0.142318 0.044872 0.082810 0.033848 0.017994 
0.004125 0.048586 0.155441 0.236862 0.208833 0.137282 0.053358 0.076112 0.049429 0.029972 
0.000676 0.062297 0.190393 0.241303 0.235998 0.094391 0.048476 0.074405 0.036267 0.015795 
0.006157 0.115226 0.150168 0.152032 0.169133 0.161081 0.046870 0.111906 0.060221 0.027205 
0.003945 0.085092 0.368213 0.187627 0.122323 0.084837 0.049646 0.060219 0.018171 0.019927 
0.009412 0.159783 0.319055 0.161691 0.114384 0.081859 0.057678 0.044955 0.043789 0.007393 
0.025239 0.334442 0.229638 0.154069 0.074624 0.076551 0.028307 0.027752 0.029623 0.019755 
0.025895 0.214622 0.198076 0.182592 0.137367 0.074041 0.049178 0.052632 0.045141 0.020454 
0.028982 0.202411 0.267557 0.178591 0.109336 0.076927 0.049588 0.041026 0.029770 0.015812 
0.000969 0.220075 0.234778 0.182639 0.129613 0.086060 0.034752 0.053404 0.026495 0.031214 
0.005966 0.194613 0.378889 0.153972 0.104120 0.063841 0.022670 0.029477 0.028179 0.018272 
0.006733 0.158670 0.338545 0.185339 0.091003 0.079493 0.038031 0.040804 0.039250 0.022132 
0.022765 0.233227 0.360493 0.145782 0.066819 0.047009 0.029309 0.035884 0.039100 0.019612 
0.010852 0.190202 0.430687 0.145976 0.069068 0.044889 0.032511 0.030762 0.026241 0.018812 
0.013286 0.201768 0.434333 0.157148 0.064567 0.028633 0.031687 0.024020 0.022754 0.021804 
0.006216 0.238816 0.384579 0.185672 0.058208 0.035572 0.018425 0.021051 0.031776 0.019686 
0.002193 0.168989 0.469910 0.204242 0.051543 0.022029 0.016364 0.023145 0.027443 0.014143 
0.012259 0.290301 0.293728 0.158384 0.099563 0.030819 0.027971 0.017471 0.045170 0.024336 
0.014302 0.110485 0.224274 0.229185 0.202875 0.084675 0.064791 0.033144 0.023040 0.013229 
0.016233 0.250677 0.283561 0.105099 0.134524 0.053587 0.050951 0.063417 0.025332 0.016618 
0.026612 0.218271 0.292351 0.153285 0.145792 0.055319 0.035903 0.053636 0.006767 0.012065 
0.006586 0.097264 0.308311 0.176280 0.198189 0.057969 0.037907 0.080247 0.021361 0.015885 
0.004294 0.075858 0.310225 0.191403 0.215954 0.053268 0.030030 0.076772 0.028842 0.013354 
0.001070 0.080616 0.243883 0.193408 0.254551 0.069424 0.043875 0.071673 0.030805 0.010696 
0.011621 0.121508 0.140858 0.220464 0.248446 0.097262 0.024896 0.083891 0.036673 0.014380 
0.011050 0.101140 0.256492 0.214385 0.201287 0.091273 0.025245 0.068049 0.025210 0.005869 
0.001493 0.082125 0.261097 0.250159 0.193796 0.067569 0.047987 0.057621 0.027410 0.010743 
0.004317 0.104255 0.262915 0.239951 0.232908 0.031141 0.044694 0.046500 0.021332 0.011987 
0.017055 0.094318 0.191209 0.251045 0.283169 0.060490 0.027484 0.035803 0.022064 0.017364 
0.005185 0.084646 0.173452 0.189657 0.268656 0.095939 0.070126 0.051948 0.039511 0.020880 
0.003010 0.095162 0.198091 0.238479 0.208907 0.101000 0.056664 0.045255 0.034002 0.019430 
0.002948 0.106626 0.224895 0.303493 0.224826 0.045675 0.028114 0.026013 0.021234 0.016177 
0.001828 0.093643 0.255511 0.280302 0.218288 0.068998 0.021304 0.027263 0.024129 0.008734 
0.006651 0.101417 0.378384 0.139125 0.085493 0.075668 0.083586 0.069891 0.036108 0.023677 
0.018771 0.286111 0.254679 0.137143 0.080445 0.058521 0.065388 0.043283 0.032791 0.022868 
0.033329 0.192901 0.196615 0.208694 0.193505 0.046899 0.066506 0.021058 0.022860 0.017633 
0.018990 0.117630 0.155947 0.260204 0.262797 0.052838 0.040405 0.021510 0.040575 0.029105 
0.023128 0.112773 0.271220 0.220204 0.185310 0.064341 0.037842 0.037241 0.030419 0.017521 
0.005167 0.089643 0.319067 0.260210 0.187147 0.047935 0.039021 0.023702 0.016916 0.011191 
0.001792 0.061642 0.245062 0.195539 0.174552 0.048307 0.152055 0.071204 0.026591 0.023256 
0.007711 0.086293 0.217795 0.176206 0.186065 0.046338 0.188830 0.047456 0.033889 0.009419 
0.006439 0.066161 0.146874 0.164194 0.113270 0.080706 0.217965 0.077778 0.051724 0.074888 
0.004802 0.071827 0.152869 0.153045 0.135295 0.064980 0.210133 0.072818 0.042256 0.091975 
0.003086 0.050946 0.158617 0.066406 0.154022 0.127432 0.270605 0.046081 0.052832 0.069973 
0.001560 0.051024 0.250298 0.173811 0.133002 0.149082 0.121279 0.064246 0.024334 0.031365 
0.002840 0.058780 0.262815 0.198097 0.105648 0.153824 0.122005 0.033218 0.039385 0.023388 
0.004808 0.068087 0.164010 0.116009 0.199022 0.207238 0.090391 0.042116 0.080508 0.027810 
0.000411 0.086079 0.341882 0.153336 0.131944 0.082086 0.073972 0.069360 0.037197 0.023732 
0.014130 0.320041 0.317393 0.106649 0.075478 0.051565 0.044567 0.013390 0.029862 0.026924 
0.028035 0.158340 0.302128 0.182445 0.096833 0.092646 0.056991 0.017166 0.025852 0.039566 
0.000486 0.089368 0.315481 0.213994 0.128068 0.085801 0.060529 0.016106 0.038125 0.052042 
0.015839 0.088642 0.279354 0.234233 0.097027 0.074199 0.074362 0.032899 0.053615 0.049831 
0.000938 0.090366 0.270949 0.214759 0.167630 0.082265 0.067089 0.019318 0.043864 0.042821 
0.014092 0.092946 0.313141 0.104087 0.122894 0.161874 0.068090 0.031704 0.059825 0.031345 
0.002286 0.049471 0.248732 0.225001 0.093887 0.158791 0.104528 0.033377 0.052683 0.031245 
0.006018 0.107696 0.226764 0.217428 0.198465 0.097099 0.047360 0.022535 0.064533 0.012102 
0.008667 0.096586 0.169848 0.232390 0.272567 0.071219 0.033631 0.009673 0.084986 0.020432 
0.017775 0.118318 0.139763 0.210207 0.290547 0.085048 0.023414 0.019875 0.065812 0.029242 
0.008138 0.107401 0.157148 0.178960 0.225033 0.118363 0.057886 0.030504 0.083802 0.032765 
0.004407 0.114001 0.192182 0.218350 0.242063 0.063646 0.050274 0.013632 0.083405 0.018040 
0.007014 0.157949 0.207241 0.093572 0.247954 0.068389 0.045002 0.049965 0.094139 0.028773 
0.003994 0.072016 0.186432 0.216427 0.120881 0.104857 0.075154 0.120371 0.073902 0.025965 
0.017773 0.217017 0.285351 0.156545 0.098486 0.058734 0.058053 0.056918 0.033241 0.017882 
0.050627 0.223191 0.203703 0.160023 0.125354 0.066827 0.027805 0.051833 0.068745 0.021892 
0.004843 0.187524 0.346471 0.161156 0.099562 0.067162 0.023885 0.054405 0.039742 0.015249 
0.005209 0.129931 0.280551 0.240081 0.100289 0.058537 0.072998 0.042349 0.052397 0.017657 
0.006933 0.079448 0.335707 0.196231 0.112589 0.065834 0.075748 0.070753 0.040330 0.016427 
0.008881 0.169915 0.393944 0.113179 0.142568 0.049005 0.032687 0.042083 0.034074 0.013665 
0.015604 0.187433 0.382306 0.079823 0.168447 0.040754 0.038157 0.030950 0.036204 0.020322 
0.002199 0.068419 0.255056 0.298089 0.164231 0.053974 0.059500 0.046306 0.033096 0.019129 
0.005018 0.122283 0.282832 0.217704 0.195163 0.051463 0.034378 0.035671 0.032184 0.023303 
0.012464 0.224211 0.256553 0.167261 0.180577 0.042978 0.019109 0.058509 0.029943 0.008396 
0.017043 0.197711 0.252802 0.118684 0.197982 0.050991 0.035370 0.058365 0.057615 0.013437 
0.011002 0.233127 0.191747 0.125413 0.229147 0.067379 0.030620 0.043465 0.053879 0.014220 
0.013064 0.235486 0.194040 0.147090 0.259501 0.056162 0.016976 0.022788 0.039614 0.015279 
0.012638 0.164181 0.294350 0.119013 0.253288 0.038622 0.035545 0.024097 0.039491 0.018775 
0.019145 0.177573 0.303793 0.170734 0.145731 0.045914 0.064251 0.034137 0.024899 0.013822 
0.032065 0.315643 0.222657 0.145847 0.106604 0.074441 0.020561 0.024953 0.028367 0.028862 
0.007664 0.135733 0.268171 0.206232 0.129310 0.109840 0.030457 0.042603 0.025210 0.044779 
0.001938 0.096187 0.290969 0.212198 0.162663 0.101680 0.036273 0.031780 0.028576 0.037736 
0.006265 0.093649 0.292404 0.276080 0.159617 0.056800 0.036871 0.028333 0.023823 0.026158 
0.001062 0.087055 0.217824 0.314164 0.203155 0.053205 0.022309 0.038461 0.034748 0.028016 
0.005241 0.062930 0.161962 0.299871 0.291645 0.050662 0.025384 0.030207 0.041012 0.031086 
0.015283 0.084578 0.163847 0.257631 0.300820 0.042498 0.031576 0.032968 0.037795 0.033004 
0.007684 0.075061 0.182816 0.204883 0.221582 0.086950 0.078154 0.064390 0.033986 0.044493 
0.001395 0.040878 0.224092 0.241916 0.246377 0.061935 0.070137 0.049284 0.019725 0.044260 
0.004147 0.065745 0.191885 0.294283 0.174385 0.057431 0.043387 0.076854 0.030021 0.061861 
0.003235 0.050308 0.215018 0.291627 0.205923 0.038050 0.038345 0.066453 0.039199 0.051841 
0.003389 0.063784 0.206770 0.282192 0.228458 0.054271 0.035712 0.062165 0.029991 0.033268 
0.014612 0.072053 0.201730 0.269960 0.249811 0.038553 0.041844 0.046568 0.033935 0.030934 
0.008608 0.078335 0.251537 0.250933 0.227499 0.058979 0.035483 0.031068 0.037300 0.020260 
0.005343 0.196152 0.327115 0.122715 0.074287 0.069237 0.054181 0.065477 0.052407 0.033086 
0.008818 0.228763 0.253095 0.139800 0.145268 0.062418 0.045491 0.039728 0.031068 0.045551 
0.004807 0.088487 0.299105 0.171948 0.237110 0.070618 0.048164 0.028858 0.027684 0.023218 
0.005178 0.054153 0.212441 0.306887 0.262910 0.051983 0.043048 0.023732 0.021990 0.017677 
0.005979 0.053477 0.120206 0.337624 0.254609 0.057834 0.064085 0.044494 0.026532 0.035162 
0.014261 0.084783 0.141967 0.301819 0.235354 0.069270 0.048978 0.031895 0.041087 0.030587 
0.014429 0.055818 0.210669 0.308593 0.237694 0.042625 0.053868 0.024272 0.028532 0.023500 
0.007415 0.072485 0.261994 0.270854 0.181835 0.060219 0.053234 0.035045 0.027677 0.029243 
0.004777 0.062373 0.256990 0.328898 0.089621 0.091241 0.053538 0.047230 0.023994 0.041339 
0.004302 0.088705 0.227684 0.185381 0.132460 0.121776 0.088767 0.065203 0.031978 0.053744 
0.001404 0.081282 0.206551 0.222413 0.211564 0.081004 0.057103 0.050168 0.047187 0.041324 
0.007289 0.067938 0.410306 0.256532 0.096219 0.028564 0.032441 0.043583 0.028252 0.028877 
0.012952 0.114092 0.315579 0.115462 0.195211 0.053362 0.050930 0.041460 0.041643 0.059309 
0.013814 0.094161 0.254560 0.150682 0.189686 0.107178 0.100635 0.042922 0.013960 0.032401 
0.015739 0.232002 0.275963 0.151170 0.104418 0.062376 0.068874 0.047231 0.025205 0.017021 
0.031001 0.269629 0.235560 0.192887 0.091669 0.057478 0.048382 0.024562 0.028792 0.020041 
0.008042 0.135615 0.213141 0.231643 0.117758 0.105538 0.079608 0.040557 0.035531 0.032566 
0.010548 0.109760 0.177786 0.311497 0.129700 0.142375 0.048070 0.018110 0.029746 0.022408 
0.007542 0.077926 0.190898 0.257542 0.169578 0.107056 0.083714 0.022046 0.025997 0.057699 
0.002580 0.124057 0.181149 0.177849 0.089333 0.128071 0.138974 0.052115 0.019907 0.085964 
0.003485 0.110291 0.221779 0.215664 0.162679 0.103508 0.085703 0.034015 0.035694 0.027183 
0.014485 0.128993 0.209108 0.226169 0.233897 0.062019 0.030504 0.044579 0.024741 0.025505 
0.007414 0.076302 0.158147 0.236439 0.212030 0.091154 0.045897 0.098278 0.034538 0.039801 
0.013759 0.106879 0.150242 0.212378 0.230452 0.078592 0.047160 0.098966 0.023461 0.038111 
0.008020 0.111376 0.187950 0.218870 0.160965 0.079527 0.067548 0.094382 0.031911 0.039450 
0.000244 0.118825 0.207748 0.233403 0.114050 0.075359 0.073221 0.096870 0.040026 0.040254 
0.007508 0.183715 0.138981 0.166001 0.160632 0.066586 0.048661 0.128138 0.055204 0.044573 
0.009169 0.096562 0.268568 0.198389 0.163358 0.065378 0.044127 0.064916 0.043987 0.045546 
0.000060 0.071937 0.359046 0.189665 0.136865 0.044261 0.058085 0.056640 0.048185 0.035255 
0.011908 0.305025 0.173361 0.131328 0.066535 0.120773 0.074014 0.046845 0.031821 0.038390 
0.038531 0.224760 0.340496 0.152733 0.083840 0.026842 0.047011 0.033284 0.020328 0.032174 
0.029740 0.215677 0.334220 0.115917 0.097970 0.041305 0.051478 0.048907 0.026298 0.038487 
0.004561 0.163817 0.324589 0.208554 0.078793 0.059471 0.055682 0.042657 0.028931 0.032946 
0.008982 0.201021 0.383376 0.130907 0.067847 0.056222 0.063320 0.038949 0.016471 0.032907 
0.005474 0.179689 0.302294 0.175457 0.095792 0.050650 0.063542 0.047243 0.036820 0.043040 
0.015895 0.252638 0.361253 0.139911 0.057433 0.037490 0.044706 0.035445 0.018590 0.036639 
0.004008 0.124067 0.366369 0.100063 0.047214 0.088129 0.030472 0.044117 0.150589 0.044970 
0.005669 0.141144 0.256386 0.086392 0.043762 0.047904 0.026473 0.037609 0.277973 0.076688 
0.003424 0.156067 0.267332 0.040270 0.033344 0.069698 0.040289 0.045029 0.123049 0.221497 
0.006324 0.154485 0.296288 0.080664 0.047054 0.065250 0.043620 0.043184 0.065344 0.197786 
0.016040 0.163641 0.141829 0.063387 0.040063 0.053582 0.032564 0.059188 0.198717 0.230988 
0.004380 0.121695 0.133119 0.060229 0.035359 0.044284 0.031159 0.065438 0.334857 0.169480 
0.000575 0.098335 0.337581 0.151664 0.073374 0.054241 0.073500 0.068198 0.105294 0.037238 
0.007992 0.297403 0.158515 0.136283 0.080568 0.038822 0.057541 0.059676 0.120523 0.042678 
0.009419 0.098479 0.134851 0.207931 0.112505 0.045376 0.033365 0.111749 0.194752 0.051573 
0.007991 0.079039 0.101467 0.219980 0.089881 0.066011 0.026971 0.108650 0.236812 0.063197 
