Especially-in-Michigan,RHCP
0.133008 0.209958 0.337540 0.152664 0.030751 0.016766 0.024946 0.031652 0.026570 0.036146 
0.000000 0.000000 0.000000 0.000000 0.000000 0.000000 0.000000 0.000000 0.000000 0.000000 
0.000000 0.000000 0.000000 0.000000 0.000000 0.000000 0.000000 0.000000 0.000000 0.000000 
0.000000 0.000000 0.000000 0.000000 0.000000 0.000000 0.000000 0.000000 0.000000 0.000000 
0.017873 0.110811 0.330715 0.181942 0.077721 0.051767 0.102265 0.061075 0.033726 0.032105 
0.035158 0.209141 0.181915 0.167751 0.112509 0.019935 0.076441 0.072994 0.063665 0.060491 
0.036533 0.351237 0.315510 0.089621 0.049093 0.036795 0.025841 0.031464 0.048063 0.015844 
0.014554 0.155711 0.192768 0.202797 0.124228 0.037907 0.082186 0.061598 0.068856 0.059395 
0.029540 0.363539 0.405045 0.075684 0.029837 0.029708 0.029833 0.008673 0.015593 0.012547 
0.042290 0.392348 0.267636 0.126061 0.041915 0.070716 0.018033 0.017725 0.015596 0.007679 
0.004382 0.111878 0.337442 0.248131 0.083999 0.120416 0.031411 0.027122 0.023571 0.011649 
0.013359 0.096733 0.298108 0.220743 0.071207 0.056416 0.063886 0.013993 0.091294 0.074261 
0.007605 0.056910 0.248473 0.257143 0.072369 0.045950 0.076610 0.017016 0.113033 0.104890 
0.011540 0.057741 0.257128 0.275958 0.072229 0.040108 0.084702 0.015831 0.084693 0.100070 
0.011280 0.090637 0.268833 0.203518 0.095102 0.021434 0.066208 0.023321 0.099790 0.119878 
0.002560 0.154714 0.329046 0.127271 0.088919 0.026713 0.038948 0.028861 0.078510 0.124458 
0.010370 0.076646 0.423915 0.119890 0.068402 0.027127 0.024158 0.028562 0.086691 0.134239 
0.001542 0.071897 0.475524 0.096157 0.095323 0.035210 0.020534 0.023755 0.077404 0.102654 
0.009803 0.274629 0.349668 0.199789 0.035080 0.024046 0.029884 0.011032 0.020307 0.045762 
0.011066 0.081430 0.462282 0.253721 0.045145 0.018413 0.033723 0.009813 0.041972 0.042437 
0.016676 0.071572 0.423644 0.268006 0.071629 0.015759 0.023370 0.012337 0.036741 0.060267 
0.005993 0.140973 0.339106 0.234887 0.069530 0.015515 0.054254 0.016463 0.041568 0.081711 
0.007301 0.204036 0.405007 0.172103 0.040816 0.008538 0.076460 0.008551 0.014086 0.063102 
0.003008 0.038402 0.253336 0.372093 0.056352 0.047062 0.131790 0.009011 0.035331 0.053614 
0.010314 0.048088 0.267528 0.346331 0.096457 0.032541 0.089730 0.012774 0.026530 0.069705 
0.013339 0.058398 0.283858 0.334955 0.061422 0.018608 0.070046 0.017529 0.038959 0.102886 
0.009407 0.043774 0.299062 0.297284 0.081903 0.027410 0.077955 0.023559 0.025927 0.113719 
0.008359 0.114737 0.382360 0.187699 0.083731 0.026748 0.068478 0.018617 0.035404 0.073867 
0.016980 0.219823 0.333432 0.184362 0.067690 0.023853 0.043592 0.027017 0.030019 0.053233 
0.001076 0.093123 0.400464 0.212996 0.070381 0.019547 0.066259 0.033358 0.033086 0.069711 
0.003656 0.034873 0.435790 0.229677 0.088545 0.029302 0.049113 0.025787 0.015159 0.088098 
0.016940 0.164083 0.348489 0.206483 0.061705 0.020059 0.046988 0.022406 0.040473 0.072373 
0.022216 0.210584 0.268619 0.211048 0.046004 0.027934 0.064016 0.039573 0.055053 0.054951 
0.009038 0.055267 0.275206 0.291844 0.091787 0.020179 0.074807 0.040031 0.069248 0.072593 
0.005756 0.035045 0.261451 0.225137 0.097489 0.038518 0.060517 0.040000 0.090721 0.145366 
0.010731 0.048808 0.305421 0.191037 0.075398 0.037803 0.075285 0.014614 0.061731 0.179173 
0.011338 0.056932 0.278823 0.194884 0.039528 0.015862 0.058402 0.040839 0.127228 0.176166 
0.013840 0.057674 0.305564 0.136469 0.071513 0.025805 0.052176 0.041184 0.109444 0.186331 
0.028849 0.253578 0.374944 0.086577 0.042825 0.022287 0.022379 0.014875 0.024323 0.129362 
0.028530 0.275228 0.325336 0.092423 0.055307 0.021951 0.038711 0.013164 0.034060 0.115290 
0.018641 0.085810 0.293856 0.189737 0.121216 0.026404 0.052358 0.027471 0.058306 0.126201 
0.003696 0.091874 0.263407 0.280528 0.067777 0.043787 0.079279 0.023589 0.066541 0.079522 
0.004199 0.224212 0.370956 0.197875 0.041963 0.024133 0.045044 0.008133 0.019739 0.063746 
0.005193 0.050396 0.317799 0.305151 0.053455 0.020430 0.095940 0.013018 0.053489 0.085129 
0.012431 0.047870 0.367681 0.283884 0.066126 0.022719 0.080433 0.008601 0.033814 0.076440 
0.008178 0.043241 0.303799 0.365580 0.054990 0.027499 0.070260 0.014474 0.041135 0.070843 
0.015941 0.072988 0.340723 0.351181 0.046675 0.009710 0.055214 0.009805 0.032373 0.065391 
0.012631 0.048270 0.252225 0.322115 0.106674 0.029869 0.064514 0.050246 0.041798 0.071658 
0.006893 0.204992 0.320934 0.256700 0.049926 0.021074 0.077876 0.014973 0.010452 0.036180 
0.006954 0.055287 0.271700 0.300083 0.096775 0.037848 0.134989 0.023572 0.030637 0.042155 
0.009409 0.049555 0.292254 0.371214 0.060579 0.023325 0.089489 0.016374 0.032156 0.055645 
0.006399 0.049773 0.272610 0.307623 0.081273 0.029206 0.085241 0.020123 0.039986 0.107765 
0.008926 0.035113 0.268596 0.323880 0.069707 0.015822 0.086787 0.022058 0.041274 0.127839 
0.008217 0.040368 0.259713 0.335124 0.063343 0.022985 0.100097 0.031325 0.042650 0.096178 
0.021564 0.151654 0.244477 0.236609 0.113266 0.043421 0.045506 0.044289 0.052123 0.047090 
0.032391 0.285741 0.328597 0.105554 0.079147 0.025531 0.045299 0.023018 0.032706 0.042016 
0.017700 0.113233 0.411400 0.178930 0.086030 0.016604 0.051021 0.027758 0.040556 0.056769 
0.007196 0.249986 0.408801 0.120770 0.069756 0.017874 0.020887 0.027332 0.020839 0.056560 
0.009561 0.083619 0.333806 0.281577 0.090896 0.011908 0.034031 0.019974 0.054911 0.079718 
0.007133 0.038545 0.400083 0.271747 0.069816 0.027753 0.035667 0.025675 0.057061 0.066520 
0.019998 0.132543 0.396135 0.134725 0.067534 0.031409 0.044119 0.026232 0.088052 0.059255 
0.003859 0.303390 0.451593 0.111994 0.026020 0.039045 0.022985 0.014217 0.014922 0.011974 
0.006119 0.243725 0.321380 0.222533 0.073800 0.078680 0.019475 0.012217 0.013081 0.008990 
0.008920 0.086744 0.322139 0.278114 0.087908 0.086419 0.025377 0.023008 0.036785 0.044586 
0.009783 0.090749 0.248334 0.281821 0.090148 0.041103 0.046894 0.030583 0.092317 0.068268 
0.003288 0.057284 0.224568 0.306339 0.093263 0.027421 0.055553 0.030306 0.091900 0.110077 
0.001110 0.025465 0.232245 0.329160 0.112281 0.032748 0.060215 0.013932 0.073877 0.118968 
0.013502 0.156036 0.310432 0.146364 0.094338 0.035699 0.032088 0.031196 0.066853 0.113491 
0.010974 0.179179 0.299313 0.197686 0.073157 0.033968 0.050506 0.035813 0.030972 0.088433 
0.004743 0.044289 0.375075 0.212527 0.107511 0.040534 0.054768 0.021915 0.042653 0.095985 
0.000910 0.140924 0.397947 0.162919 0.060398 0.051201 0.043610 0.017915 0.037243 0.086934 
0.000640 0.222307 0.432751 0.157528 0.032159 0.007649 0.042767 0.011060 0.032888 0.060251 
0.001634 0.035854 0.381788 0.259106 0.070460 0.022814 0.068852 0.021598 0.042196 0.095697 
0.009620 0.065605 0.333681 0.227067 0.121854 0.052977 0.045548 0.032704 0.055644 0.055301 
0.023329 0.177590 0.295309 0.257577 0.076236 0.015724 0.054431 0.023092 0.029829 0.046881 
0.034863 0.191802 0.228045 0.225110 0.088745 0.023446 0.100143 0.017170 0.039146 0.051529 
0.006004 0.034031 0.227127 0.293460 0.105439 0.022412 0.153698 0.025205 0.059384 0.073240 
0.009029 0.045722 0.216161 0.300221 0.139192 0.040398 0.114730 0.020661 0.050013 0.063872 
0.012313 0.047624 0.250847 0.319623 0.109666 0.025923 0.085063 0.019063 0.045183 0.084694 
0.015532 0.067613 0.260417 0.311718 0.106147 0.019219 0.072663 0.015578 0.035747 0.095366 
0.006620 0.136440 0.335170 0.206466 0.105136 0.021865 0.058773 0.024075 0.032976 0.072477 
0.016359 0.163086 0.374713 0.172862 0.060753 0.033077 0.041983 0.027546 0.046656 0.062965 
0.015783 0.087799 0.381258 0.225709 0.070065 0.009601 0.029068 0.010984 0.054144 0.115588 
0.011664 0.063669 0.423059 0.201863 0.079916 0.018349 0.051157 0.020960 0.042036 0.087327 
0.003413 0.191577 0.360048 0.178706 0.071495 0.026301 0.048266 0.011559 0.027165 0.081468 
0.003319 0.052290 0.186564 0.288176 0.149987 0.030414 0.118660 0.045272 0.057222 0.068098 
0.009639 0.036293 0.242952 0.292558 0.145451 0.029043 0.085787 0.015857 0.084449 0.057970 
0.001824 0.024249 0.194642 0.266923 0.203929 0.050741 0.062473 0.032858 0.070140 0.092221 
0.004063 0.038289 0.288925 0.268892 0.135460 0.043008 0.078368 0.035024 0.058666 0.049305 
0.006109 0.039601 0.345190 0.289174 0.131724 0.028832 0.041849 0.028121 0.040170 0.049229 
0.001652 0.026025 0.372143 0.258370 0.116148 0.024358 0.042961 0.020465 0.054550 0.083329 
0.021182 0.209463 0.357122 0.178629 0.048453 0.021054 0.031199 0.007965 0.045020 0.079913 
0.032759 0.196071 0.309556 0.210536 0.063861 0.030271 0.055915 0.014819 0.023669 0.062545 
0.001519 0.034147 0.313907 0.306535 0.111894 0.020985 0.073637 0.011209 0.050651 0.075516 
0.001716 0.128577 0.261746 0.279552 0.094224 0.030936 0.079227 0.023501 0.039285 0.061237 
0.000173 0.225207 0.394931 0.170301 0.040075 0.018022 0.053714 0.015069 0.023939 0.058570 
0.010526 0.043430 0.238245 0.321820 0.116907 0.043368 0.065168 0.027534 0.074393 0.058609 
0.012042 0.037650 0.305394 0.372699 0.082345 0.019081 0.064803 0.013139 0.036653 0.056193 
0.008362 0.029630 0.285071 0.406977 0.048531 0.015508 0.068795 0.011659 0.043103 0.082363 
0.012996 0.079496 0.274004 0.360160 0.053122 0.019051 0.054961 0.017216 0.046563 0.082432 
0.009602 0.043948 0.231198 0.278981 0.108497 0.040867 0.056876 0.101921 0.083422 0.044689 
0.007975 0.171945 0.418782 0.110549 0.118234 0.022186 0.030097 0.100917 0.014365 0.004951 
0.000639 0.065499 0.490250 0.145009 0.107722 0.027623 0.024685 0.097798 0.024016 0.016762 
0.014180 0.095305 0.464568 0.128376 0.162545 0.012067 0.013934 0.083467 0.019396 0.006162 
0.010366 0.074301 0.455773 0.147343 0.187134 0.024750 0.026721 0.027563 0.034866 0.011183 
0.016897 0.085724 0.385015 0.144674 0.233307 0.027075 0.019456 0.031315 0.045514 0.011024 
0.016931 0.086075 0.421158 0.111866 0.183027 0.045786 0.038908 0.034566 0.044667 0.017016 
0.008319 0.070345 0.408375 0.134503 0.154119 0.028077 0.030009 0.107758 0.042889 0.015606 
0.013461 0.127289 0.449261 0.128635 0.130654 0.011133 0.014658 0.093810 0.020115 0.010986 
0.016824 0.126642 0.422724 0.132388 0.146578 0.018287 0.012233 0.079908 0.029910 0.014507 
0.007185 0.067914 0.433722 0.115521 0.191863 0.047577 0.037720 0.060915 0.020352 0.017231 
0.014292 0.086391 0.451538 0.154940 0.213724 0.014908 0.013072 0.030869 0.012549 0.007717 
0.016760 0.095491 0.444400 0.150935 0.228232 0.018588 0.009262 0.018473 0.009883 0.007977 
0.024304 0.093833 0.418673 0.086773 0.219582 0.055720 0.042743 0.022979 0.020129 0.015265 
0.028209 0.331073 0.394433 0.098696 0.040467 0.041152 0.026925 0.013938 0.016644 0.008462 
0.051868 0.324894 0.220441 0.168514 0.097739 0.073810 0.027544 0.007460 0.017110 0.010621 
0.006421 0.075464 0.331079 0.221248 0.122095 0.085427 0.044112 0.021261 0.043038 0.049855 
0.006026 0.078902 0.352253 0.207475 0.117964 0.037054 0.032379 0.033462 0.040169 0.094317 
0.004856 0.038907 0.199654 0.252511 0.133386 0.040353 0.050156 0.041133 0.112111 0.126934 
0.004723 0.056499 0.225446 0.272961 0.109787 0.035013 0.036348 0.033117 0.098197 0.127909 
0.020939 0.129231 0.283811 0.150674 0.112145 0.027423 0.038174 0.032923 0.088803 0.115876 
0.023529 0.204635 0.344006 0.129130 0.059995 0.035818 0.036178 0.021304 0.070239 0.075166 
0.009855 0.069195 0.355513 0.193712 0.076195 0.018888 0.048283 0.037268 0.083884 0.107208 
0.011726 0.111902 0.380982 0.137857 0.045936 0.043259 0.041677 0.028547 0.083170 0.114944 
0.001711 0.224703 0.412256 0.128672 0.057066 0.016297 0.029551 0.024359 0.049199 0.056186 
0.012090 0.085219 0.355480 0.255629 0.059348 0.022290 0.023698 0.016643 0.071868 0.097735 
0.007414 0.051046 0.341615 0.255718 0.073850 0.029128 0.033932 0.035868 0.078105 0.093325 
0.015058 0.165346 0.340524 0.242514 0.047196 0.030006 0.057629 0.020372 0.039331 0.042024 
0.027978 0.188402 0.229532 0.321082 0.045516 0.020670 0.059320 0.019565 0.029538 0.058398 
0.006508 0.034967 0.311757 0.330830 0.086302 0.027921 0.077383 0.019037 0.045843 0.059452 
0.008464 0.068045 0.296508 0.345548 0.084276 0.051357 0.052245 0.021975 0.037439 0.034143 
0.003065 0.048434 0.317318 0.420799 0.073194 0.018311 0.046490 0.023375 0.030481 0.018533 
0.004209 0.055334 0.351915 0.389735 0.051365 0.023867 0.057320 0.018546 0.025851 0.021858 
0.022804 0.111097 0.233629 0.280440 0.136293 0.035836 0.067357 0.028411 0.048992 0.035142 
0.019941 0.190794 0.361236 0.140721 0.053699 0.019607 0.031502 0.032192 0.062234 0.088073 
0.007680 0.080348 0.325468 0.225825 0.084199 0.033634 0.044252 0.025562 0.063174 0.109859 
0.007074 0.048556 0.390965 0.229944 0.101772 0.031031 0.037021 0.028172 0.034844 0.090621 
0.008135 0.148425 0.391515 0.216798 0.034161 0.028361 0.043392 0.011557 0.027301 0.090355 
0.002437 0.181327 0.361759 0.197739 0.089752 0.012822 0.024145 0.011206 0.034927 0.083887 
0.012013 0.067501 0.308446 0.277281 0.096376 0.026099 0.047079 0.013966 0.050450 0.100789 
0.005565 0.030043 0.313440 0.244726 0.136438 0.021286 0.046558 0.025670 0.046562 0.129711 
0.003020 0.029332 0.345539 0.250131 0.105109 0.027101 0.053508 0.025245 0.049990 0.111025 
0.011784 0.056910 0.373285 0.219703 0.075759 0.039750 0.045627 0.023336 0.034699 0.119146 
0.005375 0.119478 0.446410 0.166048 0.050068 0.021516 0.031217 0.027656 0.026294 0.105938 
0.008941 0.191689 0.334936 0.192685 0.062924 0.020871 0.044826 0.021682 0.052725 0.068722 
0.007150 0.070410 0.323728 0.299084 0.045302 0.008274 0.063947 0.012090 0.046139 0.123874 
0.013906 0.070089 0.391165 0.256213 0.066666 0.012759 0.054933 0.013614 0.023909 0.096746 
0.002268 0.129484 0.324041 0.260860 0.064550 0.025553 0.067362 0.029260 0.035327 0.061296 
0.001013 0.215603 0.319109 0.177884 0.082214 0.023349 0.050198 0.024915 0.059887 0.045829 
0.003379 0.026016 0.196822 0.389389 0.108010 0.011004 0.064931 0.015027 0.113157 0.072265 
0.009728 0.050546 0.241725 0.366819 0.102007 0.015877 0.052758 0.018598 0.068231 0.073711 
0.001903 0.022475 0.269304 0.376060 0.107264 0.024665 0.075849 0.017983 0.047683 0.056815 
0.006064 0.032787 0.272757 0.394303 0.063445 0.022684 0.101329 0.016882 0.051800 0.037948 
0.004222 0.048943 0.204943 0.352092 0.087760 0.040972 0.060275 0.039062 0.108182 0.053549 
0.004987 0.187005 0.326174 0.216287 0.098067 0.021513 0.036502 0.033838 0.038073 0.037554 
0.004125 0.056392 0.194655 0.263928 0.131330 0.026997 0.096821 0.037923 0.087890 0.099938 
0.005341 0.029449 0.246291 0.264090 0.119631 0.031664 0.151572 0.026648 0.047139 0.078176 
0.002860 0.029621 0.251718 0.285862 0.154920 0.046918 0.122102 0.021843 0.028792 0.055364 
0.012876 0.051047 0.299682 0.305061 0.108250 0.026176 0.085038 0.012227 0.021557 0.078084 
0.018118 0.070577 0.301437 0.248085 0.123297 0.017790 0.076414 0.011525 0.036921 0.095837 
0.005083 0.164859 0.409608 0.167326 0.085444 0.019955 0.050761 0.024168 0.016774 0.056022 
0.004399 0.195077 0.220805 0.184128 0.111295 0.028485 0.072701 0.027928 0.051465 0.103716 
0.004826 0.077793 0.302279 0.200827 0.095824 0.054297 0.064760 0.021538 0.071617 0.106239 
0.007113 0.222500 0.377682 0.117508 0.079332 0.038250 0.036654 0.022890 0.022154 0.075917 
0.001098 0.126611 0.258915 0.271429 0.118852 0.024963 0.065397 0.026976 0.043779 0.061982 
0.003158 0.027863 0.261660 0.273873 0.146848 0.037005 0.075550 0.039760 0.064533 0.069749 
0.041374 0.261477 0.460500 0.082749 0.037902 0.033266 0.022640 0.015237 0.029607 0.015248 
0.028325 0.248223 0.211070 0.183378 0.082954 0.056050 0.077877 0.051862 0.031501 0.028760 
0.009932 0.127511 0.286893 0.210057 0.133849 0.086591 0.048224 0.029864 0.040959 0.026120 
0.009059 0.089250 0.310171 0.227601 0.122291 0.099170 0.033233 0.035540 0.037398 0.036285 
0.000714 0.061064 0.284313 0.283587 0.101402 0.032864 0.082832 0.033099 0.057455 0.062668 
0.001231 0.036272 0.194434 0.261609 0.150377 0.085642 0.097355 0.012893 0.072326 0.087860 
0.003384 0.058494 0.220456 0.286178 0.127901 0.032391 0.085134 0.025497 0.052278 0.108286 
0.007190 0.126812 0.304845 0.154717 0.104000 0.043075 0.050118 0.022785 0.076847 0.109611 
0.005788 0.182364 0.272520 0.229415 0.064137 0.044251 0.034587 0.028947 0.060389 0.077602 
0.014535 0.067657 0.340618 0.248269 0.055807 0.034118 0.077341 0.024399 0.040384 0.096872 
0.021733 0.164570 0.311454 0.161981 0.071601 0.026108 0.057005 0.037979 0.046204 0.101364 
0.014417 0.248036 0.351916 0.190906 0.043157 0.017478 0.043656 0.008763 0.032086 0.049584 
0.015685 0.067766 0.298456 0.285379 0.105246 0.026108 0.046876 0.021541 0.055202 0.077740 
0.018475 0.105452 0.287388 0.191206 0.101862 0.054431 0.057631 0.048327 0.061295 0.073932 
0.014374 0.254765 0.288080 0.206693 0.068931 0.022821 0.060442 0.006854 0.032078 0.044961 
0.015283 0.088012 0.154964 0.272153 0.119687 0.042384 0.127120 0.029208 0.050962 0.100227 
0.012429 0.051499 0.223791 0.269170 0.124670 0.020846 0.132783 0.016102 0.057318 0.091393 
0.004017 0.055490 0.230833 0.271884 0.124553 0.029590 0.089326 0.031057 0.058937 0.104313 
0.005840 0.069821 0.234817 0.316304 0.096698 0.017194 0.064221 0.026618 0.049218 0.119269 
0.012746 0.073988 0.255376 0.261423 0.116937 0.040431 0.075230 0.017223 0.042951 0.103696 
0.012724 0.113966 0.211826 0.167846 0.142567 0.067117 0.048642 0.136540 0.065852 0.032920 
0.004750 0.186539 0.291226 0.115912 0.133607 0.024312 0.047088 0.141236 0.032695 0.022636 
0.004590 0.036234 0.209993 0.155410 0.214593 0.030976 0.059556 0.231388 0.029696 0.027564 
0.009640 0.076490 0.266374 0.104338 0.327952 0.048459 0.061376 0.045297 0.042930 0.017144 
0.001029 0.180777 0.254759 0.080019 0.267517 0.065254 0.040183 0.040311 0.046652 0.023499 
0.004754 0.061213 0.088800 0.077541 0.447794 0.070136 0.054146 0.062226 0.106762 0.026629 
0.004875 0.037219 0.168456 0.087864 0.249721 0.122447 0.101583 0.081894 0.101951 0.043991 
0.005840 0.045166 0.168245 0.145043 0.289956 0.077599 0.031430 0.039270 0.156865 0.040586 
0.000240 0.042933 0.188639 0.080418 0.326330 0.082030 0.018911 0.026048 0.163759 0.070693 
0.003709 0.040214 0.133626 0.133144 0.306456 0.090695 0.091139 0.034926 0.129996 0.036095 
0.002835 0.102640 0.234326 0.106144 0.278918 0.029796 0.056867 0.042745 0.112313 0.033419 
0.004946 0.176647 0.308287 0.098268 0.261883 0.017308 0.044138 0.020972 0.056129 0.011420 
0.004074 0.029133 0.114391 0.047633 0.294308 0.149847 0.176952 0.078721 0.077881 0.027060 
0.003127 0.053617 0.148895 0.171456 0.086926 0.104054 0.189122 0.124683 0.043619 0.074501 
0.004218 0.194226 0.337983 0.087207 0.109360 0.041953 0.051001 0.114362 0.037636 0.022055 
0.002858 0.065551 0.158297 0.065211 0.351302 0.032146 0.037576 0.198542 0.064220 0.024296 
0.001168 0.025911 0.124309 0.214334 0.253078 0.107911 0.089628 0.057268 0.089673 0.036720 
0.001359 0.139304 0.280644 0.110611 0.269546 0.056746 0.041573 0.036848 0.053252 0.010116 
0.004112 0.038635 0.197169 0.098846 0.334174 0.067461 0.063509 0.072701 0.065874 0.057518 
0.000389 0.028171 0.115769 0.181275 0.227977 0.150018 0.150689 0.076395 0.029143 0.040174 
0.002991 0.149778 0.246854 0.168269 0.177940 0.048894 0.029136 0.092691 0.043251 0.040196 
0.002416 0.128435 0.179586 0.170582 0.214801 0.053982 0.055910 0.110823 0.043460 0.040005 
0.003558 0.034564 0.117800 0.248399 0.137145 0.148502 0.141306 0.082083 0.055890 0.030754 
0.003325 0.027832 0.188225 0.185473 0.331600 0.085650 0.055948 0.043009 0.043639 0.035300 
0.008095 0.039705 0.248117 0.148783 0.325108 0.077471 0.037480 0.055899 0.033564 0.025778 
0.006710 0.038502 0.128446 0.082955 0.195960 0.148957 0.167800 0.091163 0.106391 0.033116 
0.005277 0.109850 0.142248 0.183437 0.241850 0.053765 0.085580 0.091382 0.058870 0.027741 
0.001791 0.104892 0.177684 0.164981 0.283204 0.037387 0.077072 0.061873 0.047145 0.043971 
0.004469 0.026957 0.104025 0.147085 0.290642 0.133395 0.123209 0.065766 0.061632 0.042820 
0.008754 0.037272 0.207995 0.272065 0.205446 0.026806 0.049803 0.093091 0.043891 0.054876 
0.016367 0.093007 0.338738 0.120921 0.172746 0.039081 0.064616 0.092653 0.032987 0.028883 
0.012014 0.061325 0.299057 0.145847 0.225735 0.056026 0.030360 0.074862 0.060730 0.034045 
0.022297 0.361421 0.355893 0.102728 0.069353 0.015200 0.021396 0.013884 0.023232 0.014597 
0.046239 0.402779 0.224031 0.075415 0.067825 0.036558 0.023082 0.021769 0.080712 0.021590 
0.010851 0.297051 0.257603 0.110449 0.059950 0.038811 0.050315 0.051032 0.105898 0.018041 
0.028166 0.389953 0.222371 0.091035 0.029412 0.037046 0.031689 0.051602 0.099650 0.019075 
0.023007 0.312339 0.230671 0.098596 0.128269 0.038270 0.032190 0.049699 0.074900 0.012060 
0.012775 0.303450 0.237735 0.084838 0.147497 0.053076 0.043018 0.051803 0.052239 0.013568 
0.011772 0.263730 0.254941 0.072195 0.160794 0.061017 0.050793 0.034002 0.065418 0.025337 
0.008976 0.323064 0.232895 0.109354 0.097479 0.053063 0.088621 0.027567 0.037409 0.021572 
0.039050 0.448172 0.204091 0.075794 0.052376 0.019908 0.100267 0.028326 0.019653 0.012364 
0.013081 0.244447 0.418385 0.078104 0.084560 0.037016 0.052512 0.028622 0.026149 0.017123 
0.011298 0.414919 0.245844 0.110837 0.056213 0.032538 0.052667 0.028689 0.025200 0.021795 
0.001887 0.336905 0.280126 0.112719 0.058407 0.030915 0.093519 0.038165 0.024350 0.023007 
0.004581 0.176774 0.109700 0.078522 0.141925 0.151453 0.188971 0.080715 0.032780 0.034578 
0.011483 0.160606 0.167538 0.245132 0.148659 0.030730 0.066995 0.063172 0.060845 0.044840 
0.023779 0.312432 0.247976 0.099885 0.090370 0.063558 0.091456 0.018811 0.031922 0.019810 
0.007364 0.290305 0.272287 0.122460 0.090425 0.042620 0.090990 0.033442 0.032315 0.017792 
0.039638 0.425674 0.234990 0.092553 0.036354 0.034327 0.089904 0.011996 0.020569 0.013995 
0.029499 0.366180 0.243807 0.124178 0.045498 0.030897 0.060244 0.032488 0.031970 0.035238 
0.014492 0.328995 0.266663 0.127806 0.059242 0.044106 0.071125 0.040372 0.025990 0.021209 
0.015797 0.480223 0.203148 0.108547 0.045348 0.012024 0.034925 0.015009 0.065966 0.019014 
0.035611 0.430050 0.217337 0.080868 0.089792 0.013668 0.034671 0.016937 0.068983 0.012083 
0.010860 0.317730 0.192245 0.088391 0.177457 0.017719 0.071038 0.026293 0.081772 0.016493 
0.024619 0.417459 0.180635 0.122749 0.108879 0.020361 0.044750 0.027046 0.041908 0.011595 
0.039490 0.374978 0.220689 0.076856 0.123617 0.023613 0.052255 0.032318 0.050024 0.006161 
0.005225 0.297692 0.301430 0.066919 0.123813 0.035870 0.060817 0.036318 0.057065 0.014851 
0.017535 0.285780 0.193241 0.080383 0.202193 0.045414 0.056983 0.040306 0.057119 0.021046 
0.009417 0.447914 0.340840 0.075563 0.047955 0.013415 0.022887 0.008831 0.023989 0.009189 
0.038678 0.439857 0.240843 0.091745 0.094875 0.014803 0.032552 0.013640 0.022665 0.010341 
0.016448 0.336887 0.330640 0.105089 0.099764 0.024574 0.039602 0.021349 0.016892 0.008755 
0.011242 0.293896 0.358247 0.099564 0.098518 0.018837 0.056439 0.027354 0.021419 0.014482 
0.014314 0.337855 0.333925 0.103212 0.105197 0.015940 0.044659 0.013083 0.022928 0.008887 
0.027436 0.406807 0.169045 0.079274 0.154287 0.016874 0.056977 0.015037 0.057375 0.016887 
0.020684 0.355276 0.316094 0.071153 0.074837 0.011670 0.047761 0.021064 0.041031 0.040431 
0.006605 0.338091 0.280888 0.116201 0.096966 0.026109 0.055444 0.030444 0.031948 0.017305 
0.027444 0.384993 0.311276 0.072160 0.083261 0.013429 0.042607 0.010370 0.039497 0.014965 
0.040706 0.335187 0.431301 0.076207 0.043156 0.013349 0.024290 0.011254 0.016927 0.007623 
0.038417 0.455509 0.232959 0.092149 0.052475 0.028108 0.032610 0.022860 0.024876 0.020038 
0.001020 0.345774 0.343793 0.113432 0.099708 0.010769 0.030062 0.016441 0.021888 0.017112 
0.011158 0.152160 0.166855 0.166305 0.164301 0.115672 0.100244 0.040929 0.058158 0.024220 
0.002442 0.253974 0.210654 0.173542 0.138149 0.022897 0.030539 0.043588 0.080684 0.043530 
0.013856 0.243267 0.258594 0.104047 0.131718 0.036924 0.035345 0.047397 0.091934 0.036917 
0.027288 0.258891 0.347635 0.081535 0.143551 0.033078 0.025203 0.015585 0.048515 0.018719 
0.003055 0.215947 0.390206 0.082077 0.169703 0.037205 0.030301 0.018343 0.040347 0.012817 
0.011727 0.233459 0.346416 0.125957 0.188546 0.012386 0.021408 0.012119 0.034974 0.013007 
0.020684 0.235580 0.240336 0.086460 0.173250 0.040478 0.084907 0.043338 0.050015 0.024951 
0.010042 0.288860 0.270836 0.093719 0.097812 0.035821 0.046805 0.026350 0.074524 0.055231 
0.012838 0.289912 0.331921 0.117606 0.084056 0.008675 0.042213 0.024580 0.053521 0.034680 
0.025981 0.314915 0.307699 0.074605 0.094488 0.015433 0.057900 0.013674 0.077309 0.017995 
0.021920 0.334478 0.252946 0.111592 0.114230 0.021384 0.049793 0.026656 0.043375 0.023625 
0.044007 0.402689 0.233295 0.087562 0.093611 0.014780 0.047101 0.023927 0.035611 0.017418 
0.011161 0.319082 0.318613 0.087967 0.084966 0.038010 0.042891 0.031076 0.044638 0.021595 
0.029897 0.294670 0.405813 0.100157 0.044942 0.024326 0.030078 0.024156 0.038733 0.007227 
0.043072 0.446026 0.210379 0.073559 0.047212 0.026436 0.037151 0.033336 0.063590 0.019240 
0.020701 0.441775 0.196034 0.061585 0.076776 0.013704 0.051162 0.035082 0.092375 0.010806 
0.003132 0.409621 0.207482 0.059376 0.096741 0.031820 0.037439 0.023917 0.110955 0.019517 
0.017672 0.435390 0.160602 0.066139 0.084951 0.026139 0.048620 0.051551 0.095062 0.013874 
0.029156 0.479910 0.165368 0.051513 0.079106 0.010478 0.049267 0.033758 0.084712 0.016733 
0.002412 0.290723 0.303214 0.077570 0.101568 0.014741 0.058842 0.024969 0.096246 0.029715 
0.035127 0.412198 0.183362 0.109093 0.082402 0.019593 0.059541 0.036504 0.053600 0.008580 
0.000426 0.341189 0.215506 0.158157 0.112156 0.019398 0.074579 0.023909 0.044397 0.010283 
0.008974 0.316217 0.408129 0.094247 0.058021 0.025696 0.033811 0.011907 0.030193 0.012805 
0.032430 0.470109 0.188351 0.100404 0.075681 0.022367 0.051077 0.024229 0.026929 0.008423 
0.009037 0.366500 0.201582 0.125122 0.091787 0.043118 0.068240 0.036931 0.052660 0.005024 
0.001395 0.213753 0.107588 0.158594 0.175613 0.111429 0.091116 0.056979 0.057675 0.025859 
0.016142 0.218969 0.198755 0.188354 0.133933 0.061967 0.074545 0.035511 0.036182 0.035641 
0.032191 0.394901 0.191237 0.124323 0.096903 0.018292 0.071412 0.011073 0.046053 0.013615 
0.020021 0.381957 0.183931 0.171963 0.088410 0.023787 0.068390 0.013540 0.032447 0.015553 
0.004222 0.368782 0.179189 0.141697 0.087664 0.051479 0.083801 0.028407 0.031948 0.022813 
0.020355 0.403806 0.199621 0.130759 0.087819 0.019150 0.073327 0.019659 0.037806 0.007696 
0.007010 0.414727 0.200710 0.128255 0.050145 0.034921 0.068836 0.025608 0.048710 0.021078 
0.021856 0.447165 0.126519 0.111437 0.086665 0.020816 0.051267 0.042207 0.068655 0.023415 
0.022591 0.394409 0.167275 0.148450 0.089640 0.025477 0.058211 0.027586 0.051319 0.015043 
0.000189 0.328629 0.193016 0.139217 0.119921 0.039087 0.059292 0.045509 0.053866 0.021275 
0.021806 0.355960 0.204338 0.126408 0.112118 0.023010 0.054092 0.024482 0.067043 0.010743 
0.002264 0.313233 0.216492 0.141186 0.129845 0.034275 0.057692 0.030041 0.047672 0.027300 
0.014848 0.335099 0.204764 0.132954 0.163515 0.009383 0.049048 0.025396 0.048448 0.016545 
0.024438 0.198876 0.472422 0.092734 0.091469 0.019725 0.046621 0.014440 0.026281 0.012994 
0.022118 0.279757 0.335351 0.110869 0.074267 0.042616 0.053351 0.017196 0.035421 0.029054 
0.023586 0.193747 0.356917 0.124935 0.117667 0.030002 0.070034 0.042264 0.025483 0.015366 
0.014457 0.188067 0.380092 0.131794 0.094831 0.040276 0.056651 0.036628 0.038346 0.018858 
0.007990 0.192248 0.418312 0.108570 0.089330 0.036120 0.067607 0.022631 0.037380 0.019812 
0.029336 0.228337 0.417081 0.111115 0.078526 0.024946 0.060353 0.013420 0.026843 0.010045 
0.024356 0.231124 0.337484 0.117897 0.103451 0.029993 0.047205 0.033395 0.054151 0.020944 
0.013630 0.199014 0.393583 0.145483 0.068709 0.015265 0.070384 0.046409 0.035735 0.011787 
0.016011 0.216335 0.445093 0.105698 0.087646 0.014885 0.067121 0.015977 0.025006 0.006227 
0.016224 0.332253 0.460384 0.075346 0.039384 0.013034 0.035678 0.009719 0.011504 0.006473 
0.040394 0.436814 0.279998 0.094794 0.033755 0.024885 0.037012 0.013594 0.022116 0.016638 
0.020428 0.267338 0.391347 0.107059 0.091289 0.011958 0.060848 0.015114 0.018855 0.015764 
0.001665 0.134754 0.204831 0.131319 0.178326 0.122450 0.118479 0.026764 0.045341 0.036070 
0.001421 0.155151 0.250348 0.165371 0.141390 0.067189 0.062895 0.057808 0.063329 0.035099 
0.012368 0.211174 0.294180 0.128025 0.098416 0.046420 0.060112 0.043008 0.074733 0.031563 
0.007799 0.154822 0.368115 0.127619 0.142801 0.041423 0.051547 0.038210 0.043664 0.024001 
0.000835 0.161123 0.344273 0.161745 0.177504 0.028982 0.042324 0.033697 0.035237 0.014281 
0.022431 0.181304 0.331068 0.129516 0.161643 0.035738 0.040606 0.034219 0.038580 0.024894 
0.020396 0.169269 0.266486 0.118615 0.227007 0.046884 0.035298 0.045987 0.037411 0.032647 
0.023923 0.298545 0.336733 0.072844 0.109738 0.024318 0.042767 0.022865 0.036535 0.031733 
0.007563 0.166158 0.433639 0.092875 0.101764 0.030298 0.078136 0.029810 0.031611 0.028146 
0.023582 0.208294 0.359039 0.073022 0.133820 0.026986 0.098555 0.018935 0.031921 0.025847 
0.025937 0.285401 0.388413 0.106722 0.059673 0.018295 0.058801 0.016260 0.028983 0.011515 
0.015432 0.202243 0.438526 0.115016 0.106520 0.016093 0.055443 0.025258 0.016124 0.009344 
0.013846 0.360049 0.259719 0.081332 0.088804 0.038728 0.082039 0.018531 0.036403 0.020549 
0.022769 0.261089 0.439815 0.075632 0.035113 0.021397 0.055356 0.022139 0.050837 0.015853 
0.011583 0.418256 0.210835 0.109906 0.077029 0.021371 0.057653 0.024479 0.046341 0.022546 
0.007432 0.280382 0.260841 0.142755 0.112012 0.029772 0.076910 0.012132 0.053941 0.023823 
0.025514 0.317565 0.238124 0.096728 0.130768 0.030490 0.060664 0.021914 0.065088 0.013145 
0.021741 0.325999 0.268924 0.084894 0.157178 0.015858 0.036188 0.022505 0.057776 0.008939 
0.014584 0.324374 0.199164 0.106904 0.165959 0.045011 0.056206 0.027437 0.053373 0.006987 
0.021078 0.270321 0.226595 0.083850 0.214422 0.039249 0.064115 0.014968 0.043044 0.022358 
0.006390 0.369993 0.214159 0.105641 0.109999 0.030951 0.077183 0.037568 0.025042 0.023073 
0.024280 0.361836 0.239697 0.108218 0.121130 0.029457 0.070839 0.015334 0.016199 0.013010 
0.030131 0.188773 0.459516 0.063515 0.110727 0.024746 0.046960 0.030270 0.027355 0.018006 
0.016099 0.429946 0.242547 0.099625 0.057018 0.034829 0.047528 0.033278 0.024504 0.014626 
0.021082 0.375907 0.245201 0.102988 0.120744 0.023583 0.052152 0.013533 0.036596 0.008213 
0.003585 0.160034 0.153671 0.072414 0.251218 0.157544 0.104678 0.030061 0.042247 0.024550 
0.024400 0.184813 0.175772 0.212777 0.176254 0.033634 0.076029 0.035767 0.044725 0.035828 
0.032970 0.366530 0.151681 0.123256 0.143390 0.033386 0.076213 0.015418 0.045292 0.011864 
0.013507 0.294904 0.210663 0.121014 0.132817 0.033879 0.085197 0.041205 0.042860 0.023955 
0.034967 0.405059 0.209858 0.082351 0.110812 0.022256 0.071650 0.017013 0.025682 0.020350 
0.009008 0.318455 0.255768 0.115052 0.094957 0.040545 0.082520 0.033302 0.032104 0.018289 
0.012503 0.350800 0.263269 0.090195 0.082009 0.025695 0.095288 0.018392 0.029730 0.032121 
0.019340 0.389292 0.212847 0.111614 0.071365 0.019284 0.040628 0.021250 0.094617 0.019764 
0.036799 0.420182 0.216449 0.086672 0.067577 0.023980 0.053706 0.013975 0.057757 0.022905 
0.009714 0.238683 0.265794 0.106150 0.126727 0.041851 0.092727 0.042864 0.058782 0.016708 
0.051942 0.328885 0.204511 0.083178 0.132413 0.032417 0.070958 0.032869 0.050892 0.011934 
0.026938 0.453499 0.138060 0.080939 0.126533 0.026438 0.051437 0.021512 0.060078 0.014566 
0.024590 0.397421 0.130388 0.060668 0.204346 0.026484 0.065772 0.019041 0.057064 0.014227 
0.007362 0.290182 0.410705 0.082131 0.102936 0.013793 0.048631 0.007289 0.024198 0.012773 
0.013819 0.467572 0.224105 0.051467 0.064640 0.027566 0.055797 0.020745 0.045049 0.029240 
0.040094 0.357963 0.261848 0.100905 0.092034 0.024146 0.050715 0.016281 0.032527 0.023487 
0.004366 0.282919 0.370592 0.104926 0.090971 0.029956 0.061053 0.018302 0.022027 0.014889 
0.001443 0.276068 0.349097 0.112907 0.100968 0.022990 0.061197 0.030033 0.028327 0.016970 
0.040927 0.332844 0.338643 0.068532 0.093479 0.021998 0.049849 0.013399 0.028911 0.011418 
0.041581 0.279172 0.237814 0.091174 0.188254 0.020145 0.048829 0.023003 0.048969 0.021059 
0.000101 0.300646 0.343572 0.086744 0.085924 0.014620 0.051231 0.034929 0.044522 0.037711 
0.011707 0.288776 0.358386 0.099733 0.099565 0.015607 0.048633 0.018510 0.020052 0.039032 
0.018046 0.226602 0.309825 0.147768 0.096586 0.031798 0.063400 0.033641 0.047499 0.024835 
0.019184 0.451810 0.309244 0.042046 0.052597 0.022306 0.035987 0.011018 0.039799 0.016008 
0.044457 0.415046 0.243609 0.080824 0.078864 0.013447 0.055127 0.018482 0.028747 0.021396 
0.016086 0.283522 0.263582 0.060839 0.059278 0.049008 0.086186 0.073440 0.065622 0.042438 
0.017852 0.072509 0.177902 0.189318 0.155255 0.113704 0.115544 0.070087 0.054914 0.032915 
0.030878 0.326402 0.235677 0.080881 0.114875 0.028550 0.042208 0.045046 0.052104 0.043379 
0.015775 0.250816 0.308638 0.125791 0.117501 0.028240 0.037921 0.024952 0.058001 0.032365 
0.006816 0.239411 0.355066 0.092773 0.106404 0.041287 0.046083 0.018900 0.057335 0.035927 
0.014562 0.262200 0.335164 0.118106 0.120322 0.012015 0.041912 0.023062 0.060349 0.012308 
0.033461 0.310715 0.264192 0.066655 0.165671 0.013673 0.032407 0.025020 0.063815 0.024392 
0.008615 0.219719 0.276903 0.122887 0.128518 0.044155 0.075688 0.036401 0.055188 0.031927 
0.014269 0.290859 0.265909 0.098597 0.093829 0.019532 0.073754 0.051960 0.044839 0.046453 
0.003251 0.271975 0.352407 0.074173 0.102360 0.021199 0.063728 0.027042 0.048862 0.035004 
0.033590 0.283550 0.241309 0.098655 0.112035 0.031324 0.088990 0.033208 0.059570 0.017770 
0.005262 0.292627 0.314365 0.089442 0.098743 0.032476 0.054845 0.049474 0.036397 0.026370 
0.030534 0.332528 0.286830 0.086956 0.093735 0.020152 0.059653 0.024895 0.032020 0.032697 
0.021944 0.230288 0.462800 0.090354 0.039175 0.022616 0.055912 0.018326 0.032707 0.025877 
0.023253 0.425507 0.214368 0.080254 0.071002 0.022905 0.034207 0.026286 0.085132 0.017086 
0.021527 0.300932 0.207292 0.125185 0.115510 0.026222 0.053267 0.056581 0.087446 0.006037 
0.008152 0.255898 0.216810 0.139219 0.100765 0.034915 0.057411 0.048983 0.119559 0.018288 
0.015939 0.307133 0.188362 0.121633 0.098660 0.017504 0.067193 0.044157 0.119113 0.020306 
0.019512 0.308033 0.162571 0.145257 0.103678 0.024913 0.064327 0.029763 0.122440 0.019505 
0.028336 0.288362 0.175727 0.103917 0.134209 0.031039 0.060781 0.047222 0.121156 0.009251 
0.009835 0.389361 0.179732 0.099341 0.123667 0.031260 0.072770 0.018821 0.056226 0.018988 
0.015256 0.326089 0.198078 0.151517 0.100845 0.028429 0.074830 0.030155 0.052200 0.022601 
0.005172 0.319311 0.175093 0.140667 0.125494 0.023998 0.091686 0.060736 0.040026 0.017816 
0.014792 0.375477 0.403479 0.067436 0.044572 0.010441 0.039079 0.018391 0.021711 0.004622 
0.005064 0.356659 0.231716 0.135102 0.089468 0.019754 0.079299 0.046231 0.022344 0.014363 
0.016442 0.210641 0.112547 0.115156 0.193394 0.141637 0.088110 0.031673 0.067182 0.023218 
0.005468 0.154809 0.230822 0.197169 0.161242 0.035625 0.078027 0.042233 0.056911 0.037695 
0.020836 0.349221 0.177394 0.116147 0.136982 0.049968 0.068972 0.016592 0.055628 0.008258 
0.023072 0.349114 0.186457 0.162174 0.120539 0.018056 0.079728 0.021232 0.026318 0.013310 
0.008532 0.332831 0.186692 0.151932 0.110242 0.054377 0.076860 0.030122 0.033824 0.014587 
0.022921 0.380706 0.180014 0.127141 0.078412 0.036686 0.078632 0.044024 0.032783 0.018682 
0.008186 0.315531 0.220701 0.158199 0.071730 0.019640 0.059712 0.039620 0.075685 0.030995 
0.026703 0.390033 0.146390 0.139601 0.108007 0.010225 0.029752 0.030750 0.094349 0.024190 
0.017069 0.338808 0.168679 0.138482 0.136826 0.025619 0.056140 0.038001 0.055077 0.025300 
0.008725 0.325331 0.171726 0.111958 0.207998 0.036451 0.044716 0.038558 0.035890 0.018647 
0.018430 0.358751 0.213274 0.126940 0.163802 0.035146 0.028518 0.017003 0.026308 0.011829 
0.002390 0.333581 0.232440 0.128518 0.203518 0.014797 0.045682 0.016249 0.019076 0.003751 
0.012880 0.314769 0.222841 0.136087 0.190427 0.027523 0.026890 0.016702 0.038368 0.013513 
0.002222 0.260405 0.393824 0.126044 0.103227 0.015857 0.034062 0.018185 0.025966 0.020209 
0.003705 0.362810 0.321560 0.084179 0.068165 0.013259 0.057243 0.030206 0.038888 0.019984 
0.021607 0.209724 0.357550 0.120106 0.114753 0.037501 0.062419 0.030539 0.027908 0.017893 
0.000284 0.166703 0.400135 0.120878 0.138384 0.026851 0.065005 0.043674 0.028204 0.009880 
0.033795 0.222585 0.358402 0.113228 0.118207 0.027493 0.059687 0.021620 0.034516 0.010467 
0.008865 0.153942 0.394499 0.140445 0.132651 0.021412 0.072924 0.026288 0.027802 0.021173 
0.027341 0.206844 0.320786 0.089223 0.178791 0.028812 0.052474 0.026648 0.051866 0.017217 
0.011693 0.192023 0.362221 0.092022 0.136016 0.033029 0.073372 0.028845 0.050262 0.020517 
0.000950 0.154305 0.370829 0.127009 0.122356 0.047161 0.088016 0.031569 0.047462 0.010343 
0.022018 0.225454 0.399856 0.097245 0.065228 0.035321 0.062308 0.021297 0.057006 0.014266 
0.016913 0.348760 0.302400 0.092906 0.073996 0.027485 0.043150 0.030434 0.042700 0.021256 
0.005020 0.226337 0.395261 0.115500 0.077311 0.021901 0.075093 0.036109 0.031539 0.015928 
0.005755 0.249310 0.326964 0.106433 0.082795 0.037395 0.122606 0.021712 0.032741 0.014291 
0.002946 0.128941 0.211143 0.162195 0.122307 0.113480 0.103494 0.054998 0.068774 0.031722 
0.001112 0.155653 0.315215 0.160569 0.138492 0.031275 0.030748 0.041825 0.090772 0.034340 
0.005339 0.171444 0.298025 0.135545 0.168821 0.048717 0.046996 0.036246 0.071006 0.017861 
0.019650 0.165047 0.333436 0.121153 0.200596 0.054316 0.035769 0.030153 0.031847 0.008034 
0.011691 0.130052 0.331720 0.121010 0.219230 0.053491 0.046773 0.034811 0.041556 0.009668 
0.008484 0.235773 0.243753 0.095927 0.239120 0.024604 0.014294 0.029838 0.065937 0.042271 
0.023276 0.244573 0.179638 0.101616 0.149897 0.085049 0.075094 0.056001 0.043661 0.041196 
0.000699 0.149564 0.375734 0.112671 0.133761 0.043570 0.068203 0.053843 0.034952 0.027004 
0.025004 0.184485 0.251028 0.097239 0.148680 0.021887 0.122534 0.052013 0.077580 0.019551 
0.011945 0.156993 0.232008 0.173602 0.133844 0.084681 0.091899 0.050767 0.043559 0.020704 
0.006219 0.113263 0.312632 0.187021 0.148837 0.040120 0.080144 0.050976 0.037217 0.023571 
0.005665 0.198092 0.198800 0.267855 0.105709 0.052273 0.071299 0.043745 0.040321 0.016239 
0.010355 0.162031 0.273213 0.225298 0.081229 0.014076 0.035921 0.155984 0.027650 0.014242 
0.011868 0.400867 0.149508 0.082053 0.072712 0.020414 0.062858 0.119993 0.047660 0.032067 
0.008239 0.182808 0.144631 0.082697 0.084721 0.025982 0.080598 0.247046 0.094173 0.049106 
0.006955 0.171380 0.163053 0.073407 0.080345 0.021360 0.071929 0.334856 0.050868 0.025847 
0.027847 0.299342 0.206281 0.089897 0.169801 0.026193 0.038041 0.087385 0.045297 0.009918 
0.018470 0.304523 0.235959 0.101457 0.138904 0.040487 0.048397 0.037198 0.053451 0.021151 
0.003414 0.205503 0.251527 0.076289 0.222021 0.052474 0.044062 0.036907 0.088721 0.019084 
0.008061 0.297613 0.170512 0.098012 0.222185 0.043255 0.057001 0.018309 0.068806 0.016245 
0.021177 0.264710 0.184278 0.104573 0.262936 0.020979 0.055423 0.015790 0.053483 0.016653 
0.008880 0.188178 0.199953 0.122574 0.262026 0.040356 0.053553 0.084949 0.022485 0.017047 
0.028575 0.233019 0.447267 0.118331 0.073333 0.018367 0.038870 0.019756 0.015199 0.007283 
0.019878 0.539797 0.181145 0.066227 0.075744 0.021429 0.044271 0.020308 0.024165 0.007038 
0.025978 0.338278 0.225286 0.134288 0.130821 0.012557 0.051791 0.019764 0.045504 0.015733 
0.008967 0.087280 0.103416 0.188425 0.204768 0.105111 0.122793 0.104091 0.040262 0.034887 
0.013285 0.244224 0.136844 0.119149 0.182178 0.039183 0.048430 0.067981 0.124333 0.024393 
0.018562 0.220438 0.152427 0.082390 0.231893 0.033391 0.055350 0.097669 0.091891 0.015988 
0.002430 0.166647 0.127876 0.056829 0.277714 0.064241 0.076680 0.114909 0.100356 0.012319 
0.021947 0.236124 0.116262 0.060715 0.290321 0.040758 0.060792 0.038692 0.121977 0.012413 
0.009632 0.204548 0.182933 0.065518 0.282338 0.050187 0.055326 0.023667 0.098226 0.027625 
0.006462 0.191214 0.210419 0.090760 0.260040 0.052292 0.060656 0.029854 0.085509 0.012795 
