Everybody,Ingrid-Michael
0.000000 0.000000 0.000000 0.000000 0.000000 0.000000 0.000000 0.000000 0.000000 0.000000 
0.000000 0.000000 0.000000 0.000000 0.000000 0.000000 0.000000 0.000000 0.000000 0.000000 
0.000000 0.000000 0.000000 0.000000 0.000000 0.000000 0.000000 0.000000 0.000000 0.000000 
0.000000 0.000000 0.000000 0.000000 0.000000 0.000000 0.000000 0.000000 0.000000 0.000000 
0.000000 0.000000 0.000000 0.000000 0.000000 0.000000 0.000000 0.000000 0.000000 0.000000 
0.000000 0.000000 0.000000 0.000000 0.000000 0.000000 0.000000 0.000000 0.000000 0.000000 
0.000000 0.000000 0.000000 0.000000 0.000000 0.000000 0.000000 0.000000 0.000000 0.000000 
0.000000 0.000000 0.000000 0.000000 0.000000 0.000000 0.000000 0.000000 0.000000 0.000000 
0.000000 0.000000 0.000000 0.000000 0.000000 0.000000 0.000000 0.000000 0.000000 0.000000 
0.000000 0.000000 0.000000 0.000000 0.000000 0.000000 0.000000 0.000000 0.000000 0.000000 
0.066203 0.251149 0.174144 0.121900 0.038739 0.074661 0.036170 0.058213 0.087677 0.091142 
0.012686 0.069851 0.452729 0.265130 0.039523 0.048843 0.021274 0.034388 0.038340 0.017237 
0.009503 0.048631 0.347394 0.387758 0.078028 0.029642 0.018861 0.033345 0.024553 0.022285 
0.004572 0.014978 0.263902 0.403868 0.113066 0.052624 0.028673 0.050218 0.031310 0.036789 
0.018395 0.080312 0.268214 0.332968 0.091985 0.065657 0.024459 0.062818 0.025319 0.029874 
0.012691 0.057199 0.220879 0.401017 0.125893 0.039949 0.019747 0.070613 0.035274 0.016738 
0.005194 0.027159 0.226352 0.472276 0.087832 0.043425 0.018850 0.067830 0.028207 0.022874 
0.013474 0.060630 0.226527 0.423361 0.079959 0.053567 0.028491 0.056433 0.020370 0.037188 
0.004019 0.039759 0.235908 0.258733 0.177935 0.071659 0.036371 0.107982 0.028428 0.039205 
0.000615 0.027370 0.194700 0.296972 0.223095 0.042330 0.031881 0.136285 0.024894 0.021858 
0.000491 0.023164 0.187712 0.380119 0.185250 0.028278 0.028193 0.105873 0.039592 0.021329 
0.008190 0.038095 0.212238 0.389347 0.139293 0.043389 0.032152 0.100091 0.031032 0.006173 
0.010093 0.039648 0.241829 0.275727 0.127199 0.049514 0.050561 0.154784 0.036127 0.014520 
0.010702 0.046394 0.159299 0.215738 0.212730 0.071666 0.020327 0.180633 0.053119 0.029392 
0.004815 0.043716 0.117741 0.285796 0.272047 0.074171 0.014984 0.114649 0.050922 0.021160 
0.010343 0.054231 0.225174 0.173256 0.278216 0.079106 0.050314 0.084628 0.027102 0.017630 
0.006008 0.026239 0.068413 0.160942 0.326212 0.235830 0.037346 0.053418 0.048776 0.036817 
0.000062 0.009693 0.069846 0.199671 0.100128 0.438663 0.043681 0.070912 0.017692 0.049653 
0.002069 0.007037 0.050626 0.190287 0.127779 0.456397 0.078697 0.049565 0.019467 0.018076 
0.005373 0.025525 0.093729 0.211499 0.107093 0.424186 0.062874 0.045491 0.020268 0.003962 
0.002428 0.010108 0.103180 0.194469 0.098662 0.396510 0.107666 0.055307 0.021086 0.010583 
0.004253 0.022562 0.090537 0.188790 0.081414 0.407891 0.100875 0.060418 0.025664 0.017597 
0.000521 0.018700 0.086164 0.133722 0.200205 0.307289 0.134417 0.086899 0.018755 0.013328 
0.003381 0.011391 0.109071 0.198951 0.186136 0.286040 0.060761 0.116947 0.021024 0.006298 
0.006824 0.030376 0.089271 0.116447 0.211522 0.292256 0.130903 0.075519 0.029017 0.017864 
0.003441 0.036062 0.084051 0.153130 0.223373 0.248306 0.111307 0.088142 0.027013 0.025175 
0.004541 0.031988 0.038558 0.139193 0.191112 0.122541 0.369579 0.066827 0.019210 0.016451 
0.003165 0.029220 0.072546 0.201862 0.251801 0.175565 0.090311 0.125471 0.037288 0.012770 
0.011788 0.064330 0.278357 0.111855 0.109286 0.203291 0.110590 0.056157 0.026141 0.028204 
0.012757 0.058965 0.254351 0.094758 0.191882 0.305522 0.048035 0.014924 0.010760 0.008048 
0.009018 0.043355 0.235069 0.085842 0.142746 0.366949 0.054914 0.030754 0.018374 0.012980 
0.010740 0.049441 0.253919 0.109404 0.151514 0.331254 0.059153 0.020357 0.010386 0.003831 
0.004500 0.022231 0.178943 0.128330 0.167303 0.376746 0.063480 0.024979 0.019743 0.013746 
0.004225 0.016683 0.166151 0.056084 0.144785 0.435069 0.084683 0.038199 0.028875 0.025244 
0.009996 0.042933 0.154069 0.055657 0.155428 0.425159 0.087484 0.030603 0.019377 0.019293 
0.009589 0.054767 0.139390 0.082875 0.269994 0.254513 0.098254 0.045237 0.031525 0.013855 
0.005800 0.034741 0.101376 0.107596 0.353200 0.268079 0.057517 0.033820 0.025047 0.012824 
0.002700 0.010757 0.058602 0.092112 0.467945 0.219521 0.059587 0.036926 0.027855 0.023995 
0.008623 0.037271 0.059466 0.115401 0.518171 0.142216 0.051221 0.032321 0.027876 0.007434 
0.005427 0.037543 0.113520 0.094052 0.433902 0.141597 0.063076 0.051150 0.032758 0.026976 
0.001594 0.035885 0.123605 0.047015 0.346391 0.221410 0.093609 0.034029 0.052694 0.043768 
0.001327 0.033127 0.186562 0.137599 0.216580 0.193810 0.066053 0.026887 0.105907 0.032148 
0.002812 0.018986 0.063560 0.112538 0.461188 0.121749 0.068649 0.034028 0.086146 0.030344 
0.000444 0.004177 0.063939 0.120810 0.497794 0.118750 0.062169 0.044113 0.072178 0.015627 
0.007315 0.030905 0.090389 0.096266 0.526793 0.065564 0.055375 0.039233 0.074307 0.013854 
0.002272 0.021305 0.082382 0.104628 0.528620 0.085386 0.069716 0.019461 0.061700 0.024529 
0.010917 0.069595 0.212820 0.093635 0.394924 0.074015 0.057415 0.014152 0.051377 0.021150 
0.016467 0.066854 0.160269 0.085549 0.449277 0.114040 0.038351 0.014295 0.039139 0.015761 
0.002008 0.025194 0.130872 0.111836 0.427365 0.110866 0.052683 0.030862 0.073983 0.034331 
0.006182 0.025700 0.098444 0.141926 0.404030 0.111356 0.075147 0.045569 0.055318 0.036328 
0.002628 0.022259 0.073826 0.135457 0.411096 0.145812 0.086503 0.032593 0.051334 0.038492 
0.001975 0.013814 0.079226 0.184095 0.462432 0.071392 0.068331 0.031135 0.047010 0.040590 
0.007672 0.029290 0.084713 0.132707 0.406705 0.130312 0.077764 0.043683 0.064511 0.022644 
0.004693 0.032103 0.227778 0.122226 0.294677 0.166397 0.069290 0.010212 0.052175 0.020450 
0.005374 0.051438 0.189691 0.160975 0.358445 0.148915 0.026158 0.022994 0.027905 0.008104 
0.009277 0.045566 0.164154 0.162974 0.264403 0.196987 0.081531 0.034901 0.019443 0.020764 
0.005524 0.068630 0.225264 0.230555 0.262594 0.064904 0.043121 0.041210 0.031921 0.026278 
0.002220 0.031578 0.324853 0.214115 0.234269 0.053525 0.044294 0.040809 0.025175 0.029164 
0.014771 0.074164 0.315040 0.230290 0.190578 0.047721 0.038842 0.037850 0.030117 0.020627 
0.014979 0.067225 0.378546 0.206252 0.211513 0.049105 0.022009 0.014111 0.014973 0.021287 
0.003667 0.018252 0.283990 0.329919 0.201488 0.061666 0.014166 0.029422 0.020162 0.037269 
0.004964 0.017391 0.217126 0.277915 0.274603 0.079228 0.028960 0.034543 0.035305 0.029964 
0.012185 0.059379 0.160310 0.237780 0.208668 0.097801 0.066676 0.058596 0.063058 0.035547 
0.002485 0.045975 0.215146 0.280288 0.237084 0.052537 0.030165 0.052176 0.065939 0.018205 
0.009332 0.055324 0.168189 0.315853 0.177317 0.112738 0.027480 0.041323 0.075995 0.016449 
0.006678 0.054170 0.137451 0.310901 0.173872 0.118733 0.035197 0.067532 0.071450 0.024016 
0.001658 0.017899 0.109826 0.396095 0.163316 0.100926 0.026068 0.054150 0.107374 0.022688 
0.000603 0.008249 0.075011 0.422743 0.249101 0.076923 0.015971 0.051577 0.086400 0.013422 
0.016458 0.037974 0.091805 0.435107 0.220151 0.082786 0.035138 0.019806 0.047804 0.012970 
0.015002 0.074022 0.216474 0.359366 0.092298 0.105074 0.024139 0.025330 0.059905 0.028390 
0.007497 0.040307 0.310148 0.407564 0.073976 0.077169 0.018181 0.024512 0.020220 0.020428 
0.015826 0.063460 0.296964 0.435747 0.063745 0.036638 0.006683 0.030418 0.030840 0.019679 
0.015071 0.070660 0.228685 0.418891 0.081583 0.066703 0.027007 0.039052 0.029742 0.022605 
0.005072 0.036876 0.186390 0.433311 0.078168 0.093286 0.062837 0.042774 0.037498 0.023787 
0.013847 0.065101 0.161414 0.450286 0.118694 0.110270 0.016105 0.016393 0.032908 0.014983 
0.005453 0.042033 0.160256 0.387550 0.149914 0.088948 0.054834 0.042093 0.049434 0.019486 
0.011482 0.027566 0.202435 0.331436 0.251829 0.054335 0.038978 0.034834 0.021605 0.025500 
0.005199 0.031807 0.170555 0.207119 0.354778 0.089085 0.050989 0.023828 0.045546 0.021095 
0.002906 0.013092 0.106888 0.288033 0.390714 0.079713 0.037103 0.028597 0.040863 0.012090 
0.000840 0.010567 0.095809 0.327823 0.355535 0.069649 0.033352 0.040596 0.046787 0.019042 
0.002422 0.024192 0.134141 0.280037 0.280972 0.092801 0.066148 0.043191 0.053250 0.022847 
0.002658 0.034388 0.160669 0.377904 0.199876 0.068867 0.056172 0.040691 0.033388 0.025387 
0.006155 0.033469 0.150819 0.406618 0.180369 0.103447 0.033297 0.036326 0.041736 0.007763 
0.000068 0.038248 0.256717 0.372738 0.090042 0.087285 0.036305 0.075283 0.029185 0.014129 
0.000964 0.015812 0.156149 0.375623 0.093250 0.087213 0.156933 0.052651 0.033746 0.027660 
0.000587 0.020973 0.078718 0.421780 0.120223 0.115777 0.085272 0.068951 0.048420 0.039297 
0.002168 0.007617 0.071104 0.416841 0.109987 0.107200 0.081477 0.123483 0.036346 0.043778 
0.008176 0.055629 0.097082 0.408323 0.108070 0.102804 0.064192 0.076352 0.043293 0.036079 
0.013486 0.062520 0.155059 0.358430 0.095703 0.084520 0.058113 0.118037 0.038725 0.015409 
0.010229 0.036756 0.143944 0.415164 0.105013 0.058648 0.040834 0.145260 0.024020 0.020132 
0.004525 0.008159 0.094022 0.182410 0.436469 0.097741 0.046332 0.087445 0.035600 0.007298 
0.001334 0.011797 0.087998 0.181686 0.488510 0.074204 0.042305 0.042321 0.053469 0.016376 
0.004920 0.031989 0.056044 0.194468 0.481616 0.062179 0.032323 0.061007 0.058532 0.016921 
0.005917 0.025059 0.053338 0.179587 0.459761 0.085407 0.031561 0.090488 0.053150 0.015732 
0.006190 0.037178 0.163808 0.183612 0.314334 0.069574 0.073698 0.098669 0.033169 0.019768 
0.002258 0.044752 0.143623 0.227960 0.358650 0.053097 0.032132 0.095904 0.030743 0.010882 
0.014400 0.077133 0.107029 0.207952 0.133694 0.111285 0.072564 0.182567 0.061398 0.031979 
0.004369 0.028232 0.376043 0.179000 0.103218 0.103275 0.050892 0.119711 0.015929 0.019332 
0.000836 0.005877 0.223654 0.346809 0.149138 0.082500 0.042988 0.112469 0.016786 0.018943 
0.006966 0.028365 0.127350 0.413066 0.174027 0.091825 0.031213 0.093272 0.022767 0.011147 
0.000745 0.014058 0.161823 0.425385 0.155595 0.074622 0.031545 0.091332 0.026138 0.018755 
0.006237 0.035612 0.214641 0.265780 0.142828 0.052330 0.209972 0.047040 0.016059 0.009500 
0.008210 0.025149 0.168617 0.295296 0.090935 0.074792 0.255631 0.059267 0.012821 0.009282 
0.002948 0.017663 0.139183 0.236079 0.226980 0.058817 0.197291 0.088520 0.020406 0.012111 
0.003510 0.024079 0.099546 0.247356 0.396967 0.097029 0.046962 0.054599 0.022666 0.007286 
0.002098 0.031005 0.097065 0.285756 0.376773 0.097554 0.049469 0.026028 0.019906 0.014346 
0.001803 0.045220 0.237953 0.210371 0.300669 0.092853 0.034398 0.035984 0.024187 0.016563 
0.005704 0.034484 0.284079 0.257762 0.280464 0.037305 0.020966 0.036802 0.027102 0.015330 
0.006010 0.039543 0.289701 0.224855 0.153211 0.081301 0.069156 0.081393 0.031176 0.023654 
0.014798 0.063892 0.193212 0.328214 0.124062 0.099252 0.041784 0.107011 0.015109 0.012665 
0.004902 0.046400 0.380551 0.227219 0.107824 0.062122 0.054123 0.056970 0.032559 0.027330 
0.008758 0.056743 0.230160 0.378287 0.085963 0.070865 0.011398 0.060790 0.048600 0.048437 
0.003508 0.034652 0.214065 0.370596 0.150655 0.044058 0.023576 0.079341 0.019719 0.059831 
0.007350 0.044485 0.200009 0.339676 0.135878 0.071831 0.040249 0.083186 0.029560 0.047777 
0.008638 0.034787 0.207629 0.404922 0.118633 0.054824 0.017846 0.102097 0.029715 0.020908 
0.002439 0.020479 0.133111 0.372752 0.180985 0.094467 0.044192 0.093956 0.036660 0.020958 
0.003864 0.035145 0.142767 0.331641 0.203888 0.070774 0.038882 0.079501 0.055161 0.038377 
0.003677 0.058436 0.205234 0.170989 0.304303 0.072263 0.025898 0.108606 0.032599 0.017994 
0.000782 0.037754 0.120263 0.322554 0.207562 0.057272 0.029032 0.182793 0.034103 0.007886 
0.000777 0.024124 0.147035 0.393039 0.208385 0.045602 0.040543 0.102441 0.030057 0.007997 
0.010024 0.049341 0.190625 0.288549 0.118581 0.059100 0.074365 0.167512 0.033644 0.008258 
0.009040 0.048542 0.107376 0.305309 0.147294 0.058449 0.055498 0.221244 0.037139 0.010108 
0.000852 0.017332 0.062731 0.371949 0.182078 0.040959 0.038964 0.212221 0.053753 0.019163 
0.010665 0.053466 0.184864 0.321013 0.160608 0.076063 0.048958 0.099814 0.022125 0.022424 
0.010845 0.049399 0.166868 0.160082 0.276422 0.147846 0.047633 0.070652 0.056061 0.014192 
0.005116 0.019657 0.065711 0.163008 0.407858 0.158539 0.030334 0.052500 0.054424 0.042853 
0.004858 0.024305 0.070607 0.182356 0.120739 0.439215 0.029228 0.046416 0.013443 0.068833 
0.001681 0.022124 0.041891 0.166576 0.113681 0.431706 0.050410 0.079284 0.035955 0.056693 
0.003765 0.020885 0.070532 0.146714 0.124350 0.439046 0.104530 0.039406 0.028145 0.022628 
0.004800 0.023712 0.048061 0.157732 0.104080 0.409463 0.120096 0.082454 0.032280 0.017321 
0.010055 0.029936 0.101655 0.233608 0.084305 0.318267 0.086779 0.075154 0.047354 0.012885 
0.002063 0.008424 0.055430 0.152253 0.345293 0.238302 0.043310 0.113408 0.021304 0.020213 
0.002710 0.017909 0.065340 0.228793 0.275710 0.228475 0.059975 0.098408 0.012792 0.009889 
0.005104 0.023043 0.086331 0.161389 0.129468 0.260242 0.153398 0.155456 0.019574 0.005996 
0.007816 0.016955 0.099459 0.155633 0.081219 0.152721 0.235810 0.214488 0.024672 0.011227 
0.001052 0.022534 0.083011 0.196185 0.141442 0.059126 0.258931 0.201719 0.022766 0.013235 
0.000973 0.025685 0.134764 0.352715 0.117653 0.136255 0.043028 0.120080 0.046540 0.022305 
0.006774 0.046151 0.433922 0.167272 0.130123 0.054099 0.069028 0.062552 0.019214 0.010865 
0.015711 0.061750 0.304321 0.065674 0.039711 0.345558 0.102990 0.033541 0.020835 0.009909 
0.012697 0.052949 0.360136 0.124593 0.034843 0.327463 0.052816 0.017637 0.012121 0.004745 
0.006150 0.035192 0.296659 0.113718 0.032989 0.379310 0.061921 0.038360 0.024561 0.011141 
0.001931 0.021359 0.267349 0.108941 0.038758 0.364556 0.096734 0.044502 0.035972 0.019897 
0.007618 0.034571 0.209139 0.097140 0.103042 0.405389 0.089952 0.030479 0.013396 0.009275 
0.007318 0.032175 0.224284 0.092373 0.103480 0.401831 0.070736 0.028143 0.019775 0.019886 
0.000337 0.019147 0.180891 0.147216 0.163324 0.314472 0.089402 0.038661 0.028835 0.017716 
0.008466 0.038793 0.258398 0.075644 0.177117 0.336500 0.041243 0.015610 0.026397 0.021831 
0.011561 0.053929 0.254940 0.059202 0.170135 0.302675 0.055616 0.024227 0.037386 0.030327 
0.003306 0.019741 0.279137 0.112498 0.291113 0.124952 0.053660 0.025003 0.061567 0.029023 
0.010103 0.068388 0.332463 0.112796 0.184495 0.097820 0.071183 0.027280 0.072386 0.023085 
0.014804 0.080933 0.326880 0.126063 0.153999 0.178846 0.053994 0.014855 0.025130 0.024497 
0.001492 0.030021 0.286198 0.185271 0.253628 0.126776 0.034049 0.013959 0.053626 0.014979 
0.020959 0.090683 0.252691 0.116904 0.271292 0.076528 0.057882 0.047951 0.052044 0.013066 
0.005488 0.026489 0.286270 0.110037 0.360580 0.058072 0.026715 0.027369 0.085784 0.013197 
0.005573 0.030620 0.197770 0.107291 0.393651 0.098642 0.057505 0.015577 0.060699 0.032673 
0.003123 0.021604 0.252963 0.137621 0.348165 0.091281 0.063686 0.023236 0.038789 0.019532 
0.019059 0.051747 0.240909 0.166489 0.311632 0.081065 0.056215 0.021667 0.034124 0.017095 
0.012518 0.045578 0.338700 0.093260 0.302142 0.092953 0.041824 0.020376 0.034978 0.017671 
0.013443 0.064233 0.272956 0.151026 0.279086 0.077771 0.063752 0.025434 0.034829 0.017471 
0.001825 0.026075 0.159916 0.138003 0.360211 0.137800 0.079835 0.038228 0.030753 0.027353 
0.000143 0.009139 0.187425 0.137377 0.378549 0.110850 0.068267 0.033489 0.044626 0.030134 
0.005380 0.026699 0.191818 0.150895 0.353721 0.083443 0.068431 0.032624 0.057708 0.029282 
0.002432 0.013482 0.162999 0.187186 0.435102 0.075975 0.039055 0.025686 0.038407 0.019676 
0.005844 0.059642 0.297040 0.171656 0.245855 0.116372 0.042051 0.017071 0.027833 0.016634 
0.006080 0.059772 0.302277 0.109897 0.244546 0.155893 0.061462 0.018041 0.022529 0.019504 
0.005965 0.064914 0.289831 0.157819 0.218835 0.131439 0.048599 0.035244 0.019496 0.027859 
0.005920 0.033636 0.374852 0.214835 0.201307 0.054274 0.018740 0.042893 0.033909 0.019635 
0.003053 0.016060 0.323603 0.322089 0.215203 0.030279 0.013315 0.040708 0.022170 0.013521 
0.013488 0.057417 0.255288 0.355009 0.184020 0.041794 0.011470 0.041845 0.022286 0.017383 
0.014215 0.062962 0.240581 0.280011 0.212310 0.073536 0.029854 0.032749 0.031853 0.021928 
0.008861 0.039893 0.223481 0.310049 0.225266 0.079903 0.029188 0.024035 0.031375 0.027949 
0.009921 0.041469 0.172928 0.364835 0.219086 0.084712 0.008566 0.025322 0.036700 0.036462 
0.001025 0.044865 0.228143 0.332798 0.188940 0.052995 0.044294 0.031803 0.044088 0.031049 
0.012038 0.059733 0.193021 0.257630 0.314779 0.033973 0.021456 0.034534 0.058358 0.014478 
0.006542 0.030946 0.118433 0.336007 0.291409 0.070237 0.038091 0.028078 0.061914 0.018342 
0.004111 0.018878 0.065624 0.362408 0.310042 0.102529 0.018624 0.030528 0.075314 0.011941 
0.011764 0.057086 0.114260 0.347542 0.243606 0.092784 0.016877 0.037905 0.059936 0.018239 
0.016500 0.068977 0.128728 0.365734 0.201691 0.119444 0.027350 0.025848 0.029774 0.015954 
0.010698 0.050590 0.142323 0.404436 0.162653 0.077521 0.041943 0.026834 0.049568 0.033433 
0.000994 0.024564 0.233827 0.364621 0.125140 0.096143 0.048491 0.038524 0.033803 0.033893 
0.003947 0.032565 0.233307 0.434557 0.093710 0.093808 0.022234 0.019391 0.038994 0.027486 
0.008160 0.040231 0.218149 0.394224 0.092965 0.086072 0.044005 0.034721 0.060868 0.020605 
0.000241 0.019794 0.196862 0.380263 0.146161 0.070764 0.055784 0.045264 0.065532 0.019334 
0.019077 0.054713 0.225479 0.300493 0.193477 0.064050 0.057947 0.023754 0.041721 0.019289 
0.009464 0.059171 0.163482 0.329283 0.207670 0.125984 0.025337 0.025199 0.048900 0.005508 
0.009102 0.073430 0.169237 0.361256 0.197644 0.070652 0.027048 0.039219 0.037022 0.015392 
0.026780 0.082259 0.231390 0.193880 0.302537 0.049176 0.029153 0.026808 0.035645 0.022372 
0.002373 0.023647 0.113254 0.300294 0.409830 0.050228 0.034230 0.017794 0.026224 0.022126 
0.011382 0.058386 0.102039 0.219735 0.447508 0.053074 0.044531 0.029191 0.021194 0.012959 
0.004563 0.024993 0.089197 0.237195 0.441701 0.085531 0.029792 0.039245 0.033123 0.014660 
0.003964 0.034868 0.115423 0.238932 0.433857 0.068064 0.030131 0.036228 0.022943 0.015590 
0.003293 0.043888 0.147009 0.288978 0.340761 0.062593 0.027838 0.027493 0.045930 0.012217 
0.005529 0.033719 0.209096 0.336678 0.180265 0.058443 0.042618 0.066113 0.049626 0.017913 
0.004078 0.026843 0.206235 0.381191 0.111252 0.125035 0.024020 0.057279 0.040784 0.023283 
0.002929 0.018267 0.162450 0.425334 0.105473 0.064093 0.123942 0.044106 0.035799 0.017606 
0.002841 0.035539 0.138005 0.505195 0.077418 0.069810 0.069662 0.053364 0.018239 0.029927 
0.009349 0.068717 0.204414 0.401635 0.078617 0.060890 0.064319 0.070842 0.024426 0.016792 
0.015196 0.070236 0.229764 0.411229 0.090269 0.055940 0.044105 0.043848 0.023470 0.015942 
0.010698 0.036940 0.166909 0.463524 0.074587 0.069694 0.041589 0.100022 0.024399 0.011638 
0.008551 0.025153 0.176667 0.500560 0.065810 0.053101 0.024045 0.104775 0.025487 0.015851 
0.002910 0.029341 0.115414 0.252665 0.326731 0.105554 0.029181 0.090305 0.024434 0.023466 
0.001151 0.016175 0.113244 0.290485 0.370336 0.068854 0.053626 0.041350 0.031342 0.013437 
0.005084 0.033795 0.107139 0.283383 0.346339 0.065797 0.032574 0.078640 0.031782 0.015468 
0.007487 0.039096 0.103124 0.314221 0.264995 0.091049 0.063223 0.069345 0.030422 0.017037 
0.003588 0.047166 0.150153 0.258098 0.268201 0.068854 0.048639 0.104208 0.035056 0.016038 
0.008158 0.057189 0.122739 0.266688 0.238774 0.101942 0.072988 0.076713 0.029755 0.025054 
0.009518 0.046700 0.128844 0.265871 0.195713 0.087113 0.064056 0.156686 0.032193 0.013305 
0.005071 0.029736 0.278368 0.311385 0.138363 0.059303 0.046325 0.103326 0.016169 0.011954 
0.003641 0.013198 0.224625 0.387576 0.139764 0.077889 0.044293 0.068307 0.017509 0.023197 
0.009363 0.037217 0.198956 0.316273 0.155209 0.089267 0.040143 0.092926 0.032084 0.028563 
0.005833 0.039029 0.170017 0.348808 0.138487 0.056213 0.072930 0.093141 0.038834 0.036708 
0.002369 0.025807 0.207977 0.316512 0.072186 0.041404 0.195515 0.081174 0.032428 0.024628 
0.006671 0.029825 0.187578 0.279286 0.098980 0.060285 0.236223 0.082559 0.012630 0.005963 
0.003126 0.014050 0.149030 0.217095 0.283394 0.082994 0.129742 0.078936 0.023728 0.017905 
0.001191 0.022708 0.163833 0.346271 0.241944 0.112253 0.061972 0.027361 0.017181 0.005285 
0.001585 0.027851 0.207111 0.309888 0.237209 0.095745 0.039575 0.035740 0.028827 0.016467 
0.002940 0.052335 0.121367 0.313131 0.290974 0.088851 0.050301 0.029122 0.041449 0.009529 
0.010496 0.040132 0.198403 0.354420 0.221233 0.088685 0.024630 0.021843 0.023365 0.016792 
0.014138 0.042678 0.232268 0.274117 0.123365 0.122103 0.043301 0.085755 0.032821 0.029453 
0.004987 0.026476 0.070063 0.337061 0.094698 0.076150 0.199821 0.029242 0.096019 0.065483 
0.018212 0.269621 0.257455 0.140084 0.109171 0.044959 0.047249 0.055915 0.027282 0.030054 
0.029201 0.288149 0.098389 0.158799 0.252473 0.035954 0.030329 0.076681 0.015894 0.014131 
0.001993 0.136094 0.123725 0.193986 0.345948 0.038400 0.017760 0.080528 0.041731 0.019834 
0.000003 0.043399 0.069098 0.255737 0.434385 0.057592 0.035265 0.073991 0.017816 0.012714 
0.007993 0.033608 0.053463 0.243055 0.282218 0.058607 0.118860 0.179777 0.009660 0.012761 
0.006274 0.027583 0.086255 0.208354 0.112320 0.052836 0.208236 0.231112 0.036109 0.030921 
0.003548 0.019971 0.086125 0.346245 0.113748 0.020568 0.155116 0.178444 0.041250 0.034984 
0.002276 0.025692 0.125249 0.290946 0.299474 0.065030 0.068573 0.056821 0.030537 0.035402 
0.004461 0.026261 0.079223 0.332061 0.327965 0.054498 0.025691 0.107167 0.025252 0.017420 
0.001439 0.009140 0.098796 0.347934 0.321919 0.038273 0.032284 0.128038 0.016391 0.005786 
0.008580 0.038864 0.180768 0.327883 0.245519 0.039094 0.036184 0.100866 0.017239 0.005003 
0.006980 0.022453 0.070000 0.224290 0.068461 0.022017 0.206263 0.058619 0.148129 0.172788 
0.003820 0.013517 0.058749 0.152878 0.082930 0.035758 0.154490 0.042658 0.187808 0.267392 
0.002225 0.006809 0.028049 0.152121 0.074029 0.041648 0.161572 0.050866 0.347461 0.135219 
0.003624 0.018868 0.115181 0.165214 0.071332 0.053081 0.131788 0.019914 0.335110 0.085887 
0.001487 0.005957 0.043011 0.175084 0.080039 0.037822 0.131819 0.041434 0.186838 0.296508 
0.003070 0.017071 0.033829 0.156208 0.051118 0.028942 0.139413 0.074046 0.223817 0.272486 
0.006780 0.020214 0.031883 0.235486 0.073457 0.028972 0.180204 0.050222 0.284006 0.088777 
0.003484 0.013243 0.068854 0.269530 0.099340 0.027934 0.203825 0.048545 0.089381 0.175863 
0.002399 0.009318 0.027997 0.308070 0.094203 0.058345 0.300040 0.062883 0.043829 0.092917 
0.008490 0.030772 0.072202 0.284057 0.111027 0.098928 0.278067 0.046943 0.054474 0.015039 
0.006783 0.045229 0.101991 0.294873 0.100669 0.216806 0.114278 0.033422 0.075163 0.010785 
0.011241 0.051525 0.100143 0.280523 0.108609 0.182206 0.143065 0.034836 0.067404 0.020449 
0.001071 0.026145 0.094114 0.335416 0.180717 0.170921 0.083476 0.037867 0.051851 0.018423 
0.008731 0.035264 0.099690 0.443426 0.201308 0.062302 0.032454 0.056571 0.041965 0.018289 
0.012841 0.055655 0.111002 0.484550 0.200080 0.062888 0.021451 0.036969 0.010089 0.004475 
0.010827 0.061343 0.174087 0.460249 0.156874 0.077769 0.009634 0.025599 0.015667 0.007951 
0.001803 0.015579 0.052880 0.257134 0.088890 0.081099 0.337912 0.026261 0.100745 0.037696 
0.001483 0.007937 0.219306 0.192614 0.055710 0.014852 0.132366 0.015324 0.274477 0.085932 
0.001790 0.018678 0.277662 0.212202 0.061481 0.038230 0.141667 0.012656 0.184900 0.050735 
0.003289 0.022911 0.188396 0.228890 0.082511 0.043682 0.173599 0.041666 0.199989 0.015067 
0.002461 0.022738 0.199839 0.225371 0.067071 0.011788 0.200323 0.057452 0.154884 0.058073 
0.005981 0.027756 0.192927 0.251557 0.075408 0.052947 0.209253 0.028171 0.136588 0.019410 
0.001956 0.008521 0.178570 0.325548 0.053574 0.047798 0.207597 0.035644 0.109008 0.031785 
0.006377 0.021081 0.135708 0.346394 0.208494 0.122002 0.056277 0.022049 0.067909 0.013709 
0.009453 0.031901 0.147053 0.245935 0.275003 0.130216 0.074475 0.026311 0.043663 0.015990 
0.010741 0.048496 0.206565 0.162035 0.391421 0.068853 0.046332 0.027755 0.028237 0.009563 
0.016987 0.074011 0.217171 0.239856 0.285187 0.077800 0.034095 0.030550 0.015833 0.008509 
0.021144 0.065829 0.184248 0.215603 0.304892 0.066219 0.059019 0.037656 0.027858 0.017531 
0.004681 0.010231 0.057409 0.227452 0.127189 0.042217 0.366256 0.041724 0.042324 0.080515 
0.009249 0.032311 0.052412 0.189543 0.053268 0.052660 0.294627 0.054455 0.154258 0.107217 
0.002855 0.019034 0.081785 0.218493 0.100295 0.049372 0.263859 0.063376 0.168016 0.032915 
0.000461 0.005723 0.142216 0.219869 0.085910 0.054867 0.299247 0.055441 0.097250 0.039017 
0.012964 0.063076 0.187566 0.303727 0.098723 0.044788 0.172520 0.037643 0.051768 0.027224 
0.014239 0.063235 0.191243 0.452585 0.152815 0.017929 0.047201 0.015753 0.030092 0.014907 
0.003326 0.024673 0.208921 0.522940 0.098084 0.040319 0.036961 0.019020 0.026285 0.019471 
0.005197 0.014641 0.162402 0.567423 0.129647 0.024351 0.056699 0.009239 0.019187 0.011214 
0.002084 0.031243 0.266745 0.259964 0.193277 0.062344 0.095878 0.027439 0.037754 0.023271 
0.000949 0.024640 0.123834 0.227725 0.344033 0.122679 0.055404 0.037644 0.033848 0.029244 
0.001300 0.013098 0.070817 0.241773 0.373847 0.078880 0.063096 0.093387 0.041378 0.022424 
0.005433 0.019764 0.067565 0.363543 0.371320 0.049801 0.044759 0.030287 0.035931 0.011596 
0.001852 0.014430 0.061614 0.338293 0.399088 0.034467 0.024503 0.062130 0.040644 0.022979 
0.000717 0.003781 0.039496 0.188233 0.245277 0.030444 0.072628 0.324741 0.042870 0.051813 
0.008991 0.037693 0.045520 0.246792 0.111080 0.036956 0.172521 0.281869 0.032771 0.025807 
0.004804 0.198938 0.359859 0.093300 0.076400 0.037595 0.089067 0.096131 0.023634 0.020272 
0.020278 0.289408 0.245025 0.131282 0.081105 0.045993 0.081704 0.070876 0.015645 0.018685 
0.017689 0.197387 0.267341 0.203548 0.130751 0.014166 0.030388 0.102145 0.012085 0.024501 
0.001553 0.148033 0.273074 0.221888 0.183230 0.017219 0.042141 0.090835 0.011558 0.010470 
0.011206 0.076269 0.321222 0.282705 0.121020 0.024091 0.049587 0.074054 0.018582 0.021263 
0.005579 0.059695 0.271558 0.212423 0.309372 0.016250 0.013309 0.085625 0.017858 0.008331 
0.009322 0.052432 0.162553 0.238350 0.375775 0.052970 0.026537 0.047843 0.026195 0.008022 
0.003322 0.014302 0.107368 0.292816 0.358942 0.082709 0.034022 0.063176 0.021963 0.021379 
0.005222 0.011387 0.066422 0.124178 0.496346 0.111641 0.041349 0.074742 0.050974 0.017738 
0.002343 0.009771 0.053429 0.183334 0.381444 0.150002 0.059470 0.088532 0.066306 0.005370 
0.008537 0.036200 0.098504 0.188811 0.306716 0.105653 0.057245 0.082207 0.103980 0.012147 
0.005278 0.025964 0.048911 0.242676 0.311179 0.133963 0.056691 0.071711 0.098575 0.005052 
0.002420 0.013927 0.124337 0.290168 0.304478 0.058771 0.051937 0.054858 0.088782 0.010322 
0.002711 0.021348 0.182498 0.291811 0.266899 0.076050 0.035718 0.041496 0.062736 0.018734 
0.003136 0.023689 0.259215 0.329954 0.074704 0.172646 0.055357 0.036959 0.028390 0.015949 
0.027224 0.060764 0.233636 0.331710 0.170002 0.052425 0.042142 0.042191 0.022337 0.017568 
0.010962 0.057713 0.212219 0.329887 0.160909 0.081716 0.048201 0.060931 0.021736 0.015726 
0.006577 0.030491 0.103800 0.446837 0.231021 0.078760 0.037450 0.041739 0.015957 0.007370 
0.004237 0.013838 0.109122 0.319447 0.292529 0.132669 0.038306 0.045971 0.028064 0.015816 
0.000091 0.031711 0.132505 0.330024 0.315528 0.069965 0.031663 0.051337 0.024122 0.013053 
0.003565 0.046525 0.121153 0.367897 0.270024 0.058846 0.037580 0.053568 0.029385 0.011458 
0.004195 0.030757 0.176611 0.288194 0.212840 0.096058 0.032721 0.076763 0.069180 0.012681 
0.001032 0.015220 0.119788 0.342586 0.244245 0.082039 0.028284 0.018517 0.116249 0.032041 
0.011224 0.046126 0.122989 0.311064 0.236465 0.078566 0.027629 0.041850 0.101576 0.022510 
0.002436 0.008078 0.047302 0.473412 0.235125 0.048144 0.022830 0.061755 0.081204 0.019714 
0.002343 0.008558 0.151366 0.394143 0.272795 0.055254 0.035615 0.034693 0.038520 0.006715 
0.004726 0.021900 0.090553 0.394622 0.325429 0.072964 0.027718 0.018355 0.033149 0.010586 
0.007971 0.024358 0.068384 0.416171 0.202231 0.099469 0.079336 0.058573 0.026137 0.017371 
0.001704 0.014078 0.302240 0.369961 0.114605 0.069618 0.040566 0.044303 0.023518 0.019407 
0.011265 0.050484 0.214485 0.466926 0.131708 0.047101 0.015044 0.037457 0.014491 0.011040 
0.009415 0.045586 0.197640 0.398249 0.111597 0.076766 0.054645 0.049044 0.023253 0.033806 
0.008228 0.039913 0.197806 0.413310 0.126471 0.067814 0.036451 0.065102 0.018803 0.026102 
0.013068 0.052775 0.229094 0.454045 0.076217 0.043812 0.027444 0.067203 0.016097 0.020245 
0.003998 0.028684 0.225833 0.416192 0.098382 0.071571 0.046177 0.059516 0.025590 0.024056 
0.016215 0.082962 0.261744 0.324168 0.177196 0.054200 0.031788 0.031642 0.012749 0.007336 
0.013841 0.054652 0.158381 0.327420 0.213587 0.079530 0.062595 0.047006 0.026334 0.016655 
0.005783 0.036344 0.159278 0.437543 0.229009 0.048725 0.014160 0.029415 0.031602 0.008141 
0.013815 0.061714 0.222502 0.335928 0.206435 0.054506 0.036286 0.034624 0.026865 0.007326 
0.000739 0.010530 0.179938 0.463733 0.220202 0.033589 0.013494 0.042492 0.029618 0.005665 
0.013340 0.070431 0.296927 0.358315 0.147939 0.033189 0.016453 0.031326 0.026022 0.006058 
0.013394 0.063243 0.291487 0.260515 0.191040 0.064865 0.045132 0.037667 0.017020 0.015637 
0.017301 0.079682 0.221004 0.138213 0.183789 0.174864 0.058592 0.067465 0.037776 0.021314 
0.010837 0.045823 0.362538 0.317317 0.099891 0.067425 0.020879 0.035460 0.028246 0.011583 
0.011487 0.051398 0.242254 0.358974 0.174478 0.040468 0.022027 0.055518 0.023066 0.020331 
0.005844 0.020174 0.205799 0.397752 0.102713 0.068129 0.052134 0.083249 0.037651 0.026554 
0.015921 0.052232 0.196305 0.479755 0.066022 0.046607 0.025471 0.077708 0.024398 0.015581 
0.010080 0.040298 0.221961 0.385229 0.129987 0.037530 0.056023 0.074251 0.022816 0.021825 
0.008820 0.040826 0.217516 0.386433 0.101530 0.058913 0.060745 0.083175 0.024695 0.017348 
0.002254 0.013533 0.114134 0.119326 0.480571 0.110743 0.057061 0.040890 0.039653 0.021835 
0.001745 0.014253 0.132826 0.168257 0.427889 0.079214 0.060828 0.044991 0.042067 0.027931 
0.006901 0.024684 0.148745 0.193915 0.443908 0.077105 0.025207 0.021563 0.037067 0.020905 
0.011746 0.033860 0.217239 0.116809 0.423613 0.080437 0.034423 0.039370 0.032622 0.009882 
0.000148 0.013577 0.233681 0.209333 0.362353 0.080155 0.032892 0.035460 0.024633 0.007767 
0.007079 0.031595 0.157579 0.345708 0.175546 0.108909 0.063143 0.078547 0.016911 0.014983 
0.001060 0.021536 0.078154 0.158100 0.199926 0.085053 0.232786 0.146467 0.035968 0.040951 
0.005180 0.270395 0.316022 0.092962 0.129945 0.032403 0.042527 0.073098 0.025462 0.012006 
0.013289 0.243640 0.148725 0.196055 0.254238 0.020360 0.033088 0.058165 0.018816 0.013625 
0.007452 0.132367 0.079294 0.393200 0.315571 0.019069 0.017151 0.023506 0.008194 0.004195 
0.003074 0.071264 0.083806 0.371299 0.318616 0.039477 0.036741 0.058907 0.006097 0.010719 
0.000004 0.023378 0.101964 0.246634 0.303149 0.022549 0.054580 0.178435 0.039231 0.030076 
0.002881 0.027489 0.087495 0.306194 0.258452 0.044072 0.033565 0.164648 0.044381 0.030821 
0.000175 0.037559 0.121359 0.470288 0.178708 0.012700 0.077654 0.067659 0.019759 0.014139 
0.011426 0.052288 0.122839 0.296308 0.165173 0.113654 0.037628 0.132949 0.044366 0.023369 
0.009936 0.046999 0.179090 0.294585 0.245338 0.046187 0.020200 0.118159 0.024470 0.015036 
0.000436 0.007564 0.104257 0.401684 0.275373 0.014264 0.045864 0.118627 0.023075 0.008857 
0.004147 0.020112 0.087952 0.333212 0.180580 0.018582 0.117868 0.073854 0.030833 0.132860 
0.004960 0.021220 0.075223 0.268410 0.090747 0.028596 0.276773 0.053128 0.061629 0.119314 
0.006311 0.028961 0.071441 0.177283 0.052489 0.051326 0.322220 0.045357 0.097180 0.147433 
0.000135 0.013853 0.039557 0.200586 0.077852 0.062234 0.298072 0.072417 0.154781 0.080512 
0.000649 0.006484 0.067162 0.229311 0.062406 0.101902 0.319031 0.062072 0.093594 0.057389 
0.001359 0.007840 0.068870 0.236534 0.104934 0.045294 0.371670 0.057883 0.053846 0.051771 
0.007208 0.030776 0.062192 0.265268 0.041648 0.071557 0.365315 0.064965 0.068179 0.022892 
0.004941 0.020969 0.073047 0.325922 0.052918 0.059693 0.311995 0.074475 0.033591 0.042448 
0.004321 0.014405 0.045704 0.451137 0.053042 0.047671 0.268467 0.038883 0.034773 0.041596 
0.010774 0.042062 0.047410 0.529073 0.102743 0.098064 0.085514 0.042157 0.018923 0.023281 
0.005774 0.020275 0.047397 0.327899 0.128051 0.323885 0.057542 0.056621 0.026780 0.005777 
0.001195 0.023858 0.061377 0.315249 0.251965 0.209581 0.050583 0.067621 0.014439 0.004132 
0.003216 0.009763 0.040131 0.327892 0.313495 0.051605 0.048792 0.175806 0.019201 0.010098 
0.007347 0.017971 0.082452 0.263511 0.221361 0.058077 0.062078 0.241948 0.032248 0.013007 
0.006974 0.017592 0.098151 0.285434 0.207762 0.061270 0.055958 0.217303 0.034596 0.014961 
0.003714 0.024960 0.120430 0.311711 0.162211 0.077737 0.091591 0.141310 0.025412 0.040925 
0.005900 0.017548 0.051101 0.365053 0.046074 0.098582 0.053717 0.152207 0.156549 0.053268 
0.003328 0.025517 0.123416 0.159615 0.047652 0.077408 0.088717 0.044541 0.365277 0.064529 
0.004932 0.022999 0.161339 0.104027 0.022275 0.036618 0.090418 0.044582 0.403918 0.108892 
0.000681 0.007156 0.145329 0.162439 0.025307 0.040481 0.174005 0.043988 0.331473 0.069141 
0.006750 0.025946 0.152298 0.253236 0.064413 0.016478 0.273105 0.041071 0.054528 0.112176 
0.017103 0.071426 0.319008 0.300036 0.085265 0.044394 0.068126 0.027327 0.050358 0.016956 
0.009770 0.085601 0.451677 0.172034 0.078193 0.048894 0.058482 0.033472 0.042398 0.019479 
0.011906 0.080101 0.490100 0.142490 0.081196 0.041873 0.054134 0.025944 0.049326 0.022931 
0.005563 0.030073 0.148874 0.456881 0.181939 0.041119 0.049695 0.020763 0.038719 0.026374 
0.004178 0.016310 0.136620 0.444510 0.185181 0.046436 0.054207 0.045552 0.038509 0.028496 
0.011928 0.048898 0.104207 0.390503 0.260106 0.035220 0.050481 0.040261 0.044704 0.013692 
0.008911 0.040640 0.103675 0.245875 0.450577 0.038783 0.048984 0.018719 0.039005 0.004832 
0.006341 0.028882 0.138335 0.318693 0.322468 0.045891 0.052842 0.022579 0.047500 0.016469 
0.011189 0.010571 0.160078 0.205913 0.344534 0.042502 0.103902 0.056703 0.050933 0.013676 
0.004098 0.018748 0.052039 0.301751 0.380904 0.038897 0.104372 0.028524 0.036485 0.034181 
0.011232 0.055819 0.341666 0.190103 0.120341 0.049907 0.162691 0.036135 0.009222 0.022884 
0.006803 0.050116 0.367386 0.189402 0.066216 0.030612 0.193857 0.042967 0.023242 0.029398 
0.009086 0.045807 0.363751 0.206894 0.088734 0.031407 0.150169 0.032892 0.032193 0.039066 
0.009679 0.063385 0.358745 0.188157 0.107117 0.088068 0.093258 0.047132 0.030625 0.013833 
0.007306 0.022902 0.261176 0.253683 0.142222 0.178351 0.081741 0.018854 0.019108 0.014657 
0.008730 0.049451 0.285298 0.261764 0.100777 0.165548 0.059352 0.023939 0.028268 0.016874 
0.016304 0.073815 0.282414 0.212456 0.125638 0.072808 0.109876 0.050077 0.034015 0.022597 
0.000978 0.009532 0.214515 0.224112 0.344864 0.074103 0.090508 0.012496 0.016583 0.012308 
0.010670 0.045012 0.159178 0.148649 0.422598 0.053674 0.088655 0.034715 0.024244 0.012604 
0.000366 0.012614 0.115929 0.158455 0.389128 0.108212 0.112421 0.032606 0.042252 0.028018 
0.006631 0.036317 0.161270 0.203996 0.327665 0.080447 0.103832 0.020246 0.043685 0.015910 
0.005076 0.029535 0.253199 0.192635 0.251066 0.072933 0.095418 0.056424 0.027450 0.016264 
0.001398 0.032449 0.133740 0.125348 0.244362 0.188990 0.137546 0.070624 0.036470 0.029074 
0.017552 0.274864 0.312937 0.087740 0.055602 0.053908 0.050067 0.064267 0.067396 0.015668 
0.061583 0.375009 0.083158 0.139029 0.039219 0.059791 0.018246 0.064111 0.136173 0.023680 
0.022933 0.315817 0.106670 0.209775 0.064032 0.082903 0.019918 0.130316 0.040147 0.007490 
0.012963 0.203057 0.091327 0.250804 0.122697 0.112894 0.060668 0.082648 0.038216 0.024725 
0.011159 0.154389 0.182647 0.300515 0.125153 0.045847 0.113569 0.018586 0.033167 0.014967 
0.019293 0.101400 0.147825 0.387724 0.145189 0.072563 0.053773 0.029721 0.026620 0.015892 
0.004597 0.096384 0.201991 0.308836 0.194348 0.090493 0.039225 0.020408 0.028198 0.015521 
0.000446 0.029019 0.088692 0.284015 0.418693 0.051939 0.042944 0.042180 0.023432 0.018641 
0.005008 0.025687 0.055438 0.328906 0.354106 0.060771 0.054551 0.057129 0.032637 0.025766 
0.005931 0.022973 0.070937 0.368208 0.338871 0.044900 0.048224 0.044426 0.028497 0.027035 
0.007437 0.029724 0.081991 0.333280 0.394981 0.043147 0.022612 0.034107 0.022496 0.030226 
0.011266 0.047475 0.077025 0.340311 0.347216 0.046996 0.026455 0.070901 0.012569 0.019786 
0.016942 0.068799 0.215643 0.182364 0.337429 0.057440 0.024989 0.069915 0.008578 0.017901 
0.002507 0.047564 0.259242 0.161761 0.331715 0.036850 0.049508 0.062786 0.019232 0.028834 
0.003227 0.059344 0.303992 0.152940 0.216489 0.084356 0.058995 0.036771 0.063817 0.020069 
0.001776 0.034472 0.503704 0.156238 0.075907 0.065922 0.049108 0.041477 0.045464 0.025932 
0.013854 0.069740 0.473740 0.215635 0.095536 0.035293 0.027400 0.021978 0.030426 0.016398 
0.022431 0.105454 0.547050 0.151302 0.087348 0.036614 0.022295 0.011256 0.009335 0.006914 
0.020076 0.096025 0.558808 0.167832 0.076075 0.036476 0.016361 0.011706 0.014082 0.002559 
0.013021 0.059327 0.526266 0.177599 0.079198 0.047609 0.032283 0.025859 0.024605 0.014234 
0.005729 0.031967 0.534293 0.208814 0.114037 0.025293 0.032352 0.019879 0.013088 0.014550 
0.003332 0.012985 0.140143 0.337986 0.352231 0.040541 0.046493 0.037281 0.016509 0.012501 
0.002812 0.014975 0.122941 0.348272 0.279807 0.065693 0.035111 0.072483 0.033956 0.023949 
0.008845 0.040671 0.201424 0.255536 0.300818 0.045310 0.051145 0.050178 0.027773 0.018298 
0.011021 0.052163 0.252870 0.204780 0.280894 0.060078 0.053103 0.047579 0.026251 0.011261 
0.012947 0.065356 0.280219 0.196862 0.230828 0.058128 0.040459 0.065799 0.030999 0.018403 
0.006851 0.023077 0.253676 0.200348 0.350958 0.041572 0.027315 0.049891 0.027982 0.018330 
0.005988 0.015702 0.205504 0.224583 0.268849 0.089754 0.057777 0.051608 0.057566 0.022668 
0.010697 0.046061 0.335903 0.184394 0.236746 0.058261 0.029461 0.028812 0.061461 0.008204 
0.002559 0.023897 0.396938 0.209890 0.198196 0.059882 0.020149 0.033815 0.039423 0.015251 
0.009121 0.045409 0.403913 0.190690 0.215759 0.064753 0.015457 0.021593 0.022030 0.011274 
0.010885 0.061656 0.401259 0.197915 0.229249 0.037101 0.018183 0.021491 0.019008 0.003255 
0.018661 0.083912 0.420015 0.134697 0.174652 0.052335 0.042183 0.039742 0.027229 0.006574 
0.012628 0.051779 0.422738 0.197216 0.183959 0.035181 0.020205 0.036213 0.031531 0.008549 
0.008072 0.028800 0.170725 0.234775 0.304379 0.060540 0.069777 0.083273 0.019801 0.019856 
0.000732 0.014295 0.150736 0.286426 0.291329 0.079484 0.038231 0.100471 0.025648 0.012649 
0.000398 0.006012 0.145689 0.289931 0.304598 0.053022 0.033936 0.115809 0.025433 0.025173 
0.005743 0.025460 0.220653 0.272268 0.243992 0.060913 0.023596 0.107308 0.015544 0.024522 
0.003603 0.020025 0.203185 0.259206 0.236407 0.073084 0.047677 0.126538 0.018040 0.012234 
0.000049 0.013970 0.236223 0.208705 0.350848 0.044033 0.025269 0.084135 0.022664 0.014105 
0.005124 0.016051 0.260378 0.316321 0.267191 0.047992 0.044519 0.019108 0.016543 0.006773 
0.003995 0.032594 0.291987 0.121137 0.275845 0.118148 0.029850 0.038476 0.062929 0.025038 
0.012901 0.063997 0.563186 0.156384 0.119235 0.016642 0.014081 0.012123 0.031581 0.009871 
0.018732 0.090389 0.529832 0.157390 0.084526 0.039281 0.029365 0.025167 0.016576 0.008739 
0.011727 0.061399 0.472536 0.178801 0.137293 0.053480 0.027102 0.028450 0.016366 0.012846 
0.003430 0.036284 0.461137 0.197705 0.132474 0.046284 0.037927 0.040913 0.023912 0.019934 
0.004560 0.038430 0.447272 0.178259 0.111189 0.078589 0.053301 0.037236 0.029137 0.022026 
