everyotherfreckle, alt-j
0.000000 0.000000 0.000000 0.000000 0.000000 0.000000 0.000000 0.000000 0.000000 0.000000 
0.000000 0.000000 0.000000 0.000000 0.000000 0.000000 0.000000 0.000000 0.000000 0.000000 
0.000000 0.000000 0.000000 0.000000 0.000000 0.000000 0.000000 0.000000 0.000000 0.000000 
0.103017 0.177660 0.101438 0.070194 0.063601 0.055868 0.132261 0.134878 0.104512 0.056570 
0.029235 0.289552 0.122763 0.064791 0.103343 0.040845 0.139640 0.120978 0.060860 0.027991 
0.044899 0.374210 0.091909 0.081025 0.076561 0.059773 0.117171 0.061139 0.062630 0.030684 
0.040870 0.224207 0.088190 0.134958 0.069178 0.079316 0.161956 0.072696 0.050397 0.078233 
0.009536 0.050436 0.060971 0.362225 0.092340 0.179021 0.129346 0.055757 0.050942 0.009426 
0.005433 0.063473 0.155750 0.160445 0.126397 0.148318 0.167548 0.115219 0.024765 0.032652 
0.010290 0.383702 0.081144 0.133210 0.066637 0.130522 0.071485 0.074990 0.016320 0.031700 
0.011212 0.170312 0.123862 0.134141 0.088730 0.202048 0.057749 0.152122 0.039682 0.020143 
0.001461 0.153782 0.115729 0.196866 0.100559 0.186906 0.067524 0.063943 0.093168 0.020061 
0.003354 0.123357 0.140262 0.122977 0.120690 0.252171 0.077178 0.079408 0.066155 0.014448 
0.004234 0.120971 0.178293 0.150959 0.097643 0.249417 0.057299 0.085585 0.033919 0.021681 
0.007347 0.052123 0.113365 0.291491 0.116676 0.124180 0.128756 0.108717 0.030539 0.026806 
0.000109 0.060118 0.109946 0.352826 0.121369 0.147570 0.084593 0.064065 0.032837 0.026566 
0.004893 0.072641 0.195763 0.328239 0.135784 0.106852 0.060474 0.054619 0.027066 0.013669 
0.038263 0.203559 0.210388 0.270577 0.081484 0.089886 0.045966 0.034852 0.017016 0.008009 
0.026125 0.368634 0.121343 0.241573 0.070143 0.081634 0.040466 0.026050 0.015736 0.008294 
0.014316 0.167230 0.114983 0.315010 0.101703 0.119448 0.085659 0.037856 0.024507 0.019288 
0.004191 0.134134 0.138672 0.335901 0.135475 0.120678 0.056563 0.033144 0.018874 0.022368 
0.013677 0.091664 0.169063 0.275373 0.169887 0.137582 0.050404 0.050829 0.015434 0.026086 
0.008549 0.118595 0.201201 0.225581 0.108318 0.154805 0.094175 0.047665 0.026698 0.014413 
0.000336 0.105310 0.144828 0.245934 0.124428 0.187792 0.083033 0.050781 0.039690 0.017867 
0.013844 0.077114 0.082757 0.325548 0.145989 0.144696 0.096228 0.061834 0.030680 0.021309 
0.009911 0.082371 0.088557 0.376496 0.135851 0.111240 0.109669 0.056154 0.015212 0.014539 
0.017320 0.269156 0.172295 0.249209 0.114740 0.046838 0.062805 0.036152 0.016373 0.015112 
0.006281 0.396943 0.153711 0.200299 0.074587 0.050616 0.048208 0.025671 0.020131 0.023554 
0.026520 0.178729 0.195939 0.245090 0.125806 0.086441 0.063464 0.027305 0.018502 0.032206 
0.001293 0.126174 0.203078 0.301639 0.112118 0.126328 0.055143 0.036282 0.013751 0.024194 
0.006835 0.117140 0.157885 0.284020 0.132811 0.153860 0.083674 0.029794 0.013871 0.020110 
0.008137 0.110364 0.149323 0.272821 0.146569 0.132177 0.093943 0.030005 0.018901 0.037760 
0.015975 0.128308 0.143823 0.251467 0.105303 0.108014 0.134402 0.045977 0.016906 0.049826 
0.011401 0.120384 0.125770 0.292510 0.145980 0.060534 0.133475 0.033463 0.020161 0.056321 
0.004989 0.137601 0.092816 0.366640 0.133961 0.054210 0.134638 0.029352 0.022438 0.023355 
0.017163 0.247468 0.162872 0.165203 0.112944 0.071612 0.140111 0.039074 0.023782 0.019771 
0.019417 0.380589 0.073134 0.172228 0.103946 0.108123 0.092032 0.026358 0.012576 0.011596 
0.014795 0.182123 0.115636 0.254402 0.086768 0.125056 0.131104 0.042890 0.022772 0.024454 
0.002315 0.163088 0.188237 0.251561 0.089388 0.093797 0.105342 0.061162 0.019805 0.025306 
0.006359 0.109585 0.166486 0.316048 0.095859 0.055019 0.115476 0.061347 0.028980 0.044841 
0.008490 0.079638 0.250994 0.312651 0.103561 0.071941 0.080345 0.025539 0.024345 0.042496 
0.004185 0.087271 0.161600 0.294865 0.138372 0.093076 0.135838 0.034270 0.011947 0.038575 
0.008326 0.082620 0.133944 0.267562 0.122997 0.118166 0.158668 0.051612 0.018224 0.037881 
0.010037 0.107559 0.174608 0.285391 0.174845 0.067106 0.094167 0.043981 0.011192 0.031114 
0.023944 0.337485 0.133679 0.223301 0.087948 0.038077 0.082316 0.035664 0.009534 0.028051 
0.023063 0.255847 0.168111 0.258167 0.061675 0.048220 0.112079 0.046936 0.006069 0.019833 
0.004572 0.170019 0.122404 0.295186 0.112313 0.076977 0.121844 0.054929 0.017763 0.023994 
0.018024 0.244545 0.155909 0.298486 0.105185 0.064138 0.059592 0.027429 0.006844 0.019849 
0.011986 0.175631 0.180443 0.297277 0.094857 0.099257 0.065512 0.048403 0.012036 0.014599 
0.010912 0.199175 0.155590 0.244301 0.091991 0.099670 0.111116 0.056203 0.012911 0.018131 
0.012149 0.161516 0.134624 0.257756 0.145609 0.103752 0.106604 0.038795 0.026724 0.012471 
0.002278 0.144912 0.248866 0.283402 0.114334 0.085626 0.050489 0.046523 0.013458 0.010112 
0.005776 0.077438 0.275231 0.230740 0.106458 0.101517 0.074875 0.068299 0.034340 0.025326 
0.030042 0.455013 0.133543 0.133865 0.052661 0.067127 0.042945 0.038698 0.026002 0.020103 
0.029406 0.278083 0.169580 0.189763 0.065106 0.083437 0.077621 0.059588 0.026139 0.021277 
0.008678 0.187961 0.198250 0.259663 0.086433 0.071047 0.114553 0.045355 0.016780 0.011279 
0.014772 0.169586 0.133151 0.298164 0.072312 0.088331 0.161154 0.035053 0.014961 0.012516 
0.005223 0.108855 0.157491 0.318828 0.079013 0.098928 0.166784 0.036592 0.010321 0.017965 
0.008906 0.133350 0.175920 0.330352 0.103549 0.099231 0.091203 0.039981 0.007841 0.009667 
0.004144 0.137607 0.157557 0.309032 0.121553 0.084672 0.089525 0.063907 0.017912 0.014091 
0.001679 0.105658 0.203746 0.349186 0.065129 0.054576 0.101747 0.074495 0.019933 0.023852 
0.003241 0.062267 0.221911 0.324529 0.123225 0.054202 0.144360 0.027127 0.010257 0.028880 
0.039276 0.440217 0.141064 0.148057 0.051129 0.028490 0.064916 0.045225 0.027707 0.013920 
0.031700 0.372019 0.136382 0.127196 0.070233 0.048418 0.080246 0.062555 0.039297 0.031954 
0.004622 0.286948 0.150404 0.232960 0.066959 0.055117 0.073328 0.077599 0.017527 0.034536 
0.004461 0.214556 0.261037 0.230710 0.065261 0.075914 0.071146 0.030677 0.016884 0.029354 
0.019611 0.173779 0.247487 0.263004 0.071604 0.098272 0.055419 0.030945 0.015030 0.024848 
0.014325 0.210297 0.226095 0.237685 0.085838 0.077214 0.063771 0.041602 0.014114 0.029058 
0.005823 0.176588 0.208038 0.277346 0.072828 0.057904 0.074327 0.075715 0.025667 0.025764 
0.024777 0.204781 0.181197 0.297026 0.064569 0.043701 0.065203 0.079548 0.021235 0.017963 
0.006244 0.121331 0.227423 0.313983 0.106097 0.028298 0.099089 0.059017 0.010121 0.028399 
0.038193 0.394291 0.172674 0.210374 0.040522 0.014883 0.067190 0.034702 0.012340 0.014831 
0.046360 0.352968 0.194289 0.225987 0.043750 0.014222 0.071232 0.039840 0.003666 0.007686 
0.006950 0.193385 0.097420 0.286849 0.094644 0.047530 0.147872 0.089388 0.023243 0.012719 
0.016778 0.175432 0.173725 0.295428 0.073441 0.044873 0.117975 0.073765 0.011820 0.016762 
0.005075 0.206914 0.132296 0.264414 0.113980 0.056616 0.073187 0.068806 0.037216 0.041497 
0.002376 0.179966 0.214307 0.247481 0.102326 0.063234 0.069699 0.073078 0.021499 0.026034 
0.009636 0.097245 0.211476 0.327231 0.106067 0.100969 0.077156 0.030031 0.012015 0.028174 
0.029083 0.126511 0.169007 0.292828 0.139728 0.087622 0.088150 0.031100 0.011557 0.024415 
0.014863 0.120345 0.156697 0.357834 0.074542 0.101531 0.091723 0.054986 0.010132 0.017346 
0.032475 0.358890 0.177747 0.147567 0.078400 0.056551 0.054191 0.046095 0.026905 0.021179 
0.033421 0.338240 0.169585 0.184480 0.087437 0.059928 0.037395 0.052892 0.017788 0.018832 
0.008611 0.200276 0.200174 0.297278 0.081203 0.073884 0.032698 0.062243 0.019814 0.023818 
0.016941 0.178894 0.168326 0.335922 0.072648 0.068460 0.061446 0.058104 0.020570 0.018689 
0.004410 0.154168 0.155536 0.358090 0.078179 0.064794 0.091924 0.054873 0.019701 0.018324 
0.011973 0.198245 0.112631 0.294059 0.119032 0.080838 0.111933 0.034596 0.015788 0.020904 
0.005299 0.180587 0.131683 0.309120 0.064119 0.095346 0.135368 0.052427 0.007918 0.018131 
0.011345 0.194716 0.201158 0.249817 0.099966 0.058769 0.094078 0.055288 0.017640 0.017222 
0.005556 0.180188 0.247199 0.317217 0.078507 0.053779 0.061611 0.031225 0.006836 0.017882 
0.033160 0.458096 0.171993 0.145432 0.045444 0.036951 0.044782 0.033708 0.015822 0.014611 
0.031480 0.306356 0.110462 0.244756 0.076139 0.059752 0.102479 0.033811 0.018308 0.016456 
0.018113 0.217827 0.165884 0.319603 0.074282 0.072932 0.047090 0.054513 0.017258 0.012499 
0.017794 0.234625 0.267878 0.207799 0.059500 0.064276 0.050434 0.061456 0.020147 0.016090 
0.007694 0.146609 0.291819 0.253890 0.047110 0.068212 0.109398 0.054933 0.011870 0.008467 
0.010739 0.164210 0.181628 0.288474 0.102549 0.070267 0.107951 0.029712 0.021954 0.022517 
0.003333 0.102014 0.184017 0.420430 0.112496 0.055933 0.042421 0.033783 0.023741 0.021831 
0.014425 0.126039 0.236239 0.344376 0.089988 0.040560 0.077791 0.042784 0.008849 0.018951 
0.010787 0.098555 0.221809 0.335832 0.072432 0.053194 0.097474 0.074426 0.013539 0.021952 
0.008434 0.480609 0.139052 0.181482 0.048059 0.033810 0.046397 0.042792 0.010721 0.008643 
0.005547 0.263256 0.173774 0.279597 0.087536 0.056783 0.045926 0.058159 0.014363 0.015058 
0.018487 0.212786 0.215962 0.302223 0.079535 0.043242 0.043861 0.063888 0.006288 0.013728 
0.011454 0.167932 0.303312 0.278097 0.075468 0.083006 0.029037 0.021667 0.010564 0.019462 
0.006434 0.146783 0.302916 0.229681 0.084469 0.116540 0.043595 0.049129 0.007788 0.012667 
0.000628 0.156672 0.247889 0.267461 0.048754 0.117886 0.071790 0.066300 0.006673 0.015949 
0.009343 0.118837 0.172111 0.305133 0.069973 0.124569 0.074608 0.084860 0.015252 0.025313 
0.014473 0.124271 0.153363 0.341771 0.097351 0.110966 0.040600 0.082633 0.018828 0.015744 
0.003258 0.131510 0.189865 0.343288 0.086152 0.098363 0.044547 0.078808 0.010379 0.013830 
0.030282 0.551881 0.138195 0.117281 0.025318 0.039581 0.035561 0.042029 0.012484 0.007388 
0.028497 0.260661 0.205760 0.236604 0.055022 0.060661 0.063191 0.066642 0.013526 0.009437 
0.008386 0.227779 0.164335 0.346203 0.071282 0.073872 0.050273 0.033184 0.012117 0.012568 
0.012811 0.173787 0.195563 0.281309 0.088646 0.086644 0.089445 0.043868 0.014637 0.013291 
0.005125 0.143169 0.245614 0.256756 0.089459 0.104702 0.062124 0.056729 0.018686 0.017636 
0.001183 0.179570 0.172643 0.267630 0.097497 0.128317 0.065305 0.062164 0.011289 0.014403 
0.014474 0.163335 0.171201 0.251504 0.086655 0.129258 0.094569 0.057730 0.020869 0.010405 
0.018102 0.201327 0.187574 0.289509 0.059358 0.091265 0.086370 0.042622 0.012083 0.011791 
0.010763 0.198644 0.233930 0.248620 0.065953 0.055368 0.100293 0.040812 0.019450 0.026168 
0.029263 0.577533 0.153105 0.117553 0.039044 0.019043 0.024188 0.019767 0.012898 0.007605 
0.029071 0.289950 0.265838 0.184163 0.049892 0.043092 0.054776 0.065605 0.008574 0.009038 
0.002021 0.247215 0.271329 0.226187 0.049277 0.041635 0.067331 0.076814 0.006472 0.011719 
0.040365 0.300790 0.231015 0.235295 0.064390 0.021755 0.049311 0.036793 0.011185 0.009102 
0.007290 0.255459 0.236095 0.228463 0.067611 0.041545 0.084340 0.041928 0.020166 0.017103 
0.006477 0.252679 0.141913 0.335167 0.053084 0.065283 0.082397 0.039236 0.012395 0.011368 
0.013911 0.184739 0.149786 0.378503 0.095098 0.046320 0.088467 0.024503 0.008637 0.010037 
0.008002 0.258748 0.246412 0.299181 0.054731 0.043300 0.038229 0.027769 0.008443 0.015184 
0.004770 0.184544 0.211772 0.294939 0.071144 0.084522 0.065106 0.053409 0.014719 0.015075 
0.023299 0.473117 0.157289 0.182461 0.029894 0.035010 0.050593 0.030788 0.009923 0.007628 
0.018375 0.386808 0.169297 0.227683 0.053993 0.046407 0.037010 0.045457 0.005902 0.009068 
0.012005 0.295307 0.226271 0.260702 0.065429 0.030488 0.022447 0.060494 0.015717 0.011141 
0.021260 0.306249 0.243909 0.203434 0.054943 0.047834 0.038546 0.040638 0.016556 0.026631 
0.010666 0.268806 0.174095 0.227396 0.126850 0.054292 0.056806 0.034682 0.017406 0.029002 
0.007774 0.109714 0.314950 0.263089 0.098251 0.081362 0.068595 0.027601 0.016536 0.012128 
0.002656 0.075247 0.369071 0.259443 0.039650 0.083652 0.091605 0.057442 0.014084 0.007150 
0.006243 0.154256 0.314398 0.246196 0.031555 0.074519 0.084313 0.067486 0.008188 0.012847 
0.005570 0.154288 0.281392 0.232356 0.042558 0.080754 0.084808 0.076832 0.018695 0.022746 
0.014226 0.515647 0.131980 0.174076 0.048559 0.027421 0.036867 0.029408 0.009354 0.012462 
0.016176 0.327174 0.130469 0.310604 0.038437 0.078647 0.023738 0.053370 0.005774 0.015610 
0.004326 0.229818 0.143655 0.304077 0.067560 0.115800 0.049554 0.060910 0.007899 0.016400 
0.002455 0.167018 0.233062 0.320297 0.108307 0.078914 0.024474 0.031104 0.016875 0.017493 
0.005650 0.091222 0.301930 0.270465 0.138250 0.065374 0.057258 0.027081 0.023161 0.019609 
0.009303 0.187355 0.272134 0.218376 0.110665 0.043650 0.065928 0.053975 0.021826 0.016789 
0.028010 0.195487 0.187055 0.301142 0.073982 0.036992 0.052370 0.089450 0.026233 0.009281 
0.003289 0.200570 0.264616 0.272705 0.049049 0.023506 0.079870 0.073344 0.020167 0.012885 
0.005334 0.156756 0.292864 0.255249 0.091364 0.053740 0.055716 0.050495 0.019549 0.018931 
0.031912 0.560066 0.125351 0.118641 0.062096 0.032704 0.021456 0.023334 0.015841 0.008599 
0.026271 0.341996 0.230233 0.159558 0.025638 0.078909 0.047006 0.071174 0.008302 0.010914 
0.003499 0.185754 0.296076 0.163747 0.070903 0.089350 0.075063 0.073994 0.019669 0.021946 
0.006731 0.200614 0.301804 0.186034 0.051222 0.085564 0.056938 0.075233 0.014821 0.021038 
0.006157 0.130572 0.333966 0.181698 0.087229 0.081507 0.079354 0.074326 0.015260 0.009931 
0.006768 0.172179 0.197932 0.251097 0.077373 0.099317 0.087892 0.074500 0.013175 0.019769 
0.012158 0.150772 0.163960 0.321606 0.071571 0.108890 0.078716 0.062897 0.010105 0.019325 
0.022513 0.191215 0.167156 0.298686 0.049653 0.096087 0.078169 0.059222 0.020621 0.016679 
0.017817 0.179127 0.154020 0.293067 0.098684 0.075057 0.077142 0.063745 0.018804 0.022538 
0.030860 0.476119 0.182176 0.148505 0.036057 0.029386 0.033928 0.036804 0.009619 0.016544 
0.043028 0.356794 0.138090 0.197122 0.088736 0.030500 0.067201 0.035340 0.023407 0.019784 
0.023482 0.288554 0.195834 0.209679 0.123938 0.026645 0.070617 0.018536 0.012995 0.029720 
0.003323 0.284907 0.222595 0.169313 0.129120 0.046536 0.056153 0.024858 0.028292 0.034903 
0.017207 0.271309 0.157688 0.200579 0.133130 0.071954 0.062234 0.029023 0.024889 0.031988 
0.020687 0.180071 0.198174 0.237704 0.102304 0.104656 0.062266 0.029476 0.022365 0.042298 
0.004723 0.107419 0.284265 0.202939 0.133376 0.099327 0.069326 0.027500 0.031063 0.040062 
0.004459 0.131346 0.323239 0.213344 0.100806 0.066884 0.079026 0.028265 0.016017 0.036614 
0.001469 0.108983 0.345598 0.174643 0.087423 0.071547 0.086011 0.051262 0.028728 0.044335 
0.025375 0.460369 0.243026 0.083379 0.059025 0.032061 0.043314 0.019547 0.010214 0.023689 
0.020078 0.337309 0.213909 0.137462 0.098319 0.051282 0.083093 0.020692 0.011010 0.026847 
0.012009 0.224728 0.253906 0.189056 0.124140 0.066382 0.063807 0.024610 0.014773 0.026590 
0.005765 0.263790 0.307084 0.169994 0.095586 0.056744 0.054048 0.011085 0.015835 0.020069 
0.000951 0.202825 0.359903 0.146636 0.093901 0.073743 0.072340 0.016049 0.005623 0.028027 
0.007132 0.241115 0.237450 0.196933 0.102907 0.075285 0.079481 0.020670 0.016335 0.022693 
0.003074 0.209091 0.331494 0.158967 0.106499 0.051792 0.064348 0.021694 0.014515 0.038526 
0.029142 0.212553 0.242794 0.196294 0.086874 0.056571 0.084716 0.024622 0.026824 0.039609 
0.016852 0.154683 0.353197 0.145654 0.111069 0.055871 0.083416 0.030280 0.017349 0.031629 
0.021461 0.520308 0.197438 0.083794 0.064388 0.029852 0.031839 0.017096 0.012121 0.021703 
0.015849 0.363975 0.279687 0.102416 0.066586 0.058310 0.055723 0.017361 0.020664 0.019429 
0.001127 0.296478 0.359177 0.115504 0.048640 0.051321 0.069129 0.024191 0.014513 0.019919 
0.033789 0.178054 0.339886 0.157914 0.067113 0.050828 0.091905 0.023020 0.012874 0.044617 
0.023199 0.211090 0.304159 0.136208 0.078240 0.058592 0.111477 0.023181 0.018865 0.034989 
0.029978 0.162558 0.328943 0.190496 0.113100 0.047912 0.068174 0.011215 0.014388 0.033235 
0.014550 0.169676 0.285763 0.180351 0.101910 0.057930 0.095963 0.031799 0.026265 0.035793 
0.007720 0.109226 0.339749 0.155379 0.116207 0.064572 0.122540 0.022664 0.025901 0.036041 
0.020970 0.152110 0.294575 0.187947 0.113416 0.052439 0.094423 0.029662 0.020581 0.033875 
0.011856 0.537483 0.176333 0.114426 0.047498 0.023490 0.039392 0.019939 0.011783 0.017800 
0.013899 0.425026 0.167452 0.173165 0.060184 0.060519 0.048426 0.014883 0.008925 0.027520 
0.021072 0.367714 0.275506 0.126804 0.057071 0.046665 0.042976 0.014138 0.014636 0.033419 
0.027616 0.289325 0.250740 0.137764 0.086028 0.066202 0.061302 0.034753 0.018027 0.028242 
0.014235 0.279844 0.328106 0.081155 0.074288 0.061139 0.081460 0.028057 0.023764 0.027952 
0.018441 0.209833 0.318156 0.127181 0.084650 0.053119 0.112950 0.013750 0.025118 0.036802 
0.011505 0.147966 0.348251 0.158089 0.066557 0.062695 0.109797 0.030896 0.020275 0.043970 
0.012775 0.247014 0.331824 0.103647 0.068313 0.050342 0.101897 0.031223 0.013976 0.038989 
0.008969 0.175451 0.363761 0.119600 0.134877 0.045899 0.081965 0.025379 0.019616 0.024484 
0.022149 0.519559 0.201268 0.087240 0.066915 0.033595 0.030200 0.016866 0.013082 0.009125 
0.007360 0.379273 0.211709 0.112152 0.115515 0.047268 0.065076 0.026956 0.018412 0.016280 
0.004216 0.291189 0.250724 0.132678 0.070484 0.046382 0.097534 0.046996 0.033828 0.025970 
0.020599 0.306685 0.244448 0.122938 0.073667 0.047008 0.104542 0.033971 0.029184 0.016959 
0.003463 0.271490 0.221679 0.146086 0.069181 0.051134 0.143004 0.045587 0.024065 0.024312 
0.013324 0.161103 0.267459 0.181461 0.088381 0.066678 0.122536 0.043070 0.029170 0.026819 
0.000177 0.164388 0.253704 0.203098 0.112570 0.070429 0.106494 0.040572 0.026774 0.021793 
0.012223 0.232241 0.278925 0.190610 0.089003 0.037593 0.089700 0.031764 0.021097 0.016845 
0.009344 0.182119 0.310983 0.154190 0.086069 0.055117 0.123501 0.033452 0.024370 0.020855 
0.019625 0.574772 0.139952 0.078935 0.038724 0.024102 0.072666 0.020874 0.013864 0.016486 
0.008432 0.335850 0.265831 0.119312 0.052619 0.035749 0.087614 0.043119 0.020758 0.030717 
0.002574 0.255338 0.252829 0.192411 0.083731 0.043286 0.081197 0.035140 0.025648 0.027846 
0.026845 0.164886 0.365399 0.134096 0.079962 0.046195 0.100568 0.013602 0.028683 0.039764 
0.009695 0.232069 0.384152 0.117196 0.084100 0.040696 0.066165 0.014110 0.024211 0.027606 
0.013750 0.251222 0.250017 0.238333 0.046883 0.048194 0.070961 0.025985 0.021856 0.032798 
0.003289 0.192498 0.243490 0.247967 0.090746 0.041322 0.080396 0.035111 0.031315 0.033866 
0.037130 0.294453 0.192736 0.213985 0.129026 0.036068 0.059087 0.010036 0.012232 0.015248 
0.032554 0.283411 0.272704 0.114385 0.100617 0.035523 0.091623 0.015328 0.021753 0.032103 
0.016249 0.594827 0.122294 0.060116 0.068167 0.022646 0.066929 0.008586 0.013779 0.026409 
0.005064 0.355684 0.286657 0.100096 0.077585 0.034139 0.084398 0.015668 0.014718 0.025990 
0.007737 0.272780 0.303313 0.120999 0.063709 0.059175 0.097867 0.019223 0.030123 0.025074 
0.021803 0.175633 0.406502 0.093936 0.052116 0.043326 0.115303 0.032383 0.028715 0.030282 
0.008439 0.225967 0.381210 0.112112 0.064616 0.044705 0.101320 0.030098 0.013344 0.018189 
0.018229 0.324396 0.305968 0.091883 0.045713 0.040223 0.105124 0.027749 0.013370 0.027346 
0.005414 0.243899 0.333429 0.107600 0.078363 0.029906 0.117750 0.022304 0.017592 0.043743 
0.037467 0.322161 0.224128 0.086584 0.087161 0.031980 0.129295 0.027316 0.020963 0.032945 
0.025042 0.243164 0.258146 0.112639 0.122389 0.057759 0.107486 0.026472 0.024300 0.022604 
0.023418 0.507445 0.224679 0.105894 0.046442 0.017935 0.025398 0.015662 0.018063 0.015063 
0.008592 0.341527 0.215908 0.214276 0.078326 0.029319 0.035269 0.030314 0.021159 0.025310 
0.044841 0.170265 0.349260 0.196978 0.078535 0.042289 0.070870 0.016375 0.011938 0.018650 
0.008928 0.140605 0.391794 0.236556 0.073131 0.029408 0.060149 0.018831 0.007748 0.032850 
0.012564 0.149668 0.430562 0.166332 0.084810 0.021556 0.078303 0.013725 0.019477 0.023003 
0.015187 0.227708 0.252210 0.181703 0.070071 0.037344 0.158522 0.031891 0.012943 0.012420 
0.012920 0.113631 0.342171 0.155530 0.073001 0.046633 0.159321 0.028068 0.022649 0.046076 
0.016251 0.225569 0.278046 0.146542 0.049770 0.025472 0.134976 0.038324 0.028860 0.056190 
0.022747 0.233685 0.258710 0.163834 0.053381 0.041575 0.126530 0.039864 0.021876 0.037797 
0.014509 0.551947 0.170366 0.111127 0.036681 0.021592 0.044033 0.017751 0.015616 0.016378 
0.036274 0.340758 0.263048 0.131087 0.044377 0.018068 0.079312 0.031388 0.020569 0.035119 
0.004211 0.333274 0.306201 0.154968 0.034632 0.016717 0.069605 0.021932 0.028937 0.029523 
0.014864 0.124741 0.381215 0.192818 0.061479 0.024383 0.118154 0.020617 0.022323 0.039406 
0.008487 0.179761 0.349361 0.194263 0.053470 0.027725 0.100241 0.029829 0.019807 0.037055 
0.001473 0.137326 0.340445 0.211114 0.066983 0.034338 0.119590 0.028286 0.009564 0.050882 
0.003299 0.122027 0.266313 0.240595 0.060077 0.031373 0.144096 0.047417 0.030470 0.054336 
0.006979 0.133639 0.370641 0.180412 0.112648 0.034884 0.069510 0.017661 0.024553 0.049074 
0.026156 0.108728 0.352212 0.147506 0.097253 0.026633 0.108444 0.062978 0.023233 0.046857 
0.036406 0.534878 0.168594 0.083142 0.046593 0.021839 0.052759 0.018826 0.012621 0.024344 
0.030055 0.394970 0.153713 0.117304 0.084759 0.028350 0.085481 0.030357 0.029524 0.045487 
0.011509 0.307073 0.209468 0.164859 0.041307 0.018698 0.140384 0.032204 0.025117 0.049381 
0.011887 0.253024 0.292562 0.094984 0.059115 0.012801 0.158063 0.043436 0.021298 0.052829 
0.016195 0.173738 0.311388 0.138432 0.048492 0.024553 0.141544 0.039145 0.031372 0.075141 
0.034045 0.276193 0.288207 0.089759 0.042358 0.018255 0.140693 0.041207 0.025421 0.043862 
0.004874 0.228679 0.279175 0.172254 0.068955 0.033458 0.113177 0.017589 0.016842 0.064998 
0.026207 0.342561 0.277154 0.144048 0.056173 0.021531 0.044688 0.016839 0.024545 0.046255 
0.018635 0.303326 0.240397 0.183689 0.067506 0.039554 0.067208 0.021886 0.020118 0.037683 
0.043740 0.551373 0.210966 0.068400 0.026724 0.014382 0.035633 0.021356 0.009448 0.017978 
0.021180 0.398138 0.206225 0.083135 0.086904 0.016122 0.083602 0.039640 0.029044 0.036011 
0.025886 0.344246 0.159074 0.124170 0.063812 0.036822 0.118375 0.050685 0.029411 0.047521 
0.011449 0.303517 0.237846 0.056286 0.081093 0.014880 0.173820 0.055919 0.016914 0.048274 
0.012524 0.246689 0.234323 0.063357 0.080698 0.030648 0.204023 0.050870 0.030898 0.045970 
0.002042 0.259300 0.235419 0.070745 0.094093 0.025316 0.206810 0.034949 0.037242 0.034084 
0.016354 0.262052 0.290947 0.113300 0.095435 0.019930 0.100799 0.040625 0.036434 0.024123 
0.014788 0.326602 0.239315 0.078203 0.120182 0.025901 0.091625 0.035294 0.037082 0.031009 
0.028085 0.235352 0.265572 0.104547 0.106344 0.030476 0.106147 0.029151 0.045319 0.049006 
0.016500 0.567738 0.220800 0.071149 0.035777 0.012358 0.029607 0.013340 0.010949 0.021783 
0.034851 0.390367 0.196916 0.068352 0.046198 0.017048 0.114511 0.029153 0.041074 0.061529 
0.010250 0.243217 0.295092 0.081489 0.053315 0.021796 0.163404 0.035701 0.039547 0.056188 
0.001732 0.172924 0.407705 0.118411 0.080890 0.036506 0.089919 0.014446 0.027354 0.050112 
0.028172 0.245442 0.283693 0.111226 0.094978 0.028236 0.096157 0.031251 0.037630 0.043216 
0.011499 0.209055 0.197013 0.154820 0.085479 0.037238 0.146433 0.045209 0.048444 0.064811 
0.001888 0.127763 0.299947 0.161617 0.121969 0.030542 0.104764 0.048726 0.024778 0.078007 
0.000472 0.116157 0.317821 0.164675 0.129457 0.038586 0.121590 0.024709 0.035034 0.051498 
0.017988 0.155508 0.381836 0.088870 0.088289 0.035150 0.115994 0.030262 0.018557 0.067546 
0.009860 0.556166 0.207067 0.092951 0.025606 0.012446 0.030044 0.014669 0.019195 0.031996 
0.024581 0.456501 0.185598 0.045490 0.036502 0.019752 0.098800 0.022132 0.045241 0.065404 
0.014485 0.323667 0.252557 0.126869 0.047535 0.039548 0.053383 0.028731 0.049325 0.063900 
0.003616 0.262359 0.321608 0.076003 0.047914 0.026173 0.128738 0.045883 0.034083 0.053622 
0.007177 0.228788 0.332101 0.085903 0.055844 0.023586 0.099169 0.037635 0.042009 0.087788 
0.010245 0.157536 0.380175 0.075999 0.044440 0.027585 0.165742 0.036869 0.053255 0.048153 
0.005916 0.163980 0.345391 0.112203 0.057925 0.027649 0.138454 0.040672 0.044347 0.063463 
0.001306 0.261376 0.324680 0.096700 0.079673 0.034811 0.080184 0.040634 0.032082 0.048555 
0.034275 0.183969 0.292339 0.139759 0.070001 0.043115 0.102771 0.036195 0.035822 0.061754 
0.034727 0.537496 0.168000 0.052861 0.055720 0.033990 0.055644 0.014823 0.012409 0.034329 
0.004855 0.465885 0.178148 0.100318 0.078815 0.012032 0.054898 0.028125 0.019170 0.057754 
0.048518 0.503347 0.148356 0.085563 0.066200 0.018927 0.039998 0.014439 0.031332 0.043320 
0.031768 0.447625 0.191024 0.095172 0.067516 0.023598 0.049555 0.014947 0.038491 0.040305 
0.016582 0.348632 0.249625 0.091675 0.062745 0.019107 0.099095 0.031475 0.036685 0.044381 
0.044547 0.477074 0.165277 0.067121 0.047491 0.017157 0.074051 0.010893 0.040287 0.056102 
0.030407 0.330159 0.319417 0.096872 0.061911 0.025311 0.053942 0.020593 0.024923 0.036465 
0.018175 0.367387 0.170689 0.085232 0.101616 0.043216 0.106446 0.014920 0.043903 0.048417 
0.037465 0.313350 0.272028 0.081755 0.066759 0.018758 0.062092 0.057110 0.038974 0.051711 
0.029718 0.492573 0.243883 0.075955 0.044585 0.022593 0.025016 0.026723 0.022957 0.015997 
0.027124 0.423257 0.315668 0.051340 0.036777 0.013137 0.038497 0.016032 0.035811 0.042357 
0.016870 0.238598 0.287517 0.119778 0.074857 0.024634 0.113090 0.037559 0.044231 0.042867 
0.006190 0.236286 0.318709 0.097746 0.080456 0.037130 0.083864 0.038865 0.040692 0.060061 
0.015954 0.216961 0.360063 0.126898 0.054370 0.037675 0.047331 0.025407 0.045601 0.069741 
0.020662 0.294243 0.316883 0.087950 0.062520 0.032705 0.051981 0.023699 0.047790 0.061565 
0.009134 0.295976 0.214850 0.109994 0.072600 0.027152 0.101142 0.052028 0.057498 0.059626 
0.004086 0.350883 0.217071 0.097357 0.059812 0.036291 0.056116 0.060877 0.050911 0.066595 
0.008215 0.264846 0.288764 0.144845 0.082931 0.028770 0.069983 0.035619 0.042655 0.033371 
0.000453 0.475577 0.316701 0.056684 0.039953 0.025802 0.027651 0.017549 0.021418 0.018211 
0.052029 0.433109 0.201333 0.095060 0.050180 0.028673 0.049007 0.020118 0.041782 0.028708 
0.012626 0.280406 0.402534 0.103431 0.037411 0.020501 0.058508 0.010930 0.055544 0.018108 
0.028088 0.341353 0.313798 0.068275 0.023719 0.025119 0.059887 0.023980 0.080603 0.035179 
0.013776 0.129276 0.534489 0.096510 0.036204 0.034424 0.049251 0.037406 0.043400 0.025265 
0.004516 0.133975 0.466071 0.105389 0.064351 0.053722 0.042198 0.052333 0.053709 0.023735 
0.005243 0.146207 0.315423 0.139568 0.057345 0.043786 0.097857 0.060339 0.057685 0.076547 
0.020715 0.294956 0.208117 0.106055 0.063115 0.044481 0.104688 0.040861 0.055178 0.061833 
0.032276 0.201112 0.228717 0.134932 0.135588 0.061392 0.086306 0.034946 0.043007 0.041723 
0.007694 0.475360 0.248931 0.078339 0.055279 0.030854 0.045677 0.019264 0.024720 0.013882 
0.035309 0.269335 0.291942 0.154627 0.050427 0.053201 0.042413 0.032629 0.042283 0.027832 
0.002526 0.274645 0.269414 0.166038 0.071173 0.067310 0.032614 0.047863 0.024844 0.043575 
0.008898 0.283622 0.252554 0.142952 0.090455 0.071146 0.046217 0.046940 0.018656 0.038559 
0.008228 0.194599 0.334273 0.140472 0.092615 0.042537 0.070778 0.041807 0.032331 0.042361 
0.005035 0.240507 0.336797 0.103075 0.065348 0.065434 0.089558 0.040113 0.024099 0.030034 
0.022423 0.287149 0.255303 0.089468 0.081678 0.067878 0.111289 0.043815 0.025880 0.015117 
0.000156 0.177058 0.277629 0.115135 0.145893 0.052518 0.118239 0.052871 0.039815 0.020686 
0.018879 0.264469 0.244929 0.089183 0.135707 0.082656 0.102554 0.034594 0.016681 0.010349 
0.002980 0.261691 0.245054 0.125367 0.159856 0.038720 0.124600 0.018821 0.011462 0.011449 
0.001372 0.206760 0.283458 0.123527 0.163473 0.107660 0.049267 0.029236 0.020299 0.014948 
0.018299 0.178687 0.322894 0.105925 0.138045 0.123400 0.054725 0.031060 0.015559 0.011406 
0.007007 0.214378 0.427966 0.099460 0.112099 0.061888 0.029719 0.031228 0.008744 0.007512 
0.003829 0.281433 0.292881 0.140467 0.146472 0.044734 0.027454 0.029643 0.020799 0.012288 
0.016213 0.271797 0.303238 0.122899 0.148968 0.054341 0.038078 0.019453 0.016530 0.008483 
0.020967 0.193305 0.404399 0.123195 0.131077 0.058931 0.031150 0.018032 0.013532 0.005411 
0.024733 0.111700 0.462608 0.131381 0.138068 0.043585 0.041849 0.021513 0.011905 0.012659 
0.004547 0.193763 0.341617 0.193956 0.084125 0.060480 0.044737 0.043620 0.024690 0.008464 
0.000621 0.181419 0.170583 0.284958 0.128896 0.092885 0.065123 0.026870 0.029187 0.019459 
0.007936 0.200876 0.173235 0.356398 0.117491 0.043667 0.030859 0.029681 0.029952 0.009905 
0.005584 0.158658 0.252410 0.316064 0.088835 0.077700 0.036354 0.030524 0.019590 0.014280 
0.005732 0.114639 0.446465 0.185431 0.146026 0.045215 0.017120 0.016438 0.016374 0.006561 
0.008354 0.094351 0.439109 0.212346 0.078774 0.061326 0.040568 0.026760 0.023763 0.014650 
0.008253 0.127593 0.507207 0.080491 0.113764 0.058884 0.034934 0.037537 0.016430 0.014906 
0.009983 0.160513 0.467006 0.083613 0.103949 0.060971 0.027674 0.042044 0.028249 0.015999 
0.011449 0.100709 0.457345 0.125047 0.113103 0.047163 0.040891 0.054936 0.030904 0.018453 
0.014923 0.146687 0.474276 0.102920 0.097488 0.038311 0.043128 0.034256 0.031292 0.016717 
0.000178 0.261682 0.420893 0.148086 0.059447 0.043045 0.013734 0.017345 0.024682 0.010907 
0.006312 0.321759 0.373742 0.140951 0.050495 0.029717 0.026767 0.017727 0.023896 0.008633 
0.011132 0.310697 0.216746 0.206994 0.085094 0.051547 0.041970 0.038679 0.028864 0.008278 
0.024059 0.286318 0.220606 0.184233 0.103360 0.045442 0.042348 0.045025 0.029375 0.019232 
0.006372 0.212350 0.188737 0.211437 0.123341 0.080155 0.065833 0.051325 0.044788 0.015662 
0.012830 0.108169 0.430089 0.145566 0.146643 0.043496 0.051267 0.022306 0.028979 0.010654 
0.013835 0.133050 0.454001 0.095384 0.119973 0.053363 0.055097 0.024743 0.037201 0.013352 
0.017903 0.154256 0.415860 0.082401 0.142009 0.069521 0.042370 0.038325 0.019103 0.018252 
0.024178 0.212905 0.480674 0.134049 0.067237 0.017341 0.032156 0.011704 0.010945 0.008810 
0.015051 0.151949 0.354339 0.229130 0.065230 0.057355 0.044242 0.036362 0.028708 0.017632 
0.019761 0.145404 0.328642 0.137058 0.142393 0.059288 0.066930 0.040939 0.034374 0.025210 
0.001804 0.186445 0.354947 0.179433 0.097845 0.053907 0.039025 0.036900 0.031230 0.018462 
0.001015 0.188077 0.408255 0.149832 0.091211 0.043817 0.030807 0.035598 0.039554 0.011834 
0.003588 0.200719 0.471414 0.109723 0.032285 0.037939 0.037868 0.053129 0.040143 0.013191 
0.000656 0.191304 0.529087 0.093217 0.029290 0.039647 0.026888 0.033874 0.042429 0.013609 
0.004420 0.140560 0.473761 0.105944 0.058505 0.043295 0.056687 0.056103 0.042703 0.018021 
0.022393 0.198600 0.455286 0.127830 0.052999 0.030521 0.045482 0.021137 0.017784 0.027966 
0.013209 0.233389 0.383648 0.151961 0.089273 0.032666 0.042771 0.016336 0.021716 0.015031 
0.021392 0.253836 0.346287 0.206650 0.062280 0.025223 0.036745 0.020046 0.019766 0.007775 
0.041045 0.248355 0.326079 0.240917 0.043941 0.024667 0.039093 0.017370 0.009781 0.008753 
0.025755 0.228082 0.229044 0.255417 0.083248 0.054989 0.040045 0.041530 0.018181 0.023708 
0.002998 0.262470 0.262472 0.271846 0.052302 0.051175 0.035512 0.024563 0.022886 0.013777 
0.020175 0.299165 0.243429 0.245118 0.051908 0.042189 0.045840 0.027834 0.017415 0.006927 
0.022613 0.281916 0.288066 0.212643 0.057677 0.033720 0.044363 0.028735 0.017808 0.012460 
0.025055 0.293848 0.110035 0.322021 0.076426 0.048107 0.048763 0.035036 0.023339 0.017370 
0.002037 0.127268 0.396358 0.228792 0.099659 0.068268 0.042137 0.015474 0.012321 0.007687 
0.005555 0.082838 0.391488 0.273973 0.057162 0.069060 0.035843 0.038040 0.031925 0.014116 
0.004564 0.097160 0.365171 0.229290 0.090526 0.071977 0.061056 0.022369 0.039284 0.018602 
0.017315 0.158896 0.428248 0.214035 0.040694 0.040678 0.050824 0.017023 0.016549 0.015738 
0.028686 0.185303 0.516276 0.126757 0.042293 0.024316 0.027660 0.021737 0.013884 0.013086 
0.010805 0.154855 0.491716 0.166867 0.060137 0.027219 0.029733 0.020411 0.026749 0.011509 
0.019743 0.174366 0.515001 0.137671 0.050089 0.026906 0.039146 0.016265 0.010917 0.009896 
0.013266 0.200941 0.435095 0.186314 0.066447 0.020266 0.035993 0.013203 0.022804 0.005671 
0.049267 0.189518 0.149814 0.347176 0.068731 0.048843 0.049770 0.046025 0.032746 0.018111 
0.003596 0.387522 0.175543 0.237954 0.061625 0.036451 0.028760 0.021900 0.034841 0.011806 
0.003449 0.073566 0.329040 0.389887 0.073910 0.027687 0.031250 0.031280 0.028983 0.010948 
0.004236 0.090245 0.537021 0.225508 0.044160 0.027526 0.030876 0.018058 0.012639 0.009730 
0.002813 0.059087 0.514732 0.233823 0.068284 0.030539 0.025241 0.027710 0.027953 0.009817 
0.014876 0.077643 0.530017 0.249809 0.042026 0.022380 0.013167 0.013369 0.026774 0.009939 
0.008322 0.047330 0.452426 0.261752 0.102169 0.035811 0.030256 0.024824 0.023863 0.013248 
0.002820 0.110835 0.532196 0.191385 0.057696 0.026902 0.029545 0.014335 0.023446 0.010839 
0.023999 0.140712 0.469204 0.175170 0.060758 0.034044 0.029512 0.037627 0.019396 0.009578 
0.014361 0.156186 0.501552 0.140829 0.067482 0.030824 0.031686 0.036123 0.013399 0.007557 
0.007194 0.118316 0.523867 0.108661 0.090772 0.031367 0.046332 0.042054 0.019132 0.012305 
0.004478 0.049643 0.170906 0.240843 0.138404 0.207398 0.042133 0.013854 0.014862 0.117480 
0.007401 0.031029 0.169731 0.203906 0.148220 0.252668 0.044757 0.019670 0.018107 0.104512 
0.000632 0.029152 0.197796 0.214974 0.130639 0.223294 0.054519 0.029350 0.013737 0.105908 
0.004462 0.032057 0.249136 0.194713 0.126519 0.185889 0.048635 0.024151 0.022602 0.111836 
0.001276 0.013707 0.264809 0.181500 0.106129 0.230849 0.046388 0.024017 0.013266 0.118059 
0.001677 0.014707 0.086659 0.125990 0.355071 0.176309 0.033918 0.113032 0.014849 0.077789 
0.005679 0.023691 0.063091 0.150134 0.384970 0.122279 0.038645 0.131341 0.020733 0.059437 
0.001420 0.013356 0.050408 0.173698 0.355197 0.136377 0.050247 0.131757 0.026873 0.060668 
0.008880 0.038388 0.071272 0.147043 0.360164 0.147259 0.025208 0.106008 0.028664 0.067115 
0.010927 0.050067 0.115477 0.168666 0.297475 0.125936 0.070068 0.077350 0.028423 0.055610 
0.007450 0.033827 0.071237 0.352472 0.260245 0.053803 0.085009 0.049650 0.025908 0.060400 
0.006851 0.042012 0.073132 0.359639 0.250104 0.062739 0.046197 0.081336 0.031380 0.046611 
0.004284 0.025374 0.046943 0.421731 0.195244 0.087591 0.064997 0.080349 0.025183 0.048305 
0.007375 0.034909 0.061266 0.392873 0.199354 0.094833 0.078141 0.082077 0.010939 0.038232 
0.001198 0.023838 0.069953 0.472250 0.174322 0.059267 0.053178 0.087872 0.015541 0.042581 
0.003875 0.019804 0.096502 0.462232 0.190731 0.062046 0.022875 0.077064 0.027000 0.037872 
0.003432 0.021958 0.126093 0.440169 0.191885 0.075659 0.035856 0.057606 0.018983 0.028357 
0.000888 0.009315 0.125874 0.422825 0.204357 0.069744 0.075335 0.045447 0.018135 0.028080 
0.000781 0.013977 0.127144 0.338090 0.266146 0.076390 0.075543 0.044549 0.017577 0.039804 
0.001558 0.017242 0.125696 0.269191 0.274475 0.098225 0.067182 0.068054 0.037298 0.041079 
0.010056 0.046868 0.146930 0.369711 0.177923 0.111308 0.019670 0.069096 0.020104 0.028333 
0.003310 0.025122 0.136586 0.416734 0.185292 0.096427 0.026634 0.062812 0.022787 0.024297 
0.010657 0.056424 0.153023 0.399672 0.142479 0.103917 0.056815 0.048020 0.012930 0.016063 
0.001710 0.011088 0.146114 0.495689 0.163290 0.078157 0.041983 0.034455 0.010732 0.016783 
0.012882 0.052581 0.167915 0.434950 0.176766 0.061801 0.020704 0.038772 0.012136 0.021493 
0.005264 0.034629 0.180265 0.407331 0.168645 0.056883 0.048981 0.052821 0.015212 0.029969 
0.009419 0.039045 0.248061 0.238219 0.239467 0.068036 0.046411 0.081346 0.013683 0.016313 
0.005079 0.030195 0.189238 0.312350 0.246069 0.043442 0.035007 0.097438 0.019276 0.021905 
0.010841 0.062978 0.205594 0.288743 0.240402 0.046266 0.019322 0.086328 0.023409 0.016116 
0.007054 0.040173 0.147866 0.324544 0.245553 0.075874 0.059399 0.064424 0.015507 0.019606 
0.007065 0.028617 0.177305 0.355634 0.252042 0.062036 0.040162 0.047162 0.011917 0.018060 
0.000966 0.024754 0.179105 0.333355 0.289991 0.050601 0.022592 0.044212 0.027647 0.026777 
0.003343 0.021885 0.162654 0.356724 0.276906 0.054222 0.015487 0.061707 0.024886 0.022186 
0.009022 0.047682 0.178054 0.278417 0.269670 0.062217 0.052087 0.072942 0.009359 0.020550 
0.005194 0.029693 0.176342 0.280700 0.283847 0.047487 0.038253 0.095296 0.018425 0.024763 
0.019665 0.095138 0.150821 0.258474 0.265743 0.038610 0.029322 0.095083 0.024461 0.022682 
0.003860 0.237398 0.219713 0.182862 0.148922 0.065695 0.060718 0.041725 0.026815 0.012292 
0.019744 0.260008 0.265073 0.126198 0.139984 0.081394 0.043710 0.027036 0.024295 0.012558 
0.000038 0.258419 0.322420 0.135446 0.085650 0.088863 0.057447 0.023416 0.010113 0.018186 
0.005014 0.285050 0.277244 0.143814 0.051306 0.125286 0.037650 0.033134 0.021410 0.020092 
0.027848 0.235932 0.284199 0.148888 0.103929 0.118898 0.031572 0.022332 0.013092 0.013309 
0.004002 0.225323 0.317311 0.154274 0.083914 0.097430 0.044334 0.038351 0.022336 0.012725 
0.018955 0.176543 0.258804 0.242114 0.092959 0.087176 0.033978 0.046388 0.025886 0.017198 
0.016315 0.221722 0.278075 0.239312 0.090032 0.064690 0.023619 0.032287 0.020245 0.013703 
0.015091 0.174035 0.290098 0.260697 0.078338 0.056301 0.051023 0.034201 0.022437 0.017780 
0.007894 0.200063 0.285636 0.185462 0.131844 0.037070 0.044719 0.052779 0.027575 0.026959 
0.001361 0.161606 0.356724 0.143736 0.164444 0.042970 0.040427 0.051622 0.022492 0.014617 
0.013051 0.223872 0.190813 0.160907 0.166071 0.050105 0.054334 0.085491 0.034778 0.020579 
0.007720 0.138286 0.304977 0.183587 0.166346 0.063506 0.034678 0.059556 0.017359 0.023984 
0.028096 0.124561 0.283466 0.275540 0.138676 0.051292 0.033528 0.029003 0.019968 0.015870 
0.018635 0.168333 0.331986 0.204272 0.110258 0.067935 0.024791 0.027171 0.028680 0.017940 
0.021969 0.167912 0.249389 0.206871 0.179853 0.047803 0.029341 0.049670 0.017147 0.030045 
0.003934 0.147384 0.264994 0.267116 0.167289 0.045149 0.020784 0.032701 0.031674 0.018975 
0.010415 0.126299 0.252676 0.256399 0.159708 0.078633 0.042064 0.033967 0.011166 0.028672 
0.018920 0.179953 0.223303 0.226851 0.156335 0.079697 0.042582 0.035628 0.015478 0.021253 
0.017677 0.202387 0.212972 0.148776 0.147499 0.124136 0.039832 0.052376 0.030117 0.024227 
0.013622 0.183551 0.280942 0.133561 0.136007 0.120392 0.045538 0.057239 0.017642 0.011507 
0.016628 0.115354 0.232531 0.154873 0.139777 0.155865 0.056864 0.057566 0.041543 0.028999 
0.012087 0.154821 0.206493 0.168376 0.143450 0.121298 0.079963 0.069938 0.020913 0.022659 
0.006816 0.134875 0.156478 0.188093 0.106938 0.051748 0.080337 0.096031 0.115931 0.062753 
0.003891 0.124341 0.189416 0.167692 0.137860 0.055546 0.098012 0.042427 0.131136 0.049679 
0.000456 0.075403 0.159822 0.169560 0.104067 0.084532 0.107675 0.076799 0.201612 0.020074 
0.007761 0.043203 0.243722 0.153293 0.208773 0.100061 0.098598 0.046848 0.075333 0.022407 
0.009097 0.200939 0.167558 0.192546 0.086638 0.136766 0.048310 0.073552 0.033270 0.051325 
0.004452 0.129773 0.159742 0.281926 0.057162 0.077114 0.085532 0.081349 0.044847 0.078103 
0.012281 0.169205 0.162018 0.290289 0.059248 0.097524 0.070814 0.059050 0.020562 0.059009 
0.011929 0.119307 0.188689 0.340606 0.125020 0.091583 0.032457 0.032329 0.016001 0.042078 
0.013584 0.098197 0.164675 0.329901 0.092410 0.142582 0.039336 0.029673 0.029116 0.060526 
0.011919 0.129160 0.179682 0.253881 0.115721 0.169981 0.039790 0.021155 0.046525 0.032185 
0.003134 0.101772 0.152661 0.272009 0.109805 0.190495 0.050295 0.056398 0.028228 0.035203 
0.018022 0.178502 0.205423 0.244065 0.101698 0.096338 0.048466 0.041720 0.018361 0.047404 
0.015302 0.151081 0.321865 0.241127 0.080289 0.048065 0.034783 0.037526 0.028656 0.041308 
