Fernando,ABBA
0.000000 0.000000 0.000000 0.000000 0.000000 0.000000 0.000000 0.000000 0.000000 0.000000 
0.000000 0.000000 0.000000 0.000000 0.000000 0.000000 0.000000 0.000000 0.000000 0.000000 
0.000000 0.000000 0.000000 0.000000 0.000000 0.000000 0.000000 0.000000 0.000000 0.000000 
0.000000 0.000000 0.000000 0.000000 0.000000 0.000000 0.000000 0.000000 0.000000 0.000000 
0.000000 0.000000 0.000000 0.000000 0.000000 0.000000 0.000000 0.000000 0.000000 0.000000 
0.000000 0.000000 0.000000 0.000000 0.000000 0.000000 0.000000 0.000000 0.000000 0.000000 
0.000000 0.000000 0.000000 0.000000 0.000000 0.000000 0.000000 0.000000 0.000000 0.000000 
0.000000 0.000000 0.000000 0.000000 0.000000 0.000000 0.000000 0.000000 0.000000 0.000000 
0.000000 0.000000 0.000000 0.000000 0.000000 0.000000 0.000000 0.000000 0.000000 0.000000 
0.000000 0.000000 0.000000 0.000000 0.000000 0.000000 0.000000 0.000000 0.000000 0.000000 
0.000000 0.000000 0.000000 0.000000 0.000000 0.000000 0.000000 0.000000 0.000000 0.000000 
0.000000 0.000000 0.000000 0.000000 0.000000 0.000000 0.000000 0.000000 0.000000 0.000000 
0.000000 0.000000 0.000000 0.000000 0.000000 0.000000 0.000000 0.000000 0.000000 0.000000 
0.000000 0.000000 0.000000 0.000000 0.000000 0.000000 0.000000 0.000000 0.000000 0.000000 
0.000000 0.000000 0.000000 0.000000 0.000000 0.000000 0.000000 0.000000 0.000000 0.000000 
0.000000 0.000000 0.000000 0.000000 0.000000 0.000000 0.000000 0.000000 0.000000 0.000000 
0.000000 0.000000 0.000000 0.000000 0.000000 0.000000 0.000000 0.000000 0.000000 0.000000 
0.000000 0.000000 0.000000 0.000000 0.000000 0.000000 0.000000 0.000000 0.000000 0.000000 
0.000000 0.000000 0.000000 0.000000 0.000000 0.000000 0.000000 0.000000 0.000000 0.000000 
0.000000 0.000000 0.000000 0.000000 0.000000 0.000000 0.000000 0.000000 0.000000 0.000000 
0.000000 0.000000 0.000000 0.000000 0.000000 0.000000 0.000000 0.000000 0.000000 0.000000 
0.000000 0.000000 0.000000 0.000000 0.000000 0.000000 0.000000 0.000000 0.000000 0.000000 
0.000000 0.000000 0.000000 0.000000 0.000000 0.000000 0.000000 0.000000 0.000000 0.000000 
0.009010 0.071364 0.359714 0.268654 0.079365 0.065793 0.035233 0.034217 0.061807 0.014842 
0.007333 0.028011 0.391442 0.196570 0.033926 0.137356 0.071486 0.062849 0.031955 0.039071 
0.007663 0.045307 0.151023 0.351350 0.065070 0.143065 0.050723 0.104090 0.020623 0.061086 
0.006063 0.038832 0.097776 0.328690 0.061497 0.255595 0.070560 0.059943 0.014767 0.066276 
0.009447 0.040054 0.091881 0.391906 0.038503 0.167587 0.078530 0.078605 0.022761 0.080725 
0.013228 0.055202 0.150299 0.385881 0.040114 0.062486 0.027391 0.110129 0.030832 0.124438 
0.000172 0.025100 0.261604 0.363977 0.065988 0.116324 0.042393 0.062309 0.023040 0.039094 
0.004314 0.075532 0.411312 0.168603 0.058753 0.117058 0.044512 0.043873 0.014471 0.061572 
0.006194 0.042361 0.156300 0.375016 0.079760 0.119128 0.073957 0.083803 0.016356 0.047127 
0.011381 0.067947 0.225330 0.376456 0.047721 0.061099 0.066496 0.063612 0.015737 0.064220 
0.010984 0.055231 0.262115 0.328630 0.067615 0.064366 0.058893 0.080334 0.016626 0.055207 
0.012238 0.034604 0.175684 0.403739 0.047764 0.073222 0.072748 0.097415 0.016101 0.066485 
0.011346 0.061457 0.307762 0.329439 0.035661 0.068053 0.057393 0.045800 0.042375 0.040713 
0.018244 0.085493 0.371739 0.211992 0.041120 0.083960 0.058282 0.064475 0.026807 0.037889 
0.004481 0.024993 0.159313 0.417118 0.061365 0.121389 0.089338 0.040363 0.027662 0.053978 
0.006294 0.027162 0.096604 0.362002 0.063895 0.182477 0.112593 0.051988 0.030999 0.065987 
0.015677 0.040105 0.109350 0.382947 0.075946 0.167764 0.061566 0.050088 0.019524 0.077033 
0.003573 0.025261 0.087367 0.447868 0.070887 0.173821 0.040207 0.052252 0.013014 0.085750 
0.014071 0.053276 0.186759 0.419617 0.076132 0.069559 0.059230 0.057126 0.018821 0.045409 
0.000706 0.025609 0.201366 0.451451 0.045086 0.082701 0.025286 0.070862 0.030602 0.066332 
0.009660 0.020319 0.115114 0.448480 0.046013 0.148490 0.025714 0.056752 0.029459 0.099999 
0.005859 0.027693 0.212234 0.329154 0.081474 0.121586 0.055758 0.048005 0.029635 0.088603 
0.005746 0.044488 0.213414 0.251201 0.056904 0.137695 0.082024 0.088855 0.014616 0.105056 
0.002550 0.013108 0.106620 0.363021 0.085485 0.117362 0.105574 0.093727 0.018439 0.094115 
0.001557 0.045804 0.130074 0.373516 0.103404 0.118520 0.050679 0.092398 0.030339 0.053708 
0.002989 0.032898 0.230966 0.271140 0.076166 0.161689 0.064558 0.052871 0.050124 0.056600 
0.000870 0.031075 0.118237 0.440454 0.055893 0.145565 0.038200 0.034510 0.020159 0.115037 
0.005151 0.029625 0.093466 0.290344 0.091985 0.213700 0.072075 0.048265 0.036147 0.119242 
0.008225 0.040083 0.083754 0.288931 0.067357 0.257420 0.072525 0.108832 0.013205 0.059667 
0.005363 0.018411 0.060222 0.366796 0.091899 0.139519 0.082631 0.150219 0.028636 0.056305 
0.007455 0.042607 0.149613 0.363192 0.054581 0.081249 0.096440 0.128065 0.018583 0.058215 
0.002053 0.025723 0.140561 0.381964 0.050678 0.123204 0.086290 0.081441 0.049051 0.059033 
0.002112 0.032780 0.092086 0.454635 0.110784 0.127274 0.033029 0.047493 0.017501 0.082306 
0.011095 0.029705 0.115992 0.385557 0.060718 0.183243 0.051601 0.046184 0.041508 0.074399 
0.014394 0.049534 0.162087 0.359879 0.065733 0.198538 0.052011 0.036392 0.009010 0.052423 
0.007772 0.025936 0.115736 0.470419 0.079486 0.101407 0.041886 0.054634 0.023137 0.079587 
0.010818 0.038759 0.090274 0.388709 0.077898 0.191916 0.064932 0.075399 0.029199 0.032096 
0.008802 0.059174 0.234940 0.262950 0.076130 0.171216 0.064849 0.043475 0.025956 0.052507 
0.001148 0.023868 0.124010 0.353925 0.120895 0.121200 0.054420 0.105153 0.037511 0.057870 
0.002889 0.042046 0.074757 0.371066 0.048731 0.167147 0.114803 0.106003 0.017116 0.055442 
0.003739 0.023341 0.254733 0.247569 0.074547 0.187109 0.050866 0.062680 0.023790 0.071625 
0.002469 0.035368 0.133271 0.367588 0.053982 0.118397 0.105853 0.052958 0.030141 0.099973 
0.002317 0.025455 0.095324 0.392942 0.074869 0.120450 0.066928 0.079378 0.031263 0.111075 
0.001095 0.020260 0.243546 0.324794 0.055316 0.135415 0.045742 0.079607 0.020230 0.073994 
0.003896 0.018825 0.086884 0.379116 0.091533 0.142663 0.055738 0.106384 0.022702 0.092260 
0.000950 0.015315 0.056721 0.348142 0.084079 0.186274 0.066234 0.094777 0.039515 0.107993 
0.001490 0.024173 0.231184 0.318716 0.054031 0.125307 0.051436 0.068787 0.019940 0.104935 
0.007091 0.023719 0.109796 0.340073 0.081953 0.132036 0.078131 0.055413 0.057738 0.114050 
0.004743 0.036795 0.070315 0.420799 0.064524 0.093637 0.099238 0.065307 0.023790 0.120854 
0.012915 0.041564 0.199352 0.281988 0.082229 0.125280 0.088156 0.070285 0.042446 0.055785 
0.004658 0.026560 0.120702 0.337000 0.084575 0.110111 0.096986 0.140725 0.023289 0.055395 
0.002954 0.027207 0.060370 0.390436 0.084298 0.254229 0.068065 0.054063 0.014522 0.043857 
0.008471 0.022272 0.066417 0.364110 0.105495 0.208199 0.085686 0.055347 0.008405 0.075599 
0.002927 0.032432 0.040599 0.346177 0.090408 0.193849 0.084304 0.119053 0.031613 0.058638 
0.004278 0.033396 0.062051 0.393372 0.092339 0.083428 0.076751 0.157317 0.048453 0.048615 
0.001419 0.032120 0.211899 0.318303 0.094231 0.157294 0.094148 0.039720 0.015986 0.034880 
0.011476 0.051280 0.110139 0.343303 0.084537 0.187061 0.074236 0.057707 0.023792 0.056470 
0.005607 0.020894 0.068505 0.323453 0.083508 0.267380 0.089211 0.062291 0.026906 0.052246 
0.002923 0.013701 0.110391 0.390936 0.066769 0.203420 0.051537 0.090947 0.025615 0.043760 
0.000850 0.030686 0.107135 0.426622 0.113732 0.126761 0.039284 0.049536 0.018360 0.087034 
0.002640 0.026287 0.080688 0.306859 0.165689 0.125227 0.093412 0.055985 0.019541 0.123672 
0.004451 0.039009 0.420777 0.123426 0.076293 0.114939 0.071781 0.048321 0.027704 0.073300 
0.007834 0.026006 0.232052 0.187495 0.107657 0.133974 0.108101 0.091591 0.020285 0.085005 
0.002641 0.026963 0.098924 0.323071 0.146491 0.092692 0.102024 0.123980 0.024767 0.058447 
0.013702 0.041987 0.084855 0.309102 0.143721 0.126001 0.076324 0.113063 0.037439 0.053805 
0.002110 0.023799 0.087271 0.344519 0.152882 0.096677 0.093933 0.094543 0.018232 0.086032 
0.010853 0.058134 0.105758 0.304207 0.154224 0.137513 0.048232 0.059994 0.018749 0.102335 
0.008967 0.045413 0.213911 0.328361 0.137269 0.056280 0.049375 0.059642 0.026077 0.074705 
0.005455 0.025141 0.082585 0.341038 0.131149 0.054315 0.134731 0.111084 0.042939 0.071563 
0.000538 0.030708 0.058507 0.341379 0.111581 0.097657 0.091951 0.200708 0.025031 0.041942 
0.012734 0.045725 0.221841 0.275564 0.051801 0.142070 0.045962 0.148712 0.027101 0.028490 
0.001674 0.022511 0.104784 0.305887 0.109866 0.185997 0.052863 0.116494 0.042103 0.057822 
0.003269 0.030259 0.045432 0.371545 0.107864 0.113006 0.116069 0.073715 0.045996 0.092844 
0.005355 0.038168 0.364703 0.242033 0.067389 0.078138 0.072645 0.045265 0.038509 0.047795 
0.002643 0.032017 0.255170 0.301347 0.086633 0.049582 0.086731 0.092260 0.017049 0.076568 
0.000941 0.018838 0.095260 0.309234 0.162053 0.134006 0.082798 0.089594 0.033678 0.073597 
0.010783 0.049539 0.114920 0.263906 0.179865 0.082485 0.091429 0.124213 0.031098 0.051762 
0.000041 0.019480 0.062037 0.273348 0.195696 0.176480 0.112932 0.090802 0.017694 0.051490 
0.006886 0.042938 0.051139 0.216394 0.220599 0.152171 0.112405 0.102221 0.033086 0.062162 
0.005630 0.030144 0.194211 0.307755 0.139812 0.087248 0.052250 0.126907 0.018579 0.037467 
0.004364 0.026120 0.101450 0.280536 0.215420 0.134968 0.076982 0.083382 0.012818 0.063960 
0.000338 0.019358 0.032926 0.363247 0.174255 0.216592 0.048889 0.041225 0.024465 0.078705 
0.004620 0.024289 0.171640 0.311669 0.105401 0.182916 0.086039 0.046795 0.009736 0.056895 
0.010323 0.028648 0.093474 0.329857 0.055996 0.149898 0.122382 0.124947 0.021260 0.063215 
0.000741 0.017666 0.066993 0.485410 0.046587 0.052014 0.095472 0.138428 0.017690 0.078998 
0.010708 0.060063 0.349685 0.277722 0.052616 0.062743 0.035865 0.049455 0.033947 0.067197 
0.008541 0.041810 0.377604 0.262165 0.073953 0.034652 0.045472 0.045988 0.035266 0.074549 
0.002257 0.012939 0.094129 0.339253 0.125609 0.195600 0.077345 0.049935 0.016829 0.086103 
0.002508 0.021607 0.139759 0.339596 0.138865 0.152575 0.080435 0.043184 0.017561 0.063911 
0.002809 0.028711 0.095898 0.344029 0.116759 0.139933 0.076037 0.094706 0.033800 0.067320 
0.007560 0.025634 0.077924 0.291812 0.139514 0.140257 0.098830 0.098549 0.068124 0.051796 
0.001819 0.017570 0.230535 0.279793 0.155902 0.091393 0.088861 0.043266 0.039454 0.051407 
0.008755 0.026854 0.181181 0.276110 0.166017 0.067413 0.130628 0.056926 0.020884 0.065232 
0.009768 0.018169 0.072012 0.295021 0.144583 0.151411 0.145242 0.097867 0.020013 0.045915 
0.000579 0.028776 0.190756 0.273356 0.111566 0.203557 0.073300 0.061305 0.022315 0.034490 
0.001511 0.016794 0.116979 0.257795 0.104041 0.168343 0.066504 0.063148 0.059611 0.145274 
0.000780 0.023954 0.050954 0.340595 0.105869 0.100684 0.044290 0.081524 0.087134 0.164216 
0.008639 0.042447 0.307334 0.251718 0.074659 0.072008 0.038798 0.033504 0.045538 0.125357 
0.006756 0.034772 0.365616 0.221761 0.079570 0.041343 0.053287 0.062002 0.034488 0.100407 
0.002368 0.019588 0.106565 0.327278 0.096495 0.113476 0.036170 0.119065 0.034828 0.144168 
0.002179 0.010582 0.074960 0.236478 0.089603 0.094280 0.133597 0.081874 0.130731 0.145717 
0.007570 0.020435 0.067812 0.180864 0.081186 0.075231 0.128506 0.099046 0.184474 0.154876 
0.013292 0.051460 0.105210 0.188595 0.085010 0.136761 0.093561 0.107217 0.113765 0.105128 
0.006526 0.030578 0.108301 0.302692 0.076048 0.053286 0.139312 0.079350 0.073122 0.130784 
0.003889 0.017057 0.103272 0.319049 0.065474 0.102995 0.098421 0.121318 0.101964 0.066560 
0.000626 0.020074 0.047135 0.339257 0.091344 0.084649 0.086657 0.095884 0.147823 0.086549 
0.001301 0.022572 0.097371 0.325761 0.097836 0.128923 0.063217 0.064411 0.103847 0.094761 
0.001007 0.013224 0.100837 0.339818 0.061271 0.132202 0.121681 0.081243 0.056440 0.092277 
0.005158 0.024543 0.025596 0.296290 0.064782 0.074231 0.124616 0.080182 0.202660 0.101943 
0.003384 0.043935 0.182135 0.260367 0.060298 0.083989 0.100283 0.075899 0.143611 0.046099 
0.008370 0.036194 0.226725 0.187665 0.104487 0.094883 0.092593 0.077218 0.132156 0.039710 
0.003551 0.027040 0.074232 0.306150 0.044742 0.134258 0.119501 0.078858 0.151789 0.059877 
0.005859 0.022856 0.056180 0.306151 0.130970 0.190238 0.096850 0.035817 0.079827 0.075252 
0.003004 0.019139 0.046292 0.277319 0.074144 0.170006 0.089392 0.063110 0.159619 0.097975 
0.011068 0.043029 0.056459 0.438800 0.046309 0.060174 0.076750 0.068739 0.120630 0.078042 
0.006444 0.043009 0.126744 0.435461 0.059686 0.048952 0.051936 0.065504 0.109443 0.052819 
0.006897 0.026863 0.094680 0.486792 0.066496 0.072276 0.079926 0.065717 0.070890 0.029464 
0.000357 0.016064 0.030793 0.498985 0.079568 0.120019 0.054818 0.068973 0.072924 0.057498 
0.001299 0.027768 0.084790 0.303971 0.087616 0.154395 0.084245 0.098728 0.116412 0.040776 
0.003441 0.031394 0.133246 0.287774 0.038011 0.149928 0.130551 0.084883 0.115395 0.025375 
0.005489 0.025635 0.069500 0.425418 0.077105 0.066135 0.078550 0.083462 0.121666 0.047039 
0.000980 0.019806 0.142850 0.331880 0.073173 0.175292 0.089425 0.075766 0.037586 0.053242 
0.003867 0.021704 0.168510 0.325738 0.054719 0.087850 0.128956 0.073560 0.097149 0.037949 
0.005428 0.041791 0.078920 0.387185 0.083851 0.071133 0.092315 0.056607 0.124227 0.058544 
0.002353 0.013471 0.037778 0.332989 0.032009 0.179910 0.120565 0.101312 0.122315 0.057298 
0.007883 0.039475 0.082571 0.339177 0.056841 0.129995 0.090920 0.117190 0.072202 0.063746 
0.001531 0.022536 0.055494 0.414898 0.080285 0.084771 0.109000 0.074997 0.057364 0.099125 
0.002664 0.014486 0.104590 0.387282 0.058208 0.123947 0.145707 0.037239 0.061860 0.064018 
0.011340 0.055140 0.179740 0.405204 0.064600 0.044985 0.083496 0.057608 0.066836 0.031050 
0.005548 0.023150 0.041408 0.547554 0.044641 0.064020 0.076669 0.052525 0.098372 0.046112 
0.001214 0.018953 0.068542 0.452221 0.077657 0.074355 0.089143 0.063836 0.119861 0.034218 
0.003567 0.019802 0.140926 0.428334 0.087169 0.062941 0.116394 0.043799 0.073173 0.023895 
0.001294 0.021604 0.047436 0.520792 0.059448 0.102962 0.091782 0.028185 0.078247 0.048249 
0.013275 0.032850 0.045082 0.489814 0.041785 0.065091 0.080326 0.062188 0.136412 0.033176 
0.003657 0.016172 0.117233 0.365494 0.041853 0.080660 0.058868 0.207556 0.088379 0.020127 
0.004342 0.023573 0.044390 0.317981 0.040710 0.051699 0.081745 0.341857 0.082751 0.010951 
0.000609 0.009670 0.025953 0.336576 0.089595 0.044532 0.114261 0.295305 0.055081 0.028417 
0.003810 0.013988 0.053239 0.375489 0.048110 0.059087 0.069269 0.252012 0.074552 0.050444 
0.007099 0.026580 0.062862 0.258748 0.013895 0.051134 0.141965 0.329759 0.061792 0.046166 
0.012062 0.048930 0.057249 0.234569 0.074866 0.087845 0.110689 0.215958 0.070062 0.087771 
0.007572 0.025109 0.154098 0.183122 0.024658 0.050302 0.052187 0.128871 0.066159 0.307923 
0.000984 0.010134 0.036924 0.222789 0.053437 0.049155 0.061547 0.151412 0.085525 0.328093 
0.001189 0.017557 0.041437 0.339673 0.071420 0.198556 0.052778 0.109083 0.055404 0.112904 
0.005147 0.027040 0.057051 0.337888 0.065661 0.133988 0.055973 0.097841 0.046298 0.173115 
0.004572 0.025182 0.052784 0.282737 0.040598 0.074204 0.068549 0.141935 0.064568 0.244870 
0.005759 0.019620 0.049581 0.299899 0.049917 0.059900 0.079040 0.069620 0.065044 0.301620 
0.001765 0.028519 0.300541 0.222305 0.024081 0.070428 0.052336 0.070783 0.155722 0.073521 
0.000714 0.016030 0.118462 0.248757 0.038191 0.033214 0.078970 0.085390 0.314810 0.065462 
0.006209 0.024041 0.048418 0.258796 0.042407 0.097326 0.089885 0.073255 0.261479 0.098184 
0.002373 0.012565 0.038998 0.226839 0.064037 0.148924 0.082985 0.094285 0.161617 0.167376 
0.000836 0.024623 0.046607 0.209106 0.051328 0.139093 0.073221 0.106897 0.189461 0.158828 
0.005418 0.017594 0.039237 0.211894 0.038433 0.061457 0.094545 0.117160 0.347636 0.066627 
0.002011 0.016726 0.184578 0.230964 0.025219 0.062023 0.090143 0.088293 0.203681 0.096363 
0.001677 0.019861 0.058430 0.291863 0.051127 0.153820 0.099155 0.080094 0.169021 0.074952 
0.000554 0.016655 0.037605 0.301021 0.045370 0.228482 0.086539 0.075845 0.104089 0.103840 
0.003872 0.020294 0.038812 0.290027 0.095518 0.127765 0.072844 0.077961 0.168283 0.104623 
0.004473 0.022178 0.040051 0.262374 0.047203 0.139432 0.073523 0.100298 0.254144 0.056324 
0.003532 0.019092 0.031346 0.208969 0.049711 0.225890 0.102806 0.043299 0.184043 0.131312 
0.002360 0.019472 0.296928 0.124890 0.056076 0.128678 0.080635 0.058866 0.137337 0.094758 
0.006376 0.041642 0.166579 0.129361 0.042926 0.123217 0.127918 0.103526 0.138516 0.119940 
0.004416 0.022585 0.053931 0.213963 0.024947 0.085153 0.176281 0.108326 0.207181 0.103217 
0.003099 0.022490 0.057583 0.285129 0.026216 0.053756 0.142638 0.080686 0.207980 0.120423 
0.004991 0.032577 0.063040 0.253979 0.045475 0.126775 0.094725 0.110779 0.206741 0.060917 
0.004098 0.014044 0.039952 0.330597 0.062749 0.133890 0.047881 0.090843 0.167977 0.107970 
0.002505 0.029325 0.120211 0.314004 0.091025 0.162750 0.050353 0.079018 0.081021 0.069786 
0.000156 0.010940 0.044802 0.367942 0.091330 0.193134 0.050686 0.069617 0.078539 0.092855 
0.002650 0.014250 0.059245 0.365202 0.045889 0.216717 0.069219 0.045660 0.083798 0.097369 
0.003294 0.013898 0.129880 0.280877 0.077812 0.132923 0.058041 0.071435 0.126124 0.105715 
0.002666 0.016389 0.056717 0.259846 0.062930 0.151030 0.095194 0.052461 0.203527 0.099239 
0.008340 0.016692 0.033352 0.295245 0.100005 0.144502 0.140848 0.059687 0.150649 0.050680 
0.007389 0.034712 0.264134 0.248588 0.041188 0.086469 0.127431 0.048304 0.083392 0.058392 
0.001384 0.013477 0.151773 0.320595 0.063729 0.156183 0.095704 0.058023 0.085643 0.053488 
0.004284 0.018682 0.050253 0.358818 0.044920 0.120322 0.121033 0.064396 0.147444 0.069847 
0.008840 0.032186 0.084733 0.314201 0.076904 0.141393 0.072835 0.050843 0.143249 0.074818 
0.004538 0.021412 0.043959 0.304224 0.099655 0.195120 0.095584 0.063215 0.094673 0.077619 
0.003664 0.017234 0.025115 0.368157 0.060480 0.178495 0.059405 0.097554 0.118233 0.071664 
0.002956 0.015430 0.140918 0.413369 0.049678 0.090496 0.097016 0.049067 0.070261 0.070808 
0.007220 0.030657 0.103737 0.331730 0.035019 0.124896 0.128714 0.054000 0.115733 0.068294 
0.004023 0.028425 0.062239 0.430651 0.061881 0.107474 0.110417 0.019924 0.090591 0.084374 
0.002610 0.018009 0.135515 0.460682 0.045777 0.051173 0.032493 0.086142 0.103020 0.064579 
0.010235 0.040762 0.092237 0.413534 0.047443 0.058956 0.078051 0.081198 0.112699 0.064884 
0.001820 0.014015 0.027750 0.431817 0.055732 0.062169 0.099556 0.062525 0.133554 0.111061 
0.005910 0.035222 0.186567 0.367589 0.070960 0.073930 0.063602 0.054504 0.086092 0.055622 
0.009343 0.036622 0.165861 0.405469 0.066931 0.080542 0.074163 0.046916 0.041474 0.072678 
0.001159 0.014156 0.049911 0.441887 0.064455 0.092865 0.043488 0.051770 0.155285 0.085024 
0.006888 0.028705 0.066831 0.367121 0.066854 0.129586 0.078424 0.034678 0.096112 0.124802 
0.005219 0.024872 0.032471 0.394249 0.056798 0.136822 0.093177 0.061972 0.115254 0.079166 
0.000750 0.030157 0.055474 0.365844 0.096004 0.075512 0.065452 0.068535 0.145105 0.097167 
0.007964 0.029023 0.180510 0.233268 0.051712 0.140123 0.081420 0.079590 0.147283 0.049107 
0.002339 0.027561 0.138180 0.203419 0.086302 0.153000 0.087671 0.078639 0.155620 0.067269 
0.000366 0.029085 0.040061 0.246522 0.052124 0.080911 0.093679 0.095267 0.220821 0.141164 
0.005274 0.041568 0.058627 0.266319 0.028520 0.115480 0.093469 0.094624 0.178466 0.117652 
0.001676 0.056194 0.062454 0.337912 0.092044 0.089989 0.064018 0.042688 0.115338 0.137687 
0.004980 0.051832 0.036706 0.191772 0.072270 0.130060 0.112490 0.076464 0.181539 0.141887 
0.000647 0.090372 0.421299 0.208140 0.077860 0.043147 0.030585 0.035375 0.050589 0.041987 
0.013250 0.154408 0.295597 0.261446 0.086764 0.037201 0.072853 0.030750 0.031770 0.015961 
0.016653 0.154100 0.210820 0.156636 0.061173 0.056204 0.222117 0.068073 0.042719 0.011506 
0.017252 0.213990 0.173202 0.144377 0.048934 0.036665 0.233902 0.073363 0.037957 0.020358 
0.019309 0.293172 0.192727 0.145261 0.095393 0.023702 0.120655 0.052742 0.038445 0.018594 
0.006860 0.295323 0.143328 0.178481 0.101172 0.041420 0.147814 0.033973 0.040438 0.011189 
0.030421 0.308038 0.104612 0.191725 0.096417 0.042559 0.146617 0.015275 0.050071 0.014265 
0.038000 0.374626 0.080479 0.209165 0.088823 0.036619 0.090718 0.030714 0.034360 0.016497 
0.020465 0.321064 0.123498 0.186488 0.071548 0.014825 0.164352 0.038894 0.044751 0.014115 
0.001521 0.334902 0.163490 0.142501 0.122253 0.048468 0.101464 0.015016 0.045064 0.025320 
0.025377 0.408925 0.143814 0.092268 0.114320 0.036023 0.059579 0.034775 0.053172 0.031746 
0.048759 0.496656 0.128057 0.076914 0.049143 0.026303 0.080093 0.026388 0.045554 0.022134 
0.033627 0.359137 0.173771 0.126095 0.043209 0.034795 0.132126 0.045050 0.041453 0.010737 
0.019241 0.331174 0.208018 0.076822 0.068786 0.010741 0.167532 0.055673 0.042142 0.019871 
0.007984 0.344716 0.132533 0.106248 0.086823 0.039608 0.170336 0.042901 0.049909 0.018943 
0.032518 0.376154 0.162457 0.157338 0.083185 0.021495 0.115275 0.025415 0.016027 0.010135 
0.042735 0.427315 0.118153 0.172434 0.106814 0.021035 0.029848 0.023014 0.048653 0.009998 
0.040156 0.380716 0.112974 0.166776 0.125855 0.022324 0.082295 0.013583 0.043848 0.011473 
0.028502 0.337472 0.126372 0.166342 0.081936 0.025676 0.142030 0.031441 0.044692 0.015536 
0.008575 0.281646 0.157626 0.141072 0.087975 0.017558 0.170983 0.059079 0.059056 0.016429 
0.013704 0.274424 0.144260 0.152681 0.114144 0.032815 0.166455 0.048403 0.038527 0.014585 
0.034475 0.317934 0.148048 0.183928 0.118450 0.019289 0.080210 0.023715 0.049657 0.024294 
0.034587 0.282569 0.130956 0.190098 0.144524 0.026775 0.083886 0.013883 0.073740 0.018983 
0.015955 0.194537 0.109695 0.214143 0.203622 0.025378 0.134322 0.027584 0.048238 0.026526 
0.000120 0.136593 0.083578 0.243999 0.203134 0.086652 0.126610 0.031393 0.066710 0.021211 
0.017185 0.139939 0.234429 0.227437 0.167442 0.040387 0.078815 0.030936 0.036649 0.026782 
0.016510 0.161585 0.173015 0.202603 0.153885 0.017018 0.125237 0.041812 0.084657 0.023677 
0.023144 0.216464 0.192629 0.172994 0.131053 0.011353 0.060505 0.036876 0.128940 0.026042 
0.024947 0.249818 0.141671 0.124358 0.155753 0.037622 0.146307 0.046822 0.061718 0.010985 
0.010124 0.264042 0.123850 0.122243 0.137939 0.045594 0.167182 0.053965 0.053277 0.021785 
0.002711 0.232411 0.145191 0.181964 0.114843 0.033628 0.148198 0.046177 0.072904 0.021973 
0.024609 0.323249 0.108710 0.129881 0.091088 0.020759 0.121509 0.056241 0.094336 0.029616 
0.050268 0.470101 0.096116 0.120996 0.075421 0.016348 0.047880 0.030821 0.076299 0.015750 
0.033306 0.410884 0.142065 0.146101 0.060818 0.022387 0.063712 0.023040 0.068660 0.029026 
0.008987 0.388403 0.172933 0.110947 0.060050 0.051050 0.062312 0.041166 0.081955 0.022197 
0.024846 0.429814 0.129604 0.108763 0.101649 0.027999 0.069474 0.028599 0.061168 0.018083 
0.050126 0.500379 0.128399 0.114444 0.063476 0.025639 0.047433 0.024941 0.033098 0.012065 
0.040081 0.397451 0.141419 0.105246 0.064663 0.049993 0.075237 0.077969 0.026938 0.021004 
0.023634 0.390262 0.129472 0.086999 0.061488 0.030927 0.066576 0.133463 0.058142 0.019036 
0.012775 0.313343 0.172682 0.127430 0.118016 0.026192 0.046971 0.101429 0.036811 0.044351 
0.026501 0.440885 0.146026 0.102391 0.086972 0.015067 0.032093 0.064748 0.046295 0.039022 
0.020249 0.342283 0.130601 0.092850 0.161213 0.020826 0.076375 0.064289 0.044539 0.046775 
0.022401 0.390198 0.155821 0.116034 0.132920 0.024898 0.044375 0.049535 0.051025 0.012794 
0.026984 0.376494 0.201837 0.097406 0.077363 0.049669 0.072843 0.045733 0.026812 0.024859 
0.005984 0.174622 0.175609 0.127985 0.162745 0.041186 0.089408 0.089912 0.092640 0.039908 
0.016149 0.434475 0.176552 0.070961 0.099600 0.035270 0.047010 0.023331 0.048786 0.047867 
0.019877 0.247934 0.263908 0.102257 0.062583 0.057142 0.045716 0.049195 0.088365 0.063025 
0.025950 0.425253 0.149263 0.098344 0.115503 0.048388 0.028062 0.032522 0.038690 0.038023 
0.010012 0.245931 0.261345 0.121063 0.109665 0.074027 0.066440 0.031177 0.056743 0.023597 
0.025987 0.386577 0.177333 0.118526 0.056790 0.049655 0.042893 0.024539 0.080280 0.037420 
0.026417 0.330055 0.199747 0.084941 0.077547 0.068409 0.045145 0.048322 0.093887 0.025530 
0.015355 0.361183 0.173003 0.110944 0.049749 0.113073 0.041030 0.039301 0.068286 0.028077 
0.024867 0.317399 0.184441 0.084291 0.098638 0.096507 0.052545 0.041251 0.037751 0.062310 
0.012234 0.336259 0.164896 0.088431 0.126571 0.098874 0.058626 0.023115 0.037292 0.053703 
0.023541 0.261085 0.156540 0.094434 0.078035 0.152888 0.063194 0.029512 0.100858 0.039913 
0.002687 0.271558 0.159360 0.101581 0.099004 0.084500 0.069113 0.039326 0.119622 0.053250 
0.026923 0.293799 0.213286 0.135841 0.092302 0.037601 0.039232 0.032357 0.077924 0.050734 
0.024746 0.331949 0.143795 0.113459 0.123228 0.047797 0.064112 0.032541 0.048577 0.069798 
0.006798 0.222402 0.193582 0.104444 0.162955 0.070022 0.058239 0.059135 0.077177 0.045246 
0.016350 0.240021 0.151868 0.126500 0.132360 0.110156 0.044415 0.055435 0.096108 0.026788 
0.022450 0.232658 0.184148 0.129466 0.102971 0.125806 0.038955 0.048506 0.070734 0.044306 
0.001938 0.209540 0.190781 0.121458 0.088401 0.148968 0.052327 0.042916 0.079039 0.064633 
0.025020 0.266768 0.151742 0.087908 0.077055 0.181731 0.063346 0.057769 0.057827 0.030834 
0.023732 0.259322 0.148592 0.069065 0.104603 0.173889 0.073989 0.037313 0.065018 0.044478 
0.001259 0.183263 0.193020 0.089838 0.126696 0.148488 0.084259 0.031572 0.098132 0.043475 
0.019088 0.248638 0.162812 0.109619 0.163398 0.120850 0.061891 0.022513 0.037596 0.053595 
0.020478 0.229180 0.138961 0.132222 0.153570 0.100121 0.062624 0.025152 0.091434 0.046260 
0.000256 0.209032 0.206155 0.189071 0.110865 0.052977 0.038844 0.039029 0.106802 0.046968 
0.024603 0.277537 0.117724 0.161135 0.143962 0.080048 0.029819 0.026656 0.081906 0.056610 
0.012349 0.249257 0.170526 0.150840 0.132012 0.086771 0.045044 0.031627 0.076189 0.045386 
0.015701 0.263922 0.187004 0.119545 0.164758 0.110460 0.037161 0.017999 0.039006 0.044444 
0.015109 0.262804 0.174354 0.120251 0.121144 0.139650 0.040586 0.039499 0.059014 0.027589 
0.009327 0.221335 0.158792 0.127315 0.121402 0.118947 0.038545 0.057237 0.083938 0.063162 
0.021126 0.222944 0.170200 0.166855 0.076645 0.084331 0.031828 0.039156 0.117936 0.068980 
0.008811 0.197440 0.255457 0.133887 0.055064 0.094854 0.048070 0.031038 0.075548 0.099831 
0.006508 0.143693 0.321869 0.084994 0.050748 0.063538 0.032758 0.059583 0.154361 0.081948 
0.001898 0.082150 0.321920 0.125274 0.043772 0.030992 0.045414 0.073765 0.219965 0.054849 
0.003456 0.095591 0.299579 0.126153 0.083960 0.051418 0.078543 0.072132 0.126930 0.062238 
0.007209 0.071311 0.420883 0.093705 0.080899 0.039518 0.072680 0.052800 0.091032 0.069964 
0.001913 0.122337 0.377805 0.122917 0.105580 0.055546 0.084769 0.042601 0.022660 0.063871 
0.007609 0.088860 0.313304 0.115956 0.096264 0.058463 0.082650 0.042911 0.119253 0.074731 
0.014766 0.114881 0.186070 0.144354 0.099597 0.090282 0.094570 0.037753 0.125060 0.092666 
0.006819 0.031059 0.272721 0.138628 0.122130 0.096345 0.110777 0.057838 0.055293 0.108391 
0.007676 0.034804 0.334182 0.117150 0.130361 0.120459 0.114459 0.033231 0.046580 0.061098 
0.007388 0.024764 0.398811 0.102466 0.073614 0.066901 0.108977 0.046380 0.086378 0.084319 
0.009464 0.043053 0.421311 0.188088 0.094873 0.030278 0.057548 0.031883 0.061370 0.062133 
0.010638 0.083519 0.380414 0.080690 0.118265 0.060531 0.052481 0.030499 0.104101 0.078862 
0.007033 0.060046 0.434018 0.072993 0.095023 0.088919 0.049218 0.057211 0.051128 0.084411 
0.006881 0.044024 0.472429 0.062488 0.070058 0.077788 0.046344 0.079481 0.058573 0.081935 
0.000154 0.011818 0.381956 0.110798 0.088054 0.075462 0.066533 0.064057 0.096990 0.104176 
0.011794 0.068307 0.321480 0.133876 0.081950 0.079315 0.057232 0.078524 0.095481 0.072041 
0.007107 0.074421 0.366491 0.140376 0.120186 0.049081 0.035685 0.105592 0.046011 0.055049 
0.005350 0.059537 0.424728 0.116991 0.094489 0.082940 0.039974 0.056469 0.053204 0.066320 
0.009086 0.055546 0.394736 0.084123 0.089494 0.054660 0.036281 0.111696 0.040289 0.124090 
0.002947 0.019879 0.340417 0.197411 0.080731 0.034616 0.044451 0.090260 0.045762 0.143527 
0.006445 0.036090 0.273554 0.202567 0.082293 0.070847 0.040017 0.102269 0.038829 0.147089 
0.005733 0.027693 0.260827 0.204292 0.093357 0.096424 0.040220 0.095209 0.051697 0.124549 
0.009367 0.048690 0.264265 0.225938 0.061141 0.102469 0.080211 0.087202 0.024546 0.096172 
0.001194 0.028211 0.220259 0.228026 0.096195 0.105821 0.065390 0.075287 0.030668 0.148948 
0.009913 0.049238 0.237159 0.257004 0.102131 0.066308 0.029723 0.067921 0.036056 0.144547 
0.002568 0.028434 0.155940 0.328190 0.065683 0.127515 0.049854 0.079223 0.026443 0.136149 
0.000912 0.016344 0.131935 0.321745 0.078683 0.150277 0.068406 0.054323 0.025911 0.151464 
0.006151 0.031660 0.093213 0.271762 0.092599 0.098818 0.062207 0.059440 0.057235 0.226915 
0.001149 0.010794 0.165586 0.196399 0.058869 0.122050 0.058725 0.165587 0.042541 0.178298 
0.001718 0.020624 0.136379 0.244597 0.101579 0.108615 0.099336 0.115515 0.023147 0.148489 
0.001152 0.018347 0.177817 0.327235 0.079232 0.149153 0.079071 0.039117 0.016774 0.112102 
0.007264 0.041680 0.274895 0.269244 0.095534 0.102726 0.077360 0.029489 0.031382 0.070426 
0.007467 0.036760 0.305132 0.286740 0.077093 0.056323 0.040904 0.050753 0.015413 0.123415 
0.010300 0.044472 0.233727 0.295749 0.078400 0.087347 0.037482 0.081892 0.022389 0.108242 
0.006699 0.033024 0.263705 0.327061 0.091099 0.100226 0.037592 0.036072 0.011277 0.093244 
0.003238 0.021706 0.263436 0.378070 0.096235 0.086670 0.031322 0.035445 0.026060 0.057817 
0.007112 0.034786 0.182427 0.337614 0.135454 0.065986 0.044067 0.035345 0.030581 0.126628 
0.003340 0.018178 0.147583 0.249981 0.141084 0.065542 0.052804 0.177117 0.047240 0.097130 
0.008301 0.035116 0.157636 0.236407 0.155899 0.093630 0.100482 0.155227 0.019562 0.037741 
0.008557 0.032225 0.141928 0.318041 0.131583 0.099983 0.089967 0.052335 0.023924 0.101458 
0.008410 0.032805 0.145384 0.306632 0.106427 0.103749 0.062722 0.111343 0.024590 0.097938 
0.002276 0.017491 0.170734 0.351409 0.113186 0.094368 0.063580 0.066656 0.025774 0.094525 
0.011723 0.057065 0.224500 0.287196 0.100609 0.072856 0.051471 0.083935 0.017285 0.093360 
0.001558 0.018153 0.230922 0.258918 0.121437 0.064281 0.066799 0.107357 0.059355 0.071220 
0.012466 0.053014 0.285214 0.259295 0.087335 0.066760 0.038820 0.065744 0.025956 0.105396 
0.007884 0.037044 0.283798 0.222364 0.084356 0.060795 0.052647 0.129434 0.037608 0.084069 
0.000469 0.018861 0.252979 0.276272 0.087599 0.068217 0.084060 0.130028 0.018308 0.063208 
0.006394 0.036359 0.276024 0.291976 0.078482 0.067582 0.078154 0.073081 0.019341 0.072608 
0.008090 0.042572 0.253741 0.312143 0.123971 0.100574 0.035683 0.047560 0.018093 0.057572 
0.001523 0.018769 0.224532 0.288988 0.104277 0.104258 0.065125 0.063773 0.016758 0.111996 
0.005646 0.024185 0.223674 0.296755 0.117552 0.038446 0.073824 0.104439 0.030150 0.085328 
0.005083 0.031867 0.195303 0.331986 0.104336 0.034075 0.045647 0.139800 0.030046 0.081857 
0.004342 0.024039 0.154421 0.359670 0.089793 0.078080 0.054803 0.105167 0.037808 0.091876 
0.009547 0.040468 0.145391 0.377539 0.078375 0.074825 0.048339 0.050458 0.030634 0.144424 
0.005591 0.023531 0.104587 0.304339 0.116744 0.085212 0.064656 0.092650 0.068977 0.133714 
0.006685 0.034883 0.119513 0.283692 0.072729 0.087726 0.081054 0.155704 0.038268 0.119745 
0.005772 0.033740 0.145126 0.256504 0.105497 0.093226 0.053559 0.123452 0.056912 0.126211 
0.003060 0.021292 0.155210 0.253775 0.113187 0.088149 0.102540 0.076763 0.036431 0.149593 
0.006169 0.034368 0.173371 0.249835 0.116550 0.113358 0.078065 0.059985 0.030670 0.137629 
0.001702 0.010923 0.162213 0.385395 0.105800 0.112083 0.069801 0.039912 0.015725 0.096445 
0.003939 0.029354 0.112134 0.359562 0.072077 0.063997 0.054460 0.091659 0.044493 0.168325 
0.005162 0.024672 0.093592 0.349993 0.069075 0.076501 0.035130 0.108005 0.052150 0.185721 
0.003008 0.016172 0.052973 0.295144 0.058167 0.085720 0.060714 0.168564 0.062793 0.196745 
0.000821 0.012869 0.077271 0.342820 0.073874 0.079298 0.095004 0.067926 0.040817 0.209300 
0.007698 0.031258 0.133244 0.400868 0.084289 0.083488 0.090814 0.033540 0.020611 0.114190 
0.000420 0.012884 0.128448 0.363656 0.067286 0.097097 0.073484 0.062198 0.045654 0.148873 
0.000553 0.005424 0.088734 0.377417 0.064041 0.060280 0.092283 0.102990 0.028214 0.180065 
0.005149 0.031274 0.105176 0.390879 0.042239 0.108020 0.093871 0.065855 0.024985 0.132551 
0.000096 0.011658 0.102670 0.430592 0.053360 0.136083 0.097424 0.038773 0.008592 0.120752 
0.006368 0.030015 0.072249 0.308297 0.076324 0.119678 0.074048 0.110604 0.069259 0.133159 
0.001392 0.016875 0.106145 0.302351 0.027215 0.088722 0.043431 0.115917 0.050188 0.247765 
0.005703 0.027681 0.157921 0.315071 0.082529 0.087584 0.087756 0.062964 0.037105 0.135687 
0.001256 0.015210 0.067951 0.368323 0.033441 0.082701 0.135939 0.105788 0.030537 0.158855 
0.004074 0.016596 0.052703 0.387696 0.040065 0.094420 0.102395 0.125165 0.050684 0.126201 
0.008341 0.022960 0.057344 0.365631 0.052472 0.034297 0.141011 0.105345 0.013933 0.198666 
0.004142 0.024198 0.051136 0.337368 0.025022 0.058353 0.133557 0.114951 0.016588 0.234686 
0.002712 0.027661 0.062009 0.252467 0.028688 0.079293 0.138710 0.187533 0.057842 0.163085 
0.003478 0.010427 0.124956 0.173871 0.031163 0.076257 0.179757 0.168521 0.026576 0.204994 
0.007102 0.019432 0.050873 0.199548 0.032847 0.090973 0.105797 0.158827 0.037254 0.297346 
0.006735 0.034621 0.057717 0.255846 0.037332 0.053710 0.155183 0.119405 0.065887 0.213564 
0.002339 0.024583 0.113407 0.325635 0.042988 0.043156 0.136835 0.052887 0.049043 0.209129 
0.001748 0.007189 0.043151 0.272677 0.043677 0.048681 0.147925 0.165525 0.026766 0.242661 
0.004079 0.030471 0.051355 0.265174 0.023769 0.037500 0.080013 0.179309 0.028776 0.299553 
0.005173 0.036444 0.205254 0.316318 0.046448 0.059446 0.069198 0.054356 0.036405 0.170958 
0.010353 0.050493 0.090708 0.452393 0.051105 0.034617 0.057714 0.087538 0.040729 0.124350 
0.003956 0.012325 0.055645 0.426337 0.092068 0.065588 0.051901 0.071737 0.032776 0.187667 
0.003919 0.014080 0.037636 0.431071 0.048792 0.086536 0.048831 0.143009 0.039627 0.146499 
0.001564 0.023050 0.039394 0.360002 0.044468 0.052498 0.137654 0.083701 0.049555 0.208114 
0.007615 0.030737 0.048272 0.321407 0.058174 0.018595 0.181851 0.105594 0.070288 0.157466 
0.000649 0.018611 0.074087 0.347332 0.032992 0.033438 0.133377 0.130557 0.055040 0.173916 
0.005053 0.012504 0.041501 0.341019 0.071629 0.042289 0.103761 0.142625 0.049749 0.189870 
0.005699 0.032015 0.042006 0.334497 0.045135 0.038327 0.111269 0.092975 0.045298 0.252779 
0.000679 0.018790 0.099292 0.275187 0.068765 0.048813 0.090993 0.055725 0.043194 0.298562 
0.009806 0.042815 0.060894 0.294164 0.022024 0.041968 0.136612 0.108328 0.014183 0.269206 
0.001114 0.014633 0.048164 0.372954 0.065278 0.044465 0.099254 0.131243 0.046870 0.176025 
0.001389 0.016327 0.153364 0.288705 0.051519 0.072504 0.081006 0.140800 0.031351 0.163034 
0.005012 0.023167 0.076883 0.325854 0.040030 0.026887 0.115393 0.110992 0.030023 0.245759 
0.006021 0.032010 0.046704 0.411721 0.038180 0.024195 0.116296 0.104007 0.031329 0.189536 
0.000413 0.014910 0.031503 0.494368 0.075953 0.029235 0.044702 0.133760 0.060572 0.114584 
0.000728 0.009247 0.027675 0.451198 0.083049 0.028706 0.110879 0.100030 0.047731 0.140757 
0.003131 0.020606 0.040241 0.408466 0.048075 0.022744 0.088900 0.107692 0.049135 0.211009 
0.011287 0.042298 0.125046 0.434169 0.050610 0.032143 0.059809 0.053263 0.030048 0.161327 
0.004087 0.014284 0.043090 0.445193 0.084684 0.046571 0.074490 0.090813 0.030227 0.166561 
0.002084 0.015574 0.036013 0.447882 0.074283 0.047646 0.069925 0.080537 0.050914 0.175142 
0.008699 0.025442 0.103687 0.432163 0.052339 0.030923 0.098806 0.039095 0.025388 0.183459 
0.004290 0.015651 0.041175 0.415080 0.073537 0.033280 0.122682 0.086597 0.044805 0.162903 
0.000690 0.021861 0.036725 0.376009 0.099443 0.074549 0.139167 0.139234 0.014579 0.097742 
0.006402 0.039903 0.184926 0.214608 0.080927 0.077476 0.179590 0.073183 0.052044 0.090942 
0.000269 0.015990 0.081026 0.192178 0.116237 0.085935 0.142769 0.114483 0.045713 0.205401 
0.003226 0.011766 0.023700 0.198470 0.133000 0.109071 0.131220 0.198832 0.108902 0.081813 
0.004506 0.037018 0.078103 0.202942 0.149650 0.081484 0.072609 0.190665 0.072627 0.110396 
0.002452 0.033359 0.029482 0.200300 0.272193 0.076287 0.044635 0.125223 0.118863 0.097206 
0.004014 0.022799 0.021496 0.134629 0.253112 0.066297 0.122642 0.079470 0.165434 0.130107 
0.004947 0.028431 0.109112 0.163406 0.144684 0.073274 0.117782 0.163165 0.053660 0.141540 
0.006477 0.026639 0.046656 0.111786 0.128082 0.116150 0.061820 0.260988 0.084472 0.156931 
0.008894 0.021235 0.045346 0.093970 0.132464 0.133572 0.087193 0.281633 0.065879 0.129813 
0.003803 0.019304 0.016335 0.083673 0.134558 0.106180 0.068884 0.136101 0.066065 0.365097 
0.003023 0.014359 0.009967 0.063993 0.109059 0.059430 0.057196 0.234915 0.111465 0.336593 
0.000643 0.023125 0.026272 0.082563 0.111411 0.136805 0.067192 0.209092 0.063060 0.279837 
0.007578 0.034281 0.339765 0.154743 0.067898 0.077306 0.054142 0.087195 0.073341 0.103751 
0.005791 0.030037 0.168802 0.103116 0.062783 0.037187 0.050251 0.138685 0.272669 0.130679 
0.003852 0.013069 0.041437 0.124804 0.088024 0.111227 0.083482 0.103624 0.302454 0.128025 
0.005971 0.036883 0.076827 0.182082 0.099914 0.175183 0.058652 0.119029 0.148903 0.096557 
0.001831 0.026110 0.054321 0.219676 0.070810 0.130851 0.033110 0.103819 0.158759 0.200713 
0.004734 0.028912 0.064907 0.182210 0.071397 0.038859 0.034250 0.158313 0.243634 0.172784 
0.002358 0.039508 0.192636 0.236973 0.088757 0.154293 0.032696 0.049549 0.149549 0.053681 
0.003354 0.029229 0.091145 0.122225 0.119630 0.223637 0.084022 0.101053 0.173923 0.051782 
0.000826 0.011798 0.031557 0.168451 0.073200 0.166976 0.080081 0.127112 0.233811 0.106189 
0.004612 0.026028 0.129766 0.195897 0.041561 0.087638 0.074503 0.192135 0.178128 0.069732 
0.008695 0.027532 0.091946 0.277810 0.074555 0.141889 0.082381 0.092804 0.116287 0.086102 
0.005401 0.035176 0.073782 0.268647 0.039173 0.103987 0.106016 0.161596 0.082716 0.123507 
0.006401 0.049689 0.359222 0.140750 0.047994 0.100212 0.061371 0.087998 0.092237 0.054126 
0.006465 0.035468 0.272631 0.159302 0.046430 0.079571 0.055478 0.117177 0.146342 0.081137 
0.002975 0.026854 0.116790 0.280843 0.042658 0.102756 0.087051 0.146203 0.109707 0.084163 
0.008941 0.027303 0.081277 0.219854 0.066187 0.198495 0.104237 0.103958 0.128471 0.061279 
0.006971 0.033810 0.081595 0.240830 0.083952 0.280720 0.046978 0.100331 0.083645 0.041167 
0.001098 0.014519 0.034094 0.252301 0.086203 0.270490 0.059219 0.110790 0.122628 0.048657 
0.001293 0.031058 0.119675 0.236316 0.147938 0.267748 0.032775 0.061071 0.061506 0.040621 
0.001753 0.014042 0.087051 0.258381 0.098604 0.286472 0.083423 0.050879 0.068152 0.051242 
0.001212 0.024364 0.061766 0.243039 0.068764 0.222574 0.096816 0.114314 0.094689 0.072463 
0.008664 0.063260 0.180725 0.201923 0.061988 0.173680 0.065879 0.067522 0.129444 0.046915 
0.006481 0.050949 0.131793 0.206432 0.054146 0.148132 0.069909 0.087016 0.170388 0.074753 
0.010286 0.030161 0.058605 0.276978 0.038640 0.169448 0.100379 0.161849 0.058541 0.095113 
0.008122 0.038918 0.199161 0.150813 0.074263 0.173719 0.068748 0.085400 0.138311 0.062544 
0.000722 0.016677 0.190692 0.206991 0.074266 0.115102 0.062925 0.105926 0.145454 0.081243 
0.004563 0.012530 0.067679 0.248591 0.074064 0.133771 0.069108 0.114825 0.202950 0.071919 
0.004904 0.020043 0.034349 0.177039 0.084504 0.202798 0.077551 0.127596 0.232350 0.038867 
