fitzpleasure, alt-j
0.000000 0.000000 0.000000 0.000000 0.000000 0.000000 0.000000 0.000000 0.000000 0.000000 
0.102525 0.224617 0.092745 0.075088 0.046749 0.044345 0.168639 0.100935 0.122164 0.022193 
0.003987 0.026485 0.051600 0.075498 0.156739 0.149486 0.155843 0.128887 0.137807 0.113669 
0.009233 0.038457 0.077999 0.147015 0.109472 0.207209 0.217369 0.064090 0.079910 0.049245 
0.005165 0.020188 0.142494 0.113025 0.073714 0.234354 0.127066 0.136020 0.096478 0.051496 
0.004049 0.017671 0.176240 0.102597 0.057827 0.126723 0.071310 0.196823 0.176475 0.070284 
0.000200 0.011651 0.146641 0.129515 0.083359 0.109884 0.095724 0.170128 0.182082 0.070816 
0.006910 0.028419 0.200709 0.131626 0.046589 0.080946 0.113497 0.131262 0.211299 0.048744 
0.012276 0.052858 0.148614 0.175816 0.058553 0.114602 0.145884 0.108992 0.111922 0.070481 
0.017462 0.078520 0.295317 0.141757 0.045189 0.066800 0.137954 0.105455 0.070776 0.040771 
0.016509 0.071105 0.291322 0.069275 0.060031 0.099178 0.160613 0.113196 0.068463 0.050307 
0.006476 0.035260 0.315928 0.125905 0.053407 0.136982 0.182409 0.078949 0.042913 0.021770 
0.009975 0.052930 0.300627 0.074258 0.081159 0.158398 0.118877 0.117988 0.057642 0.028146 
0.005025 0.030334 0.340883 0.149239 0.070559 0.162945 0.105910 0.067175 0.038181 0.029749 
0.010545 0.043208 0.304682 0.106366 0.111739 0.204314 0.081038 0.082650 0.045799 0.009659 
0.001315 0.024409 0.322112 0.156342 0.103938 0.231368 0.070433 0.043769 0.028789 0.017525 
0.006846 0.041324 0.384114 0.189081 0.076195 0.162042 0.051832 0.029692 0.039873 0.019002 
0.003016 0.029229 0.214208 0.150972 0.154043 0.195663 0.113383 0.080015 0.044752 0.014720 
0.006641 0.028605 0.211437 0.116672 0.072989 0.198586 0.048253 0.103611 0.171643 0.041563 
0.005339 0.014724 0.164747 0.118546 0.067619 0.131596 0.043897 0.141065 0.258076 0.054391 
0.003372 0.008742 0.085483 0.092162 0.058574 0.170756 0.047746 0.207894 0.289851 0.035419 
0.007037 0.025117 0.090052 0.065411 0.069530 0.073986 0.023780 0.278014 0.335495 0.031578 
0.004041 0.022013 0.158174 0.146001 0.080970 0.113485 0.032102 0.171866 0.245775 0.025574 
0.000072 0.023008 0.318072 0.111590 0.090663 0.124532 0.051680 0.140197 0.107125 0.033062 
0.000651 0.022632 0.320745 0.099140 0.113943 0.153079 0.081980 0.113511 0.070931 0.023387 
0.000361 0.030650 0.440411 0.121615 0.088918 0.100128 0.068841 0.051518 0.074906 0.022653 
0.010704 0.069799 0.430735 0.073720 0.069066 0.075228 0.062684 0.144572 0.032327 0.031165 
0.020052 0.086114 0.446791 0.062006 0.080582 0.078833 0.023435 0.090778 0.086015 0.025392 
0.006907 0.047736 0.425424 0.147340 0.070067 0.089371 0.039159 0.067471 0.097564 0.008963 
0.013072 0.061389 0.189691 0.209957 0.257616 0.133586 0.046647 0.042014 0.037538 0.008491 
0.005631 0.025125 0.139322 0.072082 0.316598 0.170197 0.090901 0.085843 0.076474 0.017826 
0.007942 0.030934 0.139991 0.057639 0.102679 0.181929 0.134992 0.203633 0.066627 0.073635 
0.006218 0.033895 0.161059 0.100218 0.057838 0.088529 0.122071 0.149031 0.095257 0.185885 
0.000966 0.014291 0.173770 0.107331 0.083156 0.035701 0.125821 0.171551 0.091153 0.196261 
0.000954 0.022059 0.175638 0.089670 0.045285 0.127307 0.138886 0.208530 0.059761 0.131909 
0.004549 0.029509 0.223179 0.113323 0.053966 0.132016 0.166781 0.150673 0.039548 0.086456 
0.009463 0.039982 0.238512 0.083628 0.055326 0.108744 0.118088 0.135516 0.076070 0.134672 
0.000618 0.021786 0.315565 0.074009 0.057824 0.145232 0.128287 0.125498 0.058868 0.072313 
0.012853 0.047208 0.182661 0.189750 0.091649 0.139011 0.231631 0.041649 0.041895 0.021693 
0.010828 0.044484 0.108693 0.058809 0.046609 0.212114 0.123064 0.177552 0.156260 0.061588 
0.004103 0.020380 0.073924 0.097672 0.085513 0.128542 0.065862 0.271270 0.171640 0.081095 
0.004889 0.019450 0.117970 0.087801 0.064164 0.099111 0.103034 0.200936 0.264364 0.038280 
0.001530 0.018864 0.209689 0.119045 0.075614 0.091000 0.058152 0.144899 0.213289 0.067917 
0.008053 0.034399 0.300432 0.145484 0.085176 0.098064 0.037129 0.124599 0.112817 0.053846 
0.021171 0.072574 0.383442 0.107829 0.085756 0.074413 0.054672 0.076460 0.093533 0.030150 
0.015918 0.073264 0.383366 0.071752 0.091374 0.119701 0.042766 0.093071 0.081811 0.026977 
0.011853 0.053069 0.392799 0.086323 0.117414 0.134874 0.035051 0.067789 0.076417 0.024409 
0.012898 0.063232 0.471603 0.082148 0.087484 0.071690 0.051933 0.063810 0.077389 0.017813 
0.001990 0.025200 0.306850 0.065371 0.168912 0.098906 0.113812 0.075748 0.105246 0.037965 
0.008815 0.047128 0.458351 0.092384 0.081861 0.066566 0.051336 0.065097 0.090254 0.038208 
0.006290 0.035142 0.456473 0.123435 0.091124 0.054605 0.050288 0.052770 0.096320 0.033554 
0.007036 0.044408 0.369114 0.126445 0.163816 0.095104 0.074155 0.064394 0.032593 0.022935 
0.002064 0.021543 0.177948 0.184822 0.088039 0.094078 0.061781 0.188722 0.150465 0.030538 
0.003378 0.019588 0.183702 0.123058 0.091187 0.059456 0.041292 0.168489 0.251933 0.057917 
0.002359 0.016482 0.168067 0.116411 0.035927 0.083228 0.061300 0.168419 0.262187 0.085620 
0.003832 0.016999 0.090732 0.125152 0.037303 0.120827 0.093668 0.142031 0.325460 0.043996 
0.001792 0.013678 0.128347 0.127240 0.074818 0.100161 0.066188 0.145832 0.292684 0.049260 
0.002943 0.024458 0.259661 0.138669 0.062286 0.068436 0.087057 0.118916 0.184472 0.053102 
0.002218 0.025301 0.297174 0.131897 0.060908 0.117931 0.057394 0.131170 0.147403 0.028604 
0.001791 0.028967 0.329122 0.124522 0.032168 0.140992 0.026567 0.118688 0.145337 0.051846 
0.000800 0.032120 0.431026 0.090118 0.110055 0.087201 0.047304 0.092362 0.081903 0.027111 
0.002863 0.034971 0.440739 0.101961 0.138202 0.093903 0.063241 0.052405 0.043659 0.028057 
0.000428 0.037151 0.458537 0.142969 0.083562 0.067798 0.043293 0.077999 0.072940 0.015322 
0.007463 0.038343 0.450472 0.073885 0.139065 0.049274 0.055422 0.062056 0.114050 0.009971 
0.014304 0.074057 0.490067 0.074461 0.104098 0.069083 0.016406 0.023969 0.102853 0.030702 
0.007370 0.086141 0.355201 0.067980 0.146261 0.095811 0.066072 0.065630 0.076920 0.032614 
0.010030 0.040498 0.224177 0.168715 0.099881 0.121466 0.107067 0.092460 0.104737 0.030972 
0.006960 0.038060 0.182864 0.105859 0.035477 0.095599 0.117862 0.183264 0.142071 0.091984 
0.005681 0.034009 0.236016 0.097705 0.040412 0.040018 0.100118 0.240131 0.129566 0.076345 
0.002115 0.030727 0.213342 0.090909 0.017043 0.060973 0.039684 0.259075 0.162402 0.123728 
0.003001 0.020513 0.161614 0.088588 0.041195 0.094576 0.068782 0.189797 0.144884 0.187050 
0.000601 0.012468 0.143454 0.093864 0.032328 0.056128 0.115552 0.250309 0.072370 0.222925 
0.004655 0.019988 0.115672 0.059252 0.016475 0.047883 0.140538 0.235273 0.153912 0.206350 
0.003405 0.014662 0.073201 0.063557 0.019613 0.045227 0.122902 0.250098 0.180757 0.226578 
0.001551 0.010309 0.077548 0.125199 0.042611 0.042136 0.144783 0.219137 0.104099 0.232626 
0.004266 0.021095 0.122152 0.111944 0.037603 0.092285 0.056884 0.245935 0.216447 0.091390 
0.008143 0.036338 0.216235 0.073109 0.044033 0.087916 0.050467 0.102392 0.346717 0.034650 
0.004680 0.029328 0.296740 0.083873 0.060730 0.073282 0.069407 0.122253 0.227664 0.032042 
0.001182 0.015931 0.249186 0.085094 0.077157 0.073389 0.062969 0.109485 0.299279 0.026328 
0.004905 0.026275 0.212920 0.106555 0.093413 0.113872 0.071803 0.108724 0.200519 0.061013 
0.010822 0.046347 0.195049 0.087805 0.122938 0.125332 0.030427 0.215571 0.126924 0.038785 
0.001129 0.016305 0.254952 0.085152 0.121712 0.089245 0.068445 0.167613 0.127759 0.067688 
0.010610 0.062514 0.309127 0.056286 0.095849 0.101534 0.051388 0.136416 0.125695 0.050580 
0.007474 0.040188 0.327953 0.062410 0.094059 0.093882 0.063281 0.102269 0.117247 0.091237 
0.003683 0.019935 0.240578 0.061302 0.077312 0.124241 0.087083 0.123384 0.195618 0.066864 
0.008476 0.039366 0.143393 0.051311 0.110847 0.129929 0.111549 0.223737 0.114239 0.067155 
0.000685 0.017990 0.231930 0.052098 0.089407 0.069848 0.068921 0.153518 0.236859 0.078743 
0.011862 0.052269 0.250280 0.070780 0.076735 0.073700 0.075603 0.108091 0.204498 0.076182 
0.000855 0.008646 0.142447 0.184873 0.062927 0.115062 0.137227 0.106640 0.151200 0.090122 
0.006977 0.027592 0.206876 0.054573 0.102071 0.118889 0.077504 0.099014 0.202030 0.104474 
0.002236 0.011268 0.206423 0.125279 0.067185 0.095141 0.064060 0.107669 0.247810 0.072930 
0.005843 0.032043 0.187482 0.120945 0.049217 0.107237 0.035822 0.178649 0.226696 0.056066 
0.007482 0.039932 0.182553 0.152892 0.091821 0.064137 0.026558 0.185005 0.161554 0.088066 
0.004796 0.032722 0.238156 0.162346 0.058195 0.082857 0.061056 0.122490 0.187058 0.050325 
0.006507 0.044214 0.369397 0.077753 0.052679 0.097917 0.043894 0.129638 0.152730 0.025271 
0.005596 0.035655 0.290888 0.038421 0.057564 0.116324 0.053437 0.113001 0.228497 0.060616 
0.015914 0.063663 0.405557 0.094777 0.046333 0.072916 0.031700 0.085077 0.148625 0.035437 
0.017982 0.083237 0.440367 0.072215 0.029681 0.054522 0.035609 0.099667 0.119844 0.046876 
0.012462 0.059545 0.258734 0.076542 0.069350 0.080931 0.056349 0.171320 0.178344 0.036424 
0.009524 0.051848 0.192001 0.081290 0.059482 0.043861 0.055479 0.245220 0.203580 0.057716 
0.005102 0.031553 0.126138 0.097263 0.077524 0.094774 0.089581 0.130954 0.289138 0.057973 
0.004971 0.049510 0.186869 0.083285 0.048156 0.115158 0.061370 0.094863 0.275817 0.080000 
0.008376 0.050786 0.164935 0.049913 0.048762 0.158507 0.071860 0.131759 0.200455 0.114647 
0.015809 0.073798 0.188441 0.061098 0.044546 0.084895 0.095704 0.162464 0.156115 0.117131 
0.013045 0.058739 0.181128 0.097361 0.059404 0.120873 0.068823 0.117630 0.216671 0.066325 
0.008112 0.054415 0.224724 0.110140 0.044158 0.080370 0.063905 0.102168 0.189570 0.122439 
0.013635 0.080300 0.239323 0.050941 0.048241 0.168617 0.045138 0.059764 0.229182 0.064858 
0.005477 0.047490 0.123296 0.086813 0.074702 0.162980 0.072444 0.128274 0.182399 0.116125 
0.001891 0.039759 0.114358 0.151239 0.091119 0.185523 0.105548 0.131084 0.094522 0.084957 
0.008199 0.055363 0.058988 0.114379 0.095796 0.115782 0.048605 0.202577 0.197010 0.103302 
0.009810 0.032080 0.117901 0.114796 0.093850 0.140322 0.106960 0.125216 0.185366 0.073699 
0.006586 0.042455 0.194220 0.067774 0.093978 0.121889 0.108269 0.087875 0.200092 0.076860 
0.001226 0.065819 0.104730 0.086144 0.102789 0.141158 0.115926 0.069965 0.216420 0.095823 
0.003003 0.040233 0.088450 0.087939 0.101642 0.056679 0.148605 0.115489 0.268237 0.089723 
0.006611 0.093675 0.191036 0.074715 0.085048 0.083113 0.082883 0.095389 0.226039 0.061492 
0.015368 0.108487 0.164714 0.061910 0.072670 0.053713 0.068662 0.104751 0.288362 0.061363 
0.007803 0.082825 0.115209 0.082273 0.071750 0.106624 0.102032 0.126606 0.238494 0.066384 
0.006063 0.096099 0.098599 0.095928 0.095911 0.071936 0.060445 0.137675 0.244802 0.092542 
0.018117 0.130068 0.157013 0.083916 0.094871 0.080007 0.044620 0.066830 0.241191 0.083367 
0.019347 0.179212 0.148135 0.084484 0.094563 0.058457 0.041058 0.090669 0.203890 0.080185 
0.003800 0.133180 0.148168 0.113657 0.140492 0.072193 0.046893 0.080459 0.197362 0.063797 
0.015828 0.178718 0.153593 0.066283 0.062752 0.068038 0.086329 0.116754 0.186469 0.065235 
0.030273 0.204119 0.137411 0.095922 0.074963 0.056015 0.047013 0.099292 0.159044 0.095949 
0.022485 0.123724 0.189907 0.192655 0.144925 0.087062 0.035342 0.059989 0.106106 0.037805 
0.002180 0.011221 0.152014 0.218164 0.102649 0.073590 0.152114 0.159895 0.070288 0.057884 
0.003218 0.021550 0.153671 0.085415 0.057676 0.106248 0.135022 0.099365 0.260397 0.077438 
0.009227 0.034694 0.141269 0.072243 0.035825 0.119928 0.100506 0.140404 0.297597 0.048308 
0.002631 0.011486 0.081040 0.099925 0.062873 0.108603 0.051001 0.167763 0.376542 0.038136 
0.011731 0.048501 0.150631 0.169230 0.032438 0.125768 0.091769 0.114318 0.198270 0.057344 
0.008454 0.031274 0.239847 0.139418 0.082056 0.083382 0.050709 0.143641 0.183144 0.038076 
0.010274 0.052611 0.246659 0.071266 0.052475 0.077879 0.047532 0.153189 0.242328 0.045786 
0.001302 0.015950 0.353410 0.075140 0.078495 0.103917 0.055893 0.177813 0.099240 0.038841 
0.014241 0.069805 0.402495 0.132858 0.055205 0.072831 0.053204 0.087220 0.088917 0.023223 
0.015779 0.080245 0.411434 0.066878 0.120544 0.101345 0.043665 0.058159 0.086785 0.015166 
0.018573 0.088310 0.509907 0.121482 0.054068 0.043617 0.027202 0.047641 0.075104 0.014095 
0.004798 0.045964 0.513543 0.127828 0.061503 0.056112 0.025795 0.064751 0.081770 0.017934 
0.012781 0.060287 0.501842 0.109024 0.063637 0.040655 0.022060 0.069925 0.095321 0.024469 
0.016380 0.066152 0.468965 0.120540 0.059489 0.043204 0.037876 0.054363 0.112091 0.020941 
0.018550 0.089980 0.564709 0.096156 0.048061 0.036171 0.035124 0.036537 0.050167 0.024546 
0.017074 0.097287 0.517477 0.098779 0.065514 0.036268 0.041450 0.042764 0.055114 0.028274 
0.000074 0.027931 0.447482 0.065546 0.127835 0.019265 0.062210 0.087587 0.137907 0.024163 
0.011205 0.059110 0.532881 0.130531 0.065311 0.022407 0.036559 0.039177 0.080347 0.022471 
0.004161 0.022306 0.386883 0.107056 0.085079 0.055154 0.028533 0.079794 0.194262 0.036771 
0.006672 0.058977 0.414540 0.113467 0.087481 0.067653 0.039881 0.065230 0.104378 0.041721 
0.022711 0.094236 0.350810 0.078393 0.089527 0.046360 0.056995 0.102461 0.108650 0.049857 
0.000472 0.057400 0.223272 0.104313 0.099787 0.066577 0.133182 0.060926 0.195544 0.058526 
0.007516 0.044951 0.147629 0.196409 0.100226 0.080987 0.261564 0.066214 0.036188 0.058314 
0.002518 0.025473 0.154794 0.089014 0.039570 0.104686 0.216996 0.139089 0.162870 0.064990 
0.005007 0.027010 0.134420 0.092793 0.052161 0.068104 0.169603 0.105032 0.273240 0.072630 
0.005334 0.023390 0.079801 0.129113 0.065349 0.090121 0.187493 0.157625 0.159255 0.102520 
0.001877 0.010402 0.141721 0.084121 0.092802 0.046234 0.126793 0.143358 0.177161 0.175531 
0.004374 0.026358 0.182069 0.139780 0.077164 0.076701 0.164468 0.115665 0.155268 0.058152 
0.007954 0.052014 0.382010 0.158592 0.083642 0.047072 0.070937 0.083647 0.090077 0.024055 
0.008066 0.037161 0.372412 0.096087 0.075573 0.109443 0.066487 0.141531 0.068841 0.024401 
0.007912 0.041410 0.287482 0.056695 0.093587 0.115216 0.081500 0.169273 0.121667 0.025259 
0.006473 0.032883 0.346306 0.069877 0.063851 0.079124 0.082652 0.112343 0.177070 0.029421 
0.013495 0.063848 0.393057 0.079154 0.090096 0.084803 0.102808 0.064909 0.090544 0.017287 
0.015205 0.082390 0.516384 0.100785 0.073015 0.062087 0.052442 0.040203 0.033323 0.024166 
0.010922 0.071089 0.501068 0.105651 0.119553 0.041131 0.036424 0.043204 0.041007 0.029952 
0.002753 0.019643 0.469617 0.070094 0.179607 0.061841 0.073643 0.041294 0.048941 0.032566 
0.001127 0.003390 0.054229 0.134352 0.255945 0.060533 0.104190 0.272736 0.047910 0.065588 
0.002246 0.014107 0.095058 0.126214 0.090126 0.085488 0.196992 0.179172 0.111648 0.098949 
0.000276 0.004824 0.157256 0.107300 0.052858 0.101836 0.208043 0.107505 0.120842 0.139260 
0.002265 0.014868 0.214543 0.116035 0.045778 0.034211 0.132542 0.151591 0.242898 0.045270 
0.005102 0.020560 0.134821 0.066022 0.057000 0.123457 0.181710 0.134065 0.172165 0.105098 
0.004825 0.022368 0.172441 0.111499 0.058448 0.147619 0.109274 0.072374 0.140411 0.160740 
0.003222 0.024924 0.240794 0.074644 0.081301 0.231051 0.086203 0.102196 0.107798 0.047866 
0.009749 0.041111 0.233342 0.038041 0.107110 0.199081 0.071885 0.146849 0.093225 0.059607 
0.014801 0.066608 0.278174 0.084655 0.128175 0.153653 0.064287 0.114631 0.053061 0.041954 
0.012164 0.053570 0.335157 0.098777 0.099955 0.192413 0.047988 0.101019 0.042624 0.016333 
0.009888 0.055876 0.392858 0.135781 0.034339 0.132813 0.070985 0.089137 0.055826 0.022499 
0.000681 0.031516 0.440223 0.156368 0.061360 0.121043 0.037269 0.089384 0.047987 0.014169 
0.001022 0.016416 0.218836 0.350768 0.105608 0.074243 0.108250 0.043810 0.053545 0.027502 
0.006446 0.032105 0.148223 0.148741 0.111010 0.088485 0.320088 0.041275 0.070776 0.032850 
0.006597 0.030242 0.167276 0.065010 0.039370 0.067805 0.225049 0.080672 0.159737 0.158242 
0.002109 0.016977 0.141955 0.100178 0.027387 0.067553 0.152077 0.082318 0.240691 0.168756 
0.005199 0.019419 0.077550 0.125019 0.049728 0.140215 0.231513 0.036553 0.197147 0.117657 
0.003446 0.014927 0.078495 0.182403 0.039514 0.112609 0.203294 0.048429 0.238231 0.078653 
0.001625 0.010252 0.127538 0.132257 0.047435 0.199675 0.191573 0.065278 0.123593 0.100773 
0.001074 0.013781 0.121560 0.143159 0.066599 0.199207 0.144935 0.055741 0.172312 0.081632 
0.003055 0.017860 0.140129 0.111223 0.054617 0.177761 0.235060 0.036592 0.133634 0.090070 
0.000287 0.025219 0.151174 0.197237 0.056880 0.155394 0.209105 0.055840 0.083498 0.065365 
0.005768 0.029371 0.147339 0.238201 0.297543 0.066338 0.075358 0.038463 0.070939 0.030679 
0.002769 0.012432 0.090716 0.082840 0.111979 0.131493 0.271863 0.150901 0.081214 0.063794 
0.001559 0.013175 0.082035 0.046712 0.085062 0.095378 0.252873 0.210045 0.089277 0.123884 
0.002709 0.009551 0.095821 0.035447 0.093411 0.121527 0.185223 0.165801 0.194476 0.096035 
0.000324 0.015300 0.204827 0.066975 0.030832 0.089733 0.216803 0.176515 0.091166 0.107527 
0.011583 0.044211 0.274846 0.112325 0.073276 0.057781 0.103935 0.152555 0.104658 0.064829 
0.007902 0.035923 0.283605 0.058687 0.055947 0.068220 0.064704 0.219546 0.107847 0.097620 
0.002569 0.012115 0.149742 0.036271 0.110061 0.147624 0.185522 0.217743 0.052066 0.086287 
0.012764 0.060612 0.339168 0.071261 0.064892 0.085811 0.130402 0.161446 0.050149 0.023497 
0.019770 0.073645 0.360570 0.079685 0.067190 0.088984 0.088555 0.126574 0.062867 0.032160 
0.002791 0.025041 0.247312 0.062020 0.136236 0.139573 0.078773 0.172953 0.060057 0.075243 
0.013505 0.066447 0.378179 0.075168 0.069608 0.051103 0.115874 0.096891 0.098233 0.034993 
0.009740 0.044131 0.342326 0.078296 0.106221 0.094679 0.122438 0.101414 0.080186 0.020569 
0.002659 0.024792 0.137522 0.342169 0.208645 0.093781 0.109309 0.029901 0.024447 0.026774 
0.000097 0.008183 0.108879 0.123498 0.070573 0.100656 0.287218 0.171243 0.098657 0.030996 
0.006609 0.030217 0.114344 0.071773 0.055464 0.082350 0.236049 0.211079 0.156565 0.035550 
0.004544 0.017534 0.094520 0.123326 0.032226 0.045334 0.194130 0.234637 0.175012 0.078736 
0.000509 0.002855 0.047858 0.115800 0.098487 0.066900 0.199006 0.107112 0.297817 0.063657 
0.005350 0.017513 0.077120 0.131218 0.127185 0.093801 0.180187 0.125628 0.174445 0.067552 
0.007493 0.034798 0.178692 0.045510 0.095370 0.124733 0.064369 0.175258 0.192165 0.081611 
0.004690 0.022274 0.181393 0.048394 0.122496 0.104281 0.060857 0.261569 0.150753 0.043292 
0.007118 0.041783 0.295332 0.060002 0.116261 0.135026 0.088218 0.113190 0.119058 0.024010 
0.008462 0.054094 0.393681 0.111366 0.104253 0.110394 0.036248 0.113398 0.053310 0.014796 
0.013402 0.072481 0.382895 0.102835 0.051620 0.120188 0.078616 0.100102 0.034517 0.043345 
0.014895 0.064725 0.253889 0.058289 0.172091 0.135513 0.067075 0.089206 0.085559 0.058758 
0.010117 0.068527 0.463053 0.074376 0.091715 0.093184 0.072870 0.070086 0.036028 0.020044 
0.009554 0.053559 0.362631 0.084776 0.117676 0.084615 0.105531 0.096623 0.055843 0.029192 
0.004553 0.020203 0.098053 0.358113 0.074497 0.056286 0.157759 0.095680 0.070242 0.064614 
0.000963 0.003728 0.068306 0.120029 0.077704 0.039407 0.220890 0.109557 0.193852 0.165564 
0.000940 0.016369 0.138600 0.121602 0.056951 0.065212 0.132409 0.077217 0.120472 0.270227 
0.003599 0.021125 0.157931 0.040907 0.024007 0.064782 0.179155 0.117480 0.128874 0.262140 
0.005960 0.033244 0.148057 0.083093 0.011710 0.062200 0.229234 0.136995 0.095403 0.194103 
0.000640 0.015834 0.161138 0.053092 0.049456 0.033058 0.257950 0.125981 0.058657 0.244195 
0.006239 0.024420 0.130185 0.068971 0.041167 0.055541 0.151806 0.132983 0.083777 0.304910 
0.002401 0.008926 0.074748 0.040249 0.019871 0.079015 0.266250 0.069462 0.124781 0.314297 
0.002886 0.017663 0.053570 0.136807 0.026182 0.099634 0.214665 0.064127 0.070241 0.314226 
0.002893 0.011029 0.068056 0.089981 0.022919 0.083052 0.178807 0.127248 0.184974 0.231041 
0.004864 0.029126 0.177063 0.085530 0.054534 0.081325 0.109952 0.110664 0.281240 0.065701 
0.002247 0.019652 0.179205 0.068783 0.061278 0.175706 0.086868 0.142452 0.185090 0.078719 
0.003760 0.013653 0.169090 0.073944 0.052827 0.221916 0.092935 0.135058 0.152661 0.084157 
0.003366 0.013497 0.100587 0.095018 0.043984 0.207417 0.079406 0.151947 0.233730 0.071048 
0.002999 0.016316 0.237068 0.164949 0.021004 0.160153 0.087928 0.111282 0.129883 0.068418 
0.001025 0.024750 0.280921 0.127103 0.046739 0.063174 0.102457 0.146734 0.097476 0.109622 
0.004603 0.037650 0.382838 0.105467 0.050956 0.081253 0.087960 0.065208 0.100449 0.083616 
0.004954 0.029502 0.315337 0.094998 0.037895 0.050115 0.165671 0.133693 0.093602 0.074232 
0.005514 0.019791 0.148391 0.058009 0.051110 0.136897 0.233494 0.160751 0.080771 0.105272 
0.002644 0.023004 0.208020 0.066576 0.054798 0.084131 0.139698 0.114880 0.112764 0.193486 
0.000506 0.012352 0.131516 0.092454 0.035707 0.097891 0.194400 0.078214 0.189493 0.167466 
0.002736 0.022066 0.070383 0.074230 0.017688 0.075726 0.184517 0.105500 0.280618 0.166537 
0.003427 0.018635 0.027913 0.289280 0.276342 0.126736 0.156759 0.043989 0.028245 0.028676 
0.005175 0.022236 0.111258 0.125618 0.057385 0.098283 0.146578 0.135075 0.229848 0.068544 
0.006551 0.029914 0.143886 0.110404 0.049003 0.093242 0.056129 0.165711 0.309326 0.035834 
0.006839 0.032043 0.156078 0.059960 0.061319 0.062822 0.036703 0.197118 0.330694 0.056425 
0.007099 0.033687 0.178046 0.075954 0.095906 0.170881 0.034689 0.116722 0.257810 0.029205 
0.008488 0.036313 0.175938 0.080444 0.068324 0.168046 0.063454 0.177311 0.178912 0.042771 
0.005844 0.035845 0.227946 0.144592 0.061799 0.155733 0.076324 0.156256 0.082013 0.053648 
0.000944 0.013763 0.154679 0.088345 0.082085 0.192976 0.087240 0.204118 0.129161 0.046688 
0.000882 0.017773 0.144157 0.063368 0.125157 0.140435 0.085138 0.201950 0.182165 0.038974 
0.000267 0.019515 0.308750 0.120075 0.111907 0.102652 0.045710 0.111516 0.119029 0.060578 
0.009561 0.046992 0.319760 0.073560 0.084355 0.098502 0.062645 0.082091 0.169500 0.053034 
0.014164 0.061572 0.267188 0.086909 0.075788 0.113834 0.096508 0.128884 0.104288 0.050866 
0.005736 0.044246 0.219722 0.088961 0.095309 0.112307 0.094302 0.136965 0.133517 0.068936 
0.004091 0.025881 0.120865 0.081105 0.061850 0.086119 0.124404 0.151807 0.239848 0.104030 
0.003446 0.049014 0.062300 0.105175 0.056351 0.037796 0.187752 0.145493 0.246404 0.106268 
0.002008 0.035299 0.080672 0.107792 0.049035 0.091251 0.139929 0.183116 0.229412 0.081487 
0.001050 0.030405 0.143698 0.082732 0.045120 0.079940 0.085763 0.228583 0.202897 0.099813 
0.003966 0.032351 0.205797 0.070737 0.058414 0.091501 0.085659 0.153622 0.231503 0.066451 
0.007897 0.035031 0.151935 0.078728 0.037225 0.100144 0.091442 0.134371 0.241039 0.122188 
0.000656 0.061616 0.093868 0.088199 0.074655 0.095285 0.073114 0.162276 0.225618 0.124712 
0.004878 0.080343 0.055469 0.105425 0.079193 0.130907 0.087125 0.210435 0.181839 0.064386 
0.003041 0.053579 0.074290 0.081069 0.095027 0.104220 0.064294 0.195814 0.220542 0.108125 
0.002634 0.043776 0.129798 0.068313 0.093164 0.083545 0.059633 0.196619 0.223025 0.099493 
0.000837 0.062366 0.121568 0.059219 0.062182 0.156561 0.054710 0.131424 0.263904 0.087229 
0.002432 0.043012 0.107210 0.097498 0.095508 0.067834 0.140835 0.098391 0.251817 0.095464 
0.000246 0.055828 0.103795 0.138786 0.144827 0.116180 0.072934 0.091320 0.184809 0.091274 
0.000389 0.056783 0.098842 0.081217 0.060337 0.193955 0.126691 0.102605 0.183150 0.096032 
0.000230 0.095107 0.086482 0.073699 0.099498 0.109113 0.128979 0.127888 0.172813 0.106191 
0.017091 0.125605 0.095558 0.134747 0.042121 0.116771 0.106890 0.151499 0.136519 0.073199 
0.009621 0.078844 0.067355 0.123450 0.081951 0.118327 0.127219 0.128359 0.224874 0.040000 
0.010424 0.089966 0.090058 0.093959 0.079600 0.143426 0.098505 0.135398 0.231187 0.027476 
0.020159 0.127801 0.089307 0.073120 0.085944 0.122409 0.117919 0.157213 0.122303 0.083825 
0.002787 0.098606 0.093252 0.084639 0.068407 0.098294 0.126530 0.203664 0.161557 0.062264 
0.015013 0.120998 0.135958 0.139109 0.056703 0.134956 0.086987 0.078917 0.145204 0.086155 
0.008595 0.146631 0.143874 0.106741 0.037926 0.096944 0.078750 0.127853 0.215998 0.036688 
0.008928 0.136357 0.116871 0.073055 0.079998 0.117481 0.099220 0.108921 0.198363 0.060807 
0.011167 0.055600 0.211927 0.195309 0.111240 0.080452 0.133587 0.106280 0.076413 0.018024 
0.010481 0.047407 0.153602 0.088498 0.066745 0.150958 0.091100 0.122882 0.231945 0.036382 
0.007455 0.033344 0.207576 0.070275 0.042933 0.122885 0.039423 0.121307 0.321846 0.032957 
0.001632 0.014242 0.172259 0.122451 0.029827 0.096818 0.052143 0.173402 0.309915 0.027310 
0.000534 0.006152 0.161488 0.138507 0.068551 0.041512 0.021446 0.164355 0.347286 0.050169 
0.003508 0.015506 0.190002 0.175818 0.091072 0.074381 0.072547 0.135332 0.145137 0.096698 
0.000383 0.011882 0.249685 0.078732 0.084009 0.111386 0.083356 0.153524 0.172906 0.054137 
0.007592 0.052665 0.324549 0.057018 0.102741 0.130480 0.057911 0.104212 0.118025 0.044807 
0.006495 0.042730 0.289716 0.104695 0.137110 0.101050 0.076450 0.110237 0.083108 0.048408 
0.005015 0.031840 0.476706 0.133704 0.059264 0.059136 0.049457 0.081183 0.076616 0.027079 
0.015520 0.064745 0.438582 0.105391 0.110958 0.056607 0.035463 0.064530 0.090228 0.017975 
0.011895 0.058055 0.361671 0.095096 0.061093 0.061323 0.025842 0.051440 0.253590 0.019995 
0.008277 0.044299 0.433292 0.094045 0.040707 0.037149 0.034363 0.088566 0.174654 0.044648 
0.014789 0.059504 0.319647 0.059919 0.028963 0.079933 0.053624 0.088134 0.245940 0.049547 
0.003577 0.035270 0.286949 0.085636 0.069025 0.077664 0.050985 0.089838 0.258827 0.042229 
0.004971 0.034568 0.355440 0.110400 0.077691 0.054848 0.072835 0.100178 0.161047 0.028020 
0.008991 0.052894 0.315952 0.092946 0.094947 0.081889 0.063471 0.132015 0.119926 0.036968 
0.014130 0.048620 0.276591 0.115845 0.080837 0.048282 0.104237 0.137060 0.131522 0.042876 
0.003946 0.048716 0.276363 0.088060 0.065509 0.055520 0.060134 0.131182 0.202781 0.067787 
0.002767 0.037473 0.234251 0.093633 0.141422 0.103747 0.060655 0.086271 0.219099 0.020683 
0.003541 0.042540 0.270051 0.079700 0.095737 0.063626 0.047625 0.104303 0.258721 0.034155 
0.000667 0.069699 0.190346 0.131289 0.043298 0.064170 0.058857 0.130680 0.278033 0.032962 
0.000023 0.090887 0.161554 0.077012 0.109254 0.121939 0.076586 0.108760 0.179987 0.073998 
0.018260 0.062240 0.133362 0.249221 0.277167 0.053110 0.069141 0.095851 0.026021 0.015628 
0.002233 0.136394 0.131324 0.123946 0.047975 0.145189 0.073256 0.239010 0.052066 0.048607 
0.000441 0.136940 0.078641 0.108394 0.078586 0.037614 0.090369 0.183888 0.243907 0.041221 
0.011227 0.063365 0.029699 0.132211 0.111583 0.050060 0.133483 0.174208 0.188395 0.105768 
0.000112 0.061970 0.039181 0.117929 0.184307 0.084313 0.082766 0.139960 0.258166 0.031296 
0.001624 0.019082 0.035132 0.170941 0.226042 0.057766 0.077763 0.245927 0.105214 0.060508 
0.003251 0.035254 0.022652 0.060944 0.237647 0.036199 0.076897 0.370997 0.101284 0.054873 
0.007832 0.030092 0.039855 0.117532 0.265733 0.014267 0.054669 0.311517 0.097743 0.060760 
0.008768 0.035884 0.044356 0.172802 0.269235 0.037037 0.043389 0.293183 0.051854 0.043491 
0.000801 0.028352 0.037712 0.066887 0.317459 0.018017 0.038262 0.356535 0.089803 0.046171 
0.003635 0.033395 0.025719 0.097005 0.365487 0.030426 0.032516 0.298181 0.054313 0.059323 
0.003825 0.020035 0.026615 0.106439 0.251858 0.051541 0.126631 0.356505 0.044055 0.012497 
0.006450 0.024193 0.031128 0.097876 0.341977 0.044773 0.074524 0.328717 0.032427 0.017934 
0.006280 0.033243 0.044490 0.060606 0.506724 0.070062 0.099945 0.117626 0.034989 0.026035 
0.000262 0.007030 0.028968 0.233376 0.126144 0.176957 0.047374 0.229905 0.127242 0.022743 
0.001274 0.005323 0.021038 0.225223 0.093950 0.112043 0.036687 0.179269 0.266933 0.058260 
0.007744 0.028437 0.055928 0.148966 0.160528 0.103211 0.034424 0.198296 0.186781 0.075685 
0.010893 0.048694 0.077566 0.130879 0.135115 0.125445 0.038756 0.255969 0.121684 0.054999 
0.006896 0.030503 0.049571 0.131350 0.166048 0.112640 0.066264 0.242996 0.159712 0.034020 
0.000728 0.005264 0.016664 0.117224 0.233454 0.071238 0.079491 0.337187 0.113386 0.025365 
0.003807 0.018116 0.038322 0.086483 0.284247 0.023555 0.060983 0.308617 0.123741 0.052127 
0.003657 0.015755 0.036537 0.106483 0.342254 0.048053 0.028926 0.283824 0.078547 0.055965 
0.001394 0.012447 0.023198 0.107962 0.375236 0.046268 0.020957 0.315915 0.073838 0.022783 
0.003915 0.018986 0.035056 0.138430 0.349948 0.064964 0.060332 0.266564 0.033804 0.028001 
0.004809 0.020218 0.031656 0.077577 0.255710 0.039234 0.069842 0.383859 0.086397 0.030698 
0.001034 0.008942 0.028747 0.105853 0.328341 0.033235 0.070634 0.285825 0.114672 0.022718 
0.003433 0.019715 0.035504 0.100356 0.279792 0.037451 0.035280 0.347026 0.103012 0.038431 
0.001989 0.050534 0.033155 0.148669 0.171673 0.168919 0.161395 0.173843 0.075508 0.014316 
0.001789 0.151344 0.117810 0.092764 0.028892 0.071923 0.111367 0.191713 0.031083 0.201314 
0.002487 0.121200 0.065248 0.149238 0.051410 0.034388 0.108738 0.156044 0.059865 0.251381 
0.000113 0.051327 0.025218 0.134692 0.075512 0.021527 0.149737 0.117208 0.035292 0.389373 
0.005955 0.056351 0.034326 0.189672 0.051548 0.064129 0.180031 0.115606 0.033826 0.268555 
0.002947 0.023386 0.045772 0.240710 0.051160 0.060393 0.268538 0.112135 0.034981 0.159980 
0.000281 0.039971 0.090056 0.239211 0.133450 0.059095 0.145206 0.033337 0.023600 0.235794 
0.003907 0.030822 0.031842 0.203505 0.065939 0.028033 0.325481 0.107378 0.056392 0.146700 
0.001982 0.071950 0.058972 0.217493 0.161141 0.074342 0.157029 0.067889 0.043831 0.145372 
0.004246 0.062796 0.083539 0.200496 0.248412 0.097444 0.074910 0.127841 0.070857 0.029459 
0.005327 0.140005 0.116119 0.144986 0.038611 0.082995 0.098708 0.259178 0.101292 0.012778 
0.007368 0.126616 0.081437 0.106872 0.122259 0.085792 0.082192 0.141913 0.207759 0.037793 
0.004798 0.066209 0.036160 0.120171 0.130702 0.092826 0.102270 0.258723 0.149635 0.038506 
0.000075 0.052674 0.038369 0.150011 0.121748 0.113554 0.082209 0.258526 0.121686 0.061148 
0.004531 0.032061 0.027660 0.087736 0.109110 0.050506 0.112576 0.353264 0.186637 0.035920 
0.004882 0.053286 0.053368 0.065025 0.140306 0.061092 0.082177 0.379291 0.115945 0.044628 
0.006665 0.037643 0.058944 0.058666 0.123195 0.034107 0.159971 0.351565 0.102531 0.066713 
0.006625 0.060355 0.056312 0.083790 0.082393 0.048512 0.093414 0.399821 0.069755 0.099024 
0.004170 0.042506 0.070459 0.068136 0.154305 0.070314 0.146986 0.218251 0.186356 0.038517 
0.007965 0.089430 0.055761 0.049098 0.083974 0.060050 0.101132 0.308707 0.178987 0.064897 
0.000318 0.052308 0.047797 0.121731 0.118280 0.087531 0.131558 0.245617 0.114002 0.080859 
0.005856 0.067487 0.044521 0.090303 0.140453 0.027556 0.080723 0.334091 0.129996 0.079012 
0.003208 0.031316 0.058885 0.378304 0.205377 0.033548 0.099958 0.075167 0.089122 0.025114 
0.000410 0.010315 0.047091 0.262110 0.136823 0.094003 0.077751 0.207598 0.119979 0.043921 
0.000078 0.007815 0.018454 0.164643 0.082407 0.146787 0.089752 0.197877 0.254926 0.037260 
0.003976 0.015609 0.025250 0.067880 0.165590 0.085724 0.065638 0.265124 0.229476 0.075732 
0.000265 0.006580 0.015157 0.140662 0.191239 0.102746 0.070418 0.352366 0.082620 0.037947 
0.003700 0.014710 0.016270 0.163965 0.217049 0.080903 0.047035 0.270651 0.133147 0.052570 
0.006194 0.026699 0.045164 0.140018 0.340044 0.068843 0.034418 0.266043 0.036202 0.036376 
0.008127 0.036129 0.053636 0.110058 0.283321 0.017980 0.068917 0.341785 0.059667 0.020379 
0.000618 0.009986 0.019609 0.107375 0.304180 0.047582 0.102402 0.302321 0.088492 0.017436 
0.002368 0.010032 0.012360 0.058799 0.248799 0.049722 0.091946 0.433518 0.067866 0.024589 
0.004134 0.018673 0.027565 0.079549 0.206363 0.053377 0.091767 0.433827 0.056542 0.028203 
0.005248 0.031035 0.015876 0.103801 0.209951 0.049214 0.060463 0.313313 0.144589 0.066510 
0.005008 0.018205 0.018526 0.187572 0.211298 0.078832 0.053868 0.230656 0.162566 0.033469 
0.000588 0.032069 0.039337 0.113465 0.362925 0.073680 0.062121 0.185037 0.092782 0.037996 
0.014804 0.123151 0.145756 0.125950 0.119506 0.067333 0.116365 0.197981 0.019619 0.069535 
0.004043 0.176841 0.130067 0.108497 0.035504 0.100196 0.152222 0.091092 0.026676 0.174863 
0.003286 0.113132 0.065885 0.171611 0.062925 0.105664 0.116474 0.209610 0.024307 0.127106 
0.007288 0.063387 0.034941 0.076568 0.046130 0.073956 0.150239 0.179120 0.014732 0.353638 
0.000822 0.034519 0.030944 0.139131 0.051878 0.058839 0.155132 0.196283 0.070477 0.261975 
0.004547 0.029993 0.028304 0.086233 0.037892 0.073396 0.148553 0.206340 0.065261 0.319480 
0.001096 0.015105 0.032216 0.184172 0.020104 0.083696 0.142511 0.179309 0.013707 0.328083 
0.005191 0.021929 0.034036 0.160824 0.034599 0.062175 0.134035 0.173774 0.084650 0.288787 
0.000585 0.013413 0.027820 0.116544 0.032027 0.078889 0.163471 0.117700 0.013893 0.435658 
0.012651 0.093341 0.135595 0.127189 0.071274 0.068567 0.072771 0.123495 0.080641 0.214476 
0.008304 0.184621 0.135683 0.069215 0.058010 0.044061 0.087022 0.121595 0.151131 0.140357 
0.021514 0.130663 0.091307 0.096521 0.048541 0.074923 0.062683 0.199977 0.213342 0.060528 
0.000706 0.104449 0.052069 0.109264 0.029398 0.068200 0.074854 0.258782 0.230017 0.072262 
0.008032 0.062941 0.043240 0.080093 0.071785 0.043368 0.070304 0.387470 0.184539 0.048228 
0.006389 0.051220 0.072694 0.097787 0.184574 0.049724 0.096276 0.253508 0.132109 0.055719 
0.001936 0.067711 0.058303 0.084711 0.078323 0.036765 0.086865 0.416467 0.073157 0.095762 
0.006659 0.047805 0.068581 0.065969 0.183062 0.059270 0.086851 0.262638 0.085175 0.133991 
0.008439 0.087124 0.069815 0.086229 0.156934 0.047414 0.075986 0.203987 0.082325 0.181747 
0.000847 0.055711 0.091739 0.061182 0.104428 0.053086 0.108914 0.221854 0.060924 0.241314 
0.008715 0.082137 0.044609 0.078841 0.100991 0.067366 0.120519 0.239991 0.113344 0.143488 
0.009471 0.073691 0.053743 0.063301 0.085269 0.043263 0.084934 0.309082 0.090709 0.186537 
0.017378 0.107131 0.071754 0.077561 0.061236 0.069918 0.094263 0.220929 0.164996 0.114834 
0.006082 0.027320 0.042180 0.389097 0.188143 0.121163 0.077958 0.071671 0.033816 0.042570 
0.000350 0.007535 0.018203 0.231506 0.105434 0.141366 0.085193 0.264471 0.128889 0.017052 
0.001450 0.007955 0.016891 0.191951 0.041551 0.134481 0.070671 0.281700 0.242312 0.011038 
0.002862 0.016328 0.023789 0.081847 0.115180 0.127339 0.053381 0.321684 0.233840 0.023749 
0.000677 0.005200 0.008692 0.157285 0.168708 0.090651 0.035900 0.378046 0.128783 0.026059 
0.001379 0.007131 0.025641 0.197302 0.207941 0.121232 0.027421 0.256317 0.137180 0.018457 
0.004729 0.016974 0.041884 0.203086 0.285268 0.060410 0.045642 0.146661 0.151183 0.044164 
0.004731 0.018027 0.033121 0.095692 0.153878 0.058267 0.064422 0.462751 0.075349 0.033761 
0.002623 0.015020 0.017768 0.076954 0.292191 0.062429 0.034143 0.349262 0.111240 0.038370 
0.003645 0.020266 0.025458 0.061920 0.108596 0.085444 0.069248 0.487124 0.117812 0.020487 
0.000356 0.019335 0.018225 0.111973 0.172910 0.096328 0.086981 0.280634 0.161174 0.052084 
0.003566 0.027555 0.041189 0.079670 0.143389 0.111212 0.050825 0.302078 0.213621 0.026896 
0.004251 0.019995 0.051122 0.087806 0.161557 0.109263 0.068806 0.255892 0.155270 0.086039 
0.006076 0.033376 0.040769 0.100163 0.107621 0.123991 0.047156 0.266002 0.201910 0.072936 
0.006505 0.223700 0.275703 0.180127 0.059132 0.057262 0.032727 0.074242 0.066252 0.024348 
0.027249 0.447952 0.262675 0.089538 0.031659 0.033587 0.029816 0.022147 0.032543 0.022834 
0.033142 0.406895 0.246872 0.086310 0.053096 0.027349 0.039143 0.048984 0.038261 0.019948 
0.015997 0.466855 0.168269 0.088207 0.032970 0.022381 0.026353 0.096734 0.055371 0.026865 
0.036624 0.325617 0.242629 0.062598 0.053305 0.039594 0.040784 0.114446 0.064188 0.020214 
0.044179 0.327009 0.178779 0.064946 0.070239 0.061117 0.045457 0.082235 0.103885 0.022155 
0.033396 0.202179 0.167773 0.084592 0.103620 0.075333 0.032305 0.160735 0.108487 0.031580 
0.012681 0.175832 0.220539 0.064389 0.110251 0.058562 0.064434 0.136035 0.126340 0.030938 
0.003782 0.264748 0.211655 0.117959 0.065297 0.048412 0.046891 0.098025 0.099723 0.043507 
0.017879 0.269746 0.260938 0.188687 0.069412 0.054001 0.046638 0.039926 0.037541 0.015232 
0.023564 0.433903 0.297244 0.097724 0.040521 0.030766 0.014095 0.025149 0.020466 0.016567 
0.005837 0.403477 0.286322 0.101203 0.037298 0.026219 0.037200 0.028867 0.044231 0.029346 
0.029800 0.524669 0.191649 0.072744 0.046962 0.024300 0.021325 0.024227 0.036804 0.027520 
0.007806 0.395415 0.277436 0.090088 0.043231 0.034900 0.044460 0.055141 0.026087 0.025437 
0.016317 0.291244 0.252974 0.104310 0.070354 0.059024 0.057589 0.053387 0.074364 0.020437 
0.021746 0.341548 0.233156 0.095203 0.062761 0.030319 0.055322 0.077022 0.054182 0.028739 
0.015385 0.276432 0.305403 0.100102 0.061172 0.037923 0.052685 0.062273 0.062948 0.025676 
0.027169 0.316414 0.253035 0.097979 0.076554 0.042004 0.042408 0.072387 0.040123 0.031928 
0.030279 0.203866 0.233915 0.127921 0.081241 0.055864 0.062879 0.132557 0.042674 0.028804 
0.012528 0.358303 0.207832 0.094629 0.092277 0.044893 0.057571 0.076240 0.027243 0.028484 
0.018085 0.265278 0.240525 0.094925 0.073954 0.071889 0.038267 0.119046 0.043103 0.034928 
0.024471 0.174822 0.186713 0.167560 0.088552 0.089772 0.164966 0.038553 0.036596 0.027996 
0.007730 0.034000 0.069527 0.190391 0.180282 0.285121 0.111097 0.053371 0.046652 0.021829 
0.004805 0.015375 0.030562 0.179807 0.141656 0.102653 0.048701 0.242377 0.196063 0.038000 
0.004381 0.016557 0.027386 0.165543 0.183500 0.151850 0.051803 0.209286 0.149562 0.040132 
0.004026 0.014420 0.044697 0.163583 0.219776 0.133957 0.063851 0.183702 0.151103 0.020886 
0.002522 0.007456 0.036111 0.142993 0.128163 0.140691 0.107892 0.288248 0.122170 0.023754 
0.004978 0.021435 0.046385 0.165711 0.149747 0.062483 0.095097 0.356052 0.079288 0.018824 
0.008318 0.032545 0.048329 0.112954 0.256433 0.024009 0.070138 0.328837 0.085235 0.033204 
0.003350 0.007356 0.017273 0.081324 0.301150 0.043415 0.056632 0.294235 0.116984 0.078280 
0.006755 0.030114 0.051074 0.145836 0.185929 0.069125 0.095419 0.343340 0.057518 0.014889 
0.004805 0.026336 0.043091 0.119785 0.248052 0.070768 0.090612 0.269299 0.095382 0.031871 
0.003396 0.011016 0.021417 0.088981 0.178879 0.102292 0.098778 0.340283 0.131473 0.023485 
0.002941 0.038115 0.016108 0.093933 0.190247 0.186817 0.062093 0.206184 0.181475 0.022089 
0.009025 0.038753 0.056544 0.095086 0.118621 0.214544 0.061807 0.238393 0.138419 0.028808 
0.002428 0.037639 0.029756 0.069597 0.123113 0.086566 0.069093 0.351850 0.167671 0.062287 
0.015558 0.262429 0.254511 0.183499 0.055948 0.058836 0.042389 0.061739 0.049269 0.015821 
0.020557 0.427328 0.294257 0.105350 0.044345 0.018219 0.018132 0.024708 0.033143 0.013963 
0.058637 0.416157 0.272616 0.065669 0.048785 0.022948 0.026467 0.037424 0.037414 0.013883 
0.006785 0.467296 0.237121 0.067737 0.044558 0.020611 0.020794 0.079546 0.038807 0.016744 
0.031388 0.268804 0.291614 0.091927 0.092591 0.043367 0.027438 0.085555 0.051537 0.015780 
0.002802 0.353536 0.173087 0.072317 0.062396 0.070502 0.031868 0.108767 0.097815 0.026911 
0.008773 0.271506 0.247534 0.069215 0.085947 0.019610 0.040961 0.096055 0.130486 0.029912 
0.001223 0.154898 0.180172 0.115816 0.166038 0.056803 0.035272 0.108783 0.128248 0.052747 
0.000331 0.013122 0.056132 0.288591 0.315392 0.097433 0.070386 0.081780 0.048603 0.028230 
0.006785 0.120721 0.093623 0.139104 0.110839 0.039249 0.198842 0.174729 0.058134 0.057974 
0.006788 0.172855 0.132076 0.105710 0.108685 0.022754 0.209160 0.081148 0.062511 0.098314 
0.004192 0.111437 0.107740 0.072298 0.095743 0.057548 0.174450 0.100916 0.083238 0.192437 
0.000034 0.063631 0.030180 0.063389 0.088655 0.069243 0.189040 0.268749 0.062508 0.164570 
0.001342 0.034673 0.043693 0.126570 0.080630 0.044057 0.105539 0.304047 0.086746 0.172703 
