fix-you,Coldplay
0.000000 0.000000 0.000000 0.000000 0.000000 0.000000 0.000000 0.000000 0.000000 0.000000 
0.000000 0.000000 0.000000 0.000000 0.000000 0.000000 0.000000 0.000000 0.000000 0.000000 
0.000000 0.000000 0.000000 0.000000 0.000000 0.000000 0.000000 0.000000 0.000000 0.000000 
0.000000 0.000000 0.000000 0.000000 0.000000 0.000000 0.000000 0.000000 0.000000 0.000000 
0.028453 0.124555 0.141190 0.067901 0.190591 0.059120 0.139560 0.083975 0.063099 0.101556 
0.013316 0.098693 0.134362 0.152836 0.145759 0.073242 0.095220 0.086487 0.137913 0.062173 
0.009144 0.039016 0.161564 0.223362 0.211551 0.173003 0.033433 0.049549 0.055577 0.043802 
0.008520 0.158086 0.265614 0.091302 0.136754 0.149434 0.032170 0.064242 0.057367 0.036512 
0.016819 0.188034 0.276325 0.099494 0.134533 0.144098 0.025165 0.054317 0.034499 0.026716 
0.010341 0.181051 0.324376 0.108609 0.088739 0.144038 0.028812 0.053697 0.041607 0.018730 
0.002943 0.167263 0.312106 0.163289 0.081050 0.079397 0.016718 0.083856 0.064471 0.028908 
0.005094 0.172266 0.259478 0.172120 0.094886 0.073566 0.039308 0.061738 0.085516 0.036027 
0.008403 0.188052 0.339802 0.194793 0.065156 0.034993 0.014957 0.049770 0.090127 0.013948 
0.023906 0.204466 0.270485 0.230551 0.093654 0.038208 0.011676 0.042857 0.069202 0.014994 
0.013560 0.187937 0.335896 0.190835 0.098446 0.042156 0.022554 0.037795 0.040349 0.030473 
0.001571 0.183064 0.326329 0.253205 0.085361 0.053399 0.028285 0.026286 0.029404 0.013096 
0.014503 0.194781 0.250633 0.229487 0.152037 0.055749 0.023278 0.022193 0.029768 0.027571 
0.015616 0.201315 0.278140 0.214857 0.117583 0.061206 0.024856 0.021614 0.032753 0.032061 
0.015890 0.194616 0.274512 0.240465 0.080449 0.082200 0.015320 0.032008 0.034600 0.029940 
0.019596 0.190584 0.270750 0.220723 0.124416 0.068797 0.016901 0.031991 0.030019 0.026223 
0.005815 0.183804 0.280372 0.243845 0.106168 0.085179 0.013251 0.028666 0.030480 0.022419 
0.021252 0.216975 0.234813 0.277800 0.112041 0.078391 0.009454 0.018004 0.025900 0.005370 
0.010754 0.195706 0.329767 0.215893 0.091226 0.077337 0.013975 0.027230 0.021695 0.016417 
0.017956 0.200963 0.280406 0.222005 0.091463 0.067787 0.008757 0.027680 0.050706 0.032278 
0.015989 0.201458 0.298968 0.168147 0.079223 0.049469 0.026156 0.058418 0.078808 0.023365 
0.009588 0.195409 0.286550 0.178189 0.040925 0.060653 0.036116 0.078380 0.097737 0.016452 
0.026396 0.235591 0.259907 0.159991 0.038450 0.058556 0.028663 0.090136 0.088439 0.013870 
0.020546 0.226174 0.255474 0.123427 0.054884 0.112335 0.035754 0.085596 0.072552 0.013259 
0.008223 0.212937 0.248751 0.112746 0.086569 0.137822 0.066194 0.053383 0.053188 0.020186 
0.008128 0.189949 0.212509 0.147119 0.099514 0.157930 0.052539 0.058045 0.046513 0.027754 
0.017666 0.222347 0.238386 0.104092 0.124559 0.170416 0.040706 0.047630 0.019416 0.014781 
0.030209 0.251881 0.179822 0.076607 0.140705 0.198865 0.051389 0.032534 0.020143 0.017847 
0.020818 0.216435 0.187441 0.061009 0.194803 0.194327 0.043028 0.024004 0.026157 0.031977 
0.005205 0.189124 0.187821 0.079106 0.203073 0.188173 0.053983 0.042155 0.034897 0.016463 
0.002382 0.192250 0.124706 0.153601 0.178211 0.195452 0.041559 0.035469 0.052172 0.024198 
0.013802 0.201447 0.165737 0.104421 0.181602 0.176406 0.054382 0.034848 0.048733 0.018622 
0.021919 0.224022 0.118817 0.071681 0.221002 0.194975 0.051340 0.027926 0.038102 0.030216 
0.014907 0.199592 0.145163 0.080891 0.249344 0.176851 0.044454 0.036221 0.027672 0.024905 
0.001229 0.214446 0.160847 0.068965 0.224929 0.223622 0.026497 0.019576 0.036828 0.023062 
0.001036 0.175919 0.124761 0.103468 0.238456 0.193279 0.048583 0.044299 0.045672 0.024527 
0.012851 0.175850 0.154310 0.094783 0.243179 0.208333 0.046033 0.024117 0.033652 0.006891 
0.001359 0.180540 0.143912 0.089527 0.196854 0.199439 0.061606 0.042626 0.047123 0.037014 
0.003962 0.165225 0.203002 0.100957 0.162844 0.211788 0.058658 0.047653 0.028351 0.017560 
0.003170 0.186014 0.180379 0.107213 0.164433 0.216504 0.053225 0.055268 0.015888 0.017906 
0.003721 0.085768 0.353693 0.098217 0.117949 0.172721 0.074158 0.047069 0.032642 0.014061 
0.007305 0.114063 0.257417 0.146001 0.072316 0.152445 0.102598 0.055710 0.061040 0.031105 
0.006201 0.138274 0.286052 0.125818 0.049391 0.117607 0.082740 0.067337 0.066833 0.059746 
0.011186 0.125494 0.316370 0.151519 0.074724 0.095701 0.042969 0.051689 0.069294 0.061053 
0.023164 0.204107 0.265984 0.171493 0.066903 0.063431 0.049966 0.049133 0.055375 0.050445 
0.021129 0.181584 0.327772 0.216891 0.077386 0.044560 0.034649 0.037240 0.036645 0.022144 
0.023103 0.201309 0.327314 0.230235 0.072538 0.030695 0.031345 0.033820 0.028040 0.021599 
0.011795 0.146393 0.412057 0.182119 0.107934 0.024320 0.034536 0.023102 0.030506 0.027237 
0.007511 0.150452 0.310237 0.264517 0.070250 0.039347 0.045592 0.038908 0.050516 0.022669 
0.007250 0.119456 0.342947 0.225188 0.077714 0.030193 0.038024 0.043373 0.043321 0.072535 
0.015916 0.163693 0.333705 0.192486 0.090638 0.037388 0.046232 0.027260 0.042391 0.050289 
0.022428 0.180592 0.281716 0.243826 0.099078 0.045925 0.038955 0.025307 0.030722 0.031451 
0.027276 0.217834 0.284133 0.201512 0.137585 0.044236 0.022683 0.023756 0.019086 0.021899 
0.027139 0.212612 0.278182 0.238614 0.100785 0.056000 0.029971 0.021252 0.013952 0.021494 
0.015644 0.169321 0.382653 0.234358 0.064494 0.056471 0.021887 0.012387 0.016045 0.026740 
0.025180 0.210057 0.295315 0.242390 0.089575 0.041545 0.019561 0.024214 0.018840 0.033321 
0.015320 0.178318 0.351647 0.200331 0.089434 0.025481 0.013699 0.046643 0.039357 0.039771 
0.011239 0.154424 0.329111 0.221759 0.050491 0.026025 0.038801 0.060554 0.059069 0.048526 
0.004022 0.148065 0.348978 0.133495 0.042368 0.049162 0.048308 0.075768 0.068865 0.080967 
0.005818 0.135808 0.254818 0.225447 0.047323 0.068815 0.059158 0.080388 0.072734 0.049691 
0.009196 0.106568 0.306558 0.154760 0.102269 0.057290 0.062635 0.110526 0.050761 0.039437 
0.022612 0.101712 0.311528 0.107504 0.135489 0.098480 0.092999 0.082810 0.026488 0.020379 
0.018092 0.118231 0.265344 0.079016 0.152203 0.106930 0.096714 0.101918 0.028570 0.032982 
0.010365 0.058369 0.264040 0.144595 0.188139 0.130612 0.101596 0.047456 0.014994 0.039835 
0.006467 0.048581 0.241947 0.186041 0.208467 0.120968 0.087778 0.031658 0.031797 0.036296 
0.010240 0.075477 0.216778 0.171273 0.221048 0.114371 0.089723 0.033578 0.031317 0.036196 
0.024935 0.125660 0.196856 0.142620 0.222730 0.118835 0.081109 0.025855 0.031423 0.029977 
0.025173 0.133040 0.214097 0.130047 0.226865 0.104814 0.071534 0.040466 0.025356 0.028609 
0.015260 0.088288 0.252944 0.163238 0.227641 0.107873 0.067054 0.026013 0.023314 0.028374 
0.001600 0.050588 0.266912 0.203271 0.210738 0.084016 0.066707 0.026346 0.039394 0.050429 
0.005486 0.061209 0.287581 0.145987 0.205765 0.106711 0.064351 0.030920 0.042993 0.048997 
0.014455 0.082984 0.241920 0.117452 0.185164 0.107764 0.089598 0.056851 0.055365 0.048447 
0.015759 0.094422 0.260460 0.119158 0.208899 0.113330 0.071559 0.034308 0.046855 0.035249 
0.014424 0.088119 0.312837 0.148517 0.152858 0.104035 0.075748 0.029270 0.035656 0.038536 
0.006530 0.080357 0.307941 0.171410 0.124198 0.115841 0.089047 0.050384 0.018612 0.035681 
0.006761 0.075965 0.338624 0.149516 0.110130 0.121834 0.065548 0.073018 0.028370 0.030233 
0.009892 0.074740 0.315008 0.172079 0.065258 0.110757 0.105602 0.089976 0.026174 0.030514 
0.004526 0.051007 0.320911 0.178862 0.058980 0.112533 0.094430 0.068503 0.053545 0.056703 
0.009521 0.053068 0.325529 0.130952 0.047065 0.103213 0.124973 0.093735 0.066844 0.045100 
0.014550 0.081348 0.277252 0.193396 0.037651 0.098953 0.092551 0.071229 0.081587 0.051484 
0.002247 0.033940 0.319421 0.218925 0.074900 0.082999 0.083746 0.064337 0.069568 0.049916 
0.003715 0.044079 0.375061 0.258400 0.111055 0.042158 0.044103 0.051998 0.041061 0.028370 
0.000954 0.045777 0.375931 0.322824 0.121039 0.034606 0.030326 0.034696 0.023213 0.010635 
0.011383 0.052750 0.403713 0.313315 0.097681 0.032955 0.033810 0.024099 0.018364 0.011932 
0.002718 0.015066 0.382748 0.297376 0.154419 0.039777 0.040088 0.029084 0.027597 0.011126 
0.006690 0.030847 0.355983 0.309603 0.132249 0.049492 0.037424 0.030987 0.033085 0.013641 
0.000817 0.012367 0.360258 0.329994 0.109056 0.060066 0.036015 0.035889 0.039134 0.016403 
0.000473 0.006776 0.366485 0.305826 0.114542 0.073706 0.046372 0.018159 0.038968 0.028693 
0.008085 0.029381 0.332047 0.305330 0.128263 0.084124 0.032837 0.029584 0.029724 0.020625 
0.008519 0.030143 0.366346 0.298459 0.129346 0.095855 0.039043 0.015440 0.010335 0.006515 
0.002105 0.024354 0.392969 0.281998 0.131912 0.096136 0.028108 0.015212 0.015881 0.011324 
0.004973 0.011325 0.379853 0.321622 0.101906 0.088857 0.024965 0.022898 0.027723 0.015877 
0.014052 0.082144 0.378770 0.253425 0.090345 0.072623 0.012511 0.028744 0.043144 0.024243 
0.004882 0.010605 0.428598 0.243521 0.105772 0.053580 0.028237 0.054673 0.060224 0.009910 
0.001857 0.011540 0.436481 0.251303 0.071853 0.058992 0.032962 0.065776 0.057070 0.012165 
0.003883 0.017019 0.368607 0.219907 0.087017 0.103644 0.071248 0.065619 0.047987 0.015069 
0.006301 0.040605 0.319702 0.194379 0.083125 0.135223 0.076235 0.080263 0.049882 0.014286 
0.000869 0.007266 0.286049 0.144009 0.104083 0.195524 0.094408 0.087011 0.041763 0.039017 
0.003862 0.013423 0.229853 0.117602 0.184578 0.182092 0.100467 0.064115 0.048398 0.055609 
0.004158 0.015711 0.217524 0.127483 0.209780 0.215483 0.094661 0.039153 0.034889 0.041157 
0.005438 0.019073 0.209154 0.136322 0.203662 0.247255 0.094398 0.038067 0.036294 0.010337 
0.003306 0.013773 0.191941 0.122785 0.249391 0.207839 0.103509 0.055638 0.040813 0.011005 
0.002149 0.012485 0.178758 0.167745 0.214743 0.214708 0.102494 0.053101 0.043600 0.010217 
0.007287 0.021482 0.194387 0.192155 0.192400 0.213578 0.079845 0.031183 0.043634 0.024049 
0.000441 0.012349 0.183235 0.161725 0.256630 0.214146 0.069454 0.028324 0.051184 0.022512 
0.001816 0.019647 0.167037 0.160675 0.245954 0.186098 0.085946 0.049739 0.064862 0.018226 
0.001497 0.010755 0.197752 0.168023 0.217417 0.204134 0.072152 0.034455 0.061984 0.031833 
0.010532 0.046581 0.171333 0.198441 0.184374 0.170344 0.079840 0.037285 0.060119 0.041151 
0.003376 0.010836 0.196430 0.199295 0.196485 0.217436 0.075913 0.021924 0.048866 0.029439 
0.001344 0.005399 0.207324 0.151941 0.249234 0.214085 0.087112 0.032288 0.035051 0.016222 
0.000460 0.016292 0.219023 0.135555 0.241025 0.210559 0.079931 0.043842 0.027926 0.025387 
0.002756 0.013968 0.222223 0.211069 0.153084 0.232569 0.099636 0.033359 0.018101 0.013234 
0.009300 0.033161 0.238683 0.197095 0.128692 0.210394 0.101356 0.045043 0.025003 0.011273 
0.000482 0.008397 0.232708 0.222625 0.094960 0.181581 0.090911 0.111793 0.040195 0.016348 
0.004687 0.018304 0.242360 0.236153 0.066626 0.163860 0.075859 0.085889 0.066494 0.039768 
0.008979 0.028425 0.255166 0.285598 0.047545 0.121751 0.059376 0.076186 0.079091 0.037883 
0.010586 0.060359 0.323292 0.267221 0.080533 0.072240 0.029152 0.067491 0.053759 0.035367 
0.022702 0.144243 0.305853 0.230369 0.108150 0.049747 0.028397 0.038847 0.045118 0.026576 
0.011832 0.074390 0.370697 0.295653 0.133219 0.022175 0.014902 0.021527 0.036378 0.019228 
0.006752 0.065319 0.394828 0.292767 0.108048 0.034532 0.008879 0.026427 0.030999 0.031449 
0.002779 0.063137 0.330965 0.287222 0.103493 0.052568 0.049381 0.035355 0.036450 0.038650 
0.007837 0.064671 0.365835 0.278718 0.108703 0.067951 0.033031 0.013488 0.024103 0.035663 
0.007675 0.066025 0.376049 0.252298 0.142042 0.076511 0.026263 0.019828 0.015125 0.018185 
0.013928 0.086122 0.374604 0.222798 0.146416 0.080531 0.033482 0.015988 0.014190 0.011940 
0.007931 0.075119 0.346171 0.247303 0.128431 0.084395 0.043585 0.028564 0.027003 0.011497 
0.007237 0.069377 0.358577 0.231737 0.117415 0.075399 0.040508 0.038621 0.027289 0.033840 
0.002343 0.056228 0.414732 0.240437 0.082662 0.071959 0.018018 0.028229 0.035424 0.049967 
0.016293 0.106365 0.336655 0.240933 0.093203 0.056387 0.026460 0.037809 0.049827 0.036067 
0.020720 0.112675 0.378332 0.180501 0.087681 0.047204 0.023750 0.041986 0.047980 0.059170 
0.017703 0.120656 0.383617 0.191006 0.103053 0.035931 0.028698 0.054133 0.045030 0.020172 
0.023030 0.127634 0.357900 0.163983 0.093785 0.060870 0.041291 0.066353 0.040602 0.024551 
0.001440 0.069643 0.423534 0.157738 0.055465 0.089663 0.071558 0.047772 0.047307 0.035882 
0.005687 0.071215 0.336683 0.118114 0.075050 0.122515 0.067893 0.078966 0.061695 0.062181 
0.015186 0.086613 0.271374 0.092033 0.094868 0.172478 0.086540 0.060562 0.062505 0.057842 
0.010865 0.078136 0.262125 0.097392 0.117806 0.175010 0.076839 0.081215 0.048108 0.052504 
0.011407 0.067003 0.251757 0.100943 0.125259 0.187660 0.109419 0.050217 0.038882 0.057452 
0.006938 0.067820 0.233973 0.136492 0.134075 0.209777 0.117297 0.018852 0.024716 0.050061 
0.004141 0.044896 0.241864 0.171755 0.150037 0.199576 0.076839 0.048103 0.029349 0.033442 
0.007050 0.054013 0.256979 0.127853 0.210656 0.200955 0.081227 0.019957 0.018398 0.022911 
0.009653 0.066051 0.207006 0.157526 0.206491 0.178503 0.083085 0.032345 0.034999 0.024341 
0.011267 0.066198 0.234256 0.160703 0.181693 0.188183 0.051271 0.038286 0.038491 0.029652 
0.008712 0.065555 0.229288 0.160376 0.197408 0.160583 0.069590 0.033340 0.037957 0.037189 
0.003890 0.044058 0.217156 0.184910 0.186686 0.190113 0.042966 0.030682 0.046888 0.052650 
0.009908 0.059684 0.237601 0.128012 0.207120 0.168145 0.082383 0.025599 0.043017 0.038529 
0.013761 0.083505 0.221942 0.109377 0.208235 0.191595 0.064894 0.028762 0.032049 0.045879 
0.019220 0.100757 0.218183 0.118697 0.212057 0.194885 0.049868 0.038941 0.022150 0.025242 
0.013125 0.087563 0.250574 0.133039 0.170670 0.208560 0.078119 0.025026 0.012601 0.020723 
0.004751 0.055782 0.275547 0.145719 0.131979 0.197000 0.084548 0.059310 0.012207 0.033157 
0.008892 0.072089 0.306852 0.131772 0.100102 0.201092 0.077257 0.055875 0.022988 0.023081 
0.013241 0.096780 0.274785 0.111637 0.099846 0.189504 0.084261 0.056682 0.033873 0.039391 
0.016881 0.098529 0.317310 0.132760 0.090034 0.171868 0.074212 0.040586 0.040249 0.017570 
0.016296 0.110161 0.368679 0.140087 0.045161 0.134420 0.083169 0.046781 0.035944 0.019302 
0.024584 0.132192 0.366395 0.165109 0.065243 0.092575 0.058470 0.041409 0.033987 0.020036 
0.001028 0.087755 0.403127 0.170581 0.083895 0.069199 0.036485 0.050077 0.052381 0.045472 
0.005727 0.158600 0.353962 0.154984 0.089498 0.048048 0.022823 0.055564 0.062036 0.048758 
0.005791 0.150539 0.293530 0.241606 0.086808 0.045659 0.037169 0.057593 0.053490 0.027814 
0.002815 0.168824 0.348021 0.211261 0.086846 0.034284 0.021752 0.034948 0.056685 0.034564 
0.002169 0.161641 0.315974 0.212827 0.129381 0.047349 0.032418 0.038267 0.038691 0.021283 
0.010847 0.176376 0.360763 0.245604 0.110944 0.042423 0.009269 0.017938 0.016431 0.009405 
0.008531 0.169376 0.345559 0.208256 0.145411 0.054909 0.024038 0.016963 0.015955 0.011001 
0.023624 0.188273 0.288217 0.220037 0.119287 0.061011 0.030199 0.024485 0.022347 0.022519 
0.013589 0.182476 0.307453 0.225966 0.096335 0.045275 0.025937 0.025369 0.040435 0.037164 
0.002424 0.172294 0.335501 0.187545 0.095783 0.042608 0.020549 0.029139 0.063185 0.050970 
0.006461 0.181977 0.261234 0.255146 0.073087 0.038675 0.018809 0.042378 0.076272 0.045961 
0.012037 0.208036 0.296305 0.217955 0.074457 0.032262 0.011571 0.047379 0.076401 0.023597 
0.034207 0.250679 0.250592 0.168802 0.091692 0.035824 0.027458 0.060575 0.056788 0.023382 
0.018529 0.230112 0.329116 0.208668 0.041842 0.042722 0.027413 0.048423 0.041459 0.011716 
0.007866 0.233945 0.311046 0.168454 0.045647 0.080935 0.033045 0.058764 0.042294 0.018004 
0.005546 0.210553 0.262801 0.117814 0.069509 0.107856 0.066806 0.069279 0.052906 0.036932 
0.011606 0.209337 0.262535 0.106612 0.086585 0.141219 0.035726 0.081225 0.041153 0.024001 
0.028999 0.234726 0.190652 0.081879 0.136413 0.147991 0.050897 0.067931 0.047354 0.013158 
0.019973 0.231734 0.196842 0.062531 0.172451 0.182538 0.040551 0.042189 0.038263 0.012928 
0.000369 0.194801 0.203314 0.074676 0.161986 0.186715 0.080674 0.037066 0.039812 0.020589 
0.006181 0.187690 0.151583 0.080241 0.168660 0.185763 0.077882 0.063172 0.044217 0.034610 
0.016706 0.220717 0.188724 0.053684 0.248997 0.186150 0.042640 0.017229 0.018038 0.007115 
0.025077 0.230399 0.131707 0.082603 0.229806 0.170003 0.050319 0.030328 0.030584 0.019175 
0.019154 0.223527 0.154683 0.111547 0.188764 0.194341 0.034368 0.015907 0.039789 0.017918 
0.007140 0.190363 0.173358 0.105159 0.204063 0.159067 0.058837 0.031532 0.048304 0.022177 
0.017650 0.225485 0.125212 0.103770 0.220939 0.197740 0.024216 0.020061 0.042126 0.022801 
0.019539 0.232917 0.144078 0.090001 0.211911 0.179053 0.061139 0.019878 0.031314 0.010171 
0.022373 0.249392 0.133184 0.096130 0.169586 0.211182 0.046586 0.027072 0.030730 0.013765 
0.014709 0.227793 0.164805 0.084598 0.194510 0.192374 0.054166 0.029892 0.020887 0.016267 
0.008026 0.221739 0.162372 0.087343 0.169407 0.215333 0.043122 0.051099 0.026809 0.014750 
0.017143 0.235736 0.145751 0.116097 0.107793 0.205781 0.064023 0.036595 0.040655 0.030427 
0.022834 0.255440 0.161844 0.100349 0.099115 0.208381 0.053337 0.046829 0.037548 0.014324 
0.011840 0.250873 0.188477 0.078427 0.104316 0.201646 0.041975 0.067537 0.042977 0.011932 
0.001274 0.231492 0.179164 0.101461 0.087426 0.191466 0.054939 0.081905 0.055928 0.014946 
0.011509 0.289081 0.246116 0.108390 0.026844 0.144375 0.038932 0.069206 0.051864 0.013683 
0.016554 0.200145 0.319185 0.114486 0.055410 0.107264 0.045014 0.067757 0.058868 0.015319 
0.002166 0.179944 0.295836 0.180348 0.085834 0.094586 0.019263 0.050416 0.064053 0.027553 
0.010360 0.178672 0.292885 0.183823 0.093880 0.058884 0.029993 0.065640 0.066354 0.019510 
0.006845 0.186223 0.333755 0.171505 0.098982 0.037346 0.013673 0.046752 0.075095 0.029824 
0.007088 0.156580 0.324047 0.194401 0.098150 0.036390 0.040853 0.046203 0.062805 0.033482 
0.007888 0.121710 0.293365 0.256874 0.130699 0.036934 0.035946 0.036909 0.040171 0.039505 
0.002793 0.108306 0.372237 0.266784 0.141710 0.038759 0.012359 0.015006 0.020017 0.022031 
0.008518 0.138796 0.322747 0.277195 0.096042 0.054169 0.031925 0.024041 0.018810 0.027758 
0.004002 0.113668 0.377908 0.213748 0.136507 0.063120 0.031304 0.016371 0.012422 0.030951 
0.010191 0.143221 0.358466 0.182432 0.116909 0.064452 0.038706 0.021214 0.026821 0.037588 
0.011905 0.145352 0.303488 0.256703 0.083154 0.052237 0.012913 0.029204 0.046127 0.058918 
0.015014 0.152211 0.305447 0.230819 0.098712 0.047847 0.011887 0.036091 0.047469 0.054504 
0.018705 0.172394 0.316949 0.234551 0.074804 0.046167 0.011143 0.034640 0.054171 0.036476 
0.023622 0.191477 0.303951 0.215123 0.067578 0.036833 0.019741 0.046975 0.053528 0.041174 
0.034290 0.221247 0.312487 0.156088 0.100201 0.044987 0.017809 0.040076 0.043304 0.029512 
0.012782 0.170422 0.357503 0.189802 0.056258 0.058614 0.032403 0.048953 0.040871 0.032392 
0.014007 0.148958 0.315188 0.144076 0.093281 0.104117 0.024573 0.075526 0.044929 0.035346 
0.005876 0.152745 0.336728 0.111836 0.093940 0.140025 0.030388 0.057810 0.039096 0.031556 
0.006595 0.135507 0.267804 0.146929 0.140135 0.153276 0.036681 0.072675 0.019740 0.020657 
0.002735 0.119534 0.298358 0.090250 0.153959 0.179500 0.057732 0.049443 0.016877 0.031613 
0.004736 0.129368 0.216014 0.128323 0.142459 0.195808 0.112279 0.030790 0.022010 0.018213 
0.011301 0.133044 0.215410 0.143906 0.124734 0.176429 0.069206 0.051583 0.037191 0.037196 
0.020436 0.164384 0.180116 0.123140 0.141916 0.161844 0.070358 0.045195 0.039405 0.053205 
0.029141 0.184858 0.136734 0.139669 0.173062 0.160344 0.052463 0.026113 0.037540 0.060076 
0.011324 0.160016 0.156224 0.117946 0.199754 0.166669 0.052611 0.036433 0.044044 0.054979 
0.004979 0.162001 0.163013 0.141695 0.162545 0.157061 0.078644 0.040349 0.040819 0.048896 
0.009991 0.169668 0.173935 0.147937 0.184278 0.175772 0.043550 0.027896 0.037405 0.029568 
0.021734 0.207877 0.141506 0.111244 0.219674 0.164256 0.061304 0.014583 0.034864 0.022957 
0.023973 0.202873 0.171051 0.099961 0.192492 0.183062 0.037982 0.016151 0.033881 0.038575 
0.002028 0.153330 0.182221 0.125795 0.164839 0.172485 0.053619 0.053118 0.051794 0.040770 
0.002657 0.142341 0.199939 0.107683 0.170699 0.176780 0.055012 0.040556 0.051638 0.052694 
0.000102 0.150342 0.213815 0.084983 0.190693 0.187387 0.061548 0.029620 0.037294 0.044215 
0.015913 0.164984 0.226226 0.098637 0.130147 0.176109 0.047521 0.068753 0.028984 0.042726 
0.020686 0.187213 0.212755 0.125590 0.092311 0.181021 0.057779 0.066517 0.027683 0.028446 
0.014185 0.185442 0.268914 0.110449 0.052357 0.163163 0.092734 0.052370 0.037238 0.023148 
0.020033 0.200720 0.309727 0.137633 0.055104 0.125646 0.040360 0.057126 0.033001 0.020651 
0.006478 0.185785 0.334552 0.144979 0.058128 0.109385 0.049439 0.045113 0.041292 0.024850 
0.015022 0.192395 0.306632 0.163845 0.059710 0.069407 0.034714 0.056505 0.045406 0.056363 
0.013132 0.166057 0.354884 0.161682 0.061427 0.041577 0.027446 0.057147 0.048630 0.068018 
0.018329 0.180756 0.352279 0.161626 0.097060 0.026228 0.021096 0.048330 0.043911 0.050384 
0.027465 0.203227 0.295499 0.176852 0.133810 0.027426 0.024201 0.030507 0.035093 0.045919 
0.000820 0.156348 0.400613 0.196597 0.114642 0.045959 0.015973 0.010947 0.026277 0.031824 
0.001491 0.166738 0.375550 0.245169 0.109743 0.044477 0.008487 0.016556 0.012466 0.019322 
0.014542 0.149470 0.327244 0.198273 0.166350 0.061018 0.026783 0.013963 0.018568 0.023787 
0.004605 0.123954 0.316678 0.263791 0.143303 0.071376 0.022033 0.015675 0.020089 0.018497 
0.000799 0.128509 0.330602 0.263520 0.119208 0.069082 0.033352 0.019574 0.016938 0.018417 
0.009920 0.151325 0.362553 0.211439 0.135883 0.084195 0.018432 0.005616 0.014350 0.006286 
0.004689 0.149735 0.318849 0.241840 0.147843 0.076652 0.019521 0.016860 0.019298 0.004713 
0.003230 0.143590 0.355149 0.229312 0.128982 0.075835 0.015864 0.015523 0.021406 0.011110 
0.000349 0.142699 0.363116 0.195849 0.108496 0.061448 0.034131 0.034268 0.040703 0.018940 
0.001954 0.155590 0.336298 0.232200 0.071133 0.036534 0.025294 0.061349 0.067465 0.012184 
0.005985 0.164520 0.310904 0.146608 0.080367 0.063098 0.022515 0.106540 0.076747 0.022717 
0.004439 0.141217 0.303066 0.129759 0.072007 0.102296 0.046628 0.075712 0.088632 0.036243 
0.002609 0.134672 0.298045 0.114643 0.088466 0.158035 0.033353 0.084928 0.060757 0.024494 
0.001273 0.151881 0.266499 0.112072 0.106686 0.173605 0.077076 0.068576 0.030344 0.011989 
0.000708 0.149261 0.246684 0.115842 0.139185 0.211863 0.060010 0.035310 0.024727 0.016410 
0.005401 0.147102 0.221477 0.097248 0.207887 0.196033 0.044707 0.042980 0.023268 0.013898 
0.000608 0.138324 0.197950 0.099895 0.250167 0.197898 0.035126 0.034251 0.034510 0.011272 
0.000515 0.133241 0.179797 0.118102 0.197114 0.193308 0.049086 0.041374 0.058392 0.029072 
0.008643 0.138394 0.178924 0.104940 0.208722 0.162993 0.063815 0.044035 0.061252 0.028281 
0.000082 0.129706 0.179260 0.123400 0.242398 0.172048 0.028737 0.035759 0.054753 0.033855 
0.009332 0.143001 0.185297 0.101982 0.236426 0.155838 0.055883 0.034008 0.049361 0.028873 
0.001907 0.147220 0.206219 0.124991 0.227530 0.200948 0.016913 0.026636 0.030973 0.016662 
0.002184 0.139688 0.205243 0.120731 0.257837 0.165090 0.053605 0.027125 0.024726 0.003771 
0.000637 0.144459 0.200591 0.098433 0.261619 0.191953 0.043633 0.016545 0.028467 0.013664 
0.000292 0.141772 0.214070 0.138096 0.183744 0.177102 0.058220 0.028557 0.033822 0.024325 
0.006620 0.157586 0.221048 0.098746 0.155254 0.205996 0.062979 0.033066 0.041297 0.017408 
0.008706 0.158725 0.215166 0.094943 0.165891 0.193785 0.065393 0.037703 0.035705 0.023983 
0.004091 0.145007 0.253688 0.108066 0.133162 0.200743 0.053943 0.053959 0.029522 0.017819 
0.011698 0.176395 0.264347 0.131241 0.069222 0.192748 0.044292 0.057271 0.040610 0.012176 
0.004178 0.148130 0.278293 0.148739 0.048658 0.183997 0.059955 0.067225 0.046160 0.014668 
0.004294 0.153211 0.310356 0.174845 0.038330 0.141324 0.059879 0.056369 0.041951 0.019441 
0.005142 0.150317 0.327639 0.190384 0.048103 0.109515 0.028992 0.054551 0.057018 0.028340 
0.009337 0.168168 0.314840 0.194970 0.065646 0.076237 0.023318 0.054455 0.062319 0.030711 
0.002832 0.148949 0.331383 0.270518 0.073339 0.043340 0.012979 0.036159 0.056935 0.023566 
0.008903 0.167821 0.358283 0.242286 0.111186 0.029381 0.012474 0.026217 0.036137 0.007313 
0.000879 0.153587 0.337642 0.259556 0.147367 0.033580 0.012800 0.020537 0.024568 0.009484 
0.002577 0.140991 0.327176 0.321910 0.119861 0.039513 0.014574 0.011885 0.012585 0.008929 
0.001309 0.132909 0.267130 0.277677 0.149491 0.057623 0.046262 0.018011 0.020514 0.029074 
0.008485 0.145574 0.303082 0.238620 0.137098 0.042677 0.045434 0.033788 0.011778 0.033464 
0.023742 0.113234 0.329285 0.263178 0.120445 0.045943 0.026201 0.027706 0.022888 0.027378 
0.009495 0.126791 0.260041 0.284477 0.144354 0.061329 0.020987 0.035643 0.020388 0.036495 
0.012855 0.148853 0.250517 0.297192 0.120035 0.058873 0.033181 0.032791 0.014276 0.031428 
0.009045 0.114485 0.293225 0.272424 0.135891 0.056642 0.032299 0.026617 0.022806 0.036565 
0.008101 0.147481 0.327266 0.270704 0.104044 0.049934 0.028955 0.029879 0.009657 0.023979 
0.008174 0.163477 0.295138 0.268673 0.102781 0.033718 0.035200 0.048405 0.010412 0.034022 
0.001028 0.132736 0.319304 0.225816 0.087007 0.035219 0.047444 0.086107 0.022473 0.042864 
0.008175 0.124921 0.252184 0.212374 0.061005 0.071898 0.073733 0.083009 0.047770 0.064930 
0.009206 0.148434 0.290626 0.156299 0.033372 0.076201 0.076860 0.131488 0.023222 0.054293 
0.014781 0.157128 0.263213 0.108505 0.062538 0.116771 0.088899 0.108090 0.037107 0.042969 
0.032769 0.164341 0.219568 0.103509 0.106078 0.144428 0.086533 0.087977 0.026918 0.027879 
0.017089 0.160832 0.251464 0.116167 0.122314 0.146885 0.106819 0.053531 0.006746 0.018153 
0.007720 0.149726 0.234608 0.114268 0.171357 0.155834 0.086618 0.046254 0.008989 0.024626 
0.018187 0.128332 0.196122 0.124029 0.195964 0.169520 0.075267 0.039958 0.021762 0.030860 
0.011862 0.148502 0.198440 0.067883 0.220840 0.161167 0.087919 0.034317 0.028646 0.040425 
0.010256 0.126995 0.186872 0.094171 0.226621 0.149727 0.085967 0.045241 0.029488 0.044662 
0.000974 0.113393 0.182311 0.181072 0.180611 0.146076 0.066279 0.053047 0.027211 0.049027 
0.017617 0.125829 0.169474 0.151221 0.206662 0.167760 0.077077 0.036553 0.011993 0.035813 
0.011748 0.135269 0.154894 0.135078 0.217256 0.147861 0.078028 0.051817 0.034854 0.033195 
0.011161 0.142933 0.183623 0.100884 0.262302 0.162363 0.071841 0.021096 0.020337 0.023460 
0.014605 0.119502 0.195601 0.148913 0.217455 0.166071 0.091235 0.021190 0.003735 0.021691 
0.008120 0.127528 0.205949 0.162687 0.166236 0.158189 0.061290 0.051463 0.022167 0.036372 
0.001574 0.090635 0.189947 0.180410 0.212790 0.107683 0.099292 0.042232 0.047331 0.028105 
0.001006 0.054329 0.139727 0.124745 0.118114 0.267666 0.068033 0.078349 0.038553 0.109478 
0.004921 0.056859 0.178287 0.092985 0.308742 0.098018 0.094656 0.061476 0.069944 0.034112 
0.003887 0.074728 0.135068 0.225754 0.248613 0.128550 0.049945 0.051266 0.035038 0.047150 
0.013520 0.098437 0.155552 0.246067 0.075098 0.181736 0.048109 0.086788 0.020494 0.074199 
0.020651 0.075834 0.154689 0.307652 0.058185 0.153538 0.040691 0.101185 0.030578 0.056996 
0.002111 0.054891 0.135785 0.225845 0.074752 0.265255 0.057586 0.120239 0.023552 0.039985 
0.012069 0.098596 0.249964 0.162676 0.121418 0.145643 0.061250 0.085393 0.017010 0.045980 
0.010626 0.122371 0.308772 0.218499 0.034523 0.094192 0.077111 0.067702 0.022339 0.043865 
0.020429 0.106814 0.262402 0.195257 0.157577 0.088620 0.083253 0.029127 0.009111 0.047409 
0.004498 0.104747 0.248381 0.254369 0.096401 0.098776 0.083090 0.040348 0.013035 0.056356 
0.005056 0.109145 0.235208 0.196163 0.117348 0.083191 0.060323 0.060552 0.074982 0.058032 
0.006261 0.029616 0.093607 0.127486 0.255173 0.045652 0.052982 0.237402 0.116662 0.035158 
0.003270 0.035331 0.090378 0.048461 0.208219 0.044801 0.052175 0.133073 0.343877 0.040414 
0.002601 0.045820 0.054010 0.066888 0.221890 0.049543 0.035350 0.059683 0.413647 0.050566 
0.005262 0.031319 0.058394 0.079808 0.187581 0.052176 0.041588 0.072124 0.391653 0.080094 
0.001093 0.047373 0.105357 0.070520 0.226641 0.026395 0.022718 0.061553 0.351396 0.086953 
0.004270 0.058361 0.121028 0.066838 0.223483 0.025781 0.009638 0.040546 0.387000 0.063055 
0.005388 0.050381 0.087761 0.078358 0.182065 0.055420 0.043137 0.066375 0.361642 0.069473 
0.004457 0.054124 0.112236 0.069378 0.223074 0.072993 0.054614 0.050593 0.322195 0.036336 
0.015088 0.077793 0.102109 0.081362 0.206172 0.024064 0.014679 0.045904 0.371179 0.061650 
0.010189 0.093933 0.131178 0.049484 0.255419 0.028838 0.019697 0.038492 0.339747 0.033024 
0.001016 0.067361 0.120324 0.039323 0.329846 0.069312 0.047546 0.061087 0.229253 0.034933 
0.005286 0.093614 0.135773 0.080325 0.452944 0.085862 0.035435 0.040359 0.056677 0.013725 
0.006677 0.106745 0.155490 0.042873 0.414118 0.078016 0.036949 0.048867 0.094184 0.016082 
0.008427 0.082958 0.076955 0.069194 0.377981 0.145224 0.061997 0.052671 0.110804 0.013790 
0.003016 0.077413 0.101055 0.096100 0.363711 0.137188 0.042070 0.031429 0.120498 0.027519 
0.005902 0.075791 0.101868 0.080331 0.301629 0.115397 0.056769 0.050134 0.186399 0.025781 
0.004584 0.074679 0.055667 0.062446 0.302152 0.110513 0.064801 0.064790 0.219949 0.040420 
0.000114 0.068650 0.077638 0.039455 0.377574 0.092696 0.016800 0.034438 0.248314 0.044321 
0.008840 0.107614 0.080349 0.053026 0.382037 0.092166 0.030109 0.026614 0.190074 0.029170 
0.020612 0.202265 0.140252 0.144384 0.234356 0.162551 0.018341 0.013903 0.053841 0.009496 
0.007186 0.157871 0.156539 0.134351 0.253609 0.142857 0.053029 0.030790 0.056512 0.007257 
0.006994 0.141845 0.086636 0.072441 0.357131 0.145563 0.048129 0.035187 0.059404 0.046669 
0.000410 0.069099 0.072147 0.098369 0.219100 0.084107 0.088382 0.302521 0.046936 0.018929 
0.007680 0.101032 0.073375 0.124585 0.153815 0.079486 0.030457 0.391484 0.021005 0.017079 
0.007674 0.081309 0.063280 0.093411 0.082229 0.069937 0.214807 0.317030 0.047245 0.023079 
0.000198 0.080425 0.071593 0.150523 0.092074 0.075683 0.242837 0.203260 0.038652 0.044757 
0.009493 0.143468 0.105775 0.214552 0.164848 0.125179 0.109570 0.057135 0.047190 0.022791 
0.016982 0.206278 0.188341 0.091357 0.126345 0.163442 0.073938 0.072796 0.045117 0.015404 
0.007735 0.180318 0.185084 0.128027 0.144850 0.143369 0.038795 0.101544 0.045969 0.024308 
0.005365 0.183262 0.131344 0.126741 0.120796 0.125823 0.056502 0.143442 0.070925 0.035799 
0.012785 0.201089 0.189925 0.118660 0.080189 0.115040 0.059388 0.103506 0.084665 0.034755 
0.014298 0.192710 0.187815 0.153250 0.080008 0.083720 0.073404 0.132505 0.063108 0.019183 
0.010426 0.145245 0.204054 0.271382 0.134314 0.084041 0.036183 0.068689 0.031665 0.014002 
0.003980 0.148535 0.278795 0.184351 0.161063 0.067115 0.060596 0.057319 0.028455 0.009792 
0.018183 0.216411 0.219019 0.187594 0.180776 0.042316 0.061110 0.040719 0.021299 0.012573 
0.014522 0.205596 0.309563 0.219418 0.157516 0.024715 0.013772 0.010899 0.030405 0.013594 
0.014558 0.237774 0.215093 0.234807 0.163904 0.041167 0.021920 0.012523 0.040762 0.017492 
0.010623 0.110744 0.159897 0.355135 0.098468 0.154919 0.041658 0.027427 0.034161 0.006970 
0.006315 0.100011 0.190518 0.311233 0.112624 0.160914 0.037720 0.037432 0.029785 0.013448 
0.003723 0.149898 0.320732 0.192274 0.158537 0.078632 0.012380 0.022472 0.035465 0.025886 
0.007165 0.161570 0.298170 0.235690 0.144434 0.071118 0.030319 0.018331 0.020837 0.012364 
0.022722 0.174939 0.281012 0.137992 0.152935 0.086631 0.043735 0.029130 0.030533 0.040372 
0.005279 0.049476 0.116586 0.183227 0.151583 0.069344 0.273926 0.085775 0.029424 0.035381 
0.002435 0.036248 0.144441 0.115525 0.049921 0.043014 0.325856 0.110878 0.051328 0.120353 
0.001722 0.052983 0.135057 0.165290 0.039349 0.031974 0.300729 0.112399 0.052510 0.107986 
0.003523 0.045396 0.148838 0.160172 0.126845 0.040177 0.134170 0.241432 0.037839 0.061607 
0.001601 0.074623 0.154441 0.224326 0.188573 0.049379 0.057303 0.181691 0.025658 0.042405 
0.000122 0.065695 0.201432 0.338432 0.104155 0.050508 0.095862 0.092354 0.037624 0.013814 
0.015247 0.170444 0.258534 0.101825 0.108453 0.126984 0.100237 0.068008 0.033632 0.016636 
0.018759 0.173349 0.244102 0.110686 0.145169 0.107305 0.100891 0.030357 0.028408 0.040975 
0.022878 0.182949 0.188049 0.093612 0.167893 0.102040 0.085931 0.063726 0.042545 0.050376 
0.014533 0.109202 0.118356 0.145209 0.281494 0.105172 0.125960 0.033337 0.023706 0.043031 
0.011273 0.087260 0.088824 0.192084 0.260314 0.080549 0.079495 0.150598 0.027584 0.022019 
0.010520 0.092036 0.110561 0.124760 0.269831 0.087642 0.112111 0.138705 0.026226 0.027609 
0.004305 0.102524 0.220672 0.151762 0.222078 0.122789 0.085669 0.046864 0.025736 0.017601 
0.005567 0.110529 0.207728 0.152801 0.247750 0.142704 0.046106 0.031001 0.030808 0.025005 
0.007952 0.112572 0.194541 0.169493 0.197822 0.160602 0.055897 0.038038 0.036652 0.026431 
0.000246 0.095051 0.200071 0.177167 0.247100 0.125154 0.045209 0.024131 0.054035 0.031836 
0.008876 0.112185 0.171590 0.126293 0.228057 0.129349 0.070108 0.039419 0.062984 0.051139 
0.014222 0.140819 0.146755 0.146959 0.194315 0.154541 0.069366 0.045470 0.049149 0.038403 
0.015047 0.140229 0.245112 0.096782 0.223397 0.109673 0.044218 0.034188 0.039157 0.052198 
0.009594 0.056404 0.137745 0.407087 0.118816 0.106465 0.091702 0.025333 0.022651 0.024204 
0.001893 0.024980 0.156105 0.352234 0.154843 0.096909 0.158497 0.025164 0.012533 0.016841 
0.001409 0.020806 0.129355 0.440128 0.115167 0.094049 0.108031 0.052097 0.017176 0.021781 
0.009187 0.052912 0.111824 0.413470 0.120143 0.083806 0.092396 0.060652 0.029396 0.026214 
0.011565 0.060488 0.117302 0.419573 0.123433 0.075766 0.099829 0.041357 0.030966 0.019721 
0.012095 0.057953 0.165764 0.436740 0.083232 0.051094 0.077495 0.043461 0.042889 0.029279 
0.003508 0.031506 0.198174 0.415355 0.108850 0.045966 0.083856 0.046512 0.038248 0.028025 
0.017893 0.095347 0.171150 0.367922 0.127624 0.062414 0.084273 0.021510 0.024297 0.027571 
0.010020 0.056654 0.172695 0.392640 0.154923 0.045202 0.095087 0.024998 0.025474 0.022306 
0.001544 0.027424 0.246047 0.491368 0.070097 0.017121 0.083853 0.028718 0.017306 0.016523 
0.007066 0.053797 0.191038 0.418810 0.130302 0.035624 0.094991 0.023701 0.019835 0.024834 
0.004952 0.046897 0.188147 0.419209 0.132337 0.052381 0.086021 0.023573 0.022170 0.024312 
0.002232 0.034677 0.238669 0.451990 0.121583 0.032963 0.073684 0.018208 0.011687 0.014307 
0.006786 0.047550 0.230958 0.458911 0.089779 0.035773 0.062293 0.030789 0.019499 0.017663 
0.020315 0.098564 0.216744 0.386971 0.117176 0.046495 0.071681 0.016426 0.012199 0.013429 
0.017751 0.091093 0.163503 0.458267 0.134205 0.039085 0.049212 0.015100 0.013409 0.018375 
0.010327 0.060699 0.172523 0.443960 0.111861 0.038128 0.058981 0.038036 0.029673 0.035813 
0.010715 0.060350 0.197493 0.400398 0.091862 0.036284 0.091303 0.043716 0.035084 0.032794 
0.002214 0.038781 0.288373 0.366855 0.073584 0.029211 0.101770 0.017853 0.041739 0.039622 
0.006761 0.049131 0.269839 0.374117 0.038976 0.027934 0.129214 0.038085 0.050902 0.015041 
0.000374 0.013404 0.245023 0.375313 0.044105 0.050310 0.142819 0.042242 0.075019 0.011390 
0.000360 0.015510 0.218155 0.394545 0.041968 0.065261 0.129812 0.058004 0.062794 0.013591 
0.007917 0.038095 0.197994 0.353417 0.084168 0.092754 0.118092 0.040237 0.053588 0.013737 
0.003541 0.016900 0.170531 0.388034 0.114494 0.095859 0.109360 0.045736 0.044999 0.010547 
0.005098 0.030591 0.162908 0.366739 0.091498 0.108023 0.124247 0.045335 0.047620 0.017942 
0.002231 0.008028 0.181025 0.362103 0.142721 0.123317 0.077950 0.037917 0.057044 0.007664 
0.006410 0.038656 0.145222 0.352194 0.158481 0.120508 0.053514 0.037949 0.061480 0.025586 
0.007387 0.040085 0.122016 0.336908 0.211875 0.135848 0.051009 0.023012 0.054449 0.017411 
0.007561 0.026820 0.130202 0.376435 0.160619 0.155378 0.068490 0.015407 0.037495 0.021593 
0.005968 0.017742 0.120669 0.386267 0.204515 0.133757 0.060649 0.011871 0.035675 0.022888 
0.001550 0.010754 0.147557 0.347047 0.193983 0.138086 0.070288 0.046501 0.038656 0.005578 
0.003020 0.014511 0.119607 0.376271 0.169867 0.157744 0.086705 0.033301 0.026506 0.012467 
0.002716 0.006099 0.150023 0.324631 0.183894 0.171667 0.078770 0.027905 0.038439 0.015857 
0.000888 0.006540 0.148299 0.234225 0.268521 0.144666 0.084267 0.039355 0.054201 0.019037 
0.001203 0.022731 0.177253 0.229734 0.227019 0.174988 0.067729 0.040480 0.044461 0.014402 
0.008076 0.040950 0.160903 0.237858 0.158100 0.171475 0.133463 0.028361 0.036848 0.023965 
0.004067 0.008445 0.196023 0.203490 0.178169 0.217832 0.102870 0.040718 0.025518 0.022868 
0.001343 0.017647 0.231494 0.157268 0.189100 0.229955 0.104876 0.053171 0.009175 0.005972 
0.003820 0.013959 0.218956 0.165522 0.177216 0.237957 0.090933 0.054303 0.020342 0.016992 
0.009205 0.038853 0.227114 0.257207 0.081274 0.197582 0.077294 0.053071 0.035631 0.022769 
0.000628 0.009997 0.245819 0.291555 0.060887 0.170177 0.095679 0.056105 0.045483 0.023670 
0.002567 0.007783 0.252997 0.343256 0.048302 0.150923 0.068522 0.063270 0.045846 0.016534 
0.006052 0.021759 0.275448 0.361618 0.076119 0.099702 0.043853 0.058154 0.041362 0.015933 
0.008935 0.029494 0.300125 0.382560 0.070134 0.070580 0.031544 0.046950 0.047213 0.012465 
0.007763 0.031671 0.304562 0.332018 0.102247 0.056608 0.034917 0.054263 0.054798 0.021153 
0.003978 0.030927 0.307035 0.401554 0.083790 0.029574 0.015948 0.036261 0.056039 0.034894 
0.006441 0.034452 0.318290 0.368176 0.089139 0.023233 0.026087 0.052681 0.046368 0.035132 
0.011260 0.061665 0.312748 0.281995 0.157776 0.046096 0.020318 0.030517 0.043233 0.034392 
0.002363 0.016049 0.330853 0.384420 0.127813 0.050546 0.018424 0.021217 0.030722 0.017593 
0.000124 0.011728 0.347549 0.375106 0.128986 0.065628 0.031846 0.012546 0.022618 0.003869 
0.011574 0.052107 0.370937 0.255905 0.165311 0.067753 0.029917 0.016733 0.017081 0.012683 
0.004084 0.022027 0.336825 0.320682 0.145734 0.060310 0.026193 0.026704 0.036721 0.020721 
0.002439 0.015759 0.321312 0.301498 0.146357 0.065219 0.029394 0.045044 0.053281 0.019696 
0.002885 0.016898 0.353508 0.231261 0.161123 0.061518 0.026891 0.039899 0.077134 0.028884 
0.000386 0.009717 0.375736 0.261327 0.125547 0.036809 0.013915 0.060612 0.087287 0.028664 
0.005873 0.018415 0.344158 0.236048 0.128812 0.045157 0.036069 0.075786 0.087594 0.022088 
0.000943 0.056103 0.334595 0.360141 0.036867 0.033459 0.038760 0.056720 0.056697 0.025715 
0.011728 0.093368 0.299795 0.293428 0.039690 0.076079 0.051966 0.057595 0.050759 0.025592 
0.009448 0.070174 0.343088 0.226917 0.063287 0.117875 0.050001 0.074650 0.033567 0.010994 
0.013370 0.089863 0.254195 0.196133 0.094465 0.175503 0.066978 0.053507 0.035460 0.020527 
0.011124 0.070581 0.251128 0.177643 0.101052 0.187556 0.074263 0.042546 0.036755 0.047351 
0.007183 0.062481 0.266993 0.140997 0.122475 0.210751 0.059337 0.049350 0.033781 0.046651 
0.008054 0.066613 0.224663 0.116529 0.199392 0.205219 0.065580 0.040996 0.027552 0.045401 
0.013887 0.078583 0.208651 0.104832 0.217089 0.200262 0.065798 0.037909 0.033868 0.039120 
0.016409 0.099555 0.221028 0.145682 0.177211 0.216131 0.064234 0.011712 0.020828 0.027210 
0.010488 0.064078 0.229748 0.141316 0.187227 0.168498 0.087342 0.037453 0.038924 0.034927 
0.000387 0.047371 0.219365 0.151592 0.228891 0.193729 0.050433 0.034764 0.032820 0.040647 
0.001170 0.049219 0.239691 0.126648 0.268888 0.172857 0.074646 0.011312 0.032891 0.022678 
0.012185 0.075580 0.243630 0.110998 0.248946 0.197329 0.046763 0.009950 0.030802 0.023817 
0.018153 0.101356 0.216652 0.120725 0.248952 0.175058 0.060984 0.014577 0.020172 0.023371 
0.016784 0.090911 0.236546 0.129481 0.201452 0.196796 0.077161 0.018397 0.020343 0.012129 
0.006533 0.066570 0.264217 0.132527 0.216079 0.201261 0.050687 0.024903 0.018782 0.018441 
