Focus, Ariana Grande
0.000000 0.000000 0.000000 0.000000 0.000000 0.000000 0.000000 0.000000 0.000000 0.000000 
0.000000 0.000000 0.000000 0.000000 0.000000 0.000000 0.000000 0.000000 0.000000 0.000000 
0.000000 0.000000 0.000000 0.000000 0.000000 0.000000 0.000000 0.000000 0.000000 0.000000 
0.000000 0.000000 0.000000 0.000000 0.000000 0.000000 0.000000 0.000000 0.000000 0.000000 
0.065031 0.196569 0.150881 0.065349 0.120108 0.101310 0.102899 0.108236 0.063450 0.026166 
0.068119 0.198886 0.143501 0.142598 0.080410 0.078238 0.124373 0.072762 0.050795 0.040317 
0.003433 0.032060 0.184474 0.193028 0.149654 0.095819 0.108140 0.088486 0.081238 0.063668 
0.002759 0.154107 0.505132 0.169955 0.065698 0.033002 0.025210 0.018818 0.015416 0.009902 
0.001786 0.042664 0.215370 0.191532 0.131463 0.082507 0.103242 0.089986 0.079636 0.061813 
0.015178 0.072093 0.142886 0.193684 0.181067 0.108616 0.083447 0.088054 0.077031 0.037943 
0.023791 0.155988 0.459495 0.137005 0.059691 0.035719 0.033770 0.032986 0.033914 0.027642 
0.000370 0.034713 0.210823 0.183311 0.138102 0.100635 0.102258 0.088045 0.080319 0.061424 
0.008332 0.020438 0.085234 0.099692 0.091277 0.092550 0.135799 0.176608 0.150144 0.139926 
0.002637 0.015426 0.085316 0.105423 0.098879 0.080459 0.140847 0.199830 0.146123 0.125061 
0.002782 0.041036 0.060959 0.095263 0.095843 0.082859 0.175636 0.159878 0.148446 0.137298 
0.012826 0.036075 0.066754 0.151960 0.154807 0.103807 0.152143 0.121449 0.095121 0.105058 
0.005397 0.022194 0.076328 0.084405 0.159615 0.119570 0.147133 0.092255 0.175766 0.117338 
0.004578 0.039134 0.088492 0.084012 0.070869 0.136834 0.250235 0.202445 0.070440 0.052962 
0.023954 0.147794 0.071369 0.111804 0.170034 0.076576 0.108353 0.126503 0.093026 0.070588 
0.001236 0.027838 0.067714 0.130833 0.173763 0.116967 0.142529 0.148414 0.115852 0.074854 
0.015460 0.070906 0.061224 0.171922 0.119699 0.143271 0.068375 0.072863 0.177391 0.098889 
0.008257 0.068047 0.070806 0.138909 0.146751 0.128261 0.081123 0.122143 0.122005 0.113699 
0.002353 0.056101 0.040530 0.096754 0.123749 0.116651 0.161141 0.167358 0.117513 0.117851 
0.016417 0.066967 0.089349 0.098124 0.126282 0.129649 0.092661 0.138702 0.138104 0.103747 
0.001094 0.069721 0.096494 0.101422 0.125171 0.124206 0.115569 0.111485 0.169861 0.084978 
0.005663 0.051550 0.063913 0.111390 0.145421 0.181231 0.120698 0.101110 0.146730 0.072293 
0.015791 0.055851 0.085370 0.093363 0.139240 0.133155 0.131411 0.106319 0.131793 0.107708 
0.006255 0.062003 0.067143 0.162548 0.141053 0.151337 0.094827 0.072111 0.110370 0.132355 
0.008324 0.054067 0.064963 0.175697 0.117145 0.168058 0.165755 0.118185 0.071721 0.056085 
0.003651 0.034617 0.023191 0.133724 0.130924 0.107534 0.092118 0.135519 0.197650 0.141072 
0.010642 0.047388 0.091686 0.164757 0.155664 0.131149 0.128019 0.083822 0.080298 0.106575 
0.005102 0.062161 0.053910 0.126368 0.150098 0.140965 0.181547 0.102180 0.078746 0.098923 
0.003206 0.059658 0.057831 0.156254 0.101766 0.132524 0.159509 0.147434 0.116141 0.065679 
0.002186 0.054817 0.050091 0.164453 0.081835 0.110645 0.180206 0.112021 0.153078 0.090668 
0.005094 0.061090 0.059818 0.149049 0.125028 0.131548 0.160769 0.129053 0.090468 0.088082 
0.011262 0.064627 0.055360 0.154246 0.154852 0.093752 0.132441 0.106773 0.140805 0.085882 
0.013292 0.058825 0.094738 0.141784 0.122295 0.094968 0.125487 0.126227 0.105998 0.116386 
0.031814 0.133453 0.187924 0.160314 0.160379 0.035764 0.097914 0.066400 0.071629 0.054410 
0.028076 0.258660 0.217690 0.070373 0.059781 0.051588 0.126091 0.089182 0.054092 0.044468 
0.016305 0.244931 0.113498 0.171443 0.114119 0.035884 0.071900 0.093304 0.094830 0.043785 
0.000607 0.062696 0.174104 0.219096 0.134475 0.023034 0.123859 0.112713 0.095531 0.053885 
0.013541 0.120708 0.182716 0.194744 0.120088 0.059197 0.097961 0.074188 0.070253 0.066603 
0.021394 0.162769 0.126607 0.134613 0.110859 0.094068 0.061524 0.060130 0.117113 0.110923 
0.013280 0.200137 0.129577 0.053173 0.084130 0.052108 0.085150 0.088611 0.167928 0.125907 
0.087819 0.160129 0.105824 0.026050 0.040683 0.032804 0.051109 0.137818 0.183514 0.174250 
0.110552 0.086167 0.103352 0.022150 0.051986 0.040547 0.064053 0.138958 0.244074 0.138161 
0.070103 0.083380 0.055475 0.030727 0.041729 0.031707 0.043998 0.244792 0.223969 0.174121 
0.015682 0.058118 0.131452 0.044201 0.055203 0.024686 0.072076 0.138787 0.285317 0.174478 
0.002388 0.029023 0.062212 0.053353 0.112116 0.083934 0.163912 0.247984 0.126700 0.118379 
0.001506 0.027222 0.095235 0.049268 0.059969 0.041986 0.184064 0.221079 0.234775 0.084897 
0.017160 0.039577 0.059071 0.019051 0.080907 0.066771 0.148720 0.215988 0.223708 0.129047 
0.011055 0.073311 0.067624 0.070584 0.070716 0.098272 0.155907 0.209936 0.127264 0.115331 
0.004450 0.100577 0.078295 0.093151 0.054441 0.063942 0.165694 0.183521 0.162659 0.093269 
0.004832 0.148437 0.106899 0.077849 0.070807 0.066041 0.110744 0.245856 0.077949 0.090586 
0.002223 0.111709 0.130069 0.080818 0.055656 0.035070 0.109685 0.236023 0.115563 0.123184 
0.002756 0.117111 0.088314 0.092834 0.065762 0.057833 0.126507 0.206065 0.158736 0.084083 
0.019956 0.150153 0.105655 0.076942 0.073854 0.039423 0.088740 0.146710 0.152556 0.146009 
0.000481 0.070886 0.036265 0.030594 0.223800 0.246522 0.125468 0.071076 0.102376 0.092533 
0.000740 0.064961 0.052530 0.070516 0.169527 0.181993 0.158089 0.161601 0.096390 0.043653 
0.020220 0.116327 0.057113 0.042123 0.116753 0.358652 0.083204 0.069450 0.084621 0.051537 
0.016062 0.057359 0.137703 0.089299 0.085414 0.141380 0.202246 0.156324 0.069240 0.044972 
0.013623 0.092218 0.241932 0.126975 0.106226 0.053196 0.163980 0.127373 0.054446 0.020030 
0.009980 0.060293 0.275442 0.201468 0.120156 0.098290 0.090874 0.096112 0.030242 0.017142 
0.010332 0.073919 0.323065 0.186279 0.081875 0.063295 0.087319 0.100766 0.042881 0.030268 
0.004060 0.024410 0.154462 0.038329 0.028774 0.029807 0.181855 0.364564 0.157046 0.016694 
0.004336 0.065454 0.107534 0.047343 0.037854 0.069979 0.170978 0.349004 0.124773 0.022744 
0.010741 0.075268 0.051446 0.054086 0.053534 0.112268 0.129591 0.428653 0.057687 0.026725 
0.007730 0.075357 0.139931 0.104350 0.078298 0.087064 0.204249 0.194301 0.074672 0.034047 
0.008169 0.068352 0.154496 0.069161 0.114458 0.064749 0.198859 0.231896 0.064925 0.024936 
0.003844 0.068219 0.209496 0.149110 0.088391 0.077733 0.165982 0.155266 0.052040 0.029921 
0.001488 0.057017 0.099861 0.118992 0.094168 0.136529 0.147526 0.197792 0.102448 0.044179 
0.014962 0.069296 0.302246 0.070450 0.075417 0.035449 0.123461 0.213227 0.076119 0.019374 
0.017169 0.086599 0.341012 0.103955 0.063022 0.046956 0.108315 0.164913 0.047853 0.020205 
0.002408 0.095427 0.243057 0.110593 0.044943 0.053850 0.206814 0.184088 0.041579 0.017242 
0.004504 0.021780 0.187552 0.051798 0.124995 0.101854 0.265989 0.162648 0.057329 0.021550 
0.003809 0.037934 0.313792 0.123339 0.053848 0.057345 0.172725 0.189811 0.022541 0.024855 
0.014870 0.100496 0.163750 0.057138 0.058738 0.042044 0.112149 0.221442 0.113357 0.116016 
0.009885 0.106498 0.056336 0.047401 0.059555 0.069593 0.199148 0.188781 0.145115 0.117688 
0.034093 0.120644 0.083900 0.059096 0.062744 0.052821 0.182445 0.209842 0.118909 0.075506 
0.036011 0.116999 0.106599 0.047073 0.062248 0.037459 0.134131 0.353430 0.057073 0.048978 
0.006370 0.084255 0.118396 0.038037 0.064714 0.035806 0.251290 0.267606 0.047657 0.085870 
0.020819 0.102395 0.087378 0.060136 0.040055 0.042826 0.268010 0.245152 0.091561 0.041668 
0.000271 0.190436 0.071206 0.026448 0.046051 0.047927 0.200475 0.253142 0.102154 0.061889 
0.002692 0.049309 0.197339 0.077613 0.104283 0.160107 0.166093 0.098729 0.100152 0.043684 
0.003713 0.081171 0.344741 0.111498 0.062129 0.116662 0.100368 0.075315 0.065980 0.038423 
0.017572 0.030172 0.324664 0.063392 0.073838 0.136153 0.172185 0.077099 0.063601 0.041324 
0.001902 0.068820 0.152274 0.084151 0.089489 0.153211 0.202509 0.135510 0.068021 0.044113 
0.002811 0.082932 0.230955 0.144412 0.096005 0.116780 0.084264 0.111989 0.096360 0.033492 
0.007366 0.097738 0.220139 0.098903 0.076167 0.125766 0.108761 0.153052 0.080063 0.032046 
0.003944 0.103084 0.180520 0.116287 0.122412 0.166480 0.129213 0.105474 0.041325 0.031260 
0.000736 0.019504 0.145739 0.166566 0.100812 0.073783 0.203331 0.175785 0.082479 0.031265 
0.010587 0.021513 0.246858 0.111210 0.090287 0.048441 0.199086 0.185462 0.062913 0.023642 
0.004692 0.136145 0.310225 0.153102 0.060198 0.054625 0.074671 0.152439 0.038406 0.015497 
0.013431 0.160484 0.175481 0.140607 0.117477 0.068738 0.132082 0.113523 0.053547 0.024630 
0.006967 0.329071 0.214844 0.081251 0.131601 0.052922 0.067152 0.051936 0.049360 0.014895 
0.029070 0.197921 0.179241 0.068898 0.197283 0.097425 0.079556 0.061474 0.049905 0.039227 
0.029457 0.539704 0.151006 0.077698 0.050389 0.037975 0.054485 0.038552 0.015856 0.004878 
0.049793 0.250733 0.237840 0.153543 0.100646 0.039347 0.060199 0.051352 0.042303 0.014244 
0.026621 0.128241 0.187007 0.280036 0.144530 0.031515 0.075416 0.071921 0.036643 0.018072 
0.033518 0.482045 0.169590 0.112712 0.048421 0.057187 0.033204 0.033773 0.021716 0.007835 
0.077709 0.343737 0.032403 0.041651 0.072930 0.060110 0.139229 0.161278 0.039977 0.030975 
0.048582 0.315611 0.112373 0.044421 0.044173 0.027313 0.074793 0.248932 0.038579 0.045223 
0.025762 0.149404 0.058485 0.055815 0.067447 0.049048 0.120792 0.219499 0.147005 0.106743 
0.011115 0.126637 0.081089 0.056090 0.048685 0.106847 0.188050 0.146420 0.163037 0.072031 
0.112916 0.119178 0.083817 0.089082 0.057640 0.051895 0.160965 0.212837 0.059251 0.052420 
0.120974 0.162642 0.124030 0.066110 0.083597 0.031353 0.108631 0.202550 0.049625 0.050488 
0.008219 0.158247 0.122458 0.081446 0.078701 0.040647 0.148890 0.214954 0.059313 0.087124 
0.032522 0.157284 0.098222 0.084533 0.061287 0.056837 0.148599 0.203176 0.097885 0.059656 
0.029695 0.165633 0.108257 0.068816 0.063241 0.058667 0.135952 0.242132 0.068751 0.058855 
0.001332 0.039793 0.043701 0.073435 0.204777 0.274609 0.142435 0.122983 0.068709 0.028226 
0.001508 0.071877 0.041184 0.047945 0.129023 0.410043 0.118650 0.097472 0.056788 0.025510 
0.006963 0.080705 0.043277 0.062245 0.114180 0.467243 0.078079 0.071633 0.043573 0.032102 
0.002518 0.064254 0.141670 0.116626 0.110217 0.127312 0.167370 0.146178 0.079259 0.044594 
0.008588 0.071970 0.285842 0.139165 0.132973 0.051377 0.140946 0.084236 0.059729 0.025174 
0.016492 0.056959 0.321194 0.200834 0.087332 0.082302 0.071997 0.101591 0.035854 0.025445 
0.003375 0.059941 0.350585 0.156849 0.103076 0.045361 0.072739 0.084587 0.054819 0.068668 
0.000920 0.035437 0.087997 0.051122 0.026383 0.019454 0.259769 0.343845 0.150220 0.024854 
0.000244 0.059935 0.082271 0.027097 0.034935 0.065122 0.207647 0.384463 0.114238 0.024050 
0.009673 0.036752 0.032586 0.044738 0.083918 0.113488 0.195904 0.195508 0.174043 0.113388 
0.006566 0.062915 0.163940 0.080087 0.115316 0.076819 0.202303 0.206766 0.057775 0.027513 
0.015799 0.082060 0.171429 0.109340 0.080400 0.091726 0.220767 0.149106 0.049384 0.029989 
0.001021 0.307560 0.241310 0.062421 0.100360 0.049780 0.088875 0.093142 0.021041 0.034490 
0.014859 0.324197 0.137870 0.145816 0.106320 0.045572 0.093144 0.072262 0.039905 0.020055 
0.015509 0.093002 0.171421 0.260993 0.183557 0.032768 0.108171 0.069352 0.040060 0.025167 
0.013191 0.122814 0.221836 0.252423 0.111567 0.055590 0.098366 0.059021 0.037314 0.027878 
0.058417 0.095862 0.208742 0.098365 0.152142 0.084697 0.114005 0.135897 0.029657 0.022217 
0.011221 0.121364 0.255565 0.070776 0.135144 0.096817 0.124381 0.141657 0.022614 0.020460 
0.035924 0.287991 0.235574 0.088641 0.041960 0.025709 0.062752 0.165002 0.037482 0.018965 
0.039850 0.349694 0.066789 0.039579 0.090675 0.037268 0.100396 0.116157 0.130063 0.029530 
0.081242 0.102189 0.039854 0.026700 0.138334 0.045384 0.114481 0.188934 0.171903 0.090978 
0.147834 0.119021 0.036314 0.033147 0.183939 0.023737 0.081644 0.116496 0.222247 0.035619 
0.095394 0.070032 0.036933 0.032697 0.268149 0.082954 0.060286 0.072355 0.213961 0.067240 
0.034871 0.052087 0.042831 0.062323 0.325652 0.147258 0.088893 0.081531 0.141684 0.022869 
0.006913 0.056867 0.047396 0.066845 0.358292 0.201391 0.080141 0.089445 0.053946 0.038764 
0.011512 0.021488 0.023642 0.052753 0.355064 0.216715 0.052957 0.080807 0.093016 0.092046 
0.007292 0.022935 0.049799 0.022873 0.313769 0.124368 0.044529 0.083026 0.291527 0.039882 
0.005335 0.033176 0.049307 0.021683 0.299017 0.151472 0.053471 0.067661 0.290521 0.028357 
0.006038 0.026910 0.039585 0.054747 0.262294 0.162834 0.044752 0.051875 0.290432 0.060533 
0.010084 0.019123 0.019701 0.038460 0.173025 0.200144 0.041990 0.042499 0.299444 0.155531 
0.018905 0.054070 0.040084 0.023899 0.219437 0.221218 0.073499 0.039687 0.071690 0.237510 
0.025977 0.079110 0.054898 0.020158 0.269662 0.172001 0.038460 0.041970 0.246250 0.051513 
0.040555 0.214905 0.076457 0.065674 0.137204 0.081487 0.067963 0.075266 0.135316 0.105174 
0.045177 0.239071 0.171522 0.121476 0.072467 0.091337 0.074506 0.071282 0.051142 0.062019 
0.027277 0.032939 0.143817 0.125338 0.242589 0.125399 0.059727 0.092936 0.067070 0.082909 
0.024046 0.080240 0.201405 0.138302 0.285123 0.035929 0.080296 0.062682 0.078023 0.013955 
0.043426 0.149118 0.160674 0.076143 0.163862 0.253272 0.035487 0.020709 0.034233 0.063075 
0.010095 0.198318 0.068349 0.046305 0.129864 0.359260 0.046188 0.041407 0.033125 0.067090 
0.035835 0.125847 0.073073 0.062558 0.387110 0.119580 0.033668 0.036622 0.057405 0.068302 
0.015685 0.155841 0.032908 0.039321 0.298335 0.188853 0.050235 0.069788 0.066586 0.082448 
0.046342 0.151887 0.033347 0.041148 0.159822 0.237521 0.107649 0.096496 0.082418 0.043369 
0.027313 0.076385 0.051349 0.089502 0.189646 0.090589 0.089417 0.158687 0.150169 0.076944 
0.015565 0.030295 0.034601 0.059939 0.126215 0.134779 0.268903 0.170542 0.094758 0.064403 
0.010983 0.036756 0.038984 0.068537 0.086351 0.078907 0.217520 0.336689 0.057270 0.068003 
0.013776 0.050132 0.049659 0.065968 0.122844 0.079044 0.107337 0.401933 0.077731 0.031576 
0.018443 0.085511 0.046954 0.029955 0.064742 0.107552 0.150757 0.212931 0.173335 0.109821 
0.000209 0.103066 0.084879 0.071282 0.082901 0.085568 0.131054 0.199809 0.199384 0.041847 
0.071976 0.176903 0.120242 0.083202 0.062570 0.048175 0.115605 0.201481 0.083392 0.036454 
0.043495 0.113901 0.144832 0.057418 0.103058 0.040265 0.095817 0.286812 0.068099 0.046302 
0.030187 0.108790 0.134663 0.073165 0.079037 0.061827 0.127650 0.226198 0.088240 0.070242 
0.006833 0.148513 0.111536 0.072490 0.094609 0.098315 0.108761 0.217602 0.089142 0.052200 
0.011250 0.165630 0.077310 0.057674 0.155132 0.102763 0.152780 0.081166 0.083425 0.112871 
0.008043 0.048396 0.067081 0.087267 0.129742 0.219079 0.195612 0.126741 0.083965 0.034073 
0.012386 0.103667 0.049667 0.070986 0.237476 0.293424 0.070651 0.055978 0.078311 0.027455 
0.023870 0.136626 0.069965 0.069472 0.131210 0.289946 0.116569 0.046595 0.077503 0.038244 
0.003395 0.069102 0.212276 0.122491 0.101798 0.093893 0.156665 0.134450 0.073506 0.032422 
0.005052 0.072791 0.217038 0.206622 0.106674 0.095882 0.160543 0.079229 0.039700 0.016470 
0.010085 0.077819 0.313579 0.177050 0.107524 0.076485 0.103424 0.075968 0.035335 0.022730 
0.009006 0.027838 0.186158 0.057988 0.023867 0.057499 0.165993 0.323905 0.132366 0.015380 
0.007296 0.047750 0.129224 0.039292 0.046724 0.079090 0.206490 0.294549 0.133560 0.016027 
0.001025 0.087378 0.066251 0.048874 0.062176 0.103162 0.143796 0.373024 0.068377 0.045937 
0.002213 0.072626 0.185403 0.074090 0.097993 0.107880 0.176705 0.167131 0.073567 0.042392 
0.000025 0.047044 0.132378 0.096803 0.105625 0.035459 0.198965 0.277842 0.086834 0.019024 
0.013989 0.113437 0.219046 0.119248 0.111057 0.046477 0.168017 0.113894 0.057050 0.037785 
0.017275 0.087951 0.172651 0.152800 0.127951 0.080283 0.149769 0.112891 0.056643 0.041785 
0.001214 0.065765 0.196545 0.073464 0.099398 0.044370 0.146775 0.240353 0.111446 0.020670 
0.005920 0.069658 0.335244 0.099721 0.088264 0.053259 0.132391 0.171242 0.032472 0.011828 
0.018168 0.091518 0.320083 0.141407 0.085785 0.025048 0.056753 0.204642 0.036239 0.020356 
0.005390 0.025421 0.141888 0.090322 0.121152 0.134351 0.214660 0.187375 0.050559 0.028883 
0.008343 0.059400 0.311844 0.106501 0.072858 0.046599 0.139718 0.181364 0.060549 0.012825 
0.023748 0.101203 0.265407 0.046208 0.040652 0.025173 0.092899 0.253930 0.107573 0.043208 
0.019094 0.116878 0.100071 0.063880 0.059663 0.061711 0.171645 0.190605 0.103664 0.112789 
0.008401 0.109439 0.063715 0.040734 0.084912 0.066744 0.124129 0.220321 0.178357 0.103249 
0.028942 0.144709 0.118011 0.056292 0.057310 0.045755 0.117876 0.307834 0.077108 0.046161 
0.021304 0.077963 0.118032 0.058158 0.070063 0.043347 0.165555 0.275203 0.089702 0.080674 
0.018621 0.084673 0.095613 0.029926 0.029322 0.049251 0.300450 0.256548 0.069746 0.065849 
0.001837 0.113380 0.101441 0.062193 0.059281 0.042668 0.186144 0.318492 0.057795 0.056768 
0.014214 0.123312 0.085101 0.030888 0.078561 0.086143 0.174600 0.259165 0.101076 0.046940 
0.005711 0.055428 0.286878 0.064246 0.087668 0.196225 0.080697 0.105369 0.093929 0.023850 
0.005479 0.059778 0.314540 0.094665 0.072320 0.117472 0.127602 0.081954 0.090232 0.035957 
0.012236 0.074440 0.247680 0.057516 0.044278 0.259134 0.114338 0.112275 0.055460 0.022642 
0.002953 0.063293 0.207072 0.089846 0.095575 0.128573 0.152354 0.137694 0.077768 0.044871 
0.007726 0.104061 0.229610 0.129711 0.096900 0.113451 0.150227 0.090968 0.054948 0.022399 
0.003288 0.083625 0.165351 0.094719 0.100219 0.162941 0.102910 0.202815 0.049118 0.035013 
0.000372 0.016327 0.110505 0.182542 0.119482 0.060219 0.203951 0.195922 0.073912 0.036768 
0.000813 0.015785 0.229207 0.180888 0.106529 0.061241 0.201401 0.098959 0.080796 0.024380 
0.005270 0.041302 0.258167 0.156166 0.095588 0.065242 0.067536 0.229785 0.053627 0.027317 
0.042891 0.174059 0.163144 0.117975 0.084870 0.066815 0.135461 0.121427 0.060298 0.033060 
0.013641 0.395666 0.189576 0.084756 0.098453 0.032889 0.072004 0.061776 0.045547 0.005691 
0.041607 0.234522 0.247543 0.070070 0.170391 0.052498 0.035833 0.065413 0.058310 0.023813 
0.030749 0.556437 0.135442 0.043122 0.084058 0.080246 0.032103 0.015419 0.014895 0.007528 
0.030472 0.388998 0.221582 0.079924 0.082599 0.044646 0.064376 0.038281 0.035730 0.013393 
0.006618 0.153900 0.239630 0.201973 0.138585 0.057600 0.073865 0.075257 0.035843 0.016727 
0.014458 0.130844 0.246261 0.200518 0.114201 0.069291 0.078101 0.072759 0.045418 0.028150 
0.046654 0.512339 0.151776 0.029539 0.034439 0.036822 0.072306 0.079396 0.017125 0.019606 
0.190846 0.282498 0.082345 0.038830 0.051805 0.032439 0.132097 0.148220 0.019480 0.021440 
0.142025 0.068449 0.068782 0.028234 0.040046 0.058162 0.111938 0.237824 0.153995 0.090544 
0.043688 0.130718 0.063062 0.050029 0.069918 0.071589 0.192406 0.155961 0.125206 0.097424 
0.013924 0.164863 0.089463 0.088144 0.067697 0.057290 0.199835 0.162193 0.090850 0.065742 
0.011643 0.202834 0.075785 0.075658 0.069236 0.034178 0.181734 0.219572 0.078746 0.050613 
0.002043 0.146736 0.176667 0.063607 0.072614 0.039184 0.143763 0.221998 0.049224 0.084164 
0.038729 0.120153 0.088088 0.110878 0.057874 0.066386 0.137289 0.207554 0.124618 0.048432 
0.008574 0.162062 0.111410 0.068341 0.071282 0.094634 0.153613 0.206608 0.077031 0.046445 
0.013932 0.059885 0.054687 0.073910 0.252052 0.261814 0.129440 0.070475 0.058462 0.025344 
0.000185 0.038924 0.035671 0.081319 0.114823 0.362263 0.139652 0.141321 0.043377 0.042465 
0.024446 0.094549 0.055680 0.032481 0.069103 0.500647 0.087153 0.052541 0.045120 0.038281 
0.006930 0.043323 0.117650 0.102210 0.079071 0.169477 0.215993 0.148673 0.066171 0.050503 
0.006019 0.065385 0.274415 0.139785 0.109499 0.050695 0.149693 0.121170 0.057533 0.025806 
0.001148 0.069269 0.272308 0.204761 0.099249 0.078286 0.117563 0.106184 0.033839 0.017393 
0.007040 0.054840 0.315489 0.167697 0.069767 0.112591 0.089424 0.117882 0.039817 0.025455 
0.002095 0.031156 0.126717 0.053456 0.029686 0.057143 0.232383 0.322685 0.135997 0.008683 
0.002806 0.055695 0.084886 0.056189 0.030616 0.060614 0.240422 0.327479 0.116623 0.024669 
0.001508 0.086522 0.043277 0.030123 0.030056 0.117473 0.145081 0.421370 0.100399 0.024190 
0.004375 0.062141 0.136702 0.098217 0.096047 0.098020 0.171007 0.204832 0.095879 0.032781 
0.002401 0.065632 0.146588 0.074019 0.068024 0.080216 0.210625 0.243098 0.073867 0.035530 
0.012776 0.086641 0.200834 0.184097 0.108265 0.052139 0.124219 0.126702 0.050962 0.053367 
0.047631 0.341468 0.161349 0.107074 0.079932 0.076474 0.064888 0.055283 0.044485 0.021416 
0.045894 0.137624 0.249475 0.165761 0.143695 0.062638 0.086146 0.062695 0.031987 0.014085 
0.021249 0.121219 0.213625 0.190184 0.165554 0.039544 0.113288 0.070416 0.047046 0.017874 
0.041424 0.129349 0.255286 0.140934 0.174733 0.084800 0.057407 0.065393 0.032372 0.018303 
0.006186 0.090599 0.190872 0.064892 0.151095 0.103441 0.165697 0.155498 0.045964 0.025756 
0.004273 0.257919 0.243390 0.099392 0.102757 0.070924 0.099583 0.089501 0.021780 0.010482 
0.039505 0.132208 0.146536 0.109717 0.048770 0.042299 0.127545 0.157741 0.150520 0.045158 
0.002305 0.265304 0.044937 0.027644 0.094831 0.031982 0.131901 0.162780 0.189329 0.048987 
0.053094 0.165607 0.055084 0.035945 0.204398 0.043775 0.064260 0.089824 0.237829 0.050185 
0.072069 0.151672 0.044955 0.026492 0.177291 0.065752 0.060011 0.109759 0.239838 0.052161 
0.033632 0.053900 0.026400 0.034916 0.331714 0.078028 0.129108 0.063563 0.193507 0.055232 
0.020050 0.026850 0.013303 0.044095 0.383058 0.189563 0.079339 0.088020 0.101881 0.053840 
0.010603 0.056198 0.042996 0.061455 0.335685 0.211508 0.088980 0.059423 0.083637 0.049515 
0.015061 0.031517 0.053776 0.045220 0.303617 0.265032 0.077892 0.093197 0.069495 0.045192 
0.018618 0.032011 0.106013 0.030468 0.323205 0.269858 0.099127 0.048837 0.043499 0.028364 
0.003002 0.042129 0.056378 0.050348 0.332399 0.273918 0.082348 0.090337 0.030340 0.038802 
0.005103 0.020365 0.025851 0.101026 0.146875 0.139709 0.053309 0.133210 0.252252 0.122300 
0.016252 0.036828 0.051233 0.058590 0.143912 0.142615 0.056065 0.142630 0.157199 0.194677 
0.037457 0.057210 0.042281 0.055639 0.197101 0.131364 0.053374 0.073854 0.133850 0.217870 
0.006824 0.128111 0.370668 0.120232 0.089490 0.065598 0.075528 0.048942 0.055411 0.039196 
0.010998 0.429191 0.163465 0.072316 0.052266 0.042928 0.060510 0.042936 0.039031 0.086357 
0.004733 0.324942 0.170062 0.128794 0.088362 0.033469 0.061915 0.076378 0.068302 0.043042 
0.004895 0.022328 0.105774 0.287717 0.247519 0.070716 0.079953 0.064478 0.064246 0.052374 
0.004963 0.085930 0.103536 0.175225 0.363587 0.048264 0.036215 0.055295 0.064006 0.062979 
0.027416 0.073131 0.039601 0.252259 0.347913 0.048845 0.040526 0.071301 0.067530 0.031477 
0.034238 0.038345 0.084053 0.331434 0.274471 0.051445 0.044466 0.054887 0.044057 0.042604 
0.029894 0.029771 0.038192 0.108617 0.259077 0.046800 0.045435 0.116251 0.271703 0.054260 
0.027792 0.028808 0.021955 0.018082 0.100492 0.036484 0.029263 0.063880 0.435281 0.237962 
0.011385 0.043151 0.026642 0.020670 0.137830 0.029623 0.029461 0.062316 0.472164 0.166757 
0.005710 0.018978 0.022612 0.010682 0.127965 0.082140 0.071195 0.082100 0.318424 0.260194 
0.000489 0.031426 0.022241 0.039025 0.141285 0.176702 0.054413 0.098594 0.141921 0.293905 
0.002050 0.015911 0.034832 0.039825 0.207962 0.132608 0.063007 0.099190 0.179609 0.225005 
0.003877 0.043890 0.036627 0.037505 0.170515 0.099609 0.053236 0.131320 0.271432 0.151989 
0.003871 0.040785 0.048426 0.070287 0.137234 0.042495 0.116480 0.098648 0.216486 0.225288 
0.001422 0.042855 0.037983 0.072067 0.105680 0.084589 0.089060 0.036588 0.135580 0.394177 
0.005839 0.035324 0.019006 0.043267 0.052356 0.139570 0.040747 0.071813 0.082255 0.509823 
0.001961 0.025867 0.058586 0.057434 0.080679 0.264347 0.031455 0.085369 0.122435 0.271866 
0.000707 0.044691 0.046104 0.070906 0.096479 0.253700 0.070026 0.058859 0.099468 0.259060 
0.001895 0.039815 0.022159 0.049117 0.048788 0.315439 0.104330 0.078121 0.088329 0.252006 
0.004637 0.049306 0.024208 0.034202 0.052211 0.477757 0.076044 0.062668 0.058482 0.160486 
0.017110 0.099067 0.020236 0.025422 0.053424 0.379166 0.089574 0.057543 0.104463 0.153995 
0.010545 0.029671 0.035941 0.035233 0.055900 0.236970 0.134865 0.101085 0.168505 0.191284 
0.008691 0.038206 0.076568 0.106388 0.111632 0.226768 0.134342 0.126919 0.081957 0.088528 
0.025427 0.079232 0.248816 0.137630 0.095290 0.099643 0.140467 0.081699 0.048493 0.043304 
0.019653 0.100524 0.258465 0.149404 0.098693 0.085302 0.073452 0.080225 0.051124 0.083158 
0.009605 0.064180 0.121554 0.168089 0.131002 0.073160 0.097426 0.146369 0.114967 0.073647 
0.001506 0.010856 0.030348 0.059621 0.247651 0.251240 0.055822 0.053390 0.091314 0.198252 
0.009051 0.036586 0.043161 0.045837 0.090494 0.302932 0.054616 0.065448 0.079678 0.272196 
0.008451 0.033200 0.042551 0.027900 0.062631 0.390797 0.123990 0.115654 0.059398 0.135428 
0.006767 0.083068 0.129871 0.086267 0.089902 0.263550 0.109546 0.128479 0.047711 0.054839 
0.004700 0.068665 0.074401 0.046952 0.225082 0.270577 0.118746 0.094284 0.037367 0.059226 
0.030051 0.073722 0.101905 0.134028 0.149453 0.096414 0.130198 0.141626 0.068423 0.074182 
0.000686 0.007957 0.014751 0.033592 0.505897 0.277709 0.065050 0.039406 0.040857 0.014093 
0.003953 0.024083 0.104883 0.192902 0.374031 0.079110 0.055689 0.100773 0.032467 0.032109 
0.002892 0.028249 0.174416 0.135235 0.288613 0.140152 0.069751 0.077150 0.031462 0.052081 
0.010072 0.019551 0.123365 0.358026 0.101165 0.159753 0.084782 0.057618 0.051123 0.034545 
0.001832 0.005134 0.117129 0.384334 0.207745 0.059897 0.117049 0.049988 0.028259 0.028634 
0.004489 0.017137 0.086704 0.289945 0.343825 0.059545 0.076428 0.087158 0.020940 0.013829 
0.002889 0.018859 0.042526 0.224232 0.189774 0.082976 0.128754 0.176472 0.059988 0.073530 
0.005850 0.077613 0.057910 0.147304 0.210343 0.063693 0.152045 0.166669 0.089963 0.028610 
0.015429 0.066438 0.039803 0.353155 0.099104 0.101454 0.134971 0.074415 0.081857 0.033374 
0.011177 0.126647 0.071109 0.213639 0.129514 0.045678 0.153683 0.120543 0.069861 0.058149 
0.097857 0.217351 0.072783 0.079234 0.088859 0.044887 0.167347 0.132608 0.071051 0.028023 
0.060183 0.359764 0.095432 0.087059 0.083745 0.032254 0.072004 0.096039 0.065730 0.047791 
0.090640 0.244951 0.080755 0.064097 0.090231 0.046936 0.066099 0.157967 0.085954 0.072371 
0.070338 0.084456 0.177660 0.142553 0.105167 0.102860 0.079020 0.067655 0.086598 0.083692 
0.044801 0.160573 0.200291 0.124668 0.076258 0.105436 0.079449 0.064030 0.060802 0.083691 
0.004361 0.234607 0.228890 0.089805 0.081923 0.121878 0.087142 0.086241 0.034349 0.030804 
0.000252 0.018026 0.051454 0.206754 0.130817 0.074659 0.153293 0.163235 0.116883 0.084627 
0.006984 0.036059 0.075494 0.380144 0.251357 0.062463 0.083145 0.059698 0.023552 0.021103 
0.000773 0.026107 0.061488 0.291805 0.405530 0.058831 0.056564 0.045416 0.032360 0.021126 
0.009086 0.034562 0.057728 0.556494 0.179076 0.047018 0.068841 0.018812 0.013375 0.015008 
0.003243 0.014718 0.059853 0.187627 0.131025 0.059881 0.191555 0.262660 0.054954 0.034484 
0.005043 0.028591 0.071355 0.197465 0.116301 0.011878 0.108094 0.357921 0.049678 0.053673 
0.012152 0.062849 0.079773 0.153178 0.113600 0.061484 0.131309 0.261660 0.068038 0.055957 
0.049815 0.232825 0.058302 0.128182 0.115608 0.056981 0.089543 0.165905 0.048645 0.054193 
0.065335 0.209386 0.144331 0.120173 0.164787 0.030412 0.034498 0.168880 0.032198 0.030000 
0.000064 0.131903 0.295641 0.148268 0.126672 0.076453 0.065890 0.112663 0.026211 0.016235 
0.023534 0.403945 0.205973 0.094668 0.066842 0.038616 0.032223 0.043090 0.069389 0.021720 
0.046786 0.449704 0.112309 0.077084 0.060344 0.065492 0.038847 0.036935 0.037291 0.075207 
0.002997 0.064654 0.144268 0.115159 0.193574 0.044542 0.060832 0.043318 0.192193 0.138463 
0.004626 0.292858 0.093312 0.074204 0.249898 0.075573 0.038782 0.060509 0.044574 0.065664 
0.024914 0.147470 0.069068 0.272618 0.284230 0.032493 0.043715 0.081070 0.026332 0.018091 
0.088966 0.049014 0.075023 0.448829 0.076797 0.037380 0.052656 0.104387 0.032554 0.034394 
0.040175 0.061159 0.030119 0.049545 0.242123 0.144288 0.068309 0.119444 0.148531 0.096308 
0.012123 0.043512 0.035022 0.092489 0.161755 0.151830 0.160227 0.072429 0.129290 0.141323 
0.021747 0.039895 0.027677 0.051725 0.127698 0.091965 0.040212 0.111019 0.171357 0.316705 
0.014763 0.038454 0.025935 0.024265 0.078353 0.196444 0.062672 0.061499 0.073933 0.423680 
0.008592 0.039415 0.039500 0.041403 0.092504 0.323960 0.061625 0.078663 0.091893 0.222445 
0.003738 0.058262 0.044807 0.039538 0.148475 0.407942 0.076058 0.060550 0.027733 0.132897 
0.008176 0.036593 0.022195 0.028501 0.083570 0.344842 0.171755 0.118525 0.084740 0.101103 
0.009261 0.069024 0.049058 0.041563 0.088862 0.423555 0.118401 0.048727 0.084050 0.067500 
0.014355 0.034498 0.035910 0.040685 0.233187 0.404534 0.108659 0.042000 0.023989 0.062184 
0.011518 0.057174 0.185957 0.205962 0.069084 0.272111 0.061234 0.033167 0.030540 0.073252 
0.004202 0.019948 0.085895 0.092709 0.165493 0.317688 0.092912 0.061360 0.062875 0.096918 
0.012777 0.055339 0.121772 0.097654 0.059789 0.316905 0.113523 0.054974 0.055258 0.112009 
0.009074 0.043392 0.113654 0.078021 0.063078 0.314332 0.048594 0.051388 0.079371 0.199097 
0.008156 0.031612 0.067341 0.044871 0.060824 0.266706 0.117051 0.143033 0.108479 0.151927 
0.000069 0.027495 0.049778 0.022654 0.073954 0.386248 0.121303 0.143088 0.064883 0.110529 
0.002512 0.016393 0.017301 0.011002 0.044169 0.398568 0.090126 0.098657 0.040134 0.281139 
0.014508 0.076502 0.140839 0.102241 0.181389 0.080082 0.115973 0.116329 0.128716 0.043419 
0.004533 0.118671 0.107361 0.070619 0.105491 0.074314 0.187269 0.220038 0.074435 0.037268 
0.029176 0.139562 0.175225 0.096321 0.086593 0.080570 0.074452 0.080057 0.085628 0.152415 
0.026031 0.132077 0.402275 0.123840 0.078917 0.079215 0.063861 0.023936 0.042245 0.027602 
0.035282 0.569060 0.147426 0.078136 0.047306 0.020703 0.036809 0.028699 0.025318 0.011260 
0.014976 0.389699 0.157084 0.125172 0.103147 0.040862 0.058426 0.044770 0.045374 0.020490 
0.001997 0.106210 0.239322 0.120525 0.169039 0.092352 0.089524 0.099811 0.040525 0.040696 
0.006316 0.067121 0.190979 0.075389 0.166831 0.109532 0.158032 0.131719 0.060448 0.033632 
0.045784 0.214397 0.236539 0.060535 0.103736 0.089508 0.073819 0.107049 0.032380 0.036251 
0.047615 0.154955 0.182563 0.055859 0.043434 0.046795 0.071524 0.198172 0.127903 0.071180 
0.007631 0.165984 0.039819 0.079751 0.076886 0.069297 0.186389 0.157320 0.159390 0.057534 
0.024473 0.105028 0.061197 0.109017 0.143953 0.100490 0.104645 0.139989 0.166795 0.044414 
0.051383 0.162183 0.041632 0.081029 0.207781 0.047466 0.087362 0.113429 0.177313 0.030422 
0.006799 0.088787 0.407898 0.110551 0.109605 0.054711 0.074985 0.042728 0.075772 0.028164 
0.034669 0.449478 0.219000 0.103085 0.047621 0.029191 0.045049 0.022805 0.037523 0.011579 
0.047924 0.482405 0.145855 0.063957 0.096233 0.042019 0.025736 0.041773 0.029379 0.024719 
0.010668 0.091125 0.053305 0.055252 0.291193 0.217961 0.069163 0.085936 0.088801 0.036595 
0.003219 0.058130 0.081170 0.041355 0.301957 0.243455 0.088149 0.076054 0.064517 0.041994 
0.008315 0.089278 0.069497 0.055649 0.302240 0.237763 0.082091 0.074026 0.039585 0.041554 
0.012312 0.067271 0.058405 0.069719 0.314742 0.285488 0.062005 0.070698 0.030701 0.028659 
0.004104 0.025840 0.097515 0.071893 0.278768 0.263474 0.101139 0.082684 0.049803 0.024779 
0.008039 0.073113 0.083318 0.248672 0.223345 0.187751 0.071048 0.053319 0.032325 0.019070 
0.005875 0.095756 0.114655 0.226798 0.153097 0.112220 0.123347 0.058553 0.072224 0.037475 
0.011873 0.285655 0.326399 0.100875 0.088016 0.052079 0.043410 0.035387 0.037223 0.019082 
0.026200 0.431371 0.143725 0.101890 0.029081 0.031886 0.081082 0.097196 0.031608 0.025960 
0.020512 0.106230 0.099819 0.176561 0.107343 0.052977 0.155731 0.218388 0.037826 0.024612 
0.001181 0.085996 0.116225 0.151729 0.141487 0.055541 0.088220 0.247347 0.052887 0.059386 
0.003262 0.071517 0.048401 0.092803 0.149379 0.061441 0.110475 0.375558 0.056690 0.030473 
0.010547 0.077829 0.022765 0.075025 0.193691 0.054066 0.133002 0.355070 0.035245 0.042762 
0.016209 0.033210 0.023396 0.039090 0.157182 0.013983 0.028882 0.242217 0.379092 0.066740 
0.016332 0.026314 0.024562 0.021524 0.079001 0.032107 0.037637 0.091682 0.493167 0.177673 
0.014525 0.042549 0.026459 0.038371 0.091306 0.059442 0.036334 0.070563 0.247270 0.373181 
0.001516 0.032249 0.033904 0.038891 0.122211 0.031018 0.031322 0.071703 0.289204 0.347983 
0.009111 0.020941 0.005845 0.021464 0.238799 0.035817 0.076622 0.128527 0.363265 0.099609 
0.006593 0.041452 0.063384 0.208468 0.162241 0.042557 0.063687 0.193412 0.121175 0.097030 
0.015571 0.038161 0.030174 0.184132 0.107153 0.054899 0.116168 0.143487 0.224477 0.085779 
0.006349 0.044664 0.025362 0.049797 0.134455 0.036887 0.110544 0.142424 0.366550 0.082968 
0.002580 0.026394 0.049582 0.085740 0.072279 0.024620 0.092864 0.075239 0.243263 0.327438 
0.001614 0.037713 0.027266 0.039812 0.054485 0.032279 0.043042 0.068340 0.242375 0.453075 
0.000181 0.030058 0.036568 0.026046 0.036879 0.098092 0.057679 0.047710 0.122441 0.544347 
0.000398 0.029900 0.023156 0.021945 0.041382 0.167242 0.098325 0.106435 0.143151 0.368064 
0.004217 0.067049 0.060190 0.063094 0.092916 0.176090 0.050463 0.079806 0.106205 0.299969 
0.012657 0.058158 0.063027 0.064073 0.107965 0.338972 0.100341 0.056374 0.099745 0.098688 
0.010807 0.083460 0.035105 0.045107 0.066931 0.456105 0.082988 0.063714 0.097343 0.058439 
0.000991 0.032222 0.017502 0.013892 0.032420 0.581678 0.118001 0.046896 0.067231 0.089166 
0.001414 0.020803 0.036195 0.096864 0.105980 0.254442 0.176138 0.108849 0.098673 0.100640 
0.006266 0.043360 0.244554 0.123895 0.163793 0.067735 0.133480 0.107218 0.074697 0.035002 
0.025822 0.108666 0.232543 0.180347 0.104472 0.067422 0.128781 0.092199 0.038548 0.021202 
0.041927 0.127567 0.273582 0.155485 0.053559 0.116841 0.071451 0.073955 0.035313 0.050320 
0.002150 0.006459 0.027294 0.028498 0.126655 0.246706 0.062956 0.097818 0.043689 0.357775 
0.003133 0.019703 0.032191 0.039934 0.089616 0.298400 0.081995 0.106697 0.115482 0.212849 
0.002571 0.023603 0.014254 0.020833 0.054571 0.290483 0.090774 0.080996 0.077583 0.344333 
0.015132 0.074513 0.112098 0.083810 0.096814 0.127659 0.125423 0.103670 0.105404 0.155478 
0.029324 0.099279 0.090849 0.033787 0.108542 0.090625 0.134371 0.202953 0.078349 0.131921 
0.040562 0.130410 0.206579 0.127822 0.055341 0.070243 0.149388 0.098168 0.052304 0.069182 
0.005688 0.015239 0.040262 0.061944 0.334035 0.303591 0.103855 0.046162 0.056314 0.032911 
0.003856 0.024068 0.084466 0.063939 0.326289 0.215066 0.077443 0.069758 0.074945 0.060169 
0.008624 0.049181 0.233979 0.096076 0.130281 0.124974 0.060436 0.163827 0.080209 0.052413 
0.015701 0.067763 0.192162 0.112959 0.071059 0.130932 0.107370 0.132791 0.075621 0.093642 
0.000344 0.007120 0.063769 0.154479 0.159863 0.040451 0.130594 0.365261 0.052180 0.025940 
0.000061 0.009513 0.071104 0.104093 0.047850 0.042089 0.242072 0.305348 0.048960 0.128910 
0.008996 0.040785 0.091164 0.100170 0.062613 0.030753 0.212470 0.171019 0.078539 0.203492 
0.003361 0.061835 0.050562 0.124895 0.103506 0.084489 0.182834 0.196378 0.101894 0.090247 
0.008085 0.051156 0.064820 0.114352 0.113792 0.102492 0.230062 0.180694 0.087550 0.046996 
0.026958 0.141436 0.068675 0.204426 0.126102 0.067455 0.146258 0.111111 0.069407 0.038172 
0.011998 0.156197 0.179199 0.144236 0.115869 0.050412 0.085575 0.167184 0.041332 0.047997 
0.053328 0.305079 0.054385 0.063527 0.068532 0.037509 0.125477 0.192833 0.073302 0.026027 
0.076933 0.299694 0.053705 0.070219 0.050712 0.055022 0.094961 0.165084 0.065904 0.067766 
0.022580 0.187473 0.080325 0.075532 0.076538 0.128768 0.108633 0.130848 0.118465 0.070839 
0.037783 0.134751 0.266951 0.097295 0.066300 0.105863 0.083083 0.062737 0.086420 0.058815 
0.084181 0.232772 0.192243 0.066455 0.043057 0.127007 0.118197 0.072160 0.041134 0.022793 
0.000204 0.028691 0.054206 0.193990 0.200962 0.185827 0.119033 0.087204 0.076087 0.053795 
0.004091 0.073170 0.080904 0.418459 0.101590 0.042394 0.123243 0.056435 0.045335 0.054379 
0.003238 0.083361 0.197921 0.420490 0.049383 0.078518 0.059648 0.063507 0.025357 0.018577 
0.004627 0.056015 0.108793 0.474598 0.113502 0.071569 0.055385 0.041576 0.033768 0.040168 
0.000313 0.008686 0.052151 0.194146 0.143382 0.029506 0.101492 0.386242 0.030371 0.053711 
0.002956 0.028398 0.096612 0.193610 0.042033 0.040845 0.216370 0.189478 0.038514 0.151184 
0.000706 0.037790 0.078709 0.134699 0.108267 0.042535 0.083447 0.184316 0.094800 0.234730 
0.049411 0.093279 0.115052 0.149177 0.087931 0.031723 0.084949 0.179074 0.066060 0.143345 
0.015372 0.311119 0.142179 0.105045 0.090771 0.041083 0.064195 0.161788 0.036782 0.031667 
0.015189 0.114564 0.116484 0.115012 0.114575 0.045064 0.107550 0.231986 0.064480 0.075096 
0.011922 0.262766 0.330532 0.122514 0.066167 0.057316 0.050586 0.024818 0.058286 0.015094 
0.020951 0.459506 0.163926 0.028287 0.040227 0.037252 0.050698 0.044090 0.075914 0.079147 
0.012606 0.241016 0.107505 0.119688 0.095664 0.050312 0.049535 0.046136 0.076492 0.201047 
0.025183 0.286429 0.103607 0.060583 0.134561 0.067087 0.043163 0.038744 0.087626 0.153018 
0.052220 0.169198 0.046774 0.081743 0.328453 0.075078 0.078241 0.097688 0.045325 0.025280 
0.011683 0.267165 0.098658 0.121582 0.076426 0.036553 0.103653 0.179659 0.033029 0.071592 
0.002306 0.073904 0.077228 0.091856 0.145163 0.085407 0.138744 0.143194 0.181143 0.061055 
0.001590 0.045333 0.049368 0.082535 0.147418 0.102901 0.110185 0.067915 0.149596 0.243159 
0.009768 0.044899 0.020849 0.055420 0.072124 0.046184 0.076037 0.066429 0.388461 0.219829 
0.003698 0.037715 0.031666 0.040559 0.042110 0.087452 0.036725 0.042691 0.192311 0.485072 
0.006640 0.044697 0.044682 0.031467 0.075454 0.310525 0.056315 0.073183 0.061058 0.295980 
0.007260 0.043737 0.029958 0.025719 0.135714 0.469823 0.092266 0.057594 0.056683 0.081246 
0.014689 0.167701 0.066217 0.073068 0.122679 0.100972 0.099813 0.146920 0.088286 0.119655 
0.008835 0.031820 0.021078 0.025432 0.059110 0.492856 0.195457 0.060745 0.038966 0.065702 
0.009479 0.054182 0.027203 0.028816 0.102172 0.466913 0.163284 0.043948 0.053705 0.050297 
0.000584 0.045272 0.050859 0.046627 0.282703 0.278767 0.059022 0.031206 0.096503 0.108457 
0.000425 0.016265 0.065883 0.085244 0.070726 0.324582 0.194683 0.085944 0.066396 0.089851 
0.010614 0.052166 0.162772 0.077494 0.054130 0.338948 0.103425 0.076166 0.039172 0.085113 
0.012675 0.063705 0.129963 0.101156 0.087133 0.355628 0.093664 0.046888 0.036203 0.072986 
0.004882 0.030942 0.065031 0.078510 0.086947 0.261449 0.040799 0.041011 0.067266 0.323164 
0.009068 0.032375 0.039721 0.067839 0.093611 0.354647 0.113049 0.115415 0.070298 0.103977 
0.000578 0.019954 0.026704 0.030553 0.099736 0.344023 0.103184 0.064512 0.079936 0.230820 
0.006885 0.026168 0.019431 0.020932 0.082008 0.246390 0.202955 0.126460 0.120053 0.148717 
0.008014 0.053874 0.099336 0.087309 0.233383 0.075679 0.089080 0.230620 0.079402 0.043302 
0.007893 0.115478 0.100107 0.145382 0.142603 0.053957 0.136847 0.136687 0.063685 0.097361 
0.007249 0.097742 0.167255 0.226549 0.095844 0.134235 0.106740 0.057690 0.059575 0.047122 
0.024486 0.352039 0.296146 0.091598 0.053652 0.047397 0.058438 0.025279 0.033830 0.017137 
0.043903 0.544160 0.138431 0.037390 0.079808 0.023367 0.042820 0.038844 0.026874 0.024402 
0.015084 0.188854 0.198005 0.136182 0.118310 0.048593 0.115236 0.098071 0.052131 0.029532 
0.006239 0.086915 0.441798 0.135791 0.096775 0.084262 0.057078 0.041864 0.029524 0.019753 
0.036504 0.607129 0.152375 0.057205 0.033906 0.019153 0.022839 0.034306 0.025715 0.010867 
0.064490 0.460561 0.194627 0.064303 0.051832 0.025242 0.039543 0.048786 0.034011 0.016606 
0.039324 0.132571 0.036739 0.068611 0.081136 0.094833 0.163716 0.161619 0.163274 0.058178 
