Freedom,Akon
0.052208 0.163916 0.168187 0.099354 0.067149 0.108447 0.058710 0.024015 0.096127 0.161887 
0.017133 0.138857 0.222206 0.267196 0.037461 0.037220 0.135861 0.061774 0.031088 0.051204 
0.009432 0.134516 0.263888 0.216095 0.034718 0.093707 0.107560 0.042273 0.037370 0.060441 
0.003396 0.181948 0.218619 0.146915 0.065529 0.085796 0.116758 0.063585 0.073041 0.044414 
0.017432 0.150384 0.196445 0.260735 0.065062 0.068448 0.076151 0.056480 0.057272 0.051589 
0.011192 0.077349 0.120315 0.202413 0.112762 0.156260 0.112222 0.094530 0.052378 0.060578 
0.003556 0.035921 0.190276 0.179565 0.219502 0.107827 0.050242 0.079651 0.061778 0.071682 
0.005243 0.034358 0.069922 0.134338 0.112134 0.050705 0.018948 0.059584 0.188840 0.325928 
0.006226 0.024966 0.054959 0.084270 0.406105 0.048513 0.025464 0.037215 0.139146 0.173136 
0.000751 0.007564 0.031379 0.068592 0.295234 0.333216 0.068432 0.043533 0.063645 0.087653 
0.006451 0.025207 0.043018 0.052119 0.187872 0.405895 0.072748 0.048560 0.070359 0.087770 
0.005386 0.017830 0.035750 0.051534 0.451730 0.219277 0.039556 0.045975 0.062328 0.070634 
0.003042 0.010073 0.017938 0.052066 0.459332 0.219411 0.064747 0.024504 0.063637 0.085248 
0.007775 0.032069 0.044520 0.061432 0.501501 0.189448 0.031748 0.025353 0.052962 0.053192 
0.003483 0.016936 0.023036 0.072974 0.372438 0.282395 0.073926 0.038357 0.044446 0.072008 
0.003105 0.013039 0.023541 0.037915 0.449217 0.163953 0.055009 0.030858 0.088911 0.134452 
0.006924 0.026789 0.052515 0.045632 0.361924 0.215187 0.064597 0.036024 0.065222 0.125186 
0.000281 0.004729 0.038774 0.068700 0.448375 0.221908 0.077867 0.041387 0.032783 0.065196 
0.004921 0.021553 0.024986 0.088464 0.361471 0.145152 0.053053 0.046985 0.100492 0.152923 
0.003718 0.014557 0.039040 0.065384 0.356073 0.229452 0.072975 0.044254 0.054919 0.119629 
0.003577 0.016104 0.042883 0.056295 0.420475 0.220430 0.066032 0.026694 0.055196 0.092315 
0.009703 0.042378 0.081244 0.090032 0.279543 0.159650 0.051148 0.050530 0.069507 0.166265 
0.000433 0.008548 0.031041 0.079624 0.290159 0.130305 0.031316 0.018509 0.122383 0.287681 
0.006586 0.026203 0.033179 0.102780 0.419419 0.144632 0.066329 0.047679 0.095884 0.057308 
0.008451 0.035443 0.059593 0.051119 0.343069 0.242055 0.059904 0.036317 0.079276 0.084774 
0.002263 0.008553 0.020682 0.068215 0.446676 0.174399 0.056186 0.044668 0.047498 0.130859 
0.001378 0.008855 0.036893 0.048399 0.448912 0.126693 0.031070 0.032761 0.138679 0.126360 
0.004078 0.024856 0.055938 0.049121 0.305574 0.269213 0.088745 0.045162 0.062881 0.094432 
0.007626 0.028989 0.059562 0.048165 0.404785 0.217318 0.056392 0.036837 0.068035 0.072291 
0.004643 0.017724 0.032836 0.067335 0.418200 0.200490 0.050224 0.024466 0.050651 0.133431 
0.001854 0.008100 0.018642 0.056084 0.413521 0.170434 0.051978 0.047386 0.058671 0.173330 
0.001647 0.010982 0.028948 0.039189 0.419351 0.283378 0.059130 0.025524 0.052129 0.079723 
0.004090 0.017498 0.041412 0.044954 0.280836 0.258776 0.077474 0.045109 0.096494 0.133357 
0.005195 0.023393 0.039815 0.058680 0.432940 0.170742 0.040074 0.035525 0.065251 0.128385 
0.000933 0.006157 0.019061 0.054760 0.411309 0.252378 0.036131 0.034001 0.086545 0.098725 
0.002715 0.011432 0.018413 0.053457 0.416502 0.216090 0.051973 0.035420 0.070516 0.123481 
0.002695 0.013765 0.031678 0.038656 0.288346 0.205169 0.052037 0.044808 0.116967 0.205878 
0.004837 0.020631 0.030064 0.053328 0.371102 0.204080 0.052575 0.043356 0.099800 0.120226 
0.007378 0.028863 0.035780 0.091971 0.366443 0.286208 0.054057 0.030232 0.030117 0.068951 
0.002203 0.015858 0.039136 0.052946 0.421391 0.146550 0.046440 0.030613 0.119415 0.125447 
0.000607 0.004590 0.017189 0.056803 0.423372 0.208986 0.040362 0.029061 0.115155 0.103874 
0.003141 0.015523 0.030698 0.057030 0.313905 0.292861 0.080629 0.035809 0.027994 0.142408 
0.004175 0.015284 0.032437 0.054393 0.336456 0.263223 0.076024 0.044712 0.061378 0.111919 
0.008197 0.035277 0.059596 0.067530 0.414310 0.217450 0.054432 0.030231 0.025253 0.087723 
0.000183 0.003952 0.013423 0.036631 0.603817 0.080381 0.016493 0.020884 0.066731 0.157503 
0.005468 0.023070 0.029738 0.058779 0.396079 0.257168 0.067068 0.036658 0.081078 0.044894 
0.000835 0.006314 0.008749 0.051968 0.317897 0.289913 0.087873 0.051939 0.075335 0.109176 
0.004384 0.019474 0.030627 0.059470 0.338182 0.238921 0.064998 0.035119 0.052101 0.156722 
0.007238 0.027196 0.045572 0.045573 0.446731 0.213468 0.046403 0.025350 0.050539 0.091928 
0.001535 0.006695 0.013319 0.023514 0.486042 0.221585 0.050062 0.041172 0.063264 0.092812 
0.000698 0.007048 0.018329 0.054572 0.389399 0.275308 0.073943 0.049815 0.062847 0.068041 
0.000619 0.005577 0.014828 0.068712 0.261281 0.330399 0.076011 0.040268 0.042065 0.160239 
0.001258 0.005961 0.020760 0.037028 0.394677 0.287341 0.069444 0.046240 0.054386 0.082906 
0.004003 0.016348 0.026063 0.055019 0.424808 0.221360 0.052084 0.041182 0.072435 0.086697 
0.000647 0.006641 0.022861 0.044730 0.375714 0.266650 0.052236 0.032719 0.080877 0.116925 
0.000668 0.004807 0.020220 0.056324 0.355268 0.309951 0.085512 0.053519 0.049207 0.064525 
0.001164 0.006475 0.018452 0.056307 0.280274 0.301156 0.087372 0.061187 0.107367 0.080246 
0.004214 0.018217 0.022138 0.064647 0.396602 0.246684 0.070020 0.035340 0.021115 0.121024 
0.004209 0.015104 0.016672 0.062408 0.342911 0.315766 0.057327 0.026994 0.040235 0.118375 
0.001488 0.007424 0.014802 0.045667 0.395167 0.289061 0.074668 0.048977 0.078610 0.044137 
0.000212 0.005357 0.021529 0.053166 0.341818 0.315325 0.090876 0.050062 0.041447 0.080207 
0.003258 0.015412 0.030674 0.054325 0.339425 0.270284 0.057429 0.043049 0.053981 0.132162 
0.004272 0.018246 0.029041 0.048181 0.240886 0.168378 0.238639 0.127085 0.041580 0.083692 
0.002864 0.011859 0.022826 0.036078 0.088645 0.203634 0.127706 0.387552 0.052755 0.066080 
0.002162 0.009202 0.016021 0.036026 0.252173 0.236811 0.109860 0.277454 0.013994 0.046298 
0.002809 0.011195 0.020240 0.038907 0.194586 0.229909 0.087620 0.289934 0.070257 0.054542 
0.001401 0.007038 0.017561 0.033333 0.318295 0.184120 0.105062 0.237390 0.041499 0.054301 
0.004157 0.018239 0.030621 0.046337 0.269119 0.219028 0.054122 0.237258 0.051100 0.070019 
0.001646 0.008187 0.019350 0.039915 0.124581 0.275906 0.102676 0.312944 0.055747 0.059049 
0.002350 0.010823 0.021589 0.037371 0.251906 0.275661 0.121076 0.210168 0.020849 0.048206 
0.003029 0.013579 0.024523 0.044165 0.247892 0.241494 0.064663 0.223288 0.066701 0.070667 
0.000323 0.004599 0.018239 0.037918 0.346739 0.215936 0.090169 0.182079 0.020001 0.083997 
0.005355 0.021874 0.035144 0.045746 0.278972 0.213322 0.070448 0.207410 0.038172 0.083558 
0.002781 0.011474 0.018803 0.029939 0.194653 0.195854 0.151727 0.288724 0.071179 0.034865 
0.003427 0.014703 0.022435 0.035626 0.247632 0.222805 0.128829 0.274709 0.018573 0.031262 
0.001298 0.006645 0.014152 0.031140 0.186753 0.215108 0.097201 0.348757 0.051374 0.047572 
0.001019 0.005838 0.012462 0.032490 0.254661 0.150357 0.133488 0.292804 0.067020 0.049861 
0.003981 0.016970 0.023596 0.034901 0.105610 0.130435 0.200523 0.347933 0.069960 0.066091 
0.003721 0.015158 0.023495 0.036156 0.201576 0.170006 0.097139 0.359398 0.042087 0.051264 
0.004456 0.017863 0.024703 0.039629 0.180579 0.213625 0.129786 0.318564 0.021284 0.049512 
0.002316 0.011318 0.013031 0.031388 0.218377 0.176775 0.118210 0.338669 0.043387 0.046528 
0.002649 0.011305 0.014796 0.032143 0.206932 0.255674 0.135891 0.248935 0.047068 0.044608 
0.003722 0.015809 0.024858 0.035173 0.118262 0.269846 0.233429 0.250635 0.024807 0.023459 
0.003224 0.013006 0.018136 0.029071 0.129102 0.205827 0.261447 0.209108 0.050418 0.080661 
0.002366 0.008586 0.014465 0.015903 0.092535 0.218091 0.366112 0.181785 0.048718 0.051439 
0.000315 0.007606 0.008111 0.018520 0.156765 0.448824 0.177052 0.088903 0.026638 0.067266 
0.004464 0.019149 0.027680 0.039178 0.180516 0.358490 0.162275 0.116024 0.033769 0.058456 
0.006281 0.025285 0.033887 0.046128 0.085905 0.425552 0.184559 0.140489 0.015211 0.036702 
0.006013 0.023925 0.034151 0.046610 0.156889 0.353922 0.129373 0.177459 0.036012 0.035645 
0.001852 0.007455 0.010744 0.019588 0.063598 0.486600 0.101271 0.261546 0.028280 0.019066 
0.004881 0.018528 0.026889 0.035850 0.148226 0.385666 0.137074 0.175537 0.019446 0.047903 
0.002899 0.013169 0.022307 0.038607 0.134237 0.346530 0.149797 0.190736 0.049695 0.052022 
0.001123 0.006692 0.016305 0.036282 0.128324 0.329868 0.177196 0.233182 0.052920 0.018108 
0.007234 0.030531 0.043160 0.057652 0.155411 0.318801 0.181735 0.148194 0.028304 0.028978 
0.007520 0.030497 0.045255 0.058377 0.142329 0.336341 0.146686 0.157983 0.044788 0.030224 
0.000365 0.001467 0.002902 0.004826 0.119848 0.447017 0.155281 0.203473 0.020405 0.044417 
0.005221 0.020261 0.029409 0.036214 0.093609 0.406791 0.118427 0.216140 0.037250 0.036678 
0.003723 0.016132 0.022144 0.031977 0.081132 0.401413 0.230438 0.112908 0.040874 0.059259 
0.000509 0.005814 0.017674 0.040909 0.142341 0.410549 0.213597 0.110219 0.039557 0.018832 
0.005700 0.024038 0.033679 0.048390 0.134394 0.441048 0.158536 0.084455 0.032217 0.037543 
0.006634 0.027171 0.037499 0.048830 0.123886 0.493571 0.157413 0.055229 0.034210 0.015557 
0.000188 0.003576 0.013694 0.030782 0.058834 0.583614 0.136845 0.095730 0.045408 0.031330 
0.001603 0.005993 0.011167 0.019508 0.091743 0.553056 0.157253 0.111688 0.020116 0.027872 
0.003864 0.016325 0.024312 0.028581 0.057806 0.497887 0.153520 0.164035 0.020540 0.033130 
0.000461 0.003305 0.009869 0.022518 0.082378 0.506205 0.193274 0.121517 0.031069 0.029403 
0.007679 0.030854 0.043612 0.058208 0.124828 0.426711 0.129506 0.106687 0.035035 0.036882 
0.007664 0.031065 0.043507 0.057744 0.124038 0.431037 0.144393 0.120288 0.017727 0.022536 
0.006742 0.026293 0.037714 0.049673 0.138287 0.417536 0.157560 0.133672 0.013011 0.019513 
0.003203 0.013828 0.022388 0.036264 0.103023 0.402202 0.188756 0.147019 0.036268 0.047049 
0.003696 0.014312 0.020862 0.027474 0.125549 0.429451 0.179723 0.116511 0.038735 0.043687 
0.003678 0.016048 0.026254 0.048081 0.161355 0.431850 0.148895 0.105096 0.034696 0.024048 
0.002413 0.010460 0.020244 0.039201 0.114166 0.477453 0.190212 0.091964 0.032326 0.021561 
0.002176 0.010838 0.020384 0.038033 0.124251 0.451332 0.163282 0.090532 0.052854 0.046319 
0.006510 0.026255 0.036863 0.046114 0.120153 0.414642 0.153613 0.112536 0.044125 0.039188 
0.003514 0.014505 0.017040 0.024346 0.036947 0.634873 0.166198 0.059290 0.013728 0.029560 
0.007738 0.031640 0.044818 0.061072 0.122804 0.506526 0.119734 0.048782 0.028941 0.027945 
0.007998 0.032676 0.045994 0.059637 0.110871 0.495796 0.108335 0.078392 0.034151 0.026148 
0.007588 0.030799 0.042235 0.054290 0.087277 0.539006 0.096104 0.094881 0.025405 0.022415 
0.000728 0.003195 0.011577 0.022895 0.087073 0.564531 0.090580 0.153736 0.038593 0.027093 
0.000782 0.003851 0.012012 0.023808 0.057234 0.638408 0.120177 0.080389 0.024291 0.039048 
0.004463 0.018299 0.028641 0.046093 0.097328 0.535187 0.128909 0.084307 0.039283 0.017489 
0.001776 0.009085 0.020459 0.043315 0.120078 0.454661 0.141158 0.117603 0.055136 0.036729 
0.000448 0.004505 0.012857 0.028972 0.081578 0.591705 0.163583 0.041321 0.035573 0.039458 
0.001173 0.002943 0.007676 0.013099 0.050571 0.650251 0.161719 0.064395 0.021343 0.026829 
0.008636 0.035828 0.048767 0.063705 0.143412 0.481391 0.101637 0.081939 0.021717 0.012970 
0.009087 0.036856 0.050700 0.065988 0.135769 0.494123 0.082365 0.073108 0.028689 0.023314 
0.008426 0.033763 0.047517 0.063028 0.132575 0.502632 0.132271 0.037126 0.022533 0.020130 
0.007345 0.029629 0.042075 0.055228 0.128797 0.512315 0.128959 0.040684 0.027444 0.027524 
0.004737 0.021293 0.028414 0.041672 0.111392 0.578666 0.078600 0.079010 0.029281 0.026936 
0.003473 0.014738 0.025588 0.043858 0.121733 0.520285 0.142815 0.053782 0.042340 0.031389 
0.001751 0.008965 0.021165 0.042733 0.121687 0.552257 0.129031 0.065051 0.036426 0.020934 
0.000107 0.004505 0.017053 0.037104 0.104661 0.600811 0.139517 0.044719 0.032591 0.018933 
0.004402 0.019089 0.028154 0.042614 0.104725 0.544275 0.118963 0.074576 0.029783 0.033419 
0.003805 0.017464 0.022925 0.033028 0.078004 0.645866 0.115023 0.052730 0.014412 0.016743 
0.008881 0.036186 0.049926 0.065336 0.122429 0.522836 0.109443 0.055288 0.021010 0.008665 
0.008431 0.034277 0.047736 0.061839 0.119101 0.532107 0.106423 0.039899 0.028810 0.021377 
0.008594 0.034641 0.048277 0.063624 0.123330 0.516632 0.106387 0.049756 0.028605 0.020154 
0.006670 0.027614 0.038497 0.051173 0.096123 0.633268 0.091294 0.035715 0.010728 0.008918 
0.001149 0.003579 0.010182 0.020913 0.064280 0.725499 0.106253 0.029377 0.016282 0.022485 
0.001686 0.008576 0.018797 0.038670 0.107826 0.554159 0.127386 0.064570 0.044160 0.034169 
0.000618 0.005444 0.018436 0.040809 0.118417 0.521058 0.141547 0.073165 0.046851 0.033655 
0.002282 0.010330 0.020388 0.041499 0.112823 0.553273 0.133711 0.066289 0.039921 0.019484 
0.003066 0.013073 0.021374 0.036331 0.099768 0.586602 0.113905 0.062004 0.035000 0.028877 
0.006235 0.021974 0.037536 0.045327 0.088035 0.586103 0.105238 0.052086 0.023104 0.034362 
0.008184 0.034427 0.046454 0.059749 0.111421 0.536095 0.100459 0.050492 0.024953 0.027765 
0.009265 0.037794 0.053716 0.069867 0.144214 0.456269 0.121193 0.051466 0.031529 0.024687 
0.007667 0.029639 0.043613 0.056658 0.116643 0.540886 0.113080 0.040229 0.023482 0.028103 
0.002393 0.007930 0.012286 0.018930 0.069676 0.617811 0.196489 0.020570 0.024216 0.029699 
0.001538 0.005363 0.011397 0.022165 0.069843 0.525601 0.252404 0.033841 0.034517 0.043331 
0.003469 0.014124 0.022170 0.034447 0.081763 0.454491 0.286795 0.043016 0.027414 0.032312 
0.003594 0.014563 0.026049 0.041986 0.101272 0.518508 0.177299 0.053632 0.035464 0.027633 
0.005555 0.023807 0.034082 0.049142 0.103371 0.350336 0.210012 0.075256 0.075019 0.073420 
0.003745 0.015720 0.024728 0.035234 0.077049 0.348514 0.311949 0.069594 0.078901 0.034566 
0.000503 0.003619 0.007806 0.016923 0.057253 0.440137 0.378279 0.059862 0.009311 0.026306 
0.004237 0.018114 0.025346 0.035041 0.079222 0.392312 0.371243 0.047148 0.015003 0.012332 
0.007660 0.032384 0.043751 0.057375 0.116706 0.451740 0.225225 0.036720 0.016219 0.012220 
0.007503 0.029705 0.042408 0.054130 0.106502 0.469565 0.221157 0.028515 0.027283 0.013230 
0.005935 0.024746 0.035290 0.044446 0.093221 0.353677 0.302539 0.052325 0.050777 0.037043 
0.003274 0.012707 0.017857 0.026180 0.062295 0.447196 0.355169 0.024665 0.018836 0.031822 
0.000104 0.002926 0.008719 0.018823 0.065697 0.411129 0.410940 0.029050 0.024419 0.028192 
0.003911 0.015208 0.023937 0.032005 0.077043 0.420920 0.249061 0.073189 0.054540 0.050186 
0.007078 0.028571 0.040526 0.050895 0.081328 0.401078 0.299249 0.056914 0.023142 0.011217 
0.001113 0.007581 0.012782 0.022953 0.050235 0.200783 0.465526 0.082729 0.081010 0.075288 
0.003529 0.014707 0.021168 0.028908 0.054055 0.431188 0.366902 0.032917 0.018536 0.028091 
0.003979 0.016044 0.024178 0.036578 0.075718 0.246590 0.481063 0.060691 0.034860 0.020299 
0.005602 0.022605 0.029650 0.040420 0.082988 0.367182 0.352994 0.033751 0.026160 0.038649 
0.000619 0.003739 0.004191 0.009706 0.023334 0.232416 0.533982 0.056793 0.064717 0.070504 
0.000542 0.004135 0.006516 0.008781 0.027796 0.411456 0.453842 0.029019 0.024353 0.033559 
0.003052 0.012483 0.017037 0.023912 0.053157 0.312349 0.495548 0.052578 0.017406 0.012476 
0.005751 0.021207 0.030209 0.039967 0.079335 0.342505 0.384847 0.040950 0.021433 0.033796 
0.006672 0.029459 0.040109 0.050872 0.102089 0.385750 0.284567 0.038289 0.021458 0.040736 
0.001710 0.010581 0.015809 0.028988 0.080910 0.356843 0.368484 0.060476 0.052557 0.023643 
0.004643 0.019354 0.027806 0.035613 0.079927 0.272387 0.386435 0.062841 0.047961 0.063034 
0.001909 0.009558 0.014522 0.024114 0.064573 0.318160 0.433630 0.055569 0.025711 0.052254 
0.002002 0.008998 0.019232 0.038786 0.095846 0.329814 0.323338 0.082510 0.061469 0.038006 
0.004890 0.020302 0.026110 0.035713 0.078838 0.295496 0.383148 0.074333 0.044451 0.036718 
0.002613 0.010788 0.011397 0.015552 0.023383 0.222230 0.565737 0.055494 0.054994 0.037812 
0.000879 0.004536 0.004920 0.007682 0.014469 0.332566 0.466748 0.051437 0.051668 0.065095 
0.001887 0.008603 0.012289 0.017000 0.010051 0.307168 0.558619 0.051104 0.021034 0.012244 
0.000887 0.005348 0.011976 0.025460 0.061864 0.327919 0.387805 0.081363 0.041120 0.056258 
0.001086 0.006146 0.014206 0.031569 0.082118 0.315803 0.359491 0.064959 0.064973 0.059649 
0.002063 0.007783 0.011417 0.019866 0.053068 0.340710 0.473888 0.031581 0.042068 0.017555 
0.003211 0.013149 0.017508 0.024228 0.052329 0.340168 0.480911 0.023388 0.018050 0.027059 
0.006677 0.026782 0.037137 0.046339 0.069018 0.218788 0.466994 0.065401 0.029780 0.033084 
0.000766 0.003661 0.007012 0.010987 0.037044 0.324654 0.529583 0.019294 0.024278 0.042720 
0.008305 0.033668 0.045203 0.058163 0.107621 0.288369 0.354164 0.049962 0.032302 0.022242 
0.007625 0.031771 0.043086 0.054501 0.103637 0.357330 0.343677 0.024924 0.017551 0.015898 
0.000207 0.004300 0.008615 0.016689 0.050696 0.391299 0.454899 0.021333 0.024486 0.027476 
0.002057 0.012003 0.020274 0.032740 0.083728 0.398253 0.365472 0.043864 0.018769 0.022840 
0.002727 0.009896 0.015072 0.019010 0.020741 0.384159 0.460781 0.043934 0.020702 0.022977 
0.004143 0.016355 0.024669 0.037571 0.083929 0.335775 0.371936 0.055233 0.044191 0.026197 
0.001979 0.006673 0.012757 0.022391 0.059750 0.346762 0.409151 0.044858 0.045929 0.049749 
0.008700 0.036231 0.048879 0.061995 0.104329 0.351944 0.295931 0.059550 0.023824 0.008617 
0.008487 0.034307 0.047313 0.059189 0.106559 0.224503 0.339167 0.091764 0.050703 0.038009 
0.005912 0.023462 0.031586 0.040347 0.069747 0.380162 0.324926 0.054536 0.026623 0.042698 
0.007330 0.029437 0.041273 0.052607 0.096034 0.366647 0.304833 0.053428 0.039326 0.009085 
0.001144 0.005617 0.011469 0.022033 0.058840 0.478024 0.338443 0.037695 0.022820 0.023914 
0.003502 0.014386 0.022691 0.036197 0.090125 0.385115 0.319993 0.062041 0.036668 0.029282 
0.001572 0.007379 0.017665 0.035169 0.087165 0.323139 0.398366 0.065818 0.042167 0.021561 
0.000020 0.002370 0.003355 0.006832 0.016088 0.357776 0.529325 0.011314 0.023338 0.049581 
0.002432 0.009694 0.017381 0.029946 0.073754 0.418994 0.325437 0.054303 0.039440 0.028620 
0.007191 0.029801 0.041630 0.054818 0.106690 0.471578 0.207957 0.037891 0.018296 0.024148 
0.009009 0.036644 0.051283 0.065506 0.124524 0.389824 0.223641 0.053316 0.024630 0.021624 
0.009156 0.038178 0.052856 0.067545 0.117308 0.447909 0.198462 0.031627 0.015461 0.021498 
0.000879 0.005146 0.009386 0.013976 0.020599 0.420451 0.420596 0.056777 0.021867 0.030324 
0.004814 0.018626 0.025835 0.036691 0.077454 0.524398 0.259773 0.009404 0.008206 0.034801 
0.001720 0.007994 0.016993 0.031834 0.092109 0.567858 0.183110 0.037620 0.030541 0.030221 
0.000274 0.004234 0.016360 0.037223 0.107087 0.404687 0.258043 0.073479 0.052742 0.045870 
0.000610 0.005900 0.016127 0.034568 0.097563 0.446082 0.178596 0.089616 0.067023 0.063916 
0.006147 0.022859 0.032159 0.040387 0.088703 0.474758 0.295829 0.011724 0.017156 0.010278 
0.006079 0.024683 0.034887 0.046582 0.098704 0.526955 0.189744 0.028375 0.021742 0.022248 
0.007087 0.028719 0.039842 0.053678 0.109035 0.461928 0.212428 0.041102 0.025868 0.020313 
0.009813 0.039971 0.055890 0.071955 0.142219 0.461697 0.142992 0.043092 0.016765 0.015606 
0.008301 0.033689 0.046240 0.060288 0.110271 0.457972 0.184859 0.048041 0.024655 0.025684 
0.000048 0.002781 0.009041 0.020582 0.054717 0.454514 0.324590 0.048260 0.042742 0.042723 
0.000549 0.005097 0.016278 0.035412 0.104486 0.575943 0.174316 0.045188 0.027409 0.015320 
0.000272 0.004704 0.016400 0.037631 0.106404 0.518947 0.181492 0.057304 0.034089 0.042756 
0.001838 0.009536 0.020517 0.039651 0.111531 0.526408 0.137596 0.068878 0.046522 0.037523 
0.000830 0.004789 0.012507 0.025891 0.088764 0.561797 0.188242 0.050159 0.035685 0.031337 
0.002379 0.010499 0.015007 0.054819 0.109143 0.444165 0.173441 0.170415 0.011053 0.009078 
0.005568 0.022280 0.032359 0.076272 0.204191 0.402985 0.115398 0.095343 0.023034 0.022570 
0.006095 0.025599 0.040215 0.149532 0.208804 0.353155 0.155769 0.029883 0.013953 0.016996 
0.006953 0.029983 0.047507 0.195783 0.174044 0.366120 0.100349 0.039658 0.021181 0.018422 
0.000483 0.007078 0.032032 0.218971 0.205496 0.238422 0.132010 0.084320 0.040226 0.040962 
0.003714 0.018431 0.035798 0.183415 0.134372 0.414103 0.100315 0.062322 0.025337 0.022192 
0.003376 0.014224 0.025583 0.170697 0.226629 0.358224 0.120355 0.043852 0.017149 0.019911 
0.003250 0.013763 0.026896 0.164665 0.227570 0.355198 0.111319 0.049866 0.022295 0.025177 
0.004341 0.016323 0.028918 0.172339 0.224346 0.321581 0.065614 0.103249 0.031285 0.032005 
0.009970 0.042089 0.063844 0.239649 0.197807 0.217901 0.094509 0.106705 0.017548 0.009978 
0.008058 0.031906 0.050714 0.181355 0.152898 0.330582 0.128084 0.073243 0.020752 0.022409 
0.004989 0.022147 0.035505 0.180024 0.228888 0.339385 0.067196 0.101088 0.013112 0.007666 
0.005163 0.022851 0.036370 0.187592 0.216410 0.354199 0.059235 0.096359 0.011920 0.009901 
0.000679 0.003534 0.010259 0.160768 0.258875 0.399744 0.060364 0.088210 0.011273 0.006293 
0.003236 0.017325 0.034559 0.212022 0.279096 0.252717 0.108468 0.070567 0.008026 0.013984 
0.001176 0.006855 0.025880 0.157590 0.195018 0.364783 0.123884 0.074927 0.027632 0.022254 
0.002069 0.007013 0.008122 0.136900 0.134090 0.440445 0.107058 0.083616 0.041119 0.039568 
0.000205 0.006333 0.021501 0.225588 0.285864 0.284167 0.079674 0.046285 0.018087 0.032296 
0.000342 0.006725 0.029514 0.231798 0.319563 0.260874 0.046115 0.075763 0.006647 0.022658 
0.006947 0.027149 0.045415 0.195499 0.309616 0.226853 0.056602 0.111410 0.011284 0.009225 
0.009580 0.039434 0.060362 0.195919 0.196172 0.253979 0.077371 0.124876 0.026493 0.015814 
0.007118 0.027208 0.042160 0.167765 0.113553 0.389848 0.110077 0.120893 0.010367 0.011012 
0.001349 0.007538 0.012989 0.165273 0.237257 0.366436 0.069588 0.080495 0.023656 0.035419 
0.005772 0.026934 0.049497 0.204954 0.343802 0.180462 0.056706 0.088442 0.017549 0.025882 
0.004403 0.019890 0.045405 0.259587 0.305670 0.206139 0.048107 0.058964 0.025054 0.026780 
0.002420 0.011742 0.020946 0.161676 0.209228 0.341644 0.109815 0.087496 0.024487 0.030547 
0.003927 0.015872 0.019942 0.103841 0.194230 0.381616 0.094337 0.115133 0.031444 0.039657 
0.004251 0.015525 0.023816 0.115348 0.200868 0.397795 0.091222 0.126424 0.009375 0.015376 
0.003634 0.013598 0.027743 0.132473 0.260500 0.289225 0.066890 0.182303 0.010792 0.012843 
0.009109 0.036919 0.054030 0.250461 0.220332 0.234992 0.046854 0.124332 0.010324 0.012647 
0.003415 0.013760 0.026257 0.146514 0.142680 0.182299 0.212188 0.213003 0.032340 0.027544 
0.003135 0.014319 0.017084 0.043899 0.105274 0.085338 0.144128 0.211992 0.145835 0.228996 
0.000229 0.003356 0.009860 0.033749 0.302428 0.104377 0.108735 0.151082 0.148116 0.138070 
0.002096 0.007064 0.016502 0.045319 0.233892 0.319118 0.029677 0.193884 0.046623 0.105826 
0.003461 0.012150 0.016660 0.059052 0.302160 0.223921 0.119841 0.112793 0.045228 0.104734 
0.000111 0.003484 0.004836 0.116959 0.404197 0.207843 0.035174 0.100951 0.080475 0.045969 
0.001398 0.008201 0.011050 0.116949 0.421753 0.254730 0.029391 0.077827 0.026508 0.052193 
0.003201 0.013684 0.020789 0.082858 0.392069 0.160966 0.049168 0.098745 0.077766 0.100754 
0.008223 0.033777 0.050216 0.099219 0.268347 0.218065 0.055007 0.137673 0.100508 0.028966 
0.003607 0.016998 0.027650 0.111747 0.319292 0.095028 0.067981 0.082200 0.106839 0.168658 
0.002607 0.011241 0.014025 0.087438 0.355500 0.166791 0.062356 0.108830 0.062517 0.128696 
0.001032 0.006003 0.006965 0.035600 0.357257 0.202920 0.114831 0.142490 0.048394 0.084508 
0.004111 0.017643 0.027520 0.043241 0.318493 0.117232 0.012273 0.159709 0.111250 0.188528 
0.004739 0.019889 0.031697 0.114257 0.306684 0.136169 0.053531 0.179164 0.064448 0.089422 
0.000145 0.004246 0.021432 0.120541 0.217248 0.278242 0.090380 0.113756 0.077470 0.076539 
0.001284 0.005215 0.014937 0.092069 0.285190 0.104212 0.095482 0.157440 0.075023 0.169148 
0.003208 0.012487 0.021284 0.054686 0.265793 0.139318 0.053847 0.136327 0.108001 0.205049 
0.004955 0.021698 0.034703 0.076762 0.293978 0.241576 0.059529 0.149735 0.036195 0.080868 
0.005195 0.020326 0.028366 0.048303 0.329112 0.279916 0.055138 0.121899 0.033268 0.078477 
0.002782 0.011151 0.021113 0.056695 0.402472 0.171628 0.067987 0.066818 0.077226 0.122129 
0.001348 0.006799 0.017945 0.093969 0.393789 0.199092 0.055720 0.079926 0.052515 0.098898 
0.002243 0.008453 0.010455 0.108531 0.459668 0.118285 0.055818 0.098384 0.083547 0.054616 
0.003467 0.015119 0.024426 0.055148 0.359771 0.278394 0.064377 0.045451 0.062601 0.091246 
0.009556 0.039992 0.059899 0.139824 0.337437 0.198003 0.085900 0.040707 0.020729 0.067952 
0.004582 0.019294 0.033490 0.135957 0.352630 0.140434 0.037256 0.105179 0.054852 0.116327 
0.000238 0.005887 0.016253 0.126988 0.366232 0.183062 0.046401 0.143856 0.045906 0.065176 
0.000367 0.005379 0.010264 0.029185 0.220831 0.195449 0.062355 0.122587 0.131123 0.222459 
0.000057 0.003319 0.007394 0.030492 0.340975 0.207522 0.068937 0.098856 0.094320 0.148128 
0.003796 0.017016 0.027495 0.089772 0.337922 0.139201 0.049397 0.170637 0.075306 0.089458 
0.001554 0.007577 0.021598 0.109520 0.307925 0.196854 0.101509 0.101727 0.073135 0.078601 
0.000054 0.005081 0.005644 0.036673 0.386704 0.177534 0.067137 0.093760 0.040951 0.186464 
0.001342 0.007364 0.011867 0.037331 0.306578 0.253886 0.064610 0.180358 0.072536 0.064128 
0.001805 0.008072 0.017910 0.057514 0.391597 0.256592 0.084143 0.088389 0.024069 0.069908 
0.006144 0.025552 0.035409 0.058285 0.419520 0.227807 0.039471 0.066235 0.082536 0.039041 
0.002831 0.010823 0.013476 0.076451 0.402994 0.128525 0.045482 0.042176 0.122001 0.155241 
0.000690 0.003712 0.010146 0.038919 0.403683 0.243233 0.047734 0.067215 0.071532 0.113135 
0.003118 0.012924 0.026025 0.064470 0.288375 0.338913 0.089370 0.053759 0.030359 0.092686 
0.002862 0.012942 0.027235 0.065962 0.381079 0.289455 0.090993 0.039330 0.037445 0.052695 
0.004510 0.018296 0.026052 0.074003 0.420407 0.161878 0.042894 0.106106 0.055171 0.090683 
0.002161 0.007748 0.013638 0.076103 0.443622 0.150675 0.074890 0.107721 0.054280 0.069163 
0.000155 0.004100 0.013646 0.042162 0.308082 0.263493 0.090965 0.076306 0.112367 0.088724 
0.000745 0.006569 0.019373 0.047977 0.238653 0.276849 0.082455 0.126753 0.107621 0.093005 
0.002669 0.010702 0.018776 0.033755 0.401412 0.248200 0.066845 0.102966 0.057756 0.056920 
0.002998 0.009794 0.015092 0.095430 0.471451 0.105438 0.041603 0.105545 0.067632 0.085018 
0.002750 0.012095 0.019798 0.056582 0.489559 0.204684 0.056458 0.072934 0.046462 0.038679 
0.002092 0.010597 0.022452 0.049152 0.345545 0.288083 0.067922 0.082814 0.037281 0.094060 
0.002901 0.011453 0.025398 0.067942 0.343800 0.304401 0.075399 0.050650 0.040526 0.077530 
0.005860 0.024990 0.036429 0.066812 0.409752 0.260463 0.051213 0.059667 0.026810 0.058004 
0.002552 0.008243 0.011813 0.021252 0.520204 0.142103 0.031889 0.090419 0.078477 0.093049 
0.003483 0.015147 0.025091 0.054180 0.404217 0.187761 0.051912 0.052062 0.088640 0.117508 
0.002348 0.010424 0.024663 0.062626 0.294858 0.301784 0.086807 0.054534 0.061026 0.100929 
0.004163 0.018806 0.032542 0.074497 0.321687 0.288095 0.084664 0.059840 0.062116 0.053591 
0.007393 0.030216 0.045509 0.074538 0.408240 0.250512 0.073520 0.032854 0.026901 0.050317 
0.002539 0.011974 0.018812 0.037299 0.388377 0.272667 0.070691 0.054724 0.063719 0.079198 
0.000346 0.004659 0.016355 0.041131 0.381647 0.265513 0.067797 0.057995 0.081310 0.083247 
0.002708 0.012111 0.025427 0.048609 0.278682 0.320374 0.075777 0.059138 0.046666 0.130509 
0.003985 0.015985 0.028213 0.052760 0.409393 0.287798 0.078340 0.055507 0.020172 0.047847 
0.006226 0.026494 0.038740 0.052857 0.426309 0.265309 0.078035 0.039613 0.032446 0.033971 
0.001820 0.008365 0.018565 0.044634 0.386648 0.299648 0.073087 0.060270 0.063732 0.043231 
0.002517 0.011630 0.025232 0.062228 0.330762 0.323051 0.079972 0.041134 0.035845 0.087629 
0.003921 0.017161 0.029488 0.066030 0.326626 0.279436 0.074858 0.050365 0.056964 0.095150 
0.006956 0.011297 0.033730 0.153173 0.317943 0.241453 0.076636 0.046903 0.056263 0.055646 
0.005136 0.020636 0.058030 0.215158 0.211996 0.206010 0.076707 0.070956 0.081594 0.053778 
0.009336 0.029146 0.068524 0.222862 0.229841 0.186710 0.069301 0.067826 0.058140 0.058314 
0.003522 0.009764 0.055216 0.330839 0.190716 0.166719 0.071026 0.033836 0.079217 0.059145 
0.003507 0.020810 0.034862 0.296946 0.231583 0.151761 0.051745 0.062356 0.066180 0.080249 
0.005120 0.022302 0.082226 0.238176 0.254376 0.168060 0.066369 0.051439 0.044966 0.066965 
0.009945 0.044830 0.096258 0.231986 0.241489 0.154102 0.060939 0.043175 0.056603 0.060673 
0.001431 0.012324 0.042872 0.405320 0.209673 0.098359 0.068878 0.039374 0.070429 0.051340 
0.006622 0.031527 0.045350 0.303393 0.254273 0.100064 0.066977 0.046057 0.089029 0.056709 
0.002905 0.013328 0.041399 0.226674 0.375209 0.130647 0.070761 0.050616 0.050152 0.038308 
0.001458 0.005222 0.056024 0.214116 0.385659 0.126698 0.064941 0.038320 0.065085 0.042477 
0.001889 0.009405 0.037390 0.300781 0.251426 0.073667 0.077680 0.045561 0.114125 0.088076 
0.007378 0.029350 0.032540 0.304149 0.161427 0.108549 0.082136 0.076803 0.123596 0.074072 
0.004719 0.018788 0.049796 0.223150 0.236938 0.162221 0.085869 0.032132 0.097706 0.088681 
0.000659 0.011842 0.045885 0.179555 0.267030 0.166290 0.090836 0.067719 0.077004 0.093181 
0.001884 0.008110 0.059113 0.252964 0.201159 0.185076 0.075965 0.046416 0.086391 0.082922 
0.003864 0.019890 0.049794 0.287736 0.186932 0.187392 0.065141 0.030971 0.067083 0.101198 
0.005767 0.022616 0.060595 0.385452 0.169561 0.054386 0.074425 0.050006 0.088671 0.088520 
0.012160 0.053081 0.059336 0.229962 0.217304 0.118453 0.061322 0.042863 0.096533 0.108987 
0.003227 0.011591 0.034039 0.181728 0.246216 0.138996 0.071075 0.078627 0.121234 0.113267 
0.004749 0.019861 0.029260 0.180565 0.196855 0.156537 0.085440 0.067766 0.145440 0.113526 
0.002527 0.015122 0.046820 0.270300 0.131461 0.130645 0.083505 0.059796 0.152384 0.107439 
0.005509 0.021352 0.063193 0.284148 0.203979 0.087318 0.079524 0.052515 0.127103 0.075360 
0.002796 0.013009 0.022140 0.311158 0.251052 0.088467 0.100322 0.040508 0.093937 0.076611 
0.001533 0.009202 0.021466 0.294881 0.255247 0.095083 0.097815 0.048908 0.081467 0.094399 
0.006310 0.024719 0.064237 0.307592 0.261866 0.082925 0.079060 0.033876 0.039970 0.099445 
0.002994 0.017124 0.030898 0.239759 0.333368 0.112307 0.061718 0.039999 0.084008 0.077825 
0.000620 0.005367 0.017518 0.264182 0.171948 0.116210 0.134800 0.084722 0.104207 0.100426 
0.003014 0.013746 0.016509 0.238316 0.254195 0.068447 0.147571 0.058990 0.097326 0.101886 
0.007794 0.030402 0.072310 0.256667 0.135157 0.090515 0.105963 0.064985 0.140097 0.096108 
0.006463 0.024601 0.064580 0.260054 0.169830 0.106265 0.053071 0.075339 0.130902 0.108894 
0.007813 0.030533 0.057763 0.270916 0.123871 0.123189 0.072328 0.075884 0.111946 0.125757 
0.004785 0.020545 0.029867 0.340118 0.134640 0.143442 0.109073 0.057625 0.089611 0.070293 
0.004456 0.018038 0.050497 0.270911 0.191210 0.166684 0.101983 0.030769 0.069225 0.096226 
0.000409 0.006570 0.033795 0.205089 0.203526 0.149563 0.106771 0.037163 0.095745 0.161368 
0.000902 0.009318 0.073974 0.228721 0.252536 0.053182 0.106900 0.069258 0.090702 0.114506 
0.001882 0.008406 0.050023 0.244643 0.259736 0.143027 0.081174 0.013707 0.092811 0.104590 
0.002465 0.012713 0.046532 0.232812 0.186998 0.126483 0.094044 0.040109 0.151802 0.106043 
0.003645 0.010614 0.038737 0.229236 0.154561 0.127876 0.113770 0.054821 0.151550 0.115190 
0.003305 0.014425 0.034463 0.235062 0.138384 0.137222 0.153276 0.072573 0.103685 0.107605 
0.006729 0.030491 0.051986 0.300077 0.173300 0.098462 0.107878 0.047860 0.089585 0.093631 
0.010154 0.040542 0.094133 0.261639 0.221999 0.081327 0.111084 0.056666 0.081236 0.041220 
0.005200 0.022463 0.048728 0.262344 0.218679 0.115102 0.122036 0.063126 0.092673 0.049649 
0.002653 0.013661 0.017114 0.345239 0.238689 0.072076 0.130940 0.049066 0.076664 0.053897 
0.003420 0.014886 0.056497 0.297432 0.240661 0.057075 0.105760 0.043368 0.099514 0.081387 
0.005904 0.027600 0.058098 0.259889 0.182463 0.082016 0.119337 0.037160 0.120791 0.106742 
0.006177 0.022954 0.072763 0.279426 0.131243 0.074119 0.151820 0.027135 0.106202 0.128161 
0.006884 0.029032 0.062213 0.262947 0.132428 0.093362 0.148923 0.022101 0.118694 0.123415 
0.002364 0.008638 0.057739 0.227452 0.263519 0.127239 0.107200 0.024063 0.084837 0.096949 
0.006452 0.030801 0.056475 0.250263 0.228117 0.047266 0.080261 0.049153 0.144952 0.106259 
0.000149 0.008860 0.049454 0.352337 0.136412 0.063577 0.085259 0.033983 0.122206 0.147763 
0.002547 0.009115 0.035071 0.359956 0.119346 0.074463 0.156722 0.040354 0.108900 0.093526 
0.007210 0.030300 0.071041 0.275582 0.125000 0.053494 0.152106 0.079883 0.111031 0.094354 
0.003052 0.014434 0.048067 0.315160 0.122513 0.069295 0.181302 0.109058 0.100884 0.036236 
0.004334 0.017599 0.037887 0.332364 0.113080 0.077944 0.156603 0.069969 0.137561 0.052660 
0.000264 0.003464 0.019186 0.305383 0.145910 0.105436 0.118424 0.061993 0.149242 0.090698 
0.006222 0.027484 0.056075 0.273241 0.139459 0.054077 0.142641 0.063708 0.141171 0.095922 
0.006908 0.028524 0.063434 0.248019 0.156645 0.123450 0.105686 0.049406 0.104649 0.113278 
0.006202 0.028275 0.066601 0.283288 0.214681 0.079577 0.065040 0.059200 0.109547 0.087588 
0.006183 0.024425 0.053934 0.256697 0.271289 0.094673 0.045720 0.079513 0.127071 0.040496 
0.004705 0.019850 0.049904 0.291770 0.238740 0.119548 0.052845 0.093339 0.096872 0.032427 
0.007775 0.032327 0.065094 0.239885 0.232409 0.152961 0.079628 0.060039 0.067121 0.062760 
0.001253 0.005983 0.039992 0.234520 0.255581 0.177932 0.082643 0.068023 0.075492 0.058580 
0.000890 0.007535 0.061973 0.172209 0.249467 0.158493 0.096790 0.117964 0.101354 0.033325 
0.004757 0.022034 0.063757 0.124210 0.223837 0.170172 0.121740 0.122446 0.095652 0.051396 
0.000097 0.003886 0.045096 0.135357 0.271670 0.149756 0.082451 0.094506 0.114594 0.102587 
0.001654 0.011090 0.046007 0.118493 0.344252 0.153056 0.082229 0.043647 0.084021 0.115550 
0.004526 0.022328 0.049687 0.159981 0.344874 0.126669 0.093220 0.038782 0.078598 0.081334 
0.000263 0.003444 0.042201 0.152959 0.303976 0.167575 0.072596 0.057692 0.151883 0.047411 
0.006095 0.026501 0.052017 0.194899 0.234102 0.116255 0.086819 0.075928 0.136055 0.071329 
0.000757 0.006126 0.028589 0.262345 0.165549 0.130611 0.099318 0.093525 0.170025 0.043156 
0.001907 0.012468 0.037839 0.223341 0.150953 0.139526 0.096409 0.071673 0.239447 0.026436 
0.000860 0.012741 0.039780 0.294271 0.100481 0.074106 0.099520 0.065527 0.233756 0.078957 
0.002054 0.012530 0.032822 0.305600 0.143277 0.047923 0.099904 0.058256 0.170868 0.126766 
0.000021 0.006988 0.046433 0.268736 0.181527 0.156881 0.099018 0.102958 0.064468 0.072970 
0.001985 0.011104 0.053215 0.238213 0.225239 0.173035 0.087140 0.092101 0.043382 0.074586 
0.006524 0.027439 0.048060 0.266670 0.197275 0.163585 0.059805 0.086337 0.060033 0.084272 
0.010562 0.042512 0.077103 0.258872 0.164987 0.137807 0.063777 0.089708 0.101950 0.052722 
0.007967 0.028079 0.056728 0.301459 0.172602 0.152011 0.050816 0.076711 0.112604 0.041024 
0.005062 0.023949 0.062852 0.226513 0.273168 0.171249 0.046983 0.053747 0.114488 0.021989 
0.002467 0.016477 0.047622 0.215745 0.282986 0.172644 0.036876 0.047037 0.151461 0.026685 
0.001896 0.006488 0.035878 0.230224 0.235775 0.171730 0.052013 0.082564 0.146383 0.037049 
0.002108 0.012829 0.055927 0.189863 0.308646 0.142467 0.071268 0.094382 0.095692 0.026817 
0.000758 0.009692 0.037536 0.224609 0.416823 0.086240 0.027959 0.044673 0.106110 0.045601 
0.001514 0.007739 0.038462 0.216063 0.359139 0.085791 0.048403 0.075046 0.128533 0.039311 
0.003355 0.012904 0.056885 0.212858 0.300400 0.092743 0.052943 0.104794 0.136905 0.026213 
0.001621 0.010036 0.041475 0.283468 0.358019 0.098071 0.056434 0.077941 0.052062 0.020874 
0.002378 0.010463 0.036562 0.182665 0.319521 0.116796 0.080058 0.097974 0.125027 0.028557 
0.002952 0.013823 0.046123 0.164134 0.264425 0.075478 0.062387 0.106324 0.220351 0.044004 
0.003292 0.011292 0.048014 0.243718 0.248592 0.128746 0.019084 0.069093 0.193340 0.034828 
0.004458 0.019150 0.055746 0.243776 0.199675 0.166441 0.047530 0.109080 0.116403 0.037741 
0.005540 0.024818 0.059106 0.202267 0.196852 0.128363 0.086071 0.104619 0.160260 0.032103 
0.000097 0.005217 0.043069 0.198159 0.225256 0.121669 0.047373 0.139871 0.178902 0.040387 
0.001983 0.010707 0.040287 0.161424 0.305932 0.117206 0.038090 0.144016 0.127543 0.052813 
0.002954 0.015273 0.049196 0.311163 0.332490 0.083878 0.030385 0.086445 0.067356 0.020861 
0.003942 0.018315 0.040939 0.314167 0.243659 0.052354 0.051964 0.114791 0.132856 0.027013 
0.007879 0.033886 0.067334 0.236023 0.189594 0.048941 0.042252 0.113748 0.227264 0.033079 
0.002945 0.012294 0.021899 0.294878 0.173208 0.067141 0.056458 0.085412 0.254255 0.031510 
0.001879 0.011705 0.050132 0.277227 0.222158 0.080741 0.043146 0.078369 0.192823 0.041822 
0.000520 0.006588 0.022846 0.324390 0.210895 0.092572 0.020948 0.064724 0.210278 0.046238 
0.007732 0.034916 0.060268 0.290674 0.215283 0.077352 0.043049 0.055821 0.177459 0.037445 
0.004380 0.022468 0.057531 0.274522 0.310627 0.076084 0.044811 0.048148 0.130537 0.030893 
0.000840 0.006050 0.029775 0.273682 0.334847 0.075164 0.019435 0.093871 0.134070 0.032266 
0.008988 0.034254 0.072500 0.175845 0.275621 0.114254 0.057043 0.083329 0.128136 0.050032 
0.000845 0.008995 0.023152 0.188640 0.277025 0.233518 0.037197 0.088613 0.095872 0.046144 
0.003112 0.013790 0.037060 0.212787 0.228076 0.257633 0.083250 0.097164 0.052428 0.014701 
0.005518 0.023416 0.048362 0.220862 0.250389 0.204775 0.057480 0.101238 0.081095 0.006866 
0.003874 0.014548 0.037477 0.198859 0.337557 0.200976 0.022663 0.095047 0.066452 0.022548 
0.001450 0.006068 0.030427 0.162107 0.359734 0.195494 0.050252 0.114671 0.051230 0.028567 
0.003542 0.014655 0.039815 0.176788 0.265430 0.190361 0.053779 0.126341 0.100451 0.028839 
0.007789 0.031748 0.056194 0.159948 0.219260 0.153048 0.058982 0.133286 0.139167 0.040578 
0.001708 0.011202 0.041171 0.182668 0.230026 0.176155 0.046634 0.151461 0.081136 0.077840 
0.007612 0.029246 0.069103 0.132574 0.183686 0.112576 0.048136 0.219461 0.121287 0.076320 
0.002753 0.013920 0.037576 0.182262 0.183819 0.053660 0.042251 0.235104 0.183655 0.065000 
0.008739 0.039498 0.061122 0.191176 0.203447 0.093916 0.040711 0.166195 0.131156 0.064041 
0.003165 0.019093 0.085309 0.226033 0.201228 0.116119 0.099018 0.122067 0.093724 0.034243 
0.001010 0.005202 0.054212 0.194670 0.319693 0.110216 0.110367 0.087641 0.089140 0.027849 
0.003698 0.017668 0.062204 0.187681 0.295655 0.107344 0.107420 0.067178 0.090306 0.060846 
0.005121 0.024782 0.071607 0.203360 0.231279 0.104566 0.129498 0.094044 0.045650 0.090091 
0.002064 0.012725 0.055811 0.183796 0.225844 0.141948 0.110488 0.111290 0.070272 0.085762 
0.001214 0.008656 0.046465 0.175985 0.242013 0.114842 0.124368 0.118979 0.086174 0.081304 
0.004463 0.012386 0.053571 0.184480 0.210637 0.126617 0.123672 0.111298 0.106051 0.066826 
0.002919 0.009093 0.052295 0.189452 0.224901 0.131435 0.064831 0.199377 0.077926 0.047771 
0.004494 0.022715 0.051016 0.148136 0.237585 0.127764 0.063835 0.197497 0.118391 0.028567 
0.000513 0.007395 0.044687 0.156322 0.274307 0.118807 0.088919 0.146812 0.135114 0.027124 
0.002684 0.013554 0.054878 0.237757 0.237424 0.133303 0.091520 0.086999 0.105229 0.036653 
0.000164 0.005995 0.044824 0.216828 0.218251 0.164941 0.129067 0.071005 0.117763 0.031162 
0.002217 0.011937 0.059514 0.194876 0.167423 0.109770 0.231258 0.066391 0.088540 0.068074 
0.005879 0.023318 0.063257 0.147821 0.216658 0.122398 0.178384 0.072117 0.111569 0.058598 
