Hasta-Manana,ABBA
0.000000 0.000000 0.000000 0.000000 0.000000 0.000000 0.000000 0.000000 0.000000 0.000000 
0.000000 0.000000 0.000000 0.000000 0.000000 0.000000 0.000000 0.000000 0.000000 0.000000 
0.000000 0.000000 0.000000 0.000000 0.000000 0.000000 0.000000 0.000000 0.000000 0.000000 
0.000000 0.000000 0.000000 0.000000 0.000000 0.000000 0.000000 0.000000 0.000000 0.000000 
0.000000 0.000000 0.000000 0.000000 0.000000 0.000000 0.000000 0.000000 0.000000 0.000000 
0.000000 0.000000 0.000000 0.000000 0.000000 0.000000 0.000000 0.000000 0.000000 0.000000 
0.000000 0.000000 0.000000 0.000000 0.000000 0.000000 0.000000 0.000000 0.000000 0.000000 
0.000000 0.000000 0.000000 0.000000 0.000000 0.000000 0.000000 0.000000 0.000000 0.000000 
0.000000 0.000000 0.000000 0.000000 0.000000 0.000000 0.000000 0.000000 0.000000 0.000000 
0.000000 0.000000 0.000000 0.000000 0.000000 0.000000 0.000000 0.000000 0.000000 0.000000 
0.000000 0.000000 0.000000 0.000000 0.000000 0.000000 0.000000 0.000000 0.000000 0.000000 
0.000000 0.000000 0.000000 0.000000 0.000000 0.000000 0.000000 0.000000 0.000000 0.000000 
0.000000 0.000000 0.000000 0.000000 0.000000 0.000000 0.000000 0.000000 0.000000 0.000000 
0.000000 0.000000 0.000000 0.000000 0.000000 0.000000 0.000000 0.000000 0.000000 0.000000 
0.000000 0.000000 0.000000 0.000000 0.000000 0.000000 0.000000 0.000000 0.000000 0.000000 
0.000000 0.000000 0.000000 0.000000 0.000000 0.000000 0.000000 0.000000 0.000000 0.000000 
0.000000 0.000000 0.000000 0.000000 0.000000 0.000000 0.000000 0.000000 0.000000 0.000000 
0.000000 0.000000 0.000000 0.000000 0.000000 0.000000 0.000000 0.000000 0.000000 0.000000 
0.000000 0.000000 0.000000 0.000000 0.000000 0.000000 0.000000 0.000000 0.000000 0.000000 
0.000000 0.000000 0.000000 0.000000 0.000000 0.000000 0.000000 0.000000 0.000000 0.000000 
0.000000 0.000000 0.000000 0.000000 0.000000 0.000000 0.000000 0.000000 0.000000 0.000000 
0.000000 0.000000 0.000000 0.000000 0.000000 0.000000 0.000000 0.000000 0.000000 0.000000 
0.000000 0.000000 0.000000 0.000000 0.000000 0.000000 0.000000 0.000000 0.000000 0.000000 
0.048530 0.282156 0.280853 0.131141 0.059474 0.039051 0.043158 0.040783 0.029018 0.045836 
0.018544 0.124662 0.286362 0.120968 0.135699 0.080579 0.065888 0.093158 0.039600 0.034540 
0.007847 0.413328 0.185620 0.091823 0.108749 0.041098 0.030564 0.066849 0.026646 0.027479 
0.000923 0.353338 0.121243 0.126696 0.095135 0.039559 0.070396 0.128389 0.041872 0.022447 
0.020750 0.304934 0.120214 0.155008 0.132379 0.051707 0.049043 0.096219 0.046591 0.023156 
0.002165 0.216819 0.139795 0.134784 0.199186 0.052611 0.032277 0.146247 0.049189 0.026927 
0.001811 0.236057 0.142064 0.156010 0.257138 0.063774 0.030784 0.076458 0.017130 0.018775 
0.008463 0.277640 0.200263 0.125705 0.112759 0.045340 0.040705 0.126547 0.041996 0.020583 
0.000163 0.243465 0.229418 0.094657 0.187335 0.033669 0.040475 0.098434 0.039816 0.032568 
0.003871 0.089962 0.322358 0.297146 0.096797 0.038929 0.030836 0.049708 0.031354 0.039040 
0.001380 0.154795 0.116437 0.186814 0.150157 0.206875 0.038824 0.076918 0.038520 0.029280 
0.001602 0.167431 0.080674 0.176329 0.153457 0.197102 0.058310 0.093093 0.049381 0.022621 
0.001035 0.188005 0.099348 0.181365 0.199660 0.120410 0.046582 0.078649 0.060437 0.024509 
0.001504 0.195922 0.100974 0.186097 0.246237 0.061495 0.039942 0.077925 0.063147 0.026755 
0.013163 0.194960 0.083220 0.144860 0.180379 0.152847 0.033927 0.088766 0.053825 0.054052 
0.009158 0.189541 0.111759 0.148452 0.162942 0.172478 0.047038 0.076713 0.049721 0.032196 
0.014881 0.085048 0.129535 0.175633 0.281372 0.100495 0.056144 0.088012 0.033857 0.035022 
0.007732 0.215248 0.302864 0.088122 0.111896 0.076838 0.052840 0.063378 0.047018 0.034065 
0.039434 0.346800 0.273021 0.138341 0.090659 0.025367 0.017162 0.023819 0.019411 0.025984 
0.028947 0.194036 0.320425 0.178206 0.100642 0.022439 0.031076 0.066231 0.030198 0.027799 
0.000541 0.076958 0.325090 0.236518 0.164044 0.031167 0.032807 0.056001 0.043564 0.033311 
0.006288 0.078586 0.281821 0.203268 0.208073 0.042132 0.025789 0.093839 0.041238 0.018965 
0.004855 0.077173 0.290960 0.188499 0.216331 0.050832 0.033668 0.075389 0.033863 0.028430 
0.001166 0.038716 0.310448 0.168307 0.224373 0.063948 0.036814 0.084000 0.043169 0.029059 
0.000913 0.023259 0.355223 0.333471 0.108730 0.033358 0.032094 0.069969 0.030679 0.012304 
0.005575 0.046816 0.316600 0.171759 0.123882 0.081056 0.038005 0.086780 0.073369 0.056157 
0.013449 0.057323 0.224413 0.143845 0.125652 0.133810 0.066593 0.092963 0.073289 0.068662 
0.003199 0.047254 0.231062 0.184451 0.130181 0.108815 0.047516 0.115361 0.059440 0.072720 
0.002426 0.036040 0.250537 0.210796 0.208173 0.104979 0.040123 0.052624 0.059592 0.034710 
0.001464 0.053907 0.269001 0.154359 0.230686 0.068173 0.047375 0.086573 0.048874 0.039587 
0.008095 0.074148 0.260458 0.157504 0.231433 0.084575 0.047777 0.065662 0.030305 0.040042 
0.002023 0.071388 0.240587 0.119383 0.259915 0.135472 0.042661 0.055483 0.041162 0.031926 
0.023284 0.200473 0.298678 0.087496 0.095107 0.069592 0.061230 0.065067 0.062686 0.036386 
0.016586 0.313794 0.253118 0.104492 0.084696 0.044357 0.043084 0.057702 0.046962 0.035209 
0.010706 0.354677 0.175449 0.088798 0.139787 0.056331 0.057211 0.046433 0.040710 0.029899 
0.000953 0.261727 0.180909 0.088037 0.153637 0.070199 0.063541 0.111593 0.043625 0.025778 
0.001688 0.255421 0.177426 0.069112 0.194314 0.050782 0.057269 0.117628 0.050214 0.026145 
0.006659 0.239458 0.166604 0.069711 0.203154 0.084673 0.038427 0.112829 0.039093 0.039391 
0.006256 0.232386 0.180313 0.066150 0.209393 0.101047 0.041485 0.083528 0.046728 0.032714 
0.005858 0.265151 0.204656 0.095713 0.190098 0.077736 0.036225 0.067333 0.029626 0.027604 
0.000837 0.065851 0.338081 0.288837 0.087175 0.045006 0.050588 0.050745 0.034861 0.038019 
0.000558 0.152996 0.174728 0.249120 0.133367 0.104967 0.033005 0.062327 0.042621 0.046312 
0.001558 0.181423 0.097373 0.222962 0.119456 0.169995 0.053930 0.044855 0.050245 0.058201 
0.004259 0.187705 0.102291 0.210750 0.109264 0.155918 0.039879 0.080018 0.057373 0.052544 
0.009751 0.225988 0.130865 0.154191 0.103351 0.092712 0.037301 0.116479 0.061287 0.068077 
0.007583 0.175916 0.079680 0.210335 0.108271 0.133878 0.113820 0.106335 0.042081 0.022102 
0.001890 0.139162 0.094853 0.212449 0.110696 0.169209 0.096205 0.100437 0.059383 0.015714 
0.002795 0.140530 0.090184 0.195890 0.107985 0.160389 0.118475 0.100264 0.048172 0.035316 
0.000562 0.305570 0.293310 0.068323 0.071425 0.044874 0.063957 0.059603 0.038403 0.053973 
0.000386 0.297286 0.286531 0.134698 0.095634 0.033773 0.074324 0.018493 0.027947 0.030929 
0.002739 0.205039 0.288879 0.111533 0.118072 0.053598 0.084731 0.049014 0.045859 0.040538 
0.020534 0.134935 0.318091 0.119069 0.087545 0.099567 0.069836 0.059797 0.056494 0.034131 
0.016287 0.059298 0.276422 0.164182 0.107106 0.124972 0.047772 0.031175 0.069657 0.103129 
0.002189 0.053250 0.256360 0.148783 0.109962 0.210065 0.042326 0.042339 0.025374 0.109352 
0.005063 0.055283 0.245938 0.146135 0.125052 0.236258 0.023557 0.031386 0.022313 0.109014 
0.002007 0.020223 0.285666 0.329223 0.120558 0.071676 0.072420 0.047671 0.019994 0.030562 
0.009545 0.065641 0.289145 0.116958 0.117796 0.122407 0.067328 0.117382 0.047125 0.046671 
0.000816 0.057224 0.317125 0.176301 0.107211 0.123512 0.065924 0.083711 0.048519 0.019656 
0.002915 0.051345 0.290159 0.180827 0.136344 0.086823 0.067473 0.093569 0.054210 0.036336 
0.006877 0.089884 0.326009 0.109903 0.168208 0.077492 0.051069 0.083676 0.052668 0.034214 
0.017365 0.100675 0.322055 0.120458 0.194930 0.083577 0.038438 0.047021 0.037918 0.037564 
0.021047 0.124517 0.321716 0.147834 0.131627 0.075828 0.028353 0.068922 0.042243 0.037913 
0.015716 0.077522 0.362454 0.149162 0.123274 0.074939 0.019854 0.084863 0.055306 0.036909 
0.003323 0.106474 0.295952 0.138573 0.105660 0.069555 0.083154 0.066899 0.076831 0.053579 
0.009959 0.341627 0.280981 0.092782 0.079857 0.052992 0.040715 0.047169 0.037491 0.016427 
0.012135 0.206116 0.214644 0.183078 0.078742 0.065391 0.039716 0.101142 0.059419 0.039618 
0.017106 0.150909 0.275403 0.181516 0.077934 0.061997 0.029165 0.125035 0.049600 0.031336 
0.007671 0.103756 0.270299 0.157828 0.131395 0.069021 0.044159 0.134224 0.048654 0.032994 
0.019545 0.104363 0.265604 0.145517 0.116910 0.100520 0.025713 0.149995 0.052595 0.019237 
0.004970 0.082264 0.268145 0.118855 0.142870 0.118751 0.026197 0.133976 0.073001 0.030971 
0.012505 0.093973 0.251756 0.096284 0.121827 0.125014 0.099747 0.103573 0.063404 0.031917 
0.009068 0.039869 0.364812 0.299218 0.077951 0.038465 0.042870 0.065033 0.035443 0.027270 
0.004129 0.035785 0.246438 0.161115 0.138007 0.112531 0.067522 0.145651 0.070878 0.017945 
0.001198 0.026700 0.309615 0.217163 0.094808 0.109844 0.049374 0.112257 0.040895 0.038147 
0.006641 0.038442 0.285653 0.221998 0.075071 0.118328 0.064528 0.080880 0.062664 0.045795 
0.011425 0.092149 0.258364 0.207454 0.099466 0.106123 0.049117 0.094514 0.047097 0.034289 
0.000069 0.045534 0.195679 0.232129 0.139153 0.111609 0.038190 0.162557 0.047036 0.028044 
0.004271 0.051453 0.239949 0.144180 0.153299 0.127239 0.060719 0.129006 0.071051 0.018832 
0.003855 0.044622 0.218040 0.157382 0.160766 0.092082 0.053948 0.097021 0.062017 0.110265 
0.000983 0.312070 0.314007 0.071590 0.084719 0.051800 0.049021 0.042929 0.040227 0.032653 
0.005887 0.333471 0.245473 0.150621 0.053356 0.046648 0.049616 0.041914 0.039280 0.033735 
0.020902 0.316521 0.203849 0.162185 0.085844 0.057854 0.050192 0.033249 0.041278 0.028126 
0.022050 0.248864 0.222305 0.196513 0.089368 0.068803 0.062065 0.030152 0.035156 0.024724 
0.014529 0.288735 0.228069 0.166384 0.085839 0.068255 0.047873 0.035937 0.036275 0.028103 
0.001661 0.215457 0.275931 0.166445 0.103798 0.100594 0.044614 0.044199 0.023564 0.023738 
0.014424 0.296720 0.268629 0.089364 0.100436 0.107095 0.042912 0.037896 0.022509 0.020016 
0.003940 0.081534 0.269625 0.304958 0.080253 0.036899 0.067109 0.060290 0.047353 0.048039 
0.007041 0.126211 0.287901 0.184088 0.111732 0.067161 0.052021 0.081371 0.042076 0.040398 
0.005011 0.204455 0.156464 0.173067 0.059972 0.123073 0.076865 0.078209 0.078822 0.044064 
0.014052 0.209089 0.145921 0.127684 0.075511 0.160021 0.050713 0.077687 0.083294 0.056029 
0.017391 0.281708 0.175065 0.117078 0.064471 0.117654 0.036838 0.081593 0.071162 0.037040 
0.008010 0.368920 0.229360 0.081103 0.048629 0.125301 0.038401 0.033340 0.042857 0.024080 
0.011255 0.395988 0.215508 0.101898 0.052506 0.100101 0.036663 0.040462 0.027546 0.018073 
0.019384 0.367037 0.139159 0.128326 0.060565 0.093548 0.056147 0.069577 0.032585 0.033670 
0.013116 0.123578 0.275680 0.169862 0.119366 0.094509 0.043518 0.072238 0.033800 0.054334 
0.018789 0.368650 0.281998 0.097866 0.051408 0.071495 0.022994 0.048025 0.025703 0.013072 
0.001402 0.188882 0.276395 0.127522 0.066869 0.140101 0.039170 0.086438 0.038577 0.034643 
0.008408 0.138298 0.325061 0.193470 0.098035 0.101307 0.034557 0.055773 0.020216 0.024875 
0.013818 0.114431 0.338800 0.223483 0.112901 0.057174 0.021435 0.069068 0.028451 0.020440 
0.005499 0.073798 0.347995 0.258486 0.089729 0.037230 0.025439 0.085859 0.046141 0.029823 
0.004109 0.084363 0.360741 0.251074 0.096575 0.044266 0.029031 0.072419 0.037217 0.020207 
0.018200 0.096404 0.235745 0.224684 0.134360 0.092356 0.069042 0.056399 0.049055 0.023757 
0.009159 0.052863 0.349624 0.285162 0.074468 0.077896 0.036285 0.054240 0.028162 0.032142 
0.009063 0.058921 0.211643 0.208890 0.098127 0.142206 0.062450 0.087937 0.050826 0.069938 
0.014154 0.094998 0.214987 0.204443 0.071130 0.073253 0.062099 0.119223 0.058272 0.087440 
0.003034 0.058453 0.282753 0.206317 0.116360 0.077420 0.070824 0.071200 0.064205 0.049432 
0.021655 0.103944 0.329214 0.118863 0.083937 0.151273 0.053679 0.057519 0.054977 0.024938 
0.005957 0.037269 0.137865 0.159811 0.155736 0.201911 0.071910 0.144408 0.049624 0.035509 
0.004978 0.042879 0.064594 0.179632 0.106315 0.265040 0.108998 0.122117 0.077087 0.028360 
0.006067 0.045286 0.157421 0.151730 0.150565 0.152203 0.086862 0.113745 0.069423 0.066697 
0.012907 0.323097 0.289982 0.102447 0.051547 0.054625 0.036399 0.039110 0.055643 0.034243 
0.025457 0.317202 0.193936 0.105539 0.042579 0.089810 0.079060 0.068303 0.036483 0.041632 
0.006287 0.219376 0.193505 0.107738 0.080021 0.127663 0.090970 0.069973 0.048671 0.055797 
0.009212 0.293985 0.209699 0.113272 0.090750 0.141953 0.035072 0.035823 0.040869 0.029366 
0.005954 0.251380 0.203928 0.112052 0.064670 0.121117 0.026970 0.066981 0.053516 0.093432 
0.012136 0.276877 0.169474 0.054994 0.100352 0.110290 0.051544 0.089260 0.038425 0.096649 
0.023135 0.278112 0.154689 0.084948 0.105538 0.090683 0.028759 0.071097 0.029557 0.133482 
0.004900 0.044783 0.273325 0.336522 0.060097 0.066317 0.076155 0.069473 0.030319 0.038110 
0.006007 0.068151 0.253152 0.176097 0.056127 0.133092 0.093290 0.100131 0.074866 0.039086 
0.004386 0.064964 0.222585 0.188629 0.059783 0.141037 0.070190 0.122645 0.072619 0.053162 
0.008646 0.068356 0.218910 0.207500 0.061811 0.177248 0.071657 0.079294 0.066855 0.039722 
0.001175 0.034465 0.265911 0.258543 0.080146 0.139828 0.071845 0.066591 0.055037 0.026459 
0.007642 0.060639 0.287986 0.233474 0.076406 0.100637 0.075970 0.076961 0.042491 0.037795 
0.008195 0.066094 0.335922 0.201604 0.087080 0.101024 0.044737 0.090174 0.040375 0.024795 
0.006261 0.094973 0.352845 0.138420 0.090013 0.113078 0.050178 0.077146 0.036995 0.040091 
0.020685 0.217148 0.318580 0.072890 0.081152 0.039835 0.058397 0.058004 0.057002 0.076306 
0.031609 0.340293 0.321831 0.070874 0.033522 0.037660 0.078734 0.039461 0.021147 0.024869 
0.008440 0.174217 0.350208 0.131156 0.071703 0.079005 0.086830 0.042923 0.031348 0.024170 
0.004710 0.145570 0.405326 0.098262 0.076910 0.077045 0.092436 0.046455 0.029758 0.023529 
0.019462 0.192707 0.328952 0.147106 0.062836 0.062646 0.050555 0.065689 0.033225 0.036822 
0.028732 0.137123 0.402146 0.143349 0.046029 0.060442 0.070233 0.047196 0.030487 0.034262 
0.020107 0.156674 0.383444 0.153663 0.032601 0.082405 0.061377 0.052350 0.034695 0.022684 
0.001416 0.045836 0.264145 0.275850 0.093826 0.070748 0.113404 0.096129 0.021912 0.016734 
0.003299 0.030182 0.380910 0.314013 0.081151 0.038954 0.067983 0.028795 0.033654 0.021060 
0.006964 0.070463 0.210275 0.243427 0.161045 0.063114 0.070170 0.063003 0.059182 0.052357 
0.011242 0.063490 0.237559 0.212724 0.145030 0.089109 0.082306 0.053206 0.049846 0.055488 
0.016101 0.110528 0.303967 0.225912 0.138727 0.063968 0.036856 0.046418 0.025479 0.032044 
0.018186 0.090462 0.256176 0.186310 0.185803 0.075775 0.037726 0.079544 0.031239 0.038779 
0.004886 0.065959 0.054292 0.228136 0.240461 0.124653 0.125109 0.072020 0.038316 0.046166 
0.001729 0.047472 0.119378 0.155499 0.179382 0.215891 0.107965 0.080435 0.033676 0.058574 
0.011056 0.051657 0.075808 0.138450 0.133014 0.145498 0.115243 0.135603 0.117573 0.076097 
0.017228 0.348789 0.333918 0.122145 0.049047 0.030770 0.031940 0.021460 0.016305 0.028399 
0.000505 0.526907 0.116776 0.090862 0.075701 0.057104 0.053721 0.039301 0.018890 0.020233 
0.025245 0.467654 0.153148 0.099145 0.066064 0.091670 0.042536 0.019548 0.013898 0.021093 
0.007446 0.397657 0.178563 0.111083 0.089543 0.093316 0.061331 0.026207 0.016067 0.018789 
0.004242 0.409972 0.200093 0.117621 0.051740 0.073169 0.045415 0.048309 0.023828 0.025610 
0.007077 0.434012 0.192068 0.101313 0.033361 0.054210 0.098965 0.039569 0.018002 0.021423 
0.006714 0.417303 0.214447 0.077659 0.063923 0.051546 0.086579 0.033825 0.026740 0.021265 
0.002755 0.123651 0.269927 0.311139 0.073904 0.050807 0.075128 0.039447 0.033226 0.020018 
0.000615 0.226953 0.136254 0.235964 0.093608 0.081010 0.076633 0.069213 0.031297 0.048454 
0.003948 0.263604 0.116048 0.224357 0.105707 0.079097 0.062572 0.095518 0.015643 0.033506 
0.007121 0.319140 0.122539 0.185560 0.134474 0.044827 0.071511 0.066129 0.018225 0.030474 
0.010998 0.365932 0.159211 0.085625 0.122951 0.035385 0.072262 0.100101 0.021344 0.026191 
0.009568 0.423570 0.174541 0.074930 0.144559 0.045340 0.037789 0.050204 0.019401 0.020098 
0.001911 0.379968 0.195296 0.113130 0.097752 0.061743 0.029101 0.066946 0.023461 0.030693 
0.025776 0.371961 0.081390 0.192016 0.048552 0.095266 0.058962 0.062280 0.024016 0.039780 
0.007221 0.091076 0.309669 0.104061 0.113651 0.076178 0.081117 0.087084 0.072554 0.057389 
0.025216 0.350152 0.323657 0.114355 0.053044 0.031283 0.055694 0.022076 0.011468 0.013056 
0.030952 0.241565 0.332553 0.117862 0.060270 0.066584 0.085352 0.038058 0.013107 0.013697 
0.005401 0.147097 0.431565 0.147510 0.041857 0.047960 0.108138 0.039409 0.026031 0.005032 
0.010130 0.153723 0.404317 0.179317 0.077716 0.044617 0.055716 0.032735 0.022977 0.018752 
0.000029 0.098096 0.457552 0.148359 0.063907 0.060175 0.078261 0.061915 0.021639 0.010067 
0.010789 0.081996 0.402338 0.190384 0.066891 0.051121 0.086609 0.068908 0.021251 0.019713 
0.014287 0.128483 0.387142 0.218506 0.043231 0.041723 0.048928 0.051311 0.035678 0.030709 
0.008221 0.054201 0.343215 0.310494 0.078317 0.042100 0.069006 0.037231 0.034623 0.022593 
0.019636 0.137219 0.385869 0.170045 0.043439 0.074884 0.071420 0.038829 0.027858 0.030801 
0.013103 0.095470 0.361317 0.172465 0.045339 0.082455 0.074797 0.086860 0.040464 0.027731 
0.004307 0.081670 0.392584 0.196935 0.044841 0.061999 0.057427 0.065822 0.044635 0.049780 
0.007768 0.055140 0.336413 0.216381 0.110908 0.063009 0.062495 0.079143 0.031867 0.036877 
0.002409 0.038840 0.066045 0.281490 0.155928 0.150852 0.184848 0.059674 0.026104 0.033810 
0.002507 0.029741 0.058159 0.352290 0.182780 0.041951 0.159216 0.071105 0.047899 0.054352 
0.005131 0.021867 0.153039 0.290780 0.158881 0.078698 0.113130 0.054300 0.061078 0.063096 
0.002053 0.340287 0.294631 0.073735 0.086049 0.028229 0.049306 0.047581 0.047463 0.030665 
0.028504 0.378156 0.192214 0.141670 0.048839 0.052881 0.093170 0.041119 0.014561 0.008886 
0.016094 0.330650 0.176505 0.120433 0.084005 0.068077 0.092928 0.072049 0.021901 0.017358 
0.007387 0.274084 0.188805 0.152869 0.107055 0.067170 0.081180 0.081721 0.027228 0.012502 
0.013233 0.291238 0.163081 0.132897 0.092618 0.069817 0.070256 0.083373 0.042837 0.040649 
0.007168 0.284450 0.237666 0.132249 0.092447 0.066106 0.048104 0.053860 0.031105 0.046845 
0.005340 0.225804 0.175962 0.123726 0.122265 0.074846 0.115497 0.033383 0.049251 0.073926 
0.002735 0.025081 0.289464 0.359848 0.090892 0.057906 0.063811 0.044032 0.035895 0.030335 
0.004667 0.067372 0.331260 0.225480 0.067718 0.059200 0.062349 0.079584 0.038701 0.063669 
0.009388 0.081347 0.324640 0.153739 0.141326 0.034725 0.075348 0.119907 0.030481 0.029100 
0.016605 0.096295 0.347800 0.115452 0.149822 0.057178 0.063495 0.103384 0.032148 0.017821 
0.017889 0.106520 0.345768 0.114824 0.167228 0.053334 0.045666 0.094601 0.034577 0.019594 
0.019455 0.123679 0.315954 0.122822 0.171492 0.056541 0.058276 0.076929 0.028663 0.026189 
0.015624 0.109236 0.413485 0.144149 0.119302 0.058333 0.044203 0.050245 0.027011 0.018413 
0.007490 0.066295 0.394406 0.083752 0.094060 0.092469 0.084987 0.068777 0.069412 0.038351 
0.012088 0.109047 0.202068 0.154279 0.147862 0.044441 0.098338 0.054283 0.121532 0.056063 
0.001768 0.330110 0.298958 0.097627 0.042796 0.049235 0.051204 0.027636 0.043542 0.057126 
0.008800 0.166259 0.359258 0.097869 0.054149 0.082794 0.054454 0.041573 0.034315 0.100532 
0.020006 0.098382 0.332304 0.104099 0.079015 0.110962 0.039771 0.066422 0.051763 0.097277 
0.011020 0.084748 0.345032 0.081044 0.077945 0.099196 0.049064 0.095351 0.051185 0.105416 
0.000457 0.051219 0.378069 0.095899 0.098902 0.101078 0.037567 0.107512 0.056805 0.072492 
0.011842 0.070411 0.334895 0.094884 0.093538 0.118194 0.052420 0.095841 0.024898 0.103078 
0.010210 0.071319 0.356811 0.103315 0.067598 0.111157 0.066466 0.074843 0.038414 0.099866 
0.002176 0.012568 0.345062 0.275900 0.126591 0.043947 0.055164 0.055539 0.045798 0.037255 
0.000570 0.060295 0.226165 0.134296 0.195016 0.063036 0.044322 0.080942 0.132319 0.063040 
0.009504 0.048659 0.215468 0.121980 0.223102 0.055271 0.047355 0.106658 0.102680 0.069322 
0.002384 0.030580 0.220619 0.131849 0.239925 0.050471 0.050390 0.102536 0.069626 0.101621 
0.002179 0.060620 0.226658 0.131798 0.276426 0.054570 0.057765 0.076063 0.043464 0.070457 
0.013682 0.092640 0.078870 0.138795 0.311741 0.136930 0.031205 0.078980 0.039527 0.077631 
0.002728 0.037498 0.134293 0.057331 0.323843 0.136688 0.056462 0.086315 0.043186 0.121657 
0.006806 0.047870 0.107294 0.085099 0.326431 0.107940 0.031848 0.091846 0.027491 0.167375 
0.003595 0.257708 0.291036 0.068107 0.106228 0.045076 0.057434 0.069479 0.059343 0.041993 
0.003993 0.364945 0.276232 0.068365 0.072040 0.053013 0.047004 0.053585 0.027526 0.033297 
0.004792 0.257835 0.315905 0.076360 0.088661 0.070125 0.043157 0.063786 0.041058 0.038321 
0.019977 0.236691 0.341803 0.061053 0.087332 0.056153 0.026452 0.069505 0.044910 0.056124 
0.020681 0.257060 0.310194 0.096898 0.088240 0.049315 0.030927 0.059201 0.032438 0.055045 
0.025912 0.232399 0.332660 0.097291 0.081033 0.065321 0.030694 0.062447 0.028180 0.044063 
0.035402 0.300629 0.290106 0.063078 0.065247 0.090294 0.040081 0.044726 0.020671 0.049764 
0.025995 0.175132 0.219353 0.238605 0.096678 0.050894 0.039696 0.067314 0.036913 0.049421 
0.019755 0.226186 0.232820 0.232900 0.073951 0.050120 0.061136 0.035205 0.054019 0.013908 
0.018249 0.194921 0.186418 0.126619 0.163823 0.059145 0.025082 0.101765 0.089815 0.034164 
0.002063 0.169168 0.242062 0.120300 0.180881 0.035631 0.039264 0.079352 0.098183 0.033096 
0.005637 0.183768 0.247042 0.130316 0.132110 0.046233 0.046626 0.069272 0.096130 0.042866 
0.010999 0.202016 0.329322 0.067986 0.076741 0.079711 0.055236 0.066860 0.079172 0.031959 
0.023915 0.232431 0.393117 0.094439 0.068544 0.051593 0.038985 0.044536 0.035519 0.016921 
0.020839 0.214629 0.316774 0.140586 0.091497 0.063503 0.030516 0.040699 0.049215 0.031741 
0.010101 0.089067 0.297064 0.115563 0.132328 0.047711 0.049670 0.071353 0.081731 0.105413 
0.013375 0.367972 0.290671 0.059252 0.071892 0.036396 0.059819 0.042960 0.039759 0.017903 
0.011815 0.271696 0.248618 0.047221 0.180965 0.047679 0.078539 0.043121 0.052039 0.018307 
0.014101 0.220864 0.260680 0.048780 0.239210 0.048797 0.056398 0.045092 0.044343 0.021736 
0.007009 0.164253 0.250445 0.073382 0.287050 0.064931 0.051478 0.034536 0.044061 0.022855 
0.003345 0.154227 0.273109 0.039310 0.266043 0.072854 0.056182 0.043503 0.077553 0.013873 
0.007737 0.125921 0.217365 0.044774 0.331415 0.077763 0.042678 0.043244 0.089891 0.019212 
0.001401 0.143600 0.163210 0.034493 0.341865 0.080160 0.036531 0.041779 0.129335 0.027627 
0.001243 0.057815 0.250694 0.313321 0.158726 0.054282 0.059036 0.048016 0.036007 0.020860 
0.008037 0.089619 0.236087 0.076111 0.303012 0.072362 0.061052 0.070077 0.061740 0.021903 
0.006375 0.131837 0.166334 0.081889 0.299558 0.052654 0.055160 0.064628 0.101877 0.039687 
0.006021 0.163175 0.168440 0.082791 0.291998 0.050611 0.066797 0.071808 0.083316 0.015042 
0.003634 0.155907 0.237613 0.087534 0.267574 0.050378 0.064904 0.079261 0.042580 0.010616 
0.000262 0.164475 0.244696 0.105387 0.146077 0.056092 0.039910 0.097572 0.103141 0.042389 
0.005587 0.142323 0.201956 0.129742 0.088648 0.088675 0.032291 0.091380 0.154044 0.065354 
0.011293 0.165123 0.083786 0.190207 0.157582 0.096097 0.039070 0.085672 0.109258 0.061912 
0.005064 0.288592 0.296086 0.106888 0.096815 0.062923 0.043169 0.043967 0.036873 0.019622 
0.021601 0.271821 0.201052 0.087203 0.157359 0.082401 0.033551 0.037389 0.081098 0.026525 
0.024493 0.175150 0.189542 0.116788 0.228715 0.059896 0.020814 0.047195 0.107510 0.029896 
0.003523 0.150532 0.185802 0.132009 0.260512 0.081337 0.038441 0.039644 0.087368 0.020833 
0.004217 0.192059 0.151932 0.134481 0.279617 0.072726 0.035658 0.052340 0.062476 0.014495 
0.013416 0.157238 0.220493 0.029402 0.247566 0.101185 0.077299 0.080928 0.051568 0.020905 
0.023858 0.325787 0.184729 0.074604 0.206019 0.052207 0.041883 0.023724 0.054387 0.012801 
0.002638 0.107183 0.280345 0.289961 0.125035 0.050915 0.041691 0.041420 0.042466 0.018348 
0.003149 0.143560 0.260290 0.197245 0.120305 0.069111 0.062533 0.063445 0.045507 0.034856 
0.013672 0.138364 0.211555 0.186532 0.130059 0.052943 0.046483 0.081103 0.115232 0.024056 
0.029959 0.228566 0.273324 0.121871 0.068960 0.031934 0.034267 0.082650 0.100833 0.027635 
0.025724 0.218106 0.269596 0.119440 0.088695 0.029411 0.060175 0.081424 0.075082 0.032345 
0.011927 0.271947 0.288630 0.093684 0.090559 0.044771 0.039293 0.083263 0.042115 0.033810 
0.019364 0.259953 0.328876 0.098443 0.087298 0.047496 0.044030 0.062397 0.033669 0.018474 
0.011148 0.370102 0.179453 0.066956 0.086842 0.050824 0.042424 0.085804 0.056114 0.050332 
0.013887 0.130448 0.248339 0.111471 0.121868 0.063383 0.096570 0.086901 0.063492 0.063642 
0.039423 0.396916 0.246499 0.064685 0.089051 0.045132 0.033752 0.017762 0.020687 0.046093 
0.020268 0.372232 0.172588 0.101335 0.111512 0.037050 0.044197 0.078109 0.036745 0.025963 
0.028734 0.289277 0.147774 0.115595 0.147036 0.065320 0.068391 0.075513 0.028793 0.033566 
0.003946 0.279382 0.143389 0.133584 0.221073 0.060475 0.054536 0.059310 0.026900 0.017408 
0.017160 0.293873 0.165406 0.124955 0.207633 0.035039 0.048577 0.054657 0.032690 0.020010 
0.002347 0.321551 0.172016 0.080291 0.184554 0.035469 0.060910 0.078285 0.039701 0.024877 
0.003325 0.116140 0.060147 0.058567 0.323510 0.049281 0.020846 0.146784 0.172271 0.049127 
0.003853 0.065649 0.185392 0.219155 0.224023 0.044114 0.039878 0.168822 0.028705 0.020409 
0.005270 0.110003 0.069238 0.114607 0.220477 0.036118 0.037045 0.353267 0.038704 0.015273 
0.003262 0.123321 0.062834 0.085590 0.228035 0.090288 0.037130 0.313768 0.041416 0.014356 
0.001329 0.112349 0.051315 0.050406 0.201878 0.079007 0.040277 0.352910 0.075732 0.034798 
0.004481 0.124985 0.059505 0.051389 0.237037 0.057743 0.021882 0.389491 0.041613 0.011875 
0.000587 0.122273 0.056783 0.047366 0.170060 0.081368 0.041373 0.375968 0.076307 0.027916 
0.003013 0.122679 0.070065 0.080456 0.255633 0.084964 0.047369 0.276649 0.038960 0.020212 
0.008659 0.125194 0.065698 0.072075 0.253928 0.044612 0.048128 0.287923 0.067463 0.026320 
0.015564 0.159046 0.221793 0.070968 0.134917 0.046084 0.045905 0.142441 0.108393 0.054888 
0.024586 0.223926 0.137580 0.051155 0.227900 0.031059 0.025313 0.070692 0.168563 0.039227 
0.004364 0.104985 0.135347 0.062249 0.274549 0.076590 0.045802 0.082548 0.181648 0.031917 
0.012564 0.052565 0.183329 0.071781 0.247143 0.041113 0.030874 0.095979 0.240315 0.024337 
0.006350 0.032283 0.166203 0.094937 0.278505 0.075697 0.026206 0.107360 0.174610 0.037848 
0.006512 0.064975 0.229070 0.078916 0.253999 0.095884 0.045741 0.140823 0.066159 0.017921 
0.002465 0.044224 0.234453 0.087534 0.246374 0.075866 0.025552 0.167012 0.083426 0.033093 
0.008013 0.061759 0.217247 0.084743 0.252475 0.062661 0.027350 0.134271 0.109790 0.041692 
0.000296 0.030467 0.340557 0.297234 0.079842 0.062719 0.051269 0.057892 0.038004 0.041720 
0.000247 0.023862 0.113004 0.129391 0.116870 0.308293 0.055411 0.061801 0.083523 0.107597 
0.006134 0.045549 0.156669 0.155286 0.139045 0.206593 0.063204 0.100746 0.060567 0.066206 
0.004425 0.029567 0.168748 0.178620 0.147220 0.224710 0.070832 0.061815 0.077432 0.036631 
0.003455 0.057528 0.194677 0.144962 0.157758 0.147464 0.073347 0.079502 0.097198 0.044109 
0.006066 0.060822 0.180032 0.153939 0.130955 0.124534 0.073276 0.113153 0.106878 0.050345 
0.000628 0.047494 0.084644 0.196362 0.130712 0.250474 0.052849 0.113029 0.093890 0.029918 
0.003320 0.022872 0.103625 0.151122 0.195656 0.220549 0.033107 0.128769 0.077640 0.063341 
0.020121 0.274478 0.203100 0.068414 0.160028 0.049681 0.031405 0.109113 0.041861 0.041800 
0.009344 0.149913 0.209864 0.076924 0.180328 0.044373 0.041539 0.234397 0.026804 0.026514 
0.017100 0.133863 0.193545 0.058162 0.191558 0.041387 0.056020 0.235827 0.042379 0.030158 
0.016244 0.086238 0.245945 0.085088 0.195201 0.051235 0.044581 0.226791 0.029522 0.019155 
0.000361 0.037647 0.242938 0.100023 0.169802 0.028338 0.028886 0.285001 0.067387 0.039618 
0.001731 0.047178 0.209092 0.088585 0.232248 0.047793 0.031440 0.250691 0.063040 0.028201 
0.014606 0.077864 0.206185 0.082759 0.209845 0.061716 0.039355 0.235421 0.053187 0.019062 
0.007382 0.035302 0.314770 0.298191 0.102963 0.040328 0.042226 0.098878 0.043601 0.016359 
0.010881 0.050209 0.244382 0.142033 0.193184 0.102317 0.054367 0.143876 0.027030 0.031721 
0.001215 0.051807 0.175611 0.114066 0.148945 0.111051 0.075955 0.195725 0.068398 0.057227 
0.004497 0.041439 0.173099 0.101603 0.253182 0.077408 0.053284 0.202292 0.062280 0.030916 
0.007367 0.044900 0.209765 0.098386 0.215144 0.106821 0.057986 0.196219 0.050101 0.013311 
0.003497 0.028914 0.046752 0.153099 0.349262 0.112625 0.042764 0.211632 0.028388 0.023067 
0.001896 0.017936 0.057370 0.161550 0.302077 0.135918 0.070857 0.177469 0.046462 0.028466 
0.003128 0.033630 0.054691 0.166694 0.230135 0.186451 0.057713 0.154353 0.074836 0.038368 
0.002343 0.033125 0.137491 0.089718 0.265927 0.094341 0.052375 0.181049 0.100686 0.042946 
0.010005 0.358221 0.175718 0.076564 0.116378 0.060778 0.028564 0.127581 0.028863 0.017328 
0.000972 0.205595 0.093605 0.076121 0.187932 0.079357 0.020797 0.212819 0.091758 0.031044 
0.017078 0.196132 0.090621 0.093942 0.217202 0.069049 0.034181 0.203758 0.067205 0.010831 
0.006057 0.163685 0.067025 0.100891 0.154528 0.069725 0.036592 0.250101 0.119017 0.032379 
0.003313 0.184563 0.096418 0.087694 0.227182 0.070589 0.024990 0.218615 0.053522 0.033113 
0.020425 0.217068 0.078566 0.104444 0.173308 0.145936 0.028972 0.135400 0.065667 0.030214 
0.010408 0.151357 0.107427 0.059109 0.362897 0.127332 0.028485 0.063032 0.074507 0.015447 
0.002519 0.031471 0.260517 0.232258 0.172456 0.049230 0.049861 0.036433 0.116746 0.048510 
0.009074 0.080871 0.171113 0.170741 0.191650 0.099007 0.065084 0.102546 0.057799 0.052115 
0.000085 0.043862 0.246760 0.168598 0.136853 0.176885 0.065226 0.097235 0.040909 0.023587 
0.013214 0.079194 0.236738 0.154690 0.085546 0.169655 0.060752 0.142363 0.041968 0.015879 
0.006024 0.070283 0.279509 0.151742 0.174317 0.084208 0.035190 0.125606 0.050899 0.022223 
0.008126 0.056703 0.280876 0.167391 0.108784 0.083307 0.098317 0.097073 0.050189 0.049236 
0.002421 0.029478 0.166832 0.154786 0.114219 0.036349 0.219624 0.081889 0.042433 0.151968 
0.007309 0.041219 0.130553 0.167151 0.080170 0.042506 0.157547 0.046721 0.070882 0.255942 
0.014397 0.210792 0.241133 0.125773 0.043174 0.051863 0.092675 0.049905 0.036242 0.134046 
0.023052 0.202725 0.196159 0.151203 0.041797 0.028979 0.078813 0.015668 0.036200 0.225403 
0.016627 0.111170 0.237926 0.136539 0.072133 0.046509 0.125791 0.032138 0.034148 0.187021 
0.020286 0.104593 0.213799 0.131098 0.061316 0.047303 0.099744 0.050886 0.043189 0.227785 
0.014151 0.080312 0.191883 0.116889 0.046580 0.049912 0.119902 0.054612 0.061082 0.264677 
0.009600 0.058021 0.206037 0.103890 0.030880 0.032628 0.137829 0.060616 0.058991 0.301509 
0.011561 0.073063 0.186497 0.120660 0.017881 0.029144 0.142366 0.038650 0.103305 0.276872 
0.018699 0.088607 0.278734 0.193231 0.042349 0.034530 0.076420 0.016983 0.052717 0.197730 
0.017457 0.079807 0.271183 0.100288 0.062546 0.043408 0.068006 0.044033 0.044712 0.268560 
0.004206 0.039130 0.165821 0.190404 0.060135 0.033852 0.115227 0.033833 0.068055 0.289339 
0.010725 0.064639 0.158438 0.146897 0.051835 0.032151 0.055105 0.070247 0.101220 0.308745 
0.009219 0.056770 0.156966 0.134373 0.063826 0.017943 0.132548 0.057695 0.033113 0.337546 
0.008343 0.055243 0.141750 0.124351 0.051927 0.042364 0.107894 0.049559 0.085457 0.333110 
0.006886 0.052352 0.164465 0.133315 0.082250 0.054043 0.165247 0.038180 0.041505 0.261756 
0.002100 0.025618 0.141642 0.118337 0.051692 0.039762 0.161549 0.046082 0.044571 0.368646 
0.009128 0.068095 0.169981 0.115204 0.090337 0.051441 0.111138 0.058711 0.035499 0.290465 
0.000086 0.285941 0.234781 0.103964 0.041187 0.019851 0.087505 0.028334 0.026546 0.171804 
0.005656 0.144277 0.145862 0.163968 0.046815 0.037609 0.155152 0.059419 0.040430 0.200812 
0.010226 0.078127 0.199930 0.116351 0.042179 0.027135 0.112109 0.061148 0.023099 0.329696 
0.005409 0.063901 0.169678 0.126228 0.039506 0.033081 0.181752 0.037564 0.059130 0.283750 
0.006632 0.041843 0.146777 0.113791 0.063836 0.033637 0.183182 0.043926 0.063838 0.302539 
0.003890 0.040405 0.132886 0.120638 0.060076 0.027216 0.111302 0.076962 0.106528 0.320098 
0.000729 0.025062 0.123449 0.151449 0.073156 0.038538 0.169300 0.063034 0.061052 0.294231 
0.002403 0.023572 0.250341 0.321936 0.057816 0.050265 0.104251 0.034013 0.028936 0.126466 
0.001062 0.040236 0.199691 0.180708 0.083992 0.064830 0.154593 0.056294 0.040217 0.178377 
0.001301 0.049557 0.239244 0.176727 0.040735 0.053948 0.137480 0.034136 0.042415 0.224458 
0.012283 0.079953 0.261399 0.144951 0.061129 0.036838 0.135432 0.058627 0.017035 0.192354 
0.020832 0.110566 0.214591 0.157364 0.075085 0.021063 0.161780 0.013757 0.039968 0.184994 
0.020839 0.117066 0.149773 0.314067 0.086324 0.023667 0.086824 0.044788 0.022847 0.133804 
0.008843 0.047410 0.224162 0.361172 0.104940 0.028613 0.062220 0.048513 0.039933 0.074195 
0.019794 0.102282 0.212748 0.150457 0.080187 0.047275 0.160912 0.062123 0.038974 0.125248 
0.024020 0.316843 0.217623 0.097229 0.049641 0.022047 0.104428 0.043499 0.018350 0.106321 
0.008910 0.119926 0.193762 0.166028 0.050108 0.020801 0.130879 0.041479 0.037360 0.230747 
0.012932 0.069253 0.171083 0.135299 0.043855 0.029762 0.150478 0.082730 0.045702 0.258907 
0.008000 0.042993 0.144398 0.081191 0.096326 0.023741 0.110128 0.295169 0.075096 0.122958 
0.009393 0.038800 0.157652 0.075347 0.149515 0.036129 0.090425 0.314201 0.062784 0.065755 
0.006749 0.077162 0.272886 0.064481 0.116796 0.025980 0.057832 0.264958 0.035436 0.077720 
0.000609 0.035138 0.261173 0.088046 0.126638 0.029686 0.051887 0.277620 0.051573 0.077629 
0.012238 0.045317 0.212760 0.291479 0.083153 0.039557 0.074071 0.158132 0.036516 0.046777 
0.019794 0.123155 0.294378 0.153245 0.072764 0.022899 0.064452 0.146855 0.050027 0.052432 
0.015306 0.154144 0.158741 0.116850 0.081770 0.032290 0.097144 0.225998 0.055383 0.062375 
0.025390 0.166637 0.144193 0.120971 0.091986 0.031927 0.048360 0.233553 0.059397 0.077586 
0.020884 0.161069 0.149419 0.075751 0.063785 0.036962 0.055101 0.311985 0.057256 0.067790 
0.009299 0.154935 0.184410 0.085128 0.157199 0.074520 0.052726 0.186252 0.036327 0.059203 
0.007226 0.147861 0.120082 0.155604 0.187380 0.053337 0.055793 0.204116 0.046666 0.021935 
0.003299 0.122480 0.098725 0.110707 0.180402 0.052786 0.076599 0.232625 0.079627 0.042751 
0.002106 0.176000 0.288149 0.088674 0.096107 0.057378 0.042397 0.146306 0.062024 0.040858 
0.015003 0.279783 0.268257 0.078218 0.083043 0.023319 0.024974 0.147632 0.049282 0.030489 
0.005614 0.291699 0.193800 0.098604 0.078860 0.031958 0.041008 0.177292 0.050670 0.030494 
0.000465 0.271274 0.209241 0.080362 0.114356 0.044903 0.045326 0.146710 0.036012 0.051350 
0.004327 0.189237 0.176348 0.102144 0.147196 0.042116 0.033239 0.239180 0.037417 0.028797 
0.006630 0.217433 0.202123 0.102796 0.164210 0.063703 0.051518 0.117560 0.048378 0.025651 
0.001738 0.208394 0.220377 0.054494 0.186943 0.065464 0.042318 0.122228 0.065820 0.032224 
0.006407 0.241908 0.285832 0.063956 0.152752 0.047072 0.043947 0.069097 0.056849 0.032181 
0.003080 0.061653 0.306858 0.286385 0.075134 0.037568 0.065133 0.079571 0.049672 0.034945 
0.012879 0.245341 0.234009 0.132419 0.081163 0.050664 0.060907 0.067356 0.086346 0.028915 
0.024175 0.279620 0.238620 0.155863 0.052921 0.038546 0.067956 0.058250 0.041103 0.042946 
0.013267 0.288988 0.248351 0.143449 0.047593 0.031293 0.076791 0.093669 0.030231 0.026368 
0.013113 0.338963 0.279017 0.136185 0.064310 0.023075 0.054361 0.058102 0.017322 0.015555 
0.041960 0.392525 0.227756 0.109177 0.039736 0.070978 0.042728 0.034482 0.026533 0.014124 
0.042578 0.419764 0.182779 0.093151 0.038839 0.083143 0.045040 0.054731 0.023789 0.016186 
0.006585 0.266943 0.107270 0.087991 0.100869 0.084402 0.102286 0.104175 0.097349 0.042130 
0.020982 0.392123 0.280933 0.060364 0.060584 0.037639 0.031996 0.042608 0.033922 0.038848 
0.000312 0.413381 0.133364 0.089845 0.113775 0.061410 0.044951 0.066286 0.023547 0.053128 
0.029606 0.383251 0.129056 0.124479 0.085737 0.039615 0.068066 0.066196 0.030900 0.043094 
0.009029 0.339475 0.161304 0.125193 0.146129 0.034817 0.074625 0.067151 0.017920 0.024356 
0.002297 0.294638 0.164960 0.126040 0.172837 0.041388 0.059789 0.090085 0.025808 0.022157 
0.001318 0.203279 0.100521 0.076049 0.267488 0.163412 0.059032 0.064165 0.041786 0.022950 
0.003449 0.155610 0.089137 0.086999 0.400910 0.072557 0.047169 0.094382 0.034687 0.015102 
0.009695 0.098559 0.236253 0.284654 0.119092 0.020874 0.046139 0.125646 0.046185 0.012902 
0.005290 0.073560 0.167315 0.131759 0.156969 0.081791 0.038780 0.224161 0.077627 0.042748 
0.000042 0.125263 0.071791 0.091279 0.165505 0.103643 0.058906 0.278771 0.067375 0.037425 
0.010914 0.144947 0.082446 0.071893 0.148682 0.075651 0.084671 0.302663 0.060462 0.017671 
0.000374 0.115832 0.060732 0.058580 0.192821 0.067983 0.070224 0.335193 0.082765 0.015496 
0.000254 0.161709 0.089616 0.070870 0.199184 0.091694 0.052553 0.223639 0.090955 0.019526 
0.006903 0.181734 0.097450 0.105786 0.327096 0.070477 0.040877 0.084367 0.062050 0.023259 
0.001281 0.184055 0.105964 0.084878 0.285187 0.034686 0.023238 0.110241 0.151209 0.019260 
0.015309 0.116447 0.200486 0.076270 0.167279 0.036194 0.049410 0.089167 0.194178 0.055261 
0.006642 0.243146 0.175036 0.046161 0.082847 0.023709 0.015181 0.076621 0.284505 0.046152 
0.000230 0.105028 0.140508 0.050047 0.165656 0.051656 0.032245 0.068125 0.345414 0.041090 
0.014171 0.085166 0.204535 0.063802 0.257751 0.075792 0.032291 0.054241 0.163190 0.049061 
0.000295 0.079323 0.233149 0.069095 0.318045 0.067876 0.029512 0.105856 0.069581 0.027268 
0.006803 0.067347 0.316219 0.102538 0.125743 0.065456 0.024712 0.099334 0.159570 0.032277 
0.005173 0.078962 0.244256 0.116657 0.127615 0.069790 0.019657 0.165204 0.145918 0.026767 
0.001014 0.043657 0.217257 0.117738 0.163512 0.035886 0.024620 0.159205 0.208542 0.028569 
0.004778 0.030120 0.267375 0.255212 0.090363 0.145566 0.040072 0.050026 0.034717 0.081771 
0.008404 0.040690 0.137072 0.109065 0.126885 0.185687 0.058393 0.049020 0.066229 0.218555 
0.006596 0.043288 0.105629 0.104325 0.071311 0.303765 0.061126 0.065983 0.071836 0.166142 
0.002401 0.032069 0.144623 0.130291 0.270249 0.135896 0.080282 0.085569 0.090936 0.027683 
0.005148 0.049765 0.186749 0.121563 0.209522 0.116003 0.087188 0.070651 0.114489 0.038923 
0.006419 0.056091 0.207669 0.079405 0.229487 0.118446 0.054063 0.087166 0.080847 0.080406 
0.000379 0.031891 0.131927 0.159166 0.264609 0.151153 0.047388 0.074363 0.042640 0.096485 
0.004415 0.024943 0.028923 0.157301 0.338918 0.131086 0.025643 0.105195 0.077567 0.106010 
0.007061 0.214971 0.269423 0.086537 0.132750 0.071993 0.048381 0.073848 0.027684 0.067351 
0.003104 0.181583 0.203075 0.104229 0.116567 0.038648 0.055077 0.189578 0.036422 0.071717 
0.002189 0.093785 0.179096 0.067413 0.105423 0.084982 0.099109 0.272244 0.040537 0.055223 
0.004879 0.027765 0.174863 0.069706 0.088717 0.070387 0.087660 0.345818 0.078219 0.051986 
0.007507 0.025977 0.180076 0.073392 0.068184 0.053945 0.094835 0.404002 0.051806 0.040275 
0.004548 0.039377 0.159698 0.086974 0.114175 0.055216 0.102115 0.352843 0.041671 0.043383 
0.010876 0.065476 0.168768 0.075927 0.095981 0.022104 0.073125 0.398460 0.037139 0.052143 
0.007798 0.043265 0.245273 0.225522 0.059163 0.026818 0.073354 0.253913 0.042600 0.022294 
0.003617 0.022321 0.244938 0.132824 0.092390 0.085134 0.065304 0.246494 0.059853 0.047125 
0.006567 0.040767 0.189321 0.133548 0.077593 0.099055 0.054872 0.304768 0.041438 0.052071 
0.005985 0.034334 0.168852 0.115337 0.105142 0.053536 0.062995 0.357182 0.058911 0.037726 
