Holla-Holla,Akon
0.000000 0.000000 0.000000 0.000000 0.000000 0.000000 0.000000 0.000000 0.000000 0.000000 
0.054646 0.085810 0.124940 0.105868 0.087215 0.231239 0.119941 0.062952 0.083448 0.043942 
0.124236 0.059474 0.095026 0.071319 0.101612 0.188673 0.111422 0.092273 0.109872 0.046093 
0.138222 0.081998 0.100267 0.153376 0.116675 0.063027 0.101179 0.057705 0.096031 0.091521 
0.009368 0.048267 0.280255 0.320716 0.118528 0.077984 0.026568 0.019727 0.044583 0.054004 
0.008195 0.040701 0.212880 0.364924 0.156493 0.069662 0.028714 0.017200 0.036294 0.064937 
0.009924 0.044811 0.214424 0.382784 0.180713 0.055257 0.007527 0.008770 0.031931 0.063860 
0.016933 0.072730 0.248199 0.310380 0.103215 0.094053 0.037001 0.026864 0.037991 0.052633 
0.014505 0.069402 0.257700 0.296488 0.148576 0.079551 0.030326 0.017991 0.024912 0.060550 
0.000631 0.041154 0.156083 0.407112 0.223681 0.045302 0.010804 0.041718 0.015522 0.057993 
0.005582 0.024040 0.160523 0.415687 0.196062 0.064251 0.021894 0.046673 0.030020 0.035267 
0.005118 0.021301 0.164386 0.388931 0.245340 0.055243 0.026883 0.038486 0.018447 0.035865 
0.015219 0.063308 0.210753 0.304876 0.258669 0.042437 0.020759 0.029922 0.018038 0.036020 
0.014952 0.105879 0.183939 0.334086 0.165595 0.067450 0.034564 0.041267 0.016203 0.036064 
0.015273 0.065915 0.152889 0.402560 0.154548 0.099938 0.029743 0.031471 0.021467 0.026198 
0.013835 0.057942 0.104226 0.381859 0.175271 0.113871 0.040603 0.055689 0.035496 0.021207 
0.012629 0.059180 0.120521 0.365180 0.170983 0.114390 0.053031 0.039580 0.026383 0.038122 
0.006624 0.050651 0.197250 0.324453 0.143722 0.122379 0.041645 0.051652 0.026890 0.034734 
0.008033 0.040143 0.188293 0.347635 0.167762 0.101413 0.058005 0.029299 0.033392 0.026024 
0.013741 0.067500 0.210700 0.371693 0.182106 0.086240 0.019544 0.020187 0.017666 0.010622 
0.014670 0.057924 0.186238 0.416461 0.155473 0.101811 0.020704 0.018190 0.010465 0.018065 
0.002433 0.033425 0.199052 0.454575 0.137220 0.097789 0.029365 0.018529 0.011378 0.016234 
0.006334 0.050361 0.109078 0.448373 0.223834 0.071973 0.022565 0.030108 0.014185 0.023191 
0.005200 0.031617 0.158545 0.352846 0.206888 0.107505 0.053070 0.028652 0.033445 0.022231 
0.000202 0.023994 0.146560 0.387124 0.180749 0.103734 0.052307 0.048761 0.038562 0.018007 
0.000239 0.035887 0.161811 0.445488 0.166220 0.083588 0.030360 0.019458 0.037337 0.019611 
0.008372 0.031408 0.125439 0.437076 0.165590 0.093047 0.043102 0.046748 0.039187 0.010031 
0.016019 0.082695 0.138763 0.281851 0.232611 0.097496 0.044096 0.048950 0.050017 0.007503 
0.014258 0.056269 0.129846 0.332877 0.271768 0.057125 0.029121 0.047541 0.054993 0.006200 
0.013748 0.062826 0.106156 0.364395 0.294894 0.034615 0.021162 0.034206 0.058655 0.009344 
0.010328 0.082981 0.195267 0.356818 0.208224 0.038553 0.019578 0.028353 0.046165 0.013732 
0.004473 0.017206 0.105333 0.503533 0.177003 0.073566 0.021024 0.027570 0.053523 0.016768 
0.001136 0.012711 0.142954 0.568661 0.086435 0.056127 0.028135 0.038191 0.060548 0.005103 
0.009397 0.042142 0.182872 0.468248 0.083638 0.064352 0.046648 0.050175 0.048158 0.004371 
0.012719 0.071240 0.277757 0.418840 0.107883 0.034342 0.018705 0.021741 0.032022 0.004751 
0.007355 0.100806 0.117016 0.643784 0.040896 0.039447 0.010428 0.017334 0.015033 0.007899 
0.011997 0.084299 0.211365 0.535420 0.063348 0.034240 0.021866 0.016048 0.013129 0.008288 
0.007931 0.051561 0.118334 0.610826 0.074071 0.059674 0.020976 0.022576 0.016455 0.017596 
0.003842 0.095330 0.363548 0.218137 0.219189 0.029070 0.031482 0.021788 0.010034 0.007578 
0.002598 0.030550 0.332117 0.163876 0.315351 0.041760 0.033411 0.032682 0.035108 0.012546 
0.005859 0.045258 0.364044 0.162226 0.319005 0.018694 0.020300 0.020385 0.031340 0.012890 
0.003885 0.025513 0.344423 0.248290 0.275565 0.026174 0.015270 0.020851 0.026848 0.013181 
0.000881 0.052766 0.315877 0.276931 0.232896 0.032744 0.028943 0.015098 0.031180 0.012683 
0.006358 0.029059 0.295635 0.270516 0.278936 0.027417 0.030261 0.021746 0.029474 0.010599 
0.007427 0.050582 0.296893 0.287030 0.244348 0.035397 0.021076 0.018283 0.028504 0.010461 
0.009964 0.051274 0.295816 0.212592 0.242634 0.050114 0.052958 0.036633 0.023903 0.024111 
0.002301 0.040760 0.316379 0.238406 0.299180 0.020723 0.023539 0.015501 0.029698 0.013512 
0.008963 0.055932 0.276979 0.298407 0.246267 0.032022 0.020056 0.019543 0.024528 0.017303 
0.003272 0.042517 0.250423 0.261773 0.238780 0.062347 0.052684 0.031374 0.040454 0.016375 
0.005053 0.038001 0.036061 0.425087 0.354049 0.059602 0.023945 0.017479 0.027758 0.012965 
0.000283 0.017908 0.039276 0.428866 0.351906 0.058049 0.037091 0.016146 0.037348 0.013126 
0.004725 0.080250 0.331319 0.238871 0.192322 0.055513 0.032351 0.025974 0.023142 0.015533 
0.000702 0.019249 0.350818 0.293172 0.215679 0.038642 0.024555 0.016264 0.023457 0.017462 
0.010561 0.055979 0.361663 0.252648 0.229083 0.028041 0.019745 0.013533 0.019230 0.009517 
0.000685 0.019556 0.353569 0.323926 0.199269 0.025351 0.027666 0.016035 0.021142 0.012802 
0.002051 0.019672 0.344471 0.300109 0.188429 0.042372 0.041760 0.022318 0.029855 0.008963 
0.008438 0.042061 0.226815 0.229310 0.130007 0.176847 0.054511 0.076035 0.033752 0.022223 
0.003472 0.015330 0.165699 0.199304 0.169183 0.187674 0.043160 0.109721 0.059675 0.046783 
0.004330 0.022952 0.022599 0.196971 0.174247 0.211922 0.053920 0.091868 0.129797 0.091395 
0.004651 0.019375 0.027796 0.182434 0.161382 0.211302 0.069642 0.025714 0.214074 0.083630 
0.001047 0.039441 0.054617 0.228490 0.128919 0.166312 0.083251 0.031611 0.111234 0.155079 
0.002747 0.009626 0.012086 0.240659 0.103747 0.180886 0.088373 0.029951 0.153677 0.178249 
0.000004 0.008688 0.010806 0.320293 0.052024 0.232881 0.194084 0.012793 0.063188 0.105239 
0.004203 0.014131 0.022799 0.303435 0.045743 0.217931 0.151281 0.035327 0.098527 0.106623 
0.002050 0.028335 0.033194 0.238487 0.077227 0.176576 0.116703 0.052615 0.116304 0.158509 
0.002983 0.011429 0.023768 0.229984 0.070974 0.166584 0.113682 0.054486 0.144987 0.181123 
0.005420 0.030483 0.046729 0.150371 0.084131 0.182379 0.093367 0.051695 0.155861 0.199563 
0.000962 0.006277 0.025629 0.154317 0.076704 0.184569 0.108222 0.053091 0.160644 0.229585 
0.002887 0.025890 0.061261 0.173124 0.094893 0.166230 0.082220 0.032782 0.158870 0.201843 
0.004935 0.024702 0.025931 0.245530 0.094354 0.112253 0.067075 0.031162 0.172808 0.221250 
0.002986 0.025429 0.044652 0.245369 0.048543 0.065959 0.171409 0.040141 0.205314 0.150197 
0.011244 0.061305 0.109444 0.247305 0.050176 0.078424 0.204958 0.062766 0.138838 0.035540 
0.000439 0.008995 0.050832 0.256543 0.064537 0.108894 0.050018 0.101880 0.315738 0.042125 
0.000738 0.126919 0.159395 0.211478 0.133466 0.053896 0.052656 0.095345 0.146170 0.019938 
0.004012 0.039583 0.182515 0.251844 0.265158 0.048874 0.051030 0.097576 0.043611 0.015797 
0.000406 0.023412 0.226979 0.242320 0.297193 0.046223 0.044411 0.080753 0.030253 0.008049 
0.001562 0.036713 0.175251 0.251932 0.293502 0.051597 0.052779 0.084809 0.034749 0.017106 
0.010427 0.075661 0.156697 0.334940 0.238111 0.043774 0.038446 0.065532 0.022050 0.014362 
0.003641 0.043017 0.153316 0.421826 0.212870 0.048122 0.017862 0.063203 0.021918 0.014226 
0.003844 0.034085 0.146284 0.380237 0.227832 0.068359 0.036850 0.063558 0.028703 0.010248 
0.011978 0.069873 0.125724 0.337047 0.247231 0.055057 0.035000 0.068847 0.040725 0.008517 
0.000869 0.021390 0.178109 0.332889 0.239868 0.064856 0.025054 0.069515 0.056334 0.011116 
0.006338 0.031723 0.231038 0.329668 0.236815 0.031378 0.023159 0.057104 0.037383 0.015394 
0.012154 0.072788 0.135546 0.384198 0.235103 0.048481 0.015993 0.051148 0.031105 0.013485 
0.004973 0.037474 0.084882 0.458737 0.247636 0.053442 0.020123 0.049990 0.024354 0.018389 
0.005691 0.023010 0.033839 0.463818 0.250185 0.082215 0.033735 0.062645 0.018989 0.025875 
0.006383 0.135561 0.269765 0.301442 0.158258 0.039823 0.021016 0.037214 0.019100 0.011439 
0.003258 0.050003 0.323580 0.284750 0.188710 0.049898 0.026479 0.045840 0.019821 0.007662 
0.021089 0.126030 0.249269 0.304142 0.198315 0.027468 0.018119 0.038197 0.011882 0.005489 
0.005234 0.069053 0.287143 0.350583 0.184648 0.039997 0.011112 0.035849 0.009918 0.006465 
0.002626 0.031576 0.214478 0.230420 0.180345 0.049528 0.078342 0.086005 0.099436 0.027246 
0.017000 0.084047 0.154922 0.184772 0.161604 0.102253 0.042138 0.105447 0.059510 0.088308 
0.000079 0.038468 0.179268 0.244197 0.160803 0.077371 0.029301 0.134856 0.062718 0.072940 
0.006260 0.043899 0.198190 0.273916 0.162578 0.100308 0.038469 0.104559 0.037027 0.034795 
0.004494 0.029915 0.245962 0.265586 0.192833 0.117960 0.056449 0.040149 0.025800 0.020853 
0.005169 0.035495 0.246550 0.292868 0.213625 0.086276 0.036456 0.042992 0.025514 0.015055 
0.008345 0.057973 0.237731 0.284683 0.227914 0.093846 0.024313 0.024333 0.016176 0.024685 
0.004869 0.056921 0.238756 0.268838 0.156562 0.126520 0.047612 0.041585 0.035786 0.022550 
0.015016 0.096361 0.277993 0.220797 0.102715 0.134253 0.054688 0.041611 0.024664 0.031902 
0.003729 0.046245 0.320944 0.196561 0.152557 0.123909 0.048189 0.040370 0.032913 0.034583 
0.004427 0.044114 0.280760 0.316365 0.190270 0.076696 0.026575 0.010623 0.025108 0.025061 
0.000759 0.037011 0.219484 0.352895 0.161444 0.100824 0.023418 0.039374 0.032059 0.032733 
0.015802 0.081056 0.166267 0.341009 0.198650 0.091218 0.021326 0.014779 0.047610 0.022282 
0.011241 0.093016 0.211448 0.357343 0.114831 0.074510 0.035044 0.017685 0.061411 0.023471 
0.009074 0.095904 0.166626 0.431030 0.071513 0.095017 0.020651 0.027077 0.066058 0.017050 
0.007369 0.035501 0.072331 0.562304 0.089995 0.090598 0.038404 0.026960 0.062526 0.014011 
0.005014 0.055350 0.270703 0.316461 0.085315 0.083386 0.033714 0.049362 0.056042 0.044653 
0.016644 0.168206 0.495373 0.182977 0.050375 0.014340 0.015598 0.032037 0.016232 0.008217 
0.019077 0.085526 0.443118 0.097551 0.132229 0.055192 0.046040 0.068629 0.035341 0.017297 
0.006629 0.039959 0.262009 0.173388 0.121388 0.217727 0.062087 0.049243 0.050892 0.016676 
0.006312 0.041108 0.256519 0.151983 0.106237 0.212233 0.042154 0.067698 0.097174 0.018582 
0.001424 0.034507 0.247482 0.212084 0.116105 0.207763 0.010475 0.041505 0.101855 0.026801 
0.003722 0.034630 0.283987 0.095158 0.122922 0.244505 0.032713 0.031683 0.121380 0.029300 
0.009372 0.057728 0.257141 0.111631 0.116712 0.244822 0.018694 0.037415 0.118430 0.028055 
0.017602 0.087429 0.239442 0.083014 0.110087 0.240112 0.043476 0.043905 0.115172 0.019761 
0.017290 0.081392 0.254970 0.057356 0.120932 0.259647 0.021856 0.046386 0.120136 0.020035 
0.014737 0.074590 0.247794 0.084606 0.120108 0.229779 0.050647 0.041733 0.117638 0.018367 
0.005209 0.042451 0.193913 0.100386 0.158312 0.257556 0.014992 0.050737 0.152483 0.023962 
0.000762 0.010588 0.071812 0.120991 0.231665 0.275203 0.027199 0.084259 0.166582 0.010940 
0.006525 0.026648 0.088135 0.105613 0.245018 0.260745 0.039493 0.081910 0.133926 0.011987 
0.010068 0.098923 0.233263 0.127946 0.145421 0.142756 0.107007 0.028744 0.088135 0.017737 
0.015093 0.085117 0.372064 0.092722 0.166888 0.120317 0.051854 0.034102 0.048150 0.013692 
0.009815 0.064516 0.352377 0.146881 0.159056 0.128032 0.032985 0.042689 0.045644 0.018004 
0.006055 0.051210 0.369377 0.198806 0.153179 0.106264 0.025310 0.028457 0.047740 0.013601 
0.002760 0.034624 0.365184 0.201377 0.167752 0.111010 0.026354 0.031300 0.053558 0.006081 
0.003088 0.027346 0.285939 0.134564 0.197601 0.112042 0.028418 0.032134 0.106530 0.072337 
0.007147 0.051519 0.238185 0.148560 0.179674 0.085349 0.061698 0.058589 0.083237 0.086041 
0.015515 0.075537 0.261785 0.107742 0.206430 0.076733 0.033850 0.104201 0.049267 0.068941 
0.016625 0.085649 0.267731 0.074779 0.249242 0.100736 0.014422 0.094543 0.041884 0.054389 
0.008094 0.057382 0.261789 0.115199 0.206879 0.090346 0.065755 0.109590 0.031941 0.053024 
0.000076 0.023213 0.249125 0.200616 0.172142 0.099959 0.139838 0.050234 0.039574 0.025222 
0.002655 0.029229 0.172909 0.143853 0.144761 0.097520 0.097703 0.064546 0.109728 0.137096 
0.003051 0.021589 0.180709 0.182440 0.150038 0.079737 0.069542 0.039574 0.115264 0.158055 
0.005212 0.026508 0.177953 0.196194 0.141592 0.122856 0.061929 0.026912 0.105800 0.135044 
0.011368 0.057639 0.159727 0.213852 0.112796 0.106372 0.037628 0.052504 0.168221 0.079891 
0.013761 0.071906 0.166602 0.217086 0.119041 0.103892 0.052105 0.033750 0.131943 0.089914 
0.013773 0.058368 0.181834 0.239015 0.115996 0.098163 0.042778 0.017956 0.113742 0.118375 
0.009280 0.047271 0.203399 0.235804 0.069363 0.137700 0.040841 0.028392 0.118311 0.109640 
0.006838 0.054428 0.188485 0.175565 0.158246 0.080817 0.046772 0.066344 0.138723 0.083782 
0.007900 0.028817 0.159548 0.275181 0.204136 0.100050 0.027112 0.047390 0.091188 0.058678 
0.003261 0.017274 0.077640 0.194511 0.201179 0.130564 0.051067 0.076513 0.207156 0.040836 
0.001312 0.026433 0.095518 0.157754 0.112932 0.110938 0.065259 0.102952 0.282187 0.044716 
0.020929 0.182426 0.262786 0.139245 0.091334 0.055130 0.037880 0.135541 0.040943 0.033786 
0.016137 0.128294 0.465663 0.138910 0.064996 0.047480 0.023779 0.045689 0.040561 0.028492 
0.018800 0.138209 0.511782 0.061045 0.083027 0.068184 0.035825 0.037642 0.019905 0.025580 
0.012362 0.105586 0.540606 0.062690 0.070747 0.079200 0.029371 0.027850 0.022739 0.048848 
0.006350 0.080243 0.522159 0.133895 0.081190 0.064349 0.020572 0.032307 0.030597 0.028337 
0.011996 0.094704 0.480409 0.102503 0.066530 0.103920 0.040621 0.032670 0.047390 0.019257 
0.012417 0.113047 0.478701 0.107906 0.069701 0.099182 0.023784 0.030805 0.045774 0.018684 
0.019284 0.141901 0.449019 0.133339 0.057967 0.075426 0.017847 0.029744 0.048473 0.026999 
0.015940 0.118547 0.504885 0.085708 0.066720 0.085361 0.015413 0.040167 0.042081 0.025177 
0.016796 0.151239 0.497497 0.085444 0.102818 0.059538 0.019091 0.030786 0.020416 0.016374 
0.013303 0.102990 0.544892 0.081631 0.108950 0.064453 0.015388 0.026340 0.034819 0.007234 
0.026322 0.146949 0.377616 0.111001 0.146705 0.075123 0.026462 0.033187 0.038137 0.018499 
0.009410 0.058876 0.371531 0.157717 0.185089 0.087645 0.026197 0.038285 0.036209 0.029042 
0.018929 0.230543 0.373145 0.126012 0.122280 0.038017 0.018795 0.032123 0.029119 0.011037 
0.018542 0.128087 0.562789 0.130807 0.064565 0.039278 0.014906 0.017607 0.017589 0.005832 
0.019421 0.141964 0.501600 0.172244 0.055201 0.040730 0.015737 0.022072 0.018460 0.012570 
0.000541 0.081020 0.613811 0.127370 0.067540 0.044143 0.013808 0.018070 0.020720 0.012978 
0.007361 0.065904 0.263699 0.089035 0.107670 0.089338 0.111916 0.090788 0.110935 0.063355 
0.005153 0.050130 0.165357 0.076810 0.129584 0.106519 0.065112 0.166775 0.109177 0.125383 
0.000582 0.031579 0.181561 0.094295 0.142504 0.089848 0.031087 0.197147 0.111114 0.120284 
0.004710 0.033546 0.226640 0.104299 0.130166 0.090316 0.076309 0.194074 0.067463 0.072476 
0.001536 0.029756 0.313367 0.075922 0.105954 0.108717 0.113634 0.149747 0.059580 0.041786 
0.011171 0.073511 0.439057 0.106338 0.159968 0.105008 0.014057 0.018051 0.018990 0.053849 
0.004303 0.045556 0.420820 0.133205 0.184145 0.106109 0.017974 0.020694 0.020218 0.046977 
0.022482 0.116010 0.373045 0.095675 0.132690 0.139838 0.039782 0.020500 0.019036 0.040942 
0.004108 0.042466 0.445129 0.074270 0.121883 0.128137 0.046464 0.049074 0.023744 0.064723 
0.005563 0.048350 0.345960 0.182229 0.131706 0.148418 0.047180 0.025251 0.029255 0.036088 
0.002505 0.043513 0.233865 0.247666 0.145551 0.177256 0.039312 0.057636 0.010951 0.041746 
0.005134 0.039562 0.215630 0.300092 0.143909 0.105051 0.028609 0.058995 0.050360 0.052660 
0.010241 0.057305 0.187074 0.319880 0.131009 0.104524 0.037943 0.055962 0.063312 0.032751 
0.000700 0.093752 0.143042 0.407056 0.064140 0.127576 0.028186 0.056009 0.061565 0.017973 
0.003717 0.045898 0.077900 0.459368 0.095090 0.136709 0.041987 0.044187 0.081279 0.013864 
0.012440 0.100358 0.127689 0.317746 0.103472 0.078081 0.096849 0.086620 0.033729 0.043017 
0.003834 0.092453 0.132332 0.370488 0.065162 0.116769 0.036922 0.102109 0.056974 0.022957 
0.014824 0.142510 0.502999 0.091859 0.083168 0.048119 0.047823 0.020098 0.030976 0.017625 
0.004846 0.036493 0.303264 0.101539 0.128984 0.161295 0.118329 0.068066 0.055629 0.021554 
0.013340 0.059155 0.223316 0.079574 0.097692 0.237360 0.122798 0.058141 0.080615 0.028010 
0.004718 0.020936 0.258293 0.135821 0.125835 0.222907 0.054588 0.061058 0.083313 0.032530 
0.009276 0.037565 0.268104 0.141032 0.105133 0.227741 0.053834 0.044146 0.092840 0.020329 
0.007827 0.047234 0.213413 0.120842 0.119569 0.255379 0.077432 0.120500 0.032821 0.004985 
0.011779 0.048168 0.227540 0.123108 0.103236 0.239045 0.067273 0.130798 0.035226 0.013827 
0.001361 0.018632 0.219120 0.166939 0.122095 0.242068 0.050772 0.114289 0.042416 0.022309 
0.000332 0.014861 0.245439 0.140015 0.106066 0.244106 0.051813 0.099571 0.061548 0.036248 
0.007485 0.046304 0.236089 0.153234 0.126475 0.225200 0.039894 0.105683 0.043898 0.015737 
0.003232 0.017144 0.210635 0.110919 0.137048 0.252609 0.070134 0.147849 0.036110 0.014319 
0.001911 0.008597 0.027720 0.122565 0.144233 0.311780 0.106224 0.204016 0.053949 0.019005 
0.000243 0.002480 0.015197 0.161847 0.143328 0.302400 0.078361 0.205536 0.071368 0.019240 
0.008830 0.094348 0.190791 0.150699 0.122347 0.167859 0.053515 0.142245 0.046633 0.022734 
0.018847 0.099644 0.324694 0.141881 0.102627 0.074258 0.036941 0.146904 0.039828 0.014375 
0.001687 0.026633 0.341239 0.205078 0.130928 0.101154 0.043145 0.094129 0.045242 0.010764 
0.011228 0.060478 0.334948 0.213193 0.139648 0.120558 0.037378 0.033484 0.032786 0.016297 
0.002131 0.023632 0.384989 0.163641 0.147936 0.127067 0.049971 0.028637 0.054236 0.017759 
0.011598 0.058758 0.254220 0.151617 0.110000 0.241394 0.052510 0.044505 0.063624 0.011775 
0.000798 0.013106 0.184800 0.156112 0.083588 0.225452 0.057922 0.118217 0.107271 0.052735 
0.003208 0.012809 0.186077 0.172551 0.074692 0.204801 0.059773 0.075904 0.148152 0.062032 
0.003335 0.013577 0.208845 0.135910 0.084248 0.239805 0.039123 0.065789 0.139560 0.069809 
0.002447 0.055461 0.158550 0.219259 0.066075 0.136410 0.060829 0.161732 0.079092 0.060145 
0.001441 0.008274 0.136892 0.200068 0.051005 0.197909 0.036364 0.215646 0.103346 0.049056 
0.001098 0.007445 0.132021 0.178584 0.039643 0.228988 0.068936 0.248799 0.055251 0.039234 
0.004114 0.021353 0.129524 0.173255 0.074496 0.244354 0.069121 0.177232 0.055710 0.050843 
0.008277 0.064155 0.136310 0.190431 0.086465 0.224989 0.047140 0.148249 0.050766 0.043217 
0.012414 0.046384 0.223361 0.149274 0.101843 0.218820 0.048164 0.058927 0.078968 0.061844 
0.007175 0.039807 0.198752 0.114455 0.124600 0.217946 0.066276 0.060024 0.128329 0.042635 
0.003064 0.013321 0.162909 0.161904 0.111274 0.215905 0.048170 0.086086 0.109172 0.088196 
0.007647 0.076418 0.141511 0.198788 0.079568 0.152003 0.089565 0.065023 0.094930 0.094547 
0.007314 0.028458 0.117296 0.239927 0.098472 0.153193 0.082482 0.069886 0.100517 0.102456 
0.000563 0.034414 0.174080 0.054129 0.108333 0.123284 0.126056 0.113724 0.163288 0.102130 
0.012831 0.085932 0.225711 0.098774 0.071155 0.041549 0.117796 0.089756 0.197176 0.059320 
0.009713 0.047643 0.244179 0.090219 0.087941 0.021680 0.099382 0.121252 0.225814 0.052177 
0.017298 0.280579 0.323782 0.108021 0.083605 0.017880 0.053040 0.047680 0.057183 0.010933 
0.019192 0.132886 0.471841 0.136935 0.108605 0.016595 0.019687 0.047967 0.033060 0.013232 
0.025456 0.173457 0.423686 0.108287 0.127817 0.027056 0.019612 0.063257 0.023431 0.007941 
0.002612 0.095435 0.465589 0.145597 0.119594 0.037383 0.027770 0.073247 0.021295 0.011477 
0.004392 0.110652 0.435987 0.198786 0.102823 0.024554 0.026414 0.056543 0.017635 0.022214 
0.026813 0.169402 0.325465 0.205309 0.126991 0.039425 0.013169 0.055384 0.021858 0.016185 
0.001434 0.076717 0.438178 0.235502 0.127425 0.025726 0.022756 0.044304 0.022828 0.005130 
0.002924 0.077072 0.413819 0.222841 0.132823 0.044182 0.018713 0.041715 0.033834 0.012077 
0.027849 0.171209 0.346343 0.186430 0.145473 0.028554 0.021669 0.044190 0.018926 0.009358 
0.013071 0.122865 0.288429 0.229710 0.171784 0.077302 0.023683 0.046754 0.017324 0.009078 
0.011710 0.060810 0.169527 0.276958 0.214347 0.092400 0.062477 0.044368 0.047344 0.020059 
0.003634 0.082605 0.103466 0.177139 0.215445 0.234633 0.050328 0.069126 0.054397 0.009228 
0.007092 0.205506 0.159791 0.196309 0.124946 0.161866 0.062346 0.032929 0.034891 0.014325 
0.019881 0.217101 0.264726 0.223935 0.134415 0.069351 0.015535 0.017789 0.031386 0.005880 
0.009984 0.090008 0.261827 0.165296 0.110387 0.129331 0.059570 0.055231 0.095974 0.022392 
0.002574 0.091547 0.153524 0.206943 0.209726 0.177864 0.038798 0.016417 0.079773 0.022834 
0.007685 0.055598 0.199898 0.245797 0.133721 0.231530 0.026311 0.049790 0.030643 0.019027 
0.000853 0.035635 0.270001 0.084952 0.145308 0.159883 0.132602 0.060829 0.044373 0.065565 
0.003423 0.018574 0.167468 0.047735 0.135930 0.121696 0.093247 0.054564 0.182365 0.174999 
0.003953 0.022700 0.237795 0.108361 0.195340 0.139378 0.041435 0.124096 0.035211 0.091732 
0.009612 0.051426 0.218191 0.093610 0.177558 0.108472 0.094939 0.150765 0.064049 0.031378 
0.006945 0.029356 0.234471 0.089837 0.166638 0.222675 0.092679 0.075794 0.042905 0.038699 
0.001006 0.026873 0.295850 0.117226 0.161518 0.208971 0.064688 0.048076 0.049606 0.026187 
0.000636 0.031905 0.209578 0.127275 0.236134 0.212376 0.053524 0.040503 0.053201 0.034869 
0.000773 0.016691 0.029885 0.078657 0.235671 0.372352 0.111495 0.062150 0.061761 0.030564 
0.026940 0.104026 0.168084 0.146262 0.130641 0.130315 0.138722 0.055322 0.056664 0.043024 
0.004916 0.093226 0.143115 0.107577 0.259539 0.167411 0.064985 0.023356 0.098194 0.037681 
0.008102 0.034483 0.066095 0.238493 0.231794 0.198239 0.054916 0.038706 0.089159 0.040014 
0.003477 0.021623 0.059601 0.272337 0.221927 0.142548 0.117921 0.036783 0.073277 0.050506 
0.001811 0.076835 0.068093 0.284939 0.219314 0.092407 0.119584 0.061543 0.031391 0.044084 
0.001929 0.025017 0.052020 0.319229 0.134724 0.248816 0.061764 0.027335 0.087194 0.041973 
0.004688 0.032905 0.074624 0.368575 0.116034 0.104325 0.150692 0.033493 0.053617 0.061047 
0.000825 0.015557 0.041043 0.286524 0.121783 0.139463 0.216706 0.057404 0.064798 0.055895 
0.008003 0.040089 0.024474 0.147355 0.240573 0.271480 0.082747 0.045747 0.109246 0.030286 
0.006623 0.096833 0.219293 0.122443 0.136129 0.154361 0.084110 0.043620 0.069482 0.067105 
0.002797 0.069794 0.275270 0.152502 0.097764 0.099149 0.088474 0.071639 0.084749 0.057860 
0.005062 0.041150 0.217659 0.149657 0.147786 0.253605 0.049679 0.030454 0.079417 0.025533 
0.013050 0.064060 0.242264 0.108656 0.180670 0.202867 0.036588 0.056612 0.067554 0.027679 
0.018213 0.084357 0.258703 0.109090 0.074838 0.247196 0.039928 0.050961 0.100712 0.016002 
0.015673 0.071261 0.218430 0.103434 0.100022 0.286778 0.037557 0.070246 0.079920 0.016680 
0.014669 0.070796 0.219495 0.072978 0.185438 0.246467 0.054608 0.021452 0.098237 0.015859 
0.008986 0.053666 0.316916 0.088835 0.125484 0.194299 0.043104 0.046986 0.094299 0.027427 
0.001494 0.023417 0.241125 0.133146 0.095608 0.292674 0.049273 0.083146 0.070490 0.009626 
0.004742 0.029161 0.215114 0.117342 0.144068 0.306740 0.045743 0.048809 0.074194 0.014087 
0.010702 0.052329 0.249941 0.145648 0.160596 0.153670 0.034052 0.054048 0.108851 0.030164 
0.013806 0.070262 0.224063 0.138864 0.096257 0.222250 0.060175 0.043320 0.112007 0.018996 
0.013461 0.068692 0.201487 0.136881 0.111039 0.250278 0.053672 0.084179 0.062929 0.017382 
0.013013 0.066177 0.215061 0.153360 0.160257 0.198903 0.030632 0.032777 0.110808 0.019011 
0.010238 0.051236 0.223071 0.187989 0.137845 0.209227 0.037452 0.034585 0.092466 0.015891 
0.003158 0.027236 0.200687 0.198448 0.096254 0.214583 0.065573 0.048441 0.111291 0.034330 
0.001695 0.034215 0.227908 0.181703 0.168057 0.127471 0.066799 0.062028 0.097510 0.032613 
0.001216 0.036854 0.201786 0.238785 0.134632 0.179377 0.048728 0.037879 0.088170 0.032572 
0.002027 0.022989 0.254365 0.167080 0.118165 0.196783 0.045279 0.041656 0.096186 0.055469 
0.008095 0.051823 0.138599 0.243071 0.197141 0.113475 0.095639 0.050963 0.086872 0.014322 
0.010013 0.074481 0.096073 0.200188 0.222144 0.208795 0.053236 0.047771 0.063304 0.023996 
0.005475 0.043035 0.135785 0.333334 0.215777 0.117606 0.029921 0.037138 0.060533 0.021396 
0.002642 0.043516 0.205313 0.362184 0.129270 0.040683 0.035065 0.078396 0.087123 0.015809 
0.004962 0.115705 0.102266 0.351475 0.097640 0.084335 0.125165 0.051649 0.048028 0.018774 
0.003848 0.080126 0.119715 0.247212 0.078918 0.343031 0.045289 0.028560 0.039235 0.014066 
0.008960 0.113710 0.110479 0.203653 0.193199 0.233078 0.051520 0.023536 0.054562 0.007304 
0.008021 0.101276 0.164455 0.218843 0.291746 0.060894 0.057822 0.051467 0.035089 0.010386 
0.001447 0.045391 0.092267 0.287096 0.330648 0.079117 0.051060 0.068131 0.041047 0.003796 
0.005365 0.058734 0.096772 0.198970 0.200603 0.258717 0.076059 0.053370 0.037365 0.014044 
0.001185 0.020354 0.065005 0.155485 0.199747 0.312556 0.127570 0.062117 0.033715 0.022268 
0.005681 0.040300 0.072639 0.221004 0.226598 0.293137 0.064256 0.022242 0.035593 0.018548 
0.003375 0.054709 0.067483 0.159407 0.255181 0.346130 0.054687 0.023750 0.026225 0.009054 
0.006070 0.028187 0.074302 0.181675 0.262876 0.367278 0.032071 0.022350 0.020330 0.004860 
0.003606 0.060690 0.050509 0.127924 0.185917 0.304060 0.143005 0.060899 0.044923 0.018467 
0.013782 0.100841 0.139990 0.156527 0.122477 0.062219 0.105319 0.133492 0.139335 0.026018 
0.018042 0.254097 0.349209 0.135886 0.124338 0.038726 0.022641 0.035842 0.012305 0.008914 
0.010859 0.091663 0.491868 0.163698 0.073184 0.024708 0.017023 0.074357 0.025071 0.027568 
0.016181 0.120386 0.432366 0.132228 0.097884 0.059782 0.031297 0.064304 0.030477 0.015096 
0.018085 0.139302 0.429977 0.122126 0.085190 0.101464 0.038593 0.027069 0.022605 0.015587 
0.001912 0.091334 0.375104 0.176244 0.058860 0.075933 0.064062 0.112619 0.033601 0.010331 
0.021438 0.154158 0.382973 0.174099 0.021694 0.075740 0.031871 0.108209 0.017710 0.012108 
0.013523 0.114152 0.415754 0.243148 0.076465 0.078612 0.022406 0.017493 0.014927 0.003519 
0.008599 0.108354 0.469305 0.252163 0.057498 0.042327 0.017982 0.023793 0.015187 0.004792 
0.013120 0.115849 0.336415 0.169272 0.156288 0.042852 0.048172 0.082072 0.022627 0.013333 
0.014984 0.122698 0.388556 0.150220 0.155591 0.036479 0.016884 0.072872 0.037097 0.004619 
0.005390 0.087103 0.478529 0.221638 0.063127 0.042970 0.022558 0.047961 0.016688 0.014035 
0.023612 0.153204 0.340440 0.245905 0.095116 0.053518 0.026692 0.035605 0.018854 0.007054 
0.013556 0.057297 0.284388 0.353158 0.132869 0.038538 0.043677 0.044114 0.021551 0.010852 
0.001041 0.188446 0.315674 0.161329 0.179279 0.033992 0.037405 0.053460 0.011119 0.018255 
0.004425 0.042638 0.392294 0.176107 0.223187 0.058970 0.023717 0.044481 0.017247 0.016935 
0.017129 0.098075 0.352167 0.187057 0.153734 0.090585 0.032025 0.038820 0.015535 0.014874 
0.001906 0.071542 0.411781 0.193984 0.159851 0.041588 0.040151 0.038731 0.022925 0.017542 
0.005108 0.051008 0.294296 0.158360 0.144066 0.125382 0.064067 0.043740 0.056203 0.057772 
0.009214 0.074811 0.237993 0.129565 0.155982 0.167199 0.059712 0.038942 0.052911 0.073670 
0.004394 0.053441 0.231457 0.150913 0.176436 0.096185 0.046487 0.086340 0.071828 0.082520 
0.002989 0.043100 0.253039 0.143610 0.206393 0.116000 0.059988 0.042300 0.035228 0.097354 
0.007497 0.051828 0.222757 0.116307 0.209814 0.072237 0.166906 0.035649 0.028271 0.088734 
0.010968 0.057076 0.193707 0.109181 0.203602 0.061455 0.213088 0.042685 0.033289 0.074949 
0.005334 0.038620 0.268222 0.119029 0.157845 0.083191 0.156276 0.037318 0.053696 0.080469 
0.001657 0.031792 0.299580 0.141970 0.181159 0.112488 0.045142 0.026132 0.056424 0.103656 
0.003957 0.022958 0.261129 0.175069 0.171498 0.108064 0.093102 0.026648 0.034596 0.102980 
0.010339 0.036263 0.132799 0.137300 0.129491 0.068198 0.195765 0.101441 0.112605 0.075799 
0.004864 0.025503 0.098548 0.102817 0.109319 0.054233 0.448565 0.053532 0.060928 0.041692 
0.000931 0.015415 0.172444 0.164723 0.161296 0.085783 0.230990 0.060479 0.032216 0.075722 
0.011059 0.074544 0.177947 0.224326 0.265703 0.048108 0.032769 0.065725 0.046100 0.053718 
0.004635 0.055818 0.087129 0.242042 0.203782 0.055116 0.041653 0.104720 0.168575 0.036532 
0.004875 0.033382 0.073688 0.257576 0.214138 0.053823 0.061584 0.106079 0.178270 0.016585 
0.005635 0.034884 0.070696 0.261216 0.232814 0.054562 0.089170 0.088326 0.144171 0.018527 
0.000902 0.044426 0.073186 0.299449 0.177274 0.064372 0.183595 0.074203 0.037317 0.045277 
0.008195 0.094038 0.418517 0.059991 0.262367 0.041989 0.019102 0.038699 0.039690 0.017411 
0.009101 0.037006 0.217018 0.193560 0.192334 0.040282 0.148452 0.016421 0.051972 0.093854 
0.004182 0.011866 0.227129 0.182057 0.178756 0.039833 0.103437 0.015454 0.109069 0.128216 
0.006604 0.040033 0.207336 0.129983 0.175761 0.022512 0.116265 0.035928 0.148974 0.116604 
0.006389 0.040250 0.204470 0.129577 0.177498 0.050560 0.118636 0.039824 0.108862 0.123935 
0.003200 0.027844 0.178683 0.082151 0.184269 0.082169 0.114220 0.036359 0.146741 0.144364 
0.009033 0.042687 0.199258 0.085078 0.177785 0.056996 0.127059 0.021036 0.112160 0.168907 
0.001060 0.015311 0.198568 0.081803 0.181558 0.036818 0.117607 0.031567 0.179176 0.156532 
0.004648 0.021724 0.224228 0.035077 0.222887 0.032465 0.126322 0.022295 0.108924 0.201429 
0.009582 0.048773 0.202663 0.118573 0.156836 0.074204 0.114250 0.024591 0.107516 0.143011 
0.009198 0.036116 0.195190 0.123193 0.160800 0.051560 0.227819 0.030593 0.062281 0.103251 
0.003967 0.020595 0.044698 0.235145 0.333340 0.061692 0.103545 0.086787 0.050519 0.059713 
0.008851 0.049664 0.110177 0.214148 0.386138 0.038561 0.049932 0.055742 0.047468 0.039319 
0.003217 0.066185 0.278065 0.197089 0.232648 0.065554 0.066922 0.028477 0.041727 0.020117 
0.004538 0.033888 0.248938 0.221842 0.245044 0.094036 0.052812 0.035397 0.031099 0.032406 
0.014591 0.067440 0.221212 0.195062 0.233588 0.108782 0.061242 0.029093 0.050823 0.018166 
0.000683 0.025044 0.233874 0.225881 0.264544 0.087721 0.044373 0.021399 0.071701 0.024780 
0.001845 0.018385 0.227694 0.210636 0.195944 0.174966 0.058817 0.027215 0.051683 0.032815 
0.005468 0.031846 0.157341 0.134014 0.138346 0.234880 0.077304 0.055180 0.127770 0.037852 
0.000749 0.008001 0.091022 0.154076 0.133121 0.189102 0.085191 0.028830 0.233548 0.076360 
0.002550 0.007792 0.031123 0.172865 0.165004 0.206638 0.065456 0.040160 0.230950 0.077463 
0.003921 0.039575 0.064477 0.181980 0.140209 0.165542 0.091775 0.043597 0.110564 0.158359 
0.001831 0.018576 0.025038 0.206809 0.148308 0.187143 0.099673 0.030574 0.122292 0.159757 
0.003474 0.014973 0.026587 0.224439 0.130050 0.193942 0.094619 0.038864 0.156518 0.116535 
0.003716 0.014654 0.036847 0.247119 0.065963 0.192998 0.156174 0.061953 0.105135 0.115441 
0.005273 0.022822 0.042762 0.243341 0.029595 0.187689 0.131645 0.057344 0.135109 0.144420 
0.001401 0.054387 0.059319 0.179235 0.100919 0.157041 0.079756 0.072967 0.210256 0.084720 
0.000137 0.004121 0.023651 0.268695 0.126606 0.093725 0.049033 0.025534 0.193409 0.215088 
0.002642 0.016920 0.024987 0.164485 0.112731 0.153987 0.085952 0.038869 0.171270 0.228159 
0.002039 0.010104 0.018996 0.140120 0.125921 0.182877 0.074905 0.053919 0.185227 0.205893 
0.002634 0.060648 0.079218 0.191646 0.098097 0.161274 0.050826 0.047193 0.154488 0.153975 
0.005081 0.032887 0.045252 0.157669 0.097250 0.215792 0.053712 0.040301 0.217958 0.134098 
0.000921 0.013669 0.028438 0.212769 0.087787 0.219365 0.165936 0.048456 0.116288 0.106370 
0.005686 0.047917 0.054900 0.200721 0.030333 0.090528 0.171842 0.040876 0.154585 0.202612 
0.021177 0.122770 0.147442 0.183773 0.044681 0.023947 0.106216 0.039796 0.139310 0.170887 
0.021226 0.172530 0.168204 0.219848 0.170455 0.082759 0.043236 0.046335 0.031284 0.044123 
0.008613 0.066843 0.217950 0.227840 0.223454 0.081930 0.039109 0.067746 0.036602 0.029914 
0.009738 0.075378 0.237717 0.255404 0.296768 0.026683 0.030925 0.028521 0.025798 0.013067 
0.007383 0.059908 0.258749 0.311382 0.279033 0.023063 0.021221 0.015097 0.014194 0.009970 
0.004165 0.069579 0.219401 0.253965 0.225632 0.047050 0.062158 0.071062 0.024378 0.022611 
0.011972 0.078148 0.210578 0.229867 0.215571 0.093025 0.056312 0.050861 0.030703 0.022963 
0.004576 0.040329 0.238283 0.270849 0.260222 0.079476 0.040441 0.027527 0.025045 0.013253 
0.001552 0.054121 0.176256 0.255872 0.277788 0.079876 0.051951 0.042230 0.029665 0.030689 
0.011245 0.056637 0.215729 0.211563 0.227797 0.057074 0.048572 0.060248 0.075042 0.036093 
0.002246 0.022878 0.208127 0.228635 0.260965 0.041753 0.054386 0.074068 0.088979 0.017964 
0.006224 0.038046 0.203724 0.321532 0.259882 0.037970 0.051030 0.027177 0.026852 0.027564 
0.009693 0.054941 0.148541 0.373829 0.256673 0.051405 0.032668 0.025706 0.024563 0.021980 
0.007169 0.060117 0.169429 0.344693 0.221747 0.059590 0.022700 0.052588 0.034033 0.027935 
0.006813 0.066473 0.230109 0.203273 0.223144 0.072674 0.037851 0.084800 0.044923 0.029940 
0.002360 0.024115 0.334993 0.207802 0.206166 0.083086 0.043685 0.040296 0.038495 0.019004 
0.000815 0.011857 0.327181 0.283764 0.223455 0.063949 0.026492 0.024138 0.028092 0.010257 
0.012927 0.071591 0.258330 0.305041 0.204227 0.034913 0.031747 0.029791 0.032730 0.018702 
0.001414 0.026368 0.208230 0.232339 0.221370 0.115939 0.051400 0.087273 0.023560 0.032106 
0.007651 0.047391 0.127338 0.241085 0.281785 0.121202 0.036755 0.024951 0.048671 0.063171 
0.005111 0.038605 0.101955 0.244580 0.310725 0.108023 0.056911 0.055582 0.027696 0.050812 
0.008727 0.038817 0.165369 0.213218 0.259569 0.111753 0.066691 0.054989 0.046175 0.034692 
0.006112 0.037203 0.151557 0.196821 0.158395 0.143103 0.096817 0.079082 0.106728 0.024183 
0.005481 0.039449 0.112194 0.269651 0.128187 0.161568 0.116711 0.062389 0.084192 0.020179 
0.006587 0.028554 0.209505 0.316917 0.112450 0.103904 0.082015 0.046265 0.055483 0.038319 
0.014415 0.071998 0.224421 0.294360 0.165289 0.115000 0.021565 0.021297 0.034642 0.037013 
0.004469 0.046277 0.202558 0.270435 0.179551 0.057365 0.139391 0.034322 0.023566 0.042067 
0.004074 0.042552 0.133568 0.419978 0.134441 0.101872 0.060489 0.051865 0.021428 0.029733 
0.008852 0.041937 0.168189 0.297876 0.134065 0.121104 0.088457 0.089298 0.033641 0.016581 
0.009744 0.040330 0.154755 0.372097 0.180293 0.066788 0.096158 0.037500 0.013742 0.028594 
0.012339 0.066876 0.143360 0.350122 0.230792 0.032789 0.079328 0.035058 0.022184 0.027152 
0.000867 0.082947 0.296288 0.274054 0.116415 0.062625 0.044046 0.076095 0.026488 0.020176 
0.000931 0.034751 0.251180 0.352149 0.154130 0.039415 0.064166 0.039423 0.042829 0.021026 
0.010127 0.041853 0.261316 0.281343 0.150649 0.062674 0.094636 0.047228 0.024703 0.025470 
0.020399 0.088374 0.254880 0.311401 0.189407 0.043860 0.010947 0.016059 0.044018 0.020656 
0.000793 0.089301 0.314624 0.195455 0.161150 0.034742 0.101659 0.043760 0.032424 0.026091 
0.004950 0.025543 0.238851 0.253622 0.175432 0.078739 0.055434 0.052675 0.108566 0.006189 
0.001237 0.028996 0.225822 0.183722 0.181298 0.100882 0.045320 0.107907 0.110894 0.013922 
0.000800 0.021096 0.254145 0.176082 0.178036 0.101190 0.051383 0.090985 0.115390 0.010893 
0.010037 0.055256 0.209242 0.146010 0.187780 0.121351 0.075182 0.065027 0.115325 0.014792 
0.014051 0.069806 0.223915 0.129876 0.193545 0.132711 0.070701 0.076221 0.082803 0.006371 
0.013029 0.070399 0.278567 0.107336 0.176950 0.150717 0.027356 0.057678 0.104897 0.013073 
0.010075 0.064956 0.264167 0.138677 0.182999 0.136997 0.056096 0.051422 0.085007 0.009604 
0.000033 0.036200 0.248719 0.147337 0.175874 0.153572 0.096114 0.063065 0.071383 0.007702 
0.003020 0.026886 0.235246 0.189132 0.184283 0.123153 0.114556 0.046069 0.064307 0.013347 
0.003367 0.018718 0.217532 0.176072 0.239480 0.134824 0.092765 0.045449 0.063718 0.008076 
0.005088 0.021994 0.086790 0.202373 0.298531 0.108776 0.108103 0.091151 0.043328 0.033865 
0.005744 0.029301 0.089033 0.291953 0.317756 0.056253 0.040018 0.069270 0.078370 0.022302 
0.005264 0.076465 0.290817 0.179926 0.203444 0.065818 0.107622 0.044394 0.017837 0.008412 
0.021748 0.099553 0.332942 0.136170 0.246797 0.045239 0.042183 0.029437 0.034293 0.011638 
0.020029 0.098968 0.376411 0.105266 0.253059 0.060942 0.013076 0.033828 0.032856 0.005564 
0.012068 0.076676 0.358502 0.128593 0.215442 0.074041 0.046956 0.033564 0.039202 0.014955 
0.002454 0.040671 0.257404 0.111615 0.197128 0.095806 0.133055 0.064516 0.058598 0.038753 
0.004102 0.041055 0.185132 0.130307 0.161126 0.093145 0.072981 0.037341 0.143825 0.130986 
0.006085 0.042666 0.210967 0.096499 0.184854 0.085380 0.073593 0.035088 0.114180 0.150687 
0.011580 0.054254 0.222201 0.076955 0.223447 0.063664 0.055263 0.056186 0.089644 0.146805 
0.010809 0.028597 0.242614 0.073756 0.228219 0.096457 0.116830 0.090219 0.052960 0.059539 
0.001101 0.030703 0.214261 0.087838 0.247801 0.169156 0.080661 0.070520 0.047954 0.050003 
0.002748 0.026394 0.234373 0.120257 0.189743 0.148351 0.078894 0.076257 0.041678 0.081305 
0.001872 0.032888 0.184782 0.131178 0.202972 0.108784 0.094870 0.135613 0.052364 0.054677 
0.002848 0.034188 0.208040 0.159396 0.221892 0.104126 0.037142 0.134551 0.039573 0.058243 
0.004199 0.041163 0.233008 0.095118 0.236764 0.107795 0.039303 0.091599 0.062105 0.088946 
0.001574 0.020942 0.205951 0.165771 0.211637 0.108726 0.061603 0.040755 0.087024 0.096017 
0.008252 0.045612 0.177420 0.107286 0.189569 0.101870 0.052491 0.115127 0.127490 0.074883 
0.012111 0.059984 0.162614 0.110048 0.194504 0.149899 0.024401 0.047280 0.173209 0.065951 
0.013355 0.071673 0.203321 0.077165 0.136630 0.136855 0.046285 0.073253 0.196619 0.044845 
0.007922 0.051872 0.194203 0.104632 0.176075 0.074173 0.075391 0.115201 0.180890 0.019639 
0.004526 0.028019 0.187898 0.084284 0.123547 0.077907 0.101078 0.091568 0.268595 0.032577 
0.008781 0.032781 0.143532 0.105191 0.140607 0.039477 0.073186 0.067930 0.344719 0.043797 
0.005982 0.035110 0.093565 0.144187 0.131349 0.019572 0.053869 0.108831 0.350409 0.057127 
0.001271 0.141899 0.152955 0.186578 0.110141 0.039025 0.035891 0.098088 0.195097 0.039055 
0.010404 0.080952 0.246910 0.273615 0.193998 0.031004 0.055488 0.056343 0.025836 0.025450 
0.004977 0.048925 0.280344 0.272058 0.262978 0.036213 0.018648 0.033931 0.029928 0.011998 
0.002124 0.039661 0.317559 0.267601 0.251419 0.028690 0.009353 0.042905 0.027967 0.012722 
0.014980 0.104748 0.195908 0.226253 0.256787 0.038281 0.030251 0.067850 0.048414 0.016529 
0.005623 0.060486 0.213129 0.217533 0.245482 0.051615 0.039834 0.098747 0.053129 0.014422 
0.007261 0.056395 0.274130 0.276056 0.202630 0.039786 0.028829 0.042519 0.063324 0.009069 
0.014348 0.090574 0.226117 0.245138 0.205544 0.052349 0.039556 0.043896 0.063941 0.018538 
0.006316 0.058727 0.206925 0.184766 0.275005 0.048361 0.073620 0.064489 0.071869 0.009922 
0.002440 0.050432 0.226171 0.273270 0.235517 0.028118 0.045726 0.066115 0.062800 0.009411 
0.016806 0.105659 0.240705 0.214531 0.254829 0.045002 0.047211 0.033566 0.025070 0.016620 
0.007828 0.087967 0.186865 0.219792 0.276264 0.060427 0.045686 0.066151 0.028231 0.020789 
0.015170 0.143085 0.187730 0.163974 0.225429 0.098874 0.079813 0.047913 0.020241 0.017771 
0.000822 0.098533 0.290683 0.163413 0.157948 0.112687 0.088585 0.042246 0.028435 0.016648 
0.012737 0.088127 0.319978 0.221248 0.133458 0.122873 0.035753 0.029409 0.024513 0.011903 
0.018856 0.128100 0.352026 0.237923 0.161072 0.026130 0.013615 0.035400 0.015447 0.011433 
0.007407 0.086806 0.427546 0.178636 0.149874 0.037481 0.022619 0.043940 0.028161 0.017529 
0.000243 0.046755 0.271259 0.126267 0.149604 0.175990 0.052998 0.080115 0.049471 0.047298 
0.016456 0.096538 0.205433 0.128106 0.187414 0.199775 0.053715 0.021622 0.019417 0.071523 
0.001311 0.053081 0.231983 0.141722 0.154088 0.150486 0.091227 0.066386 0.040336 0.069378 
0.000422 0.047301 0.251050 0.243927 0.171493 0.105079 0.058052 0.023579 0.043290 0.055807 
