Honey-Honey,ABBA
0.000000 0.000000 0.000000 0.000000 0.000000 0.000000 0.000000 0.000000 0.000000 0.000000 
0.000000 0.000000 0.000000 0.000000 0.000000 0.000000 0.000000 0.000000 0.000000 0.000000 
0.000000 0.000000 0.000000 0.000000 0.000000 0.000000 0.000000 0.000000 0.000000 0.000000 
0.000000 0.000000 0.000000 0.000000 0.000000 0.000000 0.000000 0.000000 0.000000 0.000000 
0.000000 0.000000 0.000000 0.000000 0.000000 0.000000 0.000000 0.000000 0.000000 0.000000 
0.000000 0.000000 0.000000 0.000000 0.000000 0.000000 0.000000 0.000000 0.000000 0.000000 
0.000000 0.000000 0.000000 0.000000 0.000000 0.000000 0.000000 0.000000 0.000000 0.000000 
0.000000 0.000000 0.000000 0.000000 0.000000 0.000000 0.000000 0.000000 0.000000 0.000000 
0.000000 0.000000 0.000000 0.000000 0.000000 0.000000 0.000000 0.000000 0.000000 0.000000 
0.000000 0.000000 0.000000 0.000000 0.000000 0.000000 0.000000 0.000000 0.000000 0.000000 
0.000000 0.000000 0.000000 0.000000 0.000000 0.000000 0.000000 0.000000 0.000000 0.000000 
0.000000 0.000000 0.000000 0.000000 0.000000 0.000000 0.000000 0.000000 0.000000 0.000000 
0.000000 0.000000 0.000000 0.000000 0.000000 0.000000 0.000000 0.000000 0.000000 0.000000 
0.000000 0.000000 0.000000 0.000000 0.000000 0.000000 0.000000 0.000000 0.000000 0.000000 
0.000000 0.000000 0.000000 0.000000 0.000000 0.000000 0.000000 0.000000 0.000000 0.000000 
0.000000 0.000000 0.000000 0.000000 0.000000 0.000000 0.000000 0.000000 0.000000 0.000000 
0.000000 0.000000 0.000000 0.000000 0.000000 0.000000 0.000000 0.000000 0.000000 0.000000 
0.000000 0.000000 0.000000 0.000000 0.000000 0.000000 0.000000 0.000000 0.000000 0.000000 
0.000000 0.000000 0.000000 0.000000 0.000000 0.000000 0.000000 0.000000 0.000000 0.000000 
0.000000 0.000000 0.000000 0.000000 0.000000 0.000000 0.000000 0.000000 0.000000 0.000000 
0.000000 0.000000 0.000000 0.000000 0.000000 0.000000 0.000000 0.000000 0.000000 0.000000 
0.000000 0.000000 0.000000 0.000000 0.000000 0.000000 0.000000 0.000000 0.000000 0.000000 
0.000000 0.000000 0.000000 0.000000 0.000000 0.000000 0.000000 0.000000 0.000000 0.000000 
0.200734 0.221357 0.103696 0.086035 0.050554 0.057120 0.044755 0.063065 0.089265 0.083417 
0.007938 0.105918 0.241614 0.125245 0.178427 0.135687 0.036677 0.070792 0.045727 0.051977 
0.002833 0.053862 0.144465 0.137268 0.100242 0.221104 0.066063 0.112379 0.122776 0.039009 
0.012560 0.095934 0.121584 0.107802 0.208004 0.131254 0.043107 0.188824 0.066481 0.024450 
0.011627 0.257645 0.352653 0.063645 0.065407 0.069195 0.038685 0.062303 0.052120 0.026719 
0.001009 0.436600 0.144840 0.070210 0.064637 0.097780 0.032665 0.098639 0.040140 0.013481 
0.011585 0.299561 0.195120 0.085015 0.038018 0.125976 0.037980 0.113055 0.073307 0.020382 
0.011983 0.317388 0.243255 0.058166 0.049778 0.088922 0.029662 0.122193 0.065983 0.012670 
0.001697 0.330407 0.312201 0.053824 0.056548 0.061012 0.030369 0.066922 0.068072 0.018948 
0.011974 0.289919 0.308611 0.087103 0.076445 0.032674 0.020704 0.073830 0.083723 0.015018 
0.005962 0.136081 0.221008 0.097924 0.129613 0.074668 0.070853 0.145668 0.086722 0.031501 
0.021474 0.114507 0.222976 0.087610 0.134000 0.075853 0.041987 0.220507 0.056309 0.024777 
0.003259 0.081160 0.270401 0.090954 0.078066 0.089033 0.093528 0.128091 0.130326 0.035181 
0.001679 0.107125 0.424787 0.133145 0.115331 0.065259 0.044509 0.050816 0.041691 0.015658 
0.000948 0.146249 0.501446 0.100828 0.078824 0.041314 0.041940 0.044206 0.025864 0.018381 
0.008905 0.225672 0.500526 0.061592 0.035067 0.041860 0.021213 0.078250 0.020794 0.006122 
0.025767 0.199282 0.389927 0.089234 0.071302 0.044567 0.030766 0.119443 0.023984 0.005728 
0.029920 0.157831 0.264003 0.114672 0.070936 0.083509 0.023401 0.161143 0.075832 0.018752 
0.004303 0.167073 0.353173 0.068680 0.080668 0.122386 0.034577 0.106015 0.045836 0.017290 
0.001987 0.125775 0.350370 0.025918 0.108688 0.138962 0.041146 0.137647 0.051648 0.017859 
0.001285 0.143853 0.394076 0.068623 0.111578 0.068914 0.017482 0.141686 0.039695 0.012807 
0.007978 0.129005 0.343528 0.114559 0.118560 0.076655 0.025517 0.115878 0.045236 0.023084 
0.022670 0.268102 0.307004 0.090897 0.101092 0.046217 0.043337 0.065708 0.035729 0.019243 
0.015226 0.330950 0.261805 0.105339 0.074570 0.045350 0.031947 0.089066 0.031842 0.013905 
0.004361 0.311186 0.218184 0.060824 0.131172 0.058746 0.027233 0.136299 0.038015 0.013980 
0.027750 0.334674 0.246263 0.055598 0.080360 0.025203 0.048328 0.107812 0.053904 0.020108 
0.019157 0.348331 0.214551 0.073123 0.074762 0.073753 0.014700 0.124174 0.046541 0.010908 
0.007023 0.263084 0.197470 0.085774 0.160254 0.064371 0.034275 0.104464 0.060135 0.023149 
0.009299 0.065467 0.145344 0.090769 0.153743 0.046331 0.058863 0.339197 0.062475 0.028511 
0.003438 0.028143 0.209321 0.048317 0.119865 0.138989 0.068471 0.285607 0.076684 0.021165 
0.009366 0.024861 0.200154 0.089670 0.085388 0.147359 0.051135 0.245371 0.098437 0.048257 
0.009206 0.081863 0.277274 0.199687 0.181268 0.099009 0.050401 0.042798 0.042156 0.016338 
0.008467 0.105663 0.542267 0.058540 0.119897 0.059465 0.030142 0.036050 0.027254 0.012254 
0.007232 0.172261 0.353303 0.092121 0.135561 0.054282 0.044066 0.085763 0.034685 0.020726 
0.003561 0.153592 0.464820 0.084995 0.108237 0.057709 0.029509 0.052811 0.022901 0.021864 
0.000377 0.231598 0.340759 0.121289 0.074522 0.047617 0.033913 0.100083 0.021888 0.027953 
0.004681 0.193762 0.367973 0.103810 0.084275 0.053760 0.027814 0.125794 0.014990 0.023142 
0.001191 0.180321 0.404105 0.119270 0.108259 0.043906 0.032253 0.053407 0.041151 0.016137 
0.001814 0.156881 0.377057 0.128416 0.086366 0.052544 0.025380 0.110140 0.046299 0.015101 
0.012643 0.172508 0.450915 0.085358 0.055001 0.048489 0.024540 0.097988 0.034612 0.017945 
0.007615 0.097585 0.208923 0.084001 0.137576 0.077774 0.070441 0.209821 0.088239 0.018025 
0.009488 0.346640 0.317747 0.072807 0.067023 0.046193 0.019414 0.064050 0.028552 0.028085 
0.031590 0.335587 0.227531 0.057907 0.093231 0.060795 0.030636 0.112478 0.031607 0.018638 
0.007823 0.288267 0.294769 0.072263 0.109489 0.061098 0.013500 0.112985 0.021086 0.018721 
0.000398 0.252045 0.234431 0.090726 0.108983 0.069333 0.036095 0.145615 0.040564 0.021811 
0.002576 0.294077 0.248787 0.102293 0.072630 0.076517 0.041733 0.074732 0.067355 0.019300 
0.019250 0.179416 0.256411 0.076212 0.092340 0.117847 0.036612 0.150788 0.049251 0.021872 
0.001593 0.092165 0.219737 0.083794 0.121274 0.121695 0.046672 0.219569 0.049359 0.044141 
0.003641 0.073198 0.193971 0.121977 0.160902 0.058007 0.057237 0.221122 0.061088 0.048857 
0.003792 0.079244 0.214658 0.127395 0.183725 0.096618 0.034311 0.106505 0.099980 0.053774 
0.010592 0.140112 0.460607 0.099909 0.098734 0.049197 0.047775 0.046322 0.031337 0.015417 
0.034494 0.195592 0.442785 0.092366 0.039131 0.056667 0.028868 0.032661 0.056968 0.020468 
0.020229 0.225287 0.380113 0.079960 0.117973 0.048602 0.034575 0.034631 0.041571 0.017058 
0.023573 0.200606 0.398579 0.114145 0.085694 0.042436 0.016009 0.075192 0.034083 0.009683 
0.042184 0.265684 0.212439 0.157873 0.107529 0.054988 0.020216 0.081137 0.044692 0.013258 
0.013968 0.217788 0.394389 0.076541 0.136202 0.034285 0.024565 0.063764 0.022064 0.016434 
0.000054 0.159505 0.418297 0.080823 0.148654 0.040594 0.026759 0.063943 0.040490 0.020880 
0.007911 0.156704 0.465228 0.086100 0.077835 0.042482 0.019963 0.086091 0.040562 0.017123 
0.012548 0.153281 0.386850 0.099951 0.081008 0.046688 0.034923 0.099682 0.069394 0.015674 
0.012178 0.438588 0.289602 0.068134 0.043141 0.025738 0.028140 0.052102 0.036468 0.005909 
0.030677 0.287912 0.316444 0.105392 0.071350 0.017338 0.018015 0.083986 0.058417 0.010469 
0.009199 0.299474 0.315237 0.050229 0.089765 0.037817 0.041628 0.093979 0.045409 0.017265 
0.007027 0.219079 0.366612 0.057712 0.130567 0.023874 0.023018 0.112987 0.034546 0.024578 
0.011320 0.266295 0.443027 0.062339 0.066682 0.029134 0.027159 0.056356 0.023791 0.013896 
0.009436 0.163083 0.393182 0.039190 0.089262 0.080928 0.029128 0.077721 0.087776 0.030295 
0.002392 0.074833 0.283081 0.104563 0.140626 0.131282 0.036210 0.121108 0.068196 0.037710 
0.011717 0.091547 0.216262 0.041674 0.165916 0.196388 0.046753 0.115789 0.077870 0.036085 
0.015313 0.098641 0.207750 0.120250 0.076760 0.159475 0.058051 0.140446 0.095865 0.027451 
0.030521 0.157969 0.433326 0.111095 0.117477 0.036142 0.037765 0.038287 0.022879 0.014540 
0.051366 0.253447 0.415005 0.061541 0.067084 0.045208 0.024654 0.044957 0.024867 0.011872 
0.007143 0.222819 0.462896 0.075408 0.032780 0.070472 0.025699 0.046600 0.038474 0.017710 
0.022123 0.203398 0.409430 0.159509 0.063185 0.038209 0.019158 0.042148 0.028123 0.014718 
0.021507 0.174170 0.327303 0.099297 0.114567 0.103230 0.019606 0.089319 0.034804 0.016196 
0.036533 0.261422 0.365688 0.142544 0.057576 0.050190 0.013954 0.047659 0.013965 0.010468 
0.009961 0.196475 0.387125 0.122239 0.070791 0.055271 0.020771 0.075978 0.040347 0.021043 
0.006574 0.201620 0.388145 0.119405 0.056318 0.040511 0.018774 0.111003 0.041135 0.016514 
0.000058 0.188791 0.365155 0.118001 0.071367 0.060528 0.032899 0.117014 0.031005 0.015184 
0.035181 0.309862 0.355776 0.077983 0.071754 0.021069 0.041862 0.037353 0.028964 0.020196 
0.023317 0.320561 0.221639 0.115825 0.087267 0.065264 0.042675 0.038575 0.027538 0.057339 
0.015819 0.169107 0.275432 0.089753 0.206609 0.049147 0.037352 0.070102 0.041422 0.045256 
0.006014 0.192884 0.284104 0.100061 0.162759 0.062853 0.038690 0.043044 0.045508 0.064082 
0.022042 0.138747 0.308077 0.119058 0.090145 0.112713 0.042812 0.048264 0.039406 0.078736 
0.022266 0.142039 0.287171 0.118688 0.141331 0.128900 0.036312 0.048555 0.033612 0.041126 
0.005256 0.029965 0.180803 0.167962 0.136572 0.174605 0.040126 0.102101 0.042985 0.119624 
0.005296 0.028636 0.155530 0.127464 0.126966 0.287909 0.059683 0.039883 0.027885 0.140749 
0.004957 0.030740 0.092345 0.106296 0.132466 0.328148 0.071910 0.059416 0.029975 0.143747 
0.015038 0.095171 0.229367 0.180876 0.163705 0.139156 0.059714 0.044498 0.017292 0.055182 
0.004165 0.152225 0.339619 0.120792 0.109791 0.117027 0.056551 0.034038 0.028097 0.037695 
0.027874 0.183590 0.281200 0.094333 0.106872 0.179205 0.040297 0.031137 0.033969 0.021523 
0.017630 0.180567 0.358322 0.114341 0.082265 0.086838 0.040880 0.049181 0.018119 0.051857 
0.001165 0.154496 0.360190 0.091250 0.117146 0.085407 0.038144 0.062007 0.019912 0.070284 
0.000189 0.160651 0.252746 0.125335 0.173819 0.081417 0.032706 0.037827 0.024022 0.111288 
0.003364 0.101762 0.292952 0.115782 0.119202 0.192764 0.054313 0.031034 0.018748 0.070079 
0.006812 0.114128 0.294581 0.120534 0.136724 0.175779 0.037581 0.021350 0.018715 0.073796 
0.004667 0.039475 0.324137 0.131341 0.181678 0.083994 0.025659 0.063921 0.039874 0.105256 
0.010769 0.043618 0.201030 0.096336 0.167256 0.166241 0.055538 0.106826 0.051863 0.100523 
0.018522 0.354104 0.330049 0.050737 0.066280 0.073033 0.016417 0.035147 0.017235 0.038475 
0.044305 0.198868 0.304851 0.035237 0.052252 0.193556 0.051914 0.052733 0.023056 0.043228 
0.015311 0.182008 0.286284 0.083105 0.080728 0.179724 0.041697 0.048172 0.020557 0.062414 
0.008143 0.122695 0.258999 0.126734 0.157442 0.180307 0.027472 0.025071 0.017643 0.075492 
0.010683 0.132268 0.257252 0.123154 0.129744 0.188733 0.025071 0.058014 0.022230 0.052851 
0.004019 0.052255 0.217413 0.123074 0.153750 0.130938 0.046187 0.100511 0.035072 0.136781 
0.007906 0.040829 0.175087 0.125010 0.127305 0.250825 0.052327 0.078867 0.029343 0.112500 
0.001612 0.009033 0.186842 0.175190 0.180278 0.199483 0.064913 0.056877 0.037321 0.088452 
0.004750 0.017446 0.144985 0.115123 0.205794 0.286245 0.053183 0.037585 0.043227 0.091663 
0.015203 0.119504 0.462944 0.105544 0.148492 0.063221 0.033600 0.020316 0.011391 0.019785 
0.028759 0.166108 0.332041 0.138638 0.119237 0.103895 0.024799 0.041898 0.022967 0.021657 
0.003409 0.146959 0.304062 0.134895 0.137135 0.103754 0.031144 0.059785 0.021276 0.057581 
0.009611 0.145332 0.308229 0.100230 0.100072 0.183340 0.042072 0.032528 0.016522 0.062062 
0.011388 0.182183 0.237520 0.151640 0.098821 0.150859 0.036966 0.042399 0.030263 0.057961 
0.006153 0.165966 0.170188 0.163605 0.151260 0.175740 0.041420 0.045447 0.026606 0.053616 
0.006603 0.138256 0.189605 0.122623 0.203440 0.193986 0.027902 0.063662 0.020335 0.033588 
0.013188 0.134036 0.159850 0.168133 0.220599 0.109599 0.040075 0.080880 0.020152 0.053490 
0.006848 0.062981 0.224011 0.126081 0.194640 0.118475 0.070211 0.082998 0.042680 0.071076 
0.012774 0.318046 0.262308 0.088331 0.059998 0.103137 0.033998 0.054062 0.038407 0.028940 
0.033588 0.256957 0.321588 0.139127 0.038745 0.058938 0.029787 0.064588 0.031176 0.025506 
0.009823 0.172198 0.360146 0.128153 0.066491 0.112141 0.026809 0.047087 0.029231 0.047920 
0.029283 0.117292 0.311778 0.147006 0.102181 0.065099 0.026245 0.101324 0.036318 0.063474 
0.022261 0.081461 0.261153 0.150434 0.180325 0.089695 0.054385 0.087803 0.040669 0.031816 
0.002393 0.421238 0.214156 0.086223 0.073995 0.063373 0.033464 0.046006 0.020347 0.038807 
0.004331 0.218138 0.199913 0.165257 0.095191 0.071485 0.036492 0.116676 0.030781 0.061736 
0.010955 0.146111 0.185379 0.157303 0.185913 0.066408 0.044009 0.152477 0.025377 0.026069 
0.014324 0.061639 0.086706 0.135849 0.314114 0.140494 0.060192 0.134652 0.023128 0.028902 
0.009751 0.093228 0.384804 0.147653 0.147105 0.051543 0.054069 0.049110 0.034341 0.028396 
0.013118 0.115007 0.416510 0.120013 0.093866 0.104305 0.039969 0.044618 0.019338 0.033256 
0.013909 0.156750 0.386349 0.084467 0.066907 0.075182 0.051198 0.091991 0.022682 0.050565 
0.021440 0.101673 0.250721 0.126526 0.126033 0.046226 0.067841 0.144496 0.056506 0.058537 
0.024441 0.070398 0.234668 0.150029 0.158575 0.079881 0.076479 0.106568 0.051948 0.047013 
0.008142 0.333503 0.267771 0.109310 0.045996 0.061263 0.044702 0.073081 0.038818 0.017414 
0.031230 0.220454 0.308561 0.115667 0.075580 0.046727 0.070506 0.065927 0.028670 0.036679 
0.022762 0.165171 0.238638 0.121698 0.075083 0.082864 0.074940 0.094869 0.035483 0.088494 
0.018373 0.073364 0.158914 0.131889 0.062076 0.191762 0.089750 0.081078 0.060951 0.131844 
0.015156 0.170014 0.373438 0.127014 0.062445 0.045528 0.039749 0.075243 0.037751 0.053663 
0.003234 0.355917 0.282031 0.121564 0.042703 0.052660 0.040694 0.057809 0.016316 0.027072 
0.005393 0.182857 0.313647 0.102360 0.049511 0.068102 0.061771 0.122475 0.021526 0.072357 
0.000447 0.196488 0.288822 0.150868 0.064898 0.116405 0.030640 0.068694 0.019546 0.063192 
0.008274 0.142799 0.228899 0.166584 0.133957 0.157366 0.041391 0.054584 0.027334 0.038811 
0.014036 0.037041 0.161961 0.264435 0.138120 0.136625 0.063612 0.078654 0.043657 0.061859 
0.010317 0.051452 0.171791 0.296053 0.086635 0.105558 0.080928 0.087387 0.031702 0.078178 
0.000434 0.029338 0.172989 0.196890 0.106009 0.125858 0.075881 0.159092 0.048162 0.085348 
0.002111 0.038625 0.187726 0.231123 0.123073 0.125462 0.060114 0.132835 0.032526 0.066406 
0.004914 0.137760 0.305791 0.111697 0.104031 0.104813 0.090531 0.060303 0.040148 0.040013 
0.014929 0.144359 0.388371 0.125946 0.085171 0.069103 0.065337 0.046149 0.038266 0.022369 
0.022865 0.151952 0.449177 0.142844 0.042474 0.037150 0.033126 0.038552 0.058181 0.023679 
0.008100 0.124595 0.351180 0.230680 0.052589 0.052294 0.056092 0.049782 0.044128 0.030560 
0.012919 0.157088 0.374508 0.234400 0.057010 0.049628 0.025602 0.027125 0.043629 0.018091 
0.001125 0.169705 0.435291 0.154521 0.065778 0.072650 0.016523 0.035525 0.036368 0.012512 
0.001173 0.180533 0.438489 0.117609 0.037358 0.089497 0.018575 0.047187 0.058497 0.011083 
0.011913 0.199827 0.402970 0.085244 0.048556 0.064139 0.043226 0.059258 0.072323 0.012544 
0.009199 0.181613 0.351761 0.106400 0.054787 0.087269 0.058764 0.041884 0.094066 0.014256 
0.011844 0.156461 0.285255 0.163089 0.067802 0.120236 0.042244 0.041313 0.098301 0.013455 
0.007848 0.394732 0.223520 0.102156 0.081049 0.052531 0.024299 0.052363 0.027990 0.033513 
0.003310 0.262135 0.260052 0.077424 0.079164 0.058009 0.039226 0.119420 0.058855 0.042405 
0.006274 0.303298 0.265003 0.074332 0.093374 0.025134 0.026706 0.089695 0.060932 0.055253 
0.012687 0.279657 0.242631 0.072973 0.111342 0.065073 0.038108 0.044692 0.076116 0.056720 
0.008303 0.270486 0.256310 0.096565 0.108483 0.107866 0.018648 0.036378 0.050418 0.046543 
0.008253 0.157951 0.169740 0.083633 0.210149 0.112989 0.049810 0.052478 0.109423 0.045575 
0.005699 0.059678 0.134182 0.083739 0.244478 0.146754 0.042424 0.059172 0.166790 0.057084 
0.003419 0.062475 0.133848 0.069481 0.290129 0.165613 0.032703 0.045829 0.149664 0.046839 
0.005575 0.065072 0.144689 0.098405 0.288658 0.138744 0.032434 0.085273 0.085053 0.056096 
0.016072 0.140458 0.393545 0.128015 0.109561 0.062748 0.041160 0.047926 0.038551 0.021965 
0.010220 0.083153 0.255770 0.255518 0.030125 0.033244 0.086823 0.063495 0.081948 0.099705 
0.003703 0.187159 0.248484 0.157763 0.070025 0.043611 0.028552 0.136233 0.053151 0.071318 
0.018885 0.142170 0.367625 0.126025 0.102589 0.040981 0.040928 0.087193 0.032914 0.040690 
0.014266 0.220722 0.260274 0.136080 0.149752 0.034128 0.047616 0.078214 0.031919 0.027031 
0.014547 0.134291 0.336575 0.091163 0.103954 0.086140 0.024787 0.112744 0.053263 0.042536 
0.018558 0.153853 0.380661 0.069267 0.111751 0.058753 0.044488 0.076587 0.043481 0.042601 
0.006468 0.099607 0.339739 0.107149 0.270908 0.040833 0.021494 0.066065 0.028564 0.019173 
0.009403 0.101298 0.258033 0.305259 0.110529 0.068523 0.034294 0.051623 0.039309 0.021728 
0.014232 0.241485 0.318745 0.159034 0.090960 0.034335 0.033978 0.035680 0.044869 0.026681 
0.003554 0.217483 0.193644 0.197849 0.145963 0.043697 0.016930 0.102576 0.033204 0.045099 
0.025798 0.170445 0.181103 0.141784 0.145044 0.053671 0.072062 0.107595 0.031546 0.070951 
0.001174 0.145233 0.188748 0.237600 0.149157 0.063824 0.054732 0.085541 0.016619 0.057371 
0.002961 0.165220 0.189075 0.176399 0.163378 0.082573 0.064357 0.083123 0.023473 0.049441 
0.000054 0.140363 0.255857 0.084088 0.206198 0.096367 0.048322 0.085481 0.048582 0.034688 
0.002775 0.031905 0.115422 0.092992 0.502025 0.104655 0.037291 0.053199 0.035768 0.023968 
0.002224 0.045316 0.160635 0.111231 0.364722 0.150542 0.026961 0.065052 0.052659 0.020660 
0.003168 0.052953 0.172931 0.094160 0.301243 0.132311 0.031742 0.111790 0.073790 0.025912 
0.022286 0.126647 0.436623 0.128891 0.109946 0.067600 0.038051 0.028057 0.020071 0.021825 
0.045254 0.203577 0.424646 0.112830 0.056491 0.029683 0.044035 0.035759 0.020472 0.027252 
0.015849 0.163408 0.480634 0.105417 0.084903 0.047951 0.015252 0.039113 0.036212 0.011260 
0.006552 0.175814 0.383555 0.149336 0.086380 0.076360 0.031619 0.041273 0.034794 0.014317 
0.014473 0.223057 0.364335 0.121536 0.075874 0.076698 0.026586 0.032298 0.050488 0.014653 
0.012267 0.161541 0.296824 0.103554 0.125473 0.058777 0.022769 0.033830 0.075386 0.109580 
0.009379 0.124831 0.211770 0.076710 0.160188 0.118479 0.012563 0.033510 0.091898 0.160671 
0.003525 0.109602 0.305404 0.077339 0.167176 0.067270 0.015458 0.074659 0.123570 0.055996 
0.001748 0.094241 0.208600 0.045875 0.136633 0.079247 0.018216 0.094453 0.259148 0.061837 
0.015721 0.231512 0.203002 0.055742 0.097209 0.028868 0.029367 0.066070 0.243985 0.028523 
0.017699 0.235923 0.141858 0.071717 0.212073 0.050121 0.042850 0.115265 0.080896 0.031599 
0.017747 0.285500 0.175777 0.089267 0.148527 0.077511 0.016176 0.057405 0.109757 0.022333 
0.000185 0.212729 0.172700 0.090666 0.299566 0.055543 0.024772 0.038743 0.092201 0.012896 
0.013351 0.215934 0.187981 0.099097 0.260584 0.074166 0.025360 0.036756 0.068305 0.018465 
0.026232 0.241075 0.155313 0.115686 0.226306 0.055497 0.029870 0.055040 0.069712 0.025268 
0.002108 0.155950 0.107300 0.148144 0.411455 0.041518 0.030753 0.049557 0.041290 0.011926 
0.005697 0.042568 0.056245 0.180927 0.463062 0.063733 0.030162 0.061596 0.063535 0.032476 
0.005409 0.052850 0.060735 0.138349 0.451948 0.076067 0.037972 0.054525 0.092173 0.029973 
0.016671 0.129863 0.275838 0.235533 0.118116 0.077370 0.048916 0.050267 0.031800 0.015625 
0.017979 0.166343 0.541862 0.067728 0.076078 0.041316 0.037911 0.014323 0.023553 0.012908 
0.012674 0.175251 0.453646 0.094345 0.123292 0.046618 0.016207 0.027765 0.032792 0.017409 
0.035126 0.250767 0.377391 0.103633 0.087164 0.042782 0.019343 0.039059 0.028780 0.015953 
0.012094 0.188045 0.378056 0.136154 0.108072 0.052871 0.020489 0.040732 0.043434 0.020054 
0.015663 0.114606 0.157250 0.252284 0.226531 0.049580 0.055838 0.059887 0.032039 0.036323 
0.012688 0.099869 0.182511 0.171960 0.240123 0.062094 0.097393 0.080752 0.028007 0.024604 
0.001628 0.079404 0.213424 0.223927 0.168595 0.052616 0.096506 0.094654 0.029739 0.039506 
0.001494 0.091031 0.261197 0.178488 0.190961 0.042828 0.077918 0.098770 0.024417 0.032897 
0.005623 0.111481 0.253311 0.107995 0.263336 0.060812 0.018811 0.115111 0.030833 0.032687 
0.000965 0.319671 0.177412 0.162580 0.119618 0.030561 0.055360 0.101812 0.022600 0.009422 
0.014646 0.202128 0.146724 0.176891 0.115277 0.030872 0.118492 0.127514 0.033947 0.033507 
0.006365 0.200386 0.166174 0.085511 0.162809 0.063559 0.056522 0.185201 0.063725 0.009748 
0.005564 0.115934 0.136329 0.219040 0.275628 0.073712 0.032907 0.073694 0.042226 0.024967 
0.014640 0.131700 0.151745 0.201771 0.261663 0.083874 0.062177 0.052402 0.020448 0.019579 
0.017083 0.133876 0.136143 0.098094 0.288448 0.110268 0.039878 0.116537 0.038151 0.021522 
0.000114 0.048855 0.143622 0.098597 0.290353 0.118460 0.036912 0.206368 0.044881 0.011839 
0.002090 0.036311 0.092524 0.086517 0.473200 0.093401 0.053101 0.110641 0.038676 0.013540 
0.005222 0.048588 0.094367 0.203759 0.371442 0.086013 0.024760 0.109205 0.030026 0.026619 
0.006773 0.099179 0.447968 0.119831 0.162159 0.050503 0.036888 0.043319 0.019883 0.013498 
0.013007 0.157710 0.477703 0.078136 0.057495 0.060095 0.043218 0.043385 0.047360 0.021891 
0.011110 0.220391 0.427505 0.078537 0.072711 0.055982 0.041556 0.038845 0.042950 0.010413 
0.024424 0.173697 0.395720 0.112463 0.099462 0.041400 0.033365 0.043267 0.047528 0.028675 
0.014867 0.084814 0.215302 0.151914 0.097047 0.089342 0.060536 0.082809 0.161605 0.041764 
0.002465 0.100103 0.207907 0.081205 0.107588 0.052241 0.042596 0.080529 0.267206 0.058159 
0.002638 0.078887 0.222525 0.095763 0.114726 0.087398 0.038014 0.067857 0.235525 0.056666 
0.004016 0.068778 0.211911 0.218841 0.064797 0.029519 0.047819 0.083623 0.238408 0.032289 
0.002299 0.062967 0.105292 0.233721 0.110412 0.042640 0.112977 0.040681 0.256533 0.032478 
0.005273 0.221824 0.204392 0.101705 0.050939 0.065262 0.080459 0.030080 0.071345 0.168722 
0.004312 0.164821 0.176542 0.142236 0.091175 0.084522 0.078573 0.022239 0.064355 0.171224 
0.019001 0.125261 0.211105 0.100643 0.118677 0.096128 0.065316 0.026695 0.105079 0.132095 
0.023814 0.155816 0.261625 0.112769 0.119495 0.114571 0.045294 0.050021 0.042433 0.074161 
0.023712 0.148782 0.271912 0.124692 0.100755 0.122642 0.038361 0.046784 0.034195 0.088165 
0.006437 0.098311 0.152887 0.081743 0.118693 0.221215 0.061008 0.086123 0.085052 0.088531 
0.003086 0.030936 0.150894 0.151701 0.132453 0.248209 0.041884 0.080970 0.076833 0.083035 
0.008148 0.025833 0.186801 0.120436 0.158517 0.255044 0.074959 0.096474 0.026256 0.047531 
0.001754 0.041093 0.228050 0.174294 0.120880 0.103057 0.103176 0.092273 0.060634 0.074788 
0.016623 0.110223 0.343469 0.120907 0.167652 0.032943 0.068985 0.087928 0.026564 0.024706 
0.026487 0.138767 0.296566 0.094462 0.080691 0.063329 0.041851 0.174645 0.037743 0.045460 
0.012085 0.112362 0.255854 0.121982 0.178063 0.039973 0.028296 0.187471 0.034480 0.029433 
0.001794 0.094514 0.209375 0.053281 0.250192 0.023300 0.022690 0.264259 0.036104 0.044490 
0.004852 0.057683 0.184659 0.105410 0.319408 0.039196 0.070439 0.150414 0.033061 0.034878 
0.017385 0.135284 0.174821 0.167687 0.205811 0.047205 0.029422 0.159766 0.025053 0.037567 
0.004998 0.099997 0.164380 0.157715 0.255729 0.044706 0.021171 0.167839 0.032007 0.051459 
0.018173 0.130585 0.165630 0.213621 0.172586 0.014523 0.029383 0.159009 0.029748 0.066742 
0.017878 0.126697 0.110249 0.291540 0.176682 0.043062 0.044500 0.102537 0.021550 0.065305 
0.017157 0.270224 0.299880 0.142930 0.060396 0.034241 0.040814 0.056214 0.027998 0.050144 
0.007960 0.195428 0.221826 0.073468 0.180678 0.039500 0.063367 0.169009 0.022811 0.025951 
0.029242 0.107835 0.244507 0.218083 0.116571 0.022499 0.082617 0.143845 0.013256 0.021547 
0.026820 0.129673 0.249883 0.148089 0.118696 0.022694 0.069965 0.158341 0.037817 0.038021 
0.018634 0.118041 0.250833 0.247497 0.115006 0.025219 0.081318 0.068451 0.040397 0.034603 
0.018867 0.075552 0.157270 0.188681 0.182236 0.042863 0.063136 0.163328 0.040571 0.067495 
0.005966 0.017061 0.078821 0.126142 0.353205 0.038815 0.054937 0.219541 0.036353 0.069160 
0.009586 0.042039 0.075837 0.165497 0.405684 0.089935 0.052512 0.079235 0.023158 0.056516 
0.006207 0.024002 0.124374 0.083839 0.338807 0.095725 0.035880 0.162844 0.045906 0.082416 
0.003193 0.135475 0.225414 0.233092 0.165924 0.047750 0.076224 0.047197 0.030816 0.034916 
0.007375 0.189816 0.467545 0.091640 0.094408 0.046753 0.034051 0.032816 0.019179 0.016417 
0.003366 0.191244 0.371303 0.147681 0.081408 0.073998 0.036991 0.050794 0.022013 0.021201 
0.014434 0.198653 0.377946 0.149749 0.108111 0.069138 0.023999 0.023598 0.010892 0.023479 
0.006085 0.076446 0.211739 0.100412 0.288498 0.156519 0.026712 0.044721 0.018877 0.069991 
0.003016 0.210204 0.298196 0.175482 0.078057 0.101153 0.037956 0.051035 0.021011 0.023892 
0.013074 0.175200 0.250851 0.177441 0.100519 0.100497 0.058186 0.048476 0.035515 0.040242 
0.018473 0.200120 0.332891 0.135306 0.095537 0.094870 0.035602 0.033780 0.015332 0.038088 
0.000379 0.150921 0.316829 0.179869 0.134036 0.076049 0.025269 0.073524 0.013897 0.029227 
0.012679 0.132278 0.281686 0.160551 0.147648 0.071489 0.043030 0.057108 0.033512 0.060021 
0.008559 0.420145 0.293501 0.070756 0.076104 0.050329 0.018151 0.015138 0.021451 0.025866 
0.017256 0.237032 0.335110 0.114975 0.112184 0.095355 0.023261 0.019342 0.019440 0.026043 
0.017535 0.188956 0.399722 0.100068 0.123818 0.097106 0.024618 0.011122 0.017355 0.019699 
0.001603 0.212785 0.449102 0.111475 0.085861 0.056586 0.017954 0.015126 0.017975 0.031534 
0.001530 0.124942 0.290329 0.092764 0.132489 0.151882 0.042706 0.055884 0.018961 0.088512 
0.007196 0.030291 0.151106 0.122854 0.167372 0.250981 0.064891 0.075074 0.037942 0.092292 
0.005480 0.025876 0.156219 0.101314 0.172974 0.274887 0.057412 0.082192 0.039518 0.084126 
0.008116 0.056295 0.191235 0.124780 0.101621 0.231584 0.063286 0.106765 0.038496 0.077821 
0.032039 0.157008 0.246458 0.117674 0.182274 0.135624 0.039724 0.020585 0.027923 0.040693 
0.002748 0.146789 0.382904 0.112387 0.181590 0.056424 0.040446 0.034886 0.018704 0.023121 
0.007929 0.204297 0.343161 0.171039 0.079916 0.111510 0.017075 0.022914 0.015804 0.026355 
0.023061 0.196095 0.355645 0.152940 0.083824 0.085912 0.024957 0.025998 0.023681 0.027887 
0.019775 0.173490 0.328711 0.186941 0.122859 0.079873 0.022151 0.016712 0.013468 0.036020 
0.006608 0.184721 0.201435 0.155655 0.102972 0.127522 0.050458 0.080673 0.016490 0.073467 
0.007069 0.149110 0.195179 0.154875 0.121409 0.132101 0.038664 0.088842 0.034001 0.078749 
0.003082 0.137467 0.240471 0.147696 0.112705 0.103443 0.035922 0.103206 0.019009 0.096999 
0.002567 0.158632 0.224215 0.157012 0.094480 0.081290 0.042545 0.139414 0.034497 0.065348 
0.009726 0.132094 0.163403 0.159833 0.194493 0.085546 0.038727 0.116498 0.034346 0.065333 
0.040276 0.393964 0.354334 0.040535 0.061149 0.048732 0.017979 0.014932 0.012980 0.015119 
0.065555 0.312243 0.382128 0.055219 0.082286 0.043040 0.011639 0.016392 0.009059 0.022440 
0.026093 0.178277 0.404361 0.115091 0.103640 0.084455 0.022566 0.013155 0.014415 0.037947 
0.011174 0.167408 0.431848 0.149807 0.078018 0.076057 0.015478 0.033932 0.016975 0.019303 
0.019341 0.135544 0.288039 0.065391 0.088348 0.194674 0.051187 0.032084 0.029669 0.095723 
0.024484 0.084903 0.116676 0.064950 0.137664 0.325341 0.057936 0.073545 0.030169 0.084334 
0.004228 0.021035 0.118462 0.081403 0.192404 0.341180 0.054771 0.102815 0.024806 0.058897 
0.003128 0.008909 0.143656 0.087267 0.209980 0.321814 0.066904 0.071219 0.028906 0.058218 
0.002690 0.037247 0.141164 0.095123 0.155926 0.365155 0.104186 0.028938 0.022905 0.046667 
0.010235 0.127569 0.462066 0.112925 0.121031 0.063118 0.045348 0.021373 0.021564 0.014771 
0.015032 0.168322 0.476658 0.115142 0.061429 0.056137 0.039153 0.024009 0.024591 0.019526 
0.001347 0.166403 0.440268 0.163303 0.095158 0.059633 0.026446 0.014172 0.016825 0.016444 
0.015019 0.200042 0.373407 0.147608 0.097215 0.075280 0.031598 0.028505 0.017700 0.013625 
0.005368 0.142001 0.313825 0.148002 0.089757 0.118044 0.046042 0.038434 0.040678 0.057850 
0.013738 0.153457 0.225022 0.161254 0.091145 0.182714 0.047136 0.032939 0.028170 0.064425 
0.000417 0.154043 0.214577 0.161872 0.122826 0.204749 0.036189 0.038085 0.016709 0.050533 
0.018924 0.183687 0.199677 0.155007 0.116338 0.156808 0.046875 0.047417 0.020768 0.054499 
0.014897 0.076164 0.239239 0.122956 0.142656 0.175756 0.049893 0.085239 0.040693 0.052507 
0.016020 0.272983 0.327187 0.105362 0.095708 0.047960 0.023616 0.051606 0.036348 0.023210 
0.021540 0.255198 0.353098 0.076597 0.043034 0.033332 0.039403 0.072594 0.043015 0.062190 
0.003609 0.249160 0.360899 0.052012 0.073862 0.050025 0.026274 0.064638 0.059564 0.059959 
0.000989 0.200611 0.332854 0.060448 0.157467 0.077124 0.023147 0.042522 0.055430 0.049408 
0.003298 0.151821 0.253506 0.065161 0.238508 0.105044 0.034636 0.037867 0.058621 0.051538 
0.015258 0.090962 0.180655 0.109308 0.298930 0.132862 0.008610 0.077356 0.049657 0.036402 
0.006107 0.080933 0.084924 0.100848 0.275551 0.162154 0.076025 0.113769 0.047876 0.051813 
0.008801 0.097846 0.069971 0.096594 0.237242 0.153840 0.058367 0.146145 0.046600 0.084593 
0.004257 0.100385 0.153081 0.120746 0.186052 0.105492 0.041159 0.151386 0.051648 0.085794 
0.001460 0.027766 0.158497 0.209859 0.107954 0.059082 0.116392 0.050973 0.109378 0.158640 
0.008559 0.085777 0.378850 0.070176 0.206742 0.050382 0.047162 0.107290 0.018424 0.026639 
0.015120 0.133348 0.285728 0.075719 0.221144 0.039832 0.036030 0.119296 0.019862 0.053920 
0.008213 0.142700 0.299243 0.086202 0.251574 0.026643 0.035242 0.107756 0.023150 0.019278 
0.002154 0.091730 0.168627 0.172523 0.341943 0.049213 0.054149 0.087936 0.011856 0.019868 
0.003487 0.107933 0.231541 0.094540 0.391256 0.025945 0.025642 0.051478 0.046483 0.021694 
0.004061 0.095884 0.261303 0.095015 0.314450 0.061285 0.044965 0.070674 0.037408 0.014955 
0.008331 0.121503 0.317415 0.126864 0.166987 0.039065 0.047963 0.090601 0.030441 0.050832 
0.006346 0.096522 0.278027 0.274180 0.122518 0.072902 0.037367 0.052775 0.023616 0.035748 
0.002224 0.053577 0.172480 0.266637 0.132086 0.107025 0.055952 0.089652 0.070763 0.049604 
0.005634 0.309575 0.246442 0.106379 0.068991 0.055780 0.026328 0.116750 0.022073 0.042048 
0.017709 0.262609 0.179292 0.106975 0.080778 0.062324 0.116561 0.089706 0.022042 0.062004 
0.000947 0.196409 0.177981 0.106690 0.062649 0.055814 0.111886 0.136534 0.048194 0.102896 
0.000307 0.197211 0.216988 0.137647 0.086652 0.058384 0.090921 0.104601 0.030008 0.077281 
0.012777 0.152794 0.189484 0.146552 0.189222 0.095102 0.031814 0.077989 0.042806 0.061460 
0.000282 0.046650 0.189807 0.171643 0.233743 0.067120 0.038210 0.193381 0.036173 0.022992 
0.013141 0.054084 0.144521 0.138286 0.418593 0.043770 0.023739 0.093044 0.051186 0.019635 
0.013590 0.068431 0.107423 0.156328 0.374683 0.043624 0.031188 0.102614 0.072908 0.029211 
0.003746 0.088219 0.253737 0.222445 0.104306 0.052474 0.037779 0.113719 0.086167 0.037409 
0.009311 0.139206 0.473973 0.121971 0.100032 0.048551 0.041856 0.027163 0.021029 0.016907 
0.030590 0.186391 0.520558 0.039510 0.048159 0.050993 0.013691 0.033157 0.049835 0.027117 
0.024184 0.232409 0.353368 0.059149 0.108234 0.075724 0.046574 0.036128 0.042117 0.022112 
0.016614 0.204648 0.404138 0.103423 0.080531 0.072402 0.021579 0.044136 0.045241 0.007287 
0.037703 0.221297 0.225350 0.120115 0.090493 0.082418 0.054807 0.080978 0.060827 0.026012 
0.002832 0.165713 0.219872 0.051659 0.152727 0.158578 0.018973 0.039807 0.104327 0.085513 
0.001143 0.145176 0.274513 0.051389 0.120487 0.062294 0.020844 0.051206 0.205352 0.067596 
0.000720 0.118881 0.238235 0.046315 0.209107 0.142587 0.032344 0.026077 0.064416 0.121319 
0.000372 0.053761 0.094359 0.025167 0.332565 0.181049 0.028165 0.037124 0.135208 0.112230 
0.010208 0.273118 0.213242 0.056079 0.207252 0.082973 0.034752 0.035318 0.063558 0.023501 
0.011773 0.217470 0.225168 0.134865 0.156794 0.046140 0.052172 0.096601 0.026550 0.032469 
0.033742 0.265981 0.159773 0.133986 0.095200 0.017646 0.041365 0.195165 0.038937 0.018206 
0.007559 0.217947 0.190439 0.089901 0.239963 0.028473 0.016000 0.150782 0.040254 0.018684 
0.000985 0.268507 0.205745 0.069262 0.174012 0.042301 0.039519 0.135486 0.035675 0.028508 
0.002660 0.258704 0.219070 0.121999 0.083287 0.051541 0.053111 0.171816 0.014625 0.023187 
0.001630 0.085082 0.179731 0.057856 0.347725 0.069168 0.044691 0.152220 0.047982 0.013914 
0.000937 0.043634 0.115140 0.060171 0.452850 0.059980 0.030110 0.184800 0.032498 0.019879 
0.001380 0.044429 0.134234 0.123136 0.317790 0.081703 0.028746 0.206730 0.035660 0.026192 
0.008467 0.146449 0.464060 0.110118 0.104436 0.047469 0.037188 0.049404 0.018832 0.013579 
0.017013 0.222419 0.471266 0.111303 0.030519 0.054365 0.014996 0.040218 0.021172 0.016730 
0.019663 0.193732 0.462246 0.064358 0.059655 0.071959 0.017469 0.067350 0.037534 0.006035 
0.032053 0.212960 0.356111 0.100484 0.069067 0.077866 0.018260 0.078447 0.038101 0.016652 
0.003382 0.237307 0.390159 0.066257 0.056929 0.106698 0.026203 0.070939 0.035574 0.006554 
0.018659 0.139009 0.242342 0.149712 0.304259 0.042984 0.021517 0.053534 0.015950 0.012033 
0.019188 0.113256 0.202480 0.097945 0.386166 0.053788 0.022269 0.062460 0.023460 0.018987 
0.010012 0.110096 0.273901 0.301727 0.098298 0.040003 0.050821 0.057276 0.024839 0.033025 
0.012096 0.098815 0.201440 0.163633 0.310742 0.033148 0.054258 0.086929 0.019458 0.019482 
0.028936 0.240138 0.230856 0.095172 0.210427 0.031284 0.021672 0.081369 0.039290 0.020856 
0.016467 0.309684 0.203583 0.178544 0.077930 0.035615 0.048627 0.083676 0.019995 0.025877 
0.013320 0.228617 0.150672 0.247142 0.150297 0.047651 0.064419 0.064952 0.015623 0.017306 
0.007523 0.238566 0.211315 0.044828 0.288203 0.030108 0.012917 0.118464 0.026948 0.021127 
0.014701 0.183144 0.143438 0.165279 0.261904 0.073652 0.041813 0.067831 0.030484 0.017754 
0.007296 0.089034 0.067100 0.245079 0.299028 0.085528 0.044786 0.074677 0.061119 0.026353 
0.001769 0.029253 0.070132 0.104454 0.488682 0.056613 0.030138 0.149036 0.047255 0.022669 
0.000644 0.027942 0.099608 0.094691 0.442963 0.060159 0.046837 0.177809 0.032086 0.017262 
0.001761 0.046563 0.128919 0.106458 0.247236 0.100900 0.046469 0.239461 0.052307 0.029926 
0.003379 0.079420 0.451175 0.125671 0.157246 0.068633 0.046089 0.036089 0.017338 0.014959 
0.021730 0.215194 0.405633 0.113015 0.081370 0.058518 0.025949 0.037826 0.019257 0.021508 
0.031896 0.215073 0.445545 0.105533 0.071140 0.032248 0.025603 0.039309 0.021578 0.012075 
0.009285 0.245504 0.402635 0.119599 0.093570 0.028303 0.030878 0.037634 0.022149 0.010443 
0.020569 0.176672 0.429140 0.143569 0.064867 0.026013 0.025222 0.047406 0.046096 0.020445 
0.016965 0.155368 0.296006 0.140264 0.050472 0.080551 0.024739 0.065197 0.147029 0.023410 
0.006627 0.136026 0.325049 0.104387 0.065689 0.127991 0.025838 0.062955 0.119094 0.026345 
0.002152 0.083279 0.225832 0.145618 0.048385 0.094978 0.068219 0.056946 0.242445 0.032146 
0.010215 0.073363 0.173041 0.261142 0.049639 0.053715 0.053460 0.066068 0.229632 0.029724 
0.014286 0.081409 0.162978 0.219954 0.090338 0.044724 0.106439 0.035238 0.151290 0.093343 
0.004668 0.215108 0.177274 0.129677 0.095844 0.046356 0.073926 0.036195 0.082679 0.138272 
0.000492 0.080890 0.166519 0.169553 0.133097 0.054147 0.083564 0.031056 0.149622 0.131059 
0.004713 0.099902 0.216380 0.096845 0.145759 0.075056 0.116109 0.058451 0.129837 0.056948 
0.004811 0.130261 0.270156 0.126235 0.130325 0.100436 0.052426 0.052936 0.055400 0.077014 
0.014621 0.156040 0.309305 0.076535 0.118288 0.093190 0.058256 0.036852 0.078971 0.057939 
0.015677 0.102375 0.192827 0.109195 0.092128 0.160267 0.099737 0.073672 0.058662 0.095461 
0.003598 0.018935 0.238176 0.178277 0.091055 0.192001 0.071432 0.089589 0.071700 0.045237 
0.013443 0.054961 0.247603 0.107144 0.130351 0.140869 0.056515 0.102493 0.075427 0.071194 
0.004138 0.081886 0.281986 0.189793 0.132016 0.089227 0.054037 0.068699 0.046910 0.051307 
0.001035 0.110771 0.451602 0.141975 0.133648 0.041474 0.020581 0.052046 0.022692 0.024177 
0.005538 0.119341 0.287413 0.137124 0.142398 0.033958 0.034990 0.134322 0.039248 0.065667 
0.015849 0.147306 0.278668 0.126913 0.179017 0.040733 0.032310 0.095886 0.052892 0.030428 
0.022340 0.148171 0.137983 0.114033 0.191478 0.034492 0.047059 0.198873 0.075641 0.029929 
0.002249 0.138817 0.197365 0.150482 0.134613 0.043402 0.034697 0.199584 0.026641 0.072151 
0.000972 0.087726 0.131180 0.134885 0.260594 0.057926 0.062948 0.144049 0.040234 0.079485 
0.010632 0.096053 0.122727 0.128440 0.349901 0.062290 0.034772 0.103071 0.030979 0.061134 
0.009138 0.108582 0.182621 0.202010 0.263811 0.060441 0.042318 0.050174 0.038681 0.042225 
0.007445 0.045867 0.150118 0.229996 0.139723 0.057957 0.101640 0.127078 0.045122 0.095053 
0.020848 0.254736 0.273599 0.131834 0.081819 0.044762 0.024876 0.118913 0.031787 0.016825 
0.027607 0.163501 0.242010 0.104527 0.123224 0.041386 0.049533 0.170308 0.039355 0.038549 
0.004645 0.137378 0.273580 0.102073 0.045174 0.049610 0.105777 0.188486 0.021628 0.071648 
0.014046 0.126785 0.335691 0.108028 0.044873 0.033877 0.060989 0.222121 0.013890 0.039699 
0.009904 0.119727 0.317603 0.232487 0.140755 0.043169 0.039618 0.043759 0.014687 0.038291 
0.010252 0.062708 0.171859 0.174804 0.264380 0.086541 0.044470 0.098476 0.027870 0.058640 
0.002156 0.012066 0.140274 0.144848 0.379980 0.109145 0.044948 0.111627 0.017931 0.037025 
0.007884 0.020023 0.145279 0.128452 0.286057 0.156174 0.032116 0.109103 0.030720 0.084193 
0.002941 0.009373 0.134288 0.137225 0.255260 0.128639 0.073963 0.090782 0.021608 0.145920 
0.006653 0.132102 0.318372 0.196168 0.123852 0.075391 0.045184 0.047691 0.023086 0.031502 
0.015291 0.197310 0.182970 0.196357 0.128660 0.125408 0.039157 0.051405 0.024555 0.038888 
0.014682 0.178368 0.354220 0.169438 0.083582 0.079416 0.042995 0.033352 0.022055 0.021890 
0.033683 0.217180 0.290692 0.217267 0.077206 0.069968 0.038582 0.021680 0.013806 0.019937 
0.011628 0.156649 0.308580 0.229298 0.047252 0.096176 0.048462 0.044563 0.023910 0.033482 
0.022943 0.149246 0.305221 0.135736 0.089340 0.113785 0.044031 0.063106 0.051151 0.025440 
0.020072 0.150184 0.305131 0.146333 0.093230 0.120323 0.042227 0.048730 0.034626 0.039144 
0.005162 0.135798 0.305129 0.134581 0.084550 0.149963 0.054366 0.029626 0.052180 0.048646 
0.008510 0.120452 0.274561 0.131913 0.108268 0.181060 0.038960 0.021330 0.026200 0.088745 
0.012070 0.320949 0.293714 0.094722 0.069369 0.108086 0.025746 0.019749 0.023478 0.032117 
0.023963 0.255762 0.290908 0.112764 0.087067 0.091292 0.035484 0.039320 0.014834 0.048606 
0.013870 0.165338 0.440126 0.090742 0.056105 0.089804 0.031131 0.037692 0.027314 0.047878 
0.000789 0.142648 0.371287 0.182531 0.083249 0.052418 0.041361 0.063076 0.029687 0.032954 
0.005950 0.120743 0.341526 0.145727 0.087422 0.038404 0.038286 0.113897 0.039906 0.068140 
0.004711 0.119188 0.284571 0.104125 0.104253 0.159619 0.051046 0.090246 0.014043 0.068198 
0.001656 0.022256 0.150972 0.100382 0.229136 0.267461 0.055893 0.065824 0.050755 0.055665 
0.011083 0.045673 0.225269 0.086409 0.206068 0.216916 0.043340 0.062143 0.038613 0.064485 
0.010612 0.045068 0.244908 0.114354 0.143611 0.195957 0.059938 0.074156 0.011941 0.099455 
