How-to-save-a-life,The-Fray
0.000000 0.000000 0.000000 0.000000 0.000000 0.000000 0.000000 0.000000 0.000000 0.000000 
0.000000 0.000000 0.000000 0.000000 0.000000 0.000000 0.000000 0.000000 0.000000 0.000000 
0.000000 0.000000 0.000000 0.000000 0.000000 0.000000 0.000000 0.000000 0.000000 0.000000 
0.000000 0.000000 0.000000 0.000000 0.000000 0.000000 0.000000 0.000000 0.000000 0.000000 
0.000000 0.000000 0.000000 0.000000 0.000000 0.000000 0.000000 0.000000 0.000000 0.000000 
0.000000 0.000000 0.000000 0.000000 0.000000 0.000000 0.000000 0.000000 0.000000 0.000000 
0.000000 0.000000 0.000000 0.000000 0.000000 0.000000 0.000000 0.000000 0.000000 0.000000 
0.043563 0.307353 0.074722 0.107874 0.083502 0.060773 0.087558 0.101848 0.044843 0.087964 
0.026472 0.299048 0.281804 0.102346 0.084664 0.080475 0.038154 0.043151 0.018738 0.025149 
0.000605 0.033522 0.080826 0.132149 0.105172 0.495960 0.051921 0.038230 0.023496 0.038120 
0.000570 0.085642 0.090037 0.119124 0.091541 0.453230 0.062044 0.034640 0.025001 0.038169 
0.002307 0.041684 0.037097 0.138197 0.118598 0.521979 0.052867 0.034385 0.017783 0.035104 
0.002173 0.050760 0.036733 0.103327 0.275521 0.327474 0.042333 0.128512 0.014724 0.018444 
0.000755 0.044466 0.045475 0.093223 0.325241 0.300650 0.033280 0.139079 0.008814 0.009016 
0.000728 0.081822 0.051712 0.129857 0.314579 0.255615 0.036199 0.110164 0.008756 0.010568 
0.001528 0.040184 0.034574 0.346138 0.232164 0.171371 0.060446 0.093967 0.006399 0.013229 
0.001066 0.043458 0.048948 0.352764 0.252112 0.139632 0.053783 0.087407 0.004916 0.015915 
0.002344 0.039383 0.046934 0.134730 0.350146 0.066355 0.046475 0.257301 0.033656 0.022677 
0.000071 0.037547 0.079892 0.185793 0.314758 0.071149 0.022507 0.225427 0.035970 0.026886 
0.001634 0.067233 0.044914 0.196887 0.276139 0.090817 0.041853 0.238491 0.019598 0.022434 
0.003339 0.049781 0.055986 0.243934 0.242348 0.099898 0.031751 0.231637 0.015274 0.026053 
0.000800 0.042192 0.046752 0.236548 0.273753 0.161862 0.019204 0.182786 0.013813 0.022289 
0.001595 0.044033 0.061738 0.203429 0.267730 0.190002 0.038478 0.159547 0.012336 0.021112 
0.001283 0.036609 0.038768 0.176329 0.318176 0.155275 0.051359 0.160231 0.032234 0.029735 
0.000743 0.035302 0.034366 0.182457 0.400532 0.143748 0.052742 0.102667 0.022734 0.024709 
0.001193 0.034222 0.035586 0.185154 0.415238 0.136056 0.039271 0.113176 0.018431 0.021673 
0.002465 0.046730 0.056565 0.181350 0.433788 0.113908 0.033577 0.099257 0.012236 0.020125 
0.002316 0.042003 0.050910 0.168662 0.430526 0.121910 0.032594 0.104684 0.024882 0.021512 
0.000820 0.039800 0.054959 0.189872 0.390750 0.126484 0.037874 0.117963 0.018479 0.022999 
0.001134 0.073352 0.052725 0.225575 0.300707 0.116134 0.033138 0.144605 0.025033 0.027596 
0.001268 0.024056 0.025076 0.088183 0.148333 0.358736 0.177814 0.106305 0.042129 0.028100 
0.001694 0.182204 0.086275 0.069479 0.084364 0.407894 0.084264 0.037463 0.018191 0.028171 
0.002857 0.055845 0.133766 0.054367 0.073618 0.477201 0.103594 0.038039 0.021933 0.038779 
0.002176 0.041500 0.093349 0.092464 0.148622 0.380766 0.104176 0.085740 0.015119 0.036087 
0.001673 0.043670 0.093122 0.146338 0.211803 0.302792 0.061400 0.082487 0.020048 0.036668 
0.001487 0.026852 0.120014 0.134068 0.126508 0.302898 0.112183 0.112276 0.027236 0.036478 
0.002045 0.040516 0.092284 0.307901 0.130088 0.226507 0.094573 0.074921 0.012535 0.018632 
0.001015 0.033644 0.068624 0.340661 0.129669 0.218474 0.089683 0.082701 0.019058 0.016472 
0.004176 0.056027 0.062842 0.181177 0.194550 0.146411 0.053868 0.232379 0.040508 0.028062 
0.005040 0.061052 0.071451 0.159513 0.314637 0.082342 0.032799 0.238624 0.019530 0.015013 
0.001129 0.034546 0.044607 0.184862 0.242501 0.135513 0.031969 0.279752 0.021551 0.023570 
0.001894 0.033475 0.066688 0.201810 0.223366 0.092279 0.030993 0.283694 0.033226 0.032575 
0.001685 0.039057 0.044640 0.190935 0.298695 0.076997 0.031626 0.264947 0.027265 0.024152 
0.000144 0.034317 0.048006 0.207260 0.304239 0.086298 0.036768 0.244660 0.012379 0.025928 
0.000151 0.018041 0.052099 0.118519 0.288678 0.067533 0.053519 0.336770 0.042544 0.022146 
0.001195 0.026119 0.030533 0.175862 0.440251 0.060532 0.032311 0.206925 0.007870 0.018405 
0.003122 0.042481 0.063218 0.160238 0.427136 0.072402 0.040293 0.166901 0.008909 0.015299 
0.004512 0.049207 0.080671 0.287752 0.335065 0.056841 0.056281 0.109528 0.007409 0.012734 
0.005797 0.064049 0.092792 0.280808 0.347676 0.044589 0.051973 0.073166 0.021455 0.017696 
0.002772 0.030220 0.045364 0.302747 0.246415 0.074430 0.062763 0.181610 0.029457 0.024222 
0.001656 0.032801 0.037567 0.382075 0.192220 0.059453 0.027525 0.196234 0.030879 0.039589 
0.002820 0.069272 0.069225 0.198875 0.100192 0.101531 0.229169 0.153351 0.042156 0.033409 
0.001829 0.170057 0.071838 0.159960 0.057799 0.117063 0.342065 0.043835 0.014976 0.020578 
0.002667 0.084382 0.048142 0.201777 0.036136 0.157237 0.361867 0.056778 0.025149 0.025865 
0.000870 0.060654 0.035997 0.211090 0.115501 0.194887 0.240508 0.106577 0.021596 0.012321 
0.002421 0.050411 0.051953 0.188098 0.296673 0.156036 0.086637 0.130833 0.015587 0.021351 
0.003975 0.083670 0.049700 0.237326 0.233085 0.191657 0.057208 0.111339 0.010800 0.021240 
0.001122 0.054416 0.039557 0.255538 0.257278 0.171912 0.079616 0.106476 0.012503 0.021583 
0.001208 0.041884 0.045521 0.348739 0.204624 0.142046 0.084809 0.090723 0.017518 0.022929 
0.002711 0.043806 0.064031 0.120648 0.212171 0.073101 0.063283 0.318999 0.062264 0.038986 
0.001355 0.024138 0.060386 0.156964 0.340824 0.041692 0.027063 0.290882 0.035049 0.021646 
0.001750 0.028696 0.036140 0.162215 0.309806 0.070571 0.038349 0.318365 0.015303 0.018806 
0.001347 0.030445 0.028535 0.134197 0.364368 0.065785 0.027090 0.314126 0.016432 0.017675 
0.001778 0.024524 0.047429 0.146640 0.337801 0.066238 0.052736 0.280448 0.019028 0.023379 
0.002591 0.047656 0.056896 0.153238 0.367853 0.067727 0.053560 0.210934 0.016109 0.023435 
0.000009 0.039869 0.066227 0.198952 0.281480 0.058893 0.077044 0.215532 0.032418 0.029576 
0.002869 0.041460 0.067136 0.186093 0.379791 0.071146 0.066156 0.154755 0.012464 0.018130 
0.000500 0.030771 0.045541 0.269603 0.333767 0.078099 0.090988 0.102504 0.021557 0.026670 
0.000587 0.018826 0.041191 0.397255 0.297607 0.039680 0.094033 0.071288 0.006239 0.033293 
0.001736 0.030708 0.040433 0.354201 0.325461 0.045809 0.069887 0.075417 0.011721 0.044629 
0.002417 0.038654 0.045235 0.400770 0.175909 0.042567 0.080012 0.156203 0.018761 0.039473 
0.002761 0.037995 0.067664 0.407800 0.201679 0.033997 0.075269 0.103514 0.020101 0.049219 
0.006432 0.174441 0.066947 0.267708 0.189461 0.076477 0.083768 0.080305 0.016744 0.037719 
0.000222 0.075436 0.119508 0.195960 0.221904 0.289640 0.028532 0.032173 0.011634 0.024991 
0.001712 0.040703 0.108428 0.270674 0.163958 0.306572 0.029970 0.032354 0.018990 0.026639 
0.000416 0.045257 0.081335 0.268650 0.131323 0.319740 0.032841 0.063794 0.021722 0.034921 
0.001038 0.035436 0.105131 0.241374 0.179650 0.301806 0.023640 0.065321 0.010303 0.036300 
0.000018 0.045646 0.102815 0.230692 0.212045 0.238759 0.038607 0.069522 0.021809 0.040088 
0.002320 0.058040 0.108770 0.198847 0.251428 0.181776 0.072529 0.066482 0.012799 0.047008 
0.003989 0.064364 0.116438 0.163419 0.207579 0.192625 0.105191 0.069792 0.025043 0.051560 
0.001430 0.069960 0.102799 0.211009 0.209261 0.147346 0.115214 0.064928 0.015553 0.062500 
0.000473 0.063135 0.061821 0.230118 0.221720 0.198695 0.072956 0.092195 0.014607 0.044281 
0.002690 0.081249 0.065262 0.238876 0.191658 0.235760 0.042611 0.067213 0.018128 0.056553 
0.001005 0.025313 0.034929 0.129348 0.113486 0.466528 0.103076 0.059675 0.028145 0.038495 
0.000420 0.035732 0.034612 0.110793 0.144875 0.470006 0.116066 0.037752 0.027328 0.022416 
0.000823 0.042459 0.042562 0.111687 0.143392 0.462318 0.110914 0.037321 0.023937 0.024587 
0.001231 0.056681 0.043870 0.153326 0.159438 0.361425 0.078674 0.105411 0.018136 0.021809 
0.002392 0.059650 0.076535 0.138874 0.186070 0.344536 0.069180 0.081964 0.026992 0.013808 
0.002422 0.057065 0.162388 0.185250 0.292477 0.163290 0.057357 0.040147 0.021297 0.018306 
0.000604 0.068893 0.146622 0.215625 0.127364 0.197091 0.125094 0.051068 0.028012 0.039627 
0.002397 0.077410 0.081311 0.283413 0.099167 0.179781 0.146948 0.045642 0.020373 0.063558 
0.001813 0.039046 0.207494 0.207655 0.188466 0.077140 0.092224 0.105161 0.035758 0.045243 
0.002367 0.045173 0.213645 0.179760 0.171164 0.095936 0.109669 0.098669 0.037355 0.046263 
0.001567 0.038519 0.296422 0.155603 0.090353 0.139700 0.110282 0.075415 0.020995 0.071146 
0.002680 0.116041 0.245718 0.165520 0.059868 0.251097 0.057848 0.035499 0.021043 0.044686 
0.000669 0.036007 0.279058 0.175532 0.071065 0.304762 0.069942 0.026713 0.007547 0.028703 
0.003108 0.043617 0.259175 0.147442 0.067579 0.320255 0.061727 0.044336 0.011092 0.041668 
0.000701 0.015067 0.377448 0.167477 0.096078 0.200813 0.037758 0.053965 0.022611 0.028080 
0.006836 0.078748 0.419649 0.165431 0.082001 0.138470 0.040998 0.030998 0.020437 0.016433 
0.008395 0.089881 0.420638 0.112088 0.087802 0.131182 0.054069 0.040551 0.019383 0.036010 
0.001078 0.060167 0.142800 0.266297 0.137014 0.185090 0.085984 0.055232 0.022533 0.043805 
0.001216 0.052280 0.067217 0.290731 0.223943 0.141841 0.097507 0.048410 0.013645 0.063210 
0.000608 0.039305 0.147263 0.134301 0.325870 0.084388 0.052246 0.165785 0.027079 0.023155 
0.001297 0.019553 0.183524 0.077300 0.199754 0.284552 0.079548 0.087541 0.024157 0.042773 
0.000476 0.018148 0.196760 0.123912 0.177070 0.249269 0.035284 0.123450 0.032617 0.043013 
0.001194 0.016811 0.182970 0.085953 0.163598 0.327521 0.064912 0.094482 0.032502 0.030058 
0.002059 0.023399 0.226702 0.104023 0.202347 0.255153 0.055040 0.080791 0.027511 0.022975 
0.000107 0.019835 0.197183 0.096494 0.276079 0.148937 0.036559 0.178207 0.027037 0.019560 
0.002049 0.017899 0.203773 0.135363 0.351047 0.124986 0.046480 0.082862 0.014371 0.021171 
0.002095 0.048282 0.230388 0.129910 0.351017 0.099187 0.027645 0.063438 0.014616 0.033422 
0.001891 0.032641 0.215014 0.104577 0.341251 0.127756 0.057549 0.074290 0.020148 0.024883 
0.001727 0.028518 0.256964 0.127090 0.329689 0.112847 0.041345 0.050443 0.020692 0.030684 
0.000296 0.025574 0.223430 0.147789 0.315972 0.103022 0.049983 0.084922 0.025616 0.023398 
0.003457 0.040864 0.238124 0.130239 0.268564 0.115558 0.042519 0.100407 0.036280 0.023988 
0.000974 0.020913 0.287805 0.129638 0.247405 0.141010 0.031844 0.078359 0.025565 0.036487 
0.002353 0.090913 0.161261 0.124383 0.210436 0.246866 0.053986 0.063177 0.020642 0.025983 
0.002279 0.034828 0.184637 0.123833 0.238107 0.274065 0.062513 0.034942 0.017806 0.026991 
0.003675 0.056419 0.256814 0.127529 0.207641 0.239674 0.040485 0.027801 0.015962 0.024001 
0.002437 0.041625 0.249732 0.230571 0.120681 0.223220 0.044346 0.054174 0.009527 0.023687 
0.000578 0.051556 0.243676 0.175858 0.146884 0.210809 0.056324 0.067432 0.016336 0.030547 
0.001620 0.067439 0.104842 0.195662 0.138393 0.269943 0.061020 0.085196 0.031448 0.044439 
0.004131 0.061055 0.101166 0.180746 0.137786 0.250147 0.109435 0.101935 0.018763 0.034836 
0.002282 0.034721 0.080169 0.185612 0.162723 0.285394 0.104216 0.103113 0.012541 0.029228 
0.001591 0.043246 0.152232 0.158938 0.099098 0.250484 0.083492 0.135552 0.045719 0.029647 
0.002709 0.019675 0.155108 0.120660 0.139969 0.131976 0.193130 0.102955 0.080164 0.053654 
0.002805 0.019793 0.151165 0.131093 0.090744 0.143608 0.214447 0.091345 0.078528 0.076474 
0.000338 0.011255 0.116864 0.101180 0.099572 0.131829 0.221363 0.124766 0.097192 0.095641 
0.000679 0.026064 0.140878 0.107858 0.164014 0.122649 0.161193 0.153979 0.050750 0.071935 
0.003399 0.065194 0.168571 0.130296 0.172756 0.082376 0.071580 0.225964 0.035696 0.044169 
0.003185 0.030767 0.065210 0.125109 0.271681 0.071543 0.070626 0.286352 0.044081 0.031446 
0.002691 0.043987 0.183015 0.195249 0.285920 0.071473 0.032296 0.145774 0.021722 0.017872 
0.001472 0.029611 0.159146 0.298070 0.228723 0.089946 0.062992 0.087437 0.019438 0.023164 
0.006271 0.086448 0.174628 0.291589 0.196526 0.085254 0.045190 0.071908 0.011854 0.030333 
0.004863 0.063552 0.165224 0.188194 0.218741 0.087318 0.075140 0.084720 0.061558 0.050691 
0.000697 0.040377 0.179670 0.179855 0.136150 0.117001 0.126575 0.120740 0.034332 0.064602 
0.002131 0.030409 0.168988 0.187953 0.070721 0.044194 0.235646 0.150338 0.053571 0.056049 
0.000713 0.103092 0.110553 0.128308 0.070717 0.092271 0.273568 0.143812 0.034608 0.042358 
0.002553 0.039152 0.053374 0.179527 0.045732 0.130693 0.435940 0.056669 0.025165 0.031193 
0.000078 0.066717 0.057885 0.207294 0.084704 0.160017 0.330106 0.054966 0.018278 0.019955 
0.000832 0.055431 0.063292 0.235784 0.161230 0.147440 0.163381 0.098150 0.033387 0.041073 
0.009038 0.086505 0.064371 0.271158 0.151103 0.164749 0.073422 0.104522 0.034598 0.040534 
0.009791 0.096465 0.103708 0.273163 0.158332 0.104338 0.121138 0.068827 0.025548 0.038690 
0.001277 0.046908 0.166993 0.308720 0.176696 0.092813 0.079711 0.064351 0.024514 0.038019 
0.002963 0.036643 0.041705 0.366041 0.206035 0.088685 0.107911 0.073214 0.026038 0.050764 
0.000768 0.036924 0.149123 0.154770 0.195570 0.058291 0.087829 0.247476 0.035732 0.033518 
0.001519 0.028983 0.215077 0.113719 0.178316 0.200232 0.045293 0.177273 0.015552 0.024036 
0.003953 0.043799 0.199476 0.092979 0.249072 0.221702 0.048963 0.102054 0.013136 0.024867 
0.005837 0.057374 0.237564 0.154860 0.162814 0.115332 0.052227 0.173295 0.017535 0.023161 
0.002564 0.036547 0.048133 0.203039 0.310377 0.065865 0.031420 0.247127 0.026774 0.028156 
0.002112 0.039219 0.041213 0.261806 0.314766 0.061759 0.033364 0.196639 0.014722 0.034399 
0.001107 0.022281 0.217120 0.162949 0.323385 0.094505 0.052778 0.080923 0.026686 0.018266 
0.001749 0.021350 0.194385 0.117585 0.327640 0.204998 0.041041 0.066724 0.012142 0.012386 
0.000256 0.031540 0.163873 0.126040 0.251231 0.196366 0.104881 0.088592 0.017913 0.019307 
0.001205 0.035606 0.035474 0.256858 0.234560 0.069977 0.174856 0.120443 0.034475 0.036546 
0.002474 0.036455 0.211454 0.194894 0.189069 0.060775 0.115541 0.130776 0.023504 0.035058 
0.000077 0.023291 0.138974 0.082681 0.188616 0.163911 0.165353 0.135762 0.025727 0.075606 
0.004028 0.028696 0.153187 0.081092 0.174193 0.241969 0.078834 0.160586 0.013182 0.064232 
0.001408 0.055711 0.148120 0.096024 0.188909 0.225799 0.049225 0.146829 0.055708 0.032268 
0.001717 0.046989 0.181592 0.154690 0.109767 0.218948 0.110082 0.044938 0.046916 0.084359 
0.005484 0.087703 0.224406 0.177524 0.053645 0.213470 0.074519 0.024212 0.052455 0.086582 
0.000624 0.036026 0.251313 0.231799 0.097596 0.202210 0.058095 0.034856 0.027122 0.060359 
0.003543 0.052458 0.279062 0.179935 0.063055 0.231536 0.054837 0.052190 0.044722 0.038663 
0.001034 0.052284 0.263258 0.183135 0.079170 0.221604 0.072459 0.037564 0.056211 0.033280 
0.011860 0.102533 0.174400 0.172531 0.165122 0.203936 0.035475 0.060483 0.027698 0.045961 
0.003767 0.059845 0.097881 0.202360 0.231641 0.221292 0.043169 0.069568 0.013222 0.057255 
0.006139 0.054194 0.179212 0.177768 0.153775 0.170104 0.056217 0.123706 0.024955 0.053931 
0.000534 0.023180 0.154727 0.205245 0.078344 0.315230 0.078519 0.065915 0.045965 0.032342 
0.001252 0.030607 0.200343 0.123460 0.063882 0.267455 0.148424 0.064120 0.054379 0.046078 
0.001419 0.025751 0.164521 0.111979 0.064367 0.310832 0.177300 0.045082 0.051526 0.047223 
0.003719 0.049568 0.173806 0.112306 0.032580 0.295492 0.202568 0.079147 0.026250 0.024565 
0.001704 0.036823 0.208203 0.090612 0.088411 0.225766 0.170932 0.102450 0.043067 0.032031 
0.000617 0.037652 0.195463 0.101437 0.096789 0.254272 0.143097 0.089149 0.036742 0.044781 
0.000411 0.067791 0.235582 0.122686 0.110931 0.253671 0.084704 0.055521 0.033953 0.034750 
0.002194 0.039813 0.137224 0.099942 0.184359 0.342627 0.072628 0.055432 0.036837 0.028944 
0.004902 0.043270 0.051545 0.169529 0.193076 0.351086 0.068026 0.066842 0.023815 0.027910 
0.003854 0.031607 0.058482 0.195148 0.164678 0.325945 0.104441 0.069702 0.021297 0.024845 
0.004501 0.090551 0.163610 0.161433 0.208631 0.193578 0.035645 0.093804 0.025110 0.023137 
0.005235 0.088932 0.148808 0.110992 0.116913 0.227901 0.129707 0.088150 0.039425 0.043935 
0.003387 0.189651 0.142957 0.127660 0.043205 0.133768 0.148504 0.109054 0.050990 0.050823 
0.004664 0.118183 0.100275 0.125267 0.089882 0.311512 0.092480 0.068610 0.032788 0.056340 
0.000483 0.070028 0.106625 0.093154 0.071941 0.372508 0.106701 0.052549 0.052063 0.073949 
0.000263 0.053995 0.059180 0.150853 0.116340 0.441428 0.051223 0.056458 0.016785 0.053476 
0.003998 0.071622 0.035019 0.179601 0.168788 0.343489 0.054321 0.097897 0.014063 0.031202 
0.006521 0.113512 0.050768 0.178071 0.155762 0.266225 0.049580 0.122243 0.028884 0.028433 
0.000567 0.063823 0.050769 0.344860 0.159047 0.104065 0.105113 0.087249 0.036451 0.048057 
0.002356 0.053870 0.048977 0.359089 0.137353 0.098073 0.109104 0.093913 0.040373 0.056891 
0.000764 0.038109 0.043823 0.187770 0.177577 0.099501 0.083879 0.258399 0.044488 0.065689 
0.001097 0.034293 0.063314 0.158410 0.302704 0.071629 0.061886 0.248638 0.024720 0.033309 
0.000217 0.081422 0.054083 0.179020 0.179403 0.112810 0.050677 0.273360 0.032651 0.036359 
0.002075 0.098460 0.163162 0.168242 0.174632 0.108508 0.028194 0.198802 0.025100 0.032825 
0.000959 0.024128 0.149469 0.122543 0.128210 0.093550 0.174479 0.157618 0.096954 0.052091 
0.000347 0.017493 0.135915 0.115515 0.080063 0.096602 0.131906 0.166461 0.177710 0.077987 
0.000356 0.026770 0.159711 0.078917 0.153258 0.119638 0.054359 0.285424 0.077412 0.044154 
0.002295 0.025775 0.133933 0.066119 0.196511 0.170952 0.039734 0.262260 0.046188 0.056232 
0.005422 0.079658 0.193846 0.163479 0.273535 0.055823 0.047293 0.119718 0.028941 0.032285 
0.009874 0.098233 0.295660 0.140058 0.159827 0.086443 0.079781 0.085118 0.021103 0.023903 
0.004007 0.032128 0.200446 0.089649 0.233187 0.190508 0.078117 0.112676 0.037582 0.021701 
0.000744 0.026580 0.210916 0.082229 0.172583 0.212003 0.055801 0.171457 0.040659 0.027029 
0.000888 0.015644 0.156725 0.073089 0.088283 0.151864 0.054692 0.290936 0.114936 0.052943 
0.000671 0.014852 0.179509 0.078545 0.101398 0.093049 0.030632 0.312723 0.148951 0.039669 
0.003387 0.056014 0.159111 0.100294 0.074854 0.257504 0.127540 0.095740 0.077596 0.047960 
0.002632 0.058047 0.163586 0.152240 0.068010 0.335036 0.119375 0.023736 0.033169 0.044169 
0.000718 0.033254 0.204959 0.163305 0.089470 0.336110 0.072722 0.034633 0.026352 0.038478 
0.000516 0.036864 0.216246 0.126845 0.084083 0.321955 0.091484 0.059009 0.032273 0.030724 
0.001393 0.027968 0.225966 0.123669 0.076094 0.362436 0.070265 0.046405 0.033762 0.032042 
0.003484 0.041604 0.193197 0.195767 0.092662 0.344823 0.058830 0.033920 0.018527 0.017187 
0.001766 0.038188 0.279285 0.230720 0.094763 0.214805 0.068341 0.048251 0.012729 0.011152 
0.001746 0.039803 0.320593 0.193010 0.074649 0.221722 0.079447 0.039292 0.013206 0.016531 
0.000548 0.033986 0.211593 0.168077 0.170151 0.108837 0.046813 0.207278 0.026964 0.025754 
0.006096 0.076820 0.152037 0.192876 0.178289 0.159525 0.041331 0.152206 0.021189 0.019629 
0.000272 0.020382 0.106643 0.095825 0.068294 0.083526 0.295591 0.183503 0.094793 0.051171 
0.002766 0.043222 0.153834 0.118851 0.082377 0.096933 0.221038 0.124143 0.107533 0.049304 
0.005637 0.085330 0.174868 0.171949 0.239750 0.068517 0.055431 0.159145 0.019768 0.019605 
0.002688 0.034179 0.182379 0.219045 0.246315 0.079207 0.045863 0.133130 0.023623 0.033570 
0.002272 0.068678 0.121440 0.261516 0.173065 0.092416 0.084495 0.118499 0.019718 0.057900 
0.004674 0.075473 0.240555 0.283835 0.154172 0.109330 0.052122 0.043163 0.013364 0.023313 
0.006847 0.087956 0.305659 0.160121 0.151825 0.140778 0.056889 0.038155 0.016159 0.035611 
0.003372 0.058780 0.287978 0.222047 0.149707 0.116311 0.097743 0.032502 0.003026 0.028533 
0.006504 0.059010 0.299886 0.168131 0.190954 0.119511 0.077153 0.035451 0.015796 0.027605 
0.001120 0.035906 0.270813 0.257317 0.165237 0.089281 0.050844 0.058535 0.023683 0.047264 
0.001332 0.086663 0.123120 0.303055 0.189588 0.071648 0.061604 0.050942 0.030995 0.081053 
0.003952 0.054661 0.060567 0.153038 0.086697 0.113428 0.403824 0.058534 0.025179 0.040119 
0.001604 0.030115 0.029165 0.194901 0.052335 0.148294 0.436485 0.051467 0.019156 0.036477 
0.001644 0.024825 0.029369 0.206378 0.109398 0.176008 0.333190 0.061710 0.027052 0.030425 
0.002666 0.049422 0.055071 0.222412 0.150973 0.158355 0.211617 0.090523 0.027392 0.031570 
0.001249 0.074966 0.025634 0.288787 0.106907 0.211799 0.121087 0.112175 0.010999 0.046397 
0.000632 0.120911 0.200391 0.313192 0.115871 0.101091 0.047842 0.059620 0.015886 0.024564 
0.002699 0.053463 0.194900 0.353582 0.219383 0.069028 0.044093 0.037613 0.011802 0.013436 
0.006806 0.075074 0.252209 0.261640 0.174328 0.085847 0.069886 0.046960 0.010805 0.016445 
0.001585 0.032523 0.072661 0.079972 0.328250 0.065755 0.075327 0.309477 0.022839 0.011612 
0.002516 0.030819 0.027076 0.128966 0.310190 0.073745 0.042238 0.323727 0.030178 0.030543 
0.000173 0.025816 0.151280 0.140336 0.294493 0.095849 0.086415 0.149717 0.031482 0.024439 
0.000140 0.014476 0.184867 0.153694 0.213650 0.057402 0.202282 0.114109 0.025091 0.034288 
0.003147 0.036949 0.199010 0.109356 0.154537 0.073963 0.276931 0.102164 0.011491 0.032452 
0.001310 0.038469 0.156838 0.085869 0.096209 0.081470 0.298777 0.166959 0.023186 0.050913 
0.002935 0.025980 0.142613 0.139171 0.204975 0.063880 0.160611 0.193069 0.032971 0.033794 
0.003422 0.083689 0.232713 0.137027 0.217651 0.066108 0.068498 0.142675 0.026394 0.021825 
0.004054 0.068005 0.241790 0.196424 0.157665 0.146655 0.065322 0.085583 0.013760 0.020743 
0.002809 0.037362 0.220516 0.201040 0.151636 0.159954 0.126589 0.061871 0.010301 0.027922 
0.004251 0.054775 0.174424 0.128755 0.111905 0.060366 0.214405 0.141162 0.076179 0.033778 
0.000190 0.021898 0.169889 0.127306 0.091466 0.039591 0.179397 0.225206 0.107294 0.037763 
0.000997 0.018415 0.146043 0.148929 0.126670 0.049363 0.150238 0.185724 0.119767 0.053854 
0.003407 0.075832 0.140830 0.143134 0.157160 0.164048 0.104493 0.105675 0.056690 0.048732 
0.003349 0.055762 0.232507 0.162875 0.099813 0.252104 0.061628 0.056873 0.039049 0.036041 
0.001241 0.043539 0.200593 0.230250 0.182849 0.214791 0.051820 0.029432 0.018967 0.026518 
0.001371 0.033831 0.225491 0.188148 0.180753 0.208732 0.051395 0.057357 0.024490 0.028433 
0.001253 0.035386 0.232998 0.163647 0.229470 0.173461 0.055555 0.059202 0.020222 0.028806 
0.000119 0.018842 0.230001 0.218542 0.175006 0.163633 0.060342 0.063018 0.033726 0.036770 
0.002619 0.038931 0.206711 0.272720 0.163533 0.144865 0.058019 0.055214 0.019610 0.037779 
0.002660 0.036503 0.227996 0.289613 0.177134 0.086415 0.075480 0.042949 0.020894 0.040356 
0.005494 0.041824 0.227509 0.293776 0.133056 0.106202 0.058425 0.062952 0.033697 0.037066 
0.003931 0.035709 0.226693 0.265317 0.155371 0.128657 0.060851 0.045135 0.034300 0.044036 
0.003033 0.033789 0.159450 0.188533 0.117038 0.195410 0.119387 0.068709 0.056171 0.058479 
0.000299 0.023544 0.114921 0.107800 0.081617 0.355537 0.111139 0.069001 0.077468 0.058674 
0.000746 0.012938 0.123001 0.101286 0.074886 0.285953 0.189240 0.060803 0.099746 0.051401 
0.000734 0.035995 0.203838 0.124271 0.116610 0.234259 0.059763 0.087618 0.089625 0.047286 
0.001870 0.022103 0.179538 0.095708 0.092828 0.193512 0.149346 0.121488 0.092713 0.050894 
0.004052 0.056328 0.215999 0.065620 0.103759 0.214157 0.151674 0.094358 0.040777 0.053276 
0.001327 0.041002 0.183353 0.194581 0.102025 0.150477 0.138783 0.063506 0.056233 0.068713 
0.003008 0.027079 0.067118 0.377660 0.056727 0.214012 0.125883 0.061359 0.032718 0.034436 
0.003368 0.073377 0.139033 0.329604 0.100814 0.164206 0.094266 0.029149 0.021540 0.044643 
0.006006 0.079674 0.157457 0.271755 0.152843 0.150643 0.050140 0.066939 0.025494 0.039047 
0.003613 0.037728 0.164146 0.311123 0.152383 0.139385 0.048688 0.067818 0.034436 0.040679 
0.010092 0.354447 0.265171 0.113392 0.062287 0.079566 0.035046 0.030295 0.025058 0.024646 
0.001919 0.461493 0.187462 0.072634 0.051382 0.131022 0.033825 0.017459 0.021693 0.021112 
0.000254 0.225974 0.228150 0.077367 0.080196 0.221163 0.051914 0.035404 0.028102 0.051477 
0.004909 0.141418 0.144448 0.127066 0.101646 0.233917 0.052020 0.088562 0.045768 0.060246 
0.000319 0.099299 0.157770 0.149172 0.127690 0.226526 0.063124 0.079032 0.053574 0.043494 
0.007232 0.122684 0.235758 0.260818 0.105680 0.124599 0.040700 0.045181 0.035137 0.022210 
0.001761 0.077811 0.312959 0.154516 0.163061 0.081385 0.086420 0.043635 0.045570 0.032883 
0.001006 0.053972 0.128459 0.154086 0.096337 0.107816 0.158151 0.110786 0.075653 0.113734 
0.001234 0.057267 0.110695 0.249304 0.116956 0.167038 0.042406 0.139275 0.041900 0.073926 
0.001863 0.059333 0.144172 0.210609 0.176993 0.130740 0.032616 0.148708 0.038550 0.056415 
0.013482 0.490932 0.214597 0.097277 0.046040 0.024886 0.031266 0.056108 0.014780 0.010631 
0.005616 0.189492 0.126617 0.114402 0.098187 0.262537 0.046614 0.101468 0.025104 0.029962 
0.000470 0.103589 0.091002 0.152258 0.110476 0.290886 0.054155 0.108523 0.018816 0.069825 
0.005561 0.157389 0.203225 0.114084 0.073721 0.179880 0.041967 0.108592 0.022841 0.092739 
0.013351 0.330688 0.193059 0.074303 0.053489 0.133482 0.041008 0.074291 0.020310 0.066021 
0.006155 0.189933 0.087399 0.156507 0.047085 0.127104 0.058118 0.203346 0.038845 0.085509 
0.000781 0.062666 0.237688 0.210251 0.086339 0.155058 0.035318 0.133802 0.023669 0.054427 
0.002300 0.068352 0.143899 0.192939 0.082871 0.219921 0.043863 0.148194 0.034055 0.063607 
0.000145 0.070841 0.112673 0.162833 0.069661 0.234318 0.075821 0.173732 0.017012 0.082964 
0.003139 0.071600 0.093581 0.206833 0.098623 0.227626 0.052681 0.134277 0.022296 0.089344 
0.002463 0.068031 0.077558 0.225083 0.106993 0.249635 0.036747 0.129787 0.021374 0.082329 
0.002392 0.172315 0.257187 0.129278 0.076248 0.213622 0.032593 0.051986 0.016377 0.048003 
0.004820 0.308908 0.187489 0.108684 0.067677 0.166743 0.048211 0.050874 0.019599 0.036995 
0.006561 0.194352 0.147730 0.155741 0.095332 0.231208 0.058931 0.040313 0.020522 0.049311 
0.002381 0.093926 0.093357 0.162958 0.102062 0.369441 0.059467 0.050226 0.023752 0.042431 
0.000107 0.045400 0.088259 0.129820 0.100368 0.402478 0.073243 0.080622 0.017683 0.062019 
0.000545 0.047645 0.078211 0.098972 0.055203 0.480576 0.078892 0.071885 0.054869 0.033202 
0.003206 0.042629 0.246417 0.182672 0.092184 0.224656 0.070851 0.046926 0.060199 0.030259 
0.003385 0.056215 0.125915 0.149184 0.084395 0.317146 0.094758 0.068825 0.072419 0.027758 
0.005093 0.081406 0.132983 0.133615 0.115165 0.148855 0.112578 0.160150 0.055451 0.054704 
0.006835 0.069852 0.116227 0.316904 0.141405 0.116977 0.047366 0.121946 0.034850 0.027638 
0.021275 0.394746 0.199502 0.107092 0.066273 0.093298 0.032234 0.054011 0.017973 0.013597 
0.007100 0.215909 0.129134 0.227478 0.087654 0.168880 0.046914 0.070576 0.022711 0.023643 
0.004495 0.114665 0.080885 0.222921 0.109800 0.259693 0.045418 0.093872 0.041660 0.026589 
0.001491 0.088132 0.097780 0.220813 0.099274 0.242245 0.084314 0.088441 0.038798 0.038711 
0.005440 0.328242 0.174640 0.095969 0.058526 0.194036 0.022360 0.071475 0.021293 0.028019 
0.003170 0.202319 0.154340 0.137310 0.085020 0.193690 0.035036 0.119207 0.012434 0.057473 
0.003027 0.066031 0.300462 0.187278 0.098630 0.176965 0.034933 0.076333 0.017387 0.038953 
0.000817 0.074174 0.170264 0.213997 0.084140 0.254700 0.058339 0.072541 0.025890 0.045138 
0.000711 0.040872 0.070742 0.212420 0.092245 0.342595 0.077403 0.095003 0.025030 0.042979 
0.001499 0.048920 0.059003 0.177275 0.094218 0.223617 0.053499 0.220730 0.010996 0.110243 
0.000035 0.055182 0.060433 0.174015 0.082978 0.130838 0.035340 0.153443 0.044763 0.262971 
0.001501 0.035524 0.043968 0.145271 0.058498 0.087755 0.072825 0.251969 0.053826 0.248862 
0.010629 0.332128 0.167763 0.098284 0.046019 0.085982 0.109128 0.092952 0.018615 0.038501 
0.002168 0.160415 0.119941 0.120520 0.077284 0.171812 0.150379 0.144401 0.011834 0.041246 
0.002469 0.136366 0.106366 0.160490 0.156454 0.136835 0.166239 0.068818 0.022690 0.043273 
0.010494 0.122624 0.101857 0.164742 0.209428 0.126199 0.080878 0.119673 0.017743 0.046361 
0.003948 0.156820 0.137329 0.163788 0.112049 0.178843 0.050991 0.123167 0.037614 0.035452 
0.001920 0.059743 0.354860 0.247475 0.120482 0.064456 0.045805 0.047833 0.026062 0.031361 
0.000794 0.122384 0.148862 0.256646 0.172352 0.085850 0.073231 0.078778 0.026071 0.035031 
0.005698 0.154333 0.158182 0.281239 0.151740 0.075813 0.043720 0.058104 0.023979 0.047192 
0.006447 0.098039 0.103674 0.213788 0.194173 0.099375 0.036086 0.205703 0.018812 0.023902 
0.005779 0.382688 0.210569 0.107228 0.088040 0.078974 0.015094 0.078797 0.017734 0.015094 
0.012216 0.317626 0.098118 0.173118 0.096664 0.104820 0.035319 0.114738 0.022732 0.024649 
0.001257 0.096186 0.105353 0.245115 0.133533 0.217259 0.041048 0.118772 0.008533 0.032945 
0.001708 0.205472 0.130939 0.229389 0.118188 0.131058 0.040157 0.107043 0.009568 0.026477 
0.015171 0.319806 0.193708 0.091715 0.075335 0.189985 0.034442 0.049292 0.012837 0.017709 
0.003299 0.224693 0.093750 0.083778 0.075059 0.387358 0.044825 0.044061 0.020987 0.022190 
0.005236 0.102956 0.111500 0.128077 0.118922 0.375319 0.060388 0.055938 0.025622 0.016043 
0.004722 0.081002 0.224857 0.173129 0.101059 0.231387 0.072916 0.048877 0.033405 0.028647 
0.003050 0.094033 0.105432 0.315670 0.084720 0.126013 0.122189 0.076778 0.032255 0.039858 
0.000997 0.055287 0.068987 0.158513 0.070434 0.255406 0.138377 0.134841 0.081424 0.035734 
0.001379 0.051338 0.050085 0.133315 0.108444 0.296109 0.114170 0.086686 0.121975 0.036498 
0.000718 0.042972 0.053836 0.153619 0.102724 0.225736 0.055414 0.090450 0.234856 0.039673 
0.009535 0.279734 0.213194 0.065760 0.079669 0.130546 0.043555 0.038175 0.117556 0.022277 
0.002778 0.203427 0.108446 0.076915 0.066225 0.171107 0.040398 0.048674 0.247313 0.034719 
0.002941 0.082612 0.076752 0.098642 0.072382 0.227292 0.026150 0.054727 0.307266 0.051236 
0.000880 0.070270 0.104138 0.124121 0.087012 0.212424 0.043661 0.089662 0.234991 0.032843 
0.006795 0.179153 0.138340 0.113949 0.177240 0.152259 0.041044 0.083027 0.063741 0.044450 
0.002329 0.071542 0.280150 0.253493 0.134358 0.066890 0.063329 0.052716 0.047207 0.027986 
0.000966 0.086121 0.112153 0.286255 0.114667 0.092586 0.151663 0.061933 0.058251 0.035404 
0.001430 0.082974 0.087037 0.411688 0.113590 0.067836 0.105059 0.042957 0.025228 0.062202 
0.004119 0.109195 0.049733 0.343294 0.103599 0.114841 0.073471 0.119428 0.048564 0.033756 
0.004591 0.384532 0.193865 0.151715 0.071232 0.065618 0.031072 0.051612 0.024933 0.020829 
0.009910 0.263299 0.105283 0.205535 0.064036 0.190103 0.059511 0.056572 0.024012 0.021739 
0.015444 0.183208 0.082959 0.110037 0.103060 0.303506 0.063560 0.071257 0.039078 0.027891 
0.000284 0.169917 0.053062 0.121157 0.116896 0.329795 0.082737 0.055049 0.030252 0.040852 
0.011014 0.350230 0.225867 0.066620 0.093562 0.141546 0.034496 0.044032 0.017644 0.014989 
0.002619 0.192276 0.136639 0.075755 0.131232 0.320312 0.028682 0.067968 0.019874 0.024644 
0.000237 0.139431 0.063473 0.113371 0.098854 0.412054 0.063437 0.062699 0.022526 0.023918 
0.000548 0.048770 0.223416 0.236210 0.145285 0.204538 0.062171 0.038831 0.017519 0.022711 
0.000031 0.086847 0.077592 0.292252 0.115731 0.236967 0.084771 0.059877 0.016832 0.029098 
0.002757 0.071038 0.052234 0.183684 0.062111 0.384060 0.065575 0.105896 0.029211 0.043434 
0.000723 0.070170 0.047768 0.171588 0.080525 0.165080 0.035644 0.245530 0.021999 0.160973 
0.001638 0.082189 0.067677 0.140175 0.036525 0.115743 0.014971 0.172482 0.039664 0.328936 
0.012529 0.296649 0.204287 0.062554 0.039308 0.056365 0.021838 0.092483 0.035210 0.178775 
0.003720 0.234018 0.165690 0.089642 0.046027 0.084157 0.041836 0.176555 0.024328 0.134027 
0.001568 0.100070 0.081913 0.098667 0.043980 0.183119 0.025204 0.273974 0.058358 0.133147 
0.000199 0.079363 0.049679 0.097946 0.080127 0.196276 0.058615 0.292240 0.060770 0.084785 
0.000380 0.060610 0.105618 0.153883 0.071189 0.259085 0.045664 0.175825 0.038604 0.089142 
0.002889 0.067222 0.315386 0.245388 0.122027 0.086415 0.032273 0.056092 0.031769 0.040540 
0.001232 0.100075 0.227463 0.276805 0.093190 0.080644 0.052051 0.086741 0.046647 0.035154 
0.003921 0.106115 0.093018 0.314902 0.137573 0.101864 0.078570 0.081925 0.035248 0.046864 
0.000910 0.083852 0.058226 0.204579 0.158348 0.160963 0.084659 0.159959 0.052466 0.036038 
0.007555 0.310936 0.146380 0.084850 0.086557 0.171399 0.052869 0.072002 0.051489 0.015963 
0.004307 0.337648 0.096491 0.094374 0.080357 0.191220 0.057524 0.080696 0.044311 0.013071 
0.001637 0.131331 0.082254 0.128608 0.114171 0.308814 0.073171 0.087158 0.050913 0.021944 
0.003630 0.118097 0.050008 0.118329 0.103258 0.344038 0.093244 0.075235 0.064364 0.029798 
0.010520 0.303492 0.145512 0.092566 0.070803 0.169223 0.056757 0.099431 0.034629 0.017066 
0.002573 0.308394 0.191174 0.119631 0.109442 0.066494 0.033963 0.125944 0.018323 0.024061 
0.010369 0.227620 0.109625 0.155035 0.173776 0.112729 0.029030 0.133497 0.019727 0.028592 
0.004030 0.072774 0.247484 0.223101 0.138048 0.096379 0.054101 0.097933 0.022732 0.043417 
0.000803 0.087061 0.078094 0.208988 0.169755 0.204583 0.052312 0.105244 0.026310 0.066850 
0.001355 0.075100 0.066056 0.178117 0.138350 0.259976 0.067433 0.129789 0.032716 0.051108 
0.000222 0.071641 0.080849 0.190094 0.099704 0.159860 0.048306 0.114439 0.194909 0.039975 
0.001672 0.094201 0.094947 0.195299 0.063206 0.151973 0.042751 0.133132 0.195700 0.027118 
0.011862 0.268997 0.168489 0.096063 0.056806 0.158063 0.038373 0.082227 0.086980 0.032140 
0.001546 0.362864 0.145249 0.105348 0.058762 0.137848 0.035359 0.041793 0.088967 0.022263 
0.002016 0.111563 0.101841 0.142914 0.068828 0.353825 0.034629 0.095834 0.045156 0.043395 
0.001033 0.118834 0.113184 0.177809 0.110918 0.267560 0.049832 0.078014 0.029772 0.053043 
0.003390 0.130865 0.140074 0.194234 0.078968 0.250894 0.074865 0.054479 0.028484 0.043747 
0.004637 0.083040 0.303921 0.257579 0.126602 0.100135 0.041721 0.024394 0.025125 0.032845 
0.001665 0.118815 0.242109 0.254078 0.114798 0.105861 0.077896 0.044163 0.018526 0.022090 
0.005034 0.137304 0.103817 0.305961 0.141296 0.127934 0.090693 0.041577 0.023089 0.023293 
0.004620 0.136613 0.114306 0.245101 0.155318 0.098292 0.073342 0.117837 0.022694 0.031878 
0.025709 0.236478 0.168705 0.171691 0.151128 0.054460 0.033089 0.098465 0.029781 0.030493 
0.007929 0.488270 0.207593 0.096242 0.055285 0.040756 0.023623 0.047225 0.013399 0.019677 
0.004807 0.208598 0.131936 0.195910 0.076114 0.159020 0.036028 0.114740 0.028223 0.044625 
0.002446 0.123135 0.060815 0.156141 0.057295 0.378139 0.083137 0.079490 0.032534 0.026867 
0.007549 0.246702 0.145423 0.091409 0.045175 0.255516 0.064482 0.079261 0.036649 0.027834 
0.000207 0.244507 0.137096 0.097066 0.083399 0.221597 0.068026 0.086467 0.046635 0.015001 
0.003515 0.176220 0.064759 0.110009 0.054162 0.305447 0.081100 0.098207 0.076307 0.030274 
0.001722 0.052883 0.245933 0.207382 0.103362 0.186191 0.056221 0.072478 0.050383 0.023444 
0.000736 0.080101 0.168706 0.177176 0.194329 0.075059 0.084927 0.132751 0.031093 0.055123 
0.003168 0.077502 0.115902 0.338475 0.153743 0.052518 0.090533 0.094622 0.034012 0.039524 
0.003092 0.045882 0.066188 0.206893 0.143307 0.242872 0.069346 0.138688 0.036011 0.047722 
0.004017 0.067628 0.092422 0.235297 0.132100 0.179845 0.055830 0.105331 0.025320 0.102210 
0.011818 0.307715 0.225965 0.110758 0.068779 0.085316 0.052110 0.069844 0.019105 0.048590 
0.005840 0.280044 0.135349 0.126582 0.044506 0.149818 0.138734 0.055786 0.017435 0.045907 
0.005559 0.173233 0.109370 0.151500 0.077392 0.114113 0.164253 0.092499 0.030141 0.081940 
0.004547 0.122112 0.144415 0.169066 0.106522 0.127406 0.093937 0.132329 0.033155 0.066511 
0.002411 0.112073 0.103179 0.182303 0.235896 0.132826 0.067159 0.097080 0.020172 0.046901 
0.006285 0.115676 0.094486 0.183911 0.282179 0.114285 0.070343 0.055570 0.032560 0.044705 
0.001943 0.070198 0.297505 0.294514 0.112938 0.072803 0.067451 0.030798 0.017954 0.033896 
0.008086 0.088677 0.097084 0.424880 0.176929 0.047000 0.075289 0.038245 0.016897 0.026913 
0.005373 0.096265 0.113137 0.242438 0.168955 0.100646 0.085851 0.117657 0.035156 0.034521 
0.004444 0.068397 0.102099 0.330827 0.137963 0.074116 0.046767 0.180056 0.027920 0.027410 
0.009459 0.449804 0.187512 0.109744 0.060988 0.033172 0.028567 0.081616 0.016071 0.023066 
0.005585 0.158097 0.082673 0.295612 0.112098 0.063011 0.087064 0.103091 0.024184 0.068584 
0.003229 0.068236 0.055674 0.176293 0.065117 0.099923 0.334737 0.089987 0.023921 0.082883 
0.005824 0.094928 0.061250 0.142191 0.067958 0.120621 0.338673 0.086786 0.009727 0.072042 
0.006697 0.331130 0.164982 0.078138 0.081311 0.045334 0.162736 0.083099 0.013899 0.032675 
0.002596 0.159252 0.119842 0.263536 0.109434 0.069358 0.067170 0.141447 0.029119 0.038245 
0.003187 0.086404 0.264360 0.226782 0.133893 0.046548 0.075706 0.098676 0.027012 0.037433 
0.001544 0.075130 0.155254 0.188257 0.258045 0.059842 0.099810 0.102507 0.031110 0.028502 
0.001258 0.059226 0.101319 0.198537 0.266608 0.064307 0.103760 0.142335 0.022034 0.040616 
0.000063 0.034412 0.049452 0.126082 0.132413 0.049917 0.339353 0.210745 0.015697 0.041868 
0.000917 0.039118 0.078992 0.110807 0.097047 0.075598 0.399356 0.131100 0.022410 0.044653 
0.000268 0.065490 0.068603 0.116428 0.107970 0.091673 0.397522 0.097092 0.017856 0.037097 
0.006768 0.389945 0.214493 0.089576 0.082431 0.096512 0.033949 0.032490 0.019964 0.033870 
0.000600 0.178869 0.161307 0.223558 0.124026 0.162558 0.051700 0.039643 0.025369 0.032370 
0.005267 0.072055 0.102832 0.177932 0.101997 0.343058 0.092488 0.053865 0.020623 0.029884 
0.004889 0.093162 0.116080 0.154454 0.081196 0.386555 0.061931 0.052762 0.015580 0.033389 
0.004029 0.074745 0.066143 0.120699 0.088618 0.372273 0.109729 0.105912 0.024611 0.033241 
0.002989 0.060762 0.243244 0.196297 0.157095 0.070377 0.108712 0.089771 0.032511 0.038242 
0.001609 0.087227 0.167367 0.139685 0.180802 0.106307 0.151067 0.089790 0.026600 0.049546 
0.000260 0.073381 0.135653 0.136263 0.126580 0.121033 0.126751 0.173730 0.044457 0.061892 
0.007003 0.074941 0.122780 0.089895 0.131007 0.092686 0.086072 0.173278 0.071091 0.151248 
0.006760 0.353882 0.185776 0.088500 0.090412 0.036466 0.030935 0.079049 0.028489 0.099731 
0.000319 0.199213 0.095737 0.072756 0.092496 0.222135 0.057957 0.085454 0.036230 0.137702 
0.000013 0.089092 0.120097 0.092765 0.112975 0.230841 0.083473 0.086660 0.035057 0.149027 
0.001865 0.130046 0.128694 0.119060 0.178116 0.197529 0.064424 0.105723 0.034604 0.039939 
0.009606 0.368429 0.208941 0.136729 0.085168 0.096164 0.024714 0.035242 0.018543 0.016464 
0.005115 0.231405 0.184538 0.114801 0.146074 0.149449 0.070328 0.041221 0.024402 0.032668 
0.001527 0.142930 0.228992 0.239450 0.136606 0.117659 0.045173 0.041707 0.016867 0.029090 
0.000307 0.069028 0.181459 0.146072 0.107936 0.280466 0.060931 0.075282 0.026133 0.052387 
0.001251 0.062378 0.148796 0.155925 0.144287 0.143909 0.083616 0.167778 0.024828 0.067234 
0.001111 0.063378 0.155609 0.148116 0.145743 0.231127 0.058834 0.123201 0.019801 0.053079 
0.001776 0.060927 0.172726 0.162067 0.126133 0.224953 0.053291 0.113760 0.037951 0.046415 
0.001838 0.052715 0.196835 0.211590 0.158848 0.135437 0.069265 0.083020 0.031428 0.059026 
0.003026 0.307741 0.223593 0.095807 0.101952 0.101480 0.050115 0.057050 0.027673 0.031561 
0.006036 0.156144 0.227964 0.132158 0.125073 0.134390 0.046633 0.070779 0.059574 0.041248 
0.003925 0.150651 0.198728 0.136242 0.121327 0.084907 0.071768 0.121478 0.066611 0.044363 
0.003518 0.128894 0.182842 0.144264 0.113324 0.069113 0.070774 0.186799 0.046515 0.053957 
0.001492 0.167971 0.243140 0.115834 0.120186 0.118098 0.044202 0.079902 0.064921 0.044253 
0.003169 0.122198 0.269959 0.194011 0.088397 0.070964 0.092879 0.068406 0.059574 0.030443 
