Hump-de-Bumpn,RHCP
0.000000 0.000000 0.000000 0.000000 0.000000 0.000000 0.000000 0.000000 0.000000 0.000000 
0.000000 0.000000 0.000000 0.000000 0.000000 0.000000 0.000000 0.000000 0.000000 0.000000 
0.000000 0.000000 0.000000 0.000000 0.000000 0.000000 0.000000 0.000000 0.000000 0.000000 
0.000000 0.000000 0.000000 0.000000 0.000000 0.000000 0.000000 0.000000 0.000000 0.000000 
0.066304 0.251595 0.254889 0.193788 0.102380 0.014000 0.021539 0.047772 0.040303 0.007430 
0.003195 0.254674 0.421586 0.079877 0.073624 0.028301 0.049290 0.022595 0.047806 0.019054 
0.026925 0.245451 0.233240 0.183868 0.120638 0.037787 0.037752 0.033317 0.061151 0.019872 
0.027458 0.116473 0.266822 0.160672 0.141817 0.050143 0.077448 0.048375 0.089058 0.021735 
0.008476 0.084827 0.242631 0.169943 0.174754 0.059458 0.075752 0.064223 0.072168 0.047767 
0.015032 0.132256 0.267646 0.144169 0.171945 0.072010 0.070771 0.034387 0.065316 0.026468 
0.008215 0.094100 0.308268 0.155768 0.164443 0.073032 0.073707 0.034094 0.055476 0.032896 
0.008020 0.111491 0.308334 0.146876 0.157131 0.074077 0.057384 0.044740 0.061780 0.030167 
0.004099 0.102104 0.328082 0.128274 0.132051 0.067375 0.074639 0.051785 0.086119 0.025472 
0.007685 0.126072 0.305668 0.134367 0.120174 0.053473 0.099950 0.042260 0.084532 0.025819 
0.008106 0.152209 0.327897 0.147526 0.121397 0.034050 0.044616 0.045497 0.092429 0.026272 
0.016218 0.175942 0.346637 0.111316 0.117884 0.033990 0.029504 0.030703 0.092508 0.045297 
0.025196 0.226269 0.264463 0.145388 0.109008 0.050263 0.026471 0.028686 0.092471 0.031784 
0.023988 0.204440 0.309736 0.110148 0.091316 0.051304 0.030798 0.031620 0.107057 0.039590 
0.022888 0.202731 0.271593 0.124763 0.084574 0.052848 0.066356 0.037569 0.105264 0.031414 
0.023423 0.203712 0.255410 0.138974 0.092215 0.052785 0.067092 0.024163 0.099496 0.042730 
0.020048 0.194647 0.299650 0.114154 0.105117 0.049038 0.049664 0.030663 0.101208 0.035811 
0.014465 0.191861 0.264506 0.152433 0.142050 0.032757 0.051542 0.029412 0.094995 0.025978 
0.001515 0.034254 0.259848 0.180064 0.159236 0.033066 0.100624 0.050556 0.143882 0.036954 
0.005139 0.218158 0.368239 0.133100 0.057889 0.038279 0.045715 0.041832 0.085800 0.005850 
0.022565 0.211876 0.241407 0.129765 0.118517 0.071136 0.055257 0.041309 0.086023 0.022145 
0.013131 0.163232 0.184548 0.176648 0.104722 0.076362 0.076778 0.054312 0.109864 0.040401 
0.008489 0.102075 0.224287 0.126725 0.179660 0.074798 0.064784 0.043587 0.140438 0.035156 
0.011113 0.091459 0.213245 0.168598 0.193993 0.062578 0.067759 0.070189 0.100376 0.020690 
0.007145 0.096859 0.252342 0.138727 0.182438 0.054596 0.085110 0.063095 0.100135 0.019553 
0.010414 0.121764 0.205025 0.146732 0.173261 0.063166 0.087151 0.034254 0.126268 0.031964 
0.012116 0.129798 0.254665 0.117138 0.145511 0.068018 0.068933 0.046625 0.135391 0.021805 
0.010247 0.131376 0.239584 0.131474 0.182400 0.040272 0.053316 0.044102 0.136590 0.030639 
0.001577 0.119859 0.297441 0.132300 0.167292 0.043756 0.030834 0.048849 0.119352 0.038741 
0.007365 0.141034 0.305099 0.117549 0.121914 0.042068 0.071050 0.062745 0.102174 0.029002 
0.005299 0.128461 0.276854 0.125170 0.121405 0.049557 0.068123 0.060821 0.131680 0.032630 
0.011507 0.140549 0.333804 0.135958 0.118236 0.036698 0.024149 0.028398 0.141429 0.029272 
0.021833 0.205781 0.278525 0.126371 0.103768 0.046913 0.044061 0.043111 0.105813 0.023823 
0.016770 0.139192 0.340254 0.114872 0.105286 0.063907 0.043761 0.059661 0.090643 0.025654 
0.010055 0.063258 0.303350 0.149137 0.166571 0.078430 0.046249 0.038960 0.133019 0.010972 
0.002989 0.055756 0.207817 0.194318 0.122716 0.062912 0.089418 0.037401 0.176168 0.050504 
0.014009 0.095225 0.344488 0.177576 0.117092 0.078160 0.065446 0.029971 0.065394 0.012639 
0.021306 0.280216 0.356165 0.111805 0.056622 0.056086 0.044110 0.022342 0.032817 0.018531 
0.005119 0.200068 0.199673 0.148266 0.145119 0.052329 0.117396 0.039334 0.062866 0.029830 
0.005114 0.109549 0.287492 0.124918 0.121217 0.078344 0.103096 0.051947 0.082559 0.035763 
0.001479 0.068925 0.244306 0.151837 0.195735 0.079211 0.075255 0.053054 0.116709 0.013489 
0.002681 0.090437 0.252591 0.129796 0.155471 0.087113 0.078821 0.056828 0.112365 0.033897 
0.011544 0.119028 0.217652 0.097467 0.158965 0.079805 0.093020 0.050737 0.143568 0.028213 
0.011101 0.117381 0.235653 0.113721 0.126998 0.070340 0.063548 0.073355 0.149387 0.038517 
0.014182 0.138193 0.293212 0.077718 0.097731 0.032166 0.089646 0.075670 0.141328 0.040153 
0.021491 0.175272 0.226542 0.081881 0.103381 0.049375 0.102574 0.055200 0.133261 0.051023 
0.014947 0.154043 0.284420 0.078191 0.126831 0.051318 0.041630 0.059652 0.146415 0.042553 
0.015408 0.163201 0.228752 0.126563 0.121561 0.045420 0.070660 0.063985 0.130325 0.034127 
0.011461 0.136411 0.287738 0.099693 0.123320 0.068882 0.089537 0.053845 0.101141 0.027972 
0.009423 0.182367 0.306374 0.093269 0.125924 0.079706 0.056719 0.044266 0.083609 0.018342 
0.017558 0.129607 0.266160 0.115337 0.145396 0.071297 0.085111 0.048626 0.098740 0.022169 
0.004640 0.104205 0.340343 0.102164 0.143025 0.045157 0.095860 0.041717 0.095821 0.027070 
0.007110 0.104760 0.254592 0.170489 0.160809 0.057802 0.069896 0.046216 0.104081 0.024243 
0.010630 0.102906 0.172637 0.149105 0.151447 0.111389 0.078004 0.052860 0.140107 0.030915 
0.011417 0.213620 0.363784 0.136209 0.106281 0.030209 0.053571 0.030705 0.041978 0.012225 
0.012024 0.237769 0.189003 0.189926 0.152641 0.037790 0.045919 0.035053 0.071694 0.028182 
0.004057 0.089014 0.198393 0.212025 0.134129 0.085064 0.083251 0.044118 0.105723 0.044226 
0.003374 0.082122 0.213684 0.142835 0.192943 0.063758 0.051200 0.057723 0.147653 0.044708 
0.007782 0.094355 0.254923 0.143270 0.141070 0.099811 0.049498 0.056549 0.129842 0.022901 
0.006778 0.086873 0.223392 0.125016 0.159740 0.062256 0.110569 0.054861 0.137879 0.032636 
0.002958 0.076452 0.292542 0.134309 0.131484 0.063132 0.098081 0.051706 0.115872 0.033463 
0.018959 0.143304 0.286503 0.138376 0.136586 0.040357 0.032601 0.059205 0.108975 0.035133 
0.016772 0.146297 0.286419 0.115008 0.102588 0.064210 0.082978 0.051212 0.097223 0.037293 
0.013347 0.139408 0.379746 0.099994 0.096893 0.033802 0.058333 0.055872 0.088593 0.034013 
0.023161 0.188137 0.282806 0.126269 0.097898 0.034574 0.051873 0.068735 0.092997 0.033549 
0.017295 0.146025 0.315376 0.104738 0.122772 0.045173 0.095955 0.043876 0.086007 0.022783 
0.017156 0.149703 0.328209 0.111555 0.125329 0.049245 0.076008 0.042941 0.074509 0.025346 
0.019737 0.131247 0.318948 0.134317 0.162837 0.042907 0.035402 0.051651 0.083472 0.019482 
0.008827 0.105912 0.373184 0.099874 0.150490 0.054133 0.057168 0.054408 0.073080 0.022923 
0.004168 0.085130 0.238544 0.209175 0.157399 0.045572 0.088422 0.071303 0.077366 0.022920 
0.008445 0.144254 0.128214 0.180760 0.140371 0.057962 0.092807 0.084167 0.121493 0.041527 
0.006423 0.177177 0.398633 0.145082 0.082630 0.058299 0.054560 0.022295 0.044883 0.010019 
0.031784 0.260855 0.180068 0.167624 0.111543 0.064228 0.059369 0.038874 0.063224 0.022429 
0.021863 0.120836 0.215874 0.146721 0.188578 0.068383 0.060694 0.043397 0.103278 0.030377 
0.007128 0.097550 0.255539 0.146185 0.149226 0.100127 0.068873 0.025550 0.129177 0.020644 
0.007043 0.082912 0.269933 0.142581 0.141815 0.055828 0.125122 0.028585 0.112201 0.033979 
0.004910 0.069278 0.295659 0.149124 0.115306 0.070450 0.079970 0.048991 0.129006 0.037307 
0.006770 0.123874 0.288766 0.112713 0.136812 0.082339 0.071178 0.054326 0.099286 0.023937 
0.017966 0.144765 0.208142 0.111842 0.141500 0.076241 0.113227 0.062034 0.109691 0.014591 
0.015709 0.144209 0.262014 0.089654 0.149991 0.073649 0.072969 0.067703 0.090425 0.033676 
0.013940 0.161515 0.218072 0.109194 0.145856 0.048122 0.097725 0.067178 0.094442 0.043954 
0.013766 0.132373 0.287356 0.100614 0.151191 0.047257 0.086867 0.056284 0.088688 0.035604 
0.006935 0.125951 0.290873 0.154047 0.142546 0.074251 0.045855 0.061041 0.085473 0.013027 
0.007401 0.132971 0.293092 0.126673 0.146171 0.081800 0.089902 0.048570 0.059882 0.013537 
0.010898 0.106308 0.341238 0.096846 0.153659 0.060467 0.101818 0.054455 0.061571 0.012739 
0.015694 0.145378 0.276405 0.126975 0.162788 0.072530 0.068724 0.051648 0.048367 0.031491 
0.007885 0.114279 0.345932 0.115235 0.162723 0.074601 0.076671 0.040256 0.048846 0.013571 
0.017065 0.148228 0.330758 0.108980 0.154619 0.067727 0.089234 0.036331 0.029860 0.017198 
0.002879 0.061232 0.146826 0.308992 0.185038 0.057220 0.080726 0.068932 0.058363 0.029792 
0.011131 0.096266 0.175832 0.287858 0.142448 0.074068 0.050408 0.032573 0.087533 0.041884 
0.010170 0.065620 0.083376 0.228729 0.188626 0.070680 0.077668 0.067690 0.143539 0.063903 
0.013695 0.064455 0.097275 0.084942 0.218150 0.051565 0.156982 0.067353 0.182872 0.062711 
0.005952 0.053622 0.088339 0.125028 0.173186 0.086927 0.130782 0.121726 0.177366 0.037073 
0.006019 0.041669 0.091412 0.134110 0.167458 0.052644 0.082760 0.164414 0.216605 0.042907 
0.018663 0.234013 0.349077 0.134686 0.059522 0.043622 0.044180 0.042511 0.054552 0.019175 
0.019872 0.258595 0.170220 0.128820 0.117666 0.094311 0.079384 0.057440 0.044678 0.029014 
0.005418 0.132562 0.257265 0.174069 0.112282 0.120322 0.082510 0.048827 0.045844 0.020901 
0.025921 0.126040 0.252209 0.146175 0.127294 0.148205 0.072167 0.042239 0.035195 0.024556 
0.001308 0.131397 0.251270 0.145864 0.107652 0.175369 0.085681 0.045738 0.028928 0.026791 
0.001862 0.190172 0.349292 0.136474 0.081525 0.107251 0.064335 0.020830 0.022239 0.026019 
0.019131 0.116538 0.371448 0.159769 0.061886 0.086721 0.072445 0.037224 0.026768 0.048070 
0.004707 0.154286 0.175690 0.265668 0.058605 0.027672 0.102066 0.048864 0.098970 0.063472 
0.006167 0.124994 0.243095 0.261445 0.075173 0.045636 0.142305 0.028177 0.019232 0.053776 
0.004477 0.142126 0.103635 0.163148 0.072496 0.050466 0.184892 0.087044 0.127625 0.064092 
0.005578 0.065686 0.083806 0.180340 0.076432 0.103797 0.248757 0.057512 0.148698 0.029393 
0.003829 0.017899 0.104312 0.251127 0.138860 0.135270 0.119820 0.077040 0.111046 0.040796 
0.009244 0.130876 0.163925 0.237349 0.149760 0.068916 0.095668 0.053993 0.053299 0.036971 
0.005465 0.046216 0.069002 0.266376 0.215114 0.082525 0.131192 0.055827 0.092479 0.035805 
0.001828 0.071466 0.057513 0.182438 0.303301 0.116576 0.065472 0.076786 0.076126 0.048493 
0.005813 0.041070 0.126628 0.121841 0.132192 0.048798 0.221963 0.054680 0.221637 0.025378 
0.000972 0.047228 0.081836 0.105450 0.102863 0.060236 0.234073 0.066770 0.242840 0.057731 
0.021553 0.249116 0.304643 0.108873 0.081737 0.092356 0.043353 0.020674 0.064765 0.012929 
0.024013 0.270063 0.281342 0.098881 0.104291 0.103709 0.050593 0.024722 0.019746 0.022641 
0.018584 0.230530 0.233618 0.115070 0.111469 0.154070 0.078488 0.026841 0.024358 0.006972 
0.005521 0.119182 0.341476 0.118554 0.115949 0.145338 0.082446 0.035693 0.025053 0.010787 
0.010937 0.195825 0.311543 0.121125 0.106608 0.115096 0.079405 0.030852 0.017671 0.010937 
0.001571 0.226002 0.421149 0.131425 0.050785 0.071016 0.039990 0.016492 0.026209 0.015361 
0.023875 0.137291 0.193002 0.171005 0.131113 0.034291 0.142467 0.079617 0.057930 0.029410 
0.008473 0.223998 0.117887 0.217462 0.076187 0.027761 0.210273 0.057192 0.026749 0.034017 
0.031258 0.234447 0.151849 0.232703 0.093451 0.024853 0.088699 0.051162 0.026068 0.065510 
0.007189 0.045661 0.142207 0.086622 0.046444 0.052947 0.235389 0.055473 0.251774 0.076294 
0.003509 0.041972 0.071967 0.117569 0.052916 0.067388 0.282651 0.063401 0.257960 0.040667 
0.002405 0.057908 0.094031 0.118973 0.050005 0.044003 0.211200 0.059972 0.290580 0.070924 
0.005455 0.329627 0.265325 0.105853 0.059596 0.038065 0.078409 0.029466 0.052847 0.035357 
0.021286 0.318771 0.252801 0.082397 0.082385 0.022605 0.073680 0.064977 0.044631 0.036468 
0.001141 0.125306 0.221807 0.060960 0.042351 0.069336 0.145727 0.180869 0.101913 0.050590 
0.000942 0.052347 0.136484 0.142820 0.023683 0.036895 0.194321 0.051617 0.291415 0.069477 
0.006512 0.029191 0.032370 0.058433 0.068640 0.353810 0.269192 0.046785 0.099691 0.035377 
0.006860 0.027807 0.043391 0.062011 0.074307 0.110252 0.256259 0.314631 0.082372 0.022109 
0.007057 0.049998 0.086110 0.209296 0.099877 0.051973 0.051377 0.104032 0.284577 0.055703 
0.003687 0.021321 0.020970 0.148163 0.115227 0.027812 0.052741 0.147335 0.416739 0.046007 
0.000755 0.016948 0.022535 0.053174 0.147385 0.035808 0.060096 0.453793 0.172998 0.036508 
0.006751 0.018322 0.029247 0.070759 0.121572 0.056964 0.072904 0.481779 0.104546 0.037157 
0.007035 0.030940 0.044350 0.038837 0.089658 0.035018 0.111781 0.523350 0.074096 0.044935 
0.010873 0.090090 0.142221 0.074694 0.061594 0.044916 0.387843 0.116984 0.040768 0.030017 
0.008297 0.136332 0.102377 0.043442 0.060779 0.060421 0.325112 0.090358 0.142147 0.030735 
0.005830 0.044172 0.074945 0.061959 0.070252 0.114048 0.411340 0.061084 0.112420 0.043950 
0.002638 0.041785 0.059260 0.106999 0.052402 0.087757 0.408583 0.083922 0.075783 0.080871 
0.005155 0.047517 0.038198 0.206796 0.076783 0.272657 0.174253 0.059490 0.033931 0.085219 
0.005044 0.051545 0.103067 0.244449 0.091604 0.176330 0.131238 0.046285 0.046512 0.103926 
0.005713 0.138870 0.402583 0.116161 0.147693 0.059672 0.040444 0.042865 0.034017 0.011983 
0.016870 0.291101 0.300429 0.135974 0.101140 0.051827 0.046620 0.019383 0.021935 0.014720 
0.012166 0.195636 0.226142 0.188701 0.137813 0.093769 0.060192 0.040264 0.029266 0.016050 
0.006808 0.160134 0.287600 0.227367 0.100781 0.078843 0.060789 0.032173 0.031768 0.013738 
0.009647 0.220246 0.337176 0.198855 0.105106 0.047065 0.029413 0.018278 0.019788 0.014425 
0.002020 0.210146 0.419782 0.143361 0.079385 0.040690 0.030403 0.030862 0.028838 0.014512 
0.000986 0.206377 0.252369 0.112369 0.067920 0.051446 0.091902 0.079476 0.092013 0.045142 
0.008073 0.127895 0.201015 0.156149 0.050935 0.046628 0.167687 0.093972 0.066394 0.081252 
0.003172 0.108854 0.221183 0.260118 0.097964 0.025176 0.162566 0.050743 0.026218 0.044006 
0.010024 0.066179 0.094509 0.108743 0.042515 0.039305 0.239656 0.068262 0.256575 0.074231 
0.006147 0.054688 0.050038 0.130297 0.048868 0.070803 0.277815 0.074046 0.253997 0.033300 
0.011627 0.053054 0.073981 0.087667 0.101375 0.090421 0.168677 0.133659 0.176263 0.103275 
0.012915 0.076594 0.170432 0.291442 0.126431 0.092908 0.106791 0.048102 0.038823 0.035562 
0.005962 0.094676 0.090399 0.274253 0.209744 0.116982 0.095611 0.029432 0.046686 0.036255 
0.002811 0.082923 0.092515 0.152911 0.383152 0.089151 0.080916 0.040287 0.035200 0.040135 
0.005397 0.043672 0.082441 0.164492 0.237221 0.049285 0.214996 0.038309 0.142708 0.021479 
0.002505 0.074568 0.040191 0.166239 0.136692 0.100909 0.253248 0.065243 0.141689 0.018715 
0.036742 0.195515 0.289432 0.086858 0.107930 0.043542 0.090372 0.024970 0.072832 0.051808 
0.029602 0.307788 0.351439 0.115330 0.066000 0.037635 0.035776 0.023678 0.020070 0.012681 
0.002800 0.360026 0.226165 0.100237 0.113484 0.076467 0.035903 0.026455 0.036000 0.022463 
0.030909 0.294057 0.257271 0.070566 0.143435 0.089065 0.031336 0.030428 0.031153 0.021780 
0.007794 0.229742 0.346505 0.118851 0.108546 0.046945 0.056789 0.032804 0.028985 0.023039 
0.012542 0.274710 0.364422 0.145573 0.076540 0.046994 0.020438 0.016581 0.023446 0.018755 
0.000379 0.201787 0.174942 0.178251 0.055591 0.027919 0.143190 0.081358 0.075138 0.061445 
0.018031 0.356139 0.159987 0.176579 0.056772 0.028022 0.111539 0.049590 0.021842 0.021498 
0.033657 0.259131 0.150457 0.170594 0.087920 0.050795 0.106231 0.044627 0.021986 0.074602 
0.001549 0.101673 0.127096 0.145761 0.062173 0.034350 0.247271 0.060097 0.176378 0.043652 
0.003061 0.063231 0.073610 0.143731 0.054940 0.083359 0.315899 0.081327 0.162147 0.018696 
0.010728 0.118656 0.085060 0.140756 0.026894 0.052011 0.235932 0.048106 0.205804 0.076053 
0.003254 0.121287 0.407984 0.246388 0.068563 0.036398 0.050142 0.019606 0.027129 0.019249 
0.006335 0.186036 0.232939 0.198026 0.076943 0.063078 0.102076 0.049560 0.035504 0.049503 
0.004601 0.150813 0.219741 0.184637 0.120693 0.083963 0.077783 0.064224 0.046509 0.047035 
0.003905 0.174653 0.107745 0.196667 0.122967 0.077761 0.115796 0.033358 0.131032 0.036116 
0.007009 0.166299 0.260536 0.174563 0.076561 0.081233 0.082431 0.019163 0.109195 0.023010 
0.007288 0.219281 0.227748 0.177057 0.087051 0.064887 0.066911 0.024423 0.096826 0.028529 
0.021342 0.152782 0.059566 0.320002 0.129519 0.095108 0.101659 0.043621 0.036935 0.039466 
0.012478 0.135245 0.138970 0.270416 0.188524 0.066672 0.077984 0.036795 0.048660 0.024256 
0.006426 0.098022 0.089707 0.208756 0.293324 0.110289 0.072760 0.033449 0.040593 0.046675 
0.009257 0.168969 0.076559 0.195182 0.283549 0.049298 0.056758 0.049835 0.082550 0.028043 
0.012332 0.158937 0.119799 0.161135 0.261942 0.069035 0.048304 0.050754 0.068397 0.049366 
0.040136 0.185989 0.140648 0.146230 0.226413 0.088902 0.031340 0.036623 0.052901 0.050817 
0.018756 0.274404 0.198054 0.074010 0.061185 0.043892 0.148132 0.020380 0.144887 0.016299 
0.016527 0.118850 0.073123 0.150548 0.047006 0.036227 0.228772 0.047401 0.252114 0.029431 
0.002321 0.099285 0.080237 0.211375 0.078098 0.059617 0.146940 0.150383 0.135027 0.036716 
0.016504 0.059099 0.075258 0.260597 0.062385 0.037231 0.221287 0.073428 0.062218 0.131993 
0.015149 0.087614 0.056825 0.278577 0.084517 0.034990 0.214737 0.088251 0.037061 0.102278 
0.041927 0.249407 0.411684 0.094474 0.047879 0.040024 0.041864 0.029645 0.025709 0.017386 
0.033252 0.297671 0.406973 0.090100 0.038674 0.040159 0.044761 0.016600 0.022619 0.009192 
0.022009 0.267961 0.223589 0.176365 0.054306 0.126670 0.067553 0.025362 0.024205 0.011978 
0.002887 0.145414 0.343049 0.182792 0.048337 0.125389 0.075968 0.026020 0.034491 0.015654 
0.009001 0.183341 0.346189 0.186927 0.053784 0.097870 0.065903 0.017299 0.029841 0.009845 
0.013300 0.252634 0.435277 0.124001 0.057899 0.023636 0.044976 0.016420 0.015768 0.016088 
0.008703 0.261832 0.254807 0.133363 0.089543 0.022966 0.088638 0.074243 0.047518 0.018386 
0.015018 0.191528 0.159211 0.153235 0.080704 0.038086 0.180410 0.104559 0.047449 0.029799 
0.012619 0.175783 0.170771 0.204013 0.089382 0.013335 0.173378 0.072972 0.035066 0.052682 
0.006306 0.058823 0.145779 0.142536 0.047293 0.038739 0.256799 0.083787 0.148430 0.071508 
0.005058 0.041095 0.099023 0.152350 0.032146 0.079497 0.292160 0.066088 0.209235 0.023349 
0.003899 0.059635 0.098194 0.153758 0.033115 0.057572 0.333625 0.038005 0.177671 0.044526 
0.005495 0.105909 0.119848 0.302767 0.142630 0.115253 0.099495 0.042371 0.036843 0.029388 
0.008533 0.090269 0.122005 0.245859 0.211604 0.098542 0.100492 0.037308 0.045458 0.039929 
0.000220 0.066426 0.058639 0.193459 0.324804 0.073514 0.097891 0.066190 0.076729 0.042127 
0.008824 0.029806 0.079347 0.185962 0.208934 0.060004 0.153230 0.064771 0.153833 0.055289 
0.015318 0.047061 0.078817 0.136586 0.198713 0.079266 0.167907 0.046674 0.192039 0.037620 
0.008217 0.057871 0.033292 0.225146 0.139170 0.063851 0.181275 0.032126 0.187630 0.071421 
0.006675 0.166132 0.479648 0.117654 0.081741 0.051378 0.037963 0.017593 0.026427 0.014788 
0.023517 0.262606 0.232784 0.160212 0.110912 0.079106 0.044605 0.031998 0.033734 0.020527 
0.013485 0.205806 0.272449 0.185145 0.090324 0.090018 0.061109 0.033144 0.030979 0.017541 
0.003327 0.139447 0.376193 0.206292 0.074569 0.063280 0.036054 0.039077 0.045582 0.016178 
0.020329 0.190775 0.390169 0.153107 0.049198 0.077036 0.043754 0.017835 0.024256 0.033542 
0.015336 0.057263 0.415574 0.123945 0.069211 0.147905 0.032986 0.032191 0.054641 0.050949 
0.015506 0.278175 0.191394 0.142444 0.068198 0.018766 0.126254 0.066690 0.047791 0.044782 
0.010012 0.221491 0.126373 0.229204 0.046783 0.020165 0.209454 0.037893 0.041319 0.057305 
0.010089 0.088616 0.165875 0.105738 0.062502 0.051581 0.209236 0.079098 0.099956 0.127308 
0.006994 0.038094 0.087310 0.130171 0.039757 0.066154 0.248490 0.068544 0.267027 0.047459 
0.004760 0.061463 0.057458 0.137105 0.044295 0.083382 0.238409 0.033943 0.284745 0.054441 
0.000625 0.083486 0.229088 0.093887 0.076526 0.057757 0.120238 0.034537 0.210494 0.093363 
0.001520 0.304604 0.313147 0.062158 0.055134 0.039384 0.083320 0.068286 0.047889 0.024557 
0.008352 0.379502 0.233835 0.110365 0.050842 0.027774 0.055134 0.047270 0.050663 0.036263 
0.002484 0.066246 0.111358 0.119274 0.060705 0.036895 0.225985 0.092811 0.160419 0.123822 
0.001423 0.054319 0.064209 0.137269 0.031138 0.065826 0.228788 0.055561 0.308582 0.052883 
0.007048 0.045936 0.036295 0.123087 0.040068 0.063796 0.202387 0.066517 0.343749 0.071117 
0.001682 0.025236 0.072129 0.365900 0.167355 0.120484 0.104801 0.031016 0.067953 0.043443 
0.002110 0.092304 0.080359 0.281082 0.193908 0.048266 0.111552 0.057822 0.075013 0.057586 
0.002698 0.047795 0.055236 0.264017 0.291152 0.084592 0.090329 0.029057 0.101139 0.033986 
0.005969 0.043928 0.040508 0.243637 0.274199 0.079342 0.075763 0.058605 0.111257 0.066792 
0.005263 0.039571 0.042290 0.169361 0.353986 0.083681 0.089380 0.062571 0.103115 0.050784 
0.009304 0.107219 0.106528 0.117116 0.310442 0.050471 0.073002 0.071502 0.096592 0.057825 
0.012143 0.292598 0.241523 0.128169 0.067552 0.051239 0.138592 0.032160 0.023860 0.012164 
0.021693 0.135675 0.093374 0.184423 0.092475 0.100381 0.269103 0.037113 0.039751 0.026012 
0.001755 0.119334 0.123620 0.241955 0.085428 0.083567 0.201346 0.039115 0.068366 0.035513 
0.005021 0.021941 0.146781 0.140815 0.071061 0.045511 0.182472 0.140236 0.093216 0.152946 
0.010490 0.035450 0.109026 0.275440 0.065493 0.031840 0.213448 0.082711 0.030535 0.145567 
0.005956 0.045276 0.074415 0.222212 0.076138 0.022239 0.185158 0.067124 0.127812 0.173669 
0.004246 0.185135 0.471804 0.110889 0.099732 0.053689 0.028554 0.023205 0.014493 0.008253 
0.024657 0.292320 0.249340 0.133776 0.081424 0.082244 0.064588 0.022442 0.024256 0.024954 
0.019223 0.206076 0.228319 0.230522 0.085836 0.105146 0.073704 0.033263 0.010371 0.007540 
0.004316 0.157397 0.363165 0.222373 0.064337 0.055185 0.075694 0.024969 0.018217 0.014348 
0.006623 0.239098 0.360501 0.144343 0.034078 0.108016 0.051081 0.019266 0.024767 0.012226 
0.001566 0.125273 0.314141 0.188638 0.076242 0.103894 0.064241 0.063171 0.031636 0.031198 
0.011238 0.256878 0.206651 0.164318 0.037831 0.031505 0.151937 0.059845 0.051202 0.028595 
0.024050 0.117429 0.105014 0.198947 0.061931 0.019304 0.239445 0.066732 0.067694 0.099452 
0.010544 0.075140 0.129454 0.137596 0.045302 0.065002 0.199249 0.080260 0.156356 0.101098 
0.016139 0.063963 0.051588 0.137284 0.037007 0.080649 0.285300 0.067882 0.228166 0.032021 
0.012721 0.068800 0.062630 0.141105 0.019465 0.059455 0.305728 0.045283 0.189986 0.094826 
0.010093 0.049738 0.109368 0.296977 0.131878 0.116683 0.100972 0.049018 0.086308 0.048965 
0.001381 0.208114 0.110901 0.211428 0.211858 0.085258 0.059078 0.029330 0.038538 0.044114 
0.007078 0.082077 0.065773 0.248125 0.250032 0.064720 0.083518 0.060938 0.092010 0.045730 
0.009211 0.061740 0.090562 0.170094 0.254327 0.069856 0.128595 0.065088 0.094085 0.056442 
0.000096 0.044838 0.058423 0.215734 0.159262 0.070970 0.207759 0.063049 0.132818 0.047051 
0.005589 0.069150 0.085118 0.173245 0.140663 0.088559 0.222621 0.052081 0.131809 0.031165 
0.017722 0.255109 0.362336 0.089486 0.085416 0.067542 0.045565 0.025812 0.021095 0.029917 
0.004981 0.268597 0.306830 0.116550 0.084213 0.083568 0.043827 0.029539 0.035379 0.026515 
0.004174 0.275163 0.293751 0.143387 0.115508 0.031182 0.053344 0.032356 0.030402 0.020731 
0.025494 0.201414 0.286595 0.227209 0.107835 0.045261 0.055223 0.019458 0.013988 0.017523 
0.017945 0.242987 0.288304 0.224573 0.068334 0.046626 0.064101 0.018943 0.016031 0.012156 
0.018333 0.463990 0.340382 0.052006 0.030073 0.040600 0.022071 0.008373 0.017230 0.006943 
0.033935 0.293989 0.182306 0.082073 0.079452 0.135045 0.082336 0.046059 0.048937 0.015870 
0.026767 0.294037 0.098804 0.128458 0.066875 0.093511 0.147975 0.057081 0.039389 0.047103 
0.009780 0.307754 0.078385 0.148250 0.101055 0.036733 0.170378 0.051080 0.019272 0.077314 
0.003034 0.095619 0.099997 0.246963 0.060919 0.051360 0.188568 0.065912 0.124210 0.063418 
0.006735 0.069308 0.116867 0.225193 0.043184 0.080495 0.219013 0.044783 0.166963 0.027459 
0.012753 0.067406 0.132408 0.158737 0.041838 0.048751 0.267588 0.045239 0.169671 0.055609 
0.008063 0.326460 0.372918 0.107702 0.048391 0.026366 0.030425 0.027755 0.026875 0.025045 
0.020542 0.226243 0.279407 0.129516 0.093411 0.031658 0.097082 0.051239 0.044699 0.026201 
0.030369 0.255130 0.477655 0.068788 0.059028 0.018440 0.016263 0.022528 0.035873 0.015924 
0.023433 0.304401 0.138692 0.136316 0.067670 0.019850 0.102631 0.031032 0.132835 0.043142 
0.008798 0.251527 0.155406 0.115594 0.079473 0.044234 0.105342 0.034598 0.168264 0.036766 
0.002530 0.084586 0.125784 0.263242 0.138869 0.093248 0.106208 0.058798 0.082278 0.044457 
0.011953 0.173294 0.208821 0.196522 0.128798 0.062195 0.078580 0.078123 0.031077 0.030636 
0.005934 0.109443 0.080141 0.231742 0.265189 0.074131 0.076950 0.078311 0.050669 0.027490 
0.031487 0.285188 0.407045 0.064811 0.103620 0.021319 0.043370 0.016337 0.016243 0.010581 
0.042448 0.387359 0.208532 0.109385 0.099436 0.032270 0.041209 0.029118 0.023391 0.026852 
0.003146 0.247254 0.214092 0.138154 0.164958 0.075929 0.052614 0.037327 0.037366 0.029160 
0.020897 0.162164 0.380741 0.097686 0.090236 0.054660 0.081523 0.029361 0.054451 0.028282 
0.001065 0.159894 0.198875 0.181306 0.067151 0.090088 0.108268 0.035220 0.133076 0.025059 
0.028909 0.192048 0.146066 0.186928 0.110923 0.063532 0.099784 0.027306 0.094586 0.049918 
0.018220 0.314256 0.315114 0.107218 0.035400 0.043534 0.069928 0.030592 0.048015 0.017722 
0.008677 0.337448 0.168232 0.170994 0.061562 0.055530 0.110786 0.026312 0.013949 0.046510 
0.001298 0.228789 0.231311 0.240151 0.047919 0.054119 0.094560 0.020293 0.022767 0.058795 
0.004376 0.168315 0.290379 0.106078 0.134285 0.025578 0.036409 0.174619 0.045957 0.014003 
0.001435 0.135340 0.173306 0.100558 0.128957 0.067038 0.061732 0.079061 0.231114 0.021460 
0.011801 0.132139 0.124205 0.134992 0.068410 0.058339 0.045070 0.253882 0.128069 0.043093 
0.000733 0.069518 0.129999 0.127933 0.075136 0.056329 0.050226 0.340206 0.126657 0.023264 
0.008479 0.100109 0.145423 0.087194 0.042978 0.054440 0.056039 0.337573 0.126679 0.041085 
0.004922 0.084869 0.092205 0.058072 0.061783 0.037891 0.055875 0.538263 0.052196 0.013924 
0.002879 0.066248 0.106126 0.128533 0.161204 0.046228 0.121913 0.252286 0.059575 0.055007 
0.004181 0.056252 0.097624 0.221763 0.090497 0.033506 0.266254 0.104289 0.038362 0.087271 
0.001070 0.045889 0.054895 0.295923 0.036934 0.032945 0.273051 0.102851 0.039289 0.117154 
0.001922 0.030629 0.068400 0.269881 0.102228 0.066665 0.234754 0.077075 0.108049 0.040398 
0.000707 0.027615 0.050289 0.268931 0.123830 0.094412 0.248554 0.053327 0.094845 0.037490 
0.004925 0.104895 0.130105 0.316410 0.142186 0.080721 0.083938 0.045491 0.041840 0.049489 
0.003333 0.096464 0.069183 0.373522 0.168246 0.061541 0.103767 0.047205 0.048327 0.028412 
0.008521 0.036713 0.052701 0.384731 0.226447 0.041120 0.107566 0.049509 0.054264 0.038427 
0.009109 0.047555 0.083880 0.228341 0.165628 0.038116 0.161895 0.063038 0.134273 0.068167 
0.009354 0.042831 0.064339 0.150544 0.151041 0.074575 0.151700 0.056088 0.235790 0.063737 
0.002270 0.048286 0.053481 0.149177 0.119914 0.054534 0.212483 0.040071 0.233822 0.085961 
0.020292 0.281206 0.314771 0.095995 0.130506 0.042648 0.045835 0.037649 0.021361 0.009737 
0.026357 0.195423 0.131276 0.151783 0.071197 0.037415 0.041881 0.280129 0.042007 0.022533 
0.019564 0.140853 0.217634 0.123012 0.050369 0.048751 0.045453 0.294096 0.036568 0.023700 
0.005706 0.070137 0.155691 0.131496 0.058260 0.048731 0.051582 0.357338 0.087527 0.033532 
0.016630 0.123966 0.191338 0.117058 0.047970 0.031300 0.036539 0.321670 0.100681 0.012850 
0.001460 0.101834 0.164833 0.067038 0.033164 0.038750 0.050354 0.367306 0.146553 0.028709 
0.003294 0.127979 0.079746 0.077876 0.048984 0.025776 0.075125 0.294576 0.217135 0.049509 
0.003480 0.056370 0.065478 0.088196 0.040703 0.025189 0.096214 0.428276 0.157433 0.038661 
0.010254 0.105140 0.144590 0.087280 0.087806 0.055913 0.149699 0.225678 0.093078 0.040563 
0.004830 0.053791 0.086668 0.112138 0.065478 0.086824 0.302955 0.060091 0.204471 0.022755 
0.000620 0.072648 0.061482 0.145350 0.057278 0.082815 0.295409 0.062578 0.186345 0.035476 
0.010496 0.114828 0.153092 0.187797 0.045543 0.052509 0.146915 0.052132 0.148624 0.088064 
0.007482 0.248236 0.127071 0.185470 0.149233 0.026072 0.087569 0.078514 0.055871 0.034482 
0.004205 0.100253 0.073479 0.290453 0.076621 0.019982 0.235728 0.090630 0.046818 0.061831 
0.001494 0.033529 0.061448 0.273695 0.101278 0.058806 0.223891 0.060317 0.123515 0.062026 
0.004544 0.025813 0.042216 0.214082 0.094822 0.067913 0.284379 0.037203 0.172641 0.056388 
0.001821 0.040011 0.025497 0.249283 0.055365 0.031260 0.337774 0.048762 0.160985 0.049241 
0.017106 0.071815 0.138728 0.246695 0.190081 0.085444 0.163683 0.022176 0.029989 0.034283 
0.016661 0.085111 0.153887 0.304211 0.117211 0.072477 0.130781 0.043740 0.023981 0.051940 
0.007183 0.046996 0.027328 0.237995 0.185832 0.093313 0.220979 0.042075 0.080190 0.058109 
0.005172 0.056583 0.043924 0.343894 0.179957 0.066725 0.120844 0.055651 0.077036 0.050213 
0.000566 0.041586 0.078189 0.310061 0.276255 0.083178 0.042065 0.027634 0.086474 0.053991 
0.002790 0.085553 0.145848 0.115249 0.273941 0.108355 0.045102 0.064739 0.112031 0.046392 
0.014271 0.229662 0.187880 0.128552 0.099753 0.059541 0.111527 0.041835 0.088989 0.037990 
0.000223 0.088507 0.079210 0.089836 0.362673 0.048857 0.118359 0.093985 0.098696 0.019653 
0.008709 0.060959 0.075448 0.181661 0.216229 0.049310 0.143103 0.141395 0.095336 0.027849 
0.001238 0.031506 0.077482 0.105357 0.275427 0.042751 0.115724 0.197162 0.089656 0.063698 
0.004824 0.037751 0.069365 0.161718 0.266493 0.056876 0.149578 0.137936 0.056715 0.058745 
0.006505 0.036364 0.073526 0.196056 0.303744 0.047983 0.110774 0.131969 0.028076 0.065004 
0.018129 0.214460 0.387688 0.093021 0.114300 0.049660 0.037556 0.052825 0.024273 0.008089 
0.021547 0.296850 0.272393 0.128242 0.114848 0.037747 0.037604 0.061064 0.012812 0.016894 
0.022383 0.156300 0.225781 0.102452 0.181723 0.076390 0.048324 0.135698 0.030821 0.020128 
0.022383 0.220070 0.318405 0.117632 0.095385 0.088046 0.063118 0.031180 0.024996 0.018785 
0.022372 0.273462 0.286635 0.169176 0.065023 0.056799 0.052775 0.035320 0.023630 0.014809 
0.025292 0.237133 0.347195 0.172924 0.058881 0.053705 0.050304 0.018550 0.018440 0.017576 
0.006385 0.272723 0.166195 0.194589 0.049988 0.061376 0.140725 0.042072 0.033962 0.031985 
0.018183 0.081750 0.135245 0.364621 0.076403 0.027493 0.185089 0.053015 0.030373 0.027827 
0.011177 0.064032 0.059041 0.414479 0.074608 0.015948 0.229695 0.057140 0.029100 0.044780 
0.003491 0.050076 0.078634 0.356723 0.067812 0.020720 0.204488 0.059099 0.115684 0.043273 
0.005863 0.064264 0.064975 0.321482 0.052721 0.040234 0.235192 0.060457 0.127177 0.027636 
0.000920 0.049818 0.073480 0.351629 0.066713 0.026604 0.174077 0.053119 0.142403 0.061238 
0.003232 0.089433 0.092644 0.359896 0.157540 0.081589 0.083214 0.035709 0.046950 0.049792 
0.006237 0.102578 0.069846 0.336480 0.170512 0.064540 0.096828 0.059821 0.049230 0.043927 
0.002840 0.054616 0.066929 0.339805 0.245010 0.038532 0.098990 0.050296 0.063135 0.039848 
0.005801 0.046557 0.065127 0.254047 0.145730 0.070347 0.192895 0.039011 0.127860 0.052623 
0.009561 0.047330 0.033552 0.264847 0.148635 0.058296 0.217328 0.056388 0.127274 0.036789 
0.029096 0.118843 0.129634 0.213462 0.147440 0.047484 0.124964 0.035113 0.112438 0.041527 
0.008155 0.201281 0.439172 0.157362 0.056208 0.047343 0.054333 0.012566 0.013855 0.009723 
0.021878 0.326890 0.194457 0.217722 0.054271 0.059057 0.055856 0.024665 0.021445 0.023760 
0.003320 0.150822 0.277062 0.300295 0.069591 0.059145 0.066397 0.030913 0.019031 0.023424 
0.007914 0.183816 0.256364 0.242595 0.088254 0.062327 0.070943 0.037837 0.029426 0.020523 
0.008990 0.333379 0.288229 0.160132 0.055249 0.037330 0.057310 0.020585 0.025301 0.013494 
0.001560 0.189747 0.201264 0.275860 0.167868 0.049692 0.031645 0.037006 0.024883 0.020475 
0.007445 0.291557 0.151092 0.171867 0.044919 0.029533 0.154935 0.057639 0.057735 0.033280 
0.017691 0.176262 0.143758 0.268965 0.047666 0.020713 0.174120 0.050923 0.039875 0.060027 
0.010867 0.100785 0.192560 0.141881 0.061147 0.060636 0.231049 0.060153 0.075455 0.065467 
0.001432 0.062159 0.051323 0.134595 0.037099 0.084504 0.309909 0.075816 0.211202 0.031962 
0.002031 0.061249 0.099416 0.130721 0.038139 0.082882 0.274380 0.049969 0.207830 0.053385 
0.009699 0.093620 0.400767 0.214980 0.069287 0.056521 0.048171 0.017914 0.041196 0.047844 
0.015792 0.262450 0.265347 0.128793 0.108704 0.055944 0.068194 0.033758 0.033790 0.027228 
0.009070 0.166664 0.326108 0.150210 0.123980 0.056497 0.062060 0.050377 0.014017 0.041018 
0.001709 0.091237 0.268822 0.338282 0.085564 0.045243 0.088069 0.031257 0.023526 0.026290 
0.002896 0.052947 0.275795 0.241853 0.055539 0.060377 0.173156 0.021061 0.094013 0.022362 
0.006037 0.065152 0.276096 0.274267 0.049453 0.040427 0.105298 0.054803 0.105302 0.023166 
0.001294 0.041682 0.113288 0.327340 0.153575 0.101389 0.109027 0.042781 0.057738 0.051886 
0.003293 0.063637 0.107699 0.254159 0.249145 0.077480 0.082760 0.055274 0.058199 0.048354 
0.009673 0.028152 0.048383 0.214474 0.378563 0.076782 0.084078 0.021229 0.087704 0.050962 
0.000136 0.052039 0.032051 0.190468 0.321545 0.092263 0.077766 0.071312 0.100445 0.061975 
0.000628 0.070072 0.097458 0.075622 0.383330 0.091344 0.061262 0.060194 0.090910 0.069180 
0.024542 0.167842 0.214120 0.121443 0.205105 0.058346 0.050073 0.045354 0.057599 0.055576 
0.002544 0.261043 0.221102 0.126515 0.067634 0.027578 0.171394 0.035055 0.064333 0.022802 
0.015272 0.123487 0.080220 0.138773 0.079450 0.079620 0.299708 0.065005 0.089038 0.029428 
0.001026 0.103357 0.061939 0.260522 0.054338 0.075229 0.224596 0.038131 0.132990 0.047872 
0.003080 0.047828 0.099822 0.202767 0.056430 0.043126 0.193038 0.116021 0.112132 0.125756 
0.002864 0.065188 0.068362 0.207602 0.103562 0.056827 0.254853 0.086354 0.034071 0.120318 
0.010478 0.191552 0.500183 0.092925 0.054958 0.031958 0.057017 0.018508 0.011036 0.031386 
0.006594 0.172115 0.186601 0.083793 0.080664 0.176745 0.124017 0.075636 0.059786 0.034050 
0.006729 0.052350 0.130402 0.124069 0.082685 0.081071 0.324154 0.073932 0.033215 0.091392 
0.010358 0.108724 0.165340 0.134425 0.071186 0.049680 0.299351 0.048128 0.027579 0.085229 
0.002254 0.123997 0.170164 0.117931 0.082441 0.039413 0.271647 0.051065 0.038147 0.102941 
0.002262 0.112449 0.124431 0.098375 0.047575 0.047143 0.385563 0.034448 0.017446 0.130309 
0.001131 0.169573 0.090641 0.063809 0.065642 0.069495 0.403750 0.067420 0.019089 0.049450 
0.005742 0.089799 0.079280 0.156766 0.089777 0.070470 0.296273 0.097674 0.036139 0.078081 
0.003859 0.044837 0.069391 0.138636 0.102107 0.046417 0.418949 0.068730 0.031214 0.075860 
0.002831 0.033117 0.061239 0.242584 0.073652 0.033201 0.316354 0.052805 0.116738 0.067478 
0.001809 0.027292 0.056538 0.244026 0.095746 0.054437 0.283882 0.035704 0.150823 0.049743 
0.001707 0.027906 0.032787 0.279707 0.086410 0.078405 0.190663 0.059546 0.181243 0.061626 
0.008967 0.112076 0.113641 0.268695 0.121683 0.094744 0.120497 0.061778 0.064637 0.033282 
0.005193 0.060368 0.037670 0.367634 0.193276 0.065269 0.154164 0.044574 0.037080 0.034772 
0.010256 0.065821 0.080315 0.231442 0.300086 0.110026 0.102163 0.031006 0.042256 0.026628 
0.017799 0.056490 0.090298 0.175714 0.268549 0.059985 0.141090 0.038289 0.102048 0.049738 
0.013510 0.056028 0.087083 0.137509 0.177557 0.103766 0.177673 0.037480 0.170141 0.039254 
0.015331 0.102838 0.183168 0.141674 0.111779 0.030135 0.193752 0.020594 0.149716 0.051013 
0.000256 0.229018 0.285406 0.129684 0.098694 0.081202 0.042643 0.099543 0.025223 0.008330 
0.003151 0.190734 0.161405 0.059379 0.062085 0.066097 0.038713 0.374983 0.026766 0.016688 
0.000204 0.077605 0.146800 0.056874 0.077891 0.085485 0.091338 0.324006 0.102676 0.037121 
0.003896 0.067266 0.160688 0.065012 0.069804 0.084775 0.076801 0.341007 0.097072 0.033679 
0.012296 0.127254 0.218308 0.073317 0.070147 0.038641 0.043307 0.340998 0.048728 0.027004 
0.022067 0.123812 0.120294 0.046479 0.041420 0.039857 0.054597 0.451465 0.067469 0.032541 
0.012405 0.251105 0.149371 0.082646 0.062824 0.019817 0.101562 0.177942 0.098600 0.043728 
0.012441 0.109334 0.146150 0.239093 0.049859 0.034298 0.255921 0.044540 0.022935 0.085430 
0.003413 0.102940 0.156193 0.125520 0.050311 0.054990 0.207883 0.072007 0.140218 0.086524 
0.008949 0.078066 0.099002 0.134900 0.051862 0.072092 0.219392 0.041410 0.244779 0.049547 
0.004224 0.043813 0.036780 0.133459 0.057814 0.087282 0.289954 0.070705 0.232977 0.042992 
0.010836 0.166771 0.310060 0.072960 0.072037 0.057792 0.119859 0.031081 0.101022 0.057582 
0.006704 0.116399 0.093860 0.098793 0.439790 0.072134 0.041239 0.059126 0.049433 0.022522 
0.000783 0.086747 0.061872 0.075185 0.379548 0.056765 0.028614 0.083255 0.171768 0.055463 
0.003778 0.072772 0.058252 0.049778 0.298447 0.066051 0.133295 0.162478 0.098560 0.056589 
0.006577 0.043447 0.107672 0.103660 0.164416 0.057826 0.200168 0.051563 0.218636 0.046034 
0.001003 0.032883 0.028582 0.098648 0.191459 0.075826 0.164743 0.024660 0.317922 0.064274 
0.003380 0.041909 0.088087 0.253675 0.202273 0.121576 0.083039 0.076645 0.089978 0.039439 
0.009446 0.062138 0.060955 0.307214 0.196415 0.068309 0.100804 0.053622 0.106736 0.034362 
0.006575 0.048618 0.046640 0.203815 0.355695 0.097821 0.103334 0.036482 0.073864 0.027156 
0.004062 0.044564 0.050101 0.182999 0.337520 0.125492 0.061330 0.054238 0.091237 0.048457 
0.004063 0.061793 0.079961 0.174224 0.298244 0.114469 0.077980 0.086348 0.076545 0.026372 
0.003739 0.097448 0.101199 0.140928 0.268699 0.139155 0.045957 0.081261 0.078666 0.042948 
0.005256 0.302801 0.234960 0.090817 0.085109 0.038365 0.119241 0.023768 0.069808 0.029877 
0.002313 0.083942 0.031148 0.088567 0.222595 0.045472 0.151077 0.252587 0.111170 0.011130 
0.000062 0.036672 0.016584 0.124341 0.041814 0.025159 0.210985 0.294668 0.097954 0.151762 
0.000736 0.017712 0.071597 0.186454 0.040293 0.034679 0.234290 0.110194 0.084852 0.219192 
0.001643 0.042437 0.064300 0.199265 0.038252 0.051423 0.291186 0.048514 0.134646 0.128335 
0.009610 0.063304 0.156215 0.225825 0.025252 0.041755 0.202453 0.052716 0.167455 0.055414 
0.008583 0.165298 0.430007 0.101563 0.044984 0.067097 0.079034 0.029217 0.057830 0.016387 
0.015444 0.195922 0.194566 0.168559 0.074450 0.079678 0.130843 0.026702 0.079813 0.034023 
0.015208 0.109129 0.206970 0.243047 0.066849 0.039957 0.149818 0.053635 0.087135 0.028252 
0.010336 0.150985 0.226725 0.231054 0.067576 0.055910 0.130515 0.030955 0.077205 0.018739 
0.008952 0.181675 0.190780 0.198198 0.030985 0.095240 0.125623 0.021133 0.123568 0.023845 
0.021238 0.135129 0.154815 0.184501 0.065381 0.088013 0.170795 0.027921 0.138280 0.013928 
0.013710 0.133258 0.097646 0.169708 0.050054 0.070762 0.211091 0.042284 0.155635 0.055852 
0.005264 0.043238 0.085332 0.302643 0.091008 0.043462 0.202369 0.055881 0.126853 0.043951 
0.001846 0.062748 0.058306 0.215875 0.058509 0.061736 0.229934 0.120758 0.074031 0.116257 
0.002429 0.049642 0.098187 0.157129 0.042213 0.076292 0.244187 0.074207 0.224445 0.031269 
0.017600 0.040334 0.055222 0.164098 0.043177 0.075772 0.202900 0.035421 0.305094 0.060384 
0.009089 0.100874 0.097954 0.268827 0.153537 0.121264 0.086086 0.045180 0.081018 0.036172 
0.024910 0.133508 0.110942 0.251016 0.137665 0.073359 0.114912 0.044902 0.067700 0.041087 
0.005481 0.058348 0.054931 0.191311 0.338669 0.076328 0.115361 0.079367 0.052071 0.028132 
0.010003 0.057593 0.056626 0.158192 0.258588 0.090594 0.155101 0.048393 0.102459 0.062451 
0.007350 0.043787 0.043955 0.180079 0.201235 0.054825 0.213192 0.064721 0.155973 0.034884 
0.005364 0.052740 0.054381 0.145394 0.147190 0.086987 0.212514 0.065667 0.171354 0.058410 
