hungerofthepine, alt-j
0.000000 0.000000 0.000000 0.000000 0.000000 0.000000 0.000000 0.000000 0.000000 0.000000 
0.000000 0.000000 0.000000 0.000000 0.000000 0.000000 0.000000 0.000000 0.000000 0.000000 
0.000000 0.000000 0.000000 0.000000 0.000000 0.000000 0.000000 0.000000 0.000000 0.000000 
0.000000 0.000000 0.000000 0.000000 0.000000 0.000000 0.000000 0.000000 0.000000 0.000000 
0.000000 0.000000 0.000000 0.000000 0.000000 0.000000 0.000000 0.000000 0.000000 0.000000 
0.000000 0.000000 0.000000 0.000000 0.000000 0.000000 0.000000 0.000000 0.000000 0.000000 
0.000000 0.000000 0.000000 0.000000 0.000000 0.000000 0.000000 0.000000 0.000000 0.000000 
0.000000 0.000000 0.000000 0.000000 0.000000 0.000000 0.000000 0.000000 0.000000 0.000000 
0.000000 0.000000 0.000000 0.000000 0.000000 0.000000 0.000000 0.000000 0.000000 0.000000 
0.000000 0.000000 0.000000 0.000000 0.000000 0.000000 0.000000 0.000000 0.000000 0.000000 
0.000000 0.000000 0.000000 0.000000 0.000000 0.000000 0.000000 0.000000 0.000000 0.000000 
0.000000 0.000000 0.000000 0.000000 0.000000 0.000000 0.000000 0.000000 0.000000 0.000000 
0.000000 0.000000 0.000000 0.000000 0.000000 0.000000 0.000000 0.000000 0.000000 0.000000 
0.000000 0.000000 0.000000 0.000000 0.000000 0.000000 0.000000 0.000000 0.000000 0.000000 
0.000000 0.000000 0.000000 0.000000 0.000000 0.000000 0.000000 0.000000 0.000000 0.000000 
0.000000 0.000000 0.000000 0.000000 0.000000 0.000000 0.000000 0.000000 0.000000 0.000000 
0.000000 0.000000 0.000000 0.000000 0.000000 0.000000 0.000000 0.000000 0.000000 0.000000 
0.000000 0.000000 0.000000 0.000000 0.000000 0.000000 0.000000 0.000000 0.000000 0.000000 
0.000000 0.000000 0.000000 0.000000 0.000000 0.000000 0.000000 0.000000 0.000000 0.000000 
0.000000 0.000000 0.000000 0.000000 0.000000 0.000000 0.000000 0.000000 0.000000 0.000000 
0.000000 0.000000 0.000000 0.000000 0.000000 0.000000 0.000000 0.000000 0.000000 0.000000 
0.182372 0.164693 0.078576 0.102569 0.076659 0.073591 0.081501 0.081946 0.081594 0.076497 
0.432698 0.152515 0.062602 0.052064 0.061832 0.051205 0.063991 0.045401 0.039955 0.037737 
0.010284 0.066419 0.106650 0.416094 0.225322 0.047710 0.032492 0.028616 0.021561 0.044852 
0.017485 0.041053 0.082045 0.511423 0.166579 0.040770 0.030536 0.022688 0.022724 0.064697 
0.010833 0.039382 0.075952 0.526653 0.173784 0.047858 0.038574 0.026240 0.016848 0.043876 
0.002688 0.015100 0.054427 0.523826 0.183989 0.057782 0.045537 0.030770 0.015436 0.070445 
0.009373 0.038026 0.068667 0.550034 0.142335 0.038856 0.029209 0.019536 0.016618 0.087345 
0.012385 0.053029 0.091844 0.483173 0.159055 0.043808 0.035652 0.027568 0.027923 0.065563 
0.012325 0.048557 0.084221 0.586134 0.117169 0.028577 0.019145 0.010987 0.012602 0.080283 
0.011568 0.065605 0.111284 0.406490 0.242870 0.063692 0.036365 0.023250 0.012264 0.026612 
0.020795 0.056796 0.047937 0.124260 0.102942 0.145963 0.175930 0.113033 0.123229 0.089114 
0.002266 0.046960 0.088506 0.191272 0.288424 0.156541 0.074203 0.027976 0.062689 0.061162 
0.002248 0.014647 0.046843 0.517417 0.200223 0.064617 0.055150 0.041776 0.033549 0.023531 
0.012382 0.051252 0.086356 0.584956 0.155677 0.037204 0.026918 0.020100 0.016230 0.008925 
0.010342 0.044553 0.082796 0.521519 0.180504 0.050779 0.040204 0.029843 0.022871 0.016588 
0.002963 0.015547 0.054091 0.544363 0.187894 0.058425 0.047667 0.037120 0.030927 0.021002 
0.000026 0.030010 0.074930 0.499379 0.180132 0.047895 0.046158 0.032950 0.033897 0.054623 
0.009170 0.038857 0.072254 0.510385 0.172420 0.046589 0.038243 0.029528 0.025260 0.057294 
0.013875 0.061072 0.101502 0.529186 0.161907 0.037128 0.024803 0.013901 0.010036 0.046590 
0.010976 0.042686 0.075445 0.526072 0.148319 0.039360 0.033440 0.025109 0.027643 0.070951 
0.005224 0.018718 0.048040 0.509224 0.167370 0.048974 0.040266 0.034881 0.034912 0.092390 
0.011850 0.050586 0.086654 0.471464 0.158498 0.048232 0.036514 0.027590 0.034147 0.074466 
0.003913 0.015648 0.048837 0.577268 0.127452 0.043317 0.037436 0.032533 0.031854 0.081742 
0.009541 0.065295 0.104708 0.355783 0.256636 0.051887 0.054814 0.038280 0.033431 0.029626 
0.011337 0.220050 0.033332 0.067752 0.130471 0.093851 0.142039 0.099296 0.132161 0.069712 
0.006050 0.073941 0.079874 0.426888 0.234769 0.056750 0.031529 0.029184 0.039780 0.021237 
0.010227 0.033097 0.074310 0.533636 0.182126 0.051780 0.039329 0.031424 0.024346 0.019725 
0.006501 0.033491 0.064492 0.571700 0.170114 0.048527 0.038406 0.033815 0.021071 0.011883 
0.015275 0.062190 0.105387 0.536358 0.167279 0.041311 0.028645 0.021318 0.014049 0.008187 
0.011488 0.045265 0.081248 0.560077 0.161060 0.043499 0.040322 0.022580 0.020611 0.013850 
0.003024 0.030291 0.075689 0.549949 0.124054 0.045464 0.047913 0.032165 0.030264 0.061188 
0.001456 0.013254 0.048525 0.533309 0.188064 0.055554 0.048605 0.036386 0.029814 0.045033 
0.008099 0.038192 0.074104 0.482260 0.179119 0.052413 0.043763 0.034613 0.034005 0.053432 
0.011474 0.041880 0.074420 0.556301 0.140230 0.034078 0.023420 0.019366 0.022971 0.075860 
0.001056 0.015337 0.050354 0.502257 0.177686 0.056875 0.046563 0.037900 0.032484 0.079491 
0.000289 0.013245 0.054755 0.504679 0.177048 0.062161 0.050004 0.034540 0.023954 0.079325 
0.018104 0.035456 0.073079 0.496087 0.167984 0.051105 0.037857 0.033228 0.027709 0.059391 
0.022052 0.105601 0.105417 0.137588 0.144505 0.072831 0.161058 0.085018 0.091515 0.074415 
0.162015 0.151409 0.058400 0.045045 0.127258 0.068116 0.097544 0.122535 0.095851 0.071828 
0.009273 0.068524 0.063440 0.515201 0.188537 0.050005 0.024954 0.027359 0.032547 0.020161 
0.011287 0.061027 0.093171 0.559898 0.161654 0.043460 0.030666 0.019452 0.012528 0.006858 
0.000166 0.022758 0.050806 0.552245 0.183666 0.059152 0.049999 0.027890 0.033722 0.019595 
0.012486 0.046781 0.077320 0.506960 0.182553 0.052734 0.042151 0.034606 0.026469 0.017940 
0.002193 0.050897 0.090241 0.577806 0.159594 0.037481 0.030366 0.015918 0.025397 0.010108 
0.009363 0.023522 0.084231 0.580174 0.111585 0.033622 0.043743 0.031954 0.021484 0.060323 
0.008193 0.037895 0.074059 0.534350 0.168854 0.046853 0.037769 0.026840 0.018199 0.046988 
0.002440 0.014646 0.055822 0.486656 0.193059 0.062576 0.052272 0.037504 0.028286 0.066740 
0.007822 0.029058 0.057605 0.577885 0.143373 0.040049 0.035235 0.020679 0.018885 0.069410 
0.016905 0.050641 0.081735 0.513319 0.163810 0.042597 0.033313 0.017996 0.019153 0.060529 
0.007909 0.040141 0.091443 0.531273 0.129354 0.039996 0.037050 0.018301 0.024899 0.079633 
0.010839 0.078613 0.100005 0.444414 0.200364 0.042246 0.020952 0.023136 0.017514 0.061918 
0.026538 0.110693 0.074788 0.140647 0.083157 0.115351 0.131728 0.095143 0.142891 0.079064 
0.046312 0.079412 0.071723 0.053459 0.166992 0.115221 0.137810 0.176421 0.092447 0.060203 
0.000822 0.043829 0.053065 0.570302 0.144938 0.062297 0.033977 0.037965 0.030635 0.022170 
0.010540 0.048767 0.079898 0.560794 0.173617 0.051324 0.024192 0.017892 0.021537 0.011439 
0.012308 0.048436 0.085823 0.533363 0.162129 0.052913 0.041418 0.020374 0.024229 0.019007 
0.001336 0.030588 0.062498 0.500317 0.197769 0.059160 0.057352 0.039947 0.033366 0.017665 
0.008529 0.048294 0.076635 0.383009 0.250534 0.048270 0.046237 0.055424 0.043208 0.039861 
0.004685 0.024395 0.059088 0.504634 0.181230 0.054234 0.045805 0.031226 0.031774 0.062929 
0.012695 0.058782 0.101174 0.558860 0.147878 0.034931 0.021476 0.011199 0.010196 0.042808 
0.010328 0.049010 0.084207 0.496825 0.164964 0.043014 0.036674 0.025131 0.024068 0.065780 
0.000977 0.015679 0.043312 0.544687 0.149125 0.047111 0.046502 0.034853 0.029171 0.088584 
0.021585 0.062062 0.097319 0.510307 0.154747 0.036069 0.027080 0.016560 0.012880 0.061391 
0.020944 0.040876 0.069601 0.539272 0.125237 0.040369 0.027350 0.027519 0.029755 0.079077 
0.003382 0.069352 0.077752 0.320217 0.240106 0.095597 0.053133 0.050011 0.031412 0.059039 
0.023045 0.237033 0.071794 0.086110 0.108507 0.107898 0.103864 0.124786 0.080839 0.056125 
0.038733 0.138569 0.100082 0.090997 0.162082 0.086125 0.130556 0.089482 0.085702 0.077672 
0.006629 0.050299 0.055008 0.576088 0.157548 0.047789 0.032905 0.035375 0.020873 0.017486 
0.004232 0.022759 0.048955 0.566280 0.172366 0.041846 0.044176 0.046968 0.032044 0.020374 
0.020811 0.082905 0.079420 0.534695 0.167904 0.039770 0.027706 0.019003 0.019728 0.008058 
0.011527 0.055778 0.084554 0.535998 0.164798 0.047588 0.036337 0.026273 0.021503 0.015644 
0.010441 0.039786 0.074984 0.471076 0.189414 0.052187 0.041463 0.038146 0.031688 0.050814 
0.003193 0.018243 0.053113 0.519555 0.193801 0.056889 0.046287 0.032751 0.020399 0.055769 
0.007098 0.036102 0.074983 0.512867 0.172768 0.052959 0.041004 0.030395 0.027235 0.044590 
0.007531 0.053954 0.084651 0.516559 0.152149 0.039141 0.029440 0.023648 0.027899 0.065027 
0.015449 0.058483 0.061738 0.514074 0.139355 0.042437 0.034801 0.026888 0.022420 0.084355 
0.008468 0.066800 0.082682 0.466263 0.164894 0.048036 0.040515 0.032259 0.020227 0.069856 
0.008077 0.043384 0.046052 0.555458 0.135147 0.037948 0.035201 0.032004 0.031070 0.075661 
0.002185 0.157653 0.060069 0.339355 0.189378 0.059578 0.075663 0.047256 0.040239 0.028624 
0.045073 0.311808 0.189851 0.111728 0.118501 0.035956 0.054747 0.050295 0.047893 0.034148 
0.012679 0.037588 0.160777 0.318039 0.273044 0.049399 0.052071 0.028416 0.048443 0.019544 
0.010932 0.074685 0.110093 0.509758 0.156264 0.039209 0.034086 0.022960 0.029342 0.012671 
0.022031 0.052217 0.039845 0.545406 0.167690 0.051535 0.039115 0.034517 0.026233 0.021410 
0.001266 0.045647 0.088795 0.508909 0.191480 0.048966 0.046414 0.026609 0.023041 0.018871 
0.033926 0.061223 0.097758 0.544248 0.160440 0.031918 0.025775 0.018063 0.018059 0.008591 
0.003134 0.041607 0.075667 0.512128 0.156005 0.048376 0.039397 0.034569 0.028791 0.060327 
0.010265 0.040108 0.077980 0.510113 0.172185 0.046351 0.035184 0.027131 0.021457 0.059227 
0.001474 0.011470 0.051691 0.496515 0.190180 0.063006 0.052623 0.038074 0.037764 0.057203 
0.001561 0.036562 0.055636 0.534158 0.155795 0.044179 0.034625 0.030553 0.030494 0.076436 
0.000421 0.051675 0.081636 0.544359 0.148185 0.036119 0.024671 0.017884 0.011584 0.083465 
0.009903 0.044991 0.078905 0.480203 0.165125 0.048649 0.042072 0.026827 0.026873 0.076452 
0.010851 0.065732 0.089887 0.593206 0.102958 0.025306 0.013089 0.009987 0.011939 0.077045 
0.010789 0.057973 0.142020 0.263838 0.253576 0.099560 0.046958 0.074473 0.035982 0.014832 
0.024769 0.094124 0.231444 0.181670 0.093046 0.081958 0.072239 0.086009 0.080491 0.054251 
0.017366 0.056271 0.085349 0.429897 0.224680 0.064915 0.041446 0.026015 0.029080 0.024982 
0.013663 0.034778 0.080591 0.536855 0.180487 0.046058 0.038048 0.026964 0.026283 0.016273 
0.005729 0.045489 0.073371 0.575312 0.159566 0.048186 0.036433 0.023201 0.020430 0.012283 
0.010966 0.021708 0.057100 0.501905 0.201245 0.061830 0.047902 0.039922 0.033004 0.024418 
0.006495 0.032355 0.065956 0.559100 0.167698 0.049426 0.042983 0.030819 0.027239 0.017929 
0.005894 0.038282 0.075115 0.555295 0.122377 0.041878 0.038598 0.033594 0.028095 0.060872 
0.015340 0.053205 0.093799 0.553121 0.153992 0.036048 0.025917 0.014764 0.009883 0.043930 
0.011232 0.049764 0.087562 0.493317 0.176650 0.046852 0.036263 0.025238 0.015918 0.057205 
0.002345 0.014528 0.045592 0.569910 0.158646 0.049259 0.039389 0.026646 0.016335 0.077350 
0.006933 0.051502 0.088592 0.532365 0.160338 0.033893 0.025704 0.015272 0.010780 0.074621 
0.010328 0.056661 0.094411 0.510482 0.141700 0.036105 0.028672 0.021415 0.024077 0.076148 
0.008928 0.045074 0.082188 0.480706 0.191907 0.039597 0.032545 0.020670 0.025929 0.072457 
0.064554 0.096343 0.128272 0.174265 0.124178 0.122451 0.090710 0.108096 0.056658 0.034471 
0.127905 0.206995 0.108385 0.063920 0.094723 0.086114 0.111127 0.094584 0.082260 0.023988 
0.021725 0.056510 0.068379 0.501382 0.165415 0.054612 0.044636 0.030076 0.031378 0.025887 
0.002009 0.030168 0.040816 0.526683 0.179348 0.065950 0.054878 0.036497 0.036151 0.027499 
0.016217 0.082585 0.081200 0.522778 0.154331 0.044891 0.033041 0.022087 0.022278 0.020592 
0.003577 0.085543 0.088790 0.486746 0.178395 0.047931 0.034259 0.035272 0.020612 0.018874 
0.000602 0.055113 0.097777 0.550669 0.136707 0.076666 0.021931 0.020321 0.027201 0.013013 
0.001142 0.029928 0.036445 0.658900 0.114652 0.026300 0.059073 0.021535 0.015530 0.036494 
0.002158 0.019613 0.049865 0.656747 0.115122 0.045590 0.036522 0.025035 0.020979 0.028369 
0.004459 0.017336 0.026399 0.738588 0.074993 0.028208 0.051356 0.002672 0.009365 0.046623 
0.010985 0.037568 0.070578 0.568909 0.123189 0.039296 0.065352 0.025215 0.015650 0.043259 
0.017059 0.052564 0.094679 0.561686 0.147564 0.035995 0.040497 0.016594 0.010004 0.023358 
0.010402 0.031839 0.091221 0.598982 0.081796 0.032959 0.082152 0.020749 0.008128 0.041772 
0.009817 0.075128 0.074592 0.563007 0.128527 0.044120 0.040064 0.024522 0.027741 0.012483 
0.047734 0.182094 0.153049 0.354494 0.106812 0.039865 0.033423 0.028228 0.023856 0.030445 
0.001404 0.064627 0.104497 0.563249 0.108229 0.051610 0.053941 0.010542 0.033138 0.008763 
0.013549 0.041209 0.064408 0.539261 0.087200 0.042695 0.156576 0.006514 0.034680 0.013910 
0.002419 0.042222 0.056041 0.667146 0.046768 0.073811 0.073970 0.004598 0.025118 0.007907 
0.004707 0.070866 0.073731 0.483247 0.176109 0.058534 0.066466 0.025397 0.017813 0.023129 
0.016051 0.112067 0.110495 0.450763 0.148852 0.034469 0.050801 0.043418 0.022885 0.010200 
0.011971 0.065833 0.113479 0.383446 0.201795 0.055104 0.062437 0.044330 0.026415 0.035189 
0.012038 0.028028 0.031085 0.530751 0.145087 0.041311 0.102544 0.045597 0.024728 0.038832 
0.005194 0.041079 0.086916 0.507298 0.167715 0.046986 0.073592 0.027910 0.017577 0.025732 
0.014798 0.056016 0.096041 0.510778 0.146908 0.044657 0.071878 0.014339 0.007370 0.037216 
0.007122 0.036229 0.068670 0.502866 0.167289 0.052641 0.079158 0.029164 0.021271 0.035590 
0.011221 0.023542 0.060014 0.510349 0.192830 0.058888 0.081509 0.021780 0.020754 0.019111 
0.012587 0.062020 0.093969 0.471961 0.143688 0.061682 0.059578 0.034237 0.020844 0.039434 
0.011105 0.067076 0.085743 0.514713 0.166117 0.037384 0.067469 0.014878 0.012030 0.023486 
0.011607 0.036362 0.090320 0.529515 0.159117 0.051146 0.055703 0.023152 0.019598 0.023481 
0.005539 0.061821 0.092549 0.507373 0.090196 0.020011 0.111154 0.038647 0.026914 0.045796 
0.019523 0.044255 0.045873 0.499660 0.137601 0.014452 0.071122 0.065000 0.028073 0.074439 
0.006306 0.033070 0.049010 0.177639 0.519452 0.039228 0.028871 0.092794 0.033355 0.020276 
0.010764 0.033315 0.051829 0.196754 0.521300 0.048934 0.039918 0.046242 0.034712 0.016232 
0.017789 0.035370 0.038676 0.241080 0.571873 0.022546 0.010468 0.039080 0.011534 0.011583 
0.021408 0.036732 0.060823 0.377546 0.250241 0.084751 0.051847 0.049250 0.037850 0.029552 
0.010865 0.048200 0.065061 0.455689 0.168140 0.028778 0.099050 0.045294 0.024596 0.054328 
0.007098 0.028289 0.058077 0.470702 0.164617 0.053191 0.127709 0.022718 0.017005 0.050594 
0.002097 0.022147 0.050833 0.475925 0.158866 0.053862 0.143266 0.021836 0.015403 0.055766 
0.002058 0.012918 0.043824 0.400841 0.188374 0.062160 0.192025 0.022540 0.021007 0.054252 
0.000210 0.046046 0.070478 0.435966 0.167528 0.045144 0.133201 0.041796 0.021052 0.038578 
0.027821 0.090061 0.070288 0.501666 0.116671 0.045379 0.087715 0.018465 0.008040 0.033894 
0.101137 0.230248 0.086361 0.239189 0.107206 0.036705 0.125854 0.022996 0.027490 0.022815 
0.051298 0.192431 0.082169 0.326940 0.102769 0.041511 0.115688 0.034133 0.022986 0.030075 
0.021012 0.101722 0.081100 0.337802 0.211341 0.071811 0.057710 0.050981 0.034968 0.031554 
0.016754 0.052187 0.052653 0.542948 0.135517 0.051778 0.064021 0.033401 0.034400 0.016341 
0.011270 0.039114 0.073501 0.488934 0.100502 0.099603 0.118751 0.033647 0.021584 0.013095 
0.000856 0.059624 0.067508 0.484680 0.079911 0.066636 0.168110 0.027312 0.034736 0.010628 
0.014010 0.050168 0.066338 0.521954 0.092944 0.064640 0.121281 0.027545 0.034372 0.006748 
0.009327 0.036287 0.057314 0.556872 0.124220 0.044801 0.072884 0.024165 0.034905 0.039225 
0.006048 0.033182 0.067080 0.677227 0.058860 0.065832 0.028605 0.010201 0.016955 0.036011 
0.003628 0.019780 0.037064 0.703644 0.075290 0.060936 0.030899 0.019636 0.017716 0.031407 
0.010047 0.038123 0.162930 0.608765 0.034639 0.060888 0.021371 0.017740 0.018524 0.026973 
0.009347 0.096833 0.135088 0.454334 0.084234 0.078111 0.048923 0.033172 0.027834 0.032123 
0.039356 0.051300 0.109934 0.543151 0.066051 0.079582 0.038636 0.026969 0.027062 0.017960 
0.057087 0.055883 0.155834 0.535345 0.056732 0.079466 0.025738 0.013394 0.006698 0.013824 
0.009001 0.084495 0.169230 0.502319 0.049905 0.085497 0.029936 0.030879 0.023075 0.015664 
0.013316 0.067167 0.110841 0.536207 0.039805 0.114270 0.051682 0.031561 0.020969 0.014183 
0.022317 0.035224 0.108854 0.603554 0.076644 0.093168 0.013169 0.025172 0.015209 0.006690 
0.026014 0.057791 0.128554 0.519293 0.116420 0.064397 0.026026 0.027799 0.024101 0.009604 
0.013724 0.081369 0.141839 0.558292 0.038283 0.074394 0.032903 0.023019 0.020184 0.015993 
0.074444 0.061276 0.179140 0.485427 0.054356 0.080541 0.021082 0.019402 0.013722 0.010612 
0.018697 0.080972 0.149318 0.516416 0.045368 0.078029 0.042961 0.027533 0.027128 0.013578 
0.009495 0.061527 0.118926 0.597491 0.063636 0.050172 0.027338 0.021872 0.016192 0.033352 
0.016960 0.037401 0.078707 0.671643 0.067012 0.064011 0.019161 0.010471 0.007632 0.027003 
0.005427 0.067068 0.111541 0.484365 0.132345 0.072635 0.039695 0.034021 0.023351 0.029553 
0.008557 0.072300 0.071091 0.615221 0.065294 0.057852 0.019199 0.027996 0.034296 0.028193 
0.013486 0.113440 0.123604 0.456419 0.092836 0.070504 0.044695 0.025757 0.025403 0.033856 
0.039992 0.055963 0.095424 0.595358 0.046209 0.083315 0.021401 0.014785 0.019064 0.028490 
0.023700 0.061660 0.125979 0.550359 0.085189 0.086237 0.025953 0.014375 0.010428 0.016120 
0.020021 0.074354 0.155897 0.514249 0.070410 0.099120 0.018791 0.022060 0.014503 0.010594 
0.032184 0.073622 0.137712 0.518734 0.079297 0.089922 0.016569 0.014850 0.022859 0.014252 
0.017641 0.063857 0.188542 0.498776 0.064392 0.085217 0.032717 0.022392 0.016709 0.009759 
0.002524 0.095709 0.127429 0.518566 0.065938 0.072097 0.045701 0.028415 0.029947 0.013674 
0.032122 0.080707 0.144415 0.546502 0.077493 0.076598 0.010542 0.012528 0.007286 0.011806 
0.062468 0.093399 0.118572 0.484035 0.109801 0.063102 0.016049 0.020504 0.019538 0.012533 
0.012860 0.052745 0.169977 0.463550 0.089256 0.094637 0.059637 0.027192 0.012388 0.017757 
0.023017 0.029918 0.069513 0.558902 0.118445 0.064364 0.036382 0.028731 0.025804 0.044924 
0.007137 0.019731 0.125274 0.547504 0.135593 0.055840 0.037590 0.026808 0.016099 0.028424 
0.013947 0.054255 0.124000 0.462897 0.154255 0.057903 0.043422 0.027007 0.024548 0.037766 
0.029750 0.075419 0.092562 0.614979 0.029085 0.071027 0.021961 0.018882 0.012790 0.033546 
0.047915 0.069659 0.173775 0.482115 0.082209 0.065147 0.026136 0.014592 0.014801 0.023649 
0.006136 0.034727 0.132512 0.577008 0.036615 0.083288 0.048725 0.026675 0.020220 0.034094 
0.001726 0.079206 0.194008 0.555744 0.053578 0.072752 0.013443 0.010433 0.010262 0.008848 
0.020076 0.047618 0.121027 0.558138 0.090980 0.073858 0.028273 0.021445 0.022085 0.016500 
0.004246 0.121260 0.152208 0.513227 0.044611 0.076219 0.037363 0.024437 0.016699 0.009729 
0.014886 0.063311 0.114908 0.567542 0.050807 0.082500 0.036322 0.023873 0.024345 0.021507 
0.004790 0.104807 0.172378 0.502125 0.112334 0.058078 0.019388 0.010819 0.008140 0.007141 
0.011481 0.032336 0.110207 0.662619 0.075312 0.049744 0.017685 0.012849 0.017650 0.010116 
0.014169 0.071850 0.169962 0.547387 0.054622 0.063251 0.028097 0.023749 0.016916 0.009998 
0.020255 0.026535 0.092823 0.588818 0.112582 0.058927 0.021551 0.029989 0.024567 0.023952 
0.008113 0.042171 0.094780 0.614838 0.102768 0.045096 0.016353 0.021185 0.012913 0.041784 
0.003773 0.081178 0.116072 0.543747 0.124376 0.030378 0.026341 0.019283 0.018398 0.036454 
0.015354 0.060630 0.078919 0.506989 0.142242 0.047781 0.039297 0.027127 0.024893 0.056767 
0.000396 0.061870 0.069727 0.491862 0.148805 0.039490 0.041075 0.030863 0.030712 0.085200 
0.039814 0.073848 0.134046 0.458224 0.127563 0.053155 0.025201 0.020747 0.013966 0.053437 
0.034408 0.068915 0.073930 0.513725 0.099586 0.048119 0.034967 0.027123 0.032174 0.067053 
0.054654 0.145267 0.149863 0.264165 0.134050 0.071007 0.065471 0.036279 0.037790 0.041455 
0.030690 0.284689 0.153868 0.227544 0.093194 0.033704 0.058374 0.059918 0.041523 0.016495 
0.041567 0.257499 0.128667 0.228849 0.046230 0.064707 0.089620 0.057750 0.057095 0.028016 
0.029858 0.080225 0.113153 0.476916 0.149051 0.043486 0.038262 0.019832 0.026572 0.022644 
0.021261 0.047887 0.069691 0.549460 0.143540 0.044083 0.046115 0.024180 0.030823 0.022961 
0.006449 0.075972 0.124209 0.524424 0.141107 0.038350 0.037299 0.020110 0.023222 0.008857 
0.006284 0.060832 0.078741 0.554483 0.150895 0.042904 0.037874 0.038605 0.018008 0.011374 
0.000135 0.043000 0.065994 0.504748 0.173495 0.044630 0.047716 0.037455 0.031345 0.051482 
0.001710 0.026498 0.052030 0.505290 0.193781 0.056295 0.051962 0.038022 0.023321 0.051091 
0.012450 0.032917 0.081392 0.488956 0.175937 0.052177 0.040870 0.035244 0.031472 0.048585 
0.005135 0.050282 0.081124 0.521405 0.153921 0.033679 0.034213 0.024074 0.025103 0.071065 
0.004054 0.050690 0.045422 0.508762 0.147344 0.052706 0.045015 0.033296 0.029972 0.082739 
0.023679 0.113585 0.079653 0.406195 0.156135 0.046502 0.049952 0.031991 0.024408 0.067899 
0.019439 0.048753 0.328756 0.284566 0.105804 0.031952 0.082445 0.039316 0.040180 0.018789 
0.012388 0.024433 0.492511 0.050597 0.138675 0.014013 0.115531 0.031719 0.102447 0.017687 
0.007011 0.053527 0.409370 0.194836 0.153622 0.045843 0.085528 0.020748 0.022832 0.006683 
0.019590 0.075024 0.201496 0.343881 0.176218 0.051521 0.045619 0.025964 0.040017 0.020671 
0.006939 0.059863 0.116389 0.518421 0.158287 0.047382 0.031984 0.018743 0.026621 0.015371 
0.007636 0.037370 0.108770 0.476585 0.032961 0.197475 0.065590 0.025873 0.029456 0.018283 
0.006516 0.019016 0.107211 0.437698 0.077409 0.185982 0.046590 0.071170 0.029680 0.018728 
0.013236 0.042128 0.103243 0.437584 0.051720 0.194317 0.027276 0.091618 0.022501 0.016377 
0.008762 0.044796 0.103593 0.482030 0.094291 0.143283 0.023191 0.048064 0.016017 0.035972 
0.015339 0.060859 0.124136 0.493990 0.139528 0.046829 0.034400 0.023893 0.013838 0.047187 
0.000779 0.024647 0.070621 0.486768 0.194501 0.058637 0.043871 0.032710 0.029827 0.057637 
0.010414 0.025973 0.055012 0.568390 0.144719 0.050113 0.029145 0.018222 0.022588 0.075424 
0.007015 0.051576 0.071960 0.560534 0.088270 0.055889 0.081396 0.029663 0.018815 0.034883 
0.002003 0.018652 0.033345 0.467129 0.051581 0.033345 0.183159 0.047349 0.105710 0.057727 
0.000511 0.014083 0.028488 0.510599 0.051465 0.039164 0.103417 0.028595 0.138576 0.085101 
0.006548 0.032884 0.056189 0.478488 0.031044 0.025140 0.107900 0.033603 0.129056 0.099147 
0.004669 0.026859 0.029318 0.485144 0.040092 0.033156 0.117760 0.030336 0.173428 0.059239 
0.005076 0.020927 0.045913 0.505474 0.080393 0.044167 0.110064 0.020863 0.135292 0.031832 
0.002273 0.032282 0.032875 0.591452 0.055726 0.027480 0.114758 0.019099 0.106624 0.017431 
0.001167 0.015145 0.033148 0.534131 0.071432 0.063364 0.124266 0.026128 0.111900 0.019319 
0.006801 0.029023 0.067698 0.476574 0.131736 0.070621 0.102218 0.017380 0.082220 0.015727 
0.000067 0.015921 0.024453 0.427312 0.102009 0.046254 0.244667 0.038001 0.064543 0.036774 
0.002338 0.019894 0.069860 0.335173 0.159776 0.037301 0.245756 0.047148 0.027040 0.055712 
0.007539 0.028216 0.058986 0.435763 0.147409 0.043348 0.132983 0.057637 0.044117 0.044002 
0.007969 0.029254 0.063441 0.512625 0.174403 0.054848 0.075740 0.026183 0.022829 0.032707 
0.002097 0.012642 0.050876 0.490601 0.185485 0.059397 0.095283 0.030336 0.032154 0.041129 
0.013236 0.045364 0.080586 0.563584 0.127901 0.021898 0.066358 0.026803 0.016292 0.037978 
0.011557 0.043433 0.072556 0.523636 0.169812 0.035791 0.051810 0.029503 0.024996 0.036904 
0.003189 0.069378 0.029602 0.483694 0.101278 0.042176 0.134280 0.041669 0.044319 0.050415 
0.026623 0.103602 0.159046 0.342746 0.143155 0.029963 0.124168 0.024446 0.021063 0.025188 
0.012446 0.042041 0.084030 0.529179 0.108534 0.024250 0.134999 0.021242 0.024748 0.018532 
0.000360 0.016715 0.069963 0.561092 0.119646 0.036740 0.097386 0.036085 0.037372 0.024642 
0.013803 0.054402 0.112639 0.590289 0.098647 0.040289 0.043957 0.018006 0.021092 0.006877 
0.008068 0.031239 0.069091 0.645876 0.106159 0.039988 0.045525 0.019050 0.022889 0.012114 
0.002387 0.022208 0.021070 0.802712 0.054088 0.024081 0.039157 0.016612 0.008890 0.008794 
0.006817 0.021859 0.098627 0.572977 0.154328 0.030847 0.051350 0.023870 0.026246 0.013079 
0.011361 0.052589 0.095651 0.555362 0.140978 0.043474 0.033459 0.021510 0.014741 0.030875 
0.009168 0.032098 0.053858 0.648988 0.113803 0.035081 0.043226 0.013275 0.019417 0.031085 
0.013794 0.055267 0.092199 0.502070 0.174248 0.048210 0.036274 0.025362 0.024059 0.028516 
0.002897 0.012146 0.048139 0.561086 0.171436 0.054670 0.069471 0.030830 0.026040 0.023285 
0.006701 0.021198 0.052300 0.581800 0.156075 0.042442 0.053351 0.029146 0.023352 0.033635 
0.006843 0.104953 0.072594 0.452986 0.082395 0.047499 0.057651 0.043898 0.032256 0.098926 
0.005612 0.164106 0.087813 0.344349 0.130911 0.079077 0.062091 0.050479 0.041293 0.034270 
0.006192 0.054883 0.074845 0.464064 0.087841 0.029074 0.211377 0.022292 0.027163 0.022268 
0.009340 0.022357 0.022212 0.557787 0.031939 0.010723 0.237734 0.025093 0.067651 0.015165 
0.003995 0.018479 0.025889 0.582584 0.044606 0.037289 0.193863 0.022166 0.054889 0.016240 
0.002973 0.016926 0.036833 0.510924 0.072482 0.043518 0.211534 0.028321 0.054360 0.022130 
0.000659 0.021903 0.033569 0.542881 0.040788 0.065467 0.222305 0.016150 0.042359 0.013918 
0.010412 0.038906 0.072885 0.442218 0.101983 0.065570 0.193616 0.025855 0.036628 0.011928 
0.002808 0.034044 0.055214 0.529832 0.145107 0.048244 0.097421 0.022210 0.025755 0.039364 
0.015332 0.041456 0.088081 0.478674 0.157572 0.044378 0.064124 0.028399 0.024955 0.057028 
0.001330 0.019407 0.047623 0.496920 0.180613 0.059855 0.074657 0.033854 0.042002 0.043740 
0.011064 0.033707 0.058377 0.461667 0.166903 0.072641 0.050812 0.035738 0.039150 0.069942 
0.015767 0.052638 0.097051 0.501953 0.140418 0.024817 0.035603 0.023211 0.036545 0.071996 
0.003454 0.022231 0.339373 0.256923 0.127665 0.055527 0.077716 0.026472 0.056956 0.033684 
0.008185 0.043633 0.403356 0.225045 0.107370 0.038363 0.054541 0.015127 0.070361 0.034019 
0.006400 0.046274 0.461491 0.150419 0.151204 0.035219 0.064417 0.026238 0.040869 0.017470 
0.001529 0.029661 0.555275 0.063951 0.149104 0.023161 0.090703 0.026956 0.046765 0.012896 
0.002049 0.020314 0.505985 0.123871 0.178542 0.040733 0.081680 0.015987 0.018651 0.012188 
0.000330 0.018155 0.426145 0.250381 0.137271 0.035144 0.071866 0.021525 0.026365 0.012818 
0.008512 0.040823 0.401467 0.290851 0.135704 0.037494 0.042427 0.014589 0.018453 0.009679 
0.012980 0.059320 0.335048 0.287809 0.155543 0.036753 0.036359 0.034560 0.023813 0.017815 
0.012060 0.068857 0.183196 0.521354 0.063991 0.074234 0.025117 0.023273 0.018894 0.009025 
0.001902 0.033470 0.081512 0.614056 0.100713 0.058546 0.026038 0.025229 0.022647 0.035887 
0.011932 0.054444 0.119700 0.564713 0.106521 0.041603 0.029168 0.019581 0.017973 0.034366 
0.010728 0.047445 0.098919 0.555915 0.084126 0.087654 0.034741 0.024211 0.017903 0.038357 
0.001670 0.036888 0.057426 0.571616 0.102333 0.087885 0.025848 0.046376 0.018055 0.051902 
0.001327 0.008096 0.083602 0.519320 0.122343 0.112925 0.028201 0.059731 0.018590 0.045866 
0.003825 0.024710 0.098500 0.525183 0.046026 0.149870 0.065349 0.048994 0.012989 0.024553 
0.007169 0.034984 0.164193 0.461451 0.046955 0.128490 0.055544 0.046214 0.030147 0.024854 
0.006746 0.065700 0.208331 0.354681 0.073750 0.093107 0.086517 0.049702 0.038654 0.022812 
0.002962 0.106651 0.247788 0.297964 0.089767 0.071426 0.071361 0.034815 0.046300 0.030967 
0.010010 0.072532 0.109252 0.408659 0.175035 0.068296 0.038695 0.047056 0.032990 0.037475 
0.000809 0.067726 0.101915 0.518667 0.158960 0.037756 0.028857 0.024930 0.025414 0.034965 
0.002662 0.023397 0.063360 0.654914 0.068576 0.068715 0.079768 0.013140 0.016492 0.008976 
0.001345 0.020812 0.047952 0.624529 0.108046 0.071090 0.064786 0.025739 0.025500 0.010201 
0.001949 0.016724 0.039973 0.625060 0.131661 0.053122 0.063067 0.018988 0.020925 0.028532 
0.014602 0.046068 0.083539 0.487405 0.139184 0.041249 0.075337 0.035085 0.015857 0.061673 
0.008663 0.034268 0.051872 0.494864 0.153800 0.039058 0.103588 0.023592 0.017417 0.072878 
0.007694 0.019549 0.021571 0.584851 0.085114 0.023356 0.084936 0.026278 0.022026 0.124626 
0.002947 0.031933 0.054949 0.673431 0.083390 0.024141 0.037456 0.018892 0.030677 0.042185 
0.008911 0.044254 0.061777 0.491485 0.068072 0.047158 0.172968 0.019570 0.043790 0.042015 
0.009684 0.027759 0.057935 0.510827 0.044592 0.035350 0.124230 0.044242 0.112831 0.032550 
0.002023 0.018884 0.020146 0.590254 0.058071 0.021117 0.112854 0.023268 0.139780 0.013603 
0.002025 0.026090 0.050952 0.586679 0.043055 0.016019 0.099478 0.034640 0.133628 0.007434 
0.003792 0.032452 0.024223 0.536573 0.052419 0.071552 0.150467 0.031602 0.087769 0.009151 
0.002031 0.071502 0.049134 0.555329 0.122399 0.048984 0.075287 0.018225 0.044260 0.012848 
0.013459 0.040751 0.061402 0.556637 0.134201 0.039602 0.068327 0.023455 0.044020 0.018145 
0.002924 0.062361 0.068032 0.512779 0.135428 0.044723 0.087822 0.027754 0.037341 0.020837 
0.012122 0.094722 0.090717 0.463186 0.171462 0.048975 0.046100 0.018651 0.032099 0.021967 
0.017023 0.065126 0.201616 0.429477 0.064691 0.080563 0.046554 0.057323 0.021958 0.015669 
0.005239 0.021994 0.100982 0.486294 0.085181 0.134802 0.061414 0.046138 0.017060 0.040898 
0.008762 0.027337 0.065885 0.569208 0.059436 0.129792 0.035283 0.042270 0.035958 0.026069 
0.007023 0.039322 0.080847 0.501092 0.123298 0.106516 0.025826 0.049235 0.026648 0.040193 
0.000846 0.022452 0.029605 0.620419 0.082099 0.134772 0.025044 0.045168 0.012362 0.027234 
0.001156 0.035261 0.084702 0.475881 0.127048 0.139737 0.024657 0.046457 0.026890 0.038210 
0.003780 0.031604 0.102946 0.532999 0.065028 0.145508 0.030269 0.043727 0.016841 0.027298 
0.010920 0.049017 0.123504 0.475211 0.064926 0.149810 0.039810 0.052932 0.018583 0.015287 
0.001857 0.023853 0.133549 0.480951 0.078840 0.132660 0.048798 0.056240 0.025577 0.017676 
0.009422 0.054097 0.147688 0.503093 0.088478 0.124506 0.023117 0.031777 0.010265 0.007557 
0.004111 0.016572 0.111949 0.568830 0.092056 0.095423 0.026900 0.047970 0.018399 0.017789 
0.017817 0.061756 0.159276 0.515781 0.076645 0.062548 0.034352 0.049717 0.011277 0.010830 
0.010029 0.019520 0.013937 0.723661 0.088096 0.059795 0.019528 0.040496 0.009140 0.015799 
0.014765 0.048651 0.106286 0.585899 0.086320 0.057448 0.019770 0.046732 0.018153 0.015975 
0.006538 0.039679 0.117989 0.433353 0.206073 0.056766 0.046408 0.043311 0.034329 0.015554 
0.008388 0.046787 0.108082 0.554348 0.130629 0.038392 0.021763 0.016638 0.023870 0.051103 
0.001620 0.031854 0.105889 0.532748 0.160673 0.049173 0.036512 0.025944 0.016128 0.039459 
0.004369 0.028040 0.072052 0.512092 0.176521 0.047872 0.045657 0.036923 0.021024 0.055450 
0.002466 0.051710 0.072948 0.522632 0.122858 0.046067 0.042298 0.036077 0.028235 0.074708 
0.013122 0.069072 0.098596 0.469039 0.141461 0.047100 0.040835 0.035189 0.030318 0.055267 
0.013856 0.048361 0.067358 0.559906 0.115785 0.042799 0.034101 0.035643 0.018397 0.063793 
0.001047 0.105161 0.066023 0.347134 0.151670 0.041624 0.090985 0.099408 0.054671 0.042278 
0.013099 0.084058 0.150539 0.407088 0.115582 0.070079 0.035460 0.034556 0.061617 0.027923 
0.015328 0.055598 0.145133 0.637923 0.051961 0.039597 0.014251 0.019561 0.010045 0.010602 
0.016372 0.055956 0.193081 0.564597 0.096110 0.026623 0.013092 0.014545 0.012075 0.007549 
0.000177 0.017108 0.037133 0.769386 0.102965 0.021482 0.015748 0.020793 0.011056 0.004152 
0.008030 0.084205 0.144073 0.376758 0.133452 0.081133 0.066078 0.050229 0.032170 0.023871 
0.011898 0.084683 0.137034 0.528256 0.053819 0.062241 0.043590 0.028992 0.031920 0.017568 
0.009261 0.032235 0.077423 0.561271 0.099101 0.104664 0.033547 0.031654 0.021607 0.029237 
0.001899 0.011109 0.046877 0.720024 0.044390 0.091707 0.006971 0.008542 0.026724 0.041758 
0.011102 0.047005 0.083556 0.574997 0.128967 0.055518 0.042208 0.011852 0.019011 0.025785 
0.007364 0.031785 0.067925 0.678401 0.069308 0.023267 0.035416 0.009180 0.013717 0.063638 
0.013543 0.056082 0.101139 0.588850 0.120638 0.039644 0.025341 0.011725 0.011393 0.031645 
0.013733 0.066832 0.106448 0.523822 0.138616 0.039807 0.033232 0.017187 0.013912 0.046412 
0.004284 0.026295 0.053988 0.537680 0.133175 0.055652 0.045152 0.037413 0.038990 0.067372 
0.014123 0.063932 0.077076 0.462274 0.157541 0.069881 0.042432 0.049374 0.034236 0.029130 
0.004671 0.090973 0.078956 0.553149 0.118671 0.036803 0.039284 0.027680 0.030701 0.019113 
0.011896 0.048499 0.104137 0.581760 0.117062 0.030565 0.045737 0.021613 0.027058 0.011673 
0.000853 0.027408 0.056676 0.754554 0.065429 0.019100 0.028637 0.016190 0.020238 0.010917 
0.013713 0.062106 0.112520 0.618650 0.102468 0.030471 0.021392 0.014987 0.017622 0.006070 
0.011983 0.064201 0.103327 0.506087 0.148310 0.062187 0.039260 0.025175 0.025518 0.013952 
0.002684 0.038073 0.056569 0.483025 0.225202 0.047873 0.066696 0.034140 0.026755 0.018984 
0.002991 0.024649 0.054073 0.507973 0.141501 0.036378 0.090902 0.046945 0.032113 0.062475 
0.010776 0.041539 0.075981 0.471819 0.135353 0.036503 0.132251 0.019468 0.021579 0.054731 
0.012849 0.049702 0.068737 0.443001 0.084010 0.029995 0.214614 0.019130 0.019588 0.058373 
0.008136 0.046223 0.077515 0.462696 0.171063 0.050558 0.086875 0.039371 0.016687 0.040875 
0.007924 0.033838 0.060037 0.601216 0.139883 0.048893 0.044410 0.013933 0.013260 0.036606 
0.000914 0.069943 0.048729 0.487064 0.104641 0.038035 0.053108 0.024512 0.039615 0.133441 
0.008160 0.051532 0.084740 0.439083 0.128929 0.045599 0.060183 0.033310 0.032601 0.115863 
0.000664 0.048545 0.078029 0.420089 0.204593 0.060687 0.056880 0.050813 0.046846 0.032855 
0.004627 0.034812 0.050993 0.550903 0.130867 0.028824 0.099448 0.024138 0.046035 0.029354 
0.002665 0.022591 0.031002 0.613387 0.062346 0.020374 0.102518 0.018963 0.041853 0.084300 
0.003634 0.021296 0.030270 0.435110 0.200541 0.035192 0.087356 0.068223 0.035508 0.082870 
0.001444 0.025574 0.037096 0.250059 0.527056 0.020642 0.023767 0.088963 0.012441 0.012958 
0.000947 0.023743 0.030059 0.230560 0.583078 0.041061 0.039389 0.024950 0.014942 0.011270 
0.009411 0.039667 0.076413 0.392348 0.342736 0.046510 0.037700 0.022868 0.016322 0.016023 
0.011294 0.048400 0.086544 0.598884 0.122143 0.032530 0.035229 0.020355 0.016784 0.027837 
0.015726 0.062520 0.104596 0.533480 0.156788 0.037185 0.035702 0.017901 0.007762 0.028341 
0.011243 0.049958 0.083790 0.486217 0.191010 0.045536 0.042589 0.033080 0.021321 0.035257 
0.001305 0.019042 0.021212 0.699256 0.094766 0.026250 0.043673 0.020554 0.023204 0.050738 
0.008979 0.048795 0.104983 0.557606 0.118556 0.048426 0.034476 0.022061 0.017027 0.039091 
0.005907 0.034205 0.053117 0.617209 0.101654 0.040865 0.070275 0.020888 0.026520 0.029360 
0.001424 0.015789 0.055346 0.551692 0.106234 0.061957 0.140010 0.020904 0.028139 0.018504 
0.006007 0.030102 0.043036 0.552182 0.066916 0.031040 0.189069 0.033975 0.033086 0.014588 
0.006521 0.029527 0.062927 0.542740 0.054278 0.065505 0.153343 0.042023 0.029425 0.013712 
0.006712 0.037265 0.119466 0.466449 0.112553 0.157454 0.040379 0.022600 0.024438 0.012685 
0.007449 0.027230 0.086663 0.553653 0.112339 0.151861 0.034325 0.016311 0.005568 0.004603 
0.007196 0.030609 0.068157 0.580700 0.069927 0.180271 0.025404 0.018541 0.011378 0.007816 
0.006928 0.030917 0.109730 0.515989 0.110095 0.169607 0.022818 0.017653 0.010264 0.005999 
0.002462 0.027028 0.123952 0.497793 0.118206 0.144073 0.037285 0.022350 0.015908 0.010944 
0.010361 0.043885 0.089575 0.517057 0.097150 0.101348 0.050157 0.032299 0.021428 0.036739 
0.003676 0.018786 0.059262 0.633756 0.110205 0.088189 0.024672 0.015988 0.010423 0.035044 
0.005196 0.021657 0.096368 0.519673 0.149682 0.078866 0.034414 0.029903 0.024873 0.039368 
0.007895 0.042344 0.117847 0.562264 0.089405 0.083528 0.026229 0.021040 0.011760 0.037688 
0.008747 0.027287 0.105933 0.604789 0.086869 0.071435 0.024631 0.017602 0.015288 0.037421 
0.018123 0.065139 0.159682 0.502426 0.094867 0.051651 0.026735 0.016269 0.019799 0.045307 
0.005238 0.054581 0.125546 0.432330 0.161688 0.066564 0.038994 0.035510 0.025012 0.054536 
0.016483 0.122073 0.150278 0.442016 0.080427 0.087312 0.042860 0.025208 0.021233 0.012109 
0.015987 0.086325 0.077656 0.547334 0.042682 0.118809 0.055423 0.026149 0.020773 0.008861 
0.007609 0.062201 0.067147 0.562846 0.137166 0.068106 0.023631 0.024258 0.027459 0.019576 
0.002641 0.022323 0.025497 0.600017 0.158518 0.058727 0.046788 0.037042 0.025512 0.022935 
0.016754 0.057608 0.099851 0.564634 0.152597 0.040801 0.027125 0.017422 0.014735 0.008474 
0.017905 0.050980 0.098853 0.532804 0.169982 0.042799 0.036884 0.022237 0.014342 0.013213 
0.010980 0.038019 0.084278 0.451817 0.205516 0.055942 0.045367 0.036540 0.034051 0.037488 
0.007234 0.029371 0.054075 0.514082 0.185051 0.052053 0.043783 0.032212 0.023632 0.058506 
0.007805 0.033304 0.062565 0.520832 0.169696 0.055990 0.040295 0.032222 0.029439 0.047851 
0.012579 0.050718 0.088631 0.510211 0.152710 0.041770 0.031013 0.026339 0.023878 0.062152 
0.007179 0.032196 0.060530 0.559342 0.135568 0.038590 0.034416 0.023853 0.018156 0.090170 
0.005788 0.025781 0.066515 0.471991 0.197263 0.057057 0.041105 0.039224 0.022992 0.072284 
0.002551 0.013472 0.047659 0.544722 0.149670 0.047177 0.051904 0.033703 0.035700 0.073442 
0.001135 0.030443 0.094936 0.290401 0.226993 0.135530 0.086143 0.044823 0.041946 0.047650 
0.005027 0.049345 0.052963 0.242418 0.103718 0.198898 0.088173 0.121222 0.089913 0.048323 
0.014241 0.053794 0.080976 0.153050 0.167439 0.141493 0.107516 0.143997 0.080875 0.056620 
0.009426 0.036665 0.048980 0.585436 0.198910 0.041249 0.026161 0.016118 0.017950 0.019106 
0.004955 0.025736 0.056770 0.564829 0.173798 0.049786 0.047484 0.032348 0.022863 0.021429 
0.007229 0.035166 0.075544 0.517324 0.189357 0.054225 0.042988 0.034973 0.025432 0.017763 
0.013306 0.052036 0.097350 0.555161 0.161527 0.038736 0.025551 0.026459 0.017908 0.011965 
0.006998 0.039334 0.075150 0.503317 0.171980 0.043292 0.042698 0.036452 0.028455 0.052324 
0.010805 0.046349 0.080745 0.503447 0.169767 0.043365 0.033868 0.025226 0.024502 0.061927 
0.001955 0.013688 0.053965 0.499622 0.190541 0.057933 0.053338 0.039842 0.037873 0.051245 
0.006386 0.026872 0.060612 0.508449 0.166504 0.050293 0.044178 0.034502 0.032024 0.070180 
0.011107 0.047559 0.083068 0.558713 0.137436 0.034493 0.018498 0.007376 0.009111 0.092639 
0.008047 0.038521 0.074619 0.481897 0.167389 0.050090 0.045281 0.031101 0.028305 0.074751 
0.010181 0.046684 0.076173 0.603895 0.116110 0.030368 0.016981 0.011662 0.007403 0.080544 
0.009580 0.048955 0.075034 0.385450 0.262529 0.043433 0.036370 0.057712 0.043722 0.037217 
0.006871 0.048860 0.027894 0.079160 0.057091 0.070994 0.185831 0.201663 0.147250 0.174385 
0.001281 0.054885 0.072933 0.375231 0.258021 0.086871 0.054087 0.039015 0.036040 0.021636 
0.007003 0.038580 0.081673 0.528187 0.171151 0.046476 0.050989 0.034555 0.026239 0.015148 
0.011226 0.044424 0.083195 0.566786 0.149350 0.039066 0.039276 0.022874 0.018379 0.025424 
0.003558 0.017868 0.057961 0.496035 0.200271 0.068252 0.054659 0.041948 0.031408 0.028040 
0.005008 0.033110 0.065562 0.545899 0.176094 0.052734 0.038752 0.032799 0.022064 0.027977 
0.004427 0.034210 0.066059 0.536025 0.153740 0.037999 0.040644 0.036701 0.030618 0.059577 
0.012523 0.052762 0.090173 0.535783 0.160406 0.038121 0.026686 0.017126 0.014349 0.052071 
