I-see-fire,EdSheeran
0.000000 0.000000 0.000000 0.000000 0.000000 0.000000 0.000000 0.000000 0.000000 0.000000 
0.000000 0.000000 0.000000 0.000000 0.000000 0.000000 0.000000 0.000000 0.000000 0.000000 
0.000000 0.000000 0.000000 0.000000 0.000000 0.000000 0.000000 0.000000 0.000000 0.000000 
0.000000 0.000000 0.000000 0.000000 0.000000 0.000000 0.000000 0.000000 0.000000 0.000000 
0.000000 0.000000 0.000000 0.000000 0.000000 0.000000 0.000000 0.000000 0.000000 0.000000 
0.000000 0.000000 0.000000 0.000000 0.000000 0.000000 0.000000 0.000000 0.000000 0.000000 
0.000000 0.000000 0.000000 0.000000 0.000000 0.000000 0.000000 0.000000 0.000000 0.000000 
0.000000 0.000000 0.000000 0.000000 0.000000 0.000000 0.000000 0.000000 0.000000 0.000000 
0.000000 0.000000 0.000000 0.000000 0.000000 0.000000 0.000000 0.000000 0.000000 0.000000 
0.000000 0.000000 0.000000 0.000000 0.000000 0.000000 0.000000 0.000000 0.000000 0.000000 
0.000000 0.000000 0.000000 0.000000 0.000000 0.000000 0.000000 0.000000 0.000000 0.000000 
0.000000 0.000000 0.000000 0.000000 0.000000 0.000000 0.000000 0.000000 0.000000 0.000000 
0.000000 0.000000 0.000000 0.000000 0.000000 0.000000 0.000000 0.000000 0.000000 0.000000 
0.000000 0.000000 0.000000 0.000000 0.000000 0.000000 0.000000 0.000000 0.000000 0.000000 
0.019056 0.065759 0.186478 0.122506 0.089331 0.118372 0.130535 0.112857 0.079756 0.075350 
0.160925 0.276700 0.220833 0.102008 0.088610 0.033911 0.041141 0.037357 0.014416 0.024101 
0.169475 0.265243 0.261655 0.078793 0.087003 0.046853 0.031051 0.025257 0.019601 0.015068 
0.097741 0.203191 0.303674 0.097140 0.146784 0.034029 0.045460 0.023529 0.026666 0.021785 
0.086454 0.144578 0.248269 0.135906 0.121409 0.053080 0.054233 0.078783 0.054659 0.022630 
0.040850 0.038349 0.108149 0.077686 0.129407 0.078409 0.076562 0.169418 0.139181 0.141989 
0.007818 0.037254 0.242353 0.153045 0.086698 0.086862 0.181108 0.102711 0.071557 0.030595 
0.005675 0.020931 0.159144 0.047806 0.183486 0.058856 0.258073 0.141258 0.103539 0.021231 
0.004411 0.019135 0.076497 0.100313 0.129420 0.132661 0.159112 0.275417 0.068665 0.034369 
0.007629 0.033294 0.069778 0.122635 0.078956 0.219392 0.043309 0.312651 0.057304 0.055053 
0.007920 0.031541 0.081963 0.199041 0.031097 0.206451 0.055380 0.279152 0.055404 0.052051 
0.005283 0.024055 0.047957 0.206470 0.062368 0.368701 0.084914 0.170089 0.022302 0.007860 
0.002102 0.004705 0.014035 0.280933 0.026396 0.467373 0.040633 0.134485 0.021559 0.007780 
0.000276 0.004079 0.016180 0.250072 0.075603 0.390422 0.098938 0.130687 0.018678 0.015065 
0.000427 0.001898 0.021911 0.233485 0.102810 0.401798 0.100082 0.116457 0.015681 0.005451 
0.005706 0.025786 0.047144 0.198617 0.095412 0.394322 0.091148 0.094039 0.031970 0.015854 
0.012914 0.051843 0.096227 0.167887 0.083668 0.397535 0.078980 0.056519 0.037070 0.017357 
0.004687 0.020893 0.043118 0.205301 0.087371 0.409218 0.091505 0.084924 0.038986 0.013996 
0.004668 0.016505 0.030316 0.291450 0.026440 0.471927 0.039674 0.090486 0.021865 0.006669 
0.002695 0.014174 0.040324 0.279637 0.100079 0.355766 0.085417 0.074686 0.031130 0.016093 
0.000609 0.006782 0.025902 0.248249 0.087116 0.395893 0.097158 0.095384 0.022818 0.020088 
0.002138 0.013440 0.024433 0.346604 0.038578 0.426937 0.037980 0.087964 0.015114 0.006812 
0.003666 0.018896 0.046991 0.347328 0.066886 0.318678 0.066547 0.085543 0.027035 0.018429 
0.000052 0.009180 0.055335 0.378817 0.049962 0.261817 0.076374 0.120352 0.030010 0.018100 
0.005195 0.025058 0.067464 0.465104 0.017125 0.190513 0.044607 0.111540 0.041939 0.031454 
0.013142 0.052654 0.113777 0.499810 0.022377 0.123288 0.042485 0.069210 0.037440 0.025816 
0.004363 0.026284 0.104122 0.540662 0.089935 0.114748 0.032447 0.043496 0.025783 0.018161 
0.000578 0.014447 0.076253 0.544197 0.103490 0.077954 0.083336 0.044354 0.037605 0.017784 
0.004179 0.019928 0.048274 0.378018 0.082849 0.050405 0.287791 0.056038 0.036542 0.035978 
0.000170 0.005854 0.012329 0.313186 0.071881 0.062901 0.385372 0.052816 0.061639 0.033851 
0.007655 0.027960 0.047382 0.334728 0.045139 0.058046 0.360581 0.045417 0.022542 0.050548 
0.007370 0.041769 0.095801 0.510223 0.090299 0.029766 0.079548 0.059432 0.049747 0.036046 
0.011091 0.034245 0.065192 0.403626 0.049487 0.037741 0.286866 0.027795 0.050206 0.033751 
0.006975 0.055387 0.078239 0.420753 0.050832 0.030503 0.221948 0.027174 0.058340 0.049848 
0.009853 0.043606 0.130540 0.196281 0.242360 0.081893 0.122620 0.037396 0.058797 0.076655 
0.002784 0.013773 0.030701 0.361873 0.358771 0.048785 0.075019 0.073525 0.009362 0.025407 
0.001067 0.009243 0.037588 0.356020 0.290298 0.059351 0.061999 0.114721 0.036692 0.033021 
0.010180 0.041455 0.068090 0.375960 0.153298 0.007150 0.128545 0.138928 0.038685 0.037709 
0.001073 0.004314 0.013588 0.182911 0.182577 0.061665 0.189923 0.313156 0.038903 0.011889 
0.004258 0.014350 0.020702 0.069836 0.031032 0.044388 0.322042 0.339840 0.067585 0.085969 
0.000227 0.007269 0.015929 0.099248 0.075547 0.022001 0.122343 0.446202 0.089463 0.121770 
0.000283 0.007735 0.012447 0.078903 0.117374 0.032374 0.049987 0.435922 0.082132 0.182841 
0.000572 0.005913 0.010034 0.023913 0.086748 0.020413 0.076288 0.520911 0.126855 0.128354 
0.001265 0.002752 0.004783 0.019058 0.165781 0.008388 0.041903 0.583792 0.125227 0.047049 
0.001422 0.003418 0.010448 0.035917 0.200559 0.044340 0.038074 0.493104 0.112741 0.059976 
0.002645 0.011138 0.012320 0.011504 0.126683 0.050671 0.086548 0.512354 0.152445 0.033692 
0.002098 0.009329 0.016983 0.033426 0.117424 0.030549 0.060555 0.503056 0.171759 0.054822 
0.000880 0.006056 0.012422 0.032374 0.121983 0.030132 0.062295 0.489304 0.181368 0.063185 
0.004512 0.014813 0.018326 0.012367 0.095399 0.048127 0.085871 0.520142 0.158499 0.041943 
0.004379 0.020468 0.027797 0.032494 0.085198 0.040627 0.082380 0.506751 0.153524 0.046382 
0.005436 0.017821 0.024724 0.033048 0.070929 0.027255 0.069690 0.539135 0.158548 0.053414 
0.001270 0.002336 0.009290 0.025127 0.052236 0.025358 0.075447 0.542385 0.203122 0.063428 
0.001258 0.007955 0.012252 0.016172 0.059210 0.033192 0.081073 0.591788 0.152212 0.044888 
0.004857 0.017799 0.024688 0.049227 0.081569 0.045033 0.157664 0.493389 0.088416 0.037358 
0.001278 0.001783 0.002510 0.065352 0.089017 0.041707 0.169227 0.483697 0.067280 0.078150 
0.001831 0.004562 0.011945 0.082565 0.114120 0.024099 0.071819 0.555373 0.033151 0.100535 
0.002195 0.008593 0.018052 0.096612 0.099660 0.022291 0.044770 0.580427 0.035159 0.092240 
0.000760 0.005918 0.011310 0.084725 0.075637 0.043004 0.222549 0.466557 0.056582 0.032957 
0.001043 0.005471 0.014762 0.101977 0.098537 0.022965 0.118976 0.453418 0.075636 0.107215 
0.000533 0.002742 0.009824 0.107050 0.175097 0.048465 0.087596 0.430369 0.049938 0.088386 
0.001014 0.005782 0.011015 0.085586 0.240295 0.053019 0.126519 0.375696 0.052033 0.049043 
0.002191 0.004263 0.025984 0.085675 0.171959 0.020024 0.086776 0.459704 0.083194 0.060229 
0.002739 0.008863 0.026329 0.061230 0.359160 0.031369 0.104065 0.268960 0.083238 0.054046 
0.004029 0.016683 0.017779 0.044116 0.272768 0.050094 0.138031 0.245400 0.145136 0.065964 
0.008562 0.016806 0.027224 0.074245 0.270090 0.046850 0.035924 0.326185 0.112889 0.081225 
0.001223 0.034463 0.098360 0.102693 0.168465 0.043278 0.107562 0.327855 0.063438 0.052663 
0.029618 0.051514 0.069937 0.136961 0.112249 0.049319 0.089105 0.288313 0.097379 0.075604 
0.019711 0.104564 0.107218 0.079078 0.102605 0.071312 0.070654 0.282117 0.089807 0.072934 
0.000198 0.007944 0.018834 0.258893 0.110994 0.050504 0.339508 0.079121 0.046523 0.087480 
0.003142 0.012855 0.022141 0.240616 0.046955 0.043684 0.341311 0.072904 0.060329 0.156062 
0.003034 0.017154 0.035160 0.484135 0.057750 0.042663 0.226158 0.034396 0.032097 0.067453 
0.003480 0.012556 0.020154 0.408090 0.051119 0.037995 0.259844 0.041077 0.066754 0.098932 
0.001030 0.006205 0.009507 0.270983 0.037296 0.030166 0.357387 0.027587 0.055713 0.204125 
0.004164 0.012745 0.019308 0.205255 0.033539 0.038400 0.303270 0.048097 0.122957 0.212264 
0.001026 0.004863 0.005956 0.247368 0.025635 0.023296 0.317070 0.044020 0.099330 0.231437 
0.004785 0.021442 0.027276 0.234199 0.028068 0.034307 0.291227 0.059466 0.115321 0.183909 
0.000256 0.002785 0.010735 0.244725 0.064257 0.055546 0.284198 0.048920 0.150597 0.137981 
0.003020 0.010456 0.018985 0.343114 0.028680 0.037116 0.270522 0.036934 0.114862 0.136312 
0.008446 0.038686 0.072554 0.517014 0.106456 0.033154 0.125976 0.038521 0.024859 0.034336 
0.006407 0.017326 0.083461 0.390457 0.139951 0.075934 0.111121 0.043115 0.053872 0.078355 
0.014604 0.035403 0.093550 0.191831 0.087454 0.062882 0.241787 0.052271 0.091884 0.128334 
0.008341 0.048919 0.077656 0.273089 0.086608 0.061090 0.124985 0.080205 0.119028 0.120079 
0.004722 0.024299 0.107123 0.253381 0.193282 0.116895 0.188350 0.073893 0.025426 0.012628 
0.001170 0.010446 0.066927 0.322948 0.089512 0.302665 0.047662 0.103432 0.016079 0.039159 
0.002557 0.019854 0.114742 0.413419 0.098797 0.116168 0.016107 0.110992 0.025903 0.081460 
0.003062 0.014462 0.085286 0.458286 0.086901 0.140153 0.011402 0.118493 0.041139 0.040815 
0.004308 0.017967 0.059956 0.420863 0.071602 0.174047 0.027131 0.134704 0.048803 0.040619 
0.002811 0.020329 0.098928 0.427293 0.067709 0.118818 0.062864 0.116018 0.024079 0.061151 
0.004915 0.026065 0.061697 0.475922 0.020865 0.195995 0.028499 0.147090 0.018704 0.020249 
0.004116 0.023418 0.050269 0.473891 0.029871 0.166682 0.050882 0.114728 0.047904 0.038240 
0.000879 0.019082 0.109199 0.575311 0.099416 0.088866 0.027332 0.037911 0.023786 0.018218 
0.001270 0.010127 0.049801 0.689926 0.035020 0.105048 0.013912 0.039250 0.031649 0.023998 
0.005891 0.027058 0.079677 0.645590 0.069094 0.067498 0.035588 0.025975 0.024640 0.018989 
0.003090 0.023108 0.112065 0.613545 0.097837 0.047080 0.035373 0.026000 0.024415 0.017487 
0.016506 0.064946 0.152400 0.616087 0.058749 0.023172 0.022200 0.020972 0.013701 0.011267 
0.001274 0.011716 0.037226 0.833462 0.033543 0.031097 0.012404 0.020414 0.011863 0.007001 
0.002815 0.026513 0.111656 0.620020 0.083402 0.044077 0.036792 0.035189 0.022891 0.016645 
0.013936 0.070915 0.157421 0.633796 0.059980 0.024495 0.014180 0.011961 0.008306 0.005010 
0.002731 0.033692 0.103100 0.619028 0.086359 0.048562 0.034455 0.031044 0.022703 0.018325 
0.017661 0.068599 0.200852 0.526019 0.076857 0.040408 0.024874 0.017979 0.013918 0.012834 
0.018749 0.093893 0.339796 0.239267 0.120060 0.086538 0.054281 0.032352 0.005923 0.009141 
0.013831 0.052992 0.171218 0.182833 0.201948 0.130921 0.091411 0.107625 0.022699 0.024522 
0.008260 0.035497 0.155651 0.223303 0.272964 0.057681 0.057800 0.133824 0.022400 0.032620 
0.005831 0.034763 0.136986 0.247401 0.285784 0.157721 0.048886 0.041275 0.017969 0.023385 
0.014487 0.056765 0.150858 0.135725 0.164865 0.203146 0.071163 0.145018 0.023438 0.034534 
0.003927 0.021547 0.087485 0.179004 0.162845 0.165868 0.106655 0.229746 0.009508 0.033414 
0.002821 0.016973 0.060713 0.188753 0.117917 0.177094 0.106642 0.230418 0.039147 0.059521 
0.000813 0.006370 0.031220 0.309544 0.109698 0.185324 0.060863 0.166299 0.041776 0.088092 
0.014296 0.059464 0.151327 0.400547 0.095080 0.174398 0.022058 0.040515 0.013433 0.028881 
0.003249 0.023049 0.067541 0.472617 0.073001 0.216796 0.045772 0.065754 0.010683 0.021537 
0.012007 0.053637 0.151714 0.486108 0.072501 0.131816 0.022706 0.031141 0.012238 0.026131 
0.013363 0.052535 0.126249 0.428343 0.042488 0.171514 0.065332 0.047108 0.027943 0.025124 
0.001773 0.013106 0.018919 0.572668 0.032359 0.274012 0.015053 0.050127 0.013367 0.008617 
0.005576 0.026320 0.102170 0.494298 0.043999 0.150133 0.078773 0.034933 0.035445 0.028353 
0.009256 0.043469 0.103239 0.500202 0.067432 0.170323 0.034485 0.040665 0.011995 0.018934 
0.000330 0.007306 0.037575 0.585855 0.047589 0.213522 0.025104 0.048267 0.012938 0.021513 
0.004913 0.034937 0.073529 0.556415 0.077177 0.162154 0.021234 0.029773 0.019103 0.020765 
0.003375 0.007064 0.045794 0.584626 0.060125 0.203112 0.023731 0.041234 0.017574 0.013364 
0.003364 0.008394 0.022610 0.511654 0.047941 0.258971 0.039201 0.061427 0.030109 0.016330 
0.000930 0.008937 0.065696 0.499869 0.081574 0.212216 0.054884 0.059670 0.011037 0.005187 
0.004102 0.011614 0.032881 0.567643 0.021052 0.245449 0.031559 0.054030 0.025258 0.006412 
0.000604 0.008348 0.032612 0.457011 0.029164 0.285995 0.050621 0.087981 0.026823 0.020840 
0.014537 0.058495 0.127228 0.420480 0.040084 0.192808 0.059704 0.053364 0.018306 0.014993 
0.005739 0.015966 0.043160 0.493393 0.013117 0.280060 0.033707 0.082435 0.025583 0.006839 
0.003376 0.013023 0.035918 0.440053 0.021028 0.289493 0.049337 0.076210 0.047415 0.024146 
0.010887 0.051254 0.118282 0.432940 0.084801 0.191607 0.033956 0.053009 0.003370 0.019894 
0.003782 0.008920 0.033119 0.406476 0.054521 0.277832 0.059225 0.074544 0.049964 0.031616 
0.000003 0.007696 0.039017 0.434472 0.047515 0.267035 0.042435 0.092051 0.035647 0.034128 
0.006139 0.034384 0.084649 0.460056 0.101827 0.189306 0.032908 0.059882 0.014578 0.016272 
0.003963 0.019958 0.026535 0.449493 0.035598 0.266131 0.036239 0.071932 0.051566 0.038586 
0.000108 0.006413 0.018841 0.477542 0.024781 0.291401 0.030541 0.084259 0.038853 0.027260 
0.009412 0.039108 0.113873 0.419838 0.057673 0.150551 0.054909 0.071480 0.030424 0.052733 
0.006344 0.018795 0.034215 0.512897 0.022368 0.279367 0.021691 0.080668 0.014978 0.008678 
0.004610 0.018569 0.069955 0.398795 0.027287 0.253959 0.066811 0.069937 0.049337 0.040740 
0.009779 0.048629 0.113930 0.414228 0.079056 0.214683 0.040768 0.047242 0.007569 0.024116 
0.003398 0.011867 0.033584 0.480364 0.012389 0.317629 0.019999 0.070637 0.032646 0.017488 
0.003342 0.021500 0.055980 0.406832 0.059153 0.230734 0.045221 0.082959 0.037282 0.056998 
0.005370 0.023436 0.102370 0.422225 0.080282 0.158434 0.049219 0.065536 0.033189 0.059939 
0.005149 0.026892 0.076118 0.400330 0.055581 0.235100 0.076439 0.050973 0.049438 0.023979 
0.012617 0.050709 0.123199 0.415438 0.038393 0.200317 0.055321 0.064010 0.008510 0.031485 
0.005113 0.033681 0.138618 0.475334 0.091238 0.117391 0.024175 0.053999 0.020135 0.040317 
0.006794 0.029662 0.085162 0.460725 0.077817 0.202175 0.036706 0.039593 0.041529 0.019837 
0.011657 0.059495 0.147983 0.467837 0.056800 0.123267 0.040700 0.048733 0.021153 0.022376 
0.004203 0.034494 0.096008 0.498732 0.070593 0.156045 0.041996 0.031752 0.029399 0.036778 
0.014434 0.038695 0.056300 0.379399 0.060192 0.153506 0.143803 0.057412 0.061543 0.034716 
0.011092 0.032389 0.075682 0.434432 0.060292 0.154395 0.078255 0.078585 0.048046 0.026833 
0.015156 0.082016 0.129410 0.391326 0.078416 0.085690 0.051911 0.055815 0.065519 0.044742 
0.028534 0.060646 0.136087 0.346602 0.095639 0.099695 0.085248 0.062472 0.042105 0.042972 
0.033455 0.106199 0.119717 0.315144 0.099733 0.134056 0.044227 0.061968 0.040592 0.044910 
0.065271 0.042432 0.193078 0.262511 0.082191 0.123820 0.060946 0.071161 0.044886 0.053703 
0.068679 0.066076 0.162611 0.195360 0.151899 0.065868 0.108656 0.050850 0.075894 0.054105 
0.044754 0.067610 0.140462 0.143587 0.144086 0.169417 0.089398 0.090408 0.070085 0.040193 
0.028876 0.056392 0.144888 0.154861 0.118188 0.148546 0.110010 0.075356 0.043248 0.119635 
0.057327 0.063547 0.144578 0.203983 0.228216 0.085463 0.070662 0.053301 0.049192 0.043731 
0.049584 0.084580 0.142709 0.189763 0.210285 0.110264 0.050561 0.032746 0.079088 0.050420 
0.069175 0.100930 0.137600 0.146066 0.196189 0.067298 0.116338 0.060351 0.046597 0.059458 
0.093950 0.058871 0.195800 0.116149 0.176850 0.124362 0.060606 0.065075 0.045723 0.062615 
0.069312 0.063067 0.180502 0.196445 0.187467 0.079898 0.069210 0.031214 0.063098 0.059789 
0.052117 0.093023 0.142132 0.201826 0.197713 0.084416 0.055237 0.038399 0.058141 0.076995 
0.047599 0.062404 0.135684 0.241566 0.135032 0.111836 0.082870 0.055239 0.051601 0.076169 
0.056482 0.038054 0.187791 0.183357 0.237298 0.065753 0.091189 0.042565 0.061322 0.036189 
0.086379 0.066409 0.121513 0.231175 0.216057 0.060308 0.067988 0.040582 0.039138 0.070451 
0.051630 0.064853 0.120771 0.227791 0.207987 0.068593 0.079369 0.060012 0.061667 0.057326 
0.055973 0.088268 0.213779 0.165320 0.196889 0.027998 0.109152 0.057504 0.043367 0.041750 
0.086043 0.096352 0.164333 0.183062 0.116993 0.061412 0.073943 0.044191 0.071291 0.102381 
0.065923 0.081354 0.116104 0.182306 0.188546 0.059805 0.101991 0.045537 0.076668 0.081766 
0.050758 0.026961 0.153023 0.152398 0.259159 0.112850 0.102128 0.038081 0.049667 0.054976 
0.064035 0.079978 0.124456 0.246620 0.132352 0.073233 0.100748 0.038692 0.072335 0.067549 
0.042073 0.078054 0.177092 0.155579 0.185347 0.103109 0.082561 0.042132 0.050722 0.083332 
0.071938 0.100954 0.212173 0.163783 0.164595 0.050877 0.086670 0.051717 0.027461 0.069832 
0.059889 0.125059 0.189289 0.241290 0.101492 0.046048 0.090282 0.055853 0.021090 0.069707 
0.056746 0.033262 0.256820 0.220462 0.159486 0.059304 0.086534 0.046894 0.038236 0.042255 
0.069687 0.074354 0.150803 0.158468 0.240585 0.083411 0.084126 0.054959 0.050135 0.033472 
0.054172 0.049477 0.213292 0.223349 0.158766 0.041490 0.118465 0.051668 0.040917 0.048406 
0.078014 0.031002 0.195455 0.230561 0.124071 0.075354 0.097582 0.062763 0.043941 0.061257 
0.050910 0.081265 0.183318 0.228960 0.222839 0.051360 0.058868 0.036353 0.044640 0.041487 
0.069616 0.106303 0.122069 0.177016 0.235204 0.095460 0.071822 0.044027 0.049721 0.028764 
0.075919 0.093859 0.204442 0.217815 0.172064 0.045257 0.079570 0.034672 0.047762 0.028640 
0.061921 0.109902 0.190191 0.152239 0.187261 0.083546 0.067423 0.043206 0.050486 0.053825 
0.074824 0.106711 0.223531 0.144020 0.100185 0.081311 0.090448 0.081023 0.040816 0.057131 
0.052517 0.086394 0.200437 0.219704 0.186448 0.034858 0.064194 0.051766 0.042450 0.061232 
0.058867 0.095953 0.215836 0.213532 0.133929 0.067614 0.078475 0.039183 0.059317 0.037294 
0.074507 0.095153 0.203260 0.182586 0.150049 0.048834 0.090907 0.062431 0.057248 0.035024 
0.081117 0.055709 0.267709 0.147778 0.141260 0.060508 0.058574 0.060802 0.063927 0.062615 
0.091054 0.126727 0.195249 0.148055 0.162989 0.047789 0.082236 0.045638 0.042273 0.057990 
0.034257 0.094586 0.266938 0.159184 0.164746 0.085902 0.104298 0.039349 0.030933 0.019808 
0.063450 0.089036 0.229993 0.191770 0.149220 0.044818 0.077440 0.052698 0.041532 0.060041 
0.077862 0.148151 0.215767 0.225264 0.085797 0.062046 0.090955 0.041178 0.024036 0.028945 
0.040347 0.136394 0.185067 0.203098 0.147985 0.069172 0.070362 0.066724 0.041218 0.039632 
0.029553 0.092896 0.073747 0.113638 0.136229 0.082514 0.094887 0.162582 0.157494 0.056458 
0.002678 0.034082 0.081895 0.207159 0.187690 0.074558 0.121960 0.135293 0.091892 0.062792 
0.015004 0.049677 0.366972 0.186940 0.240040 0.052376 0.039961 0.020642 0.017719 0.010670 
0.001440 0.016791 0.332547 0.143724 0.378489 0.055871 0.038214 0.019499 0.009663 0.003761 
0.003390 0.018092 0.249066 0.212952 0.335850 0.077669 0.056509 0.018380 0.017644 0.010447 
0.001922 0.007116 0.025257 0.413697 0.218135 0.232124 0.018363 0.056033 0.011922 0.015431 
0.002008 0.011616 0.023938 0.642340 0.047594 0.184333 0.020932 0.037425 0.019175 0.010638 
0.002601 0.011816 0.052315 0.601064 0.045345 0.165920 0.032609 0.047340 0.027612 0.013378 
0.001994 0.013510 0.064199 0.575784 0.085234 0.174704 0.020874 0.046124 0.012857 0.004720 
0.000835 0.011636 0.042749 0.611371 0.059844 0.192611 0.015660 0.049178 0.012673 0.003444 
0.008380 0.036440 0.084913 0.527038 0.059672 0.163088 0.030678 0.052682 0.027511 0.009597 
0.007944 0.036019 0.082594 0.539885 0.074214 0.163601 0.036104 0.017663 0.034409 0.007566 
0.001319 0.013530 0.042971 0.564783 0.062559 0.207470 0.026044 0.053132 0.022477 0.005715 
0.000813 0.017962 0.105376 0.536433 0.111558 0.149875 0.005702 0.040334 0.017142 0.014806 
0.007115 0.044197 0.090697 0.476390 0.154413 0.059948 0.065302 0.063584 0.023829 0.014526 
0.012165 0.045767 0.069308 0.326235 0.281006 0.034773 0.087237 0.071961 0.048507 0.023041 
0.004709 0.057388 0.088031 0.208795 0.080366 0.101553 0.089082 0.165061 0.115708 0.089306 
0.004870 0.010717 0.053747 0.170628 0.205192 0.151448 0.140712 0.106050 0.069035 0.087603 
0.000059 0.004009 0.013653 0.236085 0.069959 0.091629 0.431114 0.071234 0.070912 0.011344 
0.002165 0.012352 0.019234 0.103887 0.040046 0.056067 0.579027 0.043250 0.041650 0.102321 
0.001675 0.004830 0.006964 0.122534 0.007815 0.020652 0.559661 0.013726 0.043323 0.218820 
0.004076 0.011702 0.019384 0.150291 0.026223 0.050295 0.469145 0.057280 0.106389 0.105215 
0.002365 0.004526 0.067138 0.140884 0.051301 0.038137 0.375495 0.040940 0.117568 0.161646 
0.002298 0.010056 0.020296 0.111433 0.313516 0.030303 0.092153 0.309565 0.063567 0.046813 
0.001229 0.003582 0.002397 0.044652 0.369225 0.009175 0.068062 0.364881 0.055188 0.081610 
0.000999 0.007770 0.034421 0.246975 0.188806 0.039404 0.073588 0.260208 0.051536 0.096292 
0.003011 0.014450 0.028145 0.142490 0.241043 0.052520 0.101082 0.241462 0.050851 0.124945 
0.002485 0.009844 0.022091 0.134607 0.215410 0.043399 0.053033 0.273411 0.089189 0.156532 
0.001626 0.010817 0.018229 0.086475 0.204410 0.047235 0.138871 0.349809 0.061113 0.081414 
0.003369 0.012491 0.023903 0.078621 0.087640 0.018431 0.126380 0.472566 0.095974 0.080625 
0.003574 0.013349 0.020715 0.046456 0.058544 0.037729 0.145653 0.555667 0.080420 0.037892 
0.001036 0.012680 0.019702 0.050294 0.033298 0.034626 0.106688 0.683279 0.042552 0.015846 
0.001359 0.010898 0.014043 0.017197 0.056675 0.036273 0.119179 0.616598 0.092663 0.035115 
0.004165 0.011512 0.014916 0.022263 0.088395 0.024932 0.050735 0.655584 0.090289 0.037209 
0.001455 0.003984 0.008479 0.011748 0.061766 0.033089 0.067931 0.537012 0.215332 0.059204 
0.001471 0.010534 0.015985 0.020519 0.071000 0.036676 0.086971 0.497036 0.204929 0.054879 
0.006468 0.021249 0.028270 0.035734 0.135887 0.041814 0.075786 0.488498 0.132941 0.033352 
0.003763 0.016774 0.015148 0.057438 0.061761 0.041445 0.079449 0.539657 0.145188 0.039377 
0.001760 0.016436 0.023997 0.038737 0.092623 0.017940 0.067947 0.479743 0.201245 0.059572 
0.013147 0.022254 0.030720 0.025334 0.104861 0.040447 0.076432 0.477284 0.137251 0.072269 
0.006965 0.020059 0.029722 0.052682 0.065589 0.045559 0.091076 0.579324 0.071234 0.037789 
0.005474 0.024728 0.031800 0.149643 0.108034 0.037642 0.189663 0.370056 0.054897 0.028065 
0.006493 0.023327 0.031954 0.060762 0.028099 0.039571 0.154641 0.535235 0.070885 0.049033 
0.004458 0.027476 0.036055 0.071213 0.068646 0.053200 0.229023 0.396870 0.067192 0.045867 
0.004584 0.016826 0.023408 0.050225 0.067567 0.031892 0.138711 0.522548 0.076359 0.067881 
0.002991 0.016267 0.023873 0.075719 0.043857 0.035513 0.187809 0.457063 0.075336 0.081573 
0.005930 0.022128 0.025669 0.069640 0.110996 0.073474 0.330272 0.220213 0.043622 0.098056 
0.002848 0.012182 0.023525 0.119993 0.161509 0.041713 0.200673 0.282438 0.031074 0.124045 
0.003292 0.015938 0.024640 0.045169 0.253846 0.072139 0.050916 0.246008 0.220537 0.067516 
0.001120 0.006275 0.011430 0.020250 0.125040 0.242470 0.053777 0.168029 0.108739 0.262869 
0.001446 0.019875 0.017441 0.052138 0.166165 0.108392 0.222030 0.169839 0.100502 0.142172 
0.005033 0.016918 0.030570 0.076659 0.184703 0.098558 0.201143 0.202910 0.096034 0.087471 
0.020842 0.053219 0.036198 0.062045 0.071733 0.088166 0.154606 0.305089 0.092734 0.115367 
0.014504 0.038488 0.065135 0.050822 0.116073 0.076523 0.165735 0.241061 0.092020 0.139640 
0.007357 0.041639 0.076684 0.085478 0.091515 0.143423 0.181108 0.204947 0.068158 0.099690 
0.014859 0.060045 0.119480 0.082751 0.112754 0.060201 0.075982 0.215120 0.102836 0.155972 
0.007818 0.031669 0.077970 0.565079 0.139914 0.053721 0.046819 0.029643 0.024650 0.022717 
0.002485 0.015952 0.031041 0.407076 0.059083 0.034504 0.239483 0.067287 0.063704 0.079384 
0.001637 0.005436 0.010864 0.144711 0.053616 0.057854 0.312511 0.049959 0.196931 0.166481 
0.004402 0.015456 0.021625 0.122343 0.018184 0.029159 0.262192 0.012518 0.149813 0.364309 
0.003132 0.014942 0.021933 0.114587 0.049558 0.047002 0.245112 0.034180 0.100955 0.368598 
0.005682 0.018567 0.027591 0.131941 0.053318 0.062419 0.277493 0.026145 0.259568 0.137276 
0.004141 0.020670 0.030536 0.108963 0.021499 0.045857 0.234628 0.049662 0.254432 0.229614 
0.004307 0.020232 0.028234 0.179486 0.014399 0.026059 0.271348 0.037991 0.116566 0.301377 
0.008210 0.039244 0.068129 0.254148 0.078392 0.014740 0.271546 0.052358 0.048373 0.164860 
0.005338 0.013752 0.029247 0.352366 0.067612 0.038697 0.228297 0.037844 0.097761 0.129087 
0.003784 0.026638 0.049899 0.330206 0.103046 0.069389 0.302033 0.036896 0.041983 0.036128 
0.008183 0.020980 0.052816 0.324882 0.054680 0.065793 0.227874 0.042835 0.074609 0.127348 
0.025497 0.085304 0.064814 0.222839 0.034834 0.027603 0.122224 0.050115 0.238258 0.128513 
0.012137 0.047034 0.095505 0.395442 0.126306 0.047427 0.163131 0.048142 0.042044 0.022831 
0.002509 0.007307 0.007491 0.196721 0.059220 0.065290 0.507596 0.068914 0.044118 0.040834 
0.006205 0.027061 0.043934 0.104445 0.040317 0.079210 0.469117 0.070944 0.120779 0.037987 
0.000461 0.003072 0.007451 0.129211 0.061405 0.068931 0.397696 0.045927 0.216221 0.069624 
0.003268 0.011694 0.012125 0.140528 0.055711 0.089241 0.441765 0.031125 0.111143 0.103400 
0.002019 0.009036 0.038154 0.243270 0.232875 0.063236 0.211242 0.107356 0.050737 0.042074 
0.004324 0.020138 0.033402 0.126223 0.244937 0.048507 0.131793 0.327430 0.047486 0.015760 
0.004494 0.020000 0.032704 0.209679 0.161857 0.047987 0.134143 0.323611 0.034688 0.030836 
0.002567 0.014068 0.029030 0.165681 0.287305 0.050391 0.113608 0.311614 0.017206 0.008531 
0.011249 0.033618 0.069930 0.437265 0.214418 0.038034 0.060010 0.063471 0.025127 0.046878 
0.014624 0.040161 0.037198 0.236787 0.223461 0.021163 0.105008 0.186810 0.069127 0.065661 
0.005480 0.028082 0.064347 0.259080 0.134794 0.025815 0.116729 0.223783 0.057769 0.084121 
0.010788 0.045900 0.111405 0.167429 0.200194 0.095855 0.079179 0.142934 0.076025 0.070290 
0.003403 0.014430 0.023441 0.158889 0.077716 0.061379 0.475466 0.033752 0.052767 0.098757 
0.003160 0.008545 0.014106 0.058463 0.043103 0.063397 0.433264 0.076813 0.047311 0.251839 
0.002412 0.008594 0.011008 0.055074 0.053284 0.065509 0.416071 0.079916 0.052147 0.255984 
0.000982 0.005654 0.012159 0.065677 0.036774 0.056806 0.430354 0.099862 0.082746 0.208988 
0.000359 0.002391 0.004966 0.056707 0.046679 0.031462 0.453419 0.143614 0.086000 0.174402 
0.001629 0.007806 0.015414 0.058402 0.186850 0.012014 0.117201 0.397838 0.087347 0.115498 
0.008963 0.034894 0.052945 0.147853 0.212426 0.009017 0.118210 0.315651 0.033883 0.066158 
0.008529 0.039182 0.059067 0.201197 0.141362 0.018336 0.063196 0.197827 0.088123 0.183181 
0.001503 0.009891 0.023376 0.123556 0.268380 0.043182 0.092630 0.291650 0.055520 0.090312 
0.008287 0.030328 0.044658 0.193610 0.151708 0.049440 0.106920 0.151430 0.071930 0.191689 
0.004688 0.022283 0.034990 0.156887 0.214716 0.048518 0.081567 0.184729 0.071418 0.180204 
0.011650 0.045296 0.062318 0.120796 0.257301 0.032513 0.108604 0.243061 0.029974 0.088488 
0.010160 0.044964 0.066855 0.232774 0.164119 0.024364 0.038549 0.185472 0.063641 0.169102 
0.008058 0.030511 0.048075 0.260451 0.195676 0.040034 0.095359 0.176326 0.029541 0.115968 
0.004750 0.021923 0.038405 0.156443 0.315872 0.051782 0.105380 0.260551 0.022783 0.022111 
0.010754 0.041785 0.063556 0.230556 0.131452 0.024793 0.060528 0.206697 0.073535 0.156345 
0.010864 0.046012 0.075984 0.286808 0.193452 0.011079 0.055753 0.195051 0.031163 0.093833 
0.001536 0.006698 0.023218 0.096752 0.305058 0.030999 0.067274 0.273861 0.083158 0.111445 
0.007460 0.029575 0.050689 0.150544 0.291828 0.009378 0.082990 0.232478 0.049426 0.095632 
0.007103 0.033402 0.059109 0.322941 0.065334 0.016102 0.157678 0.261428 0.041636 0.035265 
0.011473 0.039116 0.061215 0.162878 0.324667 0.010314 0.057757 0.227293 0.046109 0.059177 
0.002175 0.014687 0.018798 0.043363 0.595392 0.017276 0.024957 0.187133 0.035320 0.060901 
0.010181 0.044764 0.073395 0.307715 0.271714 0.043505 0.038461 0.188776 0.012871 0.008619 
0.005514 0.024899 0.058625 0.149070 0.403378 0.029280 0.066423 0.149224 0.054495 0.059093 
0.011552 0.028979 0.077614 0.134402 0.515395 0.063828 0.052473 0.068958 0.025636 0.021164 
0.004436 0.043195 0.117231 0.130897 0.518231 0.037178 0.020747 0.049798 0.026866 0.051421 
0.010859 0.041847 0.109831 0.267963 0.364079 0.060423 0.052685 0.033343 0.025062 0.033909 
0.015575 0.044403 0.171322 0.231046 0.312244 0.035683 0.036851 0.070796 0.022925 0.059154 
0.004782 0.085146 0.122424 0.116905 0.347980 0.188121 0.045171 0.041200 0.017438 0.030832 
0.019688 0.067076 0.126768 0.106374 0.212476 0.306334 0.033276 0.057449 0.024285 0.046274 
0.010319 0.069576 0.200745 0.127829 0.300909 0.116552 0.067542 0.036064 0.044725 0.025738 
0.019128 0.057595 0.237303 0.154465 0.351191 0.077121 0.037757 0.026422 0.018672 0.020347 
0.036503 0.049026 0.207533 0.208772 0.305765 0.056949 0.040166 0.049806 0.017299 0.028180 
0.017812 0.049997 0.202592 0.297721 0.262636 0.073428 0.027519 0.035124 0.010807 0.022362 
0.020507 0.012499 0.171999 0.362219 0.249290 0.055114 0.037408 0.040453 0.029516 0.020994 
0.026749 0.027457 0.106843 0.429171 0.260018 0.053562 0.024365 0.026257 0.023914 0.021664 
0.010852 0.042304 0.093174 0.412821 0.315335 0.046478 0.029081 0.022129 0.012240 0.015585 
0.024626 0.042308 0.080391 0.445081 0.240641 0.058652 0.044430 0.029709 0.017354 0.016809 
0.002184 0.050505 0.123932 0.431972 0.254737 0.048567 0.026423 0.037705 0.013079 0.010896 
0.013178 0.017536 0.062424 0.463535 0.346318 0.022486 0.022077 0.027555 0.013814 0.011076 
0.016834 0.031380 0.052308 0.436125 0.283366 0.059957 0.037576 0.031501 0.029492 0.021460 
0.012212 0.019243 0.089441 0.421483 0.205861 0.079204 0.064312 0.046334 0.038896 0.023013 
0.015461 0.009722 0.093404 0.432297 0.302390 0.046583 0.036534 0.022342 0.025038 0.016228 
0.006721 0.042164 0.158438 0.448948 0.243487 0.030038 0.035020 0.013665 0.011486 0.010033 
0.018857 0.033717 0.161383 0.434965 0.223440 0.048023 0.034915 0.022117 0.013160 0.009422 
0.003647 0.043294 0.173063 0.424968 0.232797 0.047403 0.034655 0.014622 0.017240 0.008313 
0.024812 0.048520 0.166878 0.368522 0.274199 0.046907 0.025553 0.021050 0.013438 0.010120 
0.010577 0.030281 0.148558 0.370394 0.288560 0.051621 0.032029 0.027934 0.023989 0.016057 
0.021836 0.052024 0.155796 0.312988 0.251839 0.058889 0.061436 0.040214 0.028312 0.016665 
0.008410 0.034539 0.201531 0.339149 0.306085 0.040354 0.019954 0.023074 0.018941 0.007964 
0.010860 0.021773 0.271294 0.275620 0.295235 0.031917 0.027848 0.016946 0.017193 0.031314 
0.011546 0.013272 0.237023 0.321558 0.285919 0.047091 0.023066 0.020207 0.020647 0.019671 
0.006775 0.061682 0.274235 0.307599 0.232152 0.029994 0.027416 0.019747 0.018977 0.021423 
0.026686 0.057326 0.268667 0.307515 0.205379 0.027169 0.045978 0.019932 0.014376 0.026972 
0.009906 0.049041 0.274386 0.327642 0.176299 0.042966 0.036747 0.038463 0.022746 0.021802 
0.026612 0.058967 0.247664 0.268515 0.198949 0.052102 0.051367 0.028826 0.035379 0.031618 
0.017353 0.012859 0.228325 0.321576 0.244893 0.043642 0.040457 0.025373 0.032636 0.032886 
0.011586 0.028770 0.220444 0.240386 0.271600 0.084609 0.029886 0.045606 0.034466 0.032646 
0.006712 0.052214 0.182688 0.224378 0.312590 0.083912 0.060400 0.026700 0.021139 0.029267 
0.017521 0.014708 0.175467 0.224770 0.415907 0.056738 0.032389 0.017229 0.022413 0.022858 
0.012993 0.030641 0.179797 0.150539 0.493392 0.063019 0.027868 0.015063 0.017451 0.009238 
0.003568 0.021673 0.149017 0.200077 0.467794 0.068275 0.030730 0.025270 0.018549 0.015047 
0.008249 0.013906 0.150765 0.172700 0.477007 0.060314 0.046160 0.027085 0.026375 0.017437 
0.014254 0.025831 0.173222 0.110609 0.536549 0.052957 0.036815 0.019557 0.015582 0.014624 
0.006618 0.020773 0.168371 0.140345 0.486285 0.058423 0.051670 0.031541 0.024439 0.011535 
0.008487 0.066086 0.178943 0.113449 0.491992 0.054876 0.034496 0.018770 0.019405 0.013495 
0.015224 0.037625 0.133014 0.133485 0.507505 0.061808 0.038670 0.026090 0.025609 0.020969 
0.014938 0.033857 0.155068 0.167872 0.523540 0.048501 0.021396 0.011223 0.014013 0.009591 
0.001439 0.032233 0.162321 0.193274 0.444687 0.063113 0.045224 0.024466 0.020022 0.013221 
0.015932 0.032024 0.157184 0.186990 0.424507 0.073728 0.042675 0.028392 0.024063 0.014505 
0.009585 0.027392 0.193653 0.179516 0.453929 0.054067 0.031956 0.021912 0.016047 0.011941 
0.006442 0.017018 0.176325 0.194789 0.474963 0.049546 0.036741 0.022044 0.010172 0.011962 
0.002508 0.035918 0.171024 0.183161 0.493713 0.051234 0.025787 0.016963 0.011281 0.008411 
0.016101 0.055119 0.127767 0.151938 0.476326 0.067628 0.046909 0.024932 0.018507 0.014772 
0.003377 0.026672 0.157344 0.162694 0.472741 0.060449 0.043412 0.025343 0.031145 0.016823 
0.003154 0.036939 0.259899 0.193015 0.211083 0.060471 0.107942 0.046858 0.049958 0.030681 
0.001641 0.005126 0.161868 0.108117 0.208971 0.064109 0.219955 0.130771 0.066794 0.032646 
0.006410 0.031277 0.135202 0.153448 0.170574 0.088827 0.093163 0.205196 0.060024 0.055880 
0.002752 0.012227 0.042219 0.205725 0.074180 0.143430 0.058076 0.314319 0.040725 0.106348 
0.005514 0.029850 0.091663 0.347440 0.061179 0.165037 0.041432 0.195753 0.017999 0.044133 
0.004530 0.018248 0.101372 0.323642 0.062431 0.141469 0.044957 0.185283 0.027092 0.090977 
0.005117 0.024433 0.102738 0.344334 0.045846 0.143584 0.052588 0.179715 0.036033 0.065613 
0.000298 0.010218 0.038201 0.444976 0.072726 0.218046 0.027683 0.137973 0.035613 0.014265 
0.003139 0.019792 0.064116 0.452885 0.090922 0.184389 0.041388 0.100586 0.026611 0.016174 
0.000593 0.012998 0.051337 0.585836 0.074200 0.152848 0.037847 0.050341 0.013948 0.020052 
0.000564 0.007448 0.050150 0.682621 0.065991 0.092659 0.023195 0.039521 0.014478 0.023373 
0.005347 0.022712 0.042246 0.695196 0.055212 0.092956 0.014678 0.049036 0.012333 0.010284 
0.011496 0.049128 0.117245 0.565115 0.055716 0.104245 0.009364 0.062274 0.008568 0.016849 
0.005466 0.035138 0.175875 0.328916 0.132566 0.063653 0.068296 0.083391 0.053557 0.053142 
0.002594 0.017311 0.083504 0.355587 0.160857 0.108072 0.059374 0.099157 0.061886 0.051658 
0.004812 0.048902 0.105007 0.258566 0.281920 0.062881 0.054487 0.045400 0.073527 0.064496 
0.007232 0.033683 0.069657 0.415521 0.086982 0.062350 0.233750 0.042755 0.031067 0.017003 
0.000784 0.006052 0.013540 0.264215 0.060028 0.070288 0.428017 0.056234 0.053288 0.047554 
0.009093 0.033759 0.053693 0.174299 0.035570 0.068597 0.439951 0.082848 0.077892 0.024299 
0.006276 0.033262 0.045536 0.175169 0.030494 0.062907 0.455264 0.076416 0.049919 0.064757 
0.007193 0.033193 0.053479 0.278563 0.055830 0.053275 0.345379 0.077427 0.043713 0.051949 
0.005789 0.040004 0.104772 0.246791 0.122861 0.026285 0.313710 0.037257 0.042591 0.059938 
0.001142 0.041296 0.097167 0.209903 0.171046 0.071747 0.277984 0.041988 0.043446 0.044281 
0.003230 0.008506 0.043250 0.066155 0.477827 0.064309 0.095516 0.212389 0.016510 0.012308 
0.004285 0.020072 0.025648 0.122482 0.239412 0.051742 0.137083 0.339554 0.038644 0.021079 
0.008654 0.036551 0.055019 0.195106 0.165147 0.015041 0.071651 0.381388 0.039100 0.032345 
0.006810 0.036794 0.051685 0.343124 0.112835 0.039208 0.132408 0.191632 0.049297 0.036206 
0.002463 0.014624 0.126571 0.216385 0.195728 0.064172 0.125625 0.198189 0.030779 0.025465 
0.005794 0.022611 0.126649 0.181381 0.269926 0.098130 0.090595 0.135477 0.030221 0.039217 
0.009157 0.042634 0.110769 0.184283 0.261748 0.059655 0.079304 0.207307 0.023391 0.021753 
0.014317 0.062829 0.085507 0.313296 0.345621 0.043894 0.019193 0.046778 0.034789 0.033775 
0.006593 0.030132 0.041685 0.142078 0.129529 0.039554 0.079527 0.460652 0.037822 0.032427 
0.004634 0.020516 0.026705 0.036354 0.094558 0.046943 0.139991 0.462198 0.086272 0.081829 
0.005974 0.027311 0.029464 0.041901 0.105386 0.039924 0.109641 0.442260 0.110600 0.087539 
0.006888 0.029196 0.039438 0.065876 0.166624 0.014403 0.062635 0.383172 0.170190 0.061579 
0.000219 0.005666 0.021413 0.048001 0.205561 0.029251 0.034229 0.482631 0.094090 0.078939 
0.001406 0.006147 0.010063 0.025636 0.151293 0.032119 0.045388 0.458299 0.217182 0.052468 
0.005242 0.021996 0.035203 0.050783 0.123213 0.013165 0.049104 0.407360 0.230207 0.063726 
0.002190 0.010079 0.020399 0.040014 0.171698 0.024456 0.031848 0.388100 0.213070 0.098144 
0.001646 0.007551 0.012346 0.017995 0.211166 0.068582 0.075312 0.360728 0.155373 0.089301 
0.000381 0.003043 0.016975 0.044080 0.107283 0.264094 0.046634 0.128463 0.133948 0.255100 
0.004318 0.015261 0.027227 0.035196 0.112205 0.163668 0.029724 0.037075 0.147074 0.428252 
0.008944 0.033265 0.044688 0.065785 0.150016 0.163786 0.022924 0.044558 0.120816 0.345217 
0.001432 0.011926 0.019560 0.049447 0.038375 0.279601 0.046476 0.039365 0.089562 0.424256 
0.001854 0.006588 0.018742 0.065562 0.108827 0.422616 0.112747 0.064416 0.068769 0.129878 
0.008048 0.035644 0.049459 0.093125 0.076513 0.507770 0.090263 0.022453 0.046953 0.069772 
0.006821 0.018526 0.027414 0.067317 0.065517 0.581374 0.106433 0.048845 0.022091 0.055663 
0.007211 0.025588 0.032097 0.051541 0.104447 0.528511 0.124365 0.063059 0.035907 0.027275 
0.003778 0.016383 0.031306 0.048134 0.086561 0.551311 0.146157 0.059402 0.033761 0.023208 
0.002494 0.017155 0.026704 0.052417 0.058718 0.697812 0.083438 0.025372 0.015322 0.020568 
0.000978 0.004658 0.015672 0.037092 0.092345 0.624457 0.130984 0.045968 0.026527 0.021319 
0.008552 0.032275 0.059584 0.099430 0.230533 0.382613 0.077459 0.048976 0.026993 0.033586 
0.004039 0.019216 0.029899 0.066778 0.366606 0.338632 0.067269 0.040336 0.034723 0.032501 
0.007204 0.026032 0.043194 0.085826 0.617580 0.121418 0.032650 0.023155 0.037684 0.005256 
0.001298 0.011276 0.024155 0.061403 0.201298 0.533107 0.065854 0.037442 0.031154 0.033013 
0.007994 0.025118 0.076363 0.179026 0.245811 0.302646 0.055518 0.023763 0.033465 0.050295 
0.002122 0.013752 0.121990 0.265092 0.261881 0.214558 0.042513 0.032555 0.024169 0.021367 
0.002723 0.040470 0.097318 0.292610 0.221228 0.160849 0.033522 0.038948 0.066771 0.045561 
0.001998 0.011434 0.038711 0.070557 0.510135 0.040380 0.061100 0.227395 0.029008 0.009283 
0.004034 0.013718 0.031857 0.095657 0.304634 0.057866 0.097275 0.334904 0.042749 0.017306 
0.000412 0.006008 0.026086 0.159858 0.088158 0.037925 0.233520 0.326837 0.068213 0.052983 
0.001532 0.011570 0.025128 0.199918 0.114637 0.033870 0.201824 0.319419 0.058528 0.033574 
0.007358 0.029483 0.044989 0.215421 0.171397 0.044349 0.111054 0.304657 0.031050 0.040243 
0.010222 0.042576 0.076678 0.269257 0.182900 0.022978 0.070766 0.288427 0.017515 0.018682 
0.012275 0.047941 0.081125 0.251027 0.237544 0.027246 0.046997 0.255054 0.015891 0.024900 
0.007653 0.031611 0.060122 0.295243 0.195213 0.035771 0.070975 0.229124 0.028574 0.045713 
0.007429 0.032398 0.065419 0.564550 0.078446 0.052929 0.090861 0.057971 0.026120 0.023878 
0.012750 0.050493 0.095420 0.436122 0.058959 0.015661 0.235219 0.033945 0.034479 0.026951 
0.005488 0.026149 0.039432 0.257691 0.056575 0.073883 0.409857 0.060110 0.036159 0.034656 
0.001114 0.003013 0.016780 0.302462 0.061668 0.041076 0.467137 0.018651 0.024429 0.063669 
0.000115 0.005007 0.023160 0.317215 0.084135 0.049360 0.403178 0.043652 0.034194 0.039983 
0.005452 0.017323 0.044962 0.434972 0.118274 0.053046 0.221820 0.046064 0.033048 0.025037 
0.001376 0.021736 0.077529 0.324805 0.207215 0.034336 0.145182 0.035306 0.099158 0.053358 
0.000324 0.033579 0.094565 0.313882 0.274549 0.046876 0.133437 0.033090 0.048503 0.021196 
0.000661 0.027865 0.099691 0.307037 0.287270 0.078649 0.093683 0.041500 0.036671 0.026973 
0.011591 0.047177 0.113085 0.307720 0.286977 0.061056 0.090011 0.031507 0.028563 0.022312 
0.005524 0.048124 0.128991 0.334139 0.312224 0.055456 0.070339 0.013320 0.011230 0.020655 
0.004091 0.096968 0.146777 0.257961 0.291450 0.077988 0.067452 0.022621 0.016166 0.018525 
0.022006 0.052095 0.187881 0.212470 0.269196 0.075598 0.067364 0.048265 0.031102 0.034022 
