I-have-a-dream,ABBA
0.000000 0.000000 0.000000 0.000000 0.000000 0.000000 0.000000 0.000000 0.000000 0.000000 
0.000000 0.000000 0.000000 0.000000 0.000000 0.000000 0.000000 0.000000 0.000000 0.000000 
0.000000 0.000000 0.000000 0.000000 0.000000 0.000000 0.000000 0.000000 0.000000 0.000000 
0.000000 0.000000 0.000000 0.000000 0.000000 0.000000 0.000000 0.000000 0.000000 0.000000 
0.000000 0.000000 0.000000 0.000000 0.000000 0.000000 0.000000 0.000000 0.000000 0.000000 
0.000000 0.000000 0.000000 0.000000 0.000000 0.000000 0.000000 0.000000 0.000000 0.000000 
0.000000 0.000000 0.000000 0.000000 0.000000 0.000000 0.000000 0.000000 0.000000 0.000000 
0.000000 0.000000 0.000000 0.000000 0.000000 0.000000 0.000000 0.000000 0.000000 0.000000 
0.000000 0.000000 0.000000 0.000000 0.000000 0.000000 0.000000 0.000000 0.000000 0.000000 
0.000000 0.000000 0.000000 0.000000 0.000000 0.000000 0.000000 0.000000 0.000000 0.000000 
0.000000 0.000000 0.000000 0.000000 0.000000 0.000000 0.000000 0.000000 0.000000 0.000000 
0.000000 0.000000 0.000000 0.000000 0.000000 0.000000 0.000000 0.000000 0.000000 0.000000 
0.000000 0.000000 0.000000 0.000000 0.000000 0.000000 0.000000 0.000000 0.000000 0.000000 
0.000000 0.000000 0.000000 0.000000 0.000000 0.000000 0.000000 0.000000 0.000000 0.000000 
0.000000 0.000000 0.000000 0.000000 0.000000 0.000000 0.000000 0.000000 0.000000 0.000000 
0.000000 0.000000 0.000000 0.000000 0.000000 0.000000 0.000000 0.000000 0.000000 0.000000 
0.000000 0.000000 0.000000 0.000000 0.000000 0.000000 0.000000 0.000000 0.000000 0.000000 
0.000000 0.000000 0.000000 0.000000 0.000000 0.000000 0.000000 0.000000 0.000000 0.000000 
0.000000 0.000000 0.000000 0.000000 0.000000 0.000000 0.000000 0.000000 0.000000 0.000000 
0.000000 0.000000 0.000000 0.000000 0.000000 0.000000 0.000000 0.000000 0.000000 0.000000 
0.000000 0.000000 0.000000 0.000000 0.000000 0.000000 0.000000 0.000000 0.000000 0.000000 
0.000000 0.000000 0.000000 0.000000 0.000000 0.000000 0.000000 0.000000 0.000000 0.000000 
0.000000 0.000000 0.000000 0.000000 0.000000 0.000000 0.000000 0.000000 0.000000 0.000000 
0.002693 0.028718 0.038989 0.129944 0.195298 0.153996 0.152690 0.095419 0.043181 0.159073 
0.002607 0.015054 0.057607 0.176496 0.167716 0.208928 0.185365 0.081511 0.016845 0.087870 
0.002673 0.011694 0.083379 0.086922 0.131134 0.165384 0.125363 0.256811 0.066575 0.070065 
0.010559 0.050736 0.147859 0.114556 0.079980 0.131625 0.095019 0.186495 0.059385 0.123786 
0.000384 0.023271 0.119052 0.099055 0.084146 0.208221 0.137698 0.215142 0.035460 0.077570 
0.004854 0.016918 0.123313 0.111859 0.073518 0.204845 0.091924 0.224259 0.078461 0.070049 
0.002790 0.011829 0.101064 0.149432 0.083753 0.159494 0.160183 0.155319 0.086915 0.089221 
0.002325 0.004149 0.134302 0.222775 0.104530 0.167086 0.135175 0.126111 0.024974 0.078572 
0.003511 0.008041 0.096418 0.098943 0.142905 0.158822 0.103638 0.248319 0.053431 0.085971 
0.000427 0.012126 0.163180 0.109313 0.161800 0.152902 0.076829 0.181241 0.051509 0.090673 
0.001506 0.004426 0.188472 0.147725 0.102521 0.173709 0.103990 0.160552 0.016639 0.100460 
0.001683 0.008489 0.167652 0.130700 0.110258 0.215793 0.098937 0.170111 0.028311 0.068067 
0.002326 0.007025 0.165781 0.167735 0.154606 0.189959 0.107582 0.109166 0.031523 0.064297 
0.008275 0.020644 0.185142 0.206531 0.124657 0.129398 0.098665 0.119746 0.039820 0.067122 
0.001876 0.014041 0.105754 0.131343 0.193866 0.091459 0.134870 0.190907 0.058083 0.077800 
0.007827 0.032466 0.132301 0.162833 0.129541 0.100907 0.115915 0.206748 0.064939 0.046522 
0.006445 0.032438 0.197091 0.176907 0.105562 0.081146 0.088501 0.174029 0.055465 0.082417 
0.005754 0.030779 0.165918 0.191735 0.058301 0.133237 0.089354 0.156529 0.059523 0.108871 
0.000316 0.012453 0.142034 0.233449 0.079649 0.154972 0.171512 0.099124 0.037503 0.068988 
0.003480 0.009521 0.145367 0.270392 0.136885 0.133265 0.070562 0.106784 0.042240 0.081503 
0.001912 0.008899 0.109638 0.162908 0.115876 0.147800 0.083371 0.250506 0.054223 0.064867 
0.005742 0.025670 0.202780 0.127307 0.119346 0.129580 0.080958 0.185318 0.050767 0.072531 
0.002125 0.011660 0.215890 0.090342 0.125487 0.182138 0.141368 0.164649 0.027558 0.038781 
0.001509 0.014780 0.116774 0.090186 0.121355 0.217394 0.118652 0.238606 0.028676 0.052068 
0.004315 0.011833 0.121968 0.108589 0.143236 0.161153 0.135888 0.197921 0.049569 0.065529 
0.001050 0.016647 0.149969 0.103586 0.220125 0.098486 0.123466 0.189944 0.041206 0.055521 
0.002053 0.019836 0.085319 0.109501 0.184817 0.177625 0.099705 0.233304 0.045259 0.042581 
0.000411 0.008865 0.160796 0.086502 0.222333 0.169126 0.086348 0.157352 0.056704 0.051563 
0.002959 0.011370 0.115648 0.113629 0.213631 0.147678 0.144764 0.191517 0.013215 0.045588 
0.000632 0.008462 0.080881 0.106811 0.217767 0.160580 0.093219 0.236232 0.047449 0.047966 
0.001070 0.004538 0.062931 0.126845 0.202689 0.157995 0.153778 0.213828 0.036367 0.039960 
0.001611 0.017275 0.122644 0.251518 0.107303 0.071459 0.154351 0.160164 0.036020 0.077654 
0.002345 0.017653 0.102837 0.134395 0.115522 0.114408 0.154519 0.262647 0.034361 0.061313 
0.000336 0.020075 0.171846 0.123685 0.112515 0.154584 0.076558 0.200724 0.036583 0.103092 
0.002421 0.012990 0.157275 0.128003 0.177896 0.144810 0.092774 0.170770 0.021584 0.091477 
0.002610 0.014559 0.104730 0.141992 0.205515 0.123584 0.057225 0.213922 0.023186 0.112677 
0.006740 0.016418 0.131148 0.135527 0.198419 0.127111 0.090289 0.163382 0.022595 0.108370 
0.004125 0.007644 0.135594 0.181310 0.173007 0.092919 0.045928 0.193335 0.038879 0.127259 
0.004441 0.007176 0.121745 0.174185 0.170837 0.142946 0.064105 0.186184 0.041989 0.086393 
0.000629 0.014059 0.231364 0.106493 0.073144 0.155015 0.119442 0.157164 0.063797 0.078893 
0.002823 0.028832 0.225273 0.140364 0.095468 0.189651 0.089268 0.131245 0.033738 0.063338 
0.003771 0.032338 0.162815 0.190089 0.132725 0.186690 0.127766 0.072011 0.011665 0.080129 
0.002789 0.007903 0.163874 0.194260 0.229059 0.084303 0.113730 0.087582 0.030107 0.086393 
0.002186 0.005482 0.169904 0.179664 0.257240 0.089699 0.103429 0.072339 0.064322 0.055736 
0.003308 0.019568 0.189992 0.224240 0.137326 0.053228 0.154672 0.104363 0.046958 0.066343 
0.002936 0.012935 0.148274 0.051752 0.155134 0.178744 0.223621 0.121838 0.045627 0.059137 
0.005082 0.015050 0.168172 0.091602 0.132292 0.173047 0.234857 0.072098 0.041882 0.065919 
0.006004 0.011632 0.118015 0.075029 0.141178 0.214229 0.166168 0.118837 0.065384 0.083523 
0.000986 0.020095 0.147896 0.095765 0.155233 0.199504 0.093138 0.102101 0.059529 0.125752 
0.005530 0.012669 0.265928 0.142577 0.087744 0.083306 0.156556 0.164864 0.012531 0.068294 
0.001769 0.011313 0.267622 0.184511 0.067282 0.123444 0.148386 0.070693 0.043203 0.081778 
0.005243 0.026787 0.213124 0.127638 0.136685 0.109004 0.154708 0.141124 0.053202 0.032484 
0.003999 0.018314 0.229477 0.214974 0.159432 0.072353 0.128655 0.105274 0.019261 0.048261 
0.000721 0.011226 0.125464 0.231623 0.155443 0.081708 0.204560 0.128280 0.021753 0.039222 
0.008856 0.025043 0.111561 0.222044 0.141603 0.073931 0.224327 0.122053 0.027165 0.043416 
0.004235 0.012429 0.085068 0.325519 0.124259 0.117127 0.180656 0.088112 0.019496 0.043100 
0.003387 0.018546 0.095440 0.277970 0.130839 0.110250 0.131856 0.096611 0.026262 0.108840 
0.000222 0.013840 0.209909 0.183346 0.113847 0.090203 0.226067 0.089935 0.053860 0.018770 
0.002090 0.017800 0.242677 0.190670 0.131347 0.090257 0.167156 0.095827 0.020882 0.041293 
0.002306 0.007602 0.097451 0.238860 0.158227 0.104251 0.224708 0.088763 0.029951 0.047882 
0.007520 0.015775 0.107311 0.219524 0.106119 0.099045 0.271533 0.119229 0.013481 0.040463 
0.002090 0.010988 0.140329 0.303376 0.153069 0.086183 0.191236 0.080530 0.013525 0.018673 
0.002873 0.018027 0.151566 0.295902 0.140292 0.065642 0.107247 0.071239 0.057894 0.089316 
0.000833 0.018280 0.189921 0.182009 0.112474 0.119465 0.126014 0.082237 0.038315 0.130451 
0.005513 0.017365 0.156635 0.257629 0.174896 0.101642 0.104018 0.073117 0.018759 0.090425 
0.004868 0.015490 0.123417 0.246724 0.119644 0.094522 0.203591 0.060839 0.017670 0.113235 
0.010052 0.027448 0.135500 0.222701 0.117363 0.151036 0.197783 0.051734 0.017473 0.068912 
0.002062 0.007057 0.126584 0.222354 0.117454 0.077016 0.174634 0.056518 0.051556 0.164764 
0.007397 0.041557 0.176587 0.232741 0.095479 0.055409 0.139235 0.074798 0.034323 0.142473 
0.007803 0.042039 0.289851 0.155271 0.092537 0.062261 0.108847 0.054180 0.064100 0.123110 
0.003062 0.010887 0.214379 0.213206 0.076471 0.104394 0.094558 0.086884 0.065623 0.130535 
0.008958 0.042514 0.239466 0.257575 0.119663 0.079065 0.076103 0.064513 0.028882 0.083260 
0.000591 0.021671 0.239523 0.303088 0.130396 0.047482 0.061317 0.058348 0.024510 0.113073 
0.005217 0.011075 0.266709 0.215092 0.098026 0.047572 0.112430 0.094592 0.026793 0.122493 
0.000707 0.026944 0.179896 0.242069 0.076937 0.085173 0.132847 0.067771 0.072657 0.115000 
0.003400 0.026831 0.224376 0.148242 0.071070 0.134532 0.192505 0.066952 0.038829 0.093265 
0.000327 0.020785 0.153865 0.218728 0.079780 0.126298 0.212532 0.065404 0.058347 0.063934 
0.003509 0.017232 0.156857 0.216578 0.083083 0.136862 0.173311 0.077242 0.030909 0.104418 
0.000690 0.009713 0.127524 0.292468 0.063257 0.092222 0.218272 0.057430 0.040172 0.098252 
0.009526 0.051699 0.187157 0.267566 0.049811 0.069473 0.205735 0.057923 0.032657 0.068453 
0.008112 0.046699 0.142982 0.236950 0.085858 0.128293 0.141332 0.086350 0.047594 0.075830 
0.006079 0.027323 0.087174 0.168095 0.087017 0.105548 0.195952 0.130145 0.103323 0.089344 
0.005506 0.008544 0.103891 0.245189 0.055043 0.067610 0.284652 0.075488 0.049973 0.104102 
0.002147 0.026667 0.104269 0.201639 0.076404 0.074853 0.316379 0.071937 0.040889 0.084817 
0.000881 0.008422 0.078255 0.188214 0.135624 0.088747 0.245399 0.055661 0.060568 0.138227 
0.000583 0.013964 0.104737 0.176094 0.181645 0.130763 0.187440 0.068643 0.042302 0.093828 
0.011012 0.036744 0.068001 0.099901 0.234277 0.094979 0.126046 0.058349 0.196518 0.074172 
0.008057 0.026998 0.213893 0.064227 0.208821 0.114358 0.109012 0.054292 0.134903 0.065438 
0.001933 0.008146 0.180594 0.064051 0.160360 0.165701 0.133734 0.062592 0.179838 0.043052 
0.004892 0.015078 0.171176 0.101403 0.105596 0.174184 0.121602 0.061897 0.174402 0.069770 
0.001118 0.020267 0.172408 0.153919 0.146838 0.070868 0.132108 0.072800 0.177402 0.052272 
0.001329 0.010447 0.136465 0.168111 0.130155 0.171809 0.131622 0.048114 0.099631 0.102317 
0.002774 0.006686 0.188196 0.201374 0.116823 0.112024 0.101063 0.056008 0.080232 0.134821 
0.003086 0.024950 0.234875 0.159660 0.077131 0.094123 0.080671 0.104243 0.045415 0.175845 
0.001737 0.015136 0.140126 0.133500 0.129080 0.113289 0.190826 0.087298 0.042325 0.146682 
0.003052 0.017046 0.134914 0.170685 0.146344 0.110275 0.165527 0.065874 0.051830 0.134453 
0.006052 0.034516 0.142056 0.187411 0.117919 0.156996 0.144969 0.057026 0.036920 0.116134 
0.000700 0.014997 0.139167 0.267602 0.086424 0.177568 0.122655 0.074067 0.068521 0.048299 
0.006686 0.026495 0.190019 0.139315 0.134970 0.053967 0.112370 0.163612 0.103865 0.068702 
0.000695 0.015040 0.072997 0.128195 0.273239 0.153658 0.045406 0.214246 0.047878 0.048646 
0.002246 0.020066 0.046242 0.123879 0.338288 0.117809 0.069129 0.183045 0.047270 0.052026 
0.010017 0.043922 0.090434 0.118036 0.210294 0.120325 0.028246 0.216831 0.073441 0.088455 
0.006422 0.025657 0.058673 0.147395 0.163579 0.132263 0.028251 0.276865 0.085790 0.075107 
0.000341 0.006058 0.034571 0.185148 0.169059 0.136394 0.062661 0.097433 0.187253 0.121081 
0.009766 0.056240 0.217680 0.182511 0.102190 0.079796 0.073321 0.086561 0.131187 0.060748 
0.007683 0.054678 0.173476 0.185681 0.071283 0.099062 0.053347 0.188690 0.093274 0.072826 
0.005663 0.022962 0.172299 0.183319 0.108135 0.098959 0.051208 0.171574 0.086970 0.098911 
0.008580 0.015011 0.150225 0.154571 0.191315 0.073976 0.053129 0.202213 0.078065 0.072916 
0.004572 0.012636 0.149473 0.161975 0.236730 0.077695 0.040469 0.134012 0.078332 0.104105 
0.008156 0.039813 0.174164 0.141149 0.177247 0.134245 0.038523 0.162308 0.049879 0.074516 
0.004821 0.020639 0.173090 0.149306 0.107633 0.172138 0.045995 0.157404 0.080562 0.088410 
0.005830 0.029041 0.147216 0.134477 0.095667 0.204549 0.069397 0.157369 0.095190 0.061265 
0.006810 0.033591 0.089715 0.106474 0.132638 0.252327 0.027622 0.178826 0.102507 0.069489 
0.006383 0.033402 0.099031 0.081447 0.169951 0.195554 0.044035 0.142664 0.129865 0.097668 
0.002898 0.024213 0.095150 0.095660 0.239938 0.132559 0.040375 0.115811 0.174373 0.079025 
0.009225 0.045139 0.166043 0.102939 0.269900 0.070516 0.025400 0.126645 0.129000 0.055192 
0.008878 0.037971 0.159950 0.126016 0.194171 0.082698 0.043470 0.187020 0.089651 0.070174 
0.009700 0.029123 0.343357 0.134673 0.127799 0.092371 0.048425 0.114766 0.054232 0.045556 
0.001861 0.015218 0.243480 0.145319 0.134429 0.126264 0.073033 0.136340 0.063461 0.060594 
0.005516 0.029123 0.176463 0.139697 0.171022 0.118259 0.059132 0.124397 0.080258 0.096133 
0.004236 0.006991 0.161567 0.141331 0.215368 0.063491 0.023168 0.170753 0.104655 0.108441 
0.004077 0.012575 0.191480 0.104580 0.207687 0.081510 0.049436 0.118742 0.133469 0.096445 
0.001058 0.010821 0.182371 0.105781 0.159499 0.088481 0.040844 0.161266 0.098378 0.151501 
0.001020 0.016316 0.230495 0.108611 0.185655 0.071978 0.039259 0.151964 0.081954 0.112750 
0.001047 0.013222 0.196639 0.102240 0.196920 0.089306 0.065320 0.144175 0.089276 0.101855 
0.003189 0.010818 0.138826 0.112398 0.150036 0.145801 0.082811 0.217501 0.065271 0.073349 
0.007286 0.026375 0.151466 0.089792 0.105905 0.155844 0.079024 0.230229 0.072425 0.081654 
0.002686 0.009504 0.140049 0.071154 0.183910 0.097518 0.050783 0.188997 0.121542 0.133857 
0.005519 0.019094 0.173872 0.041139 0.224553 0.080088 0.042648 0.110675 0.176308 0.126103 
0.010241 0.061901 0.099604 0.086172 0.167630 0.083623 0.049647 0.156070 0.113613 0.171499 
0.007589 0.046082 0.273172 0.129028 0.091367 0.029191 0.057236 0.178606 0.108041 0.079688 
0.002181 0.016382 0.266734 0.145455 0.112892 0.035346 0.037939 0.177810 0.091232 0.114030 
0.005898 0.016839 0.336917 0.170079 0.108149 0.032042 0.048913 0.095874 0.063681 0.121608 
0.005617 0.028701 0.319552 0.134258 0.101096 0.095225 0.041849 0.132429 0.039855 0.101417 
0.004262 0.016751 0.256697 0.107578 0.083403 0.104148 0.028634 0.169608 0.087720 0.141199 
0.000623 0.012710 0.283844 0.095575 0.080015 0.095174 0.038049 0.164177 0.128104 0.101729 
0.007802 0.022377 0.250687 0.079152 0.130043 0.090944 0.062904 0.160665 0.107994 0.087432 
0.006986 0.025782 0.324528 0.080694 0.135615 0.090150 0.031660 0.123302 0.082846 0.098437 
0.002232 0.008058 0.326389 0.080641 0.132566 0.069685 0.044009 0.151626 0.093588 0.091206 
0.007928 0.012166 0.355146 0.082813 0.086959 0.044988 0.058962 0.131155 0.143617 0.076265 
0.000352 0.011507 0.305506 0.082706 0.045769 0.032601 0.039887 0.200757 0.156928 0.123987 
0.003004 0.027647 0.353505 0.179193 0.090184 0.048389 0.070583 0.090000 0.073126 0.064370 
0.008987 0.039713 0.411085 0.211379 0.043027 0.040683 0.036262 0.092600 0.049935 0.066329 
0.003870 0.044198 0.256060 0.245260 0.094713 0.069311 0.026346 0.085998 0.048567 0.125676 
0.001326 0.015726 0.240516 0.254886 0.133471 0.037134 0.037674 0.098975 0.055237 0.125055 
0.009822 0.032474 0.255259 0.233658 0.107052 0.051859 0.014287 0.115963 0.066515 0.113112 
0.003569 0.010955 0.247687 0.222293 0.082735 0.087977 0.030112 0.135746 0.099126 0.079800 
0.008591 0.026085 0.155417 0.224894 0.082345 0.118745 0.045261 0.168154 0.057494 0.113016 
0.000552 0.015071 0.288586 0.196736 0.108271 0.082554 0.039411 0.103270 0.085175 0.080375 
0.005920 0.033233 0.245848 0.207673 0.083623 0.030748 0.045284 0.067511 0.159866 0.120296 
0.000307 0.005528 0.190228 0.175119 0.068349 0.036520 0.051145 0.143171 0.200135 0.129499 
0.003640 0.024550 0.191023 0.172462 0.084915 0.063719 0.034763 0.185586 0.131826 0.107515 
0.001938 0.014097 0.204628 0.181915 0.107429 0.095859 0.042645 0.162647 0.093600 0.095243 
0.000851 0.009486 0.279163 0.191947 0.107054 0.106807 0.046649 0.058902 0.064551 0.134590 
0.003846 0.029254 0.398161 0.102720 0.121151 0.071175 0.071895 0.077696 0.065371 0.058733 
0.002509 0.023923 0.297690 0.128200 0.120248 0.063411 0.025186 0.119996 0.076564 0.142271 
0.000949 0.028207 0.170315 0.141544 0.120744 0.051464 0.038050 0.188568 0.101699 0.158460 
0.007832 0.017911 0.167364 0.165612 0.105637 0.033709 0.057936 0.211593 0.064714 0.167692 
0.005502 0.017487 0.157208 0.177920 0.073713 0.075277 0.046794 0.143230 0.079242 0.223626 
0.006205 0.023961 0.132820 0.185151 0.114285 0.085187 0.028040 0.107727 0.159376 0.157248 
0.006827 0.025632 0.228869 0.161087 0.062782 0.073720 0.052178 0.137961 0.159630 0.091314 
0.000097 0.010685 0.203149 0.133155 0.078717 0.060340 0.039200 0.144767 0.193429 0.136461 
0.003363 0.028138 0.216310 0.140075 0.104585 0.017201 0.032941 0.114481 0.198636 0.144269 
0.003064 0.019641 0.262901 0.135901 0.119037 0.055094 0.032983 0.126268 0.133105 0.112005 
0.002366 0.016548 0.221677 0.114487 0.087389 0.102650 0.051451 0.147028 0.080134 0.176269 
0.002408 0.015821 0.174545 0.109533 0.092883 0.145579 0.045471 0.172438 0.086595 0.154727 
0.005815 0.038435 0.261904 0.170437 0.099822 0.041779 0.084189 0.113994 0.073808 0.109816 
0.005856 0.019869 0.261618 0.212951 0.110165 0.052345 0.038556 0.131549 0.072940 0.094153 
0.000414 0.026302 0.274269 0.193148 0.087516 0.061051 0.068692 0.112491 0.082906 0.093212 
0.006507 0.015907 0.209104 0.187684 0.097996 0.043885 0.093539 0.117397 0.104175 0.123806 
0.000776 0.016366 0.261754 0.155361 0.073997 0.048441 0.074237 0.156829 0.137091 0.075149 
0.000804 0.015687 0.257443 0.163690 0.085426 0.051517 0.060735 0.155925 0.112494 0.096280 
0.008672 0.027393 0.271902 0.141469 0.110425 0.048653 0.067719 0.106855 0.078524 0.138388 
0.010204 0.039304 0.167691 0.230664 0.084225 0.084240 0.085967 0.151535 0.102003 0.044168 
0.002792 0.027640 0.173971 0.196574 0.076734 0.102778 0.075177 0.182088 0.099002 0.063244 
0.001519 0.011876 0.127460 0.216978 0.048755 0.094653 0.072557 0.190245 0.126755 0.109201 
0.008527 0.025928 0.102179 0.269524 0.063927 0.071271 0.051400 0.150469 0.128203 0.128571 
0.002552 0.017878 0.160787 0.291440 0.095225 0.026060 0.055994 0.158377 0.079088 0.112599 
0.002315 0.032853 0.120974 0.147753 0.133489 0.144871 0.072007 0.099133 0.172766 0.073838 
0.005238 0.032280 0.255560 0.138288 0.142069 0.105725 0.045439 0.090499 0.130440 0.054463 
0.001748 0.030182 0.230212 0.136406 0.111114 0.175276 0.054693 0.126242 0.079249 0.054879 
0.007881 0.015125 0.247034 0.164575 0.096205 0.171008 0.051823 0.097024 0.066238 0.083089 
0.003210 0.007881 0.241258 0.166427 0.092226 0.168729 0.042083 0.050613 0.134869 0.092706 
0.002891 0.015300 0.269028 0.191324 0.116301 0.079648 0.016425 0.101537 0.116683 0.090863 
0.003336 0.010273 0.221901 0.140042 0.069632 0.114727 0.124842 0.153806 0.097821 0.063618 
0.005821 0.030357 0.229388 0.104477 0.056323 0.123726 0.119764 0.136656 0.111636 0.081852 
0.003182 0.016728 0.204659 0.105294 0.081915 0.138989 0.170569 0.130470 0.086205 0.061990 
0.003045 0.016413 0.233070 0.127655 0.110321 0.157389 0.148392 0.095530 0.049728 0.058458 
0.003856 0.024790 0.240659 0.120604 0.068043 0.155506 0.065878 0.166789 0.041093 0.112783 
0.003003 0.015823 0.259827 0.124075 0.079670 0.066513 0.073381 0.205063 0.090438 0.082207 
0.002808 0.010538 0.166151 0.125508 0.087144 0.094998 0.268904 0.102819 0.087893 0.053237 
0.005025 0.039930 0.220832 0.167487 0.081435 0.128739 0.139981 0.123295 0.069523 0.023754 
0.005771 0.016875 0.195853 0.114905 0.065474 0.118103 0.263611 0.089235 0.072251 0.057923 
0.005325 0.040780 0.175351 0.087466 0.066334 0.132780 0.250805 0.078540 0.062185 0.100435 
0.005187 0.036680 0.244964 0.101077 0.083593 0.162039 0.120209 0.097894 0.048486 0.099872 
0.002988 0.038098 0.250603 0.058015 0.087206 0.145726 0.111437 0.134089 0.086928 0.084910 
0.000173 0.019922 0.210529 0.058586 0.034283 0.099277 0.240588 0.173797 0.072882 0.089963 
0.008267 0.038132 0.346851 0.058384 0.061093 0.063918 0.184334 0.126034 0.051268 0.061718 
0.006106 0.025787 0.193214 0.096401 0.128833 0.054908 0.091275 0.224081 0.111102 0.068292 
0.002121 0.011786 0.183398 0.058014 0.070182 0.085447 0.161321 0.203912 0.134110 0.089711 
0.004729 0.014840 0.100998 0.086822 0.051801 0.090415 0.237265 0.223331 0.101870 0.087928 
0.006163 0.016694 0.118051 0.069501 0.073672 0.116644 0.110282 0.308610 0.106141 0.074241 
0.000269 0.009338 0.085868 0.065138 0.079353 0.158483 0.261808 0.189000 0.084183 0.066561 
0.008020 0.046145 0.253229 0.085036 0.106251 0.084212 0.243005 0.082263 0.043525 0.048315 
0.001258 0.022637 0.324796 0.076615 0.105530 0.104131 0.167676 0.083137 0.034251 0.079968 
0.005484 0.015925 0.243666 0.122078 0.099916 0.108223 0.217157 0.083695 0.036825 0.067031 
0.003240 0.034133 0.230587 0.081352 0.099054 0.051707 0.244554 0.107792 0.039696 0.107885 
0.003102 0.007676 0.226590 0.108030 0.073330 0.098623 0.213011 0.113590 0.051695 0.104353 
0.001974 0.019010 0.226105 0.117972 0.071893 0.087292 0.232999 0.082988 0.024536 0.135230 
0.003970 0.011819 0.217145 0.158415 0.095510 0.129263 0.127728 0.110653 0.046600 0.098897 
0.003135 0.008226 0.142577 0.154868 0.065246 0.127020 0.229719 0.076091 0.085914 0.107204 
0.002600 0.006813 0.190161 0.187131 0.094148 0.168931 0.119416 0.078248 0.046766 0.105786 
0.003725 0.021268 0.222902 0.162041 0.081727 0.220448 0.102739 0.067155 0.021126 0.096868 
0.000868 0.010440 0.236611 0.167028 0.078865 0.158895 0.157960 0.062522 0.016790 0.110021 
0.002066 0.007894 0.189018 0.171770 0.070172 0.085873 0.195424 0.080810 0.080177 0.116797 
0.011095 0.049659 0.369125 0.170361 0.070399 0.078376 0.078581 0.034302 0.042876 0.095226 
0.004654 0.032719 0.316226 0.121939 0.096725 0.148239 0.056514 0.043268 0.035589 0.144128 
0.004010 0.012588 0.339586 0.178640 0.058299 0.099986 0.085598 0.066984 0.037262 0.117048 
0.002216 0.037923 0.356894 0.202248 0.066143 0.034491 0.066988 0.061044 0.032640 0.139413 
0.008505 0.017449 0.329954 0.192460 0.076913 0.097690 0.052459 0.038492 0.026296 0.159781 
0.000456 0.007089 0.263408 0.185009 0.081569 0.097045 0.111102 0.095148 0.016336 0.142837 
0.001010 0.017689 0.312586 0.218022 0.089010 0.056149 0.094919 0.053319 0.024152 0.133144 
0.003615 0.023218 0.222381 0.224239 0.086272 0.069739 0.109724 0.079255 0.027024 0.154532 
0.005802 0.028558 0.211595 0.192109 0.102888 0.131522 0.098493 0.072792 0.031213 0.125027 
0.001770 0.012205 0.210307 0.220444 0.099255 0.162539 0.091986 0.069327 0.014728 0.117439 
0.006193 0.028816 0.236028 0.230507 0.074242 0.143052 0.054468 0.091844 0.025064 0.109785 
0.004569 0.025197 0.204327 0.326773 0.052355 0.113614 0.089805 0.056372 0.011483 0.115506 
0.006102 0.039192 0.136116 0.242556 0.152876 0.088989 0.102820 0.053944 0.056690 0.120714 
0.001920 0.011898 0.194242 0.242197 0.132447 0.080670 0.101544 0.076887 0.044180 0.114015 
0.005175 0.026501 0.150243 0.296735 0.108174 0.143539 0.116042 0.019219 0.031820 0.102551 
0.002304 0.017034 0.164226 0.278749 0.099250 0.088780 0.121497 0.087530 0.027576 0.113054 
0.004801 0.032216 0.175473 0.293839 0.116029 0.077635 0.081631 0.076934 0.043968 0.097474 
0.001222 0.018650 0.178407 0.312289 0.086116 0.122526 0.091666 0.054782 0.021475 0.112868 
0.003461 0.012162 0.127606 0.312464 0.091060 0.151185 0.104350 0.080899 0.047233 0.069579 
0.001271 0.019332 0.215049 0.185878 0.075212 0.126311 0.092171 0.073483 0.058980 0.152313 
0.001616 0.015686 0.182423 0.227147 0.083225 0.152495 0.138252 0.062387 0.032118 0.104651 
0.007578 0.030631 0.121136 0.204948 0.085662 0.123521 0.180145 0.077153 0.031099 0.138126 
0.001324 0.014405 0.082168 0.219654 0.093339 0.191265 0.174789 0.049521 0.046722 0.126813 
0.001412 0.018997 0.078734 0.235620 0.074294 0.196478 0.114007 0.061863 0.040141 0.178454 
0.000051 0.029631 0.164502 0.242273 0.112992 0.084591 0.125987 0.081685 0.075016 0.083273 
0.001380 0.012898 0.381741 0.191803 0.083743 0.080734 0.073900 0.053142 0.044349 0.076311 
0.001238 0.023922 0.262728 0.226883 0.113934 0.109794 0.071696 0.062286 0.017341 0.110178 
0.011628 0.047228 0.292230 0.236836 0.077443 0.098123 0.038072 0.034698 0.013221 0.150521 
0.000621 0.011813 0.282310 0.266344 0.079050 0.058821 0.075867 0.039185 0.034685 0.151304 
0.001028 0.012600 0.236269 0.252083 0.100143 0.080560 0.074191 0.039940 0.034405 0.168782 
0.005794 0.044865 0.231756 0.248164 0.111627 0.097332 0.052258 0.068345 0.029717 0.110142 
0.006057 0.022668 0.185949 0.235271 0.108648 0.088525 0.077996 0.077966 0.054498 0.142423 
0.003603 0.022463 0.270723 0.217527 0.104730 0.079669 0.128829 0.061742 0.037415 0.073299 
0.002514 0.020003 0.168918 0.270753 0.154338 0.082831 0.110770 0.036278 0.020508 0.133088 
0.009235 0.029689 0.200453 0.227048 0.117879 0.123136 0.088626 0.066050 0.020684 0.117200 
0.007331 0.033501 0.175083 0.203258 0.087609 0.124698 0.170195 0.056212 0.034680 0.107433 
0.008760 0.035533 0.201600 0.233632 0.107578 0.096276 0.092852 0.044640 0.055662 0.123468 
0.010337 0.055574 0.379508 0.145394 0.112479 0.045497 0.056142 0.054190 0.031340 0.109539 
0.007960 0.047321 0.394197 0.171584 0.080430 0.046179 0.064505 0.049520 0.029076 0.109226 
0.005494 0.019339 0.375214 0.164806 0.098957 0.045571 0.045802 0.048567 0.023666 0.172585 
0.001475 0.034907 0.359156 0.139581 0.098561 0.055571 0.066660 0.065341 0.056579 0.122169 
0.004855 0.016305 0.310061 0.180627 0.098847 0.074549 0.113003 0.050629 0.014231 0.136892 
0.003239 0.015427 0.259023 0.293684 0.109765 0.037181 0.058066 0.051716 0.050062 0.121835 
0.004529 0.032697 0.228856 0.264556 0.092417 0.040844 0.073238 0.075245 0.055224 0.132394 
0.002073 0.015903 0.163984 0.266680 0.118319 0.093768 0.116054 0.067393 0.037721 0.118103 
0.009857 0.041587 0.148038 0.284821 0.121478 0.098495 0.050252 0.080593 0.048619 0.116260 
0.005060 0.026044 0.142484 0.253665 0.104832 0.056075 0.112489 0.084665 0.053920 0.160765 
0.002509 0.017263 0.145472 0.225028 0.147500 0.074874 0.170305 0.059079 0.041581 0.116390 
0.001532 0.019368 0.158211 0.236516 0.148857 0.085501 0.089609 0.086584 0.011748 0.162074 
0.002035 0.021654 0.299582 0.164384 0.134222 0.078585 0.097446 0.054986 0.050471 0.096636 
0.008886 0.050311 0.396173 0.119415 0.139270 0.069736 0.093609 0.035715 0.030254 0.056632 
0.002310 0.015586 0.284160 0.163796 0.154592 0.056439 0.087953 0.055311 0.052534 0.127319 
0.002883 0.010834 0.300411 0.175912 0.156904 0.061500 0.093586 0.052177 0.048383 0.097410 
0.002706 0.027231 0.290578 0.207573 0.163838 0.073952 0.051038 0.025488 0.021281 0.136315 
0.016832 0.054401 0.299027 0.145525 0.139677 0.053186 0.073388 0.068879 0.044946 0.104138 
0.006800 0.007553 0.233599 0.193552 0.162675 0.041551 0.086705 0.072361 0.036053 0.159150 
0.002369 0.011873 0.209857 0.152297 0.133031 0.086436 0.088143 0.093124 0.066741 0.156130 
0.004201 0.014080 0.185171 0.216828 0.156613 0.077906 0.094940 0.097032 0.029186 0.124043 
0.000687 0.005435 0.173239 0.184887 0.174897 0.030090 0.132487 0.121625 0.053661 0.122992 
0.001367 0.007640 0.057874 0.169536 0.150565 0.090216 0.139602 0.143366 0.085509 0.154324 
0.000917 0.012169 0.118974 0.199055 0.138727 0.110469 0.112140 0.095520 0.049281 0.162748 
0.003355 0.019990 0.254913 0.214503 0.101012 0.058203 0.108503 0.054090 0.038683 0.146748 
0.007625 0.040444 0.354461 0.155415 0.058363 0.027375 0.090039 0.074109 0.057724 0.134445 
0.002134 0.006759 0.172710 0.333395 0.078513 0.090091 0.062979 0.092729 0.042153 0.118537 
0.002102 0.004613 0.133240 0.351147 0.054220 0.142877 0.072675 0.070266 0.073970 0.094891 
0.008257 0.040887 0.151000 0.385444 0.077092 0.110366 0.056428 0.034383 0.066511 0.069632 
0.001356 0.005335 0.101484 0.382695 0.045816 0.067639 0.153879 0.045989 0.127396 0.068412 
0.002017 0.009475 0.104447 0.405582 0.076654 0.075247 0.123843 0.035098 0.089111 0.078527 
0.006779 0.029074 0.078182 0.343433 0.123276 0.040328 0.176346 0.073638 0.046565 0.082379 
0.000154 0.008158 0.059410 0.288429 0.115655 0.049212 0.204787 0.075128 0.040769 0.158298 
0.003336 0.007287 0.042370 0.357715 0.040703 0.030666 0.181185 0.058872 0.120845 0.157021 
0.005424 0.016964 0.052636 0.313754 0.055805 0.046109 0.193366 0.076393 0.055616 0.183931 
0.002490 0.008334 0.046792 0.278660 0.073099 0.049271 0.218866 0.088476 0.035350 0.198661 
0.002818 0.013375 0.036947 0.254942 0.074089 0.047346 0.230945 0.059980 0.060902 0.218657 
0.005141 0.027085 0.129948 0.292355 0.056701 0.031893 0.171297 0.050140 0.059768 0.175671 
0.001946 0.010027 0.190709 0.220071 0.049416 0.041314 0.227047 0.071909 0.014926 0.172635 
0.006622 0.031094 0.139383 0.199738 0.060297 0.040776 0.236448 0.086674 0.044026 0.154942 
0.005026 0.018724 0.111463 0.198429 0.083861 0.039072 0.225577 0.065711 0.037475 0.214663 
0.004294 0.017295 0.090107 0.259797 0.074904 0.036096 0.261018 0.063743 0.023402 0.169343 
0.002776 0.017401 0.093148 0.272818 0.145807 0.062106 0.201256 0.105132 0.030206 0.069350 
0.007216 0.029548 0.105811 0.296161 0.038935 0.033196 0.198478 0.051457 0.033481 0.205716 
0.009523 0.042926 0.106736 0.313631 0.060232 0.047237 0.187228 0.037999 0.075548 0.118940 
0.009912 0.042155 0.078645 0.352454 0.053476 0.040939 0.266879 0.044031 0.045074 0.066433 
0.006330 0.026141 0.058097 0.335522 0.086375 0.050642 0.229464 0.050210 0.067298 0.089920 
0.007186 0.025637 0.069455 0.421312 0.079355 0.061131 0.122714 0.057194 0.044483 0.111533 
0.012153 0.043247 0.088515 0.288434 0.047549 0.060902 0.215464 0.053669 0.027940 0.162127 
0.008065 0.028479 0.060242 0.331128 0.159961 0.046437 0.107257 0.081981 0.035475 0.140976 
0.002389 0.017066 0.089739 0.243939 0.298338 0.047686 0.113866 0.058644 0.044089 0.084244 
0.004720 0.026704 0.104737 0.303412 0.242947 0.040901 0.085646 0.068115 0.047635 0.075183 
0.010102 0.044691 0.081295 0.378333 0.212569 0.042771 0.090583 0.049430 0.041990 0.048236 
0.002875 0.020036 0.099524 0.399182 0.120966 0.066093 0.086354 0.054732 0.051435 0.098804 
0.008345 0.024296 0.102844 0.362506 0.198959 0.045849 0.074766 0.076327 0.042549 0.063559 
0.008348 0.030341 0.104759 0.222723 0.352568 0.061338 0.060863 0.061622 0.027640 0.069799 
0.007777 0.028669 0.100897 0.307672 0.250329 0.066827 0.040418 0.082084 0.042563 0.072763 
0.008917 0.038100 0.133380 0.429996 0.127212 0.037847 0.096958 0.044543 0.034301 0.048747 
0.000702 0.006041 0.104698 0.387813 0.183699 0.039867 0.093114 0.046793 0.047933 0.089341 
0.004384 0.018859 0.101925 0.192737 0.412837 0.048439 0.053231 0.076224 0.042855 0.048508 
0.002483 0.015891 0.127342 0.407094 0.184891 0.049558 0.068970 0.055605 0.036923 0.051244 
0.000956 0.006229 0.085825 0.420471 0.181096 0.056336 0.087060 0.045828 0.048314 0.067886 
0.012582 0.057309 0.217005 0.372164 0.073820 0.027953 0.074330 0.052199 0.039350 0.073286 
0.005351 0.008028 0.156074 0.296072 0.275142 0.056806 0.037342 0.080569 0.039496 0.045121 
0.008846 0.028684 0.151348 0.361398 0.180252 0.036963 0.038171 0.092302 0.048911 0.053126 
0.013651 0.054099 0.147641 0.375275 0.127939 0.042321 0.073399 0.072536 0.041763 0.051377 
0.004348 0.014933 0.109541 0.422572 0.167754 0.032829 0.088410 0.072355 0.056897 0.030361 
0.004821 0.022560 0.122299 0.233708 0.324813 0.063010 0.057501 0.064490 0.057907 0.048891 
0.000373 0.005304 0.119052 0.393553 0.171250 0.058982 0.058599 0.099880 0.052181 0.040826 
0.008759 0.039433 0.103029 0.409686 0.125259 0.054771 0.093345 0.065044 0.032928 0.067747 
0.006914 0.029434 0.099239 0.388488 0.192149 0.048223 0.100551 0.057468 0.026791 0.050743 
0.003635 0.020771 0.088523 0.253218 0.357023 0.064311 0.042776 0.079835 0.045739 0.044169 
0.000570 0.011054 0.097949 0.253684 0.358441 0.059112 0.060485 0.090919 0.025834 0.041952 
0.005873 0.029384 0.128059 0.386797 0.103417 0.021977 0.108987 0.088434 0.030890 0.096183 
0.005791 0.022215 0.142211 0.389658 0.121586 0.036146 0.088608 0.078892 0.048506 0.066387 
0.007091 0.026676 0.206823 0.218276 0.277382 0.030262 0.036054 0.087150 0.052350 0.057936 
0.007151 0.027673 0.157487 0.263624 0.243830 0.048751 0.046346 0.080483 0.059210 0.065446 
0.011696 0.047443 0.176912 0.366010 0.103387 0.044667 0.107575 0.038106 0.044655 0.059549 
0.005318 0.020559 0.173211 0.382221 0.138415 0.034924 0.083629 0.054358 0.033209 0.074156 
0.007379 0.034508 0.175865 0.240178 0.280904 0.047915 0.060799 0.076656 0.017691 0.058104 
0.009701 0.041744 0.158337 0.233255 0.331391 0.041061 0.052608 0.073550 0.030071 0.028282 
0.009059 0.033911 0.132537 0.389591 0.096745 0.028336 0.136039 0.072212 0.020830 0.080739 
0.000066 0.005382 0.100626 0.378677 0.140423 0.056220 0.140974 0.064937 0.029294 0.083401 
0.010453 0.044660 0.132229 0.224315 0.356362 0.051569 0.059243 0.080080 0.019848 0.021241 
0.000882 0.008294 0.089444 0.183160 0.443671 0.043069 0.044042 0.107367 0.045844 0.034228 
0.006873 0.028810 0.097642 0.403681 0.123679 0.045860 0.116542 0.055106 0.043380 0.078428 
0.007404 0.031015 0.157454 0.319152 0.113147 0.037193 0.116182 0.070627 0.055633 0.092193 
0.001793 0.006249 0.161066 0.241510 0.258609 0.051156 0.069782 0.133832 0.036965 0.039038 
0.003526 0.021256 0.126442 0.263667 0.325585 0.040794 0.037765 0.093523 0.035493 0.051948 
0.002611 0.014825 0.097333 0.422356 0.148107 0.038968 0.108350 0.033639 0.034451 0.099361 
0.005923 0.026986 0.125130 0.391896 0.155634 0.048529 0.071389 0.042499 0.032621 0.099393 
0.003037 0.016621 0.168774 0.143656 0.262029 0.086934 0.076235 0.115096 0.037818 0.089800 
0.004938 0.014507 0.148356 0.191761 0.256939 0.081308 0.066823 0.111590 0.051292 0.072486 
0.005099 0.018583 0.196443 0.276854 0.144221 0.045310 0.061223 0.082378 0.089108 0.080781 
0.003418 0.016647 0.193954 0.180272 0.226786 0.039163 0.070082 0.077491 0.096557 0.095629 
0.000934 0.010739 0.171309 0.120229 0.269164 0.026705 0.045954 0.152341 0.098958 0.103667 
0.003685 0.035929 0.199677 0.206169 0.146910 0.037485 0.055274 0.138755 0.058534 0.117582 
0.001847 0.022925 0.223485 0.138925 0.123128 0.091422 0.067520 0.105184 0.086655 0.138909 
0.003395 0.019195 0.188864 0.118501 0.217428 0.068440 0.096174 0.099004 0.107836 0.081164 
0.004605 0.036571 0.290407 0.134282 0.139562 0.057489 0.057995 0.103050 0.079684 0.096355 
0.006194 0.037969 0.352976 0.104332 0.108825 0.048748 0.032446 0.099594 0.136172 0.072744 
0.005183 0.046458 0.272065 0.081654 0.126207 0.058465 0.032477 0.112355 0.159659 0.105476 
0.010603 0.038797 0.278333 0.062015 0.146777 0.061284 0.043670 0.089251 0.152477 0.116794 
0.003754 0.013491 0.305198 0.075847 0.083841 0.063239 0.067951 0.131724 0.112230 0.142726 
0.001607 0.023075 0.307813 0.084136 0.091434 0.079351 0.065915 0.189816 0.101391 0.055462 
0.002674 0.028000 0.300486 0.081473 0.088936 0.071854 0.048569 0.149182 0.086535 0.142291 
0.000950 0.016712 0.288936 0.095528 0.103657 0.069704 0.035818 0.099931 0.147949 0.140815 
0.003678 0.022284 0.305489 0.103373 0.073072 0.057108 0.050723 0.163180 0.136328 0.084765 
0.002044 0.020348 0.304030 0.112248 0.073706 0.064759 0.031352 0.179174 0.093791 0.118547 
0.002176 0.029220 0.334658 0.084103 0.091111 0.070474 0.029538 0.147485 0.067553 0.143682 
0.000431 0.012892 0.312422 0.131228 0.068443 0.092485 0.043590 0.090944 0.109405 0.138161 
0.005162 0.019000 0.181171 0.077781 0.134543 0.060136 0.174618 0.192284 0.083570 0.071734 
0.005648 0.023133 0.180353 0.066876 0.154434 0.051760 0.141802 0.201414 0.068673 0.105907 
0.006468 0.037808 0.277823 0.053267 0.161726 0.042189 0.162719 0.096854 0.086367 0.074778 
0.002528 0.016941 0.291328 0.098004 0.145711 0.032589 0.142531 0.087044 0.088072 0.095252 
0.008851 0.033963 0.225244 0.057663 0.177298 0.040009 0.187616 0.121098 0.045381 0.102878 
0.001200 0.010228 0.202310 0.074903 0.185945 0.033409 0.246945 0.141404 0.053699 0.049957 
0.007271 0.028716 0.162324 0.088701 0.202629 0.035036 0.208968 0.077448 0.088802 0.100103 
0.006279 0.026870 0.241380 0.080656 0.232490 0.075588 0.188407 0.033631 0.039377 0.075321 
0.007154 0.049686 0.235519 0.140570 0.145619 0.069123 0.110331 0.115612 0.061483 0.064903 
0.004829 0.034251 0.162562 0.138359 0.095062 0.073546 0.109829 0.153793 0.092523 0.135247 
0.007415 0.023288 0.141624 0.135075 0.111591 0.088421 0.070667 0.160297 0.103954 0.157667 
0.000092 0.019157 0.182622 0.173882 0.115112 0.073903 0.134730 0.111827 0.110462 0.078214 
0.001846 0.006566 0.158725 0.188969 0.118314 0.022458 0.125351 0.099047 0.109202 0.169521 
0.003941 0.019804 0.237237 0.141505 0.132023 0.077463 0.077952 0.101699 0.059811 0.148565 
0.011300 0.045740 0.314955 0.195625 0.068638 0.100085 0.056014 0.096847 0.056495 0.054302 
0.004482 0.021888 0.172823 0.234267 0.104186 0.076487 0.077900 0.183666 0.050715 0.073586 
0.002889 0.018542 0.127994 0.221314 0.071760 0.104269 0.074021 0.185144 0.058359 0.135709 
0.006595 0.035790 0.220960 0.212933 0.066301 0.045785 0.057119 0.165759 0.100116 0.088642 
0.011445 0.055812 0.189217 0.260643 0.035841 0.044582 0.034748 0.189231 0.066514 0.111968 
0.009260 0.036681 0.096130 0.367389 0.064709 0.103550 0.029858 0.085371 0.148610 0.058443 
0.003582 0.014390 0.113281 0.293600 0.068692 0.074370 0.064518 0.188470 0.055060 0.124036 
0.000243 0.006280 0.111577 0.299818 0.046385 0.058356 0.061859 0.186154 0.059240 0.170090 
0.007151 0.035638 0.139263 0.316443 0.056616 0.056319 0.039422 0.188568 0.080928 0.079652 
0.011534 0.048500 0.149996 0.380330 0.073674 0.094741 0.022205 0.059635 0.113337 0.046049 
0.006220 0.026589 0.109238 0.374162 0.057484 0.070509 0.045798 0.163261 0.069098 0.077642 
0.002641 0.012404 0.193547 0.258733 0.054898 0.047354 0.059819 0.182387 0.055365 0.132852 
0.003812 0.016827 0.266181 0.325496 0.051914 0.053950 0.024656 0.087472 0.090636 0.079056 
0.004500 0.022723 0.247380 0.396944 0.048899 0.051817 0.016547 0.056634 0.098053 0.056504 
0.006074 0.022258 0.239868 0.380495 0.029395 0.063677 0.036031 0.054919 0.075293 0.091991 
0.004540 0.020121 0.229385 0.430694 0.035758 0.042485 0.038953 0.082658 0.052218 0.063188 
0.006402 0.028458 0.180755 0.458334 0.060170 0.064262 0.025541 0.064742 0.053909 0.057427 
0.009528 0.046063 0.214225 0.216314 0.062923 0.064012 0.058665 0.097256 0.094788 0.136226 
0.005045 0.028617 0.145529 0.242813 0.094817 0.113824 0.051801 0.154461 0.094099 0.068995 
0.011542 0.051034 0.140523 0.414166 0.074137 0.159684 0.023388 0.038366 0.046937 0.040225 
0.011088 0.052385 0.123834 0.361419 0.058661 0.185203 0.038645 0.052910 0.069812 0.046042 
0.008060 0.039865 0.070929 0.196227 0.080534 0.141940 0.025678 0.163592 0.158026 0.115150 
0.000979 0.029659 0.083290 0.123742 0.090340 0.181793 0.046303 0.187125 0.124724 0.132045 
0.004134 0.018741 0.164692 0.185041 0.092796 0.122046 0.064470 0.160066 0.074448 0.113566 
0.008849 0.037515 0.324589 0.125451 0.073979 0.078779 0.069525 0.116735 0.033379 0.131198 
0.000037 0.013504 0.186715 0.301047 0.056040 0.171267 0.105865 0.069839 0.024634 0.071052 
0.007419 0.033349 0.139753 0.341637 0.036248 0.222502 0.084268 0.053907 0.023702 0.057214 
0.003600 0.021793 0.134263 0.316719 0.064519 0.262657 0.049657 0.063002 0.013551 0.070238 
0.004639 0.020200 0.146520 0.264359 0.078477 0.257420 0.082093 0.038652 0.041142 0.066496 
0.012731 0.048257 0.187268 0.290757 0.075280 0.209563 0.068175 0.036473 0.010337 0.061161 
0.005089 0.021480 0.113623 0.411734 0.106699 0.162740 0.039824 0.048909 0.020496 0.069406 
0.006341 0.026313 0.093243 0.377688 0.046377 0.241033 0.062497 0.039577 0.036512 0.070418 
0.000958 0.007737 0.059811 0.368285 0.097047 0.260065 0.086846 0.031926 0.024168 0.063157 
0.004236 0.025236 0.057170 0.352580 0.108137 0.230942 0.080737 0.050555 0.033838 0.056571 
0.002436 0.019782 0.119866 0.402341 0.092191 0.110121 0.073527 0.054120 0.033053 0.092563 
0.000158 0.013869 0.078587 0.469783 0.050597 0.154036 0.040989 0.064783 0.041912 0.085285 
0.000400 0.007717 0.144826 0.260808 0.089824 0.153510 0.121298 0.075617 0.054724 0.091277 
0.006123 0.015817 0.161371 0.359066 0.102647 0.070620 0.133413 0.062162 0.044199 0.044583 
0.011297 0.033637 0.175947 0.360766 0.108750 0.077707 0.086217 0.056847 0.023935 0.064896 
