Im-So-Paid,ABBA
0.000000 0.000000 0.000000 0.000000 0.000000 0.000000 0.000000 0.000000 0.000000 0.000000 
0.040372 0.079763 0.254095 0.237107 0.150971 0.098249 0.035739 0.048560 0.034553 0.020590 
0.086182 0.031013 0.124194 0.178444 0.175425 0.124140 0.113782 0.076882 0.072189 0.017749 
0.008867 0.033334 0.109394 0.162056 0.200336 0.069074 0.165654 0.087571 0.090699 0.073015 
0.004498 0.035185 0.057947 0.223073 0.205062 0.081681 0.173553 0.100979 0.069760 0.048264 
0.003170 0.037312 0.093668 0.227325 0.163155 0.077369 0.086315 0.097093 0.124371 0.090222 
0.005540 0.039538 0.122397 0.195647 0.171001 0.087529 0.038167 0.104374 0.154677 0.081129 
0.008270 0.027762 0.143126 0.262131 0.179806 0.117891 0.037899 0.051645 0.083462 0.088008 
0.004696 0.032575 0.118255 0.199861 0.203482 0.136635 0.060015 0.053554 0.102922 0.088004 
0.007417 0.037570 0.094498 0.208898 0.242143 0.166221 0.060905 0.053849 0.056294 0.072205 
0.008935 0.031699 0.083784 0.201845 0.241944 0.150902 0.045632 0.072512 0.093086 0.069661 
0.000432 0.024751 0.131693 0.201362 0.178508 0.107669 0.060513 0.105894 0.093777 0.095400 
0.005974 0.033029 0.131576 0.209107 0.146434 0.103170 0.087892 0.095122 0.118126 0.069570 
0.003144 0.021377 0.138323 0.218937 0.159127 0.102774 0.075698 0.054864 0.118263 0.107493 
0.001798 0.038624 0.126007 0.205247 0.159765 0.107464 0.048506 0.110044 0.111191 0.091354 
0.003976 0.031486 0.096863 0.227664 0.193251 0.098223 0.063648 0.127868 0.068102 0.088920 
0.001329 0.032151 0.090388 0.230847 0.227354 0.110569 0.028631 0.104125 0.082356 0.092249 
0.001640 0.027932 0.070727 0.233709 0.226791 0.112037 0.074985 0.057312 0.100113 0.094754 
0.001481 0.028760 0.070066 0.143968 0.290659 0.096790 0.092623 0.073644 0.136696 0.065312 
0.008089 0.054511 0.063786 0.137823 0.283946 0.084895 0.097895 0.093008 0.114567 0.061480 
0.011623 0.051592 0.071156 0.098908 0.274512 0.135892 0.094250 0.118863 0.065310 0.077894 
0.005255 0.023731 0.084914 0.127518 0.247712 0.130851 0.090876 0.138539 0.077366 0.073238 
0.001566 0.024152 0.084566 0.162285 0.229184 0.118476 0.070749 0.118627 0.120426 0.069969 
0.005647 0.033717 0.082100 0.175945 0.223555 0.114108 0.096627 0.106557 0.101233 0.060511 
0.007015 0.056564 0.097775 0.165381 0.239714 0.112933 0.056535 0.101883 0.092174 0.070024 
0.007365 0.036882 0.097275 0.127512 0.252593 0.131974 0.086437 0.113529 0.087137 0.059293 
0.000718 0.035594 0.111846 0.108374 0.189184 0.116728 0.110234 0.132762 0.144606 0.049954 
0.002846 0.050782 0.084617 0.111640 0.166781 0.149910 0.078001 0.115385 0.209099 0.030939 
0.002530 0.069725 0.130652 0.098679 0.172803 0.147744 0.083125 0.069338 0.174987 0.050416 
0.008164 0.076561 0.124621 0.097518 0.171283 0.089623 0.088543 0.120402 0.138044 0.085241 
0.001439 0.036886 0.130920 0.101214 0.170850 0.118206 0.076514 0.082838 0.182912 0.098222 
0.001636 0.056898 0.136847 0.153063 0.159277 0.098187 0.056538 0.090910 0.200079 0.046566 
0.002733 0.059032 0.146703 0.150101 0.166659 0.074208 0.042717 0.086316 0.170241 0.101289 
0.006370 0.081104 0.146481 0.143160 0.141232 0.122401 0.056199 0.102144 0.118972 0.081936 
0.000252 0.089462 0.176886 0.144109 0.062323 0.112198 0.090689 0.165263 0.104158 0.054660 
0.004708 0.079577 0.175964 0.240837 0.100622 0.086300 0.094872 0.126795 0.050658 0.039668 
0.006777 0.088961 0.136240 0.289024 0.192124 0.041586 0.046423 0.077585 0.069063 0.052218 
0.003104 0.077084 0.151680 0.220935 0.196148 0.024634 0.043731 0.079461 0.158664 0.044559 
0.012863 0.086801 0.165284 0.183093 0.186506 0.032422 0.045949 0.088213 0.138308 0.060560 
0.006149 0.055318 0.154466 0.175504 0.177693 0.072450 0.061881 0.123704 0.105233 0.067603 
0.012499 0.072140 0.106850 0.151016 0.198839 0.097989 0.130429 0.089350 0.104876 0.036014 
0.002509 0.032395 0.134409 0.183795 0.165006 0.090208 0.192309 0.076981 0.083236 0.039151 
0.006693 0.035723 0.135793 0.095503 0.285972 0.027630 0.140143 0.093151 0.075357 0.104036 
0.005501 0.035633 0.120583 0.063726 0.176306 0.031243 0.302369 0.056553 0.118337 0.089748 
0.000701 0.012183 0.090074 0.058823 0.113206 0.053135 0.222131 0.110275 0.270737 0.068735 
0.012115 0.062078 0.183961 0.084904 0.175081 0.066639 0.134471 0.063139 0.100196 0.117416 
0.000639 0.012963 0.130854 0.072980 0.188979 0.075667 0.330723 0.043678 0.074390 0.069127 
0.003172 0.024122 0.129307 0.088612 0.167152 0.075655 0.326364 0.056209 0.056171 0.073236 
0.000538 0.018427 0.193821 0.123407 0.315019 0.032627 0.124475 0.093662 0.047191 0.050834 
0.004716 0.030867 0.143925 0.102870 0.183593 0.030779 0.243771 0.077148 0.123797 0.058534 
0.004200 0.019787 0.107556 0.080642 0.159296 0.057038 0.281847 0.106126 0.116703 0.066803 
0.003537 0.016250 0.134259 0.128340 0.222150 0.061614 0.251619 0.067616 0.071267 0.043347 
0.002754 0.021490 0.173113 0.151913 0.322174 0.071658 0.079776 0.102775 0.047793 0.026555 
0.001123 0.020189 0.116747 0.051708 0.191359 0.067736 0.227979 0.166008 0.061871 0.095280 
0.005212 0.022152 0.112814 0.089963 0.144927 0.087880 0.132524 0.224136 0.066706 0.113685 
0.011422 0.058159 0.110045 0.109646 0.122802 0.089935 0.188318 0.184679 0.086984 0.038011 
0.008273 0.047500 0.121783 0.104495 0.152850 0.119709 0.199156 0.107271 0.076349 0.062615 
0.000528 0.030682 0.075733 0.107683 0.254755 0.077567 0.168057 0.104967 0.107344 0.072685 
0.004338 0.051945 0.073606 0.105512 0.211294 0.093246 0.175441 0.117658 0.103869 0.063091 
0.001864 0.058027 0.106611 0.129218 0.116614 0.119572 0.114458 0.135316 0.173028 0.045293 
0.000959 0.017731 0.103652 0.081156 0.174390 0.076531 0.243916 0.108470 0.147560 0.045636 
0.003038 0.024101 0.085635 0.052793 0.097445 0.089484 0.174504 0.089988 0.316321 0.066692 
0.001459 0.024674 0.084417 0.103694 0.147715 0.099496 0.133946 0.102790 0.211990 0.089819 
0.005627 0.025782 0.104270 0.097572 0.167279 0.075497 0.248755 0.110015 0.118952 0.046249 
0.004086 0.032716 0.118158 0.122733 0.333287 0.089383 0.142971 0.066597 0.074566 0.015503 
0.004111 0.031757 0.119902 0.126236 0.212386 0.062879 0.228747 0.076099 0.098713 0.039171 
0.001296 0.021849 0.169464 0.142356 0.210964 0.065214 0.137065 0.081049 0.139060 0.031682 
0.006028 0.035949 0.209825 0.123287 0.235099 0.061350 0.154357 0.060377 0.079593 0.034136 
0.001240 0.016651 0.157499 0.134475 0.256943 0.105558 0.113360 0.083345 0.101670 0.029259 
0.006018 0.030212 0.114992 0.071397 0.111128 0.064377 0.316671 0.074511 0.181772 0.028922 
0.000512 0.012683 0.095094 0.094987 0.124310 0.077483 0.207570 0.096120 0.247194 0.044047 
0.004606 0.022184 0.098696 0.128950 0.110755 0.142380 0.217473 0.100207 0.115649 0.059099 
0.001797 0.012967 0.094585 0.118662 0.176640 0.133516 0.203600 0.116899 0.096544 0.044792 
0.000688 0.011240 0.056509 0.116209 0.179294 0.129140 0.235663 0.096963 0.115489 0.058806 
0.003112 0.026022 0.057589 0.170964 0.241765 0.070948 0.176202 0.086890 0.120880 0.045627 
0.002792 0.021755 0.042066 0.182876 0.203653 0.076461 0.125363 0.110628 0.173822 0.060583 
0.006268 0.034806 0.062526 0.184857 0.181741 0.131346 0.076255 0.093057 0.179802 0.049343 
0.001996 0.031097 0.052247 0.172931 0.169799 0.151663 0.109112 0.083052 0.175604 0.052499 
0.002341 0.028109 0.084728 0.204013 0.190577 0.124824 0.044966 0.081382 0.142832 0.096228 
0.000644 0.035936 0.074632 0.193870 0.155353 0.123970 0.080819 0.096355 0.202570 0.035851 
0.003824 0.048775 0.064251 0.175929 0.183551 0.111868 0.097685 0.078702 0.167574 0.067841 
0.005694 0.050458 0.090441 0.245840 0.117002 0.138144 0.096397 0.124125 0.089649 0.042251 
0.006577 0.043559 0.072954 0.176007 0.126118 0.123330 0.142480 0.104905 0.169913 0.034157 
0.000116 0.027246 0.050564 0.155127 0.136893 0.109892 0.174153 0.125463 0.190041 0.030505 
0.009347 0.058491 0.073407 0.224294 0.154608 0.114388 0.116709 0.108481 0.095385 0.044890 
0.005878 0.054343 0.062201 0.173756 0.149964 0.100492 0.119455 0.132696 0.155047 0.046170 
0.002142 0.040639 0.082644 0.113345 0.140357 0.057119 0.186135 0.102041 0.159390 0.116189 
0.006911 0.042785 0.060152 0.109434 0.186950 0.038634 0.096421 0.145889 0.197294 0.115529 
0.007128 0.054467 0.088258 0.141257 0.206157 0.040893 0.085903 0.100248 0.203513 0.072176 
0.001074 0.048874 0.069402 0.203920 0.167459 0.052616 0.068415 0.151592 0.158604 0.078043 
0.007048 0.064171 0.041502 0.216822 0.169263 0.051523 0.050683 0.211083 0.148045 0.039861 
0.006798 0.058232 0.060391 0.259786 0.150035 0.092816 0.071855 0.181227 0.098474 0.020386 
0.005019 0.056387 0.050193 0.227287 0.154413 0.104428 0.103804 0.125864 0.113604 0.059002 
0.002103 0.029319 0.119091 0.164653 0.226771 0.089141 0.168300 0.076189 0.086250 0.038182 
0.004294 0.040556 0.213964 0.107248 0.322007 0.049232 0.050065 0.041109 0.132684 0.038841 
0.011463 0.072743 0.211497 0.126513 0.196923 0.057223 0.068841 0.060057 0.132353 0.062387 
0.003690 0.057755 0.104232 0.233799 0.113154 0.116003 0.065039 0.122288 0.101502 0.082538 
0.013057 0.077884 0.186859 0.167963 0.167641 0.111274 0.071362 0.062602 0.080365 0.060992 
0.006228 0.019693 0.182733 0.071325 0.118705 0.057604 0.196210 0.059498 0.240937 0.047068 
0.003959 0.029428 0.096201 0.092705 0.165102 0.096494 0.200318 0.073496 0.167852 0.074446 
0.000850 0.012760 0.143224 0.085548 0.171907 0.106197 0.184177 0.051412 0.149708 0.094217 
0.002480 0.016087 0.122170 0.100343 0.210704 0.101596 0.170293 0.053939 0.167852 0.054537 
0.002531 0.020011 0.150931 0.101493 0.234028 0.114129 0.121545 0.075013 0.103503 0.076817 
0.001350 0.021639 0.179652 0.109721 0.215972 0.156634 0.067524 0.093035 0.078361 0.076112 
0.004643 0.015359 0.141180 0.078223 0.337992 0.138974 0.149653 0.043751 0.048955 0.041270 
0.001502 0.014277 0.106908 0.106115 0.363013 0.189762 0.071394 0.030725 0.075716 0.040589 
0.003887 0.026190 0.160752 0.155276 0.159021 0.229311 0.078634 0.048646 0.070406 0.067878 
0.005513 0.032986 0.067660 0.162065 0.137734 0.236139 0.104236 0.059162 0.092542 0.101962 
0.002691 0.037136 0.130900 0.235384 0.114191 0.180905 0.088432 0.068673 0.076811 0.064876 
0.006024 0.029686 0.125579 0.148427 0.253314 0.214169 0.062829 0.063994 0.060281 0.035698 
0.009788 0.047848 0.127887 0.118592 0.242847 0.148438 0.073226 0.077694 0.100106 0.053573 
0.008742 0.031315 0.189774 0.092115 0.254706 0.075983 0.087680 0.077320 0.138285 0.044080 
0.003819 0.027770 0.181141 0.157462 0.231517 0.077923 0.119754 0.066633 0.083061 0.050919 
0.005523 0.022728 0.209570 0.104525 0.281304 0.086580 0.123011 0.060668 0.057605 0.048484 
0.003250 0.019371 0.175070 0.061053 0.202377 0.055906 0.171921 0.089114 0.090351 0.131587 
0.000456 0.016244 0.151240 0.069549 0.224763 0.044859 0.175665 0.127746 0.101840 0.087638 
0.005171 0.022515 0.134707 0.036690 0.159381 0.068837 0.237265 0.179108 0.089501 0.066825 
0.002520 0.017518 0.106945 0.061640 0.149611 0.070982 0.167211 0.207012 0.109070 0.107490 
0.009688 0.040662 0.099690 0.051911 0.125972 0.121225 0.187810 0.148870 0.052049 0.162122 
0.001058 0.024373 0.109416 0.061112 0.145316 0.128637 0.163286 0.085766 0.085283 0.195754 
0.002413 0.026078 0.106335 0.100887 0.201283 0.073070 0.153480 0.124067 0.112706 0.099683 
0.005674 0.048126 0.093228 0.174417 0.153316 0.050787 0.144191 0.075202 0.118528 0.136531 
0.006001 0.059596 0.087473 0.169853 0.152961 0.087775 0.106515 0.094913 0.130702 0.104212 
0.002339 0.040239 0.153228 0.127812 0.128544 0.050747 0.075144 0.178852 0.134143 0.108951 
0.006554 0.052502 0.048242 0.085509 0.151908 0.073716 0.077486 0.169165 0.145445 0.189472 
0.006445 0.048751 0.086161 0.109500 0.219833 0.032120 0.056277 0.110586 0.138958 0.191369 
0.001268 0.031164 0.113863 0.107582 0.181409 0.071970 0.062388 0.093576 0.144901 0.191879 
0.006642 0.042226 0.146302 0.154750 0.109695 0.038131 0.079038 0.112548 0.144962 0.165705 
0.000474 0.030960 0.106098 0.183049 0.152047 0.040701 0.123282 0.073869 0.131067 0.158452 
0.002240 0.024523 0.058743 0.167828 0.203175 0.054370 0.145787 0.085414 0.127181 0.130739 
0.008172 0.040007 0.069581 0.151153 0.233515 0.041914 0.170811 0.134361 0.058048 0.092438 
0.002230 0.030330 0.104853 0.127092 0.234952 0.098681 0.141634 0.142898 0.052076 0.065254 
0.000632 0.027582 0.096096 0.124241 0.257977 0.085235 0.114632 0.073492 0.105210 0.114903 
0.003077 0.024345 0.120174 0.055241 0.254916 0.119759 0.095554 0.041227 0.128691 0.157015 
0.000760 0.015801 0.102914 0.090936 0.281788 0.110361 0.071881 0.042714 0.110899 0.171947 
0.006435 0.036828 0.103120 0.156112 0.254722 0.087113 0.045353 0.092956 0.099252 0.118108 
0.006427 0.031095 0.113249 0.160099 0.237939 0.076464 0.056061 0.143619 0.084836 0.090209 
0.001041 0.039073 0.126619 0.152892 0.236831 0.096647 0.065408 0.142207 0.083437 0.055845 
0.000434 0.024043 0.104847 0.093783 0.261837 0.099339 0.149317 0.069773 0.111347 0.085279 
0.001511 0.029557 0.093514 0.164855 0.190449 0.119411 0.184541 0.094299 0.068395 0.053468 
0.005201 0.036253 0.140948 0.181806 0.199449 0.073863 0.109246 0.143346 0.067273 0.042614 
0.005516 0.042776 0.191725 0.134110 0.123476 0.109339 0.130195 0.066942 0.110743 0.085178 
0.005015 0.039078 0.173182 0.100208 0.125987 0.073235 0.164513 0.081149 0.099466 0.138167 
0.003358 0.029433 0.155738 0.090844 0.100920 0.108219 0.191341 0.092954 0.106463 0.120729 
0.003295 0.032665 0.175017 0.111703 0.135207 0.096059 0.187149 0.111702 0.093305 0.053899 
0.000566 0.036269 0.150094 0.092287 0.239595 0.096094 0.136617 0.093894 0.070915 0.083668 
0.000574 0.023020 0.099088 0.060998 0.272699 0.088931 0.105494 0.105475 0.092477 0.151243 
0.002408 0.018366 0.077651 0.128822 0.239274 0.028955 0.090486 0.126204 0.145242 0.142591 
0.009687 0.044796 0.091494 0.425189 0.091682 0.071031 0.040665 0.074165 0.083468 0.067823 
0.006998 0.031380 0.072570 0.423732 0.117135 0.147546 0.062529 0.046238 0.073477 0.018395 
0.005612 0.020048 0.071274 0.413033 0.117254 0.118465 0.059379 0.048861 0.092463 0.053612 
0.002334 0.014952 0.035430 0.241939 0.054503 0.049724 0.317520 0.111016 0.075689 0.096893 
0.000565 0.004999 0.011354 0.078908 0.068187 0.044287 0.474249 0.208596 0.054212 0.054643 
0.001189 0.006412 0.015142 0.064897 0.077530 0.022454 0.351567 0.343849 0.079308 0.037651 
0.003567 0.016774 0.030427 0.132851 0.316501 0.055767 0.154651 0.140541 0.091797 0.057125 
0.009528 0.040323 0.051622 0.162526 0.273034 0.103759 0.142443 0.138148 0.052825 0.025791 
0.000564 0.014178 0.050564 0.164188 0.172286 0.060575 0.207640 0.153800 0.089196 0.087011 
0.000246 0.011999 0.061148 0.148124 0.260532 0.045960 0.191033 0.112360 0.053117 0.115482 
0.007987 0.034311 0.079565 0.117558 0.235736 0.042440 0.150482 0.067284 0.117636 0.147000 
0.006838 0.025598 0.084531 0.111565 0.291438 0.060718 0.124053 0.054069 0.095796 0.145393 
0.006605 0.040690 0.126209 0.118329 0.298708 0.078288 0.068225 0.097760 0.102130 0.063056 
0.002830 0.017339 0.089501 0.213515 0.236971 0.076809 0.061605 0.084838 0.110195 0.106397 
0.003275 0.022446 0.083596 0.244649 0.220188 0.074176 0.055282 0.079168 0.107423 0.109797 
0.010938 0.054536 0.093465 0.231241 0.171274 0.067819 0.031435 0.088295 0.121601 0.129396 
0.004355 0.030900 0.122792 0.204045 0.140644 0.061413 0.069798 0.087976 0.125626 0.152450 
0.005379 0.046450 0.224382 0.121548 0.118583 0.076070 0.118114 0.128643 0.091708 0.069123 
0.004013 0.044212 0.156440 0.108634 0.124994 0.131925 0.187506 0.102914 0.110301 0.029062 
0.009320 0.043147 0.153266 0.120485 0.086613 0.192528 0.115218 0.130190 0.116794 0.032440 
0.002565 0.028643 0.175490 0.101033 0.125396 0.253085 0.106491 0.069151 0.111467 0.026679 
0.000533 0.018527 0.071767 0.495901 0.153328 0.105721 0.065114 0.027553 0.036066 0.025491 
0.002818 0.028852 0.116378 0.170979 0.286994 0.091246 0.069113 0.099452 0.088447 0.045721 
0.007563 0.064504 0.245244 0.279774 0.119867 0.096604 0.041548 0.051312 0.055560 0.038024 
0.017011 0.180806 0.407666 0.148654 0.079692 0.050194 0.039477 0.030250 0.024476 0.021774 
0.003683 0.614147 0.097082 0.049183 0.081544 0.035732 0.024427 0.048712 0.015848 0.029644 
0.068615 0.564009 0.114236 0.048821 0.031059 0.033423 0.042757 0.058031 0.023842 0.015207 
0.040523 0.450829 0.091589 0.052179 0.023246 0.034513 0.201515 0.054181 0.033425 0.018000 
0.041491 0.398246 0.117906 0.057941 0.030809 0.065982 0.210268 0.031495 0.035191 0.010669 
0.040981 0.382891 0.136943 0.040425 0.051698 0.070668 0.122614 0.084918 0.043324 0.025537 
0.021708 0.289272 0.214098 0.063278 0.078333 0.064570 0.150624 0.039542 0.064250 0.014327 
0.015886 0.371125 0.113800 0.096344 0.094436 0.098649 0.050421 0.052566 0.075842 0.030931 
0.010735 0.346867 0.116393 0.070271 0.086169 0.070578 0.123797 0.064991 0.053833 0.056366 
0.008929 0.328720 0.110062 0.085347 0.132570 0.065243 0.121677 0.048164 0.046107 0.053180 
0.004279 0.368627 0.097883 0.059009 0.098977 0.028858 0.131955 0.076182 0.079614 0.054617 
0.004512 0.399245 0.064548 0.076297 0.086744 0.058084 0.110989 0.054741 0.063673 0.081167 
0.006474 0.399233 0.066681 0.046601 0.096820 0.034500 0.095748 0.074835 0.095295 0.083813 
0.011461 0.196517 0.206445 0.214748 0.128582 0.037170 0.050772 0.029552 0.071410 0.053344 
0.023308 0.220299 0.436809 0.143576 0.048229 0.030379 0.046387 0.022028 0.018458 0.010526 
0.019040 0.588322 0.169153 0.056685 0.044201 0.019604 0.025676 0.027584 0.022588 0.027146 
0.048868 0.636367 0.089519 0.043265 0.043144 0.028933 0.025345 0.038067 0.024459 0.022033 
0.038757 0.638847 0.051435 0.038279 0.044220 0.017491 0.020458 0.071504 0.026760 0.052249 
0.033797 0.541633 0.107546 0.082873 0.030752 0.033848 0.034725 0.044865 0.039589 0.050372 
0.036005 0.526053 0.073804 0.044231 0.065246 0.028236 0.065134 0.052321 0.058968 0.050002 
0.011954 0.463654 0.099149 0.089029 0.091071 0.031116 0.071911 0.055907 0.051843 0.034365 
0.025287 0.397754 0.145490 0.079487 0.112242 0.044919 0.041936 0.057328 0.034048 0.061508 
0.019211 0.216413 0.111822 0.036001 0.182767 0.120516 0.167439 0.055300 0.045729 0.044802 
0.012907 0.198304 0.079456 0.070207 0.059969 0.031841 0.236915 0.166111 0.102173 0.042117 
0.008050 0.076277 0.441386 0.139046 0.085314 0.059462 0.044343 0.047977 0.077443 0.020701 
0.003938 0.542636 0.161480 0.052683 0.043013 0.018891 0.021767 0.035699 0.070010 0.049884 
0.044698 0.573036 0.115338 0.068137 0.052807 0.025448 0.030202 0.034505 0.022829 0.033000 
0.023421 0.710531 0.048022 0.027125 0.035154 0.014621 0.050217 0.024524 0.034711 0.031674 
0.034743 0.522926 0.151418 0.049290 0.060983 0.033259 0.044401 0.037520 0.025545 0.039915 
0.041394 0.568332 0.101760 0.056403 0.054860 0.026416 0.026961 0.045466 0.051224 0.027185 
0.034585 0.483322 0.125908 0.086103 0.043627 0.074857 0.022233 0.045071 0.053561 0.030733 
0.045460 0.403526 0.130311 0.101235 0.090987 0.064230 0.028845 0.071426 0.038413 0.025568 
0.014238 0.420907 0.172539 0.109667 0.083426 0.047168 0.036832 0.061244 0.037046 0.016934 
0.004495 0.362226 0.188753 0.128175 0.089925 0.053380 0.032067 0.075407 0.035392 0.030180 
0.006989 0.223266 0.116928 0.122248 0.135748 0.079563 0.108625 0.085525 0.079908 0.041199 
0.009229 0.127670 0.556361 0.119338 0.048419 0.018139 0.052198 0.030947 0.015767 0.021933 
0.013108 0.531963 0.169638 0.046109 0.065450 0.011222 0.055697 0.031374 0.064223 0.011216 
0.003789 0.563102 0.113980 0.076065 0.046688 0.027302 0.049056 0.030933 0.055030 0.034056 
0.038748 0.498748 0.098521 0.095879 0.060157 0.043838 0.047642 0.047677 0.043982 0.024809 
0.000615 0.550877 0.095120 0.054058 0.048896 0.047116 0.050430 0.077619 0.052814 0.022455 
0.038481 0.449333 0.107954 0.044872 0.092275 0.059592 0.035221 0.083670 0.061137 0.027464 
0.023613 0.306704 0.114027 0.095646 0.127342 0.061307 0.075098 0.074160 0.079398 0.042706 
0.001047 0.205734 0.134434 0.091118 0.084374 0.088476 0.057356 0.099763 0.120459 0.117239 
0.015137 0.252972 0.092296 0.102095 0.087469 0.051561 0.091551 0.163192 0.096902 0.046824 
0.000086 0.212383 0.109022 0.130342 0.070744 0.053575 0.078798 0.102531 0.193684 0.048836 
0.011430 0.105909 0.403022 0.166999 0.095996 0.043562 0.035500 0.053422 0.052452 0.031708 
0.019202 0.493819 0.178008 0.089806 0.039566 0.021132 0.027435 0.049789 0.018703 0.062540 
0.082346 0.504326 0.100776 0.065075 0.053659 0.030953 0.038682 0.036494 0.039655 0.048034 
0.012825 0.545143 0.086403 0.089551 0.063355 0.046806 0.031426 0.033055 0.056876 0.034561 
0.010845 0.347813 0.073417 0.118362 0.304801 0.026138 0.019547 0.019002 0.041693 0.038383 
0.038479 0.270728 0.051546 0.108147 0.200530 0.093659 0.026562 0.041007 0.121457 0.047883 
0.009168 0.241267 0.052078 0.115479 0.135976 0.079358 0.048289 0.078303 0.217406 0.022676 
0.006377 0.266659 0.073168 0.088227 0.148384 0.094877 0.029730 0.038186 0.185365 0.069027 
0.001395 0.224542 0.107781 0.082189 0.132880 0.079957 0.051305 0.091386 0.194449 0.034116 
0.009636 0.217577 0.071928 0.072808 0.105014 0.056526 0.047303 0.298198 0.080035 0.040976 
0.009844 0.303442 0.104348 0.107325 0.127172 0.055206 0.047541 0.123015 0.055241 0.066867 
0.013161 0.156458 0.477089 0.153648 0.038928 0.032617 0.038734 0.044537 0.025020 0.019809 
0.013272 0.591362 0.144002 0.078306 0.043118 0.026077 0.025644 0.028372 0.031902 0.017945 
0.045931 0.557500 0.091984 0.060759 0.053766 0.030881 0.017521 0.046297 0.041099 0.054261 
0.004207 0.399082 0.068640 0.120210 0.046274 0.065369 0.061737 0.100349 0.036601 0.097532 
0.031001 0.397528 0.098357 0.080010 0.083865 0.058490 0.045890 0.096713 0.059241 0.048906 
0.002030 0.302279 0.091819 0.113428 0.121871 0.066227 0.116295 0.041092 0.116609 0.028350 
0.007855 0.272509 0.114048 0.151390 0.127806 0.086051 0.058980 0.064835 0.063830 0.052697 
0.020585 0.245339 0.116207 0.190665 0.185485 0.066572 0.038435 0.049328 0.053304 0.034080 
0.019065 0.244635 0.166938 0.131830 0.146330 0.071346 0.066534 0.059355 0.059914 0.034053 
0.002508 0.265029 0.154244 0.217234 0.101404 0.081850 0.046214 0.020135 0.058662 0.052721 
0.017782 0.266987 0.167514 0.166518 0.089490 0.086804 0.041989 0.080766 0.051771 0.030379 
0.005561 0.279901 0.176223 0.190403 0.105907 0.043822 0.034992 0.068180 0.057927 0.037086 
0.022628 0.327215 0.120300 0.184424 0.097484 0.056789 0.024681 0.102419 0.021452 0.042610 
0.012719 0.326446 0.119386 0.228112 0.103839 0.041450 0.031041 0.039243 0.059917 0.037848 
0.010388 0.153929 0.090480 0.082794 0.079961 0.128074 0.055248 0.131427 0.144416 0.123285 
0.009202 0.201341 0.078731 0.096477 0.087794 0.080836 0.078296 0.091256 0.130835 0.145233 
0.009590 0.246303 0.122573 0.106079 0.116136 0.079644 0.059050 0.097437 0.091703 0.071484 
0.000100 0.224690 0.073493 0.084854 0.124040 0.079776 0.039110 0.128811 0.068132 0.176994 
0.005074 0.209211 0.082487 0.076141 0.143054 0.071205 0.075132 0.110587 0.118903 0.108207 
0.016951 0.204829 0.136040 0.116181 0.152057 0.049677 0.067431 0.072666 0.127507 0.056661 
0.016793 0.295119 0.096171 0.112527 0.171047 0.049676 0.067964 0.092911 0.044401 0.053393 
0.010215 0.254247 0.092063 0.192689 0.133235 0.075732 0.065191 0.069305 0.043645 0.063676 
0.008616 0.152872 0.105667 0.136505 0.072127 0.321557 0.059098 0.058792 0.057612 0.027154 
0.003787 0.204398 0.104820 0.102334 0.070183 0.244993 0.091422 0.102361 0.058525 0.017176 
0.010003 0.107850 0.383074 0.152691 0.067720 0.101808 0.058400 0.044412 0.057152 0.016889 
0.034611 0.372313 0.275021 0.052633 0.056681 0.110219 0.043904 0.022673 0.021491 0.010455 
0.034188 0.451600 0.150456 0.060722 0.037760 0.105343 0.035505 0.030829 0.069043 0.024554 
0.038752 0.453370 0.089925 0.053850 0.031547 0.127366 0.040284 0.034965 0.115954 0.013987 
0.032091 0.346856 0.089508 0.070602 0.046812 0.168825 0.054516 0.048056 0.114628 0.028106 
0.013592 0.361533 0.062574 0.085854 0.068727 0.210559 0.072607 0.030403 0.059884 0.034268 
0.027788 0.196097 0.087186 0.125827 0.052397 0.233754 0.030543 0.081988 0.139214 0.025208 
0.021226 0.082594 0.073048 0.149479 0.044782 0.181297 0.077450 0.088754 0.240259 0.041111 
0.008711 0.155102 0.070243 0.153128 0.079620 0.132894 0.037081 0.087714 0.246933 0.028575 
0.002323 0.175077 0.128535 0.342225 0.080606 0.089282 0.048758 0.060774 0.050809 0.021610 
0.017706 0.255357 0.100918 0.184335 0.141032 0.064206 0.054831 0.055351 0.081442 0.044821 
0.016245 0.103693 0.507871 0.147328 0.068216 0.041747 0.038316 0.028469 0.034928 0.013188 
0.034965 0.526669 0.117828 0.097518 0.033213 0.077103 0.025270 0.041009 0.038012 0.008412 
0.040672 0.464894 0.126592 0.060607 0.033822 0.073621 0.038401 0.055460 0.090809 0.015123 
0.017654 0.439851 0.051639 0.071639 0.040052 0.138383 0.086201 0.068133 0.072386 0.014063 
0.023512 0.394516 0.066858 0.087501 0.043579 0.092750 0.076550 0.055769 0.140512 0.018455 
0.001872 0.396350 0.142271 0.059988 0.084666 0.082933 0.060754 0.060960 0.077076 0.033129 
0.013954 0.475275 0.129956 0.044283 0.091759 0.068335 0.025935 0.033285 0.054769 0.062449 
0.010418 0.243132 0.082835 0.070605 0.082127 0.089576 0.063306 0.106957 0.132386 0.118656 
0.018466 0.164912 0.039308 0.127411 0.040393 0.100264 0.140607 0.065655 0.227007 0.075978 
0.008687 0.166047 0.072680 0.117129 0.047059 0.076300 0.054914 0.115022 0.281194 0.060969 
0.006566 0.174772 0.091140 0.143579 0.063404 0.102668 0.054599 0.085346 0.245545 0.032381 
0.009926 0.190555 0.100617 0.235955 0.078341 0.076009 0.061014 0.062845 0.155348 0.029391 
0.017813 0.233409 0.050055 0.288514 0.083898 0.118905 0.048423 0.061320 0.083609 0.014055 
0.017053 0.204953 0.056855 0.290572 0.076074 0.136930 0.045416 0.049422 0.110667 0.012057 
0.021480 0.240502 0.097783 0.263234 0.040747 0.116484 0.078484 0.079424 0.052285 0.009578 
0.017635 0.198084 0.079237 0.126687 0.041369 0.211327 0.044569 0.093221 0.168903 0.018969 
0.020566 0.222168 0.081785 0.098186 0.044214 0.067008 0.036145 0.111418 0.264768 0.053742 
0.016689 0.281613 0.158663 0.103659 0.057943 0.072457 0.048464 0.071979 0.083063 0.105469 
0.009016 0.296119 0.135244 0.129110 0.077565 0.082108 0.037917 0.061177 0.068605 0.103140 
0.016398 0.304244 0.183045 0.135763 0.086405 0.071843 0.037036 0.043863 0.050205 0.071198 
0.034992 0.342924 0.139905 0.119181 0.095005 0.075444 0.038597 0.058829 0.059789 0.035334 
0.004918 0.124107 0.486093 0.140840 0.055778 0.053380 0.036912 0.041572 0.032698 0.023702 
0.001610 0.483945 0.215417 0.078229 0.064311 0.036253 0.021953 0.036601 0.046261 0.015420 
0.027229 0.445017 0.211919 0.095612 0.050834 0.043485 0.035856 0.023901 0.027292 0.038855 
0.016253 0.461587 0.144000 0.082967 0.056575 0.040456 0.027387 0.044059 0.055778 0.070940 
0.015380 0.568618 0.077032 0.106681 0.045154 0.022673 0.029841 0.039159 0.041575 0.053887 
0.005578 0.481688 0.102048 0.098833 0.045569 0.035862 0.038900 0.058277 0.060624 0.072621 
0.007907 0.341603 0.176993 0.097944 0.044546 0.046821 0.066947 0.046629 0.097288 0.073322 
0.019739 0.356161 0.114581 0.128983 0.036681 0.065428 0.044071 0.072985 0.082957 0.078414 
0.026138 0.361579 0.108543 0.105819 0.047750 0.063455 0.091471 0.069148 0.084730 0.041366 
0.033153 0.332356 0.098655 0.097883 0.036806 0.062277 0.080625 0.080361 0.097689 0.080196 
0.027883 0.332280 0.129837 0.077470 0.054769 0.060092 0.065829 0.075358 0.114662 0.061821 
0.001466 0.325454 0.155529 0.119560 0.087728 0.067141 0.055343 0.050147 0.078944 0.058687 
0.025365 0.377226 0.137047 0.124927 0.084362 0.060621 0.036145 0.064097 0.059802 0.030407 
0.043604 0.431974 0.129567 0.095324 0.080219 0.039064 0.032794 0.063652 0.066286 0.017516 
0.015577 0.210110 0.069603 0.081345 0.092157 0.091976 0.130195 0.130175 0.087553 0.091310 
0.005736 0.178319 0.066460 0.063245 0.080341 0.064962 0.251722 0.149821 0.075566 0.063828 
0.007892 0.195361 0.093534 0.071155 0.059090 0.064651 0.315240 0.109500 0.045508 0.038069 
0.019157 0.216108 0.071657 0.067712 0.055363 0.063734 0.390105 0.046684 0.044591 0.024890 
0.020243 0.226821 0.077249 0.073639 0.053291 0.115717 0.311321 0.042969 0.053852 0.024899 
0.013274 0.193372 0.089822 0.076414 0.073615 0.240511 0.200624 0.054713 0.042592 0.015064 
0.004811 0.147396 0.087316 0.092009 0.089029 0.306721 0.131448 0.052806 0.042793 0.045672 
0.015866 0.065961 0.055704 0.100896 0.070063 0.387260 0.175894 0.053939 0.038790 0.035626 
0.022018 0.216973 0.075823 0.105202 0.060792 0.285661 0.050982 0.120324 0.042501 0.019725 
0.006897 0.141507 0.098070 0.078844 0.105206 0.200221 0.079768 0.133378 0.073852 0.082257 
0.000949 0.102219 0.240202 0.160535 0.101270 0.123758 0.058695 0.107411 0.072011 0.032950 
0.021116 0.258359 0.354363 0.065797 0.045120 0.086108 0.042446 0.090582 0.022739 0.013371 
0.021769 0.403840 0.128086 0.099885 0.040095 0.058952 0.058355 0.141827 0.036793 0.010399 
0.019401 0.470633 0.147882 0.118381 0.039738 0.055784 0.061077 0.025483 0.044259 0.017362 
0.000238 0.375421 0.152548 0.145487 0.064238 0.099271 0.049843 0.047441 0.044708 0.020805 
0.041754 0.312490 0.087592 0.068054 0.049578 0.102916 0.065251 0.163456 0.077690 0.031219 
0.025087 0.308054 0.121263 0.085843 0.055016 0.077339 0.061638 0.184907 0.055637 0.025217 
0.028623 0.250010 0.108244 0.103196 0.046410 0.149922 0.038256 0.213711 0.050544 0.011084 
0.000879 0.321167 0.126714 0.210154 0.056269 0.100666 0.050039 0.085372 0.030307 0.018432 
0.009658 0.236572 0.097225 0.119262 0.078209 0.294719 0.070390 0.050217 0.033351 0.010398 
0.007922 0.191961 0.088716 0.088125 0.087854 0.372336 0.078170 0.034016 0.034630 0.016270 
0.012524 0.112026 0.368368 0.141495 0.057696 0.153722 0.050161 0.045745 0.037806 0.020456 
0.029211 0.425061 0.154166 0.058759 0.039731 0.140205 0.050957 0.039695 0.047006 0.015208 
0.058136 0.414862 0.095479 0.064760 0.042161 0.086879 0.050979 0.130083 0.041442 0.015220 
0.014445 0.425186 0.092952 0.105485 0.057757 0.114216 0.052823 0.096710 0.030941 0.009484 
0.039428 0.320192 0.065206 0.099808 0.052478 0.140566 0.037541 0.161544 0.060564 0.022672 
0.024005 0.357310 0.078988 0.095826 0.094945 0.139644 0.031560 0.087523 0.051268 0.038932 
0.027780 0.343979 0.095571 0.114212 0.106785 0.118583 0.051118 0.049734 0.056762 0.035476 
0.003422 0.151180 0.093375 0.086344 0.117871 0.100446 0.082367 0.133622 0.146004 0.085369 
0.001484 0.053333 0.069201 0.104254 0.060606 0.231670 0.155577 0.081274 0.136367 0.106235 
0.001786 0.115922 0.132600 0.120528 0.088076 0.130777 0.116875 0.103999 0.082452 0.106985 
0.002899 0.162013 0.121424 0.107579 0.109265 0.198626 0.115207 0.072596 0.062812 0.047578 
0.005912 0.102427 0.139055 0.175541 0.117656 0.228677 0.097353 0.043806 0.054520 0.035053 
0.000454 0.071229 0.119891 0.090110 0.249331 0.271458 0.090335 0.051281 0.029142 0.026770 
0.011156 0.169072 0.088557 0.092440 0.109887 0.280685 0.095657 0.058184 0.048565 0.045797 
0.012376 0.203327 0.124295 0.121991 0.097840 0.237114 0.066195 0.061368 0.044329 0.031165 
0.005217 0.163444 0.112017 0.048326 0.076651 0.153060 0.079660 0.219437 0.086259 0.055930 
0.006703 0.141812 0.081850 0.085178 0.052708 0.067147 0.038407 0.218813 0.098650 0.208731 
0.016733 0.249696 0.138702 0.113420 0.072792 0.043908 0.058029 0.120582 0.083777 0.102362 
0.017394 0.292512 0.171249 0.083688 0.045007 0.051657 0.074486 0.082905 0.102771 0.078331 
0.015165 0.302098 0.155744 0.059193 0.042336 0.043775 0.058940 0.109707 0.079461 0.133582 
0.007769 0.257632 0.143726 0.047279 0.053162 0.037839 0.077254 0.106057 0.124471 0.144810 
0.015802 0.145102 0.408764 0.147460 0.068721 0.051853 0.031547 0.048290 0.044816 0.037644 
0.021754 0.457496 0.209154 0.044205 0.046306 0.035798 0.023763 0.042010 0.063071 0.056443 
0.011118 0.464696 0.168794 0.075204 0.087388 0.017011 0.028249 0.059567 0.051634 0.036339 
0.011888 0.478592 0.109507 0.076951 0.069081 0.035718 0.041228 0.060503 0.053465 0.063066 
0.058953 0.432112 0.097076 0.047002 0.067902 0.018765 0.024025 0.066605 0.081121 0.106439 
0.012939 0.427445 0.075009 0.067124 0.058920 0.029695 0.053382 0.078733 0.098107 0.098647 
0.010358 0.351491 0.098078 0.079501 0.118395 0.021826 0.057090 0.075107 0.100984 0.087168 
0.028171 0.375963 0.067689 0.069834 0.080736 0.030411 0.031288 0.077603 0.112779 0.125528 
0.001214 0.291390 0.109177 0.059340 0.073998 0.038194 0.055117 0.122401 0.133480 0.115688 
0.026184 0.340979 0.079296 0.050820 0.073656 0.033011 0.042461 0.108352 0.119683 0.125558 
0.007872 0.370258 0.077278 0.076533 0.101842 0.033560 0.062989 0.096047 0.052302 0.121319 
0.031095 0.421456 0.095881 0.071835 0.100599 0.054681 0.054668 0.087899 0.046828 0.035058 
0.022300 0.389880 0.086741 0.102935 0.070568 0.031300 0.055058 0.087189 0.078155 0.075873 
0.022170 0.405177 0.080524 0.123868 0.098896 0.037721 0.071737 0.075060 0.043477 0.041369 
0.018079 0.164515 0.054251 0.047645 0.094659 0.098693 0.146145 0.265574 0.063586 0.046853 
0.002652 0.135143 0.058489 0.056991 0.077311 0.086366 0.187505 0.281119 0.045126 0.069297 
0.015443 0.183253 0.034383 0.039507 0.049498 0.055974 0.295065 0.157138 0.050468 0.119272 
0.000522 0.201285 0.065242 0.043569 0.074616 0.022430 0.376145 0.066468 0.061738 0.087985 
0.017551 0.236927 0.047695 0.042874 0.052119 0.129965 0.233092 0.111051 0.069962 0.058763 
0.008841 0.168101 0.048494 0.036836 0.069328 0.206159 0.227406 0.101768 0.051692 0.081376 
0.018862 0.236468 0.052354 0.071958 0.058169 0.268061 0.098005 0.071054 0.076526 0.048543 
0.009010 0.197527 0.063973 0.102915 0.090332 0.281125 0.081084 0.071049 0.069755 0.033230 
0.007542 0.157353 0.100532 0.131267 0.060077 0.230540 0.065301 0.118635 0.067951 0.060802 
0.001069 0.149698 0.088213 0.121142 0.105656 0.181003 0.042871 0.181600 0.064834 0.063913 
0.020151 0.128697 0.107075 0.151468 0.194319 0.154147 0.050083 0.106552 0.048647 0.038861 
0.005936 0.132727 0.492462 0.076234 0.033379 0.101795 0.060775 0.057518 0.027814 0.011361 
0.000422 0.424846 0.126092 0.068422 0.096682 0.123517 0.046861 0.055591 0.020559 0.037007 
0.008502 0.496374 0.156806 0.079671 0.052364 0.052274 0.038776 0.050349 0.041401 0.023483 
0.036126 0.415542 0.093569 0.130601 0.060803 0.064636 0.088956 0.032168 0.035135 0.042464 
0.001245 0.288166 0.058438 0.121022 0.069158 0.221179 0.056436 0.080428 0.066119 0.037809 
0.020736 0.168143 0.055549 0.077183 0.062691 0.126376 0.045736 0.273797 0.103509 0.066279 
0.004842 0.093292 0.060153 0.065396 0.084465 0.137608 0.057424 0.318136 0.108967 0.069718 
0.001656 0.133748 0.466299 0.090579 0.024387 0.065272 0.039020 0.107001 0.035214 0.036825 
0.007230 0.440520 0.092359 0.051555 0.022307 0.142012 0.064240 0.115219 0.021026 0.043532 
0.011359 0.474447 0.130893 0.077410 0.068536 0.127986 0.015356 0.044333 0.025511 0.024168 
0.014278 0.181055 0.429980 0.142381 0.067160 0.043102 0.030620 0.034350 0.029218 0.027856 
0.013337 0.389847 0.162870 0.070133 0.024807 0.098323 0.055160 0.115676 0.052515 0.017333 
0.056924 0.406129 0.067104 0.039691 0.025378 0.044129 0.042059 0.192580 0.084095 0.041911 
0.023873 0.385646 0.074183 0.070969 0.041234 0.060867 0.059071 0.187469 0.039772 0.056916 
0.015133 0.373618 0.064026 0.070714 0.040661 0.086050 0.062673 0.191547 0.065293 0.030286 
0.027781 0.390772 0.046600 0.111967 0.064972 0.085085 0.063322 0.124230 0.050879 0.034391 
0.009181 0.319841 0.095296 0.120166 0.099684 0.040405 0.136141 0.051847 0.076707 0.050733 
0.014860 0.202348 0.055947 0.094511 0.131110 0.100316 0.080038 0.118145 0.129864 0.072860 
0.011861 0.175364 0.095282 0.076686 0.103928 0.110175 0.106778 0.069919 0.102996 0.147010 
0.011789 0.164889 0.103383 0.106339 0.097939 0.259303 0.070404 0.072113 0.057655 0.056186 
0.009615 0.149861 0.090713 0.101238 0.083654 0.292029 0.072903 0.104813 0.057116 0.038057 
0.004921 0.190134 0.074887 0.168473 0.152176 0.124427 0.068670 0.109322 0.059835 0.047154 
0.026044 0.181616 0.135372 0.126772 0.090740 0.110952 0.070018 0.159574 0.049152 0.049759 
0.000207 0.156973 0.143819 0.134058 0.089840 0.088468 0.089492 0.212352 0.038777 0.046013 
0.011140 0.226741 0.161069 0.205932 0.101833 0.086777 0.046090 0.056585 0.064093 0.039741 
0.008251 0.174695 0.224134 0.157454 0.098560 0.070785 0.054088 0.104179 0.072769 0.035085 
0.000211 0.159481 0.121008 0.122959 0.073278 0.117443 0.056081 0.224342 0.072419 0.052777 
0.007805 0.186244 0.151707 0.103847 0.064484 0.081871 0.038102 0.252106 0.064239 0.049594 
0.010339 0.184639 0.166264 0.106546 0.073309 0.074697 0.035701 0.164029 0.072592 0.111883 
0.015877 0.209123 0.161080 0.097407 0.067537 0.059703 0.025943 0.130301 0.105584 0.127445 
0.000241 0.168077 0.193609 0.050853 0.065111 0.065241 0.052053 0.114905 0.144113 0.145796 
0.018667 0.146651 0.375845 0.122968 0.065625 0.048021 0.043066 0.062192 0.060218 0.056746 
0.003729 0.445612 0.199652 0.059661 0.051560 0.041411 0.029259 0.066231 0.063252 0.039633 
0.011332 0.394167 0.238219 0.052142 0.038690 0.063733 0.046428 0.072541 0.052953 0.029796 
0.022429 0.546182 0.098537 0.048221 0.037106 0.049873 0.032582 0.064873 0.059657 0.040540 
0.021018 0.501519 0.100731 0.082312 0.028753 0.027405 0.022259 0.109361 0.056268 0.050374 
0.055575 0.357846 0.166025 0.094802 0.043959 0.025672 0.025684 0.110806 0.033677 0.085954 
0.019803 0.300009 0.164641 0.119407 0.048859 0.037644 0.050775 0.139964 0.058653 0.060245 
0.007114 0.242170 0.230956 0.106636 0.044010 0.038661 0.035393 0.139389 0.082313 0.073359 
0.002132 0.291459 0.108125 0.098526 0.072101 0.036961 0.075605 0.181385 0.062539 0.071167 
0.005051 0.248862 0.063912 0.108810 0.092358 0.046865 0.083271 0.177374 0.116981 0.056514 
0.009896 0.252548 0.071693 0.096055 0.101928 0.040856 0.086689 0.134971 0.087446 0.117918 
0.005596 0.249020 0.057844 0.075230 0.102849 0.038826 0.086639 0.127796 0.122390 0.133811 
0.001937 0.278867 0.074641 0.088123 0.071941 0.057239 0.109709 0.095499 0.099294 0.122750 
0.001435 0.289379 0.068992 0.087652 0.113420 0.019746 0.066800 0.153084 0.093423 0.106068 
0.000691 0.143798 0.403051 0.151744 0.069935 0.056155 0.038511 0.044374 0.058328 0.033412 
0.026659 0.330535 0.211017 0.073699 0.099604 0.073045 0.044236 0.040304 0.039632 0.061269 
0.022021 0.411547 0.167321 0.061023 0.128028 0.030658 0.047413 0.053562 0.043301 0.035125 
0.033326 0.528013 0.064755 0.042108 0.139744 0.030916 0.041815 0.065429 0.031770 0.022126 
0.029296 0.428209 0.041696 0.049058 0.233193 0.048439 0.034774 0.076329 0.032017 0.026990 
0.023640 0.411131 0.070009 0.055076 0.231177 0.031590 0.052609 0.057853 0.034991 0.031924 
0.023616 0.339172 0.122850 0.121142 0.157289 0.030028 0.035582 0.088491 0.022510 0.059320 
0.001534 0.355813 0.088430 0.092046 0.082721 0.031478 0.051089 0.109657 0.096968 0.090265 
0.027923 0.336104 0.184765 0.047716 0.080427 0.045361 0.035238 0.093530 0.085449 0.063487 
0.023739 0.284931 0.170177 0.070740 0.094981 0.043433 0.058238 0.095457 0.090190 0.068113 
0.008971 0.303717 0.226029 0.096497 0.123527 0.052261 0.056784 0.057112 0.059582 0.015521 
0.001053 0.084517 0.499213 0.150792 0.061492 0.053890 0.045606 0.046751 0.031578 0.025107 
0.019202 0.538040 0.135113 0.046137 0.100313 0.041707 0.050226 0.019652 0.020629 0.028982 
0.037477 0.488619 0.096915 0.078672 0.111471 0.040121 0.037766 0.044900 0.044848 0.019210 
0.015224 0.498989 0.133792 0.085220 0.092829 0.022305 0.044389 0.028692 0.046299 0.032261 
0.033035 0.524142 0.120543 0.046215 0.066071 0.020876 0.077561 0.042111 0.047775 0.021672 
0.012180 0.410305 0.132055 0.073056 0.089246 0.035567 0.063935 0.045373 0.073633 0.064650 
0.026739 0.365228 0.131957 0.088316 0.144915 0.074757 0.044566 0.057047 0.049160 0.017314 
0.019214 0.424116 0.126187 0.112232 0.082296 0.065399 0.036300 0.080641 0.035456 0.018159 
0.001500 0.370655 0.190003 0.099693 0.079805 0.054747 0.047859 0.095711 0.043102 0.016923 
0.037222 0.397282 0.152021 0.087218 0.078215 0.051647 0.042798 0.079828 0.051450 0.022319 
0.011968 0.119956 0.385870 0.189150 0.088228 0.048628 0.044404 0.038003 0.046879 0.026913 
0.029167 0.290436 0.344497 0.096525 0.080949 0.038039 0.046843 0.036277 0.016110 0.021158 
0.065458 0.457056 0.140915 0.032445 0.094497 0.029380 0.070460 0.039415 0.041190 0.029185 
0.045628 0.539102 0.081359 0.031323 0.129602 0.023056 0.041247 0.025614 0.055748 0.027321 
0.027116 0.518705 0.094827 0.035873 0.158330 0.035342 0.039728 0.046588 0.025621 0.017868 
0.004697 0.390641 0.154606 0.074168 0.134361 0.045437 0.045816 0.060390 0.055967 0.033918 
0.001251 0.316365 0.170998 0.066851 0.200512 0.053665 0.058828 0.048434 0.052893 0.030202 
0.012062 0.238704 0.102351 0.116123 0.120917 0.076276 0.080479 0.113363 0.069546 0.070179 
