interlude, alt-j
0.000000 0.000000 0.000000 0.000000 0.000000 0.000000 0.000000 0.000000 0.000000 0.000000 
0.081580 0.171226 0.088003 0.037135 0.075663 0.103537 0.095225 0.178526 0.129247 0.039856 
0.015629 0.354842 0.149618 0.122590 0.137223 0.052391 0.059081 0.044467 0.029596 0.034562 
0.010970 0.320840 0.099157 0.101011 0.204819 0.071813 0.075350 0.057313 0.031738 0.026988 
0.022009 0.294305 0.128929 0.123322 0.192374 0.069917 0.077578 0.031634 0.021421 0.038514 
0.018780 0.243428 0.153526 0.072132 0.182655 0.051440 0.100862 0.074295 0.054944 0.047937 
0.003747 0.107464 0.101652 0.068279 0.221037 0.074224 0.203252 0.096927 0.070935 0.052484 
0.007513 0.102003 0.062951 0.090050 0.139387 0.127073 0.191324 0.096144 0.093853 0.089702 
0.006544 0.142484 0.059528 0.085321 0.138143 0.124885 0.212410 0.091731 0.059055 0.079899 
0.004525 0.068242 0.067670 0.092015 0.217392 0.183020 0.146847 0.039396 0.099935 0.080957 
0.000781 0.236359 0.098396 0.118081 0.140116 0.070567 0.134293 0.060184 0.100611 0.040611 
0.010646 0.311104 0.122921 0.095906 0.217120 0.056896 0.085533 0.040038 0.039917 0.019919 
0.001316 0.164765 0.122392 0.112791 0.131258 0.118167 0.141839 0.051054 0.118579 0.037839 
0.010183 0.210614 0.126986 0.104161 0.095582 0.089991 0.093311 0.071549 0.118662 0.078961 
0.008683 0.041343 0.145319 0.369774 0.159632 0.143421 0.040218 0.038262 0.034396 0.018951 
0.005992 0.019378 0.071573 0.328968 0.320330 0.128443 0.046048 0.050939 0.015415 0.012913 
0.006624 0.027189 0.058230 0.540439 0.104149 0.092637 0.112981 0.022958 0.025540 0.009254 
0.003402 0.017520 0.056484 0.673441 0.066401 0.079720 0.063329 0.015337 0.012618 0.011748 
0.009712 0.041052 0.076825 0.511142 0.210201 0.067409 0.022729 0.038127 0.016381 0.006423 
0.006495 0.027174 0.048318 0.441320 0.299705 0.071380 0.041299 0.040468 0.016854 0.006985 
0.002840 0.024062 0.101714 0.488366 0.216261 0.065194 0.060275 0.019337 0.009388 0.012563 
0.006544 0.029782 0.074763 0.514276 0.148166 0.062015 0.064498 0.053019 0.026311 0.020625 
0.000662 0.009624 0.054579 0.596324 0.148632 0.051658 0.079812 0.013440 0.032026 0.013241 
0.002970 0.016904 0.056981 0.263432 0.433606 0.098067 0.031435 0.050663 0.028555 0.017388 
0.003715 0.018047 0.051701 0.276114 0.384682 0.153316 0.025110 0.046911 0.027466 0.012937 
0.007497 0.032240 0.066203 0.235602 0.376034 0.138239 0.057333 0.046749 0.025661 0.014443 
0.000518 0.009674 0.050303 0.296204 0.380613 0.082319 0.072181 0.055548 0.030994 0.021645 
0.007414 0.035712 0.097621 0.308877 0.285103 0.095708 0.061659 0.063884 0.021743 0.022279 
0.006436 0.033075 0.076842 0.391460 0.264499 0.133796 0.036114 0.035076 0.015166 0.007537 
0.004485 0.017529 0.025904 0.324060 0.303323 0.145939 0.067187 0.051487 0.034124 0.025962 
0.005034 0.020678 0.033484 0.282812 0.433116 0.094939 0.060586 0.048666 0.017862 0.002823 
0.001018 0.010684 0.052443 0.301372 0.356406 0.146790 0.045628 0.048688 0.024890 0.012080 
0.012540 0.051203 0.092104 0.215042 0.385713 0.143121 0.031944 0.038094 0.021641 0.008598 
0.013427 0.056074 0.102604 0.228482 0.350805 0.103371 0.056411 0.042971 0.028434 0.017421 
0.010121 0.041944 0.069809 0.250029 0.425339 0.065687 0.055661 0.044616 0.023309 0.013484 
0.004802 0.022262 0.022747 0.228780 0.485591 0.082132 0.048497 0.059821 0.029181 0.016188 
0.004047 0.019963 0.055230 0.299144 0.338656 0.186721 0.022731 0.034958 0.026560 0.011990 
0.003788 0.020327 0.082131 0.274729 0.345759 0.119185 0.057429 0.043323 0.030010 0.023320 
0.000197 0.005553 0.019656 0.252318 0.480029 0.088187 0.073574 0.054110 0.017610 0.008765 
0.000964 0.011114 0.055196 0.236780 0.380953 0.085400 0.101579 0.063931 0.039746 0.024338 
0.001546 0.010136 0.042627 0.252795 0.400013 0.118186 0.061348 0.064978 0.030228 0.018143 
0.002320 0.010940 0.034324 0.292817 0.398635 0.126168 0.024474 0.077193 0.021788 0.011341 
0.006875 0.028692 0.059619 0.302626 0.324083 0.143090 0.030676 0.078095 0.018041 0.008204 
0.010351 0.043786 0.081718 0.276623 0.339953 0.115884 0.042284 0.065942 0.016722 0.006736 
0.007696 0.033081 0.069815 0.240407 0.342401 0.123031 0.078463 0.072367 0.019942 0.012797 
0.005588 0.022874 0.034649 0.115710 0.157041 0.217914 0.076421 0.282100 0.069900 0.017802 
0.004087 0.016621 0.019725 0.098581 0.177687 0.220959 0.063339 0.272006 0.103450 0.023546 
0.001368 0.007670 0.022793 0.091871 0.159759 0.248133 0.099707 0.236272 0.122141 0.010285 
0.001060 0.003609 0.005387 0.114536 0.153615 0.296620 0.090053 0.238569 0.082713 0.013839 
0.004599 0.019686 0.033411 0.099540 0.131452 0.215525 0.138940 0.310597 0.040865 0.005385 
0.010397 0.041574 0.074120 0.213761 0.263558 0.143303 0.112822 0.104857 0.031065 0.004543 
0.008862 0.039114 0.064871 0.383557 0.309169 0.061813 0.028696 0.060709 0.040678 0.002532 
0.005561 0.020841 0.022797 0.313975 0.393641 0.048523 0.070388 0.084875 0.033350 0.006049 
0.000684 0.003228 0.010453 0.252597 0.394285 0.166862 0.066294 0.081909 0.020490 0.003198 
0.001083 0.007854 0.035737 0.276492 0.311952 0.156512 0.039230 0.130036 0.029028 0.012076 
0.010079 0.042759 0.084657 0.225490 0.332944 0.139951 0.023199 0.093612 0.030575 0.016733 
0.014549 0.060348 0.104639 0.217943 0.331619 0.113568 0.035956 0.086413 0.023423 0.011542 
0.009014 0.038643 0.082300 0.238073 0.383302 0.124549 0.030795 0.054787 0.023864 0.014673 
0.001363 0.005186 0.017618 0.250401 0.405034 0.152591 0.042594 0.090334 0.028042 0.006837 
0.004722 0.020306 0.077704 0.177921 0.216027 0.113496 0.233775 0.085554 0.024590 0.045904 
0.001446 0.007275 0.061542 0.191939 0.114040 0.039308 0.273313 0.075350 0.077230 0.158557 
0.001881 0.009177 0.059067 0.199806 0.100722 0.037238 0.202186 0.038011 0.128628 0.223284 
0.001298 0.006032 0.052163 0.226834 0.147550 0.031278 0.161947 0.059867 0.137919 0.175113 
0.000279 0.005290 0.059954 0.226531 0.146264 0.012385 0.230850 0.080142 0.110323 0.127981 
0.005794 0.024118 0.068246 0.211889 0.157604 0.052573 0.260020 0.150982 0.034035 0.034737 
0.007911 0.044146 0.110075 0.156994 0.129186 0.035187 0.209497 0.102427 0.081346 0.123231 
0.004701 0.017127 0.052482 0.159609 0.161887 0.045829 0.157195 0.245947 0.089157 0.066066 
0.005741 0.021100 0.063532 0.170096 0.108039 0.041730 0.266458 0.080471 0.106937 0.135897 
0.001312 0.006390 0.041292 0.203240 0.118489 0.034882 0.232095 0.033828 0.164543 0.163928 
0.009057 0.038681 0.097613 0.253097 0.102155 0.018965 0.148199 0.010702 0.150085 0.171447 
0.003663 0.016826 0.044795 0.235084 0.145460 0.030027 0.274031 0.080265 0.117629 0.052221 
0.000932 0.009928 0.069827 0.212885 0.125825 0.056818 0.373085 0.052220 0.044746 0.053735 
0.010782 0.045578 0.064516 0.182994 0.123101 0.042939 0.207805 0.073803 0.151491 0.096990 
0.000332 0.024763 0.081167 0.140540 0.222779 0.104668 0.132269 0.130631 0.120213 0.042638 
0.005099 0.013638 0.047878 0.192229 0.126767 0.023446 0.155249 0.158593 0.152646 0.124454 
0.002712 0.010429 0.045514 0.195492 0.129221 0.029614 0.193041 0.064616 0.172546 0.156816 
0.003465 0.016312 0.066407 0.191851 0.111533 0.052396 0.171148 0.023783 0.199791 0.163313 
0.000898 0.006636 0.052457 0.244428 0.191481 0.025276 0.119287 0.041974 0.194704 0.122860 
0.001608 0.007570 0.070271 0.228982 0.177833 0.023604 0.302661 0.077668 0.054108 0.055694 
0.002413 0.027524 0.161204 0.210335 0.085569 0.023969 0.104826 0.080092 0.119940 0.184128 
0.001883 0.027846 0.100664 0.183192 0.122336 0.188176 0.131813 0.109268 0.052079 0.082743 
0.002969 0.020504 0.054673 0.152926 0.139505 0.032103 0.203273 0.149120 0.130253 0.114675 
0.004130 0.016748 0.061239 0.147096 0.107191 0.023604 0.193947 0.087241 0.196780 0.162025 
0.000397 0.004326 0.041829 0.164125 0.101473 0.019676 0.187060 0.073442 0.201996 0.205675 
0.002123 0.012967 0.060142 0.159351 0.099678 0.040304 0.265470 0.087810 0.168969 0.103185 
0.001924 0.011834 0.048742 0.239853 0.189575 0.039389 0.275917 0.042173 0.086753 0.063841 
0.006128 0.032648 0.129741 0.170567 0.203287 0.014966 0.182392 0.067996 0.118638 0.073636 
0.003330 0.027549 0.184651 0.115066 0.154537 0.049445 0.223874 0.061680 0.063749 0.116119 
0.005564 0.025908 0.064932 0.124366 0.170835 0.084261 0.222968 0.215131 0.043508 0.042526 
0.003161 0.012942 0.048096 0.139384 0.133630 0.056853 0.298527 0.093034 0.116508 0.097864 
0.003391 0.014218 0.071960 0.172280 0.099176 0.048050 0.173765 0.028964 0.179627 0.208568 
0.004459 0.019423 0.062000 0.204556 0.136982 0.023484 0.130866 0.032886 0.185331 0.200013 
0.004851 0.021247 0.070703 0.194293 0.139000 0.057335 0.143716 0.075009 0.172776 0.121070 
0.008097 0.031761 0.097435 0.159744 0.128341 0.061963 0.336730 0.066074 0.047045 0.062810 
0.014277 0.060468 0.197274 0.193923 0.182754 0.029552 0.123344 0.074344 0.079232 0.044832 
0.004713 0.025906 0.115046 0.120164 0.248749 0.057543 0.182573 0.117861 0.081329 0.046116 
0.001051 0.008106 0.041746 0.102346 0.167101 0.037075 0.154056 0.240425 0.148217 0.099878 
0.002519 0.012737 0.041530 0.144288 0.109031 0.022477 0.226773 0.089186 0.131608 0.219851 
0.003891 0.015954 0.045001 0.177362 0.083305 0.036794 0.154734 0.073884 0.151877 0.257198 
0.004647 0.017753 0.055076 0.158801 0.097309 0.019202 0.218688 0.064594 0.147483 0.216447 
0.004917 0.020179 0.040620 0.162881 0.095437 0.028540 0.266398 0.097440 0.105438 0.178148 
0.000302 0.003757 0.040433 0.166987 0.158855 0.060818 0.306985 0.051455 0.043981 0.166426 
0.002119 0.008724 0.051521 0.300083 0.155895 0.028592 0.201205 0.113612 0.047085 0.091165 
0.007892 0.031571 0.076514 0.229635 0.174795 0.073497 0.231377 0.057535 0.044387 0.072796 
0.001524 0.008299 0.041619 0.129542 0.097897 0.077445 0.362843 0.082431 0.048265 0.150136 
0.006669 0.028181 0.063298 0.183344 0.125710 0.054717 0.287480 0.083294 0.038527 0.128780 
0.000642 0.003586 0.050888 0.223663 0.127322 0.031249 0.369714 0.076526 0.041293 0.075118 
0.015662 0.062783 0.107792 0.226095 0.068254 0.040696 0.222898 0.097458 0.048154 0.110208 
0.005524 0.026904 0.049427 0.146149 0.093316 0.051371 0.333063 0.085186 0.079990 0.129073 
0.009777 0.037721 0.045386 0.092117 0.111251 0.067998 0.309623 0.104292 0.048005 0.173831 
0.004169 0.019396 0.038480 0.098340 0.123301 0.051577 0.409970 0.083687 0.038121 0.132958 
0.000310 0.011490 0.042487 0.252743 0.303978 0.136978 0.088209 0.075179 0.043679 0.044945 
0.001933 0.014752 0.078398 0.373195 0.296914 0.052208 0.066279 0.053237 0.030961 0.032122 
0.010824 0.044286 0.073965 0.452970 0.235374 0.037341 0.071701 0.026871 0.020817 0.025851 
0.012973 0.053007 0.125213 0.404063 0.229124 0.054041 0.057982 0.024558 0.011541 0.027499 
0.004924 0.022725 0.074002 0.573044 0.099364 0.040807 0.104388 0.028954 0.013786 0.038004 
0.007991 0.040023 0.064657 0.401497 0.258890 0.053677 0.083142 0.040909 0.022666 0.026548 
0.014921 0.047621 0.122072 0.205430 0.183961 0.052296 0.201118 0.051267 0.025971 0.095342 
0.004522 0.030938 0.092650 0.218585 0.325352 0.135800 0.089942 0.045689 0.033161 0.023361 
0.004020 0.015033 0.073874 0.327804 0.368024 0.054943 0.074357 0.043343 0.015538 0.023063 
0.006850 0.027767 0.097382 0.406939 0.259361 0.048685 0.085625 0.028398 0.019705 0.019288 
0.006161 0.026369 0.079196 0.409861 0.317157 0.032982 0.055294 0.029277 0.024385 0.019317 
0.005476 0.024678 0.071120 0.507162 0.193944 0.021565 0.132034 0.017734 0.007134 0.019154 
0.007962 0.034529 0.062181 0.544180 0.177685 0.035550 0.091721 0.025776 0.005064 0.015353 
0.014299 0.061681 0.193767 0.284535 0.187484 0.075423 0.077965 0.053598 0.017412 0.033835 
0.004498 0.019667 0.075505 0.150006 0.166593 0.086560 0.303095 0.100032 0.039727 0.054319 
0.004524 0.019628 0.044550 0.171674 0.074436 0.045122 0.327243 0.081180 0.085267 0.146377 
0.005384 0.023778 0.087797 0.208506 0.112810 0.031506 0.176944 0.042580 0.084076 0.226619 
0.005699 0.023396 0.063396 0.238472 0.108394 0.019527 0.290800 0.020906 0.043310 0.186101 
0.005730 0.023483 0.081883 0.255983 0.066949 0.018629 0.370577 0.051017 0.022109 0.103639 
0.006657 0.034668 0.122381 0.283812 0.213802 0.061038 0.119127 0.083766 0.029858 0.044892 
0.010642 0.045382 0.097148 0.344637 0.184412 0.038494 0.135719 0.034693 0.054536 0.054338 
0.005516 0.022350 0.093883 0.181192 0.260829 0.116861 0.068226 0.147142 0.059748 0.044254 
0.000923 0.009698 0.062537 0.167254 0.149867 0.049605 0.268102 0.076092 0.068055 0.147867 
0.003883 0.014795 0.061143 0.173962 0.122692 0.039303 0.299596 0.069617 0.081216 0.133794 
0.005884 0.024432 0.067456 0.188110 0.092093 0.029509 0.278189 0.107510 0.097590 0.109228 
0.001328 0.008240 0.062297 0.183221 0.124647 0.045282 0.350741 0.087448 0.045331 0.091465 
0.004167 0.019510 0.061438 0.220962 0.079493 0.064521 0.376437 0.069895 0.026423 0.077154 
0.005621 0.040914 0.061603 0.349660 0.199830 0.067946 0.139831 0.025050 0.042945 0.066601 
0.012025 0.059289 0.180390 0.233903 0.099521 0.079474 0.088734 0.113391 0.079424 0.053848 
0.000187 0.006079 0.042933 0.153821 0.132303 0.070823 0.286842 0.182120 0.051566 0.073326 
0.000493 0.005230 0.055070 0.229192 0.116691 0.030729 0.271777 0.025064 0.097365 0.168389 
0.000226 0.005056 0.043739 0.244122 0.135401 0.031427 0.267492 0.027693 0.099903 0.144941 
0.005838 0.023149 0.080939 0.199606 0.105320 0.049779 0.350057 0.080648 0.046708 0.057958 
0.008468 0.037764 0.090090 0.365246 0.194991 0.038553 0.151335 0.045992 0.019184 0.048378 
0.003805 0.023919 0.038813 0.134058 0.132223 0.043926 0.360855 0.065752 0.058625 0.138025 
0.002631 0.015913 0.045355 0.127475 0.080731 0.056541 0.436954 0.086820 0.047990 0.099590 
0.002911 0.017112 0.044439 0.176117 0.230555 0.106124 0.217472 0.118827 0.048562 0.037881 
0.000639 0.009915 0.024873 0.211475 0.030900 0.111594 0.211756 0.216340 0.107900 0.074609 
0.001340 0.005986 0.025602 0.146835 0.036203 0.063105 0.133234 0.225778 0.232875 0.129042 
0.001535 0.006379 0.021278 0.137812 0.038680 0.062821 0.147509 0.228390 0.160506 0.195088 
0.000305 0.003866 0.025861 0.199656 0.050148 0.068684 0.182684 0.213753 0.090496 0.164546 
0.001884 0.034560 0.025691 0.216682 0.068753 0.091099 0.192861 0.170187 0.093590 0.104693 
0.001399 0.015623 0.026783 0.149219 0.052253 0.116050 0.190131 0.179800 0.063943 0.204800 
0.006129 0.019962 0.049592 0.115961 0.047104 0.145791 0.196684 0.120418 0.115837 0.182522 
0.006198 0.044823 0.039056 0.185149 0.048849 0.061356 0.183667 0.206181 0.106118 0.118603 
0.013246 0.049491 0.056937 0.254722 0.060401 0.035077 0.165781 0.178498 0.069466 0.116381 
0.000926 0.014743 0.019768 0.203110 0.052811 0.066347 0.163467 0.206145 0.144372 0.128311 
0.000552 0.012138 0.034981 0.195151 0.054604 0.084296 0.152611 0.102964 0.196387 0.166317 
0.006129 0.023483 0.046114 0.221007 0.064907 0.095720 0.275984 0.084817 0.107340 0.074499 
0.004896 0.020584 0.051972 0.178335 0.045355 0.068932 0.179186 0.152641 0.168125 0.129975 
0.000359 0.044695 0.082906 0.195799 0.076071 0.076522 0.168376 0.085606 0.108718 0.160949 
0.003447 0.037683 0.061248 0.202415 0.059340 0.058803 0.227807 0.095385 0.113202 0.140668 
0.001493 0.024969 0.069345 0.134177 0.065169 0.071394 0.251184 0.102255 0.125992 0.154021 
0.004282 0.038541 0.066922 0.203336 0.057749 0.082272 0.199573 0.199841 0.061082 0.086402 
0.004105 0.052420 0.048900 0.252836 0.092929 0.049716 0.189006 0.122058 0.109386 0.078642 
0.001545 0.028661 0.025124 0.202140 0.048785 0.056508 0.244350 0.186048 0.098820 0.108019 
0.004257 0.030416 0.038449 0.127844 0.056518 0.062923 0.228598 0.181102 0.121414 0.148479 
0.000643 0.030287 0.060970 0.151064 0.061756 0.071038 0.279576 0.070150 0.157272 0.117244 
0.000167 0.034911 0.053372 0.147896 0.050279 0.090895 0.256606 0.083309 0.156182 0.126384 
0.006598 0.046283 0.071323 0.166335 0.073405 0.129024 0.221188 0.056191 0.143599 0.086055 
0.000179 0.028653 0.082754 0.252617 0.119712 0.116915 0.115474 0.097335 0.114255 0.072107 
0.003005 0.031904 0.039675 0.230346 0.081782 0.114165 0.185861 0.105360 0.115622 0.092281 
0.005208 0.026287 0.081532 0.128998 0.098024 0.112009 0.228762 0.153905 0.083409 0.081865 
0.002051 0.032771 0.062404 0.104057 0.091737 0.193419 0.191489 0.151358 0.101827 0.068889 
0.002793 0.051698 0.060617 0.193530 0.090966 0.123347 0.146182 0.121577 0.110974 0.098315 
0.008935 0.030495 0.075024 0.212317 0.132899 0.140338 0.150236 0.119984 0.081052 0.048719 
0.002346 0.054385 0.145278 0.133292 0.185063 0.113816 0.169744 0.082681 0.075238 0.038156 
0.001616 0.032028 0.110696 0.090282 0.126359 0.192707 0.175589 0.073809 0.092468 0.104447 
0.008272 0.077929 0.088408 0.197433 0.151167 0.181478 0.119030 0.073298 0.039818 0.063168 
0.006706 0.045059 0.092562 0.206857 0.115829 0.087557 0.191149 0.141879 0.063144 0.049258 
0.002619 0.079506 0.067573 0.172301 0.091537 0.172206 0.168484 0.122093 0.065743 0.057938 
0.007729 0.043491 0.073990 0.192726 0.130766 0.080831 0.215597 0.100120 0.070534 0.084217 
0.010953 0.052392 0.106041 0.228462 0.125010 0.199729 0.123180 0.061096 0.054705 0.038433 
0.009832 0.039825 0.061332 0.301611 0.109593 0.147563 0.142499 0.102948 0.040388 0.044409 
0.004884 0.069828 0.053273 0.255533 0.060432 0.100060 0.199373 0.101980 0.074061 0.080576 
0.020247 0.064289 0.096889 0.206010 0.068625 0.126355 0.172252 0.085863 0.105328 0.054142 
0.003051 0.012145 0.019992 0.070686 0.119865 0.163458 0.289566 0.192468 0.110281 0.018487 
0.003654 0.010240 0.013568 0.135885 0.033282 0.206711 0.285867 0.163137 0.115791 0.031865 
0.000354 0.006953 0.013866 0.141147 0.075012 0.286739 0.258425 0.087747 0.093118 0.036639 
0.005822 0.026975 0.052994 0.117604 0.096648 0.264358 0.114930 0.220690 0.072183 0.027796 
0.007933 0.033802 0.070169 0.263933 0.208249 0.101812 0.102715 0.145448 0.035841 0.030099 
0.005130 0.022030 0.039616 0.315669 0.301773 0.081325 0.092967 0.099947 0.031194 0.010348 
0.006758 0.027664 0.048501 0.194349 0.253378 0.147977 0.093200 0.173585 0.037584 0.017002 
0.002031 0.012214 0.038531 0.158649 0.059182 0.217973 0.168975 0.204868 0.093758 0.043818 
0.004536 0.019970 0.050533 0.287837 0.320796 0.116152 0.085341 0.071424 0.029408 0.014005 
0.000415 0.011451 0.057747 0.230621 0.340131 0.178979 0.073366 0.072388 0.021277 0.013625 
0.001381 0.012137 0.062188 0.264756 0.333502 0.137324 0.079071 0.069150 0.025837 0.014654 
0.013151 0.054360 0.098642 0.259991 0.274653 0.116393 0.058367 0.076119 0.034233 0.014090 
0.007026 0.030957 0.047517 0.260342 0.334040 0.115854 0.065350 0.108214 0.021162 0.009537 
0.009072 0.039382 0.080024 0.199939 0.420186 0.059659 0.083407 0.083377 0.016514 0.008440 
0.005878 0.020494 0.049222 0.206894 0.383996 0.064444 0.105931 0.091544 0.049188 0.022409 
0.001198 0.014790 0.031492 0.474212 0.091587 0.172265 0.131673 0.022629 0.046830 0.013325 
0.003931 0.012969 0.048382 0.198691 0.404430 0.160105 0.076637 0.054049 0.026505 0.014302 
0.000061 0.010712 0.059874 0.304768 0.284416 0.157351 0.049336 0.101467 0.021423 0.010592 
0.001969 0.009723 0.045776 0.297445 0.274421 0.076036 0.073568 0.193255 0.021716 0.006090 
0.007009 0.028418 0.035577 0.178967 0.438375 0.045596 0.035436 0.183424 0.033143 0.014056 
0.003342 0.018790 0.058366 0.234792 0.404241 0.088342 0.040720 0.097240 0.032551 0.021616 
0.007736 0.038316 0.078380 0.380917 0.160114 0.087809 0.119826 0.061835 0.053459 0.011607 
0.003783 0.014288 0.036474 0.173208 0.094573 0.248039 0.224714 0.043220 0.137898 0.023804 
0.000765 0.007438 0.012787 0.095666 0.171286 0.139857 0.051900 0.347257 0.164465 0.008579 
0.004911 0.016666 0.035812 0.122862 0.175603 0.171335 0.038809 0.214510 0.190285 0.029206 
0.003146 0.016260 0.032936 0.132564 0.126361 0.142977 0.035564 0.216640 0.232114 0.061438 
0.004261 0.012101 0.026074 0.134312 0.095545 0.183011 0.107979 0.242105 0.156622 0.037990 
0.000479 0.001513 0.014820 0.167206 0.146838 0.166164 0.130744 0.320462 0.043958 0.007816 
0.007459 0.031428 0.048373 0.181560 0.204273 0.067063 0.138886 0.193590 0.103726 0.023643 
0.006667 0.029223 0.047821 0.223889 0.086427 0.164105 0.221474 0.140885 0.060845 0.018664 
0.001940 0.008698 0.020700 0.089160 0.135662 0.177920 0.155537 0.300098 0.099165 0.011120 
0.000768 0.004867 0.021299 0.129589 0.107571 0.144139 0.106435 0.340469 0.115719 0.029144 
0.006615 0.025445 0.048388 0.137213 0.103404 0.187055 0.099273 0.290428 0.087918 0.014260 
0.009312 0.039322 0.073919 0.210399 0.222743 0.073770 0.054656 0.235820 0.064255 0.015804 
0.004147 0.018620 0.054180 0.226236 0.277633 0.063959 0.064533 0.192298 0.072440 0.025953 
0.008327 0.033930 0.064566 0.110241 0.065205 0.125936 0.098562 0.395525 0.082201 0.015506 
0.001580 0.012334 0.028655 0.150142 0.141228 0.086479 0.136376 0.317816 0.111185 0.014206 
0.007131 0.028733 0.054225 0.261381 0.413286 0.102111 0.034126 0.060372 0.030529 0.008105 
0.008728 0.037096 0.083359 0.255084 0.313212 0.089035 0.049554 0.094049 0.045298 0.024587 
0.002508 0.013523 0.044311 0.302747 0.336078 0.100532 0.026781 0.122977 0.033394 0.017149 
0.006496 0.026784 0.044943 0.297279 0.393722 0.065909 0.057289 0.077898 0.023115 0.006564 
0.011004 0.052887 0.108264 0.193060 0.215614 0.090811 0.074724 0.129964 0.092970 0.030702 
0.004413 0.015577 0.031448 0.203115 0.256168 0.074021 0.070019 0.254414 0.064235 0.026588 
0.013176 0.057646 0.099090 0.177187 0.168825 0.070373 0.138876 0.154170 0.091119 0.029538 
0.006942 0.023230 0.080386 0.134822 0.148414 0.071362 0.128224 0.136382 0.063853 0.206385 
0.004171 0.014889 0.069839 0.154166 0.115504 0.038123 0.217548 0.053137 0.056722 0.275902 
0.000372 0.005630 0.054860 0.189939 0.121932 0.026449 0.260187 0.044061 0.048544 0.248026 
0.005913 0.027669 0.063411 0.185617 0.061567 0.133566 0.229406 0.157476 0.097793 0.037582 
0.001941 0.039336 0.075137 0.191495 0.135630 0.041354 0.160981 0.126304 0.032393 0.195430 
0.006934 0.023466 0.044023 0.130759 0.112238 0.045523 0.149620 0.132533 0.053471 0.301433 
0.000503 0.011700 0.038726 0.151268 0.143430 0.040513 0.126099 0.108749 0.080607 0.298406 
0.008069 0.031159 0.089549 0.239637 0.392951 0.109967 0.054965 0.029162 0.007270 0.037270 
0.001328 0.009065 0.085646 0.353088 0.268774 0.085719 0.080298 0.047952 0.036795 0.031336 
0.000933 0.003506 0.081564 0.398548 0.254035 0.037425 0.136446 0.020056 0.027801 0.039684 
0.003443 0.013134 0.078389 0.389367 0.266748 0.039114 0.126920 0.020856 0.030555 0.031474 
0.003362 0.017906 0.090296 0.365529 0.203770 0.091153 0.146711 0.024113 0.030653 0.026507 
0.002941 0.013697 0.046137 0.426475 0.280714 0.069200 0.080998 0.019358 0.034470 0.026009 
0.002278 0.011097 0.059227 0.240047 0.207125 0.058631 0.251655 0.078190 0.057931 0.033819 
0.003259 0.013153 0.044201 0.161736 0.111212 0.030844 0.314535 0.085144 0.107989 0.127927 
0.004934 0.020575 0.059887 0.201220 0.107233 0.009973 0.171298 0.015512 0.130857 0.278513 
0.004457 0.018504 0.046789 0.166714 0.086622 0.018268 0.195891 0.059827 0.160546 0.242382 
0.001377 0.006488 0.044937 0.150518 0.085590 0.026206 0.254189 0.080040 0.118474 0.232180 
0.001514 0.006730 0.028995 0.210647 0.082046 0.050555 0.289047 0.056797 0.081488 0.192181 
0.002404 0.014676 0.062523 0.162007 0.103163 0.028297 0.240684 0.035902 0.110706 0.239638 
0.005609 0.028284 0.069953 0.136041 0.147992 0.122345 0.180912 0.138580 0.110533 0.059753 
0.003450 0.031923 0.065457 0.115740 0.082684 0.037358 0.186335 0.135102 0.135156 0.206795 
0.003770 0.014997 0.047272 0.082208 0.072642 0.043433 0.201129 0.046716 0.195204 0.292629 
0.003384 0.016963 0.057276 0.096610 0.094596 0.005802 0.179897 0.078193 0.181034 0.286244 
0.002347 0.010986 0.049604 0.113956 0.149912 0.043612 0.226007 0.037937 0.074142 0.291498 
0.004250 0.015693 0.059819 0.160558 0.158528 0.055043 0.219982 0.059663 0.067309 0.199154 
0.005159 0.024194 0.040663 0.239347 0.032986 0.030684 0.404980 0.052619 0.042535 0.126834 
0.004815 0.032090 0.065149 0.099742 0.125101 0.032149 0.159326 0.042939 0.076148 0.362541 
0.000684 0.004747 0.081250 0.029192 0.162354 0.072398 0.233546 0.085376 0.175337 0.155115 
0.003491 0.018238 0.051943 0.110709 0.111124 0.030781 0.162282 0.162293 0.131194 0.217945 
0.004672 0.018473 0.050077 0.137069 0.104187 0.015544 0.110459 0.062939 0.201727 0.294854 
0.000172 0.004184 0.047859 0.117673 0.153944 0.034017 0.120997 0.014534 0.179293 0.327327 
0.002878 0.008222 0.040242 0.183014 0.179379 0.082668 0.160253 0.047490 0.091994 0.203860 
0.004144 0.017079 0.057770 0.192841 0.238656 0.044535 0.328833 0.024746 0.035993 0.055401 
0.000542 0.008427 0.071900 0.311251 0.339257 0.042910 0.095806 0.038229 0.029921 0.061758 
0.002069 0.008240 0.041610 0.196384 0.187687 0.050314 0.334808 0.069578 0.024415 0.084894 
0.002176 0.011922 0.059702 0.154142 0.154152 0.051838 0.280464 0.055252 0.088204 0.142148 
0.002921 0.010324 0.039778 0.183670 0.138920 0.014022 0.210454 0.066870 0.111147 0.221894 
0.004140 0.019242 0.079227 0.204736 0.148194 0.048930 0.115938 0.025760 0.101958 0.251873 
0.002566 0.011089 0.040735 0.166660 0.163970 0.043603 0.264693 0.075610 0.061344 0.169730 
0.001262 0.007358 0.064910 0.232966 0.202995 0.051092 0.227739 0.089209 0.059238 0.063229 
0.008745 0.036287 0.083599 0.383423 0.329355 0.017637 0.055215 0.013538 0.030464 0.041737 
0.006134 0.025883 0.074763 0.185752 0.219780 0.046941 0.261330 0.071551 0.038776 0.069088 
0.002478 0.009353 0.040427 0.182355 0.106885 0.045433 0.302187 0.057555 0.117913 0.135414 
0.001699 0.008939 0.042028 0.201561 0.110407 0.041680 0.195531 0.086676 0.148131 0.163348 
0.003050 0.012200 0.051013 0.191655 0.126588 0.022752 0.208008 0.052331 0.130801 0.201602 
0.006863 0.029051 0.072053 0.210538 0.110298 0.011429 0.152910 0.066355 0.133972 0.206530 
0.002857 0.010863 0.045548 0.134603 0.125094 0.039802 0.312152 0.082989 0.095123 0.150968 
0.001257 0.006507 0.051084 0.188101 0.105621 0.041862 0.431056 0.086200 0.035857 0.052454 
0.002389 0.007135 0.070201 0.101815 0.247860 0.086255 0.188918 0.089845 0.158384 0.047197 
0.003422 0.020055 0.058967 0.173546 0.085625 0.020193 0.192207 0.128636 0.128046 0.189303 
0.000893 0.006762 0.034075 0.165057 0.115123 0.036463 0.202100 0.045532 0.147130 0.246864 
0.003790 0.016957 0.064787 0.202538 0.146032 0.032288 0.310920 0.043752 0.049493 0.129442 
0.009113 0.037786 0.066811 0.209918 0.106968 0.086614 0.255898 0.111541 0.056120 0.059231 
0.001330 0.009140 0.036707 0.087336 0.107489 0.036035 0.389626 0.042800 0.105647 0.183890 
0.006188 0.020176 0.058559 0.194479 0.101418 0.029184 0.257756 0.037690 0.103834 0.190716 
0.004638 0.018408 0.065395 0.255711 0.474345 0.027473 0.042224 0.035523 0.034724 0.041559 
0.003037 0.014757 0.116667 0.424432 0.197788 0.056739 0.076338 0.049924 0.031642 0.028675 
0.008685 0.034137 0.104437 0.453093 0.217538 0.029961 0.076079 0.035800 0.016654 0.023616 
0.001683 0.005354 0.110083 0.506279 0.197804 0.032194 0.095637 0.018100 0.010422 0.022444 
0.001620 0.011152 0.122223 0.280792 0.366998 0.057639 0.063355 0.053976 0.025857 0.016389 
0.002315 0.012432 0.242387 0.185536 0.243862 0.055279 0.121460 0.031625 0.059593 0.045511 
0.009374 0.040002 0.070929 0.207867 0.175965 0.018040 0.082497 0.160411 0.068810 0.166103 
0.004752 0.019741 0.033873 0.209377 0.032409 0.023751 0.113950 0.059101 0.105149 0.397898 
0.004181 0.016919 0.023843 0.190399 0.032264 0.046252 0.125309 0.146985 0.085320 0.328528 
0.003591 0.014737 0.028938 0.235823 0.072163 0.074285 0.191111 0.137527 0.026407 0.215417 
0.001552 0.007767 0.017252 0.269165 0.054846 0.108920 0.283020 0.140736 0.025060 0.091682 
0.003439 0.016279 0.018173 0.207957 0.256267 0.048437 0.103580 0.063315 0.055027 0.227526 
0.001208 0.010911 0.008727 0.086947 0.057598 0.030301 0.171862 0.100307 0.076639 0.455500 
0.007101 0.032316 0.072233 0.212152 0.110404 0.058048 0.134830 0.077094 0.067161 0.228661 
0.003009 0.013502 0.029862 0.192426 0.135106 0.062334 0.237811 0.180906 0.027121 0.117923 
0.002759 0.011659 0.022145 0.227204 0.049406 0.066444 0.219062 0.173025 0.039108 0.189187 
0.001677 0.007071 0.017308 0.194289 0.085611 0.058897 0.175439 0.159784 0.040237 0.259686 
0.000041 0.002768 0.020175 0.222332 0.066956 0.061613 0.279327 0.168570 0.024291 0.153926 
0.001427 0.010804 0.056938 0.277244 0.061129 0.066381 0.318812 0.097187 0.021145 0.088933 
0.004925 0.025200 0.064670 0.286008 0.104408 0.108137 0.236977 0.109779 0.020083 0.039813 
0.004999 0.021356 0.039981 0.154285 0.295621 0.033576 0.105724 0.256196 0.048562 0.039699 
0.004104 0.017291 0.034695 0.202323 0.047376 0.039632 0.193114 0.133994 0.067128 0.260344 
0.000879 0.004171 0.013248 0.198569 0.066580 0.076800 0.164538 0.119204 0.058280 0.297729 
0.003276 0.014271 0.030950 0.202908 0.060112 0.074918 0.164303 0.143932 0.062254 0.243077 
0.005820 0.024380 0.052092 0.227418 0.083968 0.063713 0.356537 0.066501 0.018897 0.100674 
0.007015 0.027039 0.055534 0.388082 0.116761 0.062451 0.161309 0.070851 0.016270 0.094688 
0.002908 0.024132 0.035992 0.189209 0.063816 0.057602 0.263268 0.111035 0.038548 0.213489 
0.000870 0.013371 0.034012 0.197987 0.078096 0.107272 0.335713 0.090698 0.041332 0.100651 
0.004754 0.021055 0.041712 0.238041 0.225605 0.102352 0.194109 0.113349 0.039352 0.019670 
0.003019 0.013576 0.027710 0.175522 0.022719 0.073290 0.319187 0.175582 0.068387 0.121008 
0.003956 0.016198 0.026720 0.171834 0.014473 0.078477 0.280628 0.137631 0.158150 0.111932 
0.000766 0.003353 0.013448 0.201503 0.018071 0.094422 0.268824 0.176684 0.074671 0.148259 
0.004802 0.019107 0.033335 0.233853 0.054064 0.131133 0.293599 0.128168 0.054489 0.047450 
0.001210 0.016689 0.021529 0.197120 0.108040 0.133851 0.186735 0.170005 0.039323 0.125497 
0.003328 0.013559 0.027372 0.191126 0.067714 0.143568 0.250581 0.135427 0.038968 0.128358 
0.000760 0.012087 0.036434 0.253676 0.087481 0.162130 0.185064 0.151546 0.061896 0.048926 
0.004101 0.016534 0.033871 0.254230 0.083752 0.084886 0.147280 0.177803 0.062998 0.134545 
0.002155 0.008930 0.022095 0.251344 0.061085 0.092954 0.230622 0.085697 0.118425 0.126693 
0.002421 0.012485 0.042992 0.165388 0.109512 0.069078 0.182771 0.129453 0.152812 0.133085 
0.001658 0.012411 0.015824 0.174420 0.063508 0.057622 0.218135 0.207647 0.130935 0.117840 
0.000444 0.013700 0.037503 0.188606 0.099540 0.066486 0.220018 0.175617 0.087394 0.110692 
0.000248 0.034233 0.031002 0.247537 0.073861 0.083970 0.244321 0.161923 0.066981 0.055925 
0.003072 0.010423 0.020335 0.262515 0.064265 0.090235 0.244756 0.173392 0.033703 0.097303 
0.004880 0.017737 0.038599 0.305656 0.062909 0.094499 0.214975 0.113879 0.063296 0.083570 
0.002707 0.017238 0.026485 0.281814 0.080181 0.082391 0.267660 0.127081 0.056508 0.057935 
0.003992 0.008305 0.015129 0.242787 0.049608 0.138301 0.362379 0.091903 0.043232 0.044364 
0.003906 0.012807 0.024793 0.282090 0.085140 0.093363 0.272471 0.084836 0.042732 0.097862 
0.000295 0.021682 0.031467 0.228488 0.056930 0.082992 0.381343 0.061564 0.064195 0.071045 
0.003726 0.065199 0.043596 0.272174 0.068628 0.036529 0.244189 0.129465 0.076911 0.059585 
0.003419 0.038907 0.088037 0.289505 0.089712 0.075888 0.188792 0.095423 0.073182 0.057134 
0.006982 0.043009 0.124964 0.175801 0.133823 0.069422 0.242877 0.056223 0.098471 0.048427 
0.001016 0.050842 0.164370 0.143994 0.078305 0.060754 0.245988 0.104346 0.113573 0.036814 
0.000532 0.046953 0.091291 0.202302 0.109476 0.097809 0.205940 0.077615 0.084743 0.083340 
0.002142 0.022719 0.095259 0.237793 0.108108 0.073313 0.218180 0.132801 0.044646 0.065040 
0.003090 0.031142 0.036456 0.115764 0.098412 0.070174 0.370672 0.135245 0.069453 0.069591 
0.000518 0.065186 0.075440 0.154175 0.048206 0.091621 0.314204 0.110965 0.067942 0.071743 
0.000231 0.064064 0.089970 0.218405 0.077151 0.090381 0.199565 0.085192 0.135548 0.039493 
0.009201 0.063540 0.116392 0.146146 0.069334 0.050320 0.208179 0.096114 0.178272 0.062502 
0.003462 0.035357 0.065462 0.276289 0.069063 0.084985 0.154521 0.115678 0.133331 0.061852 
0.008578 0.081433 0.050107 0.253149 0.066311 0.108395 0.181749 0.111962 0.050508 0.087808 
0.011578 0.031462 0.054919 0.350346 0.089794 0.062269 0.174430 0.094387 0.088468 0.042346 
0.002395 0.021145 0.042544 0.156874 0.274839 0.112306 0.251517 0.059870 0.053851 0.024659 
0.008428 0.035226 0.324985 0.276584 0.181020 0.055099 0.069326 0.020719 0.017310 0.011304 
0.001960 0.017022 0.115421 0.078099 0.140613 0.121919 0.177386 0.158393 0.141117 0.048072 
0.002567 0.013729 0.118929 0.028206 0.157924 0.056285 0.111378 0.127763 0.200176 0.183041 
0.002388 0.013292 0.165822 0.064556 0.151389 0.061050 0.068949 0.096544 0.237206 0.138804 
0.002500 0.015618 0.133422 0.097715 0.120082 0.097687 0.033710 0.123006 0.143694 0.232566 
0.002602 0.015618 0.104936 0.096724 0.088081 0.074468 0.048394 0.125791 0.151386 0.292000 
0.005980 0.027974 0.127716 0.077882 0.087324 0.106182 0.032171 0.089290 0.091021 0.354460 
0.008087 0.034546 0.116910 0.093528 0.085534 0.091711 0.043230 0.094576 0.130957 0.300921 
0.005792 0.026110 0.097645 0.122953 0.080612 0.112059 0.046193 0.224190 0.115442 0.169004 
0.001212 0.008464 0.095001 0.128746 0.107565 0.170327 0.040338 0.303388 0.073342 0.071617 
0.006684 0.032294 0.102415 0.167655 0.134268 0.242597 0.038905 0.141121 0.040740 0.093320 
0.007264 0.033321 0.107149 0.127316 0.144483 0.232658 0.061307 0.166328 0.049848 0.070327 
0.000347 0.005354 0.115975 0.167984 0.113600 0.276998 0.053526 0.174943 0.043963 0.047309 
0.004505 0.021995 0.142420 0.154327 0.134998 0.295391 0.046265 0.112740 0.027812 0.059546 
0.003897 0.019596 0.177734 0.134796 0.281173 0.175917 0.050489 0.087651 0.035285 0.033462 
0.011328 0.051730 0.215798 0.031142 0.317870 0.149053 0.128244 0.033245 0.020249 0.041341 
0.006285 0.029738 0.262271 0.039303 0.301008 0.121053 0.143800 0.032999 0.022233 0.041310 
0.004395 0.018560 0.224966 0.086378 0.319831 0.122259 0.115103 0.042382 0.026010 0.040116 
0.009626 0.042300 0.273432 0.064381 0.331683 0.079432 0.072893 0.055382 0.033834 0.037038 
0.015899 0.072535 0.405377 0.060131 0.171681 0.142865 0.038358 0.034716 0.015274 0.043164 
0.004802 0.036911 0.326703 0.110368 0.282053 0.106781 0.040807 0.034149 0.029738 0.027689 
0.007401 0.044296 0.375963 0.078330 0.236094 0.070940 0.071993 0.042299 0.031589 0.041093 
0.000735 0.017159 0.344941 0.165919 0.245609 0.084807 0.028394 0.047975 0.021164 0.043297 
0.014442 0.060383 0.206760 0.093888 0.300303 0.075221 0.062873 0.068717 0.029064 0.088348 
0.005657 0.030581 0.267569 0.209611 0.337111 0.055688 0.046058 0.016678 0.016598 0.014450 
0.006818 0.032743 0.425700 0.136321 0.119715 0.117453 0.089198 0.038535 0.018409 0.015108 
0.020436 0.093961 0.510352 0.109578 0.090482 0.079594 0.029814 0.034249 0.015193 0.016341 
0.020332 0.091304 0.525796 0.090147 0.074968 0.081487 0.039073 0.036843 0.025220 0.014829 
0.002854 0.031865 0.474901 0.086771 0.217448 0.083870 0.040144 0.027517 0.021360 0.013269 
0.011238 0.051828 0.376445 0.169507 0.245724 0.040073 0.048451 0.032519 0.013847 0.010368 
0.007463 0.073074 0.172558 0.109952 0.295924 0.110821 0.089361 0.091154 0.023687 0.026006 
0.012053 0.058894 0.340952 0.112228 0.166235 0.134801 0.044588 0.046667 0.036084 0.047498 
0.011516 0.056356 0.267038 0.110990 0.096863 0.090784 0.216568 0.087813 0.027407 0.034664 
0.011284 0.046600 0.227435 0.068864 0.096587 0.115250 0.080225 0.202145 0.105750 0.045861 
0.009756 0.044004 0.182494 0.026659 0.086989 0.176686 0.080950 0.258628 0.079102 0.054732 
0.002012 0.015713 0.186694 0.043590 0.086285 0.136137 0.088742 0.327694 0.044487 0.068646 
0.005178 0.022294 0.173598 0.055347 0.133637 0.072358 0.136909 0.238006 0.114164 0.048510 
0.007217 0.042030 0.221623 0.047231 0.167035 0.119623 0.138787 0.163562 0.052331 0.040561 
0.001934 0.017825 0.187351 0.097105 0.086719 0.127685 0.098271 0.271155 0.088041 0.023914 
0.002686 0.015158 0.194781 0.031877 0.142104 0.146916 0.158473 0.197742 0.055837 0.054425 
0.007300 0.042994 0.215863 0.042144 0.103486 0.129784 0.107390 0.172114 0.131214 0.047711 
0.011947 0.032021 0.157430 0.059310 0.167610 0.225660 0.093761 0.186574 0.035535 0.030152 
0.005198 0.022049 0.213797 0.098828 0.156718 0.070279 0.107783 0.230090 0.072020 0.023238 
0.009080 0.039768 0.236314 0.073909 0.082698 0.161562 0.100058 0.223196 0.058769 0.014646 
0.013431 0.068679 0.362382 0.081257 0.065575 0.125385 0.060025 0.154494 0.045558 0.023214 
0.000535 0.006178 0.174540 0.104444 0.398984 0.163324 0.092836 0.033408 0.015516 0.010235 
0.002861 0.020366 0.290909 0.129839 0.199757 0.235097 0.043824 0.054774 0.018555 0.004019 
0.002261 0.027360 0.346993 0.090529 0.128442 0.256499 0.061957 0.069473 0.008248 0.008239 
0.004906 0.030552 0.392382 0.124318 0.147846 0.166423 0.042496 0.067335 0.018948 0.004792 
0.010049 0.052017 0.384048 0.152441 0.229782 0.071117 0.039813 0.027868 0.025409 0.007456 
0.002398 0.020663 0.310756 0.104868 0.151832 0.143521 0.046718 0.154981 0.039670 0.024593 
0.007708 0.031258 0.223183 0.365515 0.153046 0.071393 0.037217 0.048347 0.045765 0.016566 
0.002997 0.015108 0.182734 0.124355 0.180853 0.142815 0.178406 0.034984 0.065094 0.072654 
0.000983 0.003855 0.166770 0.074319 0.150852 0.088865 0.251965 0.059006 0.135524 0.067861 
0.005935 0.026231 0.239964 0.122210 0.120548 0.077823 0.105880 0.054413 0.198038 0.048958 
0.001569 0.008737 0.316084 0.100973 0.155643 0.044167 0.183126 0.037329 0.127301 0.025070 
0.013466 0.058606 0.387892 0.159314 0.131094 0.022004 0.134735 0.033940 0.046030 0.012918 
0.002465 0.031728 0.483433 0.186645 0.114512 0.027806 0.080354 0.027157 0.028614 0.017286 
0.009093 0.063093 0.327878 0.187895 0.125122 0.058240 0.110587 0.026779 0.067321 0.023992 
0.000523 0.016799 0.198561 0.221989 0.193520 0.213496 0.067719 0.019137 0.051341 0.016917 
0.010560 0.055692 0.273803 0.181203 0.109397 0.197062 0.098757 0.020108 0.031666 0.021751 
0.009562 0.060035 0.375025 0.199150 0.144255 0.056951 0.095633 0.027032 0.022541 0.009815 
0.000326 0.047206 0.379202 0.200433 0.173245 0.042840 0.066657 0.030267 0.039034 0.020791 
0.009679 0.059615 0.371869 0.193671 0.134313 0.072398 0.073169 0.038078 0.032858 0.014348 
0.013945 0.078275 0.456898 0.153683 0.114727 0.043031 0.070538 0.026485 0.030156 0.012262 
0.012650 0.044756 0.317516 0.186378 0.218903 0.098330 0.061663 0.027153 0.018796 0.013855 
0.013455 0.042804 0.164059 0.328338 0.159212 0.195046 0.031161 0.016211 0.026146 0.023567 
0.011333 0.048509 0.230637 0.234887 0.281495 0.098503 0.045130 0.018693 0.016481 0.014334 
0.014474 0.059947 0.151873 0.359213 0.245296 0.106425 0.022379 0.019842 0.011711 0.008840 
0.018830 0.076559 0.183844 0.318340 0.235634 0.100910 0.025618 0.019254 0.014081 0.006931 
0.013696 0.071078 0.447836 0.153852 0.093712 0.118918 0.053048 0.017633 0.020996 0.009231 
0.001659 0.040144 0.295769 0.173645 0.201311 0.109397 0.093434 0.030066 0.031724 0.022851 
0.000816 0.069669 0.273181 0.169846 0.247196 0.104789 0.061726 0.025524 0.027226 0.020027 
0.001460 0.017944 0.197176 0.105211 0.085515 0.194421 0.238008 0.084391 0.047634 0.028240 
0.000120 0.010933 0.135525 0.262167 0.062840 0.068470 0.187595 0.135460 0.090790 0.046100 
0.002509 0.009236 0.134721 0.288615 0.088713 0.058211 0.147521 0.071415 0.137478 0.061581 
0.002238 0.012826 0.099315 0.154158 0.054714 0.112743 0.306807 0.101940 0.105143 0.050117 
0.006542 0.035070 0.271761 0.139349 0.159857 0.116652 0.141070 0.085600 0.035475 0.008623 
0.008975 0.047696 0.288631 0.155660 0.130638 0.089021 0.127836 0.041034 0.078713 0.031795 
0.001452 0.036986 0.184578 0.143382 0.080855 0.091665 0.201721 0.086173 0.116909 0.056279 
0.002519 0.026527 0.206484 0.155910 0.114927 0.103073 0.123789 0.144363 0.078654 0.043755 
0.007397 0.039173 0.225542 0.202920 0.064704 0.066669 0.131113 0.095396 0.114209 0.052878 
0.014076 0.063298 0.364828 0.161284 0.101624 0.086910 0.107991 0.037851 0.031326 0.030811 
0.011617 0.058534 0.448414 0.152769 0.100599 0.131533 0.040077 0.017283 0.019030 0.020144 
0.001075 0.014913 0.219194 0.138052 0.056991 0.157621 0.201109 0.057282 0.128093 0.025670 
0.004033 0.023069 0.247555 0.085020 0.035251 0.214288 0.192213 0.074444 0.094695 0.029431 
0.003867 0.067245 0.409392 0.135575 0.039045 0.092203 0.096714 0.055343 0.064344 0.036272 
0.007549 0.034230 0.300640 0.101587 0.134587 0.135399 0.161578 0.061141 0.039618 0.023671 
0.002181 0.014952 0.222011 0.142666 0.088260 0.193075 0.217494 0.052114 0.021748 0.045499 
0.003500 0.021752 0.275385 0.187147 0.073663 0.211527 0.156675 0.027034 0.017513 0.025802 
