Into you, Ariana Grande
0.000000 0.000000 0.000000 0.000000 0.000000 0.000000 0.000000 0.000000 0.000000 0.000000 
0.000000 0.000000 0.000000 0.000000 0.000000 0.000000 0.000000 0.000000 0.000000 0.000000 
0.000000 0.000000 0.000000 0.000000 0.000000 0.000000 0.000000 0.000000 0.000000 0.000000 
0.000000 0.000000 0.000000 0.000000 0.000000 0.000000 0.000000 0.000000 0.000000 0.000000 
0.062550 0.188813 0.153633 0.068078 0.093881 0.031608 0.111186 0.161908 0.084775 0.043568 
0.026640 0.222654 0.248318 0.175506 0.089270 0.030623 0.031918 0.060530 0.072278 0.042262 
0.011705 0.073643 0.368776 0.243429 0.071942 0.070049 0.066770 0.045574 0.029089 0.019023 
0.032539 0.461818 0.364950 0.036372 0.029714 0.014017 0.010882 0.015137 0.019728 0.014843 
0.095859 0.675356 0.110054 0.038230 0.016973 0.008653 0.012831 0.012900 0.013129 0.016015 
0.025686 0.557074 0.136516 0.070515 0.053982 0.030870 0.034939 0.027117 0.040498 0.022803 
0.048517 0.556216 0.135639 0.065714 0.050593 0.029931 0.030805 0.022912 0.033949 0.025724 
0.079694 0.439097 0.119094 0.052748 0.049998 0.028970 0.051696 0.060959 0.054233 0.063512 
0.026579 0.097158 0.079898 0.073543 0.073962 0.051466 0.165613 0.146261 0.144682 0.140837 
0.010269 0.049007 0.110801 0.071507 0.102412 0.041488 0.167561 0.174149 0.150906 0.121900 
0.002421 0.051526 0.035241 0.084901 0.090486 0.033930 0.186927 0.088059 0.215749 0.210761 
0.007333 0.043504 0.096656 0.097659 0.082283 0.043315 0.119005 0.148044 0.220204 0.141997 
0.005103 0.032803 0.096327 0.135339 0.135723 0.027761 0.097712 0.169611 0.148648 0.150975 
0.001147 0.089782 0.139170 0.153411 0.091299 0.062923 0.130172 0.081062 0.123430 0.127605 
0.016228 0.085182 0.407324 0.218543 0.056285 0.082922 0.077194 0.023082 0.021000 0.012240 
0.031662 0.487969 0.368213 0.023925 0.016584 0.012483 0.012038 0.017541 0.017993 0.011592 
0.078012 0.606210 0.128987 0.052039 0.032172 0.020935 0.022240 0.022076 0.014874 0.022455 
0.013957 0.528540 0.150665 0.082726 0.053171 0.037890 0.040237 0.034029 0.024226 0.034559 
0.089873 0.534013 0.112967 0.087431 0.042979 0.019278 0.041256 0.021266 0.022776 0.028160 
0.095948 0.313475 0.166962 0.098260 0.068325 0.019253 0.075246 0.053195 0.062625 0.046711 
0.000705 0.106023 0.113489 0.162204 0.096285 0.053113 0.184699 0.093150 0.106784 0.083547 
0.005663 0.050894 0.154596 0.175298 0.083069 0.042245 0.181048 0.131462 0.092524 0.083201 
0.016026 0.058069 0.148649 0.133918 0.104104 0.043538 0.182209 0.076326 0.131514 0.105647 
0.010348 0.122822 0.117442 0.148234 0.069320 0.039898 0.198789 0.087315 0.090438 0.115394 
0.004304 0.086994 0.212624 0.136698 0.102269 0.044791 0.190891 0.048954 0.075454 0.097020 
0.008090 0.046017 0.178431 0.191432 0.053085 0.053118 0.232596 0.045097 0.108323 0.083810 
0.027150 0.113636 0.445126 0.153162 0.058751 0.057351 0.072814 0.025096 0.024837 0.022077 
0.043432 0.486957 0.338508 0.042179 0.011992 0.009570 0.026976 0.014011 0.013541 0.012835 
0.038159 0.505904 0.170001 0.071908 0.052262 0.030817 0.051549 0.032157 0.023712 0.023532 
0.049406 0.477388 0.129247 0.083859 0.053147 0.038544 0.084422 0.022690 0.026880 0.034416 
0.098373 0.481541 0.057677 0.081299 0.033288 0.028320 0.109643 0.037553 0.032061 0.040246 
0.056585 0.226222 0.116285 0.101115 0.095482 0.029749 0.173085 0.051915 0.054651 0.094911 
0.001992 0.051263 0.135649 0.172299 0.149849 0.039644 0.226353 0.113120 0.044031 0.065800 
0.014444 0.084814 0.115848 0.173895 0.124024 0.063452 0.236178 0.029570 0.085703 0.072073 
0.006533 0.133896 0.227398 0.163860 0.089586 0.037020 0.147736 0.077171 0.059009 0.057790 
0.002375 0.121031 0.281744 0.079296 0.111620 0.058517 0.125222 0.084404 0.078420 0.057372 
0.002718 0.094538 0.156919 0.278548 0.095779 0.046588 0.112872 0.064675 0.071637 0.075726 
0.000848 0.090682 0.225728 0.189570 0.113012 0.040090 0.098985 0.092667 0.091808 0.056611 
0.037951 0.146045 0.455459 0.133723 0.046677 0.057592 0.044987 0.034571 0.012564 0.030432 
0.024819 0.428039 0.317682 0.077957 0.037149 0.026299 0.032525 0.020249 0.020571 0.014712 
0.006489 0.469295 0.193320 0.099597 0.067453 0.036913 0.042555 0.023432 0.027502 0.033443 
0.074794 0.439653 0.118026 0.121563 0.047525 0.015596 0.071796 0.034165 0.028539 0.048344 
0.087266 0.377736 0.089890 0.135345 0.044344 0.017263 0.112598 0.054948 0.041103 0.039508 
0.046108 0.163184 0.101771 0.195797 0.106664 0.032143 0.140160 0.071978 0.069933 0.072261 
0.003877 0.045536 0.220590 0.206445 0.121942 0.046344 0.114348 0.077553 0.080946 0.082418 
0.000528 0.050715 0.240577 0.156643 0.081052 0.058293 0.150650 0.080730 0.083011 0.097802 
0.006259 0.066771 0.176133 0.140606 0.147672 0.086709 0.144947 0.043234 0.075326 0.112342 
0.000941 0.088147 0.172995 0.081403 0.155973 0.049564 0.222998 0.062957 0.062946 0.102075 
0.000477 0.042618 0.169603 0.134480 0.104682 0.055554 0.187353 0.148357 0.084314 0.072563 
0.004687 0.046790 0.165269 0.104245 0.114298 0.057812 0.185893 0.091037 0.129615 0.100354 
0.001649 0.101481 0.412346 0.127965 0.073107 0.039232 0.086719 0.056369 0.065186 0.035946 
0.017591 0.405032 0.249176 0.103880 0.055002 0.031351 0.032030 0.031402 0.045486 0.029049 
0.055413 0.490902 0.135900 0.099831 0.047798 0.029000 0.060154 0.028508 0.014339 0.038154 
0.093619 0.399710 0.063075 0.190558 0.051199 0.010153 0.075499 0.030173 0.009111 0.076903 
0.076555 0.388559 0.059574 0.197802 0.101203 0.035295 0.055207 0.014727 0.010371 0.060707 
0.029171 0.174863 0.061629 0.132691 0.393231 0.059518 0.058011 0.052317 0.022889 0.015679 
0.005526 0.042588 0.074244 0.167246 0.505186 0.062498 0.041435 0.057400 0.023976 0.019900 
0.014772 0.038502 0.088398 0.221038 0.468522 0.040306 0.045211 0.046315 0.021676 0.015260 
0.004645 0.047787 0.259211 0.227106 0.307743 0.026503 0.042357 0.040639 0.021197 0.022813 
0.014277 0.051380 0.439213 0.159521 0.107261 0.037848 0.041336 0.085238 0.039953 0.023973 
0.008114 0.037664 0.440991 0.168371 0.105507 0.049426 0.049631 0.061313 0.045989 0.032994 
0.018759 0.070251 0.423223 0.098093 0.121274 0.048402 0.036469 0.090785 0.057990 0.034754 
0.026711 0.199326 0.503356 0.113959 0.027806 0.046826 0.047068 0.022752 0.006387 0.005810 
0.052993 0.554985 0.197105 0.081442 0.027810 0.009991 0.038305 0.011893 0.015337 0.010139 
0.087024 0.562837 0.089836 0.114138 0.014872 0.013091 0.066606 0.006706 0.015561 0.029329 
0.088283 0.395012 0.058962 0.185431 0.017147 0.012496 0.115442 0.026085 0.059446 0.041697 
0.062608 0.375221 0.077351 0.188536 0.030604 0.023626 0.119313 0.025822 0.069883 0.027037 
0.022909 0.124661 0.051323 0.306702 0.067870 0.046261 0.186113 0.030126 0.074863 0.089172 
0.007919 0.022487 0.026849 0.364285 0.066674 0.049034 0.214438 0.035029 0.095159 0.118126 
0.010664 0.029223 0.266914 0.242476 0.102066 0.038207 0.130920 0.067244 0.047777 0.064510 
0.001592 0.041790 0.259462 0.346591 0.065699 0.046448 0.124435 0.041843 0.046446 0.025693 
0.003336 0.051528 0.209974 0.401441 0.082551 0.052823 0.102710 0.019114 0.064958 0.011565 
0.012087 0.038159 0.102014 0.463646 0.101750 0.077227 0.084142 0.049087 0.050085 0.021804 
0.004044 0.017904 0.116139 0.516827 0.101053 0.050841 0.077489 0.045683 0.032952 0.037067 
0.014006 0.146910 0.491732 0.155260 0.048494 0.046241 0.049039 0.027846 0.012676 0.007796 
0.042460 0.519167 0.210743 0.093944 0.037830 0.025177 0.022983 0.021385 0.015698 0.010613 
0.093189 0.603275 0.089696 0.134096 0.025775 0.016030 0.013257 0.009822 0.011859 0.003002 
0.095056 0.481016 0.086732 0.224346 0.028556 0.021757 0.022151 0.013279 0.019635 0.007472 
0.054325 0.501771 0.151814 0.213996 0.014046 0.015413 0.012893 0.009132 0.020496 0.006114 
0.002384 0.141796 0.164850 0.483066 0.076879 0.040299 0.030302 0.024695 0.019601 0.016128 
0.007826 0.031606 0.120557 0.530189 0.113699 0.056102 0.054492 0.038551 0.019950 0.027028 
0.006496 0.030360 0.113499 0.541099 0.119081 0.066087 0.042537 0.035062 0.020031 0.025747 
0.003682 0.020045 0.107155 0.557465 0.111421 0.061671 0.055922 0.038597 0.020771 0.023273 
0.001881 0.019966 0.106899 0.557619 0.114620 0.060919 0.053142 0.034604 0.026726 0.023624 
0.024627 0.097873 0.088675 0.538845 0.068033 0.043999 0.039637 0.032860 0.038960 0.026491 
0.014767 0.161347 0.134615 0.243740 0.148630 0.058207 0.103330 0.040190 0.048761 0.046415 
0.010628 0.141191 0.501689 0.135357 0.053122 0.044151 0.061483 0.022834 0.021962 0.007584 
0.008031 0.518304 0.203113 0.103166 0.050218 0.029712 0.030659 0.022530 0.021897 0.012369 
0.057793 0.509640 0.157010 0.137307 0.025948 0.030590 0.034945 0.015919 0.019505 0.011343 
0.060519 0.432304 0.154396 0.214141 0.023956 0.049690 0.023931 0.011531 0.017885 0.011649 
0.029581 0.446042 0.120903 0.224485 0.032439 0.045181 0.043137 0.022392 0.025041 0.010799 
0.010770 0.152198 0.142995 0.414554 0.071753 0.108893 0.036385 0.016197 0.038688 0.007569 
0.001340 0.018010 0.090964 0.521695 0.075605 0.077194 0.102688 0.024792 0.071644 0.016068 
0.002444 0.028632 0.061778 0.524407 0.127703 0.062163 0.101744 0.028086 0.047589 0.015453 
0.011230 0.046117 0.101121 0.571714 0.066664 0.052016 0.047912 0.023948 0.067148 0.012129 
0.011945 0.060760 0.130627 0.535857 0.087130 0.075664 0.030759 0.011939 0.040386 0.014933 
0.017271 0.076111 0.168976 0.407221 0.067729 0.035043 0.053259 0.068581 0.087697 0.018111 
0.012140 0.120244 0.128739 0.367471 0.121601 0.051877 0.048477 0.092050 0.041249 0.016152 
0.016808 0.159706 0.496077 0.178177 0.034795 0.042207 0.035671 0.020326 0.008527 0.007707 
0.017347 0.683695 0.165263 0.090447 0.009136 0.005012 0.010340 0.004674 0.008522 0.005564 
0.021740 0.510983 0.167871 0.087467 0.058890 0.035469 0.039716 0.029474 0.031381 0.017009 
0.025091 0.526544 0.170040 0.090705 0.049924 0.035533 0.031254 0.027367 0.023342 0.020200 
0.007787 0.619237 0.115796 0.101688 0.041613 0.030460 0.021262 0.029629 0.020758 0.011771 
0.031886 0.358406 0.123063 0.151007 0.075122 0.013721 0.063458 0.063922 0.047710 0.071704 
0.018441 0.100562 0.149243 0.203266 0.054619 0.062485 0.127097 0.120312 0.061391 0.102583 
0.006465 0.180538 0.337522 0.138134 0.113692 0.060822 0.061874 0.043311 0.033410 0.024231 
0.023278 0.245954 0.290549 0.179847 0.082828 0.039170 0.041806 0.039056 0.032540 0.024973 
0.022695 0.208406 0.359140 0.163048 0.086624 0.034939 0.017618 0.037898 0.038923 0.030710 
0.003082 0.162056 0.449845 0.150692 0.091653 0.032235 0.033972 0.023069 0.024712 0.028683 
0.008712 0.221970 0.343943 0.209602 0.041507 0.030422 0.047734 0.037162 0.035350 0.023597 
0.005999 0.097451 0.541956 0.125092 0.048255 0.049106 0.051845 0.023835 0.028330 0.028132 
0.010716 0.675585 0.152937 0.043645 0.024064 0.007012 0.008151 0.006994 0.029834 0.041062 
0.018192 0.460767 0.117914 0.136327 0.064848 0.053103 0.036492 0.051722 0.027291 0.033343 
0.014313 0.475303 0.132437 0.153011 0.070539 0.029296 0.036895 0.042893 0.033160 0.012154 
0.047998 0.525920 0.150294 0.093582 0.054552 0.027804 0.034955 0.026256 0.021922 0.016718 
0.066356 0.339488 0.156076 0.164404 0.060433 0.068338 0.048640 0.027395 0.038454 0.030415 
0.005585 0.053440 0.169332 0.208292 0.106915 0.130692 0.101219 0.051944 0.115255 0.057325 
0.013763 0.044307 0.350186 0.267897 0.095768 0.029536 0.060868 0.095366 0.022670 0.019638 
0.004884 0.052977 0.400393 0.162409 0.160087 0.020307 0.065969 0.071116 0.042819 0.019038 
0.000913 0.068929 0.518400 0.169158 0.109264 0.016380 0.035532 0.037109 0.026399 0.017916 
0.010700 0.072429 0.449739 0.171706 0.099703 0.043148 0.049737 0.048286 0.037526 0.017026 
0.000892 0.019237 0.504810 0.193711 0.113867 0.048250 0.043681 0.029650 0.030225 0.015677 
0.032443 0.173971 0.534305 0.099252 0.033523 0.040246 0.042756 0.022752 0.011788 0.008964 
0.007904 0.666260 0.121247 0.079838 0.026984 0.034070 0.020195 0.021111 0.009814 0.012576 
0.059454 0.526449 0.136722 0.119155 0.034749 0.033515 0.007576 0.045124 0.008767 0.028490 
0.051674 0.438362 0.143923 0.145341 0.031191 0.035138 0.024636 0.087910 0.011804 0.030020 
0.056400 0.350638 0.076681 0.209456 0.058120 0.044751 0.028166 0.108286 0.024895 0.042606 
0.011101 0.103954 0.133033 0.334255 0.048503 0.072750 0.035211 0.170984 0.034407 0.055803 
0.000957 0.030107 0.096403 0.418205 0.089008 0.087425 0.055568 0.153611 0.019073 0.049643 
0.014617 0.055779 0.146293 0.425817 0.026532 0.082267 0.023896 0.134459 0.030468 0.059873 
0.002354 0.015256 0.122424 0.470211 0.057940 0.134980 0.060014 0.073605 0.019405 0.043811 
0.015465 0.057939 0.164381 0.465725 0.081312 0.109510 0.017977 0.044890 0.008266 0.034535 
0.016831 0.079099 0.212531 0.207703 0.127497 0.113317 0.077458 0.087608 0.062304 0.015652 
0.011099 0.072333 0.123202 0.317831 0.175750 0.084598 0.051963 0.080284 0.067432 0.015508 
0.038265 0.169980 0.519579 0.131185 0.026794 0.047885 0.036504 0.022426 0.004949 0.002432 
0.006980 0.672300 0.143061 0.117268 0.016728 0.006004 0.019700 0.004797 0.006284 0.006877 
0.087471 0.624397 0.060873 0.136766 0.022041 0.010468 0.017745 0.011772 0.007767 0.020699 
0.088284 0.519315 0.107449 0.155879 0.017643 0.009605 0.034043 0.020159 0.030037 0.017586 
0.113707 0.531585 0.071129 0.126675 0.040684 0.027637 0.026926 0.029274 0.016330 0.016053 
0.072689 0.383141 0.163510 0.125410 0.038911 0.038020 0.062043 0.058927 0.030193 0.027157 
0.005145 0.081656 0.180027 0.220768 0.075865 0.054966 0.079549 0.134001 0.066022 0.102000 
0.003812 0.009306 0.122594 0.150685 0.152350 0.118761 0.191731 0.086823 0.084495 0.079443 
0.001289 0.021224 0.058818 0.542429 0.097683 0.050735 0.117656 0.020185 0.022118 0.067862 
0.006775 0.038199 0.086356 0.500562 0.078218 0.043298 0.130189 0.020728 0.047226 0.048448 
0.015760 0.037947 0.216528 0.294183 0.116053 0.046291 0.113262 0.089338 0.051286 0.019351 
0.011444 0.044792 0.177568 0.279252 0.100988 0.066251 0.076729 0.147743 0.050708 0.044525 
0.017505 0.149645 0.495077 0.126157 0.057859 0.045267 0.046818 0.023862 0.023161 0.014647 
0.006500 0.649939 0.137505 0.075130 0.033512 0.013148 0.033062 0.020459 0.020327 0.010417 
0.071630 0.563286 0.105476 0.152634 0.027588 0.016182 0.030613 0.012057 0.011158 0.009376 
0.115987 0.564367 0.052250 0.147973 0.024683 0.011827 0.031600 0.020486 0.013097 0.017731 
0.094911 0.426591 0.070984 0.224567 0.053949 0.019299 0.047775 0.034353 0.010117 0.017456 
0.016227 0.128858 0.134297 0.403502 0.112551 0.021278 0.074157 0.033645 0.042666 0.032819 
0.007502 0.037064 0.173322 0.421164 0.098822 0.039373 0.101505 0.075894 0.027585 0.017770 
0.002011 0.044336 0.242021 0.339646 0.102821 0.055716 0.090414 0.077938 0.029542 0.015554 
0.011032 0.046583 0.186727 0.438101 0.077699 0.063495 0.064918 0.061424 0.023252 0.026769 
0.000709 0.016489 0.271585 0.343360 0.128694 0.052122 0.073579 0.048856 0.045971 0.018634 
0.003885 0.029210 0.235015 0.363011 0.117568 0.063290 0.078733 0.060801 0.027168 0.021319 
0.012350 0.045003 0.139055 0.503939 0.128352 0.040271 0.044860 0.042801 0.018851 0.024517 
0.013115 0.202649 0.497137 0.110373 0.051899 0.038091 0.038715 0.021697 0.016641 0.009683 
0.020349 0.610458 0.100520 0.082102 0.071858 0.016956 0.034089 0.029705 0.021617 0.012344 
0.036420 0.462915 0.127887 0.132325 0.145658 0.017943 0.033417 0.030931 0.008518 0.003986 
0.079063 0.364357 0.065349 0.102009 0.212918 0.045424 0.049268 0.050103 0.019891 0.011617 
0.060000 0.323749 0.118656 0.137149 0.181279 0.037796 0.049150 0.059851 0.021830 0.010539 
0.001306 0.059352 0.133085 0.280791 0.246191 0.056323 0.113639 0.048851 0.037161 0.023300 
0.016930 0.063343 0.304277 0.241228 0.165023 0.037776 0.053695 0.077082 0.023154 0.017491 
0.009134 0.036812 0.295681 0.214125 0.141400 0.056333 0.083454 0.111008 0.039138 0.012916 
0.000219 0.026616 0.290268 0.234018 0.147919 0.062738 0.068659 0.099387 0.049311 0.020865 
0.008246 0.030812 0.355213 0.285911 0.102594 0.051050 0.060601 0.053266 0.036117 0.016190 
0.016244 0.042008 0.361491 0.301803 0.089085 0.033976 0.051816 0.051515 0.027642 0.024420 
0.011706 0.054056 0.143137 0.344167 0.169002 0.066241 0.063690 0.086524 0.033728 0.027749 
0.028515 0.262908 0.490780 0.091282 0.028263 0.036488 0.036535 0.016565 0.005484 0.003181 
0.037870 0.741391 0.121074 0.045193 0.018585 0.010178 0.009686 0.009828 0.004467 0.001728 
0.016740 0.579803 0.133114 0.088301 0.057387 0.027468 0.028749 0.032430 0.024089 0.011920 
0.116076 0.600517 0.078863 0.064044 0.036309 0.018721 0.025738 0.033849 0.013895 0.011988 
0.074702 0.490073 0.124249 0.102931 0.065028 0.032983 0.033340 0.035792 0.024029 0.016873 
0.029623 0.207067 0.245745 0.214805 0.110615 0.036769 0.057778 0.052366 0.019162 0.026069 
0.014600 0.083775 0.191814 0.265532 0.131533 0.071277 0.071293 0.079389 0.039990 0.050796 
0.001582 0.031978 0.110481 0.441525 0.114253 0.045496 0.073590 0.106122 0.045734 0.029238 
0.019521 0.036856 0.200086 0.243350 0.176875 0.046661 0.099037 0.100382 0.031929 0.045303 
0.015924 0.081407 0.169781 0.180771 0.168363 0.111588 0.112703 0.082065 0.050789 0.026609 
0.008743 0.025229 0.212703 0.219517 0.129849 0.072152 0.164338 0.088899 0.061892 0.016680 
0.005119 0.043894 0.196454 0.224511 0.129983 0.048341 0.162107 0.110383 0.048122 0.031086 
0.025097 0.257126 0.485224 0.082270 0.045345 0.040251 0.033506 0.015080 0.011485 0.004616 
0.019607 0.643134 0.127135 0.042532 0.081707 0.012700 0.031283 0.027297 0.009227 0.005379 
0.000553 0.451529 0.099248 0.125533 0.198348 0.030187 0.039617 0.038090 0.010946 0.005949 
0.062413 0.410233 0.084338 0.108036 0.222841 0.025503 0.032245 0.040712 0.009073 0.004606 
0.035855 0.355251 0.089461 0.117961 0.195876 0.041148 0.067143 0.071429 0.016470 0.009407 
0.007184 0.063225 0.085678 0.345847 0.203129 0.053351 0.118185 0.087274 0.030259 0.005867 
0.012115 0.077355 0.156713 0.210924 0.266460 0.060941 0.071215 0.120731 0.017822 0.005723 
0.009622 0.061659 0.172673 0.195178 0.389990 0.032767 0.056254 0.045599 0.023286 0.012971 
0.004712 0.099232 0.178854 0.213399 0.282104 0.041286 0.070582 0.051336 0.034157 0.024338 
0.014122 0.098911 0.150571 0.173080 0.160303 0.097092 0.105515 0.097357 0.069217 0.033831 
0.018402 0.051105 0.295447 0.155360 0.101868 0.069887 0.115238 0.129123 0.047116 0.016455 
0.002618 0.013336 0.141371 0.321812 0.100954 0.035107 0.169618 0.130290 0.044691 0.040203 
0.009447 0.251690 0.496317 0.092244 0.038937 0.042474 0.027518 0.019726 0.012466 0.009181 
0.000008 0.694985 0.153496 0.037212 0.033731 0.020190 0.021457 0.015734 0.013195 0.009991 
0.022131 0.769022 0.109782 0.036123 0.021771 0.006650 0.014566 0.010149 0.006267 0.003540 
0.047930 0.587722 0.127045 0.068759 0.044486 0.028075 0.032292 0.025473 0.021044 0.017172 
0.008115 0.430471 0.151091 0.130696 0.085240 0.047539 0.051214 0.043093 0.031033 0.021508 
0.019373 0.186262 0.318813 0.170872 0.083625 0.034204 0.078870 0.061911 0.028680 0.017389 
0.022595 0.093353 0.414165 0.183599 0.100280 0.035708 0.056884 0.053182 0.024035 0.016199 
0.002768 0.089244 0.318903 0.191989 0.096164 0.073366 0.096851 0.086625 0.030644 0.013446 
0.008789 0.058715 0.323060 0.145330 0.050148 0.062286 0.108116 0.160233 0.054341 0.028982 
0.008710 0.052853 0.301360 0.189036 0.055257 0.039903 0.079359 0.165503 0.066494 0.041524 
0.001391 0.054060 0.337366 0.201789 0.090878 0.063615 0.090997 0.087995 0.043211 0.028696 
0.002479 0.075899 0.331682 0.309728 0.068244 0.033813 0.078590 0.065900 0.017305 0.016360 
0.005967 0.269862 0.472699 0.092283 0.049103 0.040488 0.037826 0.019282 0.005296 0.007195 
0.021402 0.647281 0.115198 0.046102 0.076287 0.021113 0.028951 0.031687 0.007610 0.004369 
0.000862 0.438764 0.098947 0.125871 0.200265 0.024986 0.043798 0.042065 0.016421 0.008021 
0.015359 0.395926 0.089280 0.110259 0.218255 0.036753 0.051800 0.049114 0.021406 0.011848 
0.016563 0.320127 0.103814 0.145010 0.213585 0.040020 0.056931 0.069214 0.024040 0.010696 
0.012261 0.040786 0.117231 0.335711 0.180688 0.082852 0.107870 0.090550 0.025586 0.006465 
0.001866 0.066843 0.266108 0.202347 0.164642 0.032798 0.110622 0.089046 0.047209 0.018518 
0.001402 0.059411 0.283749 0.122097 0.222070 0.075167 0.066540 0.111708 0.041105 0.016749 
0.011606 0.084748 0.349792 0.087579 0.146936 0.068885 0.054120 0.089313 0.073255 0.033766 
0.015035 0.037591 0.360418 0.208067 0.138559 0.056590 0.045745 0.055657 0.062723 0.019615 
0.031328 0.060274 0.344682 0.123055 0.182862 0.052568 0.033985 0.106700 0.032304 0.032240 
0.016792 0.063806 0.176576 0.213544 0.184779 0.043468 0.106563 0.129180 0.031057 0.034236 
0.017146 0.300416 0.476054 0.088066 0.028447 0.034703 0.034139 0.016252 0.002743 0.002034 
0.015748 0.708121 0.140819 0.040885 0.034061 0.016101 0.018461 0.011000 0.007882 0.006922 
0.024702 0.620984 0.166004 0.049456 0.034480 0.024269 0.031504 0.018432 0.017586 0.012584 
0.023134 0.547974 0.171806 0.075010 0.051781 0.029755 0.030903 0.026648 0.025373 0.017617 
0.074632 0.478591 0.210370 0.065378 0.066591 0.015332 0.032494 0.019654 0.023567 0.013391 
0.025516 0.119193 0.437471 0.154010 0.116013 0.029259 0.047337 0.041479 0.022898 0.006825 
0.000647 0.055992 0.265441 0.195484 0.197967 0.090113 0.074405 0.069397 0.031839 0.018714 
0.010469 0.087118 0.249649 0.182054 0.186361 0.055615 0.070010 0.086826 0.042673 0.029224 
0.020846 0.085058 0.264388 0.234349 0.113296 0.043847 0.081099 0.084620 0.033687 0.038810 
0.020544 0.089339 0.259554 0.200226 0.125878 0.088940 0.081013 0.097836 0.020693 0.015977 
0.008145 0.087016 0.329312 0.132769 0.085559 0.112079 0.058793 0.135358 0.037730 0.013239 
0.003948 0.061944 0.330175 0.108575 0.121417 0.109289 0.079216 0.120918 0.035746 0.028774 
0.009670 0.274307 0.461873 0.085191 0.039147 0.053752 0.027242 0.029368 0.010230 0.009219 
0.009472 0.546050 0.138174 0.074182 0.094713 0.030460 0.032579 0.042837 0.019231 0.012302 
0.034910 0.393725 0.088915 0.096153 0.222050 0.046274 0.045855 0.047277 0.018081 0.006761 
0.034204 0.374168 0.076140 0.071570 0.215332 0.052852 0.061605 0.067468 0.028397 0.018265 
0.059220 0.299028 0.094336 0.125047 0.227283 0.046634 0.063349 0.064537 0.013535 0.007031 
0.017470 0.057796 0.151598 0.269377 0.216324 0.067009 0.090468 0.102176 0.021636 0.006146 
0.013294 0.059874 0.160071 0.338763 0.145894 0.088639 0.048987 0.081650 0.043160 0.019668 
0.005716 0.060213 0.132713 0.339244 0.263368 0.088897 0.027227 0.044828 0.020756 0.017039 
0.011389 0.045927 0.165918 0.484841 0.122722 0.076988 0.029225 0.032446 0.017987 0.012557 
0.012215 0.080781 0.194025 0.334654 0.064996 0.101362 0.053620 0.112299 0.037099 0.008950 
0.021651 0.156007 0.163790 0.264489 0.075511 0.091566 0.092025 0.062621 0.047796 0.024546 
0.020968 0.145981 0.182703 0.308028 0.078057 0.096459 0.048016 0.055366 0.042129 0.022292 
0.003234 0.285858 0.466252 0.085746 0.047598 0.033600 0.027788 0.018548 0.021113 0.010261 
0.038129 0.511444 0.116277 0.092403 0.047892 0.025601 0.077100 0.030573 0.021742 0.038840 
0.031464 0.392186 0.065127 0.104112 0.052155 0.029885 0.144385 0.019050 0.024741 0.136896 
0.064098 0.400743 0.053441 0.095155 0.048286 0.017984 0.065979 0.036353 0.033966 0.183994 
0.062664 0.237056 0.050109 0.070665 0.148178 0.030046 0.068868 0.205156 0.053551 0.073709 
0.010700 0.018802 0.052558 0.094894 0.277222 0.043181 0.062354 0.339460 0.060500 0.040330 
0.006472 0.038839 0.072586 0.093546 0.235848 0.018235 0.057921 0.358870 0.071150 0.046533 
0.003740 0.100968 0.107570 0.063636 0.207079 0.046672 0.087573 0.296199 0.045336 0.041226 
0.002886 0.098194 0.137844 0.069900 0.265150 0.027351 0.064435 0.235773 0.052123 0.046344 
0.011635 0.087070 0.105380 0.303132 0.134168 0.023604 0.150963 0.049062 0.052689 0.082295 
0.016676 0.095219 0.107817 0.400955 0.087357 0.028818 0.119958 0.038749 0.066436 0.038015 
0.005859 0.066634 0.119375 0.363537 0.086067 0.075534 0.107810 0.055089 0.049212 0.070883 
0.026064 0.316283 0.425589 0.107121 0.031769 0.015835 0.029376 0.013756 0.016195 0.018012 
0.063999 0.574171 0.118884 0.084718 0.024376 0.013069 0.025308 0.018445 0.045320 0.031710 
0.016024 0.423264 0.109863 0.164806 0.018041 0.012926 0.047435 0.021394 0.094727 0.091520 
0.079975 0.441050 0.051639 0.129576 0.027709 0.012429 0.056309 0.026956 0.096147 0.078211 
0.077794 0.311636 0.031884 0.183755 0.037931 0.013457 0.091110 0.039705 0.090394 0.122335 
0.009769 0.029285 0.043272 0.291455 0.061385 0.015478 0.130375 0.060991 0.157266 0.200725 
0.003275 0.093318 0.123882 0.274036 0.067355 0.057715 0.079033 0.079860 0.078423 0.143104 
0.014234 0.121578 0.118666 0.322591 0.067894 0.039429 0.084523 0.037031 0.115661 0.078394 
0.017455 0.112067 0.122158 0.451538 0.073637 0.053341 0.039106 0.020104 0.078586 0.032007 
0.016905 0.145427 0.080575 0.465097 0.059692 0.050748 0.048058 0.034957 0.062509 0.036034 
0.018884 0.061495 0.137877 0.495243 0.073308 0.052444 0.030716 0.029275 0.064591 0.036168 
0.010071 0.046506 0.151936 0.390232 0.093908 0.082302 0.088723 0.063980 0.048587 0.023753 
0.034657 0.344805 0.446426 0.087571 0.024551 0.017853 0.021748 0.012187 0.007560 0.002644 
0.075445 0.630584 0.119781 0.107442 0.014281 0.011174 0.007549 0.006882 0.017338 0.009523 
0.019200 0.402270 0.093900 0.217839 0.069721 0.043897 0.046510 0.039763 0.042887 0.024013 
0.096597 0.473191 0.047801 0.229394 0.040598 0.025935 0.019068 0.022760 0.033778 0.010878 
0.061637 0.297549 0.102788 0.341357 0.051505 0.031109 0.021702 0.027713 0.048068 0.016571 
0.003961 0.041474 0.100904 0.502422 0.094935 0.066639 0.038390 0.044705 0.090079 0.016492 
0.002738 0.016356 0.081722 0.511322 0.107209 0.076067 0.045621 0.044858 0.095437 0.018669 
0.002893 0.023439 0.097796 0.508470 0.096651 0.069603 0.039460 0.043823 0.100168 0.017697 
0.007282 0.032220 0.092756 0.537049 0.069138 0.083382 0.015490 0.030138 0.115586 0.016958 
0.002666 0.026920 0.180433 0.500069 0.080389 0.053853 0.051226 0.039519 0.038461 0.026463 
0.006307 0.177211 0.159557 0.239509 0.148183 0.039506 0.079999 0.082308 0.027376 0.040044 
0.025388 0.144568 0.142305 0.194608 0.128133 0.115773 0.138351 0.064915 0.028336 0.017622 
0.029413 0.361590 0.481802 0.055578 0.022204 0.007951 0.008889 0.019037 0.008819 0.004716 
0.053356 0.554931 0.120547 0.093457 0.055164 0.049892 0.018469 0.018612 0.021465 0.014108 
0.040204 0.439823 0.093548 0.174619 0.062954 0.132751 0.013131 0.011254 0.024505 0.007210 
0.077242 0.464952 0.089898 0.161814 0.023461 0.068399 0.047248 0.028029 0.021870 0.017087 
0.055375 0.346661 0.109996 0.255870 0.021205 0.051353 0.080529 0.018946 0.051336 0.008728 
0.005463 0.027689 0.070286 0.507499 0.112899 0.055405 0.091355 0.031325 0.075356 0.022723 
0.004631 0.022948 0.071401 0.575590 0.094308 0.087568 0.051718 0.012710 0.065652 0.013473 
0.017224 0.070711 0.144067 0.522636 0.082906 0.030475 0.049914 0.022078 0.043928 0.016060 
0.010136 0.049240 0.087123 0.586616 0.064939 0.032663 0.079675 0.022125 0.055613 0.011871 
0.009622 0.037731 0.156914 0.409416 0.107985 0.048805 0.091269 0.060779 0.055312 0.022168 
0.004024 0.054736 0.177770 0.328566 0.061879 0.054523 0.069254 0.125734 0.086018 0.037497 
0.022561 0.105190 0.228117 0.249048 0.128837 0.089448 0.088854 0.050230 0.023144 0.014572 
0.022150 0.352417 0.469162 0.082820 0.023044 0.010621 0.017936 0.007780 0.007547 0.006523 
0.016134 0.548190 0.131801 0.091499 0.058217 0.035326 0.039779 0.030839 0.027906 0.020309 
0.101522 0.684409 0.080888 0.047264 0.028401 0.012017 0.017383 0.009424 0.009187 0.009505 
0.073165 0.574166 0.130153 0.075988 0.035256 0.026353 0.026949 0.027532 0.017835 0.012603 
0.051119 0.411669 0.205554 0.112591 0.057396 0.040395 0.032442 0.040450 0.034608 0.013776 
0.044869 0.181726 0.135733 0.151013 0.082145 0.068602 0.109484 0.098594 0.069345 0.058489 
0.018453 0.251125 0.175907 0.183528 0.079748 0.038500 0.072115 0.082961 0.063923 0.033740 
0.024696 0.209207 0.179815 0.270602 0.103087 0.035539 0.053920 0.056041 0.042919 0.024174 
0.023733 0.204079 0.205098 0.260211 0.094752 0.038220 0.066658 0.044594 0.039954 0.022700 
0.005837 0.172713 0.218559 0.219002 0.120583 0.037570 0.088548 0.063305 0.047404 0.026479 
0.012227 0.176054 0.273087 0.221860 0.108067 0.046571 0.048199 0.041138 0.055104 0.017694 
0.001406 0.046871 0.231898 0.303707 0.094752 0.087097 0.112055 0.061981 0.033367 0.026866 
0.006889 0.328708 0.363585 0.114034 0.058701 0.038873 0.031520 0.021790 0.020447 0.015453 
0.026083 0.522719 0.144368 0.100618 0.070212 0.045073 0.025160 0.027393 0.024122 0.014252 
0.083410 0.561708 0.086597 0.109512 0.039234 0.071811 0.017578 0.015705 0.004564 0.009882 
0.030393 0.559053 0.141307 0.073774 0.054226 0.034080 0.035247 0.028553 0.023908 0.019459 
0.003734 0.478134 0.132482 0.106368 0.065465 0.050587 0.046973 0.043530 0.038628 0.034100 
0.068856 0.093988 0.164491 0.181297 0.108281 0.069481 0.112545 0.078039 0.070854 0.052167 
0.002302 0.063131 0.236692 0.265857 0.140737 0.098192 0.066056 0.070306 0.029848 0.026878 
0.013283 0.081061 0.332271 0.202451 0.138607 0.056722 0.055327 0.067962 0.036585 0.015731 
0.011520 0.063404 0.321483 0.276489 0.118884 0.073545 0.037911 0.046038 0.034631 0.016094 
0.007938 0.109157 0.292053 0.216731 0.130873 0.051662 0.050301 0.069890 0.031806 0.039589 
0.039864 0.115015 0.160077 0.157632 0.150696 0.073998 0.119967 0.092944 0.051498 0.038309 
0.024153 0.114131 0.328148 0.241434 0.050741 0.092769 0.072658 0.041385 0.022093 0.012487 
0.034007 0.451329 0.358816 0.068381 0.018734 0.016664 0.005725 0.026772 0.007785 0.011789 
0.056906 0.522629 0.160476 0.086164 0.021669 0.027908 0.011876 0.052109 0.019146 0.041116 
0.050441 0.404722 0.075585 0.198187 0.026775 0.045272 0.028346 0.083594 0.025505 0.061572 
0.008323 0.426409 0.168834 0.166093 0.023509 0.041953 0.023127 0.077625 0.019649 0.044478 
0.029012 0.174017 0.103344 0.333949 0.061708 0.071145 0.028804 0.115474 0.021078 0.061467 
0.007840 0.020229 0.101769 0.390477 0.083537 0.078449 0.044632 0.193021 0.019346 0.060700 
0.010897 0.045243 0.143278 0.388451 0.026357 0.076122 0.024302 0.173293 0.041396 0.070662 
0.004879 0.028123 0.111170 0.408724 0.050483 0.111964 0.060464 0.146184 0.032585 0.045423 
0.008453 0.031475 0.128569 0.432383 0.087213 0.124559 0.033468 0.105763 0.019881 0.028235 
0.008814 0.056812 0.150857 0.409671 0.095440 0.091628 0.025014 0.060503 0.059606 0.041656 
0.000923 0.105645 0.128887 0.431237 0.078511 0.053399 0.077226 0.055317 0.050065 0.018790 
0.015805 0.067578 0.331562 0.314834 0.065864 0.062358 0.055637 0.036645 0.030591 0.019127 
0.032354 0.469987 0.358160 0.067262 0.026259 0.013029 0.011182 0.006198 0.006942 0.008627 
0.092759 0.645675 0.098691 0.107277 0.015569 0.008943 0.007708 0.010455 0.005654 0.007267 
0.016323 0.487961 0.127311 0.192271 0.044204 0.028454 0.031189 0.028045 0.024138 0.020105 
0.045941 0.482832 0.133020 0.189326 0.038120 0.024235 0.024479 0.023380 0.020647 0.018021 
0.060621 0.250962 0.066566 0.403888 0.073454 0.034639 0.032017 0.031224 0.023079 0.023549 
0.008449 0.041758 0.049577 0.616987 0.097583 0.043607 0.032612 0.041441 0.044915 0.023072 
0.011128 0.044670 0.098042 0.581234 0.111694 0.045504 0.030373 0.028426 0.023814 0.025114 
0.000148 0.015887 0.048849 0.524400 0.107146 0.044042 0.106912 0.055965 0.069469 0.027182 
0.012921 0.047971 0.099060 0.502795 0.094559 0.028419 0.090099 0.040588 0.052440 0.031147 
0.001857 0.097272 0.169469 0.311946 0.104445 0.040344 0.094234 0.099953 0.057393 0.023087 
0.009455 0.106984 0.112731 0.329463 0.097658 0.042332 0.090367 0.116533 0.046081 0.048397 
0.017476 0.083312 0.347067 0.263912 0.053874 0.082276 0.063627 0.044701 0.020459 0.023296 
0.031381 0.472976 0.353431 0.071998 0.022032 0.011826 0.012175 0.010207 0.007513 0.006461 
0.075308 0.585192 0.125413 0.104849 0.027531 0.017689 0.019465 0.018922 0.015358 0.010273 
0.016359 0.458438 0.137111 0.212872 0.055128 0.026758 0.031951 0.020607 0.022550 0.018227 
0.079982 0.469584 0.077580 0.225863 0.043439 0.024578 0.026224 0.026088 0.012106 0.014555 
0.047119 0.235604 0.099201 0.426757 0.049690 0.018951 0.052856 0.035234 0.014933 0.019655 
0.017686 0.067390 0.099668 0.542238 0.140339 0.032658 0.041901 0.027479 0.017186 0.013454 
0.000737 0.100684 0.105726 0.523963 0.119166 0.033554 0.043185 0.032824 0.024787 0.015376 
0.001174 0.123433 0.152710 0.328112 0.144715 0.061986 0.046699 0.071400 0.044620 0.025151 
0.005079 0.156885 0.156177 0.214036 0.131982 0.085013 0.064663 0.094062 0.078833 0.013271 
0.004499 0.155624 0.125399 0.235106 0.115391 0.044787 0.120343 0.092256 0.082470 0.024125 
0.003234 0.145662 0.109940 0.315868 0.129732 0.073794 0.073505 0.078252 0.049149 0.020862 
0.024990 0.106472 0.431477 0.176138 0.072627 0.060135 0.048545 0.039096 0.023546 0.016974 
0.040095 0.482872 0.333785 0.040278 0.048377 0.010145 0.016151 0.018345 0.007399 0.002553 
0.029999 0.440538 0.149843 0.063609 0.123645 0.046403 0.052254 0.048408 0.025788 0.019514 
0.045728 0.375134 0.110119 0.079717 0.201001 0.047767 0.045121 0.051574 0.027159 0.016679 
0.086606 0.354856 0.040232 0.092180 0.213001 0.045991 0.062583 0.061957 0.025590 0.017004 
0.047036 0.125114 0.095072 0.214671 0.244233 0.066051 0.073343 0.078412 0.037914 0.018153 
0.004378 0.045425 0.164896 0.285957 0.182548 0.083364 0.058604 0.130220 0.029438 0.015170 
0.011069 0.047742 0.193042 0.226189 0.238377 0.039139 0.096526 0.088335 0.041028 0.018553 
0.015402 0.120926 0.159768 0.280971 0.169112 0.063923 0.034898 0.087414 0.044970 0.022616 
0.014297 0.128567 0.228155 0.286457 0.161470 0.073686 0.030968 0.033796 0.031618 0.010986 
0.028476 0.195322 0.130644 0.292553 0.150522 0.028195 0.052521 0.069177 0.036927 0.015662 
0.008338 0.090164 0.140947 0.263934 0.210676 0.068697 0.103451 0.068237 0.024186 0.021370 
0.037319 0.158814 0.465744 0.147060 0.028069 0.060556 0.056797 0.026428 0.011221 0.007993 
0.020483 0.427636 0.325887 0.072974 0.046425 0.026939 0.026854 0.020781 0.018316 0.013705 
0.016073 0.479688 0.186253 0.090684 0.061365 0.040838 0.040421 0.034644 0.029024 0.021009 
0.107527 0.518418 0.133991 0.087685 0.049169 0.023616 0.021857 0.024544 0.020215 0.012977 
0.148811 0.642768 0.083857 0.060228 0.017140 0.010150 0.016222 0.010832 0.006217 0.003776 
0.122704 0.478260 0.143219 0.099921 0.050569 0.020906 0.036614 0.019569 0.013811 0.014427 
0.026274 0.060949 0.170596 0.370200 0.157807 0.047341 0.068266 0.054818 0.018109 0.025640 
0.001934 0.070507 0.201599 0.296911 0.186334 0.045474 0.086477 0.050469 0.025078 0.035217 
0.000901 0.101339 0.107915 0.329716 0.145155 0.049597 0.124846 0.052191 0.041041 0.047297 
0.022396 0.045799 0.091766 0.383410 0.136833 0.077078 0.097899 0.062572 0.046760 0.035488 
0.001668 0.135433 0.170061 0.281832 0.142520 0.056010 0.063804 0.099142 0.030630 0.018899 
0.020950 0.193310 0.139961 0.247530 0.167310 0.049640 0.058336 0.089267 0.024128 0.009566 
0.004141 0.118513 0.480491 0.130118 0.083948 0.043994 0.057239 0.036315 0.027787 0.017454 
0.018888 0.409658 0.256082 0.092526 0.079691 0.035698 0.030806 0.032863 0.026286 0.017502 
0.053928 0.455973 0.123821 0.080599 0.127339 0.033494 0.042849 0.042588 0.024330 0.015077 
0.098238 0.381544 0.034574 0.115065 0.242575 0.024623 0.034129 0.050794 0.010700 0.007758 
0.081396 0.371307 0.057981 0.103350 0.221650 0.039702 0.053113 0.051138 0.013674 0.006689 
0.028898 0.122598 0.073654 0.225403 0.306674 0.063368 0.081167 0.069665 0.021528 0.007044 
0.002383 0.032912 0.141048 0.319192 0.233570 0.070158 0.052769 0.111674 0.027805 0.008489 
0.000548 0.042857 0.178219 0.192828 0.331759 0.071167 0.093423 0.045385 0.031080 0.012734 
0.002421 0.099140 0.167940 0.224580 0.249817 0.060772 0.070941 0.066927 0.041074 0.016390 
0.001033 0.036612 0.132297 0.303407 0.249609 0.037005 0.081370 0.092473 0.041246 0.024948 
0.006856 0.152367 0.150484 0.173351 0.126744 0.044190 0.133170 0.117218 0.074925 0.020694 
0.010079 0.137909 0.166703 0.200795 0.107043 0.033939 0.158706 0.089220 0.072787 0.022818 
0.026173 0.179686 0.510690 0.115719 0.037698 0.050351 0.046657 0.022264 0.005815 0.004948 
0.056133 0.597647 0.225208 0.053360 0.025033 0.011067 0.010923 0.009047 0.006869 0.004713 
0.106718 0.687365 0.106372 0.037318 0.014761 0.010791 0.014448 0.009324 0.007075 0.005828 
0.154843 0.660253 0.067020 0.036354 0.028164 0.013198 0.014056 0.012635 0.007371 0.006105 
0.086853 0.558082 0.136535 0.072102 0.032206 0.029068 0.025374 0.023812 0.024794 0.011175 
0.023295 0.366623 0.192461 0.120861 0.089748 0.052111 0.055560 0.048475 0.030036 0.020828 
0.021661 0.150820 0.155372 0.189096 0.154832 0.039222 0.075006 0.102762 0.057184 0.054045 
0.004900 0.233160 0.351812 0.112074 0.065531 0.033371 0.064781 0.070461 0.036157 0.027753 
0.007435 0.160025 0.303557 0.202682 0.098645 0.064435 0.065585 0.059353 0.029603 0.008679 
0.022843 0.189270 0.333266 0.179553 0.068935 0.034020 0.055768 0.069704 0.036948 0.009692 
0.010896 0.172865 0.341017 0.197741 0.089188 0.030502 0.054794 0.052813 0.031350 0.018835 
0.002192 0.180211 0.329521 0.203104 0.075197 0.052095 0.051683 0.053288 0.040436 0.012273 
0.012907 0.142441 0.510418 0.132112 0.048234 0.048483 0.045558 0.031373 0.016155 0.012319 
0.039329 0.510489 0.217003 0.049772 0.062135 0.029862 0.035437 0.025023 0.016923 0.014026 
0.079218 0.527418 0.095536 0.042145 0.139322 0.024121 0.034272 0.034952 0.014842 0.008174 
0.071500 0.352755 0.063739 0.081444 0.228990 0.044785 0.055773 0.056177 0.028537 0.016301 
0.043886 0.373637 0.061673 0.089943 0.214995 0.050856 0.052529 0.062369 0.029339 0.020774 
0.013385 0.104210 0.066449 0.224651 0.308436 0.083725 0.078584 0.072040 0.035698 0.012822 
0.009423 0.079275 0.115683 0.308521 0.211422 0.061393 0.052627 0.111877 0.039243 0.010538 
0.004844 0.191248 0.129571 0.101471 0.278460 0.074590 0.058521 0.085149 0.047512 0.028636 
0.012621 0.246456 0.181914 0.111293 0.189360 0.039837 0.082966 0.081377 0.033110 0.021067 
0.005727 0.288870 0.199484 0.087379 0.174637 0.071312 0.045941 0.057572 0.052038 0.017041 
0.037541 0.348499 0.201339 0.127547 0.113819 0.026406 0.036202 0.056934 0.036444 0.015269 
0.013217 0.066246 0.204664 0.157261 0.196740 0.048147 0.115888 0.130186 0.040041 0.027610 
0.014573 0.143287 0.536501 0.124472 0.043032 0.046008 0.047250 0.025147 0.011407 0.008322 
0.010232 0.548346 0.214132 0.065689 0.047437 0.027272 0.029274 0.023483 0.020094 0.014041 
0.060041 0.555225 0.151377 0.064905 0.048380 0.029926 0.031897 0.023043 0.019926 0.015281 
0.069219 0.514884 0.146854 0.072928 0.056214 0.032726 0.034522 0.030320 0.025227 0.017106 
0.026902 0.557797 0.132916 0.085396 0.060789 0.031509 0.035600 0.025207 0.027034 0.016850 
0.017778 0.391818 0.154949 0.129046 0.092147 0.035150 0.054895 0.064764 0.032647 0.026806 
0.032156 0.152026 0.191290 0.120362 0.199093 0.036699 0.080441 0.051253 0.066803 0.069877 
0.011524 0.084638 0.156333 0.179244 0.161642 0.048991 0.089049 0.116375 0.063916 0.088287 
0.010432 0.045245 0.134024 0.209556 0.158436 0.084261 0.093636 0.078578 0.114264 0.071568 
0.026010 0.063805 0.114448 0.105733 0.123618 0.066185 0.143447 0.148101 0.069768 0.138884 
0.014096 0.120331 0.197330 0.168767 0.183860 0.100979 0.070556 0.061013 0.054842 0.028226 
0.010160 0.223699 0.201255 0.130409 0.198070 0.091373 0.044052 0.045228 0.041407 0.014347 
0.016380 0.160081 0.534019 0.123537 0.037713 0.050299 0.042458 0.024895 0.006708 0.003910 
0.014877 0.632858 0.145242 0.035425 0.071074 0.023092 0.029781 0.025463 0.014298 0.007891 
0.013347 0.433998 0.147149 0.061063 0.152623 0.055527 0.045286 0.040476 0.030714 0.019816 
0.009613 0.343424 0.103388 0.086553 0.219502 0.058830 0.069912 0.062919 0.024883 0.020976 
0.008239 0.322581 0.096743 0.083119 0.207037 0.064479 0.073248 0.073555 0.043879 0.027120 
0.006651 0.040094 0.181413 0.282285 0.237390 0.072216 0.073883 0.050459 0.033435 0.022174 
0.010382 0.061829 0.080077 0.393198 0.128100 0.139609 0.052448 0.084012 0.017195 0.033150 
0.012098 0.038687 0.141161 0.270112 0.206934 0.162928 0.039346 0.063668 0.024940 0.040126 
0.007411 0.066771 0.202021 0.238189 0.171415 0.163760 0.056664 0.031024 0.025117 0.037628 
0.004306 0.067900 0.135433 0.325255 0.184782 0.112559 0.043403 0.073516 0.035397 0.017448 
0.005771 0.096994 0.283877 0.112604 0.146438 0.061607 0.098944 0.082846 0.087418 0.023499 
0.013680 0.168996 0.243314 0.082408 0.123419 0.086494 0.128888 0.054969 0.076644 0.021186 
0.011455 0.104656 0.535521 0.127773 0.049238 0.052157 0.049876 0.034323 0.021794 0.013207 
0.014992 0.656811 0.158572 0.058261 0.025845 0.014427 0.021616 0.018759 0.016184 0.014535 
