Keep-You-Much-Longer,Akon
0.000000 0.000000 0.000000 0.000000 0.000000 0.000000 0.000000 0.000000 0.000000 0.000000 
0.226182 0.399504 0.075777 0.047623 0.057497 0.032489 0.032449 0.028850 0.042961 0.056668 
0.375643 0.085996 0.081943 0.023089 0.039827 0.053796 0.082616 0.086208 0.115796 0.055088 
0.275684 0.065585 0.024075 0.097430 0.084057 0.071142 0.136473 0.056988 0.109285 0.079280 
0.006530 0.050056 0.211010 0.210588 0.300725 0.093879 0.066225 0.027279 0.016787 0.016921 
0.001081 0.010193 0.127376 0.395243 0.102612 0.171119 0.110762 0.041902 0.020227 0.019486 
0.000865 0.006153 0.027155 0.232066 0.161685 0.023734 0.221620 0.099372 0.075991 0.151360 
0.003205 0.013608 0.022423 0.229334 0.052791 0.008698 0.255745 0.143825 0.081911 0.188461 
0.003998 0.018692 0.038837 0.395371 0.092915 0.046596 0.217080 0.050821 0.019641 0.116049 
0.002081 0.018605 0.097641 0.461153 0.118366 0.061506 0.078474 0.062646 0.055161 0.044369 
0.002817 0.030597 0.034895 0.097300 0.100974 0.049749 0.264985 0.149309 0.098882 0.170493 
0.007307 0.029797 0.047958 0.335349 0.155809 0.034870 0.159976 0.070008 0.072337 0.086589 
0.002911 0.011801 0.015930 0.055092 0.018637 0.014591 0.190296 0.421172 0.079734 0.189837 
0.000346 0.001506 0.001280 0.036864 0.025096 0.019109 0.134683 0.032698 0.058041 0.690376 
0.005212 0.021463 0.029584 0.059885 0.032680 0.036519 0.193070 0.056263 0.051584 0.513741 
0.004131 0.018984 0.026553 0.101662 0.045453 0.048602 0.289142 0.058978 0.110912 0.295583 
0.002102 0.002559 0.011024 0.115094 0.062058 0.023779 0.125276 0.235055 0.096840 0.326213 
0.005983 0.024675 0.046647 0.322347 0.219920 0.027506 0.115066 0.074568 0.030501 0.132786 
0.004263 0.016675 0.029669 0.186056 0.082419 0.041173 0.372327 0.114025 0.052503 0.100890 
0.001403 0.007593 0.028833 0.267643 0.083094 0.066274 0.192611 0.153700 0.043189 0.155661 
0.004727 0.018136 0.094177 0.257283 0.089783 0.048755 0.097633 0.081352 0.041697 0.266458 
0.000141 0.007125 0.019520 0.110902 0.039002 0.027193 0.074115 0.185202 0.082605 0.454197 
0.004333 0.019565 0.072400 0.388806 0.190679 0.052774 0.086961 0.061111 0.049616 0.073756 
0.005051 0.039206 0.058028 0.456548 0.198919 0.015263 0.083291 0.068280 0.028884 0.046531 
0.002359 0.012228 0.045147 0.441946 0.178266 0.065855 0.167595 0.029847 0.010366 0.046390 
0.002996 0.015591 0.061902 0.560795 0.116815 0.024167 0.120874 0.020113 0.013068 0.063680 
0.012709 0.051916 0.099461 0.318481 0.142106 0.085325 0.096708 0.044071 0.040570 0.108652 
0.002932 0.020271 0.158219 0.355368 0.088128 0.070533 0.052793 0.057253 0.025528 0.168975 
0.011278 0.051090 0.113424 0.476393 0.095268 0.064392 0.066988 0.021438 0.045576 0.054153 
0.010670 0.046290 0.090259 0.491966 0.098596 0.056453 0.121261 0.014277 0.055177 0.015052 
0.004683 0.020977 0.054029 0.360267 0.097381 0.073095 0.208920 0.015733 0.130592 0.034323 
0.002294 0.010462 0.040664 0.291429 0.071004 0.026126 0.116116 0.024765 0.369379 0.047762 
0.010498 0.040763 0.073700 0.340758 0.091556 0.054148 0.142580 0.066659 0.145528 0.033809 
0.007479 0.031766 0.047282 0.337857 0.105166 0.063009 0.104264 0.049479 0.237236 0.016462 
0.002100 0.008542 0.014340 0.082544 0.034844 0.089794 0.425037 0.059182 0.206209 0.077408 
0.002909 0.010812 0.014667 0.095295 0.040308 0.150600 0.413126 0.060118 0.190860 0.021304 
0.012051 0.045608 0.161795 0.296047 0.155088 0.074582 0.091356 0.047462 0.054553 0.061458 
0.000807 0.015986 0.029024 0.193017 0.060642 0.066024 0.349457 0.101264 0.115464 0.068314 
0.001440 0.010532 0.030637 0.526963 0.120963 0.062243 0.117186 0.023342 0.059080 0.047614 
0.005614 0.023568 0.037298 0.208513 0.046055 0.066759 0.302252 0.127762 0.107781 0.074397 
0.002327 0.009285 0.013742 0.065867 0.019641 0.065451 0.245619 0.108627 0.398356 0.071085 
0.002510 0.010386 0.017421 0.071985 0.015664 0.038339 0.232125 0.084238 0.459057 0.068276 
0.000810 0.004242 0.007103 0.082630 0.034973 0.028234 0.307191 0.070903 0.103769 0.360145 
0.002926 0.011117 0.016836 0.071331 0.025940 0.036534 0.313962 0.135627 0.091531 0.294195 
0.009482 0.052033 0.078661 0.095323 0.120230 0.072536 0.306536 0.051569 0.021111 0.192519 
0.000276 0.062322 0.091729 0.089519 0.127857 0.060740 0.261671 0.089381 0.054713 0.161792 
0.008708 0.059582 0.064878 0.134937 0.129477 0.039682 0.297462 0.064482 0.027159 0.173632 
0.004654 0.040871 0.076424 0.150030 0.129414 0.036974 0.343591 0.051715 0.034743 0.131584 
0.001083 0.021253 0.108390 0.305457 0.197539 0.035210 0.126943 0.037212 0.039455 0.127458 
0.012660 0.048326 0.125272 0.374450 0.200736 0.056037 0.048333 0.019930 0.041669 0.072588 
0.003058 0.018207 0.121205 0.209435 0.097783 0.107559 0.149177 0.149961 0.055289 0.088326 
0.003322 0.009558 0.059087 0.090085 0.055890 0.064576 0.461760 0.108578 0.059456 0.087689 
0.004154 0.023050 0.080244 0.082031 0.043361 0.069520 0.392876 0.161645 0.043261 0.099858 
0.000863 0.009559 0.043165 0.040112 0.030926 0.065979 0.124732 0.531726 0.101396 0.051541 
0.002566 0.011036 0.028441 0.041978 0.056065 0.056042 0.079631 0.596964 0.080907 0.046369 
0.005096 0.022435 0.039653 0.046840 0.049485 0.031768 0.156077 0.509809 0.095048 0.043790 
0.001861 0.006317 0.041594 0.047632 0.039599 0.048841 0.117723 0.541830 0.103542 0.051061 
0.002667 0.015411 0.040392 0.041152 0.046659 0.059824 0.096183 0.548652 0.099292 0.049767 
0.003601 0.015557 0.032817 0.039942 0.038093 0.048466 0.139846 0.533202 0.102750 0.045727 
0.004285 0.018277 0.037843 0.048731 0.033383 0.079257 0.125641 0.515504 0.087340 0.049739 
0.005037 0.020105 0.032216 0.053781 0.051549 0.074972 0.120796 0.522943 0.084998 0.033603 
0.002391 0.020584 0.031019 0.036098 0.053584 0.060815 0.115386 0.538349 0.100125 0.041647 
0.001651 0.021445 0.032086 0.046534 0.046030 0.048865 0.097898 0.559164 0.095945 0.050382 
0.003305 0.021430 0.034396 0.042089 0.047574 0.048841 0.153309 0.508484 0.097465 0.043107 
0.004355 0.018644 0.027696 0.028394 0.048339 0.033618 0.174899 0.542110 0.087802 0.034142 
0.004762 0.017651 0.029041 0.037437 0.054627 0.043585 0.172069 0.510464 0.088037 0.042327 
0.006698 0.027799 0.047678 0.047092 0.051462 0.054697 0.129040 0.500712 0.096737 0.038084 
0.004121 0.017713 0.025404 0.037829 0.052812 0.047571 0.157520 0.530639 0.089019 0.037371 
0.000486 0.004265 0.022086 0.025596 0.056577 0.025236 0.154577 0.572410 0.090109 0.048659 
0.004251 0.019017 0.035530 0.051883 0.050186 0.050051 0.117540 0.526277 0.099175 0.046090 
0.004666 0.021112 0.029769 0.037129 0.063762 0.073355 0.134944 0.531400 0.080172 0.023692 
0.000054 0.007887 0.028092 0.035287 0.038056 0.055016 0.124506 0.575431 0.093532 0.042140 
0.004327 0.019274 0.026564 0.047610 0.056198 0.051991 0.103611 0.543781 0.102320 0.044326 
0.006329 0.025795 0.028344 0.047449 0.059997 0.061701 0.123565 0.522176 0.089044 0.035601 
0.005150 0.025779 0.038070 0.027354 0.059408 0.067053 0.124380 0.539631 0.078567 0.034609 
0.002810 0.017206 0.024165 0.036153 0.056569 0.065050 0.108061 0.553235 0.094585 0.042165 
0.004156 0.018517 0.033976 0.043891 0.047261 0.075276 0.110956 0.538042 0.089092 0.038833 
0.006047 0.023717 0.044894 0.057229 0.055210 0.067998 0.229809 0.438284 0.046276 0.030537 
0.000982 0.003240 0.021367 0.040197 0.055995 0.096785 0.464005 0.177984 0.079505 0.059940 
0.003365 0.009373 0.037416 0.051577 0.054171 0.082662 0.545787 0.148924 0.032481 0.034244 
0.002425 0.011474 0.026129 0.029976 0.062203 0.064716 0.490039 0.226927 0.045510 0.040601 
0.006925 0.028111 0.042732 0.057197 0.063477 0.103221 0.448268 0.163744 0.056810 0.029514 
0.007351 0.030533 0.046271 0.067006 0.062301 0.106753 0.445249 0.097485 0.060272 0.076778 
0.001476 0.008183 0.032124 0.048332 0.042549 0.131040 0.553205 0.056841 0.043959 0.082291 
0.007161 0.022961 0.034384 0.050139 0.047289 0.154672 0.467157 0.103934 0.033407 0.078897 
0.003493 0.017204 0.034162 0.045385 0.048536 0.124848 0.551584 0.049623 0.047856 0.077308 
0.005311 0.017607 0.026910 0.036168 0.053591 0.157192 0.522341 0.078418 0.039046 0.063415 
0.002697 0.011575 0.068034 0.054095 0.063958 0.174846 0.402668 0.108621 0.053778 0.059728 
0.014326 0.130971 0.109690 0.022216 0.053577 0.130251 0.386100 0.064541 0.044423 0.043904 
0.000146 0.131330 0.069157 0.027094 0.053518 0.118764 0.449918 0.067681 0.045595 0.036798 
0.008132 0.161973 0.054050 0.041948 0.066847 0.121464 0.448889 0.031021 0.023896 0.041779 
0.000038 0.096620 0.062262 0.036945 0.072074 0.137443 0.447871 0.062071 0.040808 0.043868 
0.003370 0.126696 0.068123 0.030380 0.073909 0.120853 0.398802 0.069571 0.048700 0.059595 
0.006933 0.102943 0.098096 0.054262 0.086264 0.145423 0.350395 0.063532 0.048426 0.043726 
0.001130 0.078993 0.094779 0.088882 0.069586 0.104877 0.404591 0.062952 0.052423 0.041787 
0.000571 0.055847 0.070738 0.098842 0.079326 0.109697 0.445535 0.051272 0.045385 0.042786 
0.005301 0.061411 0.077672 0.105559 0.076276 0.126510 0.405607 0.041167 0.058869 0.041629 
0.004305 0.052710 0.073084 0.107856 0.107854 0.116787 0.376807 0.056653 0.053419 0.050525 
0.011024 0.062638 0.086758 0.115204 0.124309 0.068282 0.336895 0.101532 0.046354 0.047003 
0.004678 0.027552 0.094933 0.095671 0.104314 0.104469 0.441579 0.051235 0.035958 0.039610 
0.003163 0.016275 0.068892 0.092948 0.102591 0.115928 0.439747 0.079397 0.056914 0.024146 
0.003490 0.021669 0.081807 0.110671 0.122980 0.128223 0.380041 0.067880 0.053171 0.030069 
0.004030 0.025021 0.090659 0.111247 0.122617 0.078033 0.401648 0.100187 0.031186 0.035373 
0.001650 0.018497 0.090465 0.103158 0.120521 0.048714 0.282681 0.060823 0.081203 0.192287 
0.000241 0.033865 0.125283 0.089845 0.115873 0.039479 0.154858 0.055331 0.142094 0.243132 
0.001960 0.045703 0.114623 0.061458 0.130476 0.062049 0.208157 0.145604 0.085532 0.144437 
0.002301 0.036038 0.110933 0.048736 0.150600 0.064977 0.261444 0.230398 0.069882 0.024692 
0.002855 0.040813 0.141347 0.053534 0.208333 0.091024 0.307374 0.055856 0.061102 0.037762 
0.003946 0.032532 0.104862 0.067036 0.253750 0.095779 0.240230 0.112975 0.053019 0.035871 
0.002505 0.029974 0.090470 0.045443 0.177658 0.069980 0.157113 0.315734 0.075696 0.035426 
0.001240 0.025456 0.075423 0.044981 0.118833 0.071553 0.154698 0.346577 0.113730 0.047509 
0.005178 0.036119 0.098028 0.077942 0.152044 0.089270 0.246144 0.191626 0.070488 0.033160 
0.006147 0.048381 0.122774 0.095928 0.147502 0.112983 0.294661 0.083380 0.053486 0.034759 
0.004494 0.048325 0.128943 0.082617 0.157125 0.090962 0.288754 0.095972 0.059156 0.043653 
0.013632 0.067411 0.143850 0.109088 0.260350 0.107926 0.181227 0.058912 0.025114 0.032490 
0.008054 0.059242 0.109319 0.156787 0.142092 0.138205 0.192644 0.098240 0.062131 0.033285 
0.003577 0.039396 0.100093 0.143602 0.148936 0.163474 0.202469 0.089760 0.057996 0.050696 
0.001474 0.035998 0.092235 0.157642 0.115459 0.192981 0.224279 0.109534 0.024800 0.045598 
0.002088 0.029235 0.082567 0.136349 0.115231 0.217652 0.238678 0.114420 0.033832 0.029949 
0.001734 0.032925 0.086845 0.138685 0.161793 0.160214 0.260323 0.083715 0.044648 0.029118 
0.003317 0.019834 0.117158 0.059168 0.074114 0.054167 0.122824 0.399363 0.134082 0.015973 
0.003815 0.016022 0.146391 0.055990 0.175061 0.085402 0.196777 0.204996 0.075396 0.040150 
0.002014 0.024986 0.148970 0.068191 0.179565 0.119550 0.227892 0.141611 0.035366 0.051855 
0.002211 0.027179 0.141754 0.097238 0.154988 0.117287 0.172430 0.169679 0.053265 0.063969 
0.003373 0.015064 0.074420 0.064379 0.055272 0.055582 0.118891 0.552907 0.045229 0.014884 
0.005567 0.040029 0.121540 0.134591 0.118537 0.050788 0.164196 0.180881 0.153518 0.030354 
0.006061 0.040139 0.059663 0.091644 0.112006 0.044550 0.157871 0.271791 0.187000 0.029275 
0.004304 0.029848 0.084950 0.132388 0.151108 0.059721 0.185474 0.080196 0.205102 0.066911 
0.000981 0.033713 0.087037 0.141673 0.136427 0.072514 0.233072 0.065832 0.181844 0.046908 
0.003087 0.040098 0.074836 0.160605 0.094909 0.110628 0.209967 0.089992 0.177743 0.038135 
0.000541 0.047738 0.112621 0.168095 0.138552 0.069506 0.144275 0.138526 0.161281 0.018867 
0.001705 0.038138 0.159237 0.056832 0.068320 0.045483 0.136026 0.366536 0.101484 0.026239 
0.001893 0.015415 0.110821 0.044601 0.037995 0.029919 0.156041 0.473502 0.114481 0.015332 
0.003838 0.013735 0.083107 0.053014 0.043852 0.047919 0.158181 0.457738 0.120723 0.017893 
0.002057 0.010577 0.139614 0.103887 0.060629 0.051382 0.131061 0.367413 0.107743 0.025636 
0.004004 0.020863 0.109832 0.119194 0.060877 0.051960 0.112631 0.410522 0.079604 0.030512 
0.002872 0.009644 0.097305 0.127183 0.048703 0.027500 0.148084 0.411904 0.099441 0.027364 
0.003355 0.009962 0.080695 0.122979 0.036620 0.030069 0.151767 0.447384 0.098011 0.019160 
0.002765 0.011041 0.071512 0.119592 0.045168 0.049824 0.100995 0.487876 0.089576 0.021650 
0.000366 0.018277 0.140850 0.222077 0.077416 0.054711 0.126837 0.138644 0.174205 0.046616 
0.000539 0.024197 0.170271 0.249834 0.106053 0.030808 0.125149 0.064469 0.192932 0.035748 
0.004588 0.014897 0.109704 0.155414 0.245834 0.032443 0.161503 0.070377 0.097457 0.107784 
0.005106 0.020507 0.073750 0.105577 0.098369 0.026839 0.118250 0.399493 0.082873 0.069236 
0.004240 0.015389 0.053393 0.054385 0.044789 0.036730 0.120841 0.510964 0.085739 0.073529 
0.006630 0.024615 0.073038 0.107591 0.129219 0.054733 0.144796 0.344327 0.057435 0.057617 
0.003671 0.019812 0.169036 0.194752 0.105433 0.068989 0.201513 0.069810 0.072533 0.094451 
0.005003 0.016640 0.102860 0.157814 0.151255 0.089575 0.140271 0.103588 0.110795 0.122200 
0.006515 0.032061 0.098586 0.105922 0.340765 0.038376 0.076893 0.101820 0.148029 0.051033 
0.006032 0.012037 0.073061 0.098627 0.297145 0.015966 0.060838 0.215362 0.170362 0.050571 
0.006505 0.011038 0.078357 0.106685 0.212190 0.041391 0.079956 0.121670 0.284545 0.057663 
0.004963 0.014190 0.096924 0.144324 0.122076 0.031838 0.095548 0.084745 0.336331 0.069061 
0.005599 0.008857 0.088153 0.112028 0.152600 0.039933 0.102982 0.107798 0.316720 0.065331 
0.001622 0.003869 0.037390 0.058346 0.142906 0.062507 0.098614 0.334398 0.231841 0.028506 
0.002341 0.008224 0.041012 0.067740 0.075855 0.017579 0.074057 0.464919 0.209569 0.038704 
0.003260 0.012979 0.069458 0.089667 0.108706 0.049345 0.144791 0.217544 0.211643 0.092607 
0.001627 0.003603 0.059918 0.082101 0.060443 0.027669 0.202425 0.312008 0.198761 0.051444 
0.003299 0.012020 0.109443 0.152230 0.124254 0.015193 0.076287 0.068501 0.346154 0.092617 
0.000588 0.027203 0.078578 0.220479 0.082320 0.060880 0.096079 0.150343 0.235079 0.048450 
0.002529 0.033727 0.062837 0.098891 0.084140 0.043381 0.219087 0.241293 0.160227 0.053887 
0.001359 0.019379 0.056403 0.119244 0.076199 0.031777 0.241031 0.194850 0.200764 0.058995 
0.000912 0.013217 0.051690 0.189690 0.122496 0.040618 0.168487 0.099616 0.234709 0.078564 
0.000017 0.011067 0.071541 0.251384 0.117440 0.058832 0.166715 0.050114 0.241278 0.031612 
0.000101 0.017997 0.085853 0.189423 0.095593 0.053966 0.218784 0.057960 0.235091 0.045230 
0.002581 0.017783 0.150320 0.226519 0.215290 0.071519 0.115029 0.058916 0.100845 0.041198 
0.009336 0.036840 0.111013 0.163269 0.231024 0.022383 0.154900 0.140609 0.113934 0.016691 
0.006685 0.035753 0.097288 0.123646 0.148985 0.055550 0.269594 0.134506 0.088982 0.039011 
0.004574 0.011623 0.143007 0.195087 0.130610 0.055151 0.145743 0.060203 0.196335 0.057667 
0.002289 0.021313 0.153535 0.098135 0.096908 0.038471 0.126163 0.046964 0.327661 0.088561 
0.001394 0.024312 0.107588 0.072954 0.224344 0.052253 0.181530 0.063916 0.170892 0.100817 
0.003010 0.010721 0.061797 0.073114 0.201851 0.081478 0.334573 0.084142 0.079389 0.069925 
0.001048 0.008601 0.056762 0.045006 0.122132 0.028562 0.434689 0.151805 0.083721 0.067675 
0.002460 0.013493 0.043038 0.078557 0.122367 0.049458 0.416006 0.095535 0.106634 0.072451 
0.001493 0.012879 0.054833 0.052266 0.167679 0.070991 0.413028 0.068256 0.067762 0.090812 
0.001869 0.010191 0.066509 0.060529 0.159016 0.061699 0.419383 0.127362 0.050395 0.043049 
0.008436 0.059042 0.123944 0.182197 0.147368 0.047325 0.274198 0.060261 0.043730 0.053499 
0.009983 0.068963 0.128611 0.146177 0.139833 0.045138 0.320930 0.066405 0.045294 0.028667 
0.003958 0.035721 0.102335 0.124699 0.123449 0.064220 0.335963 0.096210 0.080840 0.032605 
0.000430 0.007537 0.120329 0.172370 0.134099 0.074531 0.242376 0.075361 0.121562 0.051405 
0.002729 0.018511 0.127307 0.219732 0.184076 0.090110 0.114816 0.060398 0.103323 0.078997 
0.007188 0.043052 0.108251 0.223117 0.167489 0.075742 0.179939 0.066978 0.053939 0.074305 
0.014239 0.070173 0.090223 0.232181 0.170203 0.034765 0.180241 0.060926 0.052001 0.095049 
0.003343 0.021227 0.161433 0.236600 0.209257 0.052473 0.098975 0.042893 0.101492 0.072307 
0.007974 0.023923 0.169037 0.233260 0.185983 0.061938 0.055897 0.035862 0.166305 0.059822 
0.000937 0.022164 0.131124 0.187641 0.184781 0.047975 0.093046 0.060367 0.219805 0.052160 
0.000311 0.003436 0.061833 0.115727 0.082201 0.018538 0.159076 0.388334 0.077185 0.093358 
0.000016 0.003688 0.086020 0.062558 0.160529 0.025058 0.126294 0.058949 0.088930 0.387958 
0.002690 0.007598 0.090893 0.088965 0.158641 0.025574 0.097524 0.070692 0.074456 0.382966 
0.000173 0.011615 0.085991 0.095855 0.113212 0.041601 0.165543 0.046315 0.091703 0.347993 
0.002740 0.013423 0.233595 0.155777 0.159112 0.073273 0.106672 0.022243 0.122666 0.110498 
0.012573 0.040785 0.163430 0.193420 0.140645 0.056808 0.101674 0.060979 0.137708 0.091977 
0.000742 0.032432 0.075926 0.126549 0.197383 0.058329 0.171511 0.067850 0.221527 0.047750 
0.008116 0.059729 0.082664 0.120469 0.206174 0.024048 0.179942 0.096869 0.146470 0.075519 
0.002761 0.021276 0.118064 0.157528 0.262060 0.078492 0.061739 0.068162 0.144330 0.085589 
0.007010 0.025705 0.110841 0.120643 0.303965 0.042938 0.114289 0.069072 0.145895 0.059642 
0.003454 0.018781 0.075312 0.102058 0.251807 0.033661 0.190251 0.071620 0.176513 0.076544 
0.003697 0.017675 0.056849 0.316227 0.201965 0.049879 0.106627 0.037430 0.167337 0.042315 
0.003608 0.009255 0.088263 0.255296 0.204290 0.044098 0.090472 0.026505 0.217468 0.060744 
0.000929 0.004357 0.075853 0.252795 0.225743 0.039181 0.039891 0.052143 0.240675 0.068432 
0.006448 0.023977 0.095845 0.102759 0.190951 0.072570 0.045020 0.076139 0.304539 0.081751 
0.000190 0.004667 0.132316 0.083267 0.166647 0.030504 0.063937 0.086560 0.372069 0.059843 
0.000395 0.025129 0.093004 0.118405 0.120124 0.073650 0.077853 0.055981 0.388821 0.046638 
0.004630 0.031726 0.096939 0.291286 0.073744 0.094851 0.104732 0.054867 0.225506 0.021719 
0.007030 0.030036 0.073857 0.280528 0.080809 0.100457 0.123488 0.083612 0.181272 0.038911 
0.005810 0.017082 0.095080 0.273961 0.066635 0.098214 0.107151 0.043369 0.268546 0.024154 
0.001204 0.016098 0.074345 0.157178 0.101627 0.131808 0.115496 0.059549 0.296409 0.046285 
0.000226 0.003003 0.044160 0.268805 0.080148 0.103701 0.059586 0.083133 0.303568 0.053671 
0.006935 0.037333 0.074333 0.167758 0.049319 0.083304 0.346150 0.046293 0.136676 0.051898 
0.005298 0.020884 0.086836 0.111701 0.089666 0.186247 0.314616 0.058091 0.115750 0.010912 
0.000371 0.014280 0.067812 0.131835 0.118866 0.172228 0.155389 0.088805 0.211754 0.038660 
0.004930 0.012393 0.098193 0.172250 0.122860 0.084784 0.080894 0.075867 0.275799 0.072030 
0.002875 0.007859 0.118541 0.158325 0.109500 0.076609 0.102797 0.074873 0.285228 0.063394 
0.005667 0.041093 0.103624 0.230369 0.101079 0.036953 0.209639 0.035272 0.168772 0.067534 
0.003838 0.029938 0.054190 0.104870 0.050438 0.072866 0.304794 0.050061 0.311750 0.017256 
0.000489 0.014397 0.057742 0.095851 0.067526 0.039323 0.232640 0.082610 0.323241 0.086182 
0.001551 0.009739 0.040526 0.106738 0.058484 0.036259 0.252046 0.072957 0.192392 0.229308 
0.001181 0.006979 0.044662 0.101429 0.053601 0.039416 0.247789 0.098889 0.192278 0.213777 
0.002899 0.017929 0.040898 0.133693 0.072083 0.054399 0.292250 0.078866 0.160643 0.146340 
0.000097 0.031242 0.088296 0.116744 0.082345 0.042640 0.259443 0.101654 0.124063 0.153475 
0.004675 0.026919 0.044162 0.131098 0.087787 0.041175 0.274557 0.103326 0.152228 0.134074 
0.005061 0.025618 0.067216 0.135611 0.083656 0.039625 0.280668 0.056322 0.173994 0.132229 
0.011553 0.057994 0.113311 0.190458 0.101467 0.030438 0.150778 0.037354 0.205094 0.101553 
0.004439 0.011627 0.057777 0.205871 0.147146 0.066044 0.120246 0.046901 0.262345 0.077605 
0.000556 0.011140 0.052805 0.209600 0.200769 0.051734 0.144065 0.128221 0.157355 0.043754 
0.002980 0.015683 0.034973 0.096517 0.060416 0.034143 0.491168 0.125865 0.060257 0.077997 
0.005233 0.027094 0.054003 0.097144 0.062372 0.038915 0.403301 0.147527 0.061838 0.102573 
0.002114 0.012518 0.030149 0.073030 0.038089 0.041676 0.076587 0.618164 0.072467 0.035206 
0.004311 0.019913 0.038807 0.083845 0.043858 0.036735 0.086865 0.550815 0.098461 0.036391 
0.001907 0.007788 0.031266 0.070609 0.039587 0.041028 0.089944 0.556776 0.122718 0.038377 
0.003711 0.022150 0.036723 0.075017 0.044071 0.042714 0.115932 0.535817 0.092723 0.031144 
0.006376 0.021678 0.032523 0.071273 0.052730 0.045452 0.137504 0.509689 0.080351 0.042424 
0.007091 0.029060 0.036901 0.055390 0.045359 0.050543 0.129190 0.518986 0.087489 0.039990 
0.006187 0.024381 0.035554 0.064565 0.037520 0.042138 0.093100 0.562848 0.097565 0.036143 
0.004060 0.024672 0.024884 0.054635 0.051942 0.065599 0.093534 0.531295 0.109918 0.039461 
0.000174 0.027609 0.045888 0.058377 0.033147 0.049713 0.110698 0.487951 0.127930 0.058511 
0.004241 0.029169 0.032534 0.047349 0.044929 0.058754 0.124289 0.479547 0.124687 0.054501 
0.005149 0.022718 0.040793 0.052430 0.057165 0.057330 0.122928 0.475853 0.131798 0.033836 
0.002746 0.018563 0.026053 0.056339 0.034767 0.032004 0.148349 0.534388 0.121705 0.025085 
0.000322 0.007772 0.015381 0.043486 0.048857 0.038740 0.130225 0.532975 0.152163 0.030080 
0.000469 0.003241 0.018285 0.034307 0.037563 0.049971 0.102056 0.566298 0.148531 0.039278 
0.000824 0.005480 0.013120 0.035644 0.039738 0.028359 0.107666 0.604887 0.133663 0.030619 
0.003324 0.017373 0.033338 0.055384 0.038616 0.047022 0.123746 0.556414 0.094274 0.030509 
0.004667 0.019828 0.037906 0.055644 0.053268 0.042853 0.122183 0.525587 0.107446 0.030617 
0.000644 0.002881 0.023987 0.063784 0.046882 0.022906 0.104634 0.554708 0.127123 0.052451 
0.002675 0.007978 0.027390 0.059497 0.049541 0.051999 0.113875 0.520013 0.112365 0.054669 
0.004835 0.020180 0.028920 0.060203 0.053086 0.075431 0.117631 0.487738 0.118067 0.033910 
0.004344 0.020719 0.029280 0.060043 0.054853 0.069080 0.128666 0.499466 0.106923 0.026626 
0.001814 0.009424 0.017365 0.052050 0.036328 0.053959 0.134410 0.563376 0.107214 0.024061 
0.001707 0.006284 0.015291 0.041022 0.051376 0.045272 0.117753 0.568460 0.120007 0.032828 
0.004750 0.020910 0.030910 0.055067 0.051608 0.052624 0.118084 0.521393 0.105580 0.039073 
0.005977 0.029865 0.057115 0.054183 0.046467 0.041221 0.147759 0.499472 0.073315 0.044629 
0.001474 0.007291 0.039562 0.046197 0.054687 0.062378 0.425564 0.229176 0.083475 0.050195 
0.003907 0.023581 0.052911 0.075960 0.064317 0.045000 0.524028 0.116966 0.060429 0.032900 
0.000426 0.007383 0.046190 0.066392 0.052045 0.025337 0.518577 0.137662 0.086161 0.059827 
0.002361 0.011643 0.035825 0.054007 0.054537 0.059552 0.495032 0.156801 0.077912 0.052330 
0.002232 0.005234 0.039863 0.093410 0.055893 0.123457 0.519496 0.057944 0.082014 0.020457 
0.002154 0.022883 0.044270 0.064140 0.053511 0.142975 0.488446 0.109234 0.053425 0.018962 
0.000281 0.009792 0.050046 0.069666 0.054928 0.152489 0.493850 0.103068 0.043557 0.022323 
0.006035 0.016211 0.047644 0.074998 0.074814 0.165186 0.497209 0.057524 0.042378 0.018002 
0.005466 0.020553 0.041610 0.070518 0.070825 0.122939 0.493843 0.102204 0.045479 0.026564 
0.002091 0.007776 0.032968 0.090688 0.079850 0.148271 0.469284 0.083210 0.060471 0.025391 
0.001785 0.041919 0.046872 0.057523 0.061580 0.114806 0.462661 0.093094 0.081567 0.038193 
0.008791 0.083007 0.056938 0.069086 0.051359 0.141388 0.452594 0.056625 0.058116 0.022095 
0.002187 0.071393 0.031776 0.059545 0.051231 0.123766 0.512650 0.074747 0.054601 0.018104 
0.008648 0.072587 0.038568 0.058615 0.062143 0.127563 0.506346 0.060018 0.049271 0.016239 
0.004184 0.052428 0.056286 0.080497 0.070075 0.134925 0.450988 0.078248 0.049242 0.023126 
0.000365 0.050602 0.050425 0.099160 0.062747 0.134821 0.425827 0.078412 0.062179 0.035462 
0.006472 0.056582 0.048755 0.085023 0.063089 0.144333 0.435007 0.063035 0.071707 0.025998 
0.001772 0.033166 0.038539 0.086609 0.054569 0.148971 0.480214 0.068004 0.068850 0.019304 
0.000853 0.026497 0.029686 0.091872 0.069344 0.138332 0.457286 0.078505 0.085348 0.022279 
0.004867 0.043835 0.059395 0.106573 0.068357 0.120646 0.456260 0.062129 0.069448 0.008491 
0.000489 0.027369 0.047636 0.120079 0.057582 0.119421 0.487396 0.065076 0.054461 0.020492 
0.000771 0.013522 0.061029 0.090435 0.046621 0.075772 0.486538 0.158579 0.047527 0.019205 
0.002707 0.010633 0.047850 0.090096 0.067592 0.077619 0.580836 0.055077 0.038124 0.029465 
0.000573 0.009185 0.049230 0.082583 0.092186 0.123490 0.486918 0.075688 0.047709 0.032438 
0.001361 0.010259 0.067458 0.094706 0.119455 0.101614 0.429078 0.092602 0.061658 0.021808 
0.003829 0.016099 0.128448 0.188620 0.125136 0.071691 0.323230 0.065604 0.040860 0.036481 
0.002309 0.015324 0.045839 0.076368 0.073132 0.153989 0.322484 0.046165 0.129147 0.135242 
0.003511 0.015721 0.022564 0.034419 0.068497 0.062292 0.174016 0.261564 0.217237 0.140178 
0.000133 0.016626 0.016881 0.027633 0.085651 0.037098 0.252498 0.310359 0.231610 0.021511 
0.005937 0.039932 0.029101 0.052926 0.128456 0.047827 0.187408 0.304188 0.139633 0.064592 
0.001159 0.014387 0.031203 0.056670 0.209913 0.051686 0.260567 0.180969 0.130873 0.062573 
0.007435 0.030707 0.055813 0.086230 0.257391 0.072390 0.230640 0.083009 0.134444 0.041939 
0.002696 0.019089 0.023292 0.062825 0.280619 0.124377 0.222034 0.063719 0.161856 0.039492 
0.001404 0.015866 0.020364 0.049819 0.277350 0.115761 0.241823 0.050257 0.178759 0.048596 
0.000423 0.017981 0.016337 0.059902 0.183904 0.098039 0.267345 0.063167 0.240854 0.052048 
0.005225 0.026516 0.016673 0.077220 0.071209 0.128593 0.314027 0.070726 0.250988 0.038823 
0.000004 0.025855 0.027676 0.074116 0.083046 0.121320 0.330284 0.100753 0.173799 0.063146 
0.001504 0.014797 0.051191 0.124744 0.252301 0.052656 0.247966 0.091392 0.077229 0.086222 
0.000631 0.027640 0.030518 0.106356 0.100432 0.067839 0.288349 0.194141 0.084800 0.099295 
0.002963 0.017830 0.026716 0.097824 0.111002 0.058720 0.262567 0.168614 0.138017 0.115747 
0.004138 0.026360 0.033517 0.113208 0.109815 0.068645 0.264674 0.127376 0.162331 0.089936 
0.001310 0.012506 0.016972 0.062094 0.066956 0.084993 0.366989 0.053404 0.223844 0.110931 
0.003941 0.034902 0.039712 0.066530 0.177926 0.063959 0.275390 0.076094 0.182675 0.078870 
0.005197 0.020447 0.022711 0.058816 0.183833 0.062594 0.280641 0.119121 0.152926 0.093714 
0.001437 0.014109 0.019261 0.051412 0.149932 0.070681 0.255252 0.233236 0.123115 0.081565 
0.002088 0.015805 0.009684 0.069106 0.192989 0.040904 0.215437 0.241253 0.133119 0.079615 
0.004848 0.025894 0.046021 0.142789 0.112282 0.043916 0.228774 0.094504 0.209169 0.091803 
0.001154 0.026644 0.024096 0.118024 0.244239 0.064908 0.126470 0.100498 0.197342 0.096626 
0.003683 0.033131 0.065709 0.060285 0.347847 0.061462 0.081780 0.068417 0.191939 0.085747 
0.005533 0.033802 0.021181 0.066565 0.280362 0.049158 0.122925 0.111976 0.251864 0.056634 
0.001895 0.032362 0.030032 0.069930 0.276808 0.057823 0.141291 0.137589 0.211727 0.040543 
0.000966 0.016282 0.033670 0.098661 0.165294 0.080211 0.184692 0.225217 0.160463 0.034545 
0.000294 0.030460 0.024401 0.102687 0.160087 0.095008 0.198311 0.205225 0.122929 0.060597 
0.006275 0.041404 0.102624 0.125161 0.151599 0.057396 0.105568 0.289227 0.062405 0.058342 
0.001563 0.007714 0.088966 0.071264 0.043709 0.038556 0.089030 0.533648 0.075578 0.049971 
0.001300 0.011656 0.100178 0.093215 0.075079 0.011424 0.115853 0.443363 0.103445 0.044486 
0.006131 0.028277 0.069202 0.075319 0.125102 0.019107 0.121818 0.422671 0.088512 0.043861 
0.000286 0.020968 0.111611 0.103747 0.215310 0.036447 0.130352 0.196829 0.121250 0.063200 
0.001484 0.011336 0.097044 0.138066 0.344641 0.061154 0.083612 0.089736 0.116197 0.056729 
0.005319 0.013287 0.167224 0.147437 0.271635 0.023470 0.082947 0.127820 0.125805 0.035057 
0.000718 0.017216 0.152515 0.121912 0.264232 0.038859 0.093368 0.155200 0.128171 0.027807 
0.003748 0.017722 0.144472 0.173630 0.266979 0.035492 0.088155 0.122675 0.112566 0.034561 
0.005169 0.015392 0.182238 0.169678 0.259751 0.035987 0.113926 0.077902 0.118636 0.021320 
0.001218 0.013903 0.133644 0.147574 0.277224 0.060258 0.131945 0.079093 0.106485 0.048656 
0.002123 0.009772 0.062454 0.066284 0.138642 0.038989 0.116736 0.414199 0.090814 0.059986 
0.000778 0.006271 0.030794 0.040097 0.052315 0.041456 0.104671 0.572417 0.092990 0.058212 
0.004981 0.012583 0.053320 0.044164 0.074112 0.023082 0.098393 0.573679 0.095981 0.019705 
0.001195 0.005605 0.039193 0.035768 0.069398 0.046378 0.121106 0.542823 0.103429 0.035106 
0.002033 0.016351 0.085763 0.149998 0.197316 0.045136 0.130492 0.267042 0.081523 0.024346 
0.000637 0.018410 0.075360 0.032018 0.174595 0.027285 0.048287 0.374210 0.205037 0.044162 
0.004776 0.034083 0.065427 0.037249 0.244650 0.021621 0.102705 0.345745 0.107984 0.035760 
0.007278 0.042621 0.065172 0.065900 0.239889 0.046898 0.140692 0.334646 0.040473 0.016432 
0.001099 0.020630 0.072950 0.051606 0.189493 0.078932 0.285948 0.181084 0.096752 0.021505 
0.004692 0.020392 0.095469 0.041487 0.253668 0.040992 0.115061 0.099093 0.268842 0.060305 
0.002346 0.004476 0.039637 0.024089 0.164573 0.023323 0.090324 0.390906 0.208246 0.052080 
0.003621 0.017586 0.044836 0.041442 0.177074 0.047569 0.081851 0.310229 0.224670 0.051122 
0.003186 0.019654 0.054370 0.066582 0.174848 0.016585 0.067005 0.288304 0.221685 0.087781 
0.004124 0.014728 0.057365 0.060102 0.219895 0.048835 0.064567 0.244630 0.233363 0.052392 
0.001889 0.005367 0.017668 0.029074 0.091231 0.034187 0.125712 0.509093 0.120449 0.065330 
0.003143 0.008706 0.042978 0.081498 0.177512 0.012483 0.112223 0.226086 0.235754 0.099618 
0.000848 0.007476 0.057119 0.037572 0.091557 0.028889 0.251623 0.234996 0.134768 0.155153 
0.000410 0.005819 0.062373 0.078597 0.090320 0.024603 0.393932 0.172624 0.139867 0.031456 
0.004699 0.016865 0.093298 0.078955 0.119374 0.046736 0.323444 0.114292 0.154426 0.047909 
0.003057 0.022279 0.160542 0.051422 0.220586 0.034851 0.107118 0.103526 0.254145 0.042475 
0.001194 0.008751 0.169351 0.051082 0.235989 0.034466 0.140008 0.064574 0.234109 0.060476 
0.001499 0.017194 0.093434 0.155229 0.385628 0.056848 0.085461 0.061617 0.108692 0.034398 
0.000605 0.004920 0.039251 0.193465 0.250970 0.076968 0.177775 0.129902 0.091693 0.034452 
0.001694 0.004269 0.055128 0.127964 0.179134 0.047261 0.199955 0.131843 0.188968 0.063784 
0.002508 0.007107 0.057352 0.153388 0.155829 0.045489 0.198780 0.109342 0.219837 0.050367 
0.006912 0.035865 0.098114 0.274582 0.074048 0.035553 0.181084 0.112543 0.154005 0.027294 
0.005729 0.036952 0.081585 0.254252 0.134938 0.019377 0.162605 0.103297 0.074576 0.126690 
0.005572 0.030802 0.063174 0.098246 0.183701 0.049674 0.280978 0.101759 0.072719 0.113375 
0.003295 0.014139 0.030407 0.057951 0.050715 0.049904 0.508089 0.120353 0.104554 0.060592 
0.000940 0.009317 0.031074 0.037044 0.051287 0.048407 0.430676 0.134654 0.198764 0.057836 
0.005598 0.022608 0.031076 0.073801 0.046131 0.047409 0.386825 0.073558 0.234393 0.078601 
0.010746 0.044994 0.071737 0.060094 0.054124 0.043607 0.349083 0.046590 0.244629 0.074397 
0.002196 0.048296 0.192172 0.174603 0.083871 0.029516 0.257231 0.040221 0.121478 0.050415 
0.001519 0.046662 0.221009 0.177630 0.084470 0.031253 0.238081 0.085128 0.095407 0.018841 
0.005999 0.032277 0.162544 0.163757 0.095988 0.024003 0.287377 0.089209 0.113173 0.025673 
0.008382 0.061349 0.174335 0.162717 0.145862 0.033271 0.179216 0.069073 0.123750 0.042044 
0.017088 0.081441 0.231534 0.212330 0.105044 0.035957 0.069638 0.108095 0.056607 0.082266 
0.000599 0.032688 0.268516 0.195489 0.094813 0.034822 0.154246 0.038411 0.103852 0.076564 
0.014292 0.064702 0.222045 0.203033 0.114989 0.073769 0.091620 0.035638 0.129479 0.050432 
0.001019 0.037272 0.223692 0.197907 0.096468 0.079547 0.096907 0.041216 0.159876 0.066097 
0.011352 0.066544 0.248803 0.218401 0.044892 0.065154 0.079717 0.043951 0.153566 0.067619 
0.002205 0.034194 0.273843 0.197237 0.107860 0.058835 0.077248 0.038118 0.145989 0.064472 
0.016992 0.089516 0.233365 0.171299 0.095320 0.074178 0.063325 0.042349 0.116230 0.097427 
0.008190 0.045847 0.142747 0.156040 0.304007 0.038299 0.063890 0.098736 0.084778 0.057466 
0.002832 0.021897 0.173983 0.154129 0.193099 0.044117 0.072552 0.159153 0.094543 0.083695 
0.001571 0.023274 0.227934 0.160590 0.185699 0.042284 0.044790 0.108317 0.119879 0.085662 
0.005447 0.046425 0.216796 0.218431 0.182350 0.053561 0.052221 0.044785 0.101776 0.078207 
0.014501 0.082930 0.214249 0.167316 0.178538 0.059236 0.068002 0.025998 0.117545 0.071687 
0.005349 0.024213 0.114886 0.093005 0.367397 0.030111 0.046089 0.195665 0.071614 0.051672 
0.003366 0.032003 0.092397 0.053278 0.300301 0.038969 0.103961 0.199552 0.147024 0.029148 
0.001532 0.022383 0.095720 0.141043 0.208077 0.025089 0.138806 0.067878 0.245636 0.053834 
0.003613 0.026783 0.126337 0.071513 0.114105 0.030875 0.129612 0.090476 0.337970 0.068716 
0.003077 0.021638 0.125955 0.075117 0.117042 0.040621 0.135827 0.074085 0.343169 0.063468 
0.002193 0.018375 0.068299 0.118661 0.109027 0.076612 0.257222 0.082921 0.220897 0.045793 
0.002637 0.014708 0.062211 0.120427 0.085420 0.035962 0.225427 0.075466 0.153937 0.223806 
0.001173 0.006382 0.105158 0.117688 0.104067 0.044711 0.144412 0.037240 0.200923 0.238245 
0.000953 0.016886 0.143274 0.098541 0.145820 0.050477 0.120172 0.078809 0.267063 0.078006 
0.011940 0.055177 0.135592 0.101086 0.128102 0.046889 0.041804 0.061440 0.364042 0.053928 
0.015801 0.058016 0.135661 0.208300 0.073498 0.057858 0.096500 0.030742 0.250414 0.073210 
0.000876 0.014786 0.103534 0.175459 0.066666 0.049811 0.272645 0.051224 0.222128 0.042870 
0.010093 0.060074 0.107427 0.135603 0.111181 0.119442 0.110708 0.049858 0.244358 0.051256 
0.005744 0.029720 0.152128 0.091048 0.151502 0.098356 0.079000 0.037737 0.314874 0.039891 
0.002430 0.017990 0.174892 0.087836 0.148281 0.097955 0.063815 0.023477 0.333239 0.050086 
0.006638 0.035699 0.151877 0.092833 0.098383 0.089018 0.048342 0.038657 0.372104 0.066448 
0.007425 0.030309 0.079605 0.126032 0.068512 0.079795 0.228474 0.065993 0.261314 0.052541 
0.002294 0.012027 0.085439 0.069547 0.059886 0.066918 0.252524 0.042816 0.354026 0.054523 
0.002431 0.024589 0.119042 0.192521 0.078885 0.075453 0.119531 0.035277 0.326378 0.025891 
0.005393 0.023711 0.112507 0.191221 0.081900 0.078808 0.133548 0.052580 0.292733 0.027599 
0.008509 0.042109 0.071154 0.150807 0.100416 0.075975 0.168201 0.085741 0.259793 0.037296 
0.003553 0.028872 0.121403 0.189751 0.089359 0.113287 0.128340 0.070656 0.215340 0.039437 
0.001123 0.017534 0.131438 0.183138 0.071907 0.088207 0.073357 0.039897 0.316995 0.076405 
0.001951 0.020955 0.093061 0.076091 0.087121 0.061579 0.107913 0.071049 0.386038 0.094242 
0.003832 0.029406 0.094532 0.045214 0.079208 0.047782 0.108918 0.087735 0.427586 0.075786 
0.009049 0.037890 0.061793 0.049407 0.078242 0.051594 0.094384 0.085603 0.450781 0.081256 
0.000227 0.017401 0.095687 0.207963 0.154740 0.074283 0.079064 0.102067 0.228852 0.039716 
0.004007 0.110745 0.409850 0.168232 0.050355 0.049648 0.060204 0.036959 0.075520 0.034479 
0.016784 0.490399 0.077365 0.068282 0.076073 0.088294 0.022649 0.010062 0.104260 0.045834 
0.037488 0.421549 0.104114 0.094451 0.053151 0.063536 0.032642 0.026248 0.080961 0.085860 
0.011051 0.339926 0.076380 0.107598 0.077791 0.072926 0.039629 0.028247 0.153225 0.093227 
0.035298 0.325018 0.045257 0.117550 0.070072 0.053038 0.040095 0.040300 0.210535 0.062837 
0.019849 0.247434 0.086701 0.150950 0.074734 0.060624 0.050356 0.043201 0.178453 0.087698 
0.020661 0.070243 0.133557 0.134077 0.137249 0.145809 0.047504 0.065763 0.144389 0.100748 
0.010357 0.035376 0.097073 0.140959 0.173044 0.188396 0.042101 0.070318 0.139787 0.102589 
0.003594 0.010589 0.163378 0.143350 0.110485 0.203070 0.054654 0.090569 0.174508 0.045803 
0.008030 0.042964 0.116750 0.169284 0.063852 0.166491 0.048117 0.139331 0.199722 0.045460 
0.001502 0.029083 0.395350 0.281810 0.107609 0.059231 0.023473 0.038936 0.050372 0.012633 
0.019921 0.242434 0.456100 0.062947 0.034652 0.055302 0.055630 0.018894 0.023913 0.030206 
0.027040 0.573521 0.116764 0.050818 0.034900 0.069308 0.023449 0.014087 0.053042 0.037069 
0.022016 0.503784 0.095044 0.059326 0.026821 0.097682 0.037260 0.019493 0.054103 0.084471 
0.020789 0.458641 0.080117 0.082073 0.031959 0.098732 0.044662 0.014821 0.085519 0.082688 
0.064411 0.406915 0.048520 0.087667 0.044925 0.139089 0.033619 0.014903 0.093108 0.066843 
0.000688 0.196174 0.084545 0.171260 0.030561 0.058745 0.239321 0.039207 0.096423 0.083077 
0.017966 0.065293 0.093245 0.314166 0.046928 0.084157 0.218678 0.059287 0.066106 0.034174 
0.010226 0.030118 0.073421 0.401938 0.084515 0.096515 0.167582 0.040980 0.040950 0.053754 
0.002806 0.016518 0.062677 0.416536 0.050212 0.099100 0.261775 0.027618 0.049584 0.013173 
0.002035 0.011519 0.063852 0.391410 0.076383 0.084880 0.264090 0.043034 0.052824 0.009972 
0.011186 0.095694 0.439611 0.171190 0.063410 0.036017 0.103787 0.029052 0.035666 0.014388 
0.018274 0.389113 0.254269 0.060613 0.031987 0.029149 0.115493 0.042165 0.034524 0.024413 
0.020904 0.397284 0.170187 0.098704 0.060968 0.053019 0.115765 0.030984 0.034357 0.017830 
0.005730 0.454832 0.076701 0.100663 0.037473 0.052848 0.180604 0.013902 0.048356 0.028891 
0.023020 0.355448 0.083527 0.124604 0.043754 0.069071 0.178828 0.025755 0.069047 0.026946 
0.062191 0.427560 0.076166 0.087924 0.054742 0.058600 0.095792 0.031989 0.067687 0.037347 
0.023331 0.180455 0.042937 0.164557 0.101794 0.274535 0.091811 0.037505 0.042741 0.040335 
0.002796 0.046622 0.065055 0.255015 0.097035 0.296797 0.091085 0.061587 0.038978 0.045030 
0.006304 0.026570 0.089686 0.200384 0.105278 0.290381 0.110847 0.058188 0.088578 0.023783 
0.000001 0.050893 0.097830 0.150588 0.115022 0.265873 0.143735 0.081974 0.066830 0.027253 
0.002765 0.014118 0.085754 0.109982 0.112561 0.287642 0.197879 0.061359 0.109417 0.018524 
0.004817 0.078896 0.554298 0.145380 0.067031 0.040225 0.035417 0.026685 0.033624 0.013627 
0.025058 0.418675 0.168404 0.089984 0.060244 0.048053 0.142113 0.013965 0.018086 0.015419 
0.057889 0.400360 0.057035 0.085432 0.046984 0.051696 0.214894 0.022297 0.035690 0.027722 
0.015359 0.308180 0.042570 0.087546 0.044373 0.070526 0.300945 0.075504 0.029543 0.025454 
0.028733 0.258232 0.045765 0.094494 0.054270 0.045285 0.324656 0.073840 0.027897 0.046829 
0.011084 0.212819 0.064551 0.098218 0.034422 0.049783 0.364790 0.068399 0.030629 0.065305 
0.014754 0.075531 0.040507 0.120301 0.039349 0.067909 0.420805 0.107236 0.043352 0.070257 
0.002706 0.017797 0.042102 0.127524 0.078959 0.097875 0.415455 0.094703 0.023422 0.099456 
0.003315 0.012443 0.046714 0.167086 0.044401 0.126070 0.348614 0.074527 0.030720 0.146112 
0.000371 0.025499 0.069182 0.166396 0.073719 0.188106 0.103731 0.057370 0.060429 0.255197 
0.001711 0.008776 0.086663 0.116323 0.096687 0.271424 0.093497 0.027047 0.060902 0.236969 
0.005621 0.125367 0.520306 0.133584 0.066297 0.019624 0.049093 0.023580 0.036797 0.019731 
0.014088 0.490588 0.150556 0.041129 0.049151 0.030877 0.070040 0.046859 0.082082 0.024630 
0.057982 0.528986 0.080587 0.011605 0.064558 0.019102 0.050547 0.036427 0.112315 0.037889 
0.024423 0.453007 0.053276 0.027410 0.100257 0.033432 0.095093 0.039428 0.109726 0.063948 
0.042372 0.398891 0.055007 0.040245 0.132425 0.054026 0.115484 0.048829 0.067589 0.045133 
0.013489 0.289080 0.082850 0.050382 0.143311 0.067269 0.105200 0.051067 0.161014 0.036338 
0.013835 0.128154 0.145515 0.080083 0.204815 0.069816 0.076573 0.067286 0.152846 0.061076 
