Kiss-Me,Ed-Sheeran
0.000000 0.000000 0.000000 0.000000 0.000000 0.000000 0.000000 0.000000 0.000000 0.000000 
0.000000 0.000000 0.000000 0.000000 0.000000 0.000000 0.000000 0.000000 0.000000 0.000000 
0.000000 0.000000 0.000000 0.000000 0.000000 0.000000 0.000000 0.000000 0.000000 0.000000 
0.000000 0.000000 0.000000 0.000000 0.000000 0.000000 0.000000 0.000000 0.000000 0.000000 
0.000000 0.000000 0.000000 0.000000 0.000000 0.000000 0.000000 0.000000 0.000000 0.000000 
0.000000 0.000000 0.000000 0.000000 0.000000 0.000000 0.000000 0.000000 0.000000 0.000000 
0.000000 0.000000 0.000000 0.000000 0.000000 0.000000 0.000000 0.000000 0.000000 0.000000 
0.000000 0.000000 0.000000 0.000000 0.000000 0.000000 0.000000 0.000000 0.000000 0.000000 
0.000000 0.000000 0.000000 0.000000 0.000000 0.000000 0.000000 0.000000 0.000000 0.000000 
0.142856 0.230981 0.135470 0.188696 0.032808 0.027104 0.040832 0.097812 0.074319 0.029123 
0.146606 0.091428 0.128821 0.141828 0.111182 0.084617 0.067864 0.102719 0.084381 0.040555 
0.009546 0.036490 0.037407 0.061091 0.222641 0.227280 0.125040 0.063459 0.137846 0.079199 
0.002175 0.092269 0.379314 0.149894 0.092488 0.136042 0.038036 0.022354 0.043202 0.044226 
0.000097 0.046505 0.245228 0.255670 0.079594 0.085050 0.076826 0.076606 0.059296 0.075127 
0.007962 0.059434 0.121759 0.099458 0.072523 0.059275 0.243580 0.114668 0.104325 0.117017 
0.015054 0.064526 0.085803 0.103901 0.061201 0.081971 0.204101 0.101482 0.122953 0.159008 
0.002528 0.029848 0.079142 0.077168 0.077603 0.091711 0.233728 0.078976 0.105290 0.224005 
0.003077 0.025076 0.091996 0.120121 0.068460 0.077150 0.191625 0.199085 0.091181 0.132229 
0.003671 0.019592 0.076805 0.145691 0.084395 0.055848 0.229977 0.096441 0.109447 0.178133 
0.012686 0.022976 0.150447 0.080512 0.070625 0.106415 0.222406 0.091262 0.124690 0.117981 
0.013779 0.042038 0.110402 0.173114 0.057652 0.074440 0.171923 0.067791 0.111466 0.177396 
0.014974 0.049818 0.142652 0.069402 0.107599 0.081037 0.087310 0.087576 0.103676 0.255957 
0.002938 0.046447 0.173414 0.104591 0.077138 0.059639 0.098952 0.122312 0.183650 0.130919 
0.014344 0.060536 0.197091 0.166579 0.078197 0.112495 0.047621 0.093771 0.089962 0.139405 
0.015303 0.066632 0.260424 0.074219 0.147148 0.106552 0.085618 0.104280 0.078097 0.061726 
0.009303 0.067219 0.293592 0.138789 0.095679 0.073419 0.086776 0.074436 0.083064 0.077724 
0.011125 0.041072 0.314847 0.191919 0.085704 0.069222 0.071111 0.070823 0.065265 0.078913 
0.008561 0.097409 0.224778 0.238399 0.080832 0.064247 0.092823 0.057487 0.070272 0.065192 
0.005891 0.098582 0.256222 0.127321 0.092845 0.069833 0.046133 0.130642 0.095136 0.077394 
0.027071 0.204304 0.336760 0.114198 0.121311 0.064334 0.058987 0.020184 0.033347 0.019504 
0.037229 0.116065 0.357858 0.200270 0.095955 0.045768 0.049747 0.039450 0.020235 0.037422 
0.005240 0.050475 0.232928 0.228442 0.117897 0.124516 0.071453 0.038628 0.043927 0.086495 
0.010062 0.054447 0.165373 0.125372 0.133064 0.183409 0.082045 0.065369 0.117984 0.062876 
0.000539 0.042006 0.221198 0.108848 0.195983 0.196089 0.092202 0.053012 0.059126 0.030997 
0.003211 0.047157 0.142831 0.134495 0.212372 0.198161 0.110059 0.048189 0.046192 0.057332 
0.002655 0.050171 0.196438 0.147267 0.182376 0.186045 0.052758 0.053283 0.055629 0.073378 
0.007166 0.051307 0.192338 0.127559 0.170593 0.225019 0.037289 0.036419 0.060863 0.091445 
0.007643 0.059566 0.243345 0.130942 0.178086 0.180218 0.045586 0.031078 0.071477 0.052061 
0.005584 0.063588 0.299269 0.069898 0.193109 0.088089 0.103688 0.054804 0.079966 0.042005 
0.008648 0.087903 0.159236 0.134070 0.196773 0.139549 0.071344 0.049505 0.092197 0.060775 
0.007401 0.109807 0.231504 0.110797 0.228608 0.114145 0.043642 0.034919 0.081643 0.037535 
0.011429 0.082649 0.170719 0.121243 0.206121 0.088946 0.099337 0.052514 0.087765 0.079277 
0.003591 0.077152 0.251876 0.103680 0.150683 0.152195 0.061458 0.070098 0.077220 0.052047 
0.034703 0.069223 0.216324 0.080982 0.222816 0.154176 0.066772 0.042740 0.061207 0.051057 
0.000393 0.057465 0.325988 0.132581 0.144184 0.080040 0.097398 0.059360 0.054373 0.048218 
0.008023 0.039001 0.330077 0.114371 0.149626 0.117288 0.071512 0.078477 0.036168 0.055458 
0.022879 0.100847 0.226513 0.123042 0.109886 0.121885 0.119418 0.078799 0.056403 0.040329 
0.010358 0.083643 0.389645 0.211928 0.122411 0.063618 0.050928 0.032067 0.013346 0.022056 
0.000788 0.080175 0.444611 0.160691 0.078133 0.074249 0.059385 0.045176 0.030918 0.025873 
0.004635 0.052383 0.487687 0.145400 0.104252 0.088139 0.047909 0.024433 0.018474 0.026688 
0.003476 0.056568 0.389861 0.178587 0.071541 0.083299 0.070886 0.059331 0.060649 0.025802 
0.000303 0.059393 0.347757 0.167059 0.143532 0.145453 0.042994 0.035614 0.035653 0.022242 
0.000486 0.080440 0.283913 0.173002 0.194131 0.097610 0.059820 0.046889 0.036802 0.026907 
0.004798 0.057805 0.378260 0.114812 0.139244 0.081552 0.078767 0.046785 0.062381 0.035596 
0.005446 0.061804 0.274948 0.165980 0.149946 0.111303 0.068156 0.064085 0.057650 0.040683 
0.014632 0.057119 0.309460 0.107615 0.155479 0.092040 0.070807 0.065432 0.073066 0.054350 
0.027954 0.068981 0.251884 0.091257 0.123017 0.123477 0.054865 0.061469 0.124931 0.072164 
0.021117 0.101764 0.220658 0.159623 0.098623 0.074938 0.078390 0.065429 0.088416 0.091041 
0.018171 0.113034 0.299647 0.094099 0.114518 0.094951 0.052796 0.052955 0.090251 0.069578 
0.014717 0.083548 0.288467 0.109107 0.094286 0.099058 0.130535 0.050966 0.073860 0.055456 
0.013487 0.087730 0.349841 0.102381 0.089091 0.073768 0.099366 0.051234 0.083728 0.049375 
0.007630 0.103891 0.290079 0.126999 0.089226 0.104452 0.086952 0.065445 0.081679 0.043646 
0.015966 0.127797 0.286558 0.119856 0.095089 0.065143 0.109846 0.051118 0.065618 0.063011 
0.025639 0.140407 0.234225 0.104230 0.128781 0.129376 0.071906 0.068443 0.061546 0.035446 
0.004563 0.062868 0.332150 0.260380 0.129766 0.091707 0.034017 0.031594 0.040153 0.012802 
0.019625 0.070704 0.435826 0.197610 0.080683 0.069813 0.023562 0.030574 0.045485 0.026119 
0.013928 0.053075 0.211342 0.089533 0.135713 0.113148 0.084369 0.030757 0.108814 0.159320 
0.007166 0.040681 0.203544 0.095392 0.096376 0.060649 0.071833 0.048205 0.140424 0.235730 
0.003069 0.041232 0.267372 0.175496 0.094532 0.070472 0.050783 0.065779 0.135898 0.095367 
0.001708 0.039431 0.196396 0.133127 0.091465 0.085236 0.049772 0.046876 0.208668 0.147322 
0.007582 0.050627 0.146519 0.076832 0.054081 0.101707 0.090215 0.027012 0.192337 0.253088 
0.003576 0.064503 0.194410 0.080357 0.070751 0.072729 0.078306 0.096898 0.241955 0.096515 
0.010716 0.089603 0.320089 0.140297 0.081896 0.110049 0.060312 0.062327 0.038837 0.085873 
0.006630 0.023495 0.136146 0.124399 0.098119 0.091176 0.091580 0.095003 0.087001 0.246451 
0.003865 0.038815 0.139144 0.178043 0.076620 0.038288 0.104643 0.078987 0.122826 0.218770 
0.008452 0.054352 0.163400 0.127904 0.089086 0.080221 0.074320 0.072105 0.111534 0.218626 
0.005366 0.041506 0.130036 0.166577 0.070281 0.041783 0.086856 0.106550 0.152036 0.199010 
0.008373 0.038831 0.130381 0.191885 0.069343 0.031588 0.101674 0.059359 0.143769 0.224796 
0.016377 0.061380 0.168038 0.235781 0.118423 0.059943 0.076659 0.068914 0.121515 0.072970 
0.014621 0.035354 0.258928 0.212393 0.149772 0.066858 0.044846 0.035507 0.102660 0.079063 
0.003082 0.061283 0.294747 0.193769 0.136235 0.059199 0.076872 0.041837 0.079054 0.053923 
0.021979 0.085600 0.250208 0.169562 0.165183 0.128631 0.073098 0.043208 0.028941 0.033590 
0.007483 0.318673 0.365444 0.136451 0.073280 0.028248 0.023293 0.015960 0.018726 0.012440 
0.053755 0.475275 0.214613 0.087387 0.051430 0.041607 0.026059 0.021739 0.015544 0.012592 
0.084589 0.487452 0.292601 0.081306 0.017232 0.013954 0.006110 0.008819 0.003220 0.004718 
0.108288 0.423857 0.310418 0.057449 0.032021 0.025149 0.016126 0.009685 0.008759 0.008248 
0.017490 0.372897 0.244238 0.098132 0.074986 0.055654 0.044939 0.037927 0.032739 0.020998 
0.083493 0.445524 0.246574 0.071258 0.026672 0.037536 0.023724 0.028602 0.020836 0.015783 
0.075329 0.436128 0.278183 0.146017 0.022703 0.013637 0.008464 0.007115 0.006309 0.006114 
0.035416 0.425418 0.372957 0.094264 0.030692 0.012528 0.006165 0.011159 0.005325 0.006077 
0.035442 0.375968 0.364885 0.124881 0.035898 0.025873 0.011159 0.009324 0.010386 0.006183 
0.048569 0.375442 0.331470 0.125492 0.048488 0.026032 0.015153 0.017097 0.008734 0.003523 
0.004638 0.313629 0.393770 0.156555 0.035736 0.033866 0.015013 0.020234 0.016404 0.010154 
0.017181 0.324330 0.315105 0.127423 0.067853 0.037191 0.039016 0.031915 0.023878 0.016108 
0.016862 0.323905 0.338953 0.127270 0.044152 0.046086 0.033211 0.031934 0.021183 0.016443 
0.016531 0.461376 0.268918 0.106877 0.043664 0.034740 0.024552 0.021752 0.012494 0.009096 
0.028072 0.366982 0.338273 0.148313 0.034933 0.026534 0.020415 0.013967 0.012924 0.009587 
0.040183 0.396439 0.354019 0.141478 0.032819 0.011625 0.007072 0.008527 0.004569 0.003269 
0.040736 0.405977 0.331426 0.104857 0.021481 0.021113 0.025894 0.027162 0.013926 0.007428 
0.007281 0.174987 0.387709 0.161260 0.089862 0.059295 0.028574 0.038650 0.034163 0.018220 
0.022135 0.293245 0.349554 0.129961 0.075577 0.038146 0.033883 0.026590 0.018801 0.012108 
0.077087 0.433926 0.303485 0.075315 0.050935 0.016237 0.016847 0.012507 0.008183 0.005479 
0.110207 0.417707 0.335229 0.053158 0.028751 0.012811 0.013613 0.009743 0.012159 0.006623 
0.055833 0.478391 0.263732 0.057095 0.041675 0.025772 0.024061 0.024545 0.016558 0.012336 
0.019494 0.500264 0.194116 0.096790 0.059812 0.029879 0.033947 0.027295 0.022625 0.015780 
0.026972 0.592231 0.183236 0.094382 0.032489 0.018987 0.017409 0.013987 0.012235 0.008072 
0.098827 0.558202 0.177637 0.107961 0.025728 0.011384 0.008774 0.006318 0.002771 0.002397 
0.078958 0.400481 0.228112 0.117690 0.050159 0.033318 0.028886 0.025597 0.022352 0.014446 
0.033895 0.323344 0.247742 0.106331 0.116754 0.030633 0.046312 0.044566 0.027122 0.023301 
0.030875 0.418579 0.295348 0.087692 0.057863 0.046609 0.024334 0.019487 0.010918 0.008294 
0.008393 0.536784 0.275564 0.098317 0.021489 0.025051 0.013812 0.010257 0.005788 0.004545 
0.032583 0.451092 0.309059 0.109174 0.032707 0.022535 0.019657 0.008862 0.007679 0.006652 
0.019211 0.289050 0.334716 0.106741 0.093399 0.040009 0.029974 0.038427 0.030563 0.017910 
0.009292 0.310729 0.327329 0.139622 0.088221 0.036290 0.027291 0.021130 0.024690 0.015406 
0.047309 0.392128 0.309007 0.158945 0.033707 0.017169 0.010981 0.010859 0.011497 0.008398 
0.045824 0.412686 0.334620 0.133946 0.023687 0.018555 0.014123 0.007947 0.004589 0.004021 
0.024467 0.400530 0.323787 0.086384 0.040615 0.053803 0.022685 0.021681 0.017619 0.008429 
0.022749 0.310625 0.347038 0.103257 0.070550 0.039155 0.031841 0.029113 0.030222 0.015449 
0.024127 0.330850 0.328135 0.148916 0.073246 0.030927 0.021172 0.016718 0.017043 0.008866 
0.046334 0.343697 0.375834 0.120574 0.052583 0.027521 0.014169 0.008715 0.004372 0.006202 
0.046786 0.382424 0.329985 0.125462 0.035680 0.024246 0.021572 0.013515 0.013505 0.006826 
0.037850 0.311655 0.350234 0.093336 0.059130 0.056542 0.032058 0.025595 0.019684 0.013917 
0.027600 0.261276 0.327843 0.179609 0.058891 0.036206 0.036416 0.025846 0.020399 0.025914 
0.002845 0.247454 0.378535 0.210526 0.039065 0.033784 0.031648 0.013816 0.023230 0.019096 
0.021645 0.357394 0.317488 0.178916 0.030324 0.031168 0.021063 0.015983 0.013732 0.012287 
0.027354 0.314174 0.341385 0.162291 0.043778 0.032635 0.029667 0.020866 0.015812 0.012039 
0.016719 0.278617 0.328247 0.182107 0.066660 0.052268 0.032588 0.025190 0.013409 0.004195 
0.034884 0.325048 0.293910 0.170795 0.072130 0.032553 0.020530 0.027654 0.013240 0.009257 
0.018721 0.359008 0.346326 0.135149 0.053816 0.021321 0.028678 0.019641 0.010333 0.007007 
0.034180 0.332855 0.269795 0.186619 0.080948 0.030705 0.022328 0.013049 0.017945 0.011575 
0.025204 0.434453 0.309606 0.099140 0.052644 0.020780 0.014671 0.013258 0.018499 0.011744 
0.047168 0.390730 0.296785 0.164994 0.040260 0.018924 0.014701 0.010522 0.008646 0.007271 
0.053905 0.364165 0.288930 0.161768 0.057117 0.023017 0.017055 0.013041 0.012138 0.008864 
0.034982 0.196545 0.393243 0.149826 0.092468 0.016666 0.042706 0.043840 0.021292 0.008432 
0.053387 0.388258 0.277178 0.098980 0.087268 0.025257 0.022114 0.019065 0.014697 0.013795 
0.007513 0.405853 0.327564 0.076849 0.054623 0.031512 0.031524 0.023994 0.024207 0.016362 
0.062527 0.406950 0.325215 0.047934 0.049011 0.027909 0.025547 0.022508 0.020197 0.012202 
0.108840 0.492907 0.273317 0.047013 0.021716 0.011251 0.016249 0.010363 0.009844 0.008500 
0.088839 0.441413 0.282593 0.066777 0.037537 0.024889 0.020760 0.014247 0.010864 0.012081 
0.012520 0.429051 0.267613 0.091089 0.051747 0.037657 0.036739 0.030679 0.023179 0.019726 
0.027943 0.445651 0.227596 0.133255 0.052345 0.027909 0.028368 0.025572 0.019338 0.012022 
0.044268 0.365716 0.357019 0.126317 0.044547 0.024217 0.013361 0.009533 0.005980 0.009042 
0.000978 0.394528 0.386125 0.091897 0.046526 0.030119 0.021481 0.011071 0.011105 0.006171 
0.063700 0.536593 0.212191 0.070070 0.031207 0.018816 0.021289 0.021449 0.014206 0.010479 
0.078681 0.413873 0.293732 0.090280 0.050818 0.022344 0.023986 0.011587 0.009108 0.005592 
0.063069 0.357461 0.247027 0.102424 0.083088 0.027660 0.038840 0.033265 0.028874 0.018294 
0.048927 0.438183 0.239920 0.119317 0.035505 0.032138 0.029361 0.022966 0.019685 0.013998 
0.010574 0.382410 0.329680 0.096211 0.060003 0.043067 0.026096 0.028405 0.015884 0.007669 
0.009278 0.434979 0.353058 0.126050 0.033144 0.011852 0.014930 0.006575 0.008167 0.001966 
0.012350 0.362592 0.359810 0.124753 0.043593 0.031884 0.019464 0.020380 0.014787 0.010386 
0.012222 0.315040 0.435934 0.101238 0.054092 0.031515 0.016876 0.014419 0.013152 0.005512 
0.021246 0.362098 0.359707 0.108261 0.052730 0.039024 0.018543 0.024239 0.009323 0.004827 
0.034242 0.292038 0.400800 0.171708 0.041068 0.026436 0.015218 0.011003 0.004232 0.003254 
0.001598 0.274947 0.438104 0.131886 0.051264 0.035573 0.023551 0.019142 0.013326 0.010609 
0.015203 0.257158 0.443875 0.196868 0.033983 0.021343 0.017583 0.004197 0.006142 0.003648 
0.025400 0.239640 0.449049 0.146176 0.055857 0.037169 0.012670 0.017225 0.011648 0.005166 
0.008487 0.212327 0.389009 0.145018 0.080983 0.038342 0.047879 0.029586 0.028968 0.019400 
0.006733 0.243344 0.411804 0.163905 0.059083 0.037270 0.027636 0.020983 0.017408 0.011836 
0.002451 0.293875 0.466081 0.141475 0.029719 0.022270 0.016351 0.013300 0.008413 0.006066 
0.008600 0.275653 0.470641 0.120486 0.039889 0.025454 0.019844 0.015471 0.014181 0.009779 
0.021877 0.227519 0.478552 0.098851 0.058176 0.039203 0.019830 0.024672 0.019720 0.011600 
0.028452 0.252059 0.510813 0.079275 0.039705 0.020802 0.024921 0.019252 0.014608 0.010114 
0.001781 0.242300 0.502455 0.077950 0.059984 0.027800 0.028442 0.023364 0.021833 0.014089 
0.034526 0.267638 0.525817 0.068072 0.033542 0.033873 0.011805 0.010522 0.009801 0.004405 
0.011033 0.375317 0.443249 0.060268 0.031272 0.026241 0.017996 0.015574 0.011655 0.007395 
0.017638 0.360458 0.469072 0.090068 0.028837 0.011840 0.008054 0.005915 0.005007 0.003111 
0.002325 0.280828 0.457193 0.112266 0.047868 0.034925 0.021486 0.017785 0.015269 0.010057 
0.016588 0.281643 0.501045 0.069519 0.032404 0.032539 0.022227 0.011625 0.019608 0.012802 
0.000227 0.145792 0.453524 0.137849 0.082360 0.061539 0.028386 0.047676 0.027336 0.015310 
0.057584 0.256838 0.352334 0.128167 0.069663 0.023215 0.043267 0.028961 0.022232 0.017739 
0.083787 0.510280 0.270624 0.051308 0.042927 0.012319 0.009943 0.005911 0.008776 0.004124 
0.019908 0.459399 0.318730 0.054543 0.044927 0.024872 0.025993 0.021862 0.016221 0.013544 
0.007944 0.515255 0.321419 0.048241 0.022898 0.021023 0.019682 0.019450 0.015157 0.008930 
0.068236 0.569169 0.221886 0.045163 0.027975 0.013837 0.017496 0.014666 0.012290 0.009282 
0.080554 0.547413 0.254270 0.052796 0.024918 0.012354 0.010259 0.006585 0.005804 0.005047 
0.071739 0.511253 0.273847 0.049450 0.019335 0.018478 0.016399 0.015753 0.013873 0.009874 
0.031807 0.356631 0.324363 0.098768 0.062937 0.035021 0.036860 0.019704 0.020030 0.013880 
0.017626 0.327202 0.382349 0.124772 0.043181 0.018507 0.020882 0.028338 0.022776 0.014365 
0.045895 0.393636 0.337569 0.069192 0.046524 0.051460 0.022130 0.020902 0.009182 0.003510 
0.034379 0.355515 0.437098 0.067181 0.036847 0.027275 0.017916 0.010651 0.007537 0.005601 
0.015999 0.318888 0.441499 0.072226 0.054235 0.032301 0.022126 0.019127 0.013539 0.010059 
0.002224 0.376718 0.390300 0.070183 0.044633 0.057735 0.017458 0.018821 0.014915 0.007012 
0.010016 0.312767 0.459537 0.090959 0.046147 0.026271 0.020256 0.017627 0.011042 0.005378 
0.017518 0.247628 0.475086 0.114713 0.042483 0.035737 0.025145 0.015531 0.015257 0.010903 
0.045188 0.277258 0.508170 0.073756 0.029073 0.028928 0.016874 0.010217 0.006459 0.004078 
0.037917 0.307442 0.395755 0.073692 0.049303 0.048455 0.024815 0.025407 0.022497 0.014717 
0.076330 0.294560 0.387920 0.076326 0.053797 0.052254 0.018295 0.023974 0.013235 0.003310 
0.019012 0.186283 0.465396 0.149075 0.054826 0.037882 0.031825 0.023024 0.020028 0.012648 
0.046381 0.297953 0.478395 0.084465 0.031494 0.025606 0.015652 0.008520 0.008698 0.002837 
0.001637 0.288926 0.450051 0.112065 0.039654 0.033833 0.026662 0.019821 0.018661 0.008690 
0.017155 0.269955 0.436703 0.074190 0.066669 0.064361 0.014424 0.031402 0.012870 0.012271 
0.020623 0.197760 0.486993 0.126141 0.064654 0.024382 0.025985 0.018830 0.019359 0.015273 
0.021341 0.232558 0.439178 0.105310 0.066169 0.040409 0.030993 0.027728 0.021416 0.014897 
0.018766 0.208507 0.554984 0.083688 0.023910 0.030429 0.027951 0.017631 0.021361 0.012774 
0.031409 0.230404 0.506137 0.060201 0.060907 0.031612 0.031960 0.018221 0.016204 0.012944 
0.004984 0.160551 0.451091 0.114325 0.095071 0.064295 0.036750 0.041558 0.020113 0.011263 
0.030338 0.177656 0.443456 0.150101 0.064896 0.059082 0.018755 0.025587 0.019385 0.010746 
0.013926 0.247270 0.407086 0.174251 0.033394 0.056752 0.022635 0.020618 0.015313 0.008754 
0.012074 0.193343 0.390400 0.152423 0.077573 0.057315 0.035409 0.035049 0.027100 0.019315 
0.036779 0.391584 0.340778 0.105586 0.043182 0.028535 0.018921 0.012153 0.014274 0.008209 
0.002611 0.200784 0.446740 0.155654 0.068593 0.037723 0.027897 0.027321 0.020863 0.011815 
0.052282 0.189740 0.506105 0.120909 0.035822 0.047803 0.015116 0.012424 0.013476 0.006323 
0.014607 0.125802 0.498575 0.153278 0.090245 0.039114 0.023793 0.021474 0.024649 0.008463 
0.005562 0.498078 0.245392 0.093450 0.073187 0.026180 0.018065 0.016271 0.013185 0.010631 
0.060358 0.513796 0.263777 0.058615 0.056301 0.014798 0.010293 0.007742 0.008192 0.006127 
0.109303 0.456565 0.228866 0.075140 0.039394 0.024174 0.026467 0.018368 0.013413 0.008310 
0.086348 0.428733 0.221085 0.076978 0.046041 0.033685 0.034100 0.030530 0.027039 0.015461 
0.048049 0.411128 0.265770 0.058093 0.067468 0.040097 0.032693 0.034150 0.024537 0.018016 
0.026058 0.590639 0.145102 0.088269 0.045558 0.031579 0.022625 0.023113 0.016667 0.010389 
0.079788 0.479695 0.162950 0.127272 0.031806 0.039332 0.031133 0.018907 0.017221 0.011896 
0.096991 0.392497 0.228850 0.125879 0.064576 0.047486 0.015996 0.017383 0.004754 0.005588 
0.008721 0.373083 0.403546 0.082136 0.044928 0.038121 0.019824 0.011113 0.010922 0.007605 
0.052882 0.527538 0.143914 0.123720 0.032905 0.031422 0.036529 0.017425 0.019420 0.014245 
0.043255 0.335358 0.294769 0.115573 0.066847 0.034795 0.031989 0.035721 0.025599 0.016094 
0.026336 0.252654 0.396968 0.111533 0.065514 0.031809 0.039587 0.029285 0.026816 0.019497 
0.047086 0.426822 0.285159 0.100859 0.040618 0.031485 0.022222 0.016898 0.015937 0.012915 
0.010194 0.444491 0.321439 0.110365 0.037270 0.032911 0.016075 0.013760 0.008995 0.004499 
0.082178 0.430589 0.300240 0.095728 0.024848 0.024969 0.018840 0.009214 0.007691 0.005701 
0.053675 0.453959 0.286509 0.094135 0.030267 0.036239 0.020650 0.009576 0.008860 0.006130 
0.047817 0.398164 0.311728 0.097843 0.055519 0.023956 0.021586 0.022809 0.012568 0.008010 
0.007950 0.365136 0.288877 0.080256 0.089930 0.054982 0.036999 0.035977 0.024637 0.015256 
0.005846 0.314316 0.416533 0.082773 0.057910 0.033839 0.032215 0.019677 0.021601 0.015290 
0.014829 0.446777 0.399392 0.043497 0.034236 0.025257 0.013585 0.009795 0.008962 0.003669 
0.024237 0.397560 0.412360 0.059953 0.023979 0.020749 0.022072 0.015031 0.014867 0.009191 
0.039147 0.327114 0.353792 0.098097 0.050997 0.045918 0.028671 0.027744 0.016513 0.012007 
0.021419 0.382512 0.383744 0.107020 0.038855 0.023149 0.010129 0.013194 0.011180 0.008800 
0.014306 0.329548 0.400825 0.085962 0.053557 0.030279 0.025717 0.025836 0.020194 0.013775 
0.041155 0.292772 0.387955 0.093112 0.053147 0.035301 0.033455 0.025144 0.022734 0.015226 
0.033585 0.378728 0.409576 0.041074 0.048063 0.025102 0.023280 0.018171 0.013434 0.008988 
0.012745 0.362335 0.358255 0.103197 0.047388 0.050779 0.021793 0.026263 0.012736 0.004510 
0.026332 0.307545 0.327656 0.128934 0.071221 0.036790 0.036392 0.028859 0.021522 0.014750 
0.041961 0.298134 0.370848 0.125641 0.037923 0.033450 0.030467 0.025397 0.021894 0.014285 
0.020082 0.311070 0.401569 0.123094 0.041357 0.043427 0.019422 0.019532 0.011227 0.009219 
0.062186 0.371635 0.396977 0.086299 0.034860 0.016525 0.008704 0.011036 0.007124 0.004655 
0.052291 0.383152 0.355867 0.112028 0.025447 0.024366 0.015689 0.011223 0.011660 0.008276 
0.036575 0.391611 0.394593 0.109300 0.018230 0.016223 0.014763 0.006086 0.007579 0.005038 
0.015471 0.412303 0.404417 0.074083 0.034175 0.014823 0.019272 0.011016 0.009739 0.004701 
0.009922 0.136331 0.470415 0.132604 0.098172 0.050555 0.027268 0.037435 0.023030 0.014270 
0.022165 0.334560 0.341082 0.091149 0.087740 0.029712 0.038819 0.015676 0.021661 0.017435 
0.005662 0.357411 0.342938 0.089162 0.063164 0.038237 0.032004 0.026064 0.025008 0.020349 
0.064395 0.537596 0.236920 0.052800 0.029947 0.019122 0.017666 0.015705 0.015115 0.010735 
0.075158 0.510618 0.279044 0.047554 0.023720 0.017092 0.017449 0.012346 0.009183 0.007836 
0.060685 0.602396 0.153897 0.061254 0.031606 0.022757 0.023231 0.018720 0.014708 0.010746 
0.017254 0.570794 0.198396 0.068233 0.039272 0.024811 0.026469 0.021924 0.019455 0.013392 
0.038527 0.635987 0.182684 0.057395 0.029296 0.011543 0.014574 0.011716 0.010694 0.007584 
0.081013 0.499384 0.239909 0.078469 0.035710 0.021757 0.016623 0.013014 0.006034 0.008085 
0.068593 0.337956 0.312829 0.099445 0.044248 0.029934 0.027251 0.039165 0.025837 0.014742 
0.002047 0.390066 0.310979 0.064727 0.072887 0.060087 0.040322 0.020716 0.024729 0.013440 
0.021844 0.283808 0.326979 0.116864 0.069912 0.044134 0.044297 0.038220 0.031813 0.022129 
0.040919 0.317404 0.365625 0.089861 0.067769 0.029401 0.029099 0.024266 0.020916 0.014741 
0.065318 0.408288 0.253942 0.106988 0.043382 0.066432 0.014042 0.021742 0.011258 0.008608 
0.056973 0.375527 0.361160 0.077343 0.031808 0.036025 0.019383 0.020869 0.014169 0.006743 
0.053297 0.363307 0.380182 0.100039 0.019769 0.025238 0.022349 0.016256 0.010613 0.008950 
0.031092 0.323364 0.395033 0.104673 0.046417 0.027962 0.023249 0.017341 0.018427 0.012442 
0.058199 0.400407 0.328429 0.046903 0.048543 0.047701 0.024963 0.019651 0.014895 0.010308 
0.034418 0.391965 0.293677 0.116565 0.045406 0.049989 0.021613 0.022327 0.014735 0.009304 
0.011757 0.274000 0.442891 0.119680 0.048571 0.031476 0.024936 0.019010 0.019885 0.007795 
0.014237 0.379375 0.321038 0.137979 0.045152 0.039171 0.019489 0.019181 0.012562 0.011815 
0.044421 0.383485 0.398712 0.096523 0.025849 0.027728 0.008186 0.005592 0.004163 0.005341 
0.055488 0.391239 0.314043 0.093459 0.038298 0.051926 0.013599 0.022564 0.014653 0.004732 
0.030624 0.330942 0.388721 0.152951 0.031182 0.025284 0.015960 0.010418 0.006674 0.007244 
0.004684 0.285569 0.372812 0.136919 0.058732 0.036421 0.037159 0.028372 0.022563 0.016768 
0.012211 0.259169 0.416759 0.089199 0.067256 0.038138 0.041283 0.033259 0.025233 0.017492 
0.000137 0.242218 0.405697 0.130423 0.082044 0.031701 0.047054 0.024758 0.019307 0.016660 
0.017718 0.254262 0.297469 0.217588 0.056624 0.054851 0.026130 0.041796 0.020736 0.012827 
0.027387 0.269460 0.352878 0.176978 0.058636 0.031830 0.030735 0.022734 0.016414 0.012949 
0.026144 0.282542 0.306736 0.161845 0.081695 0.046534 0.035567 0.025569 0.020875 0.012494 
0.018134 0.399980 0.285202 0.143498 0.070422 0.032082 0.017992 0.017342 0.009906 0.005441 
0.002680 0.472581 0.310728 0.104327 0.050883 0.011032 0.020128 0.011135 0.008975 0.007530 
0.052087 0.360737 0.313970 0.166560 0.038261 0.021005 0.016272 0.014660 0.009756 0.006693 
0.037906 0.323794 0.378641 0.129667 0.046458 0.024225 0.017481 0.017484 0.013072 0.011272 
0.003812 0.147037 0.416866 0.135702 0.092453 0.054005 0.045276 0.035547 0.041814 0.027489 
0.053170 0.335297 0.252180 0.140890 0.085948 0.033697 0.025957 0.033302 0.022243 0.017316 
0.097915 0.492718 0.221989 0.083385 0.053656 0.014056 0.012455 0.011638 0.006937 0.005252 
0.037247 0.504229 0.214075 0.075723 0.047915 0.029208 0.029604 0.024889 0.023511 0.013599 
0.028941 0.537558 0.195691 0.083231 0.050363 0.029345 0.023889 0.020085 0.016673 0.014223 
0.054284 0.571359 0.247829 0.077951 0.013687 0.011568 0.009723 0.004436 0.005527 0.003636 
0.070657 0.662957 0.152969 0.071747 0.020060 0.008313 0.004623 0.004342 0.002778 0.001554 
0.106929 0.551782 0.165182 0.103836 0.031550 0.011507 0.009801 0.007447 0.006781 0.005185 
0.007403 0.637994 0.151082 0.058394 0.049884 0.024449 0.022187 0.025529 0.014310 0.008769 
0.009114 0.410660 0.334516 0.095784 0.047363 0.034663 0.037450 0.011433 0.012929 0.006089 
0.029543 0.452712 0.253689 0.153189 0.050043 0.018157 0.019534 0.012351 0.005053 0.005730 
0.024924 0.506152 0.218499 0.118679 0.059939 0.021030 0.025981 0.011801 0.007453 0.005542 
0.045233 0.387238 0.271477 0.127089 0.056765 0.032944 0.037968 0.013876 0.016136 0.011274 
0.001823 0.454765 0.309013 0.110877 0.065741 0.020761 0.014722 0.009144 0.005942 0.007210 
0.023731 0.429595 0.280329 0.142374 0.052348 0.027556 0.021007 0.009699 0.006677 0.006684 
0.051362 0.393875 0.271308 0.160374 0.033207 0.024598 0.025078 0.014990 0.013163 0.012045 
0.042330 0.371135 0.351470 0.092905 0.034212 0.027227 0.031503 0.020984 0.017986 0.010247 
0.012785 0.332815 0.369869 0.115360 0.047377 0.035418 0.027744 0.029622 0.016690 0.012320 
0.028868 0.432730 0.280605 0.122776 0.048231 0.037194 0.019955 0.020588 0.004519 0.004534 
0.028036 0.374610 0.270509 0.152856 0.035352 0.040431 0.034571 0.028327 0.019456 0.015853 
0.025192 0.345595 0.338029 0.181612 0.027678 0.020434 0.020711 0.014590 0.015324 0.010835 
0.048089 0.329191 0.312983 0.161121 0.059782 0.027046 0.025888 0.014038 0.011757 0.010105 
0.027282 0.407023 0.291065 0.117750 0.064277 0.038221 0.022297 0.013329 0.009944 0.008813 
0.016136 0.381646 0.370272 0.144978 0.019851 0.018647 0.021122 0.010029 0.010919 0.006400 
0.019671 0.314805 0.370403 0.135086 0.042959 0.031425 0.031699 0.021133 0.019584 0.013235 
0.001536 0.358235 0.396956 0.123346 0.038068 0.019715 0.023682 0.016917 0.013702 0.007844 
0.033051 0.369001 0.339024 0.087164 0.056549 0.030925 0.029141 0.024938 0.016681 0.013525 
0.034212 0.343908 0.359136 0.100469 0.044027 0.037107 0.032517 0.023264 0.015353 0.010006 
0.022394 0.360057 0.382910 0.083736 0.052064 0.026993 0.027264 0.016901 0.016725 0.010957 
0.033613 0.395483 0.348151 0.065712 0.054631 0.028756 0.026975 0.019169 0.015362 0.012148 
0.011203 0.418706 0.371916 0.074824 0.041225 0.028595 0.016602 0.014730 0.013639 0.008560 
0.026528 0.341518 0.326774 0.120677 0.049117 0.031582 0.035527 0.025221 0.025522 0.017534 
0.004780 0.340234 0.418418 0.110418 0.036136 0.023730 0.018694 0.020232 0.015696 0.011660 
0.045120 0.360327 0.371426 0.086598 0.047542 0.026485 0.026306 0.015449 0.012278 0.008468 
0.060222 0.405881 0.352746 0.067578 0.043248 0.024223 0.017065 0.012615 0.011108 0.005313 
0.005992 0.148217 0.448193 0.122783 0.094048 0.063496 0.033182 0.040841 0.028433 0.014817 
0.008285 0.425224 0.323665 0.075609 0.091263 0.022309 0.028370 0.014042 0.008401 0.002831 
0.049986 0.473125 0.336794 0.038367 0.045378 0.015486 0.013827 0.009440 0.009302 0.008296 
0.071200 0.463789 0.343792 0.044940 0.023176 0.015522 0.010842 0.011149 0.009389 0.006200 
0.042505 0.550222 0.257668 0.061249 0.024297 0.011755 0.016425 0.014578 0.012980 0.008322 
0.018216 0.493898 0.223140 0.079114 0.052899 0.033087 0.033052 0.026584 0.023096 0.016914 
0.051571 0.381333 0.257926 0.101946 0.055346 0.036725 0.037063 0.031674 0.027249 0.019167 
0.071980 0.494928 0.223866 0.079950 0.031680 0.021689 0.024833 0.021029 0.017222 0.012822 
0.053118 0.570456 0.229975 0.067993 0.035423 0.013957 0.010549 0.009498 0.006173 0.002859 
0.019142 0.465401 0.262631 0.103275 0.061383 0.037517 0.022041 0.019321 0.007131 0.002157 
0.037637 0.417538 0.326390 0.084796 0.025425 0.045635 0.023641 0.018347 0.011081 0.009510 
0.062324 0.355584 0.270726 0.109692 0.060662 0.029212 0.035531 0.032369 0.025354 0.018547 
0.034809 0.410708 0.325814 0.086525 0.039942 0.026105 0.025859 0.021051 0.016436 0.012749 
0.004389 0.465620 0.315709 0.061268 0.042337 0.052227 0.013003 0.019914 0.016766 0.008766 
0.022811 0.385731 0.318895 0.117909 0.060712 0.024658 0.017427 0.019506 0.020021 0.012330 
0.035407 0.430321 0.372895 0.082540 0.017180 0.017805 0.014430 0.013937 0.009588 0.005896 
0.029583 0.381403 0.282367 0.106333 0.066379 0.030976 0.033850 0.028959 0.023003 0.017145 
0.011811 0.437899 0.363796 0.060405 0.033671 0.044130 0.014827 0.016674 0.009662 0.007126 
0.022987 0.458673 0.267808 0.089110 0.062618 0.046528 0.016071 0.020947 0.011655 0.003602 
0.055610 0.363481 0.323854 0.090850 0.055163 0.029509 0.027283 0.022548 0.018453 0.013250 
0.052154 0.436383 0.345835 0.092625 0.031882 0.017948 0.008753 0.006799 0.004400 0.003220 
0.050551 0.398167 0.324828 0.085311 0.048312 0.013673 0.028121 0.015719 0.022235 0.013082 
0.011649 0.396195 0.325617 0.091386 0.054088 0.060993 0.018817 0.025431 0.009651 0.006174 
0.019443 0.378721 0.356534 0.111754 0.038761 0.026031 0.021590 0.022441 0.014582 0.010142 
0.023351 0.339278 0.310242 0.137735 0.056908 0.031134 0.034362 0.025179 0.024612 0.017199 
0.022416 0.320647 0.320438 0.176559 0.026006 0.063003 0.019896 0.022746 0.010353 0.017935 
0.015636 0.300291 0.275118 0.236857 0.036718 0.065233 0.023441 0.024712 0.010780 0.011214 
0.016491 0.303368 0.258034 0.210539 0.059534 0.087195 0.018963 0.026246 0.015117 0.004513 
0.005545 0.262617 0.324688 0.241324 0.036187 0.048610 0.016336 0.023199 0.035095 0.006398 
0.005190 0.285699 0.287489 0.300285 0.020408 0.044558 0.010644 0.016205 0.024217 0.005307 
0.008073 0.315914 0.232838 0.297497 0.042453 0.036447 0.008886 0.016537 0.028084 0.013270 
0.004003 0.336081 0.207314 0.247064 0.068601 0.048773 0.028348 0.019925 0.028781 0.011110 
0.023336 0.244055 0.310290 0.248282 0.051381 0.038641 0.023715 0.020490 0.027372 0.012438 
0.007579 0.265230 0.284080 0.269383 0.061996 0.034047 0.024915 0.021720 0.018475 0.012576 
0.016398 0.183839 0.423698 0.145257 0.081349 0.047273 0.034498 0.032970 0.020234 0.014484 
0.047879 0.371337 0.296819 0.077416 0.085053 0.038959 0.030591 0.015800 0.019534 0.016612 
0.030081 0.374132 0.299693 0.092515 0.056426 0.036567 0.035336 0.032304 0.023493 0.019453 
0.028202 0.435969 0.260198 0.093954 0.059061 0.024681 0.034598 0.024731 0.017738 0.020867 
0.070627 0.454669 0.256777 0.135682 0.016171 0.016236 0.019678 0.009204 0.008044 0.012911 
0.113403 0.420241 0.138956 0.151543 0.053433 0.031350 0.027850 0.023691 0.013691 0.025841 
0.047696 0.378870 0.197156 0.150292 0.064472 0.029274 0.046133 0.029292 0.027597 0.029217 
0.002278 0.409998 0.219539 0.155154 0.113668 0.019642 0.023197 0.026660 0.014876 0.014987 
0.029415 0.375434 0.116074 0.190291 0.144179 0.054730 0.032133 0.022533 0.015960 0.019250 
0.028520 0.299820 0.350143 0.152004 0.067662 0.025345 0.020584 0.032598 0.014146 0.009179 
0.005234 0.490380 0.147109 0.101191 0.115160 0.029000 0.029175 0.063925 0.011827 0.007000 
0.055319 0.444055 0.166804 0.073349 0.134289 0.019124 0.017175 0.066087 0.016267 0.007531 
0.093387 0.381787 0.123054 0.084172 0.153009 0.016901 0.024780 0.092819 0.021132 0.008959 
0.055045 0.436209 0.123613 0.183599 0.052087 0.021183 0.053650 0.029868 0.022528 0.022218 
0.097714 0.421347 0.122222 0.133677 0.059417 0.032585 0.066985 0.028429 0.022337 0.015286 
0.034092 0.251431 0.158238 0.280454 0.090952 0.026756 0.081036 0.046365 0.016238 0.014437 
0.062020 0.233549 0.094187 0.233518 0.123010 0.044553 0.081526 0.073599 0.031611 0.022425 
0.003529 0.161912 0.459120 0.115530 0.095533 0.039129 0.025442 0.056283 0.026407 0.017116 
0.026617 0.566697 0.155256 0.056906 0.094255 0.019254 0.026814 0.033895 0.007750 0.012557 
0.012562 0.417883 0.234725 0.121416 0.090294 0.017055 0.036474 0.048793 0.007766 0.013032 
0.094116 0.392873 0.214414 0.057634 0.099808 0.024048 0.027935 0.045283 0.025695 0.018192 
0.089231 0.394097 0.198298 0.075008 0.104170 0.028236 0.036427 0.046602 0.014672 0.013259 
0.045940 0.318266 0.251211 0.075063 0.135166 0.033682 0.041472 0.049223 0.029387 0.020590 
0.054247 0.273527 0.234078 0.129521 0.134170 0.030914 0.040760 0.053010 0.024968 0.024805 
0.003517 0.325227 0.294155 0.102170 0.136405 0.012107 0.032189 0.061696 0.018245 0.014290 
0.006914 0.294985 0.313368 0.142408 0.123713 0.015812 0.032420 0.029114 0.026128 0.015138 
0.046969 0.265865 0.255438 0.090333 0.172567 0.028253 0.047064 0.052113 0.028300 0.013097 
0.027037 0.240759 0.272619 0.101933 0.181961 0.025112 0.029977 0.062777 0.032552 0.025274 
0.006935 0.289413 0.246240 0.091358 0.146218 0.031378 0.046221 0.078155 0.041704 0.022377 
0.001436 0.295076 0.235978 0.104241 0.208782 0.015418 0.023804 0.073714 0.029026 0.012525 
0.025343 0.353059 0.238753 0.071523 0.172550 0.021941 0.032739 0.040328 0.032077 0.011687 
0.028008 0.330362 0.259310 0.079858 0.144467 0.018443 0.023530 0.068519 0.035040 0.012464 
0.026702 0.298299 0.254821 0.068727 0.168774 0.033303 0.038096 0.075959 0.021024 0.014295 
0.016609 0.275549 0.215127 0.089259 0.235050 0.034882 0.028151 0.068089 0.020123 0.017160 
0.001193 0.222417 0.247759 0.059012 0.211674 0.068605 0.050327 0.077832 0.036756 0.024426 
0.016038 0.149781 0.455285 0.141236 0.085151 0.046858 0.032349 0.035126 0.023964 0.014213 
0.069433 0.366768 0.343002 0.067192 0.073755 0.012193 0.019734 0.016749 0.021222 0.009953 
0.058635 0.439509 0.305798 0.066513 0.080165 0.012842 0.014850 0.006932 0.011001 0.003757 
0.051233 0.407945 0.292136 0.066931 0.122465 0.010328 0.013797 0.015526 0.015625 0.004013 
0.006660 0.490790 0.264527 0.083757 0.073843 0.014341 0.024222 0.013301 0.022087 0.006472 
0.068802 0.535636 0.142370 0.083967 0.105455 0.010574 0.016842 0.015155 0.015869 0.005332 
0.115532 0.459789 0.204100 0.082378 0.072612 0.008605 0.015381 0.012266 0.026085 0.003251 
0.096632 0.426908 0.195819 0.081319 0.097563 0.020276 0.021098 0.018491 0.032069 0.009824 
0.043121 0.398344 0.179261 0.104955 0.138006 0.031353 0.026354 0.023866 0.042157 0.012582 
0.033203 0.347158 0.236103 0.086345 0.150661 0.035393 0.025514 0.033822 0.042304 0.009497 
0.042917 0.369646 0.242087 0.094251 0.150119 0.020386 0.019927 0.012863 0.038413 0.009391 
0.048797 0.343588 0.241866 0.098633 0.169776 0.020312 0.015827 0.012949 0.043265 0.004988 
0.039232 0.319792 0.224239 0.093556 0.190950 0.037496 0.024853 0.014954 0.041522 0.013405 
0.012553 0.322585 0.279735 0.109055 0.164625 0.038348 0.016911 0.014532 0.027687 0.013971 
0.005876 0.292937 0.260200 0.094856 0.218203 0.033033 0.024186 0.017964 0.042924 0.009822 
0.026713 0.270582 0.271718 0.118159 0.230079 0.016873 0.008583 0.013349 0.036892 0.007052 
0.011805 0.292911 0.261689 0.096256 0.218801 0.033951 0.027382 0.023280 0.026979 0.006946 
0.008151 0.336330 0.264742 0.086146 0.187384 0.024014 0.033682 0.029471 0.021653 0.008427 
0.022113 0.342407 0.189198 0.069773 0.252336 0.046181 0.020932 0.022589 0.026249 0.008222 
0.015622 0.284176 0.256786 0.059545 0.243665 0.033436 0.026865 0.029066 0.044123 0.006715 
0.027235 0.301975 0.251973 0.087915 0.238710 0.028938 0.015779 0.009397 0.029605 0.008472 
0.008248 0.289171 0.205709 0.049903 0.254401 0.061447 0.031393 0.030493 0.040633 0.028603 
0.001887 0.286103 0.206167 0.143435 0.229167 0.028440 0.030868 0.027951 0.029478 0.016505 
0.009983 0.286155 0.237980 0.145451 0.205778 0.035675 0.021626 0.011243 0.027292 0.018817 
0.019252 0.263536 0.233401 0.153955 0.232729 0.022957 0.021836 0.016064 0.030143 0.006127 
0.048287 0.287242 0.225306 0.131181 0.207277 0.027532 0.025914 0.013679 0.026632 0.006951 
0.019915 0.250973 0.298977 0.110676 0.195350 0.038801 0.029057 0.021843 0.028527 0.005880 
0.004632 0.246336 0.317508 0.092483 0.200292 0.044847 0.032873 0.036522 0.015475 0.009033 
0.000752 0.227571 0.290999 0.127823 0.248315 0.030112 0.016858 0.021107 0.028637 0.007826 
0.017746 0.235151 0.168112 0.046950 0.201301 0.207658 0.033423 0.024371 0.019392 0.045895 
0.024881 0.224593 0.215552 0.073539 0.087409 0.211041 0.057976 0.032055 0.024938 0.048016 
0.002880 0.326573 0.180916 0.090394 0.116614 0.181610 0.031166 0.018873 0.018216 0.032758 
0.002819 0.204817 0.210311 0.091406 0.184268 0.193834 0.031454 0.019337 0.014722 0.047032 
0.010130 0.196763 0.187357 0.116336 0.116978 0.225324 0.061147 0.022999 0.017185 0.045782 
0.010525 0.180755 0.417577 0.129717 0.111600 0.048986 0.029830 0.031192 0.025079 0.014738 
0.034128 0.479805 0.271264 0.053947 0.062841 0.017569 0.025877 0.017345 0.021700 0.015525 
0.071881 0.466397 0.303037 0.024034 0.059393 0.018667 0.011203 0.027247 0.009376 0.008766 
0.089581 0.399080 0.278449 0.061325 0.093973 0.018678 0.013273 0.025349 0.014917 0.005377 
0.108882 0.468339 0.215150 0.037534 0.085663 0.020363 0.016002 0.025530 0.013056 0.009482 
0.037503 0.425238 0.202270 0.125884 0.111479 0.022289 0.010863 0.043156 0.013366 0.007951 
0.057356 0.399425 0.142669 0.103349 0.137044 0.035270 0.030014 0.038567 0.037553 0.018753 
0.044615 0.375234 0.141903 0.132451 0.132696 0.045829 0.032886 0.055109 0.019487 0.019790 
0.057793 0.218135 0.180814 0.265166 0.095382 0.059693 0.045601 0.040173 0.022023 0.015220 
0.041805 0.372356 0.339477 0.120688 0.035906 0.019285 0.025164 0.014646 0.014477 0.016196 
0.018075 0.387436 0.279897 0.116990 0.067557 0.038287 0.034032 0.024491 0.014939 0.018296 
0.044787 0.305888 0.316441 0.150886 0.059778 0.028612 0.045517 0.019410 0.014481 0.014200 
0.068830 0.363788 0.281149 0.139800 0.038483 0.020795 0.038669 0.018094 0.013147 0.017244 
0.045551 0.332466 0.288494 0.145598 0.061419 0.023175 0.045398 0.024262 0.018350 0.015289 
0.022914 0.257150 0.366970 0.192703 0.045778 0.020964 0.037854 0.022164 0.017844 0.015660 
0.014426 0.160590 0.383005 0.256705 0.070446 0.012575 0.047141 0.012370 0.014940 0.027802 
0.018456 0.192911 0.324509 0.244309 0.071050 0.044230 0.045282 0.021503 0.019896 0.017854 
0.014673 0.198733 0.354725 0.223222 0.074629 0.022579 0.048541 0.021064 0.018714 0.023120 
0.021415 0.330667 0.340965 0.133751 0.064722 0.034325 0.031080 0.014932 0.012268 0.015875 
0.004547 0.205569 0.421199 0.218120 0.034948 0.024633 0.037587 0.021234 0.016388 0.015773 
0.025566 0.182142 0.368342 0.222740 0.071273 0.031589 0.043684 0.023006 0.015136 0.016523 
0.028216 0.181534 0.378034 0.188677 0.072326 0.039996 0.040442 0.026681 0.014192 0.029901 
0.019964 0.167874 0.371610 0.217631 0.076179 0.050147 0.040471 0.017249 0.021200 0.017674 
0.015723 0.167170 0.396370 0.224780 0.058303 0.033938 0.050641 0.021853 0.019507 0.011715 
0.003048 0.216427 0.429567 0.194331 0.043425 0.020140 0.035098 0.016347 0.014186 0.027431 
0.004500 0.203957 0.452576 0.190422 0.048083 0.018585 0.030443 0.021023 0.019477 0.010934 
0.010315 0.191121 0.394287 0.217436 0.080569 0.026268 0.031783 0.016096 0.015986 0.016138 
0.005250 0.161398 0.399205 0.278157 0.063345 0.029692 0.020163 0.017719 0.012675 0.012398 
0.035598 0.205512 0.366884 0.249036 0.064949 0.021940 0.016980 0.014451 0.013442 0.011206 
0.010747 0.175813 0.405715 0.250923 0.031516 0.020848 0.027688 0.032153 0.025447 0.019149 
