Knowing-me-Knowing-you,ABBA
0.000000 0.000000 0.000000 0.000000 0.000000 0.000000 0.000000 0.000000 0.000000 0.000000 
0.000000 0.000000 0.000000 0.000000 0.000000 0.000000 0.000000 0.000000 0.000000 0.000000 
0.000000 0.000000 0.000000 0.000000 0.000000 0.000000 0.000000 0.000000 0.000000 0.000000 
0.000000 0.000000 0.000000 0.000000 0.000000 0.000000 0.000000 0.000000 0.000000 0.000000 
0.000000 0.000000 0.000000 0.000000 0.000000 0.000000 0.000000 0.000000 0.000000 0.000000 
0.000000 0.000000 0.000000 0.000000 0.000000 0.000000 0.000000 0.000000 0.000000 0.000000 
0.000000 0.000000 0.000000 0.000000 0.000000 0.000000 0.000000 0.000000 0.000000 0.000000 
0.000000 0.000000 0.000000 0.000000 0.000000 0.000000 0.000000 0.000000 0.000000 0.000000 
0.000000 0.000000 0.000000 0.000000 0.000000 0.000000 0.000000 0.000000 0.000000 0.000000 
0.000000 0.000000 0.000000 0.000000 0.000000 0.000000 0.000000 0.000000 0.000000 0.000000 
0.000000 0.000000 0.000000 0.000000 0.000000 0.000000 0.000000 0.000000 0.000000 0.000000 
0.000000 0.000000 0.000000 0.000000 0.000000 0.000000 0.000000 0.000000 0.000000 0.000000 
0.000000 0.000000 0.000000 0.000000 0.000000 0.000000 0.000000 0.000000 0.000000 0.000000 
0.000000 0.000000 0.000000 0.000000 0.000000 0.000000 0.000000 0.000000 0.000000 0.000000 
0.000000 0.000000 0.000000 0.000000 0.000000 0.000000 0.000000 0.000000 0.000000 0.000000 
0.000000 0.000000 0.000000 0.000000 0.000000 0.000000 0.000000 0.000000 0.000000 0.000000 
0.000000 0.000000 0.000000 0.000000 0.000000 0.000000 0.000000 0.000000 0.000000 0.000000 
0.000000 0.000000 0.000000 0.000000 0.000000 0.000000 0.000000 0.000000 0.000000 0.000000 
0.000000 0.000000 0.000000 0.000000 0.000000 0.000000 0.000000 0.000000 0.000000 0.000000 
0.000000 0.000000 0.000000 0.000000 0.000000 0.000000 0.000000 0.000000 0.000000 0.000000 
0.000000 0.000000 0.000000 0.000000 0.000000 0.000000 0.000000 0.000000 0.000000 0.000000 
0.000000 0.000000 0.000000 0.000000 0.000000 0.000000 0.000000 0.000000 0.000000 0.000000 
0.023666 0.094642 0.118152 0.117822 0.117319 0.093378 0.115984 0.115008 0.113867 0.090163 
0.298593 0.208395 0.084340 0.060787 0.080890 0.056023 0.078274 0.043429 0.060738 0.028531 
0.203312 0.164568 0.097882 0.107156 0.082021 0.065374 0.066233 0.082307 0.086552 0.044596 
0.008529 0.052559 0.281800 0.248548 0.089190 0.075977 0.061648 0.023046 0.134818 0.023885 
0.005218 0.047140 0.257428 0.215011 0.103455 0.075322 0.070607 0.042110 0.112705 0.071004 
0.001012 0.012126 0.259214 0.288634 0.082281 0.073156 0.083867 0.032667 0.088805 0.078237 
0.002785 0.020073 0.307383 0.277729 0.115055 0.059454 0.107831 0.019345 0.036121 0.054222 
0.004979 0.035984 0.238680 0.307328 0.121770 0.058027 0.125983 0.024918 0.039083 0.043249 
0.009301 0.039435 0.246423 0.248702 0.088189 0.065032 0.138761 0.049409 0.055653 0.059095 
0.004732 0.027580 0.252757 0.214090 0.115452 0.077141 0.115023 0.057724 0.064771 0.070729 
0.005733 0.029886 0.273465 0.198634 0.106899 0.134793 0.065927 0.056466 0.066848 0.061347 
0.000652 0.030036 0.312718 0.169241 0.138536 0.152991 0.043545 0.032747 0.055715 0.063818 
0.005647 0.030760 0.329549 0.167364 0.090509 0.135502 0.059854 0.018270 0.075677 0.086869 
0.008707 0.044407 0.325300 0.167499 0.080141 0.101292 0.081555 0.034746 0.077795 0.078558 
0.006935 0.070397 0.329961 0.177956 0.087868 0.097198 0.076753 0.023105 0.056297 0.073529 
0.004685 0.043010 0.423700 0.219618 0.041810 0.097263 0.079842 0.011497 0.040789 0.037785 
0.001659 0.034597 0.398881 0.255203 0.033925 0.067758 0.072865 0.009314 0.072429 0.053369 
0.005929 0.059301 0.415871 0.220503 0.041292 0.040986 0.051103 0.018000 0.090753 0.056264 
0.000172 0.043755 0.485674 0.195620 0.047595 0.033741 0.021455 0.029516 0.118744 0.023728 
0.008116 0.034319 0.442281 0.162024 0.101359 0.044750 0.020127 0.039453 0.123350 0.024220 
0.015696 0.073739 0.359050 0.156199 0.129654 0.036582 0.061043 0.058567 0.075568 0.033901 
0.008465 0.067848 0.311447 0.115746 0.133172 0.058363 0.067476 0.104320 0.099744 0.033419 
0.003524 0.052481 0.342515 0.174852 0.138649 0.055263 0.031068 0.082527 0.091280 0.027840 
0.000132 0.066418 0.355512 0.191538 0.151057 0.039073 0.034844 0.073610 0.077742 0.010074 
0.006782 0.077775 0.394554 0.199762 0.121370 0.019856 0.018990 0.078784 0.058535 0.023591 
0.005412 0.073969 0.416519 0.184824 0.108333 0.031829 0.048282 0.064804 0.055772 0.010256 
0.007179 0.078688 0.437862 0.134020 0.126099 0.037191 0.044630 0.077650 0.053171 0.003509 
0.015291 0.090263 0.388316 0.155295 0.128551 0.031078 0.031230 0.094215 0.053919 0.011843 
0.002993 0.065213 0.437591 0.137319 0.144660 0.046790 0.029014 0.081807 0.039640 0.014972 
0.019752 0.116262 0.390972 0.195219 0.117529 0.033353 0.030721 0.039611 0.050548 0.006034 
0.012426 0.101486 0.364613 0.164548 0.110740 0.060623 0.054761 0.042471 0.062866 0.025467 
0.006475 0.081270 0.345990 0.159745 0.126782 0.062968 0.051684 0.074972 0.071666 0.018449 
0.009749 0.084028 0.451144 0.158203 0.140280 0.025699 0.022083 0.050879 0.045620 0.012318 
0.015824 0.083249 0.450969 0.137958 0.164519 0.025723 0.029721 0.039724 0.039555 0.012757 
0.009705 0.046426 0.457808 0.084880 0.192769 0.057934 0.042838 0.052100 0.046701 0.008839 
0.004711 0.039238 0.452004 0.132759 0.190005 0.039687 0.021355 0.049282 0.058801 0.012159 
0.004173 0.038082 0.451807 0.114347 0.209178 0.043838 0.017104 0.025347 0.080713 0.015411 
0.010884 0.076051 0.425933 0.105388 0.175742 0.046182 0.026293 0.020503 0.097908 0.015117 
0.015369 0.075870 0.397038 0.125557 0.156148 0.050185 0.021364 0.052472 0.081979 0.024017 
0.018063 0.078754 0.347146 0.181968 0.166961 0.041288 0.028118 0.075167 0.050045 0.012490 
0.001711 0.034637 0.400890 0.138182 0.181871 0.063987 0.052127 0.078490 0.040006 0.008100 
0.012962 0.085140 0.358380 0.154008 0.204785 0.032219 0.022274 0.057318 0.063613 0.009301 
0.011962 0.115195 0.399206 0.115872 0.192300 0.038312 0.035322 0.016405 0.066906 0.008520 
0.008688 0.094539 0.454681 0.077907 0.176677 0.048657 0.029289 0.041525 0.049656 0.018381 
0.004903 0.095700 0.385579 0.111462 0.177437 0.047493 0.027638 0.057272 0.066587 0.025928 
0.004088 0.068304 0.416948 0.077712 0.170915 0.050178 0.039714 0.050084 0.100310 0.021747 
0.002062 0.093226 0.385747 0.091652 0.143804 0.052699 0.038389 0.064827 0.112979 0.014614 
0.001776 0.104219 0.400653 0.105405 0.114736 0.027959 0.037177 0.066266 0.118533 0.023276 
0.017067 0.081818 0.421683 0.175136 0.110812 0.036534 0.053213 0.054770 0.037518 0.011449 
0.004068 0.045507 0.431255 0.191006 0.122667 0.032655 0.048127 0.026434 0.071918 0.026362 
0.003556 0.032917 0.373603 0.227250 0.144717 0.031114 0.038876 0.019643 0.110240 0.018085 
0.000053 0.020363 0.400938 0.196420 0.153237 0.032938 0.028190 0.029870 0.114702 0.023290 
0.007087 0.040902 0.405554 0.179464 0.134199 0.039373 0.033779 0.033678 0.097574 0.028389 
0.003579 0.029396 0.417049 0.242029 0.124790 0.016887 0.057668 0.027249 0.076307 0.005046 
0.004021 0.014600 0.396550 0.238803 0.123464 0.039884 0.071919 0.022555 0.074062 0.014142 
0.005325 0.029425 0.361879 0.324388 0.082270 0.051060 0.047275 0.013883 0.064891 0.019605 
0.004950 0.020668 0.288489 0.334917 0.103007 0.059030 0.058004 0.033576 0.068658 0.028701 
0.017421 0.077035 0.350465 0.269990 0.087131 0.040421 0.049156 0.021350 0.073551 0.013479 
0.008244 0.051146 0.222742 0.281596 0.146172 0.066751 0.056945 0.044509 0.097237 0.024657 
0.013833 0.069499 0.261253 0.287910 0.099763 0.083486 0.038957 0.025559 0.091565 0.028176 
0.016253 0.103792 0.279428 0.264211 0.082141 0.063306 0.037751 0.037632 0.099933 0.015552 
0.001723 0.049944 0.334014 0.297814 0.062019 0.066500 0.018003 0.046121 0.097051 0.026812 
0.011036 0.062028 0.378706 0.280393 0.106951 0.037227 0.016256 0.009330 0.071968 0.026103 
0.007660 0.043633 0.436209 0.209160 0.088761 0.032748 0.012582 0.016827 0.128158 0.024262 
0.000873 0.032587 0.274873 0.259684 0.100382 0.030500 0.025411 0.033512 0.200015 0.042162 
0.000857 0.017299 0.363157 0.179931 0.077987 0.088113 0.034182 0.046235 0.162695 0.029545 
0.002835 0.028969 0.323457 0.215747 0.107108 0.051122 0.053694 0.025949 0.096827 0.094293 
0.000021 0.015538 0.207416 0.297610 0.090306 0.053449 0.109469 0.021560 0.123338 0.081293 
0.005206 0.048735 0.213396 0.337506 0.092048 0.021994 0.084494 0.039932 0.093166 0.063523 
0.010590 0.064863 0.211190 0.337436 0.082497 0.026429 0.060551 0.034211 0.076169 0.096065 
0.005978 0.053398 0.202244 0.297716 0.108370 0.029592 0.111305 0.034819 0.068567 0.088012 
0.005657 0.035535 0.258173 0.281426 0.098223 0.048376 0.151266 0.017093 0.051673 0.052578 
0.011298 0.062846 0.265405 0.222084 0.086376 0.030294 0.102035 0.050561 0.098167 0.070935 
0.005641 0.040808 0.268553 0.200314 0.066388 0.052248 0.144614 0.022852 0.094545 0.104038 
0.002051 0.026081 0.253743 0.208379 0.110298 0.061662 0.092184 0.052350 0.088108 0.105145 
0.000014 0.019086 0.282306 0.241058 0.112158 0.066149 0.053268 0.047982 0.092906 0.085073 
0.004701 0.036055 0.303125 0.258354 0.113529 0.062618 0.035828 0.032847 0.092248 0.060695 
0.014782 0.076529 0.231431 0.276255 0.126079 0.041686 0.067674 0.033409 0.057568 0.074589 
0.014465 0.068465 0.220432 0.302634 0.108902 0.054897 0.093020 0.011505 0.040957 0.084724 
0.005479 0.038600 0.207769 0.311996 0.127137 0.037581 0.090648 0.052164 0.057689 0.070937 
0.003526 0.028683 0.260230 0.307625 0.086090 0.058231 0.097346 0.017433 0.084372 0.056463 
0.003745 0.036006 0.257109 0.295742 0.074583 0.042687 0.075477 0.055058 0.101419 0.058174 
0.004720 0.038209 0.288365 0.286812 0.059088 0.056383 0.032008 0.037085 0.120028 0.077301 
0.006083 0.042708 0.303026 0.273745 0.082054 0.071691 0.047910 0.018219 0.091260 0.063305 
0.002580 0.033789 0.334256 0.264159 0.132370 0.048878 0.054506 0.016817 0.057662 0.054984 
0.001409 0.039699 0.309627 0.256364 0.126253 0.038919 0.064527 0.019834 0.064605 0.078763 
0.006867 0.051917 0.268137 0.221260 0.104875 0.070088 0.094031 0.029445 0.077578 0.075802 
0.018800 0.098991 0.267678 0.228763 0.080785 0.072539 0.068848 0.027781 0.064518 0.071297 
0.012004 0.062020 0.359114 0.279715 0.057444 0.067756 0.036152 0.018882 0.049721 0.057191 
0.001003 0.018309 0.247020 0.382150 0.097842 0.083052 0.026188 0.019399 0.036496 0.088540 
0.009059 0.042937 0.195336 0.374220 0.093739 0.060329 0.058392 0.018407 0.044865 0.102718 
0.006159 0.033268 0.141709 0.354543 0.152129 0.055686 0.080534 0.020986 0.081958 0.073027 
0.005860 0.046557 0.203525 0.301966 0.117322 0.054484 0.081471 0.047780 0.102900 0.038134 
0.001476 0.061672 0.190334 0.259210 0.117232 0.061375 0.058768 0.057198 0.152041 0.040694 
0.011299 0.121419 0.454922 0.144865 0.068891 0.033518 0.032102 0.030064 0.070153 0.032768 
0.023981 0.120398 0.255636 0.299389 0.104400 0.060768 0.033514 0.040273 0.052477 0.009164 
0.007273 0.309316 0.226120 0.217516 0.078084 0.037599 0.044313 0.024492 0.045653 0.009634 
0.014910 0.152551 0.327483 0.213739 0.135019 0.048894 0.025551 0.019920 0.038513 0.023420 
0.002886 0.084564 0.366118 0.161051 0.191029 0.066114 0.046757 0.025107 0.032986 0.023388 
0.006160 0.113802 0.338699 0.169085 0.141277 0.087461 0.039441 0.038598 0.042843 0.022635 
0.012266 0.117735 0.413828 0.163593 0.130396 0.073666 0.028948 0.014443 0.030701 0.014425 
0.012491 0.120633 0.389781 0.202988 0.075663 0.091509 0.034208 0.017436 0.043469 0.011821 
0.008181 0.093787 0.373451 0.240354 0.120021 0.068165 0.029905 0.006007 0.044834 0.015295 
0.016030 0.119544 0.304577 0.254758 0.110010 0.065481 0.034999 0.023847 0.047269 0.023484 
0.012633 0.110143 0.309137 0.258968 0.173064 0.033617 0.027479 0.013755 0.048875 0.012329 
0.011798 0.109177 0.326385 0.256015 0.131115 0.037939 0.031218 0.026017 0.056940 0.013394 
0.008058 0.107489 0.290836 0.277155 0.120819 0.046088 0.033276 0.023101 0.074244 0.018934 
0.001604 0.088960 0.212740 0.296304 0.136077 0.085500 0.052301 0.049119 0.052054 0.025340 
0.000349 0.105122 0.292078 0.251861 0.176003 0.069044 0.029446 0.026512 0.025530 0.024055 
0.000330 0.083705 0.301443 0.257583 0.143431 0.093929 0.025517 0.030933 0.040696 0.022432 
0.013176 0.110069 0.188909 0.359933 0.128897 0.037884 0.047556 0.041911 0.045384 0.026281 
0.015923 0.109940 0.166321 0.325029 0.164421 0.077420 0.044113 0.025853 0.050753 0.020227 
0.014053 0.085564 0.180130 0.337211 0.121238 0.087920 0.073516 0.037500 0.041562 0.021307 
0.002273 0.184433 0.302148 0.135922 0.160353 0.070717 0.035489 0.039140 0.026874 0.042650 
0.006217 0.207346 0.161678 0.133459 0.208298 0.131745 0.052899 0.045669 0.020481 0.032208 
0.003241 0.059507 0.164519 0.194382 0.271424 0.139071 0.077437 0.027163 0.018501 0.044754 
0.005921 0.032621 0.164620 0.192988 0.279669 0.158854 0.085643 0.040952 0.016680 0.022052 
0.004653 0.026634 0.170519 0.198785 0.290853 0.163496 0.065971 0.027080 0.015374 0.036636 
0.008135 0.031964 0.180456 0.201938 0.312494 0.151045 0.046141 0.025709 0.016079 0.026039 
0.012724 0.271358 0.220730 0.151225 0.190845 0.085683 0.013765 0.021429 0.013081 0.019159 
0.017629 0.129595 0.177127 0.181676 0.224018 0.100663 0.049016 0.057941 0.031672 0.030662 
0.008464 0.073075 0.239327 0.188607 0.188353 0.096677 0.086807 0.054223 0.033868 0.030601 
0.003235 0.029330 0.225150 0.241171 0.152207 0.140931 0.100471 0.035851 0.020161 0.051493 
0.000807 0.020580 0.259608 0.200775 0.161152 0.130932 0.109682 0.055462 0.017254 0.043748 
0.005059 0.031905 0.245192 0.200824 0.186642 0.104454 0.084101 0.086795 0.018153 0.036874 
0.002546 0.027437 0.233678 0.170044 0.206136 0.130342 0.040068 0.097936 0.038801 0.053012 
0.007060 0.042235 0.221234 0.157758 0.189757 0.174071 0.043155 0.069832 0.019442 0.075456 
0.003878 0.039037 0.195451 0.192827 0.176675 0.188548 0.075078 0.036005 0.028182 0.064319 
0.002473 0.027932 0.206841 0.196979 0.202494 0.152463 0.102507 0.038232 0.030248 0.039830 
0.011933 0.058872 0.175204 0.210052 0.184616 0.136887 0.114533 0.055191 0.039947 0.012765 
0.006395 0.045323 0.134724 0.293509 0.221112 0.118930 0.070332 0.035251 0.041115 0.033311 
0.004763 0.022315 0.226051 0.322811 0.251106 0.033403 0.038874 0.044835 0.029461 0.026381 
0.006778 0.029699 0.195604 0.368603 0.168960 0.088255 0.040457 0.052235 0.029823 0.019585 
0.005422 0.037576 0.203850 0.300685 0.222512 0.080528 0.053659 0.036302 0.031075 0.028390 
0.005483 0.039134 0.181853 0.359575 0.196291 0.074462 0.053706 0.042755 0.023919 0.022823 
0.000823 0.017754 0.223038 0.344973 0.171008 0.075774 0.068111 0.044140 0.021968 0.032411 
0.001636 0.018477 0.176620 0.298983 0.282844 0.079686 0.032007 0.039540 0.034466 0.035741 
0.002946 0.024329 0.095777 0.375369 0.169446 0.116755 0.062412 0.055494 0.051870 0.045601 
0.014501 0.072691 0.197296 0.292315 0.181648 0.077294 0.035779 0.057677 0.035924 0.034876 
0.008782 0.035378 0.202884 0.281014 0.223754 0.068829 0.067053 0.044316 0.019567 0.048423 
0.019063 0.098532 0.197137 0.319688 0.119668 0.061744 0.039115 0.069996 0.031577 0.043480 
0.013193 0.057480 0.208144 0.258315 0.119780 0.123757 0.089227 0.068632 0.020607 0.040864 
0.013557 0.350230 0.332368 0.148198 0.069499 0.026068 0.013481 0.016673 0.021083 0.008843 
0.021923 0.211897 0.344101 0.203735 0.106826 0.050548 0.011417 0.017411 0.022082 0.010060 
0.013230 0.109296 0.303286 0.214354 0.151890 0.058066 0.045256 0.039432 0.037311 0.027878 
0.014790 0.116787 0.341762 0.209999 0.150118 0.037718 0.039179 0.035005 0.029336 0.025307 
0.022713 0.118159 0.345458 0.289391 0.122544 0.013405 0.020765 0.038933 0.018603 0.010029 
0.017772 0.124179 0.329511 0.281891 0.117339 0.037903 0.030685 0.031597 0.015776 0.013347 
0.003105 0.124879 0.370134 0.252350 0.138767 0.045370 0.023182 0.021058 0.012617 0.008540 
0.006552 0.127704 0.368651 0.251789 0.128881 0.054395 0.017623 0.025837 0.011005 0.007562 
0.020439 0.142222 0.310044 0.186686 0.119175 0.073105 0.058558 0.039730 0.025183 0.024859 
0.009682 0.175228 0.294776 0.173745 0.213807 0.045973 0.043371 0.015421 0.020277 0.007720 
0.009781 0.162877 0.305841 0.202971 0.194774 0.042175 0.043419 0.021777 0.011928 0.004457 
0.012106 0.134731 0.214134 0.214863 0.187668 0.093219 0.044402 0.042401 0.027833 0.028644 
0.007105 0.046349 0.183368 0.382637 0.177204 0.033365 0.058268 0.051538 0.030766 0.029401 
0.004140 0.030746 0.151425 0.348670 0.182535 0.141511 0.040770 0.037720 0.044512 0.017971 
0.000014 0.028416 0.234490 0.358284 0.108669 0.093619 0.055160 0.046677 0.048729 0.025942 
0.008043 0.029631 0.168100 0.359924 0.153251 0.108073 0.049026 0.053491 0.033806 0.036655 
0.010444 0.060499 0.205629 0.322522 0.140451 0.107464 0.048888 0.047600 0.019811 0.036693 
0.014218 0.142587 0.396694 0.153928 0.107611 0.054531 0.059704 0.028965 0.019548 0.022212 
0.021584 0.266841 0.218603 0.176324 0.169003 0.062303 0.028128 0.023856 0.018652 0.014705 
0.021111 0.193908 0.249571 0.230226 0.153738 0.056644 0.037497 0.023936 0.016154 0.017214 
0.000604 0.044205 0.154529 0.308012 0.192036 0.100494 0.048511 0.097521 0.024748 0.029340 
0.001091 0.042575 0.136960 0.359940 0.173272 0.111774 0.044620 0.076945 0.027896 0.024929 
0.004343 0.054770 0.216409 0.272053 0.127458 0.133601 0.056536 0.074830 0.036323 0.023677 
0.002897 0.194693 0.409852 0.127624 0.110239 0.060387 0.040620 0.027713 0.016435 0.009541 
0.006539 0.233276 0.255014 0.169372 0.170161 0.056129 0.046207 0.030213 0.019485 0.013603 
0.002201 0.164541 0.300242 0.187211 0.219116 0.053526 0.035110 0.013566 0.017007 0.007479 
0.010544 0.169841 0.276305 0.208466 0.194813 0.061535 0.028545 0.016316 0.017327 0.016308 
0.025949 0.205859 0.251488 0.167778 0.166649 0.072681 0.045248 0.031676 0.018704 0.013967 
0.001585 0.162353 0.269987 0.205712 0.198072 0.052178 0.042176 0.028681 0.019760 0.019496 
0.004402 0.175511 0.267380 0.249185 0.204641 0.044667 0.022414 0.010698 0.011237 0.009864 
0.006423 0.184770 0.273569 0.249847 0.192517 0.041300 0.020284 0.015633 0.007348 0.008310 
0.006389 0.194304 0.277698 0.214539 0.177251 0.060618 0.026237 0.022055 0.011371 0.009538 
0.018391 0.225796 0.298986 0.209250 0.153565 0.055620 0.011297 0.012288 0.007064 0.007742 
0.010797 0.199784 0.268616 0.138645 0.158095 0.080930 0.051912 0.040669 0.034710 0.015843 
0.013407 0.104377 0.176987 0.213945 0.159061 0.114904 0.085484 0.050352 0.057622 0.023860 
0.018843 0.168230 0.257556 0.269950 0.109961 0.053827 0.051544 0.031199 0.022553 0.016338 
0.013722 0.138422 0.214230 0.224829 0.167783 0.081833 0.063508 0.035494 0.038547 0.021632 
0.005838 0.134937 0.266014 0.177481 0.162757 0.102191 0.054209 0.048124 0.031272 0.017178 
0.002414 0.127493 0.238685 0.258146 0.187398 0.061162 0.036596 0.036771 0.023984 0.027350 
0.010358 0.143815 0.237801 0.226567 0.182500 0.094060 0.033591 0.031132 0.024043 0.016131 
0.006862 0.151541 0.225847 0.194871 0.164724 0.080948 0.067224 0.047181 0.032994 0.027808 
0.002119 0.112044 0.289190 0.299913 0.149901 0.043299 0.015183 0.031841 0.028896 0.027614 
0.019605 0.099797 0.277935 0.308306 0.130000 0.049645 0.028774 0.034245 0.034064 0.017630 
0.020610 0.119881 0.345897 0.219565 0.144345 0.040992 0.040836 0.027892 0.025613 0.014370 
0.017083 0.109290 0.345847 0.270061 0.120959 0.034801 0.032623 0.040441 0.014429 0.014467 
0.002126 0.084306 0.546914 0.193317 0.096980 0.027506 0.013446 0.019832 0.009517 0.006057 
0.007989 0.099156 0.451359 0.253764 0.051072 0.048109 0.044519 0.013250 0.018876 0.011907 
0.009547 0.175048 0.157016 0.217784 0.083800 0.093946 0.163565 0.055236 0.030368 0.013689 
0.001614 0.095528 0.164969 0.284667 0.086146 0.055269 0.215886 0.032158 0.053072 0.010691 
0.005770 0.099923 0.197215 0.306156 0.077480 0.096100 0.149076 0.018469 0.040117 0.009695 
0.012335 0.123531 0.187273 0.293510 0.100345 0.074148 0.129713 0.027402 0.034977 0.016765 
0.009183 0.128008 0.207889 0.394987 0.060959 0.040190 0.079000 0.016634 0.033183 0.029967 
0.010215 0.108238 0.204323 0.360070 0.073668 0.042186 0.055267 0.023418 0.026694 0.095921 
0.018794 0.116567 0.165720 0.327499 0.102719 0.049070 0.041514 0.027401 0.029567 0.121149 
0.012601 0.106756 0.139546 0.307167 0.122778 0.064014 0.074249 0.028214 0.047998 0.096678 
0.005452 0.095256 0.140440 0.350395 0.104423 0.048941 0.051257 0.012946 0.046902 0.143989 
0.003960 0.096918 0.101120 0.411228 0.112833 0.048612 0.101893 0.021889 0.032895 0.068650 
0.003098 0.075400 0.122385 0.382069 0.152312 0.028251 0.121561 0.026300 0.035623 0.053002 
0.005810 0.069309 0.131665 0.446090 0.123412 0.049225 0.104602 0.021953 0.023250 0.024686 
0.017441 0.092128 0.103968 0.499770 0.126038 0.028715 0.064902 0.018026 0.016286 0.032727 
0.013915 0.067347 0.107648 0.487534 0.151903 0.037177 0.047313 0.027984 0.021654 0.037525 
0.010799 0.063911 0.068133 0.591254 0.124967 0.037025 0.026961 0.022760 0.030752 0.023438 
0.009794 0.052392 0.122609 0.527383 0.132486 0.042606 0.037374 0.035148 0.026530 0.013677 
0.012135 0.073666 0.139610 0.465603 0.105146 0.075661 0.039682 0.037544 0.026748 0.024205 
0.015491 0.137080 0.146303 0.286652 0.092461 0.038211 0.082545 0.119640 0.032763 0.048854 
0.003963 0.084544 0.107797 0.236108 0.168035 0.047917 0.138218 0.109672 0.029687 0.074058 
0.012051 0.112143 0.132935 0.277085 0.147263 0.035314 0.101912 0.077532 0.023530 0.080236 
0.003591 0.097797 0.172414 0.238492 0.152710 0.047695 0.059732 0.108008 0.027146 0.092414 
0.003039 0.094446 0.155886 0.151131 0.292099 0.067368 0.058475 0.136688 0.019339 0.021530 
0.007258 0.097421 0.291439 0.180660 0.152198 0.025473 0.040679 0.134788 0.032525 0.037558 
0.010700 0.219385 0.168698 0.164026 0.139550 0.058369 0.032083 0.129314 0.032023 0.045852 
0.011458 0.124194 0.138284 0.196141 0.227125 0.052854 0.032242 0.155085 0.039448 0.023168 
0.014697 0.097217 0.160159 0.178561 0.189764 0.059631 0.041823 0.197795 0.038175 0.022177 
0.003995 0.075296 0.203494 0.162871 0.240482 0.040638 0.045878 0.179760 0.036055 0.011530 
0.002222 0.083501 0.187188 0.145262 0.280296 0.039216 0.042166 0.145787 0.051280 0.023083 
0.004140 0.091368 0.220279 0.162052 0.241017 0.061686 0.049780 0.120561 0.030876 0.018241 
0.001440 0.091019 0.208113 0.139060 0.200831 0.089380 0.051130 0.136851 0.050506 0.031669 
0.016091 0.131957 0.220152 0.165068 0.165683 0.073379 0.033543 0.082239 0.085270 0.026617 
0.014594 0.128575 0.215253 0.144413 0.184626 0.081705 0.035540 0.105035 0.074614 0.015644 
0.001068 0.073011 0.197560 0.128535 0.266819 0.077676 0.045859 0.150028 0.044844 0.014600 
0.002910 0.015941 0.153971 0.126630 0.187429 0.089723 0.022796 0.205052 0.128725 0.066823 
0.001460 0.018769 0.175915 0.234208 0.213609 0.102273 0.057018 0.095876 0.075998 0.024875 
0.006766 0.026838 0.198975 0.249726 0.186285 0.111654 0.049501 0.085005 0.052469 0.032781 
0.002708 0.031227 0.224538 0.287071 0.177948 0.083061 0.039717 0.069770 0.052502 0.031458 
0.005191 0.045678 0.217205 0.341170 0.151586 0.064592 0.048625 0.060450 0.037657 0.027845 
0.006509 0.037849 0.134206 0.349345 0.207401 0.101233 0.047852 0.056022 0.019025 0.040558 
0.003282 0.059349 0.192245 0.334461 0.107542 0.061591 0.091988 0.085918 0.042401 0.021222 
0.010827 0.194516 0.270311 0.203258 0.153662 0.052117 0.029263 0.036250 0.034197 0.015601 
0.020688 0.151731 0.272283 0.181840 0.164384 0.094609 0.045616 0.025633 0.024662 0.018554 
0.004045 0.153914 0.269344 0.212316 0.193154 0.056408 0.040863 0.026981 0.022811 0.020164 
0.002891 0.168184 0.271738 0.246177 0.184973 0.040893 0.030942 0.020517 0.020358 0.013328 
0.011047 0.195377 0.242618 0.204499 0.177010 0.055812 0.047467 0.027105 0.023566 0.015499 
0.024795 0.134492 0.313616 0.195153 0.091564 0.031723 0.027099 0.057627 0.092990 0.030942 
0.008551 0.191570 0.222940 0.179666 0.105977 0.178050 0.041281 0.018497 0.041482 0.011985 
0.003133 0.092363 0.223709 0.245833 0.124652 0.206732 0.031011 0.019734 0.036684 0.016148 
0.011744 0.106065 0.178567 0.271670 0.130608 0.180615 0.048193 0.028664 0.025146 0.018727 
0.009518 0.097605 0.183057 0.233000 0.132922 0.187419 0.057044 0.042882 0.028910 0.027642 
0.012070 0.096328 0.150419 0.343657 0.146822 0.146462 0.025587 0.027711 0.030623 0.020320 
0.007136 0.088995 0.195075 0.364031 0.137977 0.113304 0.043165 0.015593 0.026983 0.007740 
0.001654 0.083014 0.214700 0.307203 0.094152 0.167199 0.031996 0.033826 0.050247 0.016010 
0.004329 0.086984 0.163565 0.344439 0.087964 0.178359 0.024240 0.027418 0.058958 0.023743 
0.000410 0.069290 0.165976 0.308461 0.119137 0.188690 0.046376 0.014469 0.057061 0.030130 
0.010538 0.085148 0.121397 0.353414 0.128883 0.161509 0.041277 0.010675 0.053726 0.033433 
0.017383 0.085065 0.109083 0.328722 0.080801 0.162703 0.060804 0.031541 0.105926 0.017972 
0.000170 0.019815 0.128944 0.354091 0.123678 0.144716 0.082377 0.032930 0.083279 0.030000 
0.002358 0.030817 0.165414 0.327271 0.153623 0.140462 0.034920 0.034631 0.067808 0.042696 
0.011116 0.051681 0.158249 0.297450 0.141524 0.114113 0.071466 0.043426 0.082705 0.028270 
0.007908 0.046274 0.208293 0.313721 0.146537 0.047793 0.054038 0.049587 0.079656 0.046193 
0.006776 0.050437 0.094784 0.360191 0.227401 0.089329 0.039816 0.036894 0.066012 0.028360 
0.005582 0.037821 0.177175 0.342367 0.123174 0.133527 0.065617 0.032831 0.047977 0.033929 
0.012206 0.192258 0.234593 0.244998 0.082714 0.046557 0.087159 0.046559 0.038360 0.014596 
0.011202 0.106474 0.138101 0.311366 0.104442 0.065891 0.172019 0.040138 0.029072 0.021296 
0.017730 0.111355 0.186913 0.368720 0.118638 0.046564 0.093145 0.019774 0.023538 0.013625 
0.008869 0.110704 0.235002 0.262824 0.168091 0.052821 0.091794 0.027150 0.034804 0.007941 
0.005474 0.074753 0.161290 0.470615 0.112194 0.051228 0.068748 0.012586 0.030348 0.012765 
0.001107 0.061313 0.228921 0.391542 0.140804 0.038672 0.045928 0.026359 0.047071 0.018281 
0.006026 0.251591 0.242019 0.238025 0.092956 0.035222 0.071670 0.024963 0.030947 0.006583 
0.015456 0.107281 0.164993 0.326802 0.134699 0.066030 0.113662 0.024891 0.036527 0.009661 
0.011652 0.069510 0.168707 0.382246 0.138400 0.053926 0.104923 0.019302 0.037467 0.013866 
0.000755 0.054511 0.177341 0.335275 0.158834 0.080210 0.072482 0.046162 0.053669 0.020761 
0.010511 0.084323 0.182909 0.420753 0.080497 0.042899 0.113031 0.035382 0.021044 0.008651 
0.004244 0.081129 0.235305 0.277419 0.084686 0.036690 0.186462 0.051616 0.026409 0.016040 
0.001029 0.057980 0.202939 0.293357 0.092398 0.076801 0.183519 0.049398 0.031698 0.010880 
0.007737 0.069255 0.217148 0.259020 0.095629 0.076449 0.171780 0.052219 0.043681 0.007083 
0.003915 0.058966 0.214402 0.279183 0.087391 0.095693 0.139932 0.040326 0.063614 0.016578 
0.001450 0.074500 0.282778 0.221961 0.078754 0.119202 0.099771 0.035385 0.067487 0.018712 
0.006027 0.084980 0.228349 0.281260 0.088206 0.102904 0.056468 0.041567 0.077955 0.032284 
0.001830 0.024747 0.118343 0.329515 0.155178 0.088627 0.097541 0.054454 0.086995 0.042771 
0.012003 0.053362 0.241547 0.222056 0.150289 0.073158 0.081261 0.073265 0.066676 0.026383 
0.015310 0.067148 0.195316 0.256288 0.133526 0.112009 0.090099 0.049611 0.054956 0.025737 
0.003087 0.025719 0.236021 0.325573 0.160738 0.037940 0.080466 0.056251 0.038308 0.035896 
0.011729 0.058968 0.118284 0.377628 0.177540 0.113512 0.051722 0.025872 0.038283 0.026463 
0.007480 0.036191 0.171520 0.376525 0.136456 0.101940 0.060854 0.048179 0.023541 0.037315 
0.003407 0.019714 0.143429 0.364821 0.202226 0.094425 0.051651 0.040555 0.041600 0.038171 
0.001351 0.026904 0.072348 0.372125 0.166016 0.106275 0.062091 0.077663 0.070409 0.044819 
0.004661 0.026707 0.168483 0.352981 0.129090 0.059262 0.078023 0.037428 0.090261 0.053103 
0.009626 0.056068 0.224710 0.217181 0.222836 0.078526 0.060635 0.041937 0.070124 0.018359 
0.000134 0.016844 0.314031 0.181285 0.295570 0.085252 0.038409 0.030297 0.022465 0.015714 
0.008800 0.036499 0.488464 0.178464 0.160759 0.029430 0.023047 0.016605 0.042481 0.015450 
0.008728 0.210581 0.219723 0.164192 0.048594 0.069628 0.137049 0.058123 0.073989 0.009393 
0.010249 0.091304 0.153313 0.205310 0.088363 0.048022 0.235380 0.044677 0.108962 0.014420 
0.001712 0.068197 0.187180 0.217736 0.103376 0.064505 0.144130 0.048640 0.137624 0.026900 
0.001669 0.055009 0.235765 0.266827 0.135712 0.065327 0.054359 0.015027 0.131942 0.038364 
0.005677 0.060175 0.233828 0.297411 0.086757 0.065777 0.054209 0.022700 0.071181 0.102286 
0.002700 0.053173 0.196147 0.316568 0.037472 0.051357 0.101616 0.032427 0.050656 0.157885 
0.010440 0.067261 0.139259 0.295801 0.043987 0.034307 0.114996 0.038163 0.076839 0.178947 
0.002154 0.055841 0.189889 0.248679 0.078144 0.038372 0.146841 0.043396 0.048117 0.148566 
0.001146 0.044535 0.153562 0.200343 0.125355 0.047282 0.130847 0.045976 0.048743 0.202210 
0.002634 0.047242 0.168034 0.233251 0.146011 0.041615 0.056420 0.013071 0.037911 0.253812 
0.006466 0.055055 0.143495 0.235869 0.091368 0.020897 0.078991 0.044457 0.062554 0.260848 
0.003008 0.032965 0.144051 0.222569 0.141118 0.064554 0.128215 0.030422 0.049221 0.183877 
0.001593 0.030016 0.172197 0.241722 0.118672 0.033438 0.163437 0.041804 0.030978 0.166142 
0.010205 0.053099 0.142085 0.373877 0.088420 0.080292 0.101582 0.026948 0.052705 0.070787 
0.014888 0.100510 0.249967 0.245535 0.122530 0.048826 0.065045 0.038086 0.072484 0.042130 
0.007158 0.044025 0.121296 0.403913 0.180394 0.062645 0.048559 0.042359 0.060223 0.029428 
0.006203 0.033126 0.216914 0.343985 0.115723 0.092359 0.080726 0.035770 0.041576 0.033617 
0.008372 0.069737 0.282302 0.241286 0.114897 0.025036 0.096182 0.085474 0.037378 0.039336 
0.006706 0.125233 0.137735 0.180456 0.101999 0.059305 0.121124 0.195503 0.023441 0.048499 
0.001048 0.074051 0.198188 0.152161 0.103317 0.047611 0.183447 0.146988 0.025755 0.067433 
0.001495 0.077495 0.229897 0.150481 0.060208 0.044286 0.232115 0.095780 0.031657 0.076586 
0.004249 0.084257 0.196900 0.219787 0.081601 0.051790 0.126107 0.102734 0.050875 0.081699 
0.001751 0.079113 0.202215 0.118468 0.198610 0.025454 0.084871 0.233095 0.030858 0.025565 
0.000314 0.262928 0.197848 0.098470 0.138653 0.029810 0.073680 0.156720 0.028733 0.012845 
0.000411 0.150378 0.169393 0.167143 0.131340 0.022481 0.087514 0.214111 0.030545 0.026684 
0.003817 0.079740 0.178840 0.132363 0.170772 0.032606 0.088355 0.213313 0.056433 0.043761 
0.001206 0.050902 0.188064 0.152642 0.236848 0.043269 0.052433 0.189538 0.045192 0.039906 
0.001352 0.058962 0.204154 0.113250 0.228247 0.048640 0.057268 0.229214 0.034074 0.024840 
0.001337 0.087633 0.272904 0.100207 0.207271 0.018050 0.033399 0.228793 0.027205 0.023202 
0.002859 0.076282 0.225642 0.091520 0.236206 0.034779 0.069953 0.197140 0.031802 0.033816 
0.006433 0.077110 0.146883 0.071239 0.182851 0.030062 0.075668 0.294108 0.068850 0.046796 
0.004843 0.074965 0.149331 0.136726 0.188719 0.023304 0.062453 0.256268 0.061651 0.041741 
0.000657 0.067351 0.202947 0.108732 0.267607 0.022445 0.029362 0.217794 0.056406 0.026700 
0.002508 0.067097 0.183232 0.125516 0.236589 0.007463 0.020429 0.291848 0.045721 0.019598 
0.000156 0.062172 0.138509 0.125314 0.334270 0.034956 0.055519 0.199655 0.033570 0.015880 
0.006390 0.058395 0.101057 0.234182 0.223917 0.088617 0.046055 0.163981 0.041960 0.035447 
0.007577 0.066323 0.154118 0.167972 0.263433 0.048648 0.082822 0.147966 0.034171 0.026970 
0.006295 0.060625 0.134004 0.202407 0.235788 0.088148 0.057156 0.166961 0.030241 0.018376 
0.001119 0.041329 0.155277 0.242178 0.233718 0.056026 0.056683 0.129479 0.056741 0.027450 
0.007172 0.043921 0.130875 0.240176 0.252602 0.065148 0.027661 0.156259 0.048380 0.027805 
0.017139 0.160295 0.209787 0.230290 0.138492 0.058847 0.044969 0.072931 0.038639 0.028610 
0.015259 0.151191 0.268907 0.180974 0.155443 0.060171 0.034922 0.075285 0.034117 0.023731 
0.002532 0.120650 0.269911 0.284290 0.144771 0.054931 0.018281 0.053749 0.018068 0.032818 
0.006562 0.123618 0.296860 0.239320 0.130531 0.049239 0.031426 0.050985 0.033912 0.037547 
0.015131 0.170803 0.245678 0.187453 0.139825 0.066601 0.039903 0.062092 0.049510 0.023006 
0.006752 0.137803 0.347082 0.222668 0.125032 0.065930 0.024345 0.034737 0.020468 0.015184 
0.024775 0.258834 0.350176 0.141314 0.116588 0.037837 0.020009 0.025072 0.018194 0.007203 
0.031291 0.260451 0.294935 0.147835 0.101254 0.034352 0.046859 0.049072 0.015061 0.018890 
0.006798 0.195946 0.372672 0.180869 0.091431 0.022817 0.055829 0.027151 0.022506 0.023981 
0.007021 0.213780 0.428185 0.173994 0.060896 0.028406 0.035226 0.022580 0.012482 0.017429 
0.000323 0.204240 0.431296 0.193378 0.069960 0.028223 0.030452 0.020400 0.010189 0.011540 
0.008009 0.207910 0.404272 0.196610 0.061364 0.037652 0.034120 0.025535 0.010782 0.013747 
0.022429 0.217805 0.250520 0.202441 0.098438 0.045401 0.065467 0.052458 0.020759 0.024283 
0.025603 0.207310 0.308703 0.149224 0.088833 0.074172 0.060815 0.054259 0.014090 0.016991 
0.002946 0.139355 0.408425 0.152832 0.112869 0.065732 0.049105 0.048122 0.011987 0.008627 
0.008296 0.179099 0.453411 0.149119 0.096129 0.036131 0.021047 0.034742 0.011829 0.010198 
0.009016 0.186065 0.443103 0.187946 0.068000 0.031194 0.038357 0.014738 0.006554 0.015028 
0.013440 0.089306 0.289564 0.289130 0.132928 0.053601 0.057122 0.024183 0.025346 0.025381 
0.008824 0.075601 0.156321 0.260353 0.222636 0.077222 0.078388 0.059592 0.027491 0.033571 
0.001080 0.030210 0.187505 0.311846 0.219168 0.060808 0.089975 0.040628 0.024045 0.034736 
0.006018 0.042616 0.276538 0.320610 0.145704 0.060772 0.068949 0.022699 0.033190 0.022905 
0.016550 0.097087 0.223920 0.311575 0.153422 0.036540 0.065171 0.040922 0.038472 0.016340 
0.001238 0.056879 0.175154 0.316840 0.190424 0.082339 0.074964 0.035096 0.047699 0.019366 
0.004622 0.141368 0.306836 0.275520 0.112169 0.062766 0.012872 0.043638 0.022970 0.017240 
0.007270 0.231403 0.250438 0.169869 0.102916 0.080638 0.058993 0.042301 0.028468 0.027703 
0.026266 0.191573 0.233846 0.233327 0.114206 0.066690 0.055155 0.023970 0.028137 0.026830 
0.013001 0.149805 0.307093 0.284906 0.083688 0.057872 0.032497 0.021848 0.028777 0.020513 
0.004783 0.130239 0.329873 0.281608 0.095748 0.062064 0.036785 0.013458 0.020318 0.025123 
0.011734 0.165937 0.312734 0.243301 0.090198 0.073616 0.031979 0.027874 0.025045 0.017582 
0.009906 0.196533 0.449235 0.090999 0.096413 0.055575 0.054429 0.022866 0.011474 0.012570 
0.004691 0.264851 0.255712 0.109811 0.148505 0.076124 0.067995 0.047667 0.011537 0.013108 
0.010711 0.182859 0.243898 0.173751 0.173656 0.093378 0.045376 0.039617 0.017903 0.018852 
0.001692 0.156255 0.267288 0.229851 0.192478 0.061504 0.044144 0.018131 0.012730 0.015927 
0.004270 0.161074 0.251238 0.261491 0.182833 0.049747 0.039800 0.016453 0.019490 0.013605 
0.006666 0.176108 0.268967 0.217149 0.167187 0.059634 0.041217 0.024302 0.022261 0.016509 
0.001089 0.154333 0.336849 0.151694 0.114374 0.072208 0.061389 0.067986 0.012193 0.027886 
0.009283 0.123076 0.339990 0.155326 0.080531 0.098479 0.069974 0.066724 0.024328 0.032289 
0.026480 0.203556 0.238712 0.217574 0.104190 0.068089 0.061355 0.043947 0.012373 0.023725 
0.019201 0.361693 0.300059 0.146168 0.072618 0.037579 0.028842 0.013902 0.008847 0.011092 
0.016605 0.264552 0.269516 0.138974 0.127388 0.068874 0.050795 0.028849 0.020741 0.013706 
0.019493 0.101776 0.164677 0.180222 0.156011 0.107087 0.111279 0.080958 0.048507 0.029989 
0.003028 0.133184 0.283954 0.197052 0.110934 0.099178 0.059465 0.053409 0.030837 0.028959 
0.007708 0.107104 0.299813 0.230205 0.120002 0.084145 0.055612 0.044890 0.024029 0.026492 
0.004292 0.124294 0.268367 0.166298 0.154799 0.092858 0.071115 0.048434 0.028846 0.040698 
0.008528 0.134723 0.268957 0.254235 0.154873 0.056789 0.033989 0.033635 0.029445 0.024826 
0.003818 0.128476 0.304078 0.232207 0.137941 0.070206 0.031426 0.035593 0.028110 0.028145 
0.022999 0.200538 0.315191 0.200400 0.104326 0.057559 0.036132 0.025045 0.016248 0.021561 
0.027968 0.207733 0.191780 0.166623 0.138644 0.083742 0.059282 0.079489 0.024004 0.020736 
0.010703 0.157293 0.220138 0.232882 0.102264 0.092874 0.064384 0.065881 0.027065 0.026517 
0.004319 0.139483 0.272811 0.292732 0.079464 0.049686 0.055602 0.039044 0.028814 0.038046 
0.019536 0.210812 0.219902 0.269525 0.124978 0.059268 0.034840 0.023750 0.011831 0.025557 
0.006252 0.168400 0.296778 0.281912 0.093656 0.055252 0.027721 0.030614 0.014148 0.025267 
0.020967 0.127258 0.406224 0.231061 0.054740 0.041571 0.043651 0.022928 0.039449 0.012151 
0.025711 0.182961 0.102942 0.206964 0.061312 0.064865 0.203282 0.061267 0.068304 0.022393 
0.016050 0.112276 0.128677 0.213657 0.076812 0.080656 0.187208 0.052477 0.106718 0.025469 
0.009887 0.127789 0.147716 0.205269 0.102468 0.081196 0.134941 0.015894 0.133869 0.040972 
0.018679 0.168719 0.192365 0.228359 0.130521 0.043636 0.084760 0.022406 0.086776 0.023780 
0.017048 0.149941 0.127268 0.280241 0.069539 0.055186 0.058894 0.036933 0.067330 0.137621 
0.007583 0.130377 0.123780 0.255483 0.071685 0.055292 0.065288 0.019385 0.045810 0.225318 
0.003615 0.104752 0.131545 0.202308 0.070847 0.056010 0.068712 0.030619 0.058732 0.272861 
0.001791 0.098915 0.145085 0.186810 0.087159 0.048097 0.095574 0.030457 0.055516 0.250596 
0.009302 0.107502 0.142377 0.165112 0.102987 0.058868 0.089680 0.039176 0.078403 0.206594 
0.007428 0.103406 0.135118 0.220290 0.116912 0.067592 0.080182 0.016669 0.039677 0.212726 
0.003763 0.094229 0.141985 0.261910 0.131668 0.025666 0.098018 0.025807 0.035535 0.181419 
0.002126 0.059050 0.137245 0.258600 0.131372 0.070041 0.150435 0.061705 0.024095 0.105332 
0.000805 0.067311 0.125496 0.265947 0.110140 0.067571 0.170947 0.034910 0.037833 0.119042 
0.001636 0.057658 0.107523 0.315999 0.090021 0.049874 0.152313 0.067009 0.050989 0.106978 
0.000476 0.046928 0.126380 0.317645 0.112492 0.042285 0.136242 0.055541 0.053980 0.108033 
0.009252 0.080518 0.071623 0.316291 0.137571 0.066969 0.167162 0.041785 0.041520 0.067309 
0.005335 0.030652 0.138213 0.375598 0.097244 0.066367 0.146112 0.043395 0.032027 0.065057 
0.019810 0.210464 0.101608 0.209962 0.100994 0.058633 0.068590 0.139380 0.054270 0.036289 
0.009515 0.092801 0.133014 0.180057 0.155830 0.052948 0.069712 0.197533 0.058687 0.049903 
0.002717 0.107097 0.143661 0.190995 0.163814 0.093382 0.107356 0.089219 0.043982 0.057777 
0.001787 0.103083 0.186509 0.207110 0.172499 0.075119 0.059721 0.120998 0.016885 0.056289 
0.001948 0.116737 0.210965 0.173078 0.210493 0.072806 0.042186 0.116080 0.033121 0.022587 
0.005335 0.086991 0.377677 0.153525 0.156523 0.040963 0.058992 0.081529 0.026579 0.011888 
0.004961 0.272572 0.213698 0.138203 0.173856 0.040739 0.030885 0.081290 0.026473 0.017324 
0.002867 0.143299 0.182218 0.154071 0.175836 0.084693 0.061634 0.113479 0.051587 0.030317 
0.003440 0.107821 0.200662 0.124997 0.252218 0.077341 0.033825 0.109120 0.069657 0.020919 
0.000336 0.113418 0.219440 0.149202 0.300406 0.039657 0.044671 0.075248 0.042232 0.015390 
0.000608 0.134753 0.216961 0.223318 0.230001 0.028633 0.028046 0.091604 0.032791 0.013284 
0.012823 0.167482 0.207060 0.170487 0.222497 0.048737 0.022035 0.091856 0.039719 0.017303 
0.000951 0.130400 0.172467 0.160519 0.240677 0.072892 0.054085 0.088199 0.049125 0.030685 
0.014548 0.143938 0.178951 0.122045 0.224776 0.082928 0.049204 0.073349 0.090142 0.020120 
0.005645 0.116194 0.181723 0.130295 0.182333 0.070570 0.026368 0.103422 0.148643 0.034808 
0.002135 0.079703 0.185094 0.086510 0.153328 0.095434 0.048230 0.166970 0.149879 0.032718 
0.003573 0.038112 0.109452 0.087199 0.286888 0.094039 0.042387 0.220974 0.093772 0.023601 
0.002906 0.024828 0.149760 0.268518 0.208389 0.105878 0.057251 0.095553 0.059849 0.027067 
0.002640 0.024213 0.205052 0.246421 0.224209 0.069698 0.050837 0.101627 0.043522 0.031780 
0.002402 0.015622 0.152774 0.330452 0.189239 0.118247 0.066237 0.049688 0.051670 0.023668 
0.001200 0.043368 0.158716 0.352884 0.153134 0.076672 0.056041 0.062303 0.057076 0.038606 
0.000648 0.042710 0.105718 0.384613 0.176517 0.087708 0.054643 0.070986 0.039332 0.037124 
0.004578 0.024423 0.163972 0.389338 0.126246 0.103610 0.069574 0.054725 0.034859 0.028675 
0.007967 0.165234 0.346068 0.216750 0.105027 0.051718 0.043513 0.030842 0.019591 0.013289 
0.004905 0.179383 0.232422 0.239610 0.175179 0.064495 0.033941 0.037302 0.020001 0.012762 
0.016799 0.192520 0.231237 0.224915 0.201311 0.055361 0.025725 0.025650 0.019730 0.006751 
