Lay-all-your-love-one-me,ABBA
0.000000 0.000000 0.000000 0.000000 0.000000 0.000000 0.000000 0.000000 0.000000 0.000000 
0.000000 0.000000 0.000000 0.000000 0.000000 0.000000 0.000000 0.000000 0.000000 0.000000 
0.000000 0.000000 0.000000 0.000000 0.000000 0.000000 0.000000 0.000000 0.000000 0.000000 
0.000000 0.000000 0.000000 0.000000 0.000000 0.000000 0.000000 0.000000 0.000000 0.000000 
0.000000 0.000000 0.000000 0.000000 0.000000 0.000000 0.000000 0.000000 0.000000 0.000000 
0.000000 0.000000 0.000000 0.000000 0.000000 0.000000 0.000000 0.000000 0.000000 0.000000 
0.000000 0.000000 0.000000 0.000000 0.000000 0.000000 0.000000 0.000000 0.000000 0.000000 
0.000000 0.000000 0.000000 0.000000 0.000000 0.000000 0.000000 0.000000 0.000000 0.000000 
0.000000 0.000000 0.000000 0.000000 0.000000 0.000000 0.000000 0.000000 0.000000 0.000000 
0.000000 0.000000 0.000000 0.000000 0.000000 0.000000 0.000000 0.000000 0.000000 0.000000 
0.000000 0.000000 0.000000 0.000000 0.000000 0.000000 0.000000 0.000000 0.000000 0.000000 
0.000000 0.000000 0.000000 0.000000 0.000000 0.000000 0.000000 0.000000 0.000000 0.000000 
0.000000 0.000000 0.000000 0.000000 0.000000 0.000000 0.000000 0.000000 0.000000 0.000000 
0.000000 0.000000 0.000000 0.000000 0.000000 0.000000 0.000000 0.000000 0.000000 0.000000 
0.000000 0.000000 0.000000 0.000000 0.000000 0.000000 0.000000 0.000000 0.000000 0.000000 
0.000000 0.000000 0.000000 0.000000 0.000000 0.000000 0.000000 0.000000 0.000000 0.000000 
0.000000 0.000000 0.000000 0.000000 0.000000 0.000000 0.000000 0.000000 0.000000 0.000000 
0.000000 0.000000 0.000000 0.000000 0.000000 0.000000 0.000000 0.000000 0.000000 0.000000 
0.000000 0.000000 0.000000 0.000000 0.000000 0.000000 0.000000 0.000000 0.000000 0.000000 
0.000000 0.000000 0.000000 0.000000 0.000000 0.000000 0.000000 0.000000 0.000000 0.000000 
0.000000 0.000000 0.000000 0.000000 0.000000 0.000000 0.000000 0.000000 0.000000 0.000000 
0.000000 0.000000 0.000000 0.000000 0.000000 0.000000 0.000000 0.000000 0.000000 0.000000 
0.000000 0.000000 0.000000 0.000000 0.000000 0.000000 0.000000 0.000000 0.000000 0.000000 
0.009555 0.029842 0.107111 0.211504 0.260708 0.058642 0.091000 0.103127 0.077586 0.050924 
0.008791 0.044514 0.143477 0.212146 0.109665 0.142043 0.090751 0.137081 0.053484 0.058047 
0.011364 0.043740 0.127183 0.296191 0.184884 0.099962 0.070762 0.080735 0.061649 0.023531 
0.000672 0.014309 0.216648 0.302037 0.169297 0.053326 0.061683 0.111053 0.046451 0.024525 
0.005412 0.030892 0.217987 0.232347 0.186482 0.101498 0.077439 0.109341 0.022336 0.016266 
0.005044 0.034890 0.285244 0.254062 0.078244 0.090767 0.081404 0.104995 0.042937 0.022412 
0.000139 0.015601 0.271120 0.233604 0.090915 0.037640 0.109606 0.160438 0.033265 0.047674 
0.010216 0.053593 0.224666 0.160947 0.095484 0.030230 0.151785 0.157893 0.053692 0.061494 
0.003871 0.028547 0.233088 0.198360 0.070619 0.101600 0.106109 0.152922 0.048135 0.056750 
0.009391 0.049916 0.220857 0.210188 0.053239 0.120930 0.103291 0.130000 0.055565 0.046623 
0.008189 0.045704 0.247337 0.193424 0.105000 0.041454 0.052958 0.176518 0.080654 0.048762 
0.007216 0.029199 0.197352 0.190608 0.162380 0.036729 0.125973 0.160976 0.041654 0.047913 
0.002575 0.012047 0.171165 0.222040 0.191540 0.084546 0.159334 0.112337 0.019746 0.024671 
0.009932 0.042954 0.133571 0.254173 0.202888 0.062431 0.092140 0.097667 0.036360 0.067884 
0.004908 0.027345 0.157178 0.332836 0.217039 0.030412 0.061096 0.091857 0.021045 0.056283 
0.015174 0.066078 0.174450 0.293052 0.145515 0.043276 0.044375 0.118636 0.048705 0.050738 
0.002392 0.010822 0.175052 0.292599 0.153470 0.072816 0.060147 0.142573 0.054190 0.035940 
0.003448 0.020654 0.164804 0.247861 0.126326 0.103820 0.042032 0.202699 0.064390 0.023967 
0.001705 0.015000 0.160603 0.208634 0.127113 0.071778 0.114579 0.209696 0.044191 0.046701 
0.003798 0.012722 0.186140 0.178123 0.047566 0.086324 0.142566 0.215699 0.083273 0.043790 
0.009575 0.042645 0.145028 0.218729 0.170744 0.085957 0.057620 0.155456 0.052761 0.061485 
0.003727 0.058908 0.163253 0.128479 0.137748 0.068811 0.095995 0.241087 0.056335 0.045658 
0.003863 0.021833 0.112543 0.147136 0.190907 0.055485 0.124936 0.213350 0.082366 0.047581 
0.009846 0.046528 0.226839 0.136684 0.186460 0.038575 0.104378 0.168974 0.036897 0.044819 
0.013773 0.060963 0.235478 0.144877 0.213866 0.054774 0.084128 0.089846 0.044389 0.057906 
0.006382 0.045018 0.267054 0.143751 0.186685 0.025646 0.083738 0.168207 0.038285 0.035234 
0.002965 0.034939 0.214504 0.144986 0.105619 0.058603 0.135858 0.228934 0.048406 0.025186 
0.007810 0.043199 0.231916 0.158925 0.103890 0.059424 0.146149 0.173008 0.044595 0.031083 
0.004717 0.026714 0.217183 0.139457 0.104032 0.101078 0.128093 0.168097 0.057412 0.053217 
0.002078 0.018274 0.191170 0.134098 0.149173 0.129550 0.071781 0.197594 0.047277 0.059007 
0.004979 0.029331 0.165029 0.179947 0.167585 0.112143 0.050986 0.180977 0.052772 0.056251 
0.002195 0.016320 0.146455 0.173681 0.142484 0.091268 0.185031 0.154851 0.047095 0.040620 
0.002954 0.024524 0.103251 0.164122 0.101946 0.079242 0.235344 0.165602 0.077854 0.045161 
0.006304 0.026066 0.082790 0.239193 0.132227 0.085297 0.183612 0.132111 0.055283 0.057118 
0.001704 0.016543 0.088020 0.314462 0.211916 0.075742 0.107543 0.102104 0.042942 0.039025 
0.009505 0.035758 0.095320 0.209645 0.179068 0.105642 0.106218 0.186567 0.050182 0.022095 
0.010283 0.045111 0.098712 0.127281 0.207218 0.114250 0.114315 0.225716 0.034912 0.022202 
0.001788 0.019166 0.107231 0.123552 0.269432 0.057168 0.137638 0.227237 0.031885 0.024904 
0.001496 0.019133 0.135261 0.171175 0.197206 0.051127 0.130709 0.198970 0.034785 0.060138 
0.003726 0.031024 0.203321 0.174414 0.087486 0.063131 0.104949 0.199455 0.034949 0.097544 
0.010036 0.066359 0.268210 0.189294 0.109403 0.053532 0.115393 0.093997 0.042788 0.050989 
0.011181 0.074743 0.181843 0.224517 0.139343 0.062249 0.123513 0.079859 0.055815 0.046937 
0.003555 0.022595 0.228238 0.144848 0.116028 0.101720 0.133805 0.127967 0.065815 0.055430 
0.000947 0.015883 0.222933 0.241923 0.108630 0.058894 0.086538 0.139951 0.079416 0.044886 
0.000496 0.009932 0.158637 0.274557 0.148284 0.123043 0.116712 0.098678 0.034391 0.035270 
0.000706 0.015435 0.142696 0.220151 0.197046 0.110103 0.149953 0.067015 0.059080 0.037815 
0.001883 0.007854 0.149437 0.136714 0.227480 0.108899 0.210344 0.089641 0.032969 0.034779 
0.000183 0.009853 0.113564 0.179324 0.221518 0.067160 0.184406 0.123922 0.042372 0.057698 
0.001345 0.016929 0.128042 0.142919 0.187301 0.065754 0.247435 0.084640 0.055325 0.070310 
0.000397 0.009309 0.135826 0.244508 0.106622 0.054010 0.174208 0.086042 0.092949 0.096129 
0.000255 0.039414 0.230103 0.175612 0.190924 0.037536 0.153487 0.111235 0.043708 0.017727 
0.002760 0.016798 0.167352 0.151501 0.153639 0.066016 0.200540 0.143515 0.053406 0.044472 
0.002958 0.024091 0.170444 0.123871 0.145952 0.075054 0.125566 0.155568 0.099707 0.076789 
0.000564 0.009718 0.280108 0.118382 0.220459 0.062874 0.101956 0.110833 0.054194 0.040912 
0.009028 0.035350 0.252247 0.103028 0.316801 0.080509 0.052152 0.056707 0.060048 0.034130 
0.010153 0.042304 0.188651 0.049018 0.274941 0.056095 0.116183 0.158242 0.054928 0.049484 
0.006673 0.028960 0.167968 0.094674 0.226099 0.036434 0.104629 0.211644 0.052640 0.070279 
0.005763 0.028141 0.234267 0.086857 0.230448 0.051191 0.114387 0.121151 0.078622 0.049173 
0.007496 0.040782 0.250015 0.074023 0.158655 0.076310 0.098596 0.165586 0.076565 0.051972 
0.003631 0.023754 0.282825 0.064982 0.198300 0.097723 0.040278 0.223625 0.033198 0.031683 
0.008376 0.055824 0.206248 0.195597 0.185704 0.076196 0.069164 0.109822 0.059325 0.033744 
0.012316 0.069834 0.219429 0.118822 0.247498 0.045745 0.096144 0.105212 0.042749 0.042251 
0.000127 0.026149 0.186967 0.109570 0.313033 0.060397 0.082712 0.137955 0.031741 0.051350 
0.014331 0.048016 0.217149 0.076924 0.304270 0.071038 0.088929 0.136990 0.019331 0.023020 
0.005861 0.027370 0.163212 0.070170 0.202841 0.165827 0.097906 0.201781 0.027550 0.037482 
0.000735 0.009599 0.091347 0.097273 0.227997 0.175193 0.101661 0.220057 0.039875 0.036263 
0.002859 0.012209 0.121084 0.081104 0.271171 0.130342 0.124481 0.179336 0.053770 0.023643 
0.003444 0.021124 0.082457 0.088711 0.248209 0.147861 0.095767 0.173985 0.079949 0.058492 
0.004775 0.034478 0.091840 0.085026 0.216219 0.080725 0.129086 0.208622 0.076038 0.073191 
0.000871 0.019204 0.117720 0.131742 0.074310 0.145434 0.177709 0.228233 0.035901 0.068877 
0.007144 0.075775 0.161200 0.096914 0.221428 0.057962 0.101279 0.125351 0.084174 0.068774 
0.007408 0.041983 0.171879 0.110540 0.191911 0.062852 0.066268 0.138029 0.151212 0.057918 
0.006939 0.033036 0.159214 0.102612 0.287342 0.100969 0.056701 0.094322 0.127560 0.031306 
0.003182 0.047486 0.151034 0.108638 0.269366 0.130415 0.067951 0.032299 0.116985 0.072645 
0.003014 0.036932 0.108604 0.087690 0.202259 0.162869 0.072055 0.086368 0.182630 0.057579 
0.006934 0.039740 0.135856 0.101475 0.166578 0.142941 0.070424 0.094793 0.175926 0.065334 
0.003084 0.042319 0.178270 0.133660 0.220586 0.144489 0.083147 0.052134 0.096627 0.045684 
0.008047 0.051807 0.165123 0.192706 0.180659 0.110344 0.072955 0.073946 0.101506 0.042906 
0.005343 0.039714 0.141099 0.228243 0.205684 0.114223 0.057295 0.064669 0.112038 0.031691 
0.001676 0.031389 0.122491 0.217658 0.209126 0.056170 0.045995 0.046428 0.229636 0.039432 
0.005283 0.071106 0.159287 0.178902 0.250131 0.050777 0.027343 0.068474 0.141028 0.047669 
0.010503 0.054713 0.155998 0.196904 0.226480 0.072055 0.065804 0.090112 0.079159 0.048272 
0.004526 0.047553 0.146537 0.187012 0.197754 0.058194 0.111905 0.102674 0.086414 0.057432 
0.018048 0.093782 0.139467 0.250605 0.204491 0.047898 0.079891 0.081775 0.041030 0.043013 
0.018921 0.106877 0.179165 0.198717 0.166506 0.053160 0.104008 0.077456 0.063529 0.031660 
0.016759 0.084182 0.164167 0.227094 0.112291 0.096100 0.058196 0.142454 0.063188 0.035569 
0.008060 0.048390 0.200201 0.267442 0.182146 0.079510 0.059366 0.074065 0.044303 0.036516 
0.009647 0.056147 0.125111 0.258779 0.152912 0.071083 0.163940 0.069749 0.055043 0.037590 
0.007295 0.048951 0.118972 0.241052 0.127655 0.044460 0.154862 0.145875 0.051578 0.059299 
0.002432 0.024140 0.092373 0.251825 0.166716 0.030216 0.164921 0.154592 0.056302 0.056483 
0.003729 0.016806 0.091099 0.209623 0.156060 0.053657 0.132645 0.190106 0.086826 0.059447 
0.006982 0.038805 0.124704 0.173369 0.238029 0.086327 0.107705 0.130311 0.042621 0.051148 
0.005333 0.046853 0.188991 0.150374 0.321989 0.081399 0.102048 0.051519 0.031467 0.020028 
0.012817 0.074492 0.145127 0.149540 0.259993 0.119955 0.057328 0.101727 0.045205 0.033817 
0.013019 0.066529 0.108955 0.103976 0.230780 0.131543 0.103650 0.165816 0.045021 0.030712 
0.001335 0.027854 0.115845 0.100121 0.287884 0.117160 0.111213 0.152129 0.062078 0.024381 
0.004483 0.035213 0.110803 0.158670 0.307480 0.083065 0.132759 0.109863 0.032547 0.025117 
0.006380 0.053602 0.157933 0.138967 0.262785 0.078332 0.069970 0.128075 0.047405 0.056551 
0.009376 0.052429 0.146646 0.141924 0.203416 0.054237 0.092939 0.199485 0.045068 0.054480 
0.005533 0.037307 0.158576 0.178093 0.186169 0.086163 0.079560 0.170555 0.051270 0.046773 
0.006557 0.045574 0.166523 0.218524 0.201410 0.078715 0.065053 0.153360 0.036424 0.027860 
0.001674 0.034567 0.184981 0.202782 0.202863 0.051970 0.055789 0.175597 0.058541 0.031235 
0.014948 0.084871 0.163085 0.169751 0.196434 0.052815 0.123729 0.108152 0.051858 0.034357 
0.017458 0.090473 0.156344 0.158626 0.217272 0.083637 0.099710 0.091666 0.027211 0.057603 
0.005207 0.041218 0.214780 0.162918 0.247882 0.093222 0.043156 0.112570 0.036470 0.042577 
0.000799 0.044681 0.238918 0.238900 0.194521 0.065893 0.085324 0.077781 0.023312 0.029871 
0.002145 0.046038 0.202545 0.182048 0.225392 0.073758 0.109839 0.093338 0.031290 0.033608 
0.004055 0.048850 0.176500 0.131589 0.221337 0.079299 0.152189 0.091168 0.042520 0.052494 
0.011774 0.065811 0.171676 0.143511 0.277681 0.051088 0.091475 0.090088 0.030683 0.066213 
0.010057 0.058035 0.153704 0.082491 0.250763 0.105059 0.094916 0.127499 0.069823 0.047652 
0.010190 0.054747 0.142278 0.092398 0.232463 0.137620 0.056112 0.164667 0.064759 0.044767 
0.005072 0.040346 0.167910 0.113395 0.202486 0.128243 0.086077 0.184180 0.037747 0.034545 
0.002251 0.026729 0.128754 0.139206 0.276784 0.106668 0.066624 0.186789 0.032888 0.033307 
0.011424 0.060244 0.103136 0.124480 0.273140 0.076572 0.056310 0.209858 0.050153 0.034683 
0.009783 0.049531 0.104383 0.088346 0.265736 0.101988 0.088180 0.178327 0.067554 0.046173 
0.000098 0.014137 0.094213 0.118860 0.266524 0.124856 0.106524 0.165485 0.054177 0.055126 
0.000404 0.021153 0.043740 0.167885 0.206214 0.187451 0.174580 0.128969 0.025065 0.044539 
0.001150 0.010099 0.056694 0.189540 0.167336 0.215974 0.061226 0.203739 0.071901 0.022342 
0.001080 0.028700 0.090281 0.194675 0.134436 0.129498 0.058810 0.243915 0.082855 0.035750 
0.004303 0.019336 0.062717 0.187164 0.083860 0.106738 0.089693 0.333519 0.074154 0.038516 
0.000875 0.015023 0.100267 0.250798 0.207421 0.048076 0.055324 0.226316 0.065548 0.030352 
0.009220 0.127899 0.210789 0.153417 0.146129 0.056426 0.061256 0.154186 0.042190 0.038489 
0.002203 0.065252 0.153879 0.173770 0.215561 0.120192 0.102823 0.087711 0.025134 0.053475 
0.018842 0.088632 0.176501 0.223389 0.163119 0.062242 0.091631 0.096853 0.015763 0.063028 
0.010905 0.043224 0.144532 0.250471 0.113818 0.117518 0.110541 0.142554 0.025823 0.040613 
0.005097 0.024247 0.093260 0.242739 0.190434 0.154845 0.072647 0.153527 0.026822 0.036381 
0.003790 0.033717 0.133287 0.256981 0.223945 0.131074 0.087493 0.085973 0.028699 0.015041 
0.007464 0.048513 0.105047 0.264962 0.181248 0.104566 0.080398 0.086435 0.027619 0.093747 
0.004110 0.021951 0.166709 0.251704 0.120252 0.041122 0.109834 0.120902 0.032234 0.131183 
0.008284 0.035620 0.149488 0.217124 0.177735 0.028663 0.135911 0.127816 0.031630 0.087729 
0.002618 0.019697 0.139292 0.182289 0.242989 0.069589 0.126819 0.126036 0.027889 0.062781 
0.004987 0.025925 0.117674 0.184717 0.188807 0.093230 0.171437 0.124186 0.035175 0.053862 
0.001397 0.012890 0.099092 0.142183 0.143047 0.116466 0.226271 0.146704 0.038697 0.073254 
0.008350 0.034610 0.094156 0.149583 0.107339 0.183809 0.106559 0.191598 0.044914 0.079082 
0.008364 0.036983 0.099605 0.143978 0.154363 0.189817 0.048449 0.217075 0.038716 0.062650 
0.004472 0.023433 0.065655 0.170584 0.193264 0.154887 0.056125 0.230578 0.033621 0.067380 
0.003092 0.018688 0.100455 0.162775 0.200940 0.123988 0.097743 0.199191 0.060099 0.033028 
0.000852 0.012264 0.087882 0.207145 0.218972 0.094807 0.087262 0.168245 0.042373 0.080198 
0.001969 0.025581 0.125999 0.263139 0.224942 0.066695 0.054825 0.128215 0.027040 0.081595 
0.001234 0.016883 0.143085 0.201307 0.238867 0.065445 0.130718 0.117458 0.022578 0.062426 
0.002772 0.019669 0.131483 0.209354 0.198943 0.107113 0.078852 0.185323 0.031400 0.035091 
0.002848 0.019617 0.124958 0.159098 0.153102 0.107198 0.090932 0.257282 0.048554 0.036411 
0.002234 0.023464 0.134295 0.185897 0.162671 0.079889 0.092253 0.247436 0.042004 0.029856 
0.002645 0.017918 0.125509 0.233861 0.200564 0.100224 0.076968 0.168476 0.031537 0.042296 
0.004099 0.025511 0.126011 0.164092 0.217128 0.045391 0.110089 0.178674 0.051816 0.077189 
0.003068 0.011708 0.142232 0.129858 0.270039 0.035875 0.124287 0.183812 0.042473 0.056647 
0.008517 0.044375 0.158992 0.164317 0.215857 0.092408 0.137768 0.083810 0.039629 0.054328 
0.005980 0.044823 0.189777 0.103806 0.208412 0.152726 0.149952 0.045830 0.064457 0.034236 
0.007615 0.047134 0.194829 0.129859 0.130191 0.165673 0.117917 0.067260 0.043277 0.096244 
0.004395 0.028715 0.140616 0.111649 0.122654 0.184148 0.167942 0.101046 0.049510 0.089326 
0.002845 0.022057 0.115831 0.145449 0.158144 0.188247 0.129234 0.160140 0.039303 0.038750 
0.005581 0.034452 0.120742 0.179817 0.221548 0.150379 0.147259 0.056226 0.046957 0.037041 
0.004268 0.026693 0.119899 0.242738 0.199894 0.098712 0.140065 0.101474 0.016322 0.049934 
0.001849 0.015160 0.119853 0.235228 0.147472 0.089333 0.067387 0.215065 0.040442 0.068211 
0.000798 0.014031 0.113711 0.273218 0.111609 0.068986 0.096956 0.207407 0.045130 0.068154 
0.000125 0.010111 0.142072 0.287643 0.158858 0.046464 0.081560 0.138809 0.048697 0.085661 
0.003271 0.012145 0.147536 0.254828 0.178530 0.159888 0.125159 0.037633 0.032386 0.048625 
0.004688 0.030211 0.128279 0.234030 0.170655 0.158889 0.092302 0.113358 0.032352 0.035236 
0.001601 0.021163 0.102887 0.249723 0.210476 0.115059 0.044949 0.170251 0.049131 0.034760 
0.001508 0.014677 0.061741 0.205351 0.242683 0.083571 0.056608 0.250209 0.048819 0.034832 
0.008508 0.036136 0.140792 0.191271 0.203244 0.090686 0.056586 0.179106 0.042120 0.051550 
0.006017 0.098725 0.135455 0.115058 0.209274 0.109798 0.050429 0.196921 0.029768 0.048554 
0.003852 0.032057 0.124793 0.132021 0.112493 0.095989 0.120195 0.201342 0.086837 0.090422 
0.005151 0.101636 0.128925 0.119709 0.151810 0.094530 0.095103 0.120543 0.110937 0.071656 
0.001431 0.125250 0.170694 0.108020 0.186294 0.131458 0.119062 0.095822 0.033879 0.028089 
0.010761 0.125431 0.202649 0.103787 0.143242 0.114148 0.072627 0.149830 0.045690 0.031836 
0.022895 0.176880 0.249740 0.084685 0.080379 0.061375 0.049131 0.170574 0.061255 0.043085 
0.004140 0.138634 0.212710 0.121455 0.092866 0.038307 0.063936 0.200892 0.042734 0.084326 
0.000884 0.106260 0.147245 0.106430 0.120325 0.033801 0.090989 0.215221 0.069527 0.109317 
0.003014 0.101194 0.109014 0.138346 0.134478 0.066932 0.073491 0.178426 0.090168 0.104938 
0.002704 0.092057 0.126537 0.206666 0.143872 0.057761 0.094665 0.161546 0.051098 0.063094 
0.007688 0.059890 0.103893 0.216159 0.120076 0.032229 0.160363 0.219116 0.036787 0.043799 
0.001232 0.015565 0.091417 0.183492 0.176478 0.059541 0.145352 0.214417 0.038055 0.074451 
0.007315 0.046325 0.070268 0.157080 0.257864 0.083570 0.086250 0.158986 0.054195 0.078147 
0.002079 0.063269 0.093838 0.149648 0.259334 0.096052 0.095823 0.152750 0.039076 0.048132 
0.008316 0.074085 0.108182 0.147039 0.214259 0.136870 0.048400 0.159474 0.054487 0.048888 
0.001785 0.076415 0.160874 0.161455 0.132656 0.119084 0.073500 0.167896 0.052419 0.053915 
0.002617 0.087741 0.192464 0.167353 0.088981 0.111858 0.049531 0.173599 0.053005 0.072850 
0.016666 0.126685 0.180432 0.144713 0.062415 0.084314 0.108242 0.173437 0.036223 0.066874 
0.011734 0.136868 0.222069 0.130121 0.076881 0.032546 0.108882 0.138328 0.045707 0.096863 
0.001518 0.112415 0.211098 0.128996 0.103035 0.076281 0.091460 0.155330 0.032956 0.086911 
0.003687 0.101873 0.200939 0.149944 0.090542 0.069891 0.054936 0.163873 0.133763 0.030552 
0.011445 0.080864 0.175820 0.131369 0.211293 0.089232 0.056843 0.077949 0.113306 0.051878 
0.019585 0.157245 0.080699 0.135394 0.259397 0.073573 0.036573 0.062488 0.105057 0.069988 
0.007501 0.110422 0.099564 0.177598 0.260747 0.063893 0.029810 0.072734 0.146226 0.031505 
0.002837 0.201345 0.121809 0.173257 0.235427 0.039201 0.040333 0.102206 0.047419 0.036167 
0.002870 0.082460 0.206941 0.145998 0.188711 0.087986 0.036476 0.087141 0.117123 0.044294 
0.016023 0.162814 0.215483 0.119075 0.162271 0.074067 0.036682 0.073643 0.094395 0.045545 
0.018652 0.168991 0.209973 0.088842 0.153771 0.070983 0.029819 0.088958 0.116732 0.053278 
0.003680 0.104327 0.289348 0.054386 0.218339 0.059702 0.034394 0.106333 0.101564 0.027927 
0.004061 0.183504 0.235770 0.079546 0.131668 0.040027 0.038444 0.072675 0.177368 0.036937 
0.001977 0.153782 0.169085 0.071118 0.171834 0.080997 0.060615 0.073897 0.152814 0.063881 
0.022399 0.146532 0.159083 0.148523 0.182898 0.083711 0.053786 0.076455 0.060548 0.066065 
0.006683 0.091856 0.187544 0.150221 0.162774 0.100267 0.058962 0.038728 0.044052 0.158914 
0.020056 0.137734 0.151555 0.171272 0.171150 0.073373 0.068026 0.075329 0.037571 0.093935 
0.003969 0.109502 0.111522 0.205861 0.205966 0.088790 0.070489 0.090570 0.045136 0.068195 
0.005929 0.127604 0.069450 0.165000 0.261546 0.057486 0.067747 0.051000 0.043531 0.150707 
0.002418 0.075885 0.093789 0.092534 0.225105 0.089859 0.072358 0.076736 0.040003 0.231315 
0.000388 0.080009 0.095407 0.090354 0.206008 0.109271 0.139089 0.077521 0.073944 0.128008 
0.000772 0.069546 0.079619 0.063441 0.152962 0.141303 0.160607 0.047850 0.052309 0.231590 
0.001367 0.062471 0.071083 0.123509 0.138910 0.153896 0.155988 0.082806 0.021726 0.188245 
0.001441 0.078784 0.203003 0.134140 0.132041 0.080942 0.071219 0.085967 0.094118 0.118347 
0.004543 0.023583 0.143969 0.165523 0.230382 0.097049 0.086936 0.112933 0.084088 0.050994 
0.007104 0.058737 0.102269 0.197510 0.248586 0.104562 0.049554 0.038423 0.115768 0.077487 
0.011214 0.060379 0.092209 0.195910 0.229359 0.085736 0.114072 0.040450 0.105183 0.065488 
0.009281 0.045990 0.146193 0.196262 0.206022 0.101268 0.076661 0.067025 0.101327 0.049971 
0.008698 0.076423 0.221420 0.161333 0.188154 0.103501 0.033676 0.075277 0.085239 0.046279 
0.005168 0.046313 0.228740 0.175599 0.202069 0.098156 0.075990 0.025515 0.084946 0.057504 
0.007920 0.035162 0.173882 0.135014 0.169470 0.170044 0.067663 0.016709 0.149368 0.074768 
0.006282 0.046798 0.113656 0.097119 0.222120 0.109881 0.077718 0.057947 0.215345 0.053135 
0.011129 0.057029 0.132875 0.123335 0.184489 0.109478 0.056659 0.060542 0.232859 0.031606 
0.012983 0.080073 0.147670 0.148917 0.185323 0.116471 0.072514 0.063345 0.136127 0.036578 
0.011528 0.067537 0.158553 0.192893 0.155453 0.143031 0.097450 0.070999 0.071920 0.030636 
0.003668 0.035594 0.202503 0.257401 0.149472 0.108769 0.062244 0.063077 0.080969 0.036303 
0.002388 0.046208 0.156441 0.333835 0.195269 0.048604 0.055793 0.036955 0.078253 0.046255 
0.006236 0.040793 0.166210 0.357995 0.162789 0.083587 0.052547 0.029338 0.063445 0.037059 
0.004231 0.016724 0.129269 0.330304 0.152787 0.111666 0.109731 0.035053 0.083900 0.026334 
0.008786 0.042285 0.087361 0.279242 0.124939 0.157396 0.115016 0.029165 0.090916 0.064895 
0.003135 0.027571 0.094121 0.224818 0.136933 0.154174 0.105237 0.049996 0.144030 0.059986 
0.009846 0.045637 0.151156 0.163962 0.182569 0.155009 0.095968 0.024513 0.128645 0.042693 
0.000580 0.038352 0.176757 0.169934 0.176788 0.166512 0.061642 0.066266 0.128721 0.014448 
0.002127 0.121342 0.158472 0.215663 0.159793 0.110583 0.091978 0.035682 0.081773 0.022587 
0.000782 0.035040 0.091884 0.271012 0.196523 0.081732 0.098969 0.082466 0.107045 0.034546 
0.006908 0.039186 0.086056 0.282658 0.173768 0.066020 0.048329 0.109370 0.156152 0.031554 
0.009303 0.066981 0.175390 0.226303 0.117557 0.064730 0.136096 0.083826 0.087697 0.032117 
0.003537 0.080919 0.193129 0.246979 0.124617 0.081740 0.151355 0.051561 0.045644 0.020519 
0.004089 0.082128 0.244877 0.285846 0.089220 0.061803 0.084507 0.060535 0.059104 0.027889 
0.003798 0.071472 0.250077 0.184738 0.136606 0.044418 0.079801 0.083507 0.100749 0.044835 
0.000873 0.062405 0.245259 0.195227 0.169271 0.063156 0.057207 0.097428 0.064576 0.044599 
0.003128 0.056553 0.189963 0.153207 0.145785 0.052380 0.114717 0.060154 0.175636 0.048476 
0.001124 0.032578 0.116177 0.115664 0.158103 0.061140 0.136937 0.054758 0.260453 0.063067 
0.000491 0.044233 0.115415 0.148330 0.187234 0.074157 0.124531 0.077336 0.184493 0.043780 
0.000666 0.038634 0.140507 0.226149 0.195568 0.075684 0.156016 0.049902 0.091784 0.025089 
0.002703 0.043493 0.155931 0.220770 0.182209 0.085299 0.153751 0.033200 0.098799 0.023844 
0.005644 0.046983 0.152404 0.255209 0.183886 0.063603 0.160556 0.050813 0.062490 0.018413 
0.001729 0.059437 0.149298 0.351516 0.127792 0.049596 0.101938 0.075503 0.064268 0.018924 
0.001959 0.066974 0.151832 0.332259 0.091591 0.043258 0.061278 0.055603 0.165822 0.029423 
0.005274 0.077621 0.149683 0.206213 0.130610 0.044556 0.083790 0.044097 0.204507 0.053650 
0.004220 0.069249 0.119914 0.170508 0.138987 0.059416 0.118240 0.069841 0.212778 0.036846 
0.002997 0.060001 0.110995 0.192725 0.175642 0.055894 0.100723 0.102394 0.170123 0.028507 
0.004588 0.072798 0.131702 0.162684 0.177397 0.061687 0.133767 0.082361 0.150400 0.022614 
0.007179 0.130832 0.187782 0.191497 0.122744 0.079455 0.107152 0.091906 0.043413 0.038040 
0.007207 0.143824 0.253056 0.138522 0.113575 0.086703 0.045950 0.128221 0.056280 0.026661 
0.004554 0.156267 0.263234 0.153963 0.172045 0.069637 0.051257 0.069284 0.027065 0.032694 
0.001511 0.162379 0.188186 0.154134 0.156640 0.128492 0.050130 0.103371 0.036486 0.018672 
0.004606 0.136228 0.134105 0.164539 0.148145 0.142616 0.053379 0.172710 0.033341 0.010332 
0.009540 0.177898 0.129832 0.143585 0.113090 0.130262 0.049841 0.162106 0.060391 0.023453 
0.001194 0.166799 0.080971 0.120410 0.109732 0.127539 0.091040 0.202361 0.083405 0.016550 
0.006557 0.194655 0.090901 0.156754 0.079873 0.157959 0.062324 0.157169 0.056320 0.037487 
0.001784 0.207538 0.095149 0.229788 0.061361 0.100356 0.080427 0.120285 0.040255 0.063055 
0.000521 0.178583 0.149446 0.217027 0.092774 0.119563 0.080376 0.101812 0.024159 0.035741 
0.007678 0.170231 0.095579 0.195877 0.132106 0.139628 0.079051 0.105443 0.049429 0.024977 
0.008634 0.165368 0.068224 0.194933 0.182960 0.127255 0.042394 0.102775 0.054302 0.053155 
0.003741 0.147971 0.066163 0.187173 0.212437 0.155968 0.053626 0.089228 0.041248 0.042444 
0.000148 0.125369 0.066957 0.163540 0.216900 0.149688 0.055654 0.131994 0.045261 0.044489 
0.001070 0.146471 0.076278 0.155253 0.212913 0.140991 0.056205 0.160128 0.034594 0.016097 
0.009177 0.189238 0.071473 0.146051 0.197925 0.116979 0.043131 0.151955 0.041907 0.032166 
0.009889 0.199067 0.073727 0.197396 0.138696 0.074846 0.086667 0.144498 0.058213 0.017000 
0.004987 0.183657 0.067072 0.214914 0.163964 0.051584 0.094075 0.133033 0.055016 0.031699 
0.001819 0.154940 0.083639 0.220711 0.212871 0.091263 0.072004 0.092456 0.046221 0.024076 
0.001440 0.149277 0.077175 0.230136 0.213610 0.137374 0.061314 0.068025 0.037119 0.024530 
0.001772 0.168703 0.090430 0.232878 0.173897 0.161428 0.065173 0.070667 0.022807 0.012244 
0.002612 0.180659 0.074589 0.226305 0.131766 0.115208 0.068767 0.140130 0.040205 0.019759 
0.014519 0.221308 0.072375 0.203485 0.048892 0.089417 0.061845 0.207414 0.059705 0.021041 
0.005051 0.187545 0.059206 0.196730 0.153263 0.016128 0.050790 0.193633 0.098053 0.039602 
0.004942 0.215546 0.054162 0.222088 0.208244 0.039106 0.061928 0.097887 0.064874 0.031224 
0.001392 0.230829 0.071204 0.243531 0.171953 0.110673 0.081501 0.052130 0.025936 0.010852 
0.002996 0.196469 0.079059 0.211698 0.132697 0.086161 0.077163 0.161741 0.026957 0.025059 
0.007062 0.222101 0.047880 0.201015 0.144360 0.074839 0.081074 0.132068 0.039931 0.049671 
0.007549 0.225464 0.057924 0.175870 0.192171 0.111922 0.044089 0.105736 0.036673 0.042603 
0.008260 0.231957 0.035660 0.119397 0.216732 0.144149 0.053205 0.110624 0.042006 0.038009 
0.000385 0.208089 0.048084 0.110260 0.209829 0.118924 0.058756 0.130511 0.074183 0.040979 
0.000757 0.206343 0.064109 0.091508 0.207162 0.076660 0.058346 0.201360 0.062321 0.031434 
0.003489 0.204069 0.086769 0.076010 0.152955 0.058241 0.072928 0.249549 0.065182 0.030807 
0.004684 0.239479 0.078244 0.054333 0.121474 0.077660 0.079935 0.220548 0.079336 0.044307 
0.004673 0.248682 0.079901 0.047818 0.137668 0.062492 0.090975 0.222742 0.072671 0.032378 
0.011774 0.233271 0.073003 0.039084 0.124554 0.103324 0.103017 0.224399 0.062647 0.024927 
0.006965 0.217095 0.077745 0.069942 0.076581 0.138572 0.099293 0.193962 0.088165 0.031680 
0.003051 0.252104 0.080494 0.095390 0.057636 0.093152 0.092670 0.229578 0.061864 0.034061 
0.001147 0.279804 0.099598 0.106221 0.055125 0.108120 0.075481 0.216540 0.030180 0.027783 
0.004671 0.294587 0.078387 0.108787 0.057256 0.066056 0.087540 0.204487 0.043659 0.054571 
0.004124 0.212430 0.091426 0.054115 0.235501 0.061255 0.115873 0.096183 0.071583 0.057511 
0.007283 0.274653 0.091200 0.086690 0.114592 0.106218 0.078456 0.128616 0.064607 0.047684 
0.012245 0.263155 0.072107 0.128442 0.126038 0.097201 0.091177 0.119056 0.045872 0.044706 
0.006255 0.235562 0.055673 0.146167 0.160447 0.141672 0.095461 0.083491 0.039633 0.035640 
0.007190 0.187374 0.086838 0.137550 0.200390 0.153407 0.097286 0.061900 0.022379 0.045685 
0.009585 0.146047 0.109626 0.151719 0.237336 0.127528 0.089578 0.047420 0.038419 0.042742 
0.003081 0.130257 0.132757 0.166013 0.202635 0.170177 0.055427 0.075397 0.029362 0.034894 
0.003451 0.121501 0.139661 0.177160 0.164478 0.128363 0.041908 0.118083 0.075605 0.029790 
0.007345 0.162435 0.062882 0.162812 0.227633 0.085728 0.060991 0.130570 0.062833 0.036772 
0.006498 0.270078 0.077927 0.182177 0.152928 0.075247 0.062804 0.079315 0.062587 0.030439 
0.000452 0.256675 0.055513 0.135011 0.134142 0.120902 0.064312 0.124989 0.072126 0.035878 
0.004578 0.235626 0.049686 0.105440 0.173202 0.133107 0.044428 0.150431 0.063373 0.040129 
0.009644 0.221841 0.057322 0.091630 0.161879 0.105850 0.112842 0.125974 0.053670 0.059348 
0.000826 0.186035 0.115570 0.102498 0.138216 0.105834 0.114183 0.170395 0.031495 0.034948 
0.004494 0.218593 0.112918 0.135113 0.145524 0.062841 0.094251 0.173775 0.027851 0.024640 
0.004094 0.235457 0.091639 0.154442 0.127125 0.045410 0.072804 0.166751 0.067887 0.034391 
0.004490 0.237528 0.098948 0.176026 0.041989 0.064813 0.063586 0.223199 0.056766 0.032654 
0.003588 0.277691 0.047391 0.199683 0.106735 0.076404 0.064131 0.132596 0.062076 0.029705 
0.003108 0.240989 0.050494 0.181331 0.121983 0.047708 0.063867 0.144083 0.102837 0.043600 
0.008192 0.231862 0.069644 0.186397 0.105221 0.109814 0.056913 0.121121 0.059549 0.051287 
0.001876 0.166293 0.138575 0.137824 0.194984 0.121018 0.076229 0.082654 0.033184 0.047362 
0.004148 0.133761 0.151625 0.126273 0.181083 0.120447 0.095917 0.124303 0.024533 0.037911 
0.006910 0.154651 0.183924 0.144850 0.166556 0.114815 0.107486 0.084223 0.017857 0.018727 
0.002824 0.148397 0.135849 0.140437 0.158466 0.128835 0.074082 0.115241 0.054995 0.040872 
0.008147 0.134003 0.110407 0.119442 0.203760 0.139220 0.067684 0.133531 0.054270 0.029536 
0.013905 0.132181 0.160362 0.131719 0.161982 0.066206 0.100421 0.094036 0.086060 0.053128 
0.000252 0.060167 0.126140 0.138336 0.254060 0.101040 0.126023 0.116332 0.043539 0.034111 
0.004591 0.053522 0.143408 0.155140 0.147578 0.183556 0.066216 0.167051 0.045363 0.033575 
0.003060 0.053676 0.082910 0.140673 0.201430 0.128338 0.098686 0.182876 0.057462 0.050889 
0.011775 0.071456 0.087954 0.143747 0.237034 0.108755 0.055940 0.176576 0.072035 0.034728 
0.011460 0.064048 0.424713 0.090534 0.169683 0.061091 0.041945 0.067586 0.041998 0.026942 
0.013768 0.065639 0.371028 0.142654 0.127208 0.029155 0.043452 0.137579 0.044832 0.024685 
0.000421 0.054612 0.268604 0.084243 0.173714 0.049430 0.035274 0.199950 0.089350 0.044402 
0.003266 0.047057 0.254461 0.123680 0.158249 0.074741 0.098097 0.159573 0.043206 0.037671 
0.006255 0.055525 0.322955 0.095634 0.132339 0.089781 0.071471 0.128713 0.054003 0.043324 
0.011133 0.074980 0.173050 0.092427 0.241586 0.110952 0.092420 0.105030 0.068219 0.030204 
0.005162 0.035062 0.189318 0.114435 0.261051 0.101691 0.105196 0.095842 0.058213 0.034029 
0.003724 0.060442 0.346550 0.148213 0.110605 0.099036 0.052052 0.111065 0.046465 0.021850 
0.005262 0.096787 0.280798 0.173311 0.146095 0.094890 0.063622 0.068733 0.054557 0.015944 
0.017362 0.146699 0.245859 0.127924 0.186829 0.054396 0.036798 0.132675 0.022864 0.028595 
0.018277 0.255946 0.423046 0.111175 0.062709 0.024597 0.034916 0.030195 0.021342 0.017798 
0.019324 0.299471 0.310031 0.140181 0.061532 0.040847 0.035106 0.046080 0.028812 0.018617 
0.002526 0.201033 0.273240 0.204005 0.138694 0.037145 0.042143 0.055229 0.034994 0.010991 
0.001061 0.240751 0.248649 0.172518 0.118049 0.052268 0.059257 0.055252 0.029837 0.022358 
0.006934 0.204954 0.218608 0.178262 0.114324 0.090424 0.079766 0.053521 0.021613 0.031594 
0.023067 0.232801 0.190647 0.209025 0.084265 0.090428 0.038274 0.071324 0.036614 0.023555 
0.029662 0.242388 0.208015 0.166240 0.090524 0.077923 0.029953 0.101839 0.038743 0.014714 
0.014168 0.198664 0.178267 0.190205 0.087552 0.079296 0.064756 0.055987 0.029825 0.101280 
0.005712 0.109610 0.173060 0.191263 0.074374 0.073320 0.120198 0.090183 0.049231 0.113050 
0.001971 0.035331 0.076039 0.230997 0.110210 0.113113 0.100215 0.129062 0.090643 0.112418 
0.002328 0.125640 0.458210 0.134258 0.105697 0.064285 0.047028 0.026364 0.017830 0.018361 
0.010005 0.140874 0.348331 0.166281 0.083347 0.082557 0.073280 0.023614 0.030079 0.041631 
0.003105 0.141205 0.374035 0.187956 0.118991 0.062183 0.029401 0.027845 0.023508 0.031772 
0.008050 0.173162 0.179931 0.265850 0.170743 0.045725 0.037019 0.060050 0.026342 0.033129 
0.025194 0.214883 0.206982 0.184362 0.128807 0.070066 0.034434 0.075139 0.024158 0.035974 
0.031842 0.199891 0.147727 0.207738 0.146107 0.034129 0.053883 0.075011 0.032134 0.071539 
0.021019 0.212039 0.153575 0.192074 0.090691 0.036455 0.101835 0.073326 0.041487 0.077497 
0.009558 0.186460 0.137390 0.197550 0.130348 0.060830 0.058645 0.103319 0.040920 0.074979 
0.000086 0.054643 0.130321 0.206845 0.109551 0.112506 0.118371 0.168163 0.041836 0.057678 
0.005320 0.066030 0.198101 0.215065 0.079882 0.127019 0.094796 0.140189 0.047978 0.025620 
0.009125 0.226699 0.372957 0.132665 0.085474 0.055923 0.030113 0.046473 0.020515 0.020057 
0.017742 0.275641 0.277919 0.113634 0.078785 0.055974 0.053789 0.074900 0.024897 0.026719 
0.019365 0.283268 0.162977 0.198944 0.098621 0.044997 0.046790 0.087350 0.026384 0.031304 
0.020595 0.211196 0.254650 0.181431 0.106524 0.035707 0.052966 0.070848 0.026746 0.039337 
0.007993 0.178029 0.274612 0.158792 0.150701 0.029839 0.069535 0.070443 0.027116 0.032940 
0.013351 0.200583 0.215978 0.206492 0.134731 0.053594 0.062252 0.059579 0.030998 0.022442 
0.012866 0.176810 0.267160 0.224437 0.110488 0.038863 0.068807 0.047168 0.029406 0.023995 
0.000342 0.170758 0.242939 0.183671 0.067370 0.068425 0.101133 0.084622 0.029550 0.051189 
0.015050 0.076629 0.233534 0.100573 0.133965 0.087771 0.088272 0.144595 0.056462 0.063149 
0.013382 0.058551 0.269808 0.106202 0.115863 0.076313 0.104238 0.155068 0.058488 0.042087 
0.003521 0.115181 0.478151 0.072725 0.141427 0.046039 0.049910 0.031560 0.022279 0.039206 
0.006801 0.180166 0.319569 0.204485 0.090557 0.035810 0.083013 0.038928 0.015361 0.025310 
0.016248 0.195949 0.336114 0.130308 0.120143 0.038098 0.069680 0.060014 0.021259 0.012186 
0.005372 0.145043 0.298657 0.194085 0.125762 0.047407 0.048843 0.091621 0.017477 0.025733 
0.008757 0.174512 0.251382 0.223506 0.151065 0.023807 0.037722 0.097323 0.020031 0.011895 
0.001657 0.148686 0.207079 0.283979 0.150239 0.032614 0.041004 0.084878 0.026343 0.023520 
0.013900 0.200609 0.115134 0.246071 0.168386 0.039054 0.094956 0.075088 0.024384 0.022418 
0.012627 0.194446 0.217280 0.170199 0.101539 0.061779 0.084297 0.103738 0.027020 0.027074 
0.002235 0.135601 0.209727 0.127066 0.085030 0.112106 0.114625 0.139416 0.047406 0.026788 
0.003416 0.047058 0.232359 0.145866 0.060982 0.049848 0.134595 0.177231 0.040931 0.107713 
0.012591 0.253639 0.372783 0.118355 0.074890 0.029889 0.018405 0.060931 0.026250 0.032267 
0.005143 0.240679 0.300134 0.194012 0.078225 0.044880 0.058498 0.032289 0.024270 0.021869 
0.008082 0.214679 0.273131 0.205830 0.087697 0.030362 0.076832 0.031738 0.038182 0.033466 
0.011556 0.245841 0.174245 0.179736 0.091173 0.043788 0.156398 0.030799 0.035165 0.031299 
0.023220 0.235836 0.236380 0.164678 0.074839 0.028467 0.119172 0.049086 0.039546 0.028776 
0.016676 0.222741 0.182240 0.254899 0.129425 0.031155 0.056517 0.045936 0.031880 0.028532 
0.015975 0.197829 0.162271 0.216906 0.137971 0.059424 0.105477 0.052919 0.024136 0.027093 
0.008831 0.192149 0.168946 0.187296 0.142274 0.062441 0.083967 0.053901 0.034656 0.065540 
0.004242 0.170185 0.181205 0.245147 0.138019 0.055251 0.063978 0.024533 0.017294 0.100146 
0.012584 0.082145 0.186291 0.206951 0.096937 0.068025 0.117630 0.073848 0.078872 0.076717 
0.016831 0.108105 0.502769 0.103062 0.115766 0.046540 0.041121 0.027536 0.026311 0.011959 
0.015920 0.287867 0.311473 0.132605 0.096061 0.032235 0.044948 0.026912 0.032132 0.019847 
0.002878 0.279357 0.258822 0.123907 0.140633 0.050150 0.029324 0.034355 0.039796 0.040777 
0.005044 0.245773 0.249944 0.183729 0.110064 0.055235 0.040892 0.047380 0.028647 0.033292 
0.009437 0.188741 0.267038 0.134877 0.181064 0.063974 0.033113 0.073167 0.021570 0.027018 
0.014858 0.190140 0.175779 0.115548 0.165836 0.055456 0.095230 0.099159 0.011635 0.076360 
0.002125 0.168996 0.186460 0.108517 0.153759 0.060836 0.115143 0.060368 0.045228 0.098566 
0.008196 0.192156 0.241101 0.148476 0.146470 0.051828 0.089596 0.053819 0.035566 0.032792 
0.009085 0.222262 0.211485 0.151758 0.160526 0.056685 0.057856 0.052752 0.035129 0.042462 
0.006251 0.168980 0.259741 0.100865 0.174396 0.066269 0.070306 0.098538 0.020610 0.034045 
0.010447 0.120902 0.444947 0.152572 0.109887 0.038632 0.026040 0.041654 0.035353 0.019567 
0.018919 0.273447 0.262192 0.172174 0.063923 0.040206 0.044988 0.063727 0.036658 0.023766 
0.003909 0.280394 0.261684 0.162533 0.109012 0.034519 0.056488 0.045736 0.021100 0.024624 
0.010358 0.231524 0.273124 0.152463 0.132184 0.072477 0.062092 0.042634 0.011392 0.011753 
0.000707 0.193890 0.181591 0.163030 0.171307 0.112273 0.054455 0.087518 0.016861 0.018368 
0.005522 0.169078 0.175983 0.175020 0.152573 0.092605 0.071320 0.109859 0.029913 0.018126 
0.004280 0.178592 0.179199 0.161905 0.141770 0.090109 0.097927 0.100117 0.023815 0.022285 
0.004007 0.187970 0.232125 0.139911 0.102089 0.057613 0.100206 0.107750 0.026962 0.041366 
0.008617 0.102805 0.152911 0.146279 0.068925 0.081739 0.124006 0.137263 0.050653 0.126801 
0.009901 0.062750 0.208175 0.096556 0.078704 0.137063 0.141397 0.163000 0.028219 0.074235 
0.010883 0.133364 0.504481 0.107123 0.099179 0.043274 0.033540 0.025586 0.022144 0.020426 
0.003588 0.312260 0.348366 0.092986 0.078755 0.043108 0.027971 0.039978 0.026299 0.026688 
0.031678 0.261877 0.361391 0.075763 0.100985 0.045055 0.025894 0.029885 0.047503 0.019969 
0.014311 0.227271 0.383468 0.085262 0.115811 0.042714 0.032864 0.031775 0.047772 0.018753 
0.010128 0.214098 0.384707 0.107261 0.081415 0.043016 0.044927 0.026097 0.055562 0.032789 
0.003372 0.196592 0.400350 0.135196 0.079723 0.047462 0.032037 0.033831 0.046606 0.024831 
0.023316 0.245632 0.347824 0.111549 0.089217 0.053460 0.035784 0.037145 0.044205 0.011869 
0.041403 0.247864 0.360553 0.105521 0.080676 0.032434 0.019504 0.048609 0.046384 0.017051 
0.018511 0.255488 0.311841 0.105309 0.113272 0.038281 0.025892 0.037682 0.070859 0.022866 
0.020683 0.210151 0.275117 0.115261 0.156071 0.043674 0.026316 0.023256 0.098318 0.031155 
0.002714 0.152070 0.371789 0.138527 0.137882 0.052396 0.029272 0.051483 0.044631 0.019235 
0.011760 0.276587 0.387412 0.120510 0.064672 0.052951 0.031398 0.034588 0.012663 0.007458 
0.015704 0.290061 0.342633 0.121246 0.065049 0.050706 0.036120 0.043802 0.026222 0.008457 
0.049645 0.230289 0.341454 0.151994 0.093424 0.045429 0.038756 0.019806 0.014199 0.015004 
0.024242 0.241021 0.359195 0.128494 0.101727 0.061467 0.041750 0.015630 0.010273 0.016202 
0.009303 0.250802 0.362612 0.102155 0.120151 0.047995 0.039626 0.028741 0.025366 0.013249 
0.000457 0.187882 0.362050 0.208604 0.090301 0.049474 0.032911 0.030712 0.023135 0.014474 
0.013345 0.146111 0.215851 0.162330 0.099371 0.078351 0.115659 0.073711 0.027168 0.068104 
0.004928 0.050920 0.130096 0.142583 0.111925 0.100564 0.187709 0.104267 0.022883 0.144124 
0.002287 0.020398 0.111587 0.165565 0.121042 0.165007 0.209864 0.066275 0.042174 0.095802 
0.005884 0.115956 0.485063 0.098580 0.109888 0.072334 0.031439 0.037016 0.027884 0.015955 
0.007384 0.247266 0.403086 0.095887 0.086735 0.053712 0.037664 0.033175 0.019741 0.015349 
0.012642 0.289308 0.293427 0.134382 0.060889 0.057595 0.048062 0.061122 0.019531 0.023042 
0.027504 0.205118 0.314605 0.187087 0.081976 0.033261 0.038681 0.052832 0.035931 0.023004 
0.041705 0.200733 0.286556 0.128331 0.092929 0.065275 0.072160 0.079896 0.019629 0.012786 
