lefthandfree, alt-j
0.000000 0.000000 0.000000 0.000000 0.000000 0.000000 0.000000 0.000000 0.000000 0.000000 
0.000000 0.000000 0.000000 0.000000 0.000000 0.000000 0.000000 0.000000 0.000000 0.000000 
0.000000 0.000000 0.000000 0.000000 0.000000 0.000000 0.000000 0.000000 0.000000 0.000000 
0.000000 0.000000 0.000000 0.000000 0.000000 0.000000 0.000000 0.000000 0.000000 0.000000 
0.000000 0.000000 0.000000 0.000000 0.000000 0.000000 0.000000 0.000000 0.000000 0.000000 
0.000000 0.000000 0.000000 0.000000 0.000000 0.000000 0.000000 0.000000 0.000000 0.000000 
0.033335 0.082802 0.065254 0.179828 0.142353 0.099100 0.068497 0.141644 0.110339 0.076847 
0.012766 0.065612 0.108042 0.220599 0.222272 0.126975 0.106028 0.066260 0.045898 0.025549 
0.004164 0.079647 0.118650 0.225487 0.218026 0.127349 0.081283 0.079536 0.044058 0.021801 
0.006576 0.082374 0.125680 0.297595 0.241441 0.084810 0.049119 0.061068 0.032448 0.018888 
0.005122 0.077858 0.137923 0.324517 0.212337 0.080294 0.052395 0.066979 0.025766 0.016808 
0.014762 0.125368 0.162591 0.330827 0.185022 0.063644 0.055464 0.039743 0.013145 0.009433 
0.010653 0.119203 0.101101 0.350316 0.212358 0.079704 0.048500 0.042382 0.021096 0.014688 
0.004278 0.114301 0.105779 0.383027 0.216087 0.074875 0.044153 0.025727 0.017877 0.013896 
0.000593 0.054995 0.078934 0.167441 0.158071 0.121576 0.189096 0.118576 0.089360 0.021358 
0.000025 0.052418 0.063092 0.170606 0.231385 0.089446 0.191767 0.112392 0.064969 0.023900 
0.003559 0.066150 0.059815 0.172889 0.091031 0.380951 0.046674 0.120673 0.020611 0.037646 
0.003992 0.073475 0.062910 0.164692 0.064842 0.380066 0.130870 0.040158 0.057851 0.021143 
0.002113 0.066532 0.074588 0.190560 0.074618 0.231844 0.160298 0.078050 0.105877 0.015520 
0.007241 0.160366 0.155462 0.286256 0.100582 0.106830 0.035116 0.062286 0.065164 0.020698 
0.013358 0.122398 0.075401 0.134223 0.218193 0.116017 0.090728 0.139489 0.056478 0.033714 
0.002752 0.040890 0.038937 0.141026 0.161917 0.335792 0.114099 0.107152 0.024907 0.032529 
0.005036 0.048895 0.047894 0.129958 0.187650 0.290911 0.063498 0.120098 0.038563 0.067497 
0.000603 0.036481 0.046329 0.143022 0.187481 0.306385 0.082691 0.119752 0.033354 0.043903 
0.001313 0.037734 0.053346 0.139649 0.183138 0.339730 0.085473 0.076191 0.044347 0.039078 
0.001096 0.040507 0.042999 0.186837 0.043218 0.439164 0.059970 0.104373 0.065334 0.016502 
0.001230 0.037210 0.040721 0.191634 0.119143 0.363994 0.142050 0.054360 0.037329 0.012329 
0.003158 0.020814 0.049876 0.191675 0.156608 0.351554 0.041430 0.138499 0.036583 0.009805 
0.007590 0.033296 0.080363 0.193038 0.109062 0.212858 0.128717 0.165056 0.050063 0.019957 
0.005668 0.022994 0.056912 0.188837 0.147493 0.354010 0.041182 0.127358 0.033468 0.022078 
0.000284 0.013996 0.066536 0.244390 0.188919 0.288945 0.051907 0.097930 0.036649 0.010443 
0.004708 0.027518 0.091206 0.361867 0.131830 0.209561 0.048259 0.085894 0.027932 0.011224 
0.006946 0.031941 0.096367 0.276753 0.115340 0.284417 0.072321 0.079099 0.023871 0.012945 
0.003454 0.016059 0.038368 0.086987 0.112185 0.404619 0.086984 0.184143 0.034453 0.032747 
0.005377 0.024222 0.045999 0.061842 0.114937 0.460553 0.090960 0.141223 0.033827 0.021061 
0.003278 0.014752 0.027278 0.074501 0.146043 0.463106 0.086447 0.131125 0.037284 0.016186 
0.002898 0.018463 0.037831 0.123402 0.156988 0.345171 0.097603 0.170551 0.034763 0.012330 
0.001824 0.012754 0.048454 0.150264 0.148962 0.369528 0.061512 0.163107 0.038189 0.005406 
0.004842 0.022729 0.066125 0.227351 0.095596 0.291698 0.078055 0.153489 0.044777 0.015338 
0.010416 0.043981 0.105194 0.237052 0.099496 0.295717 0.072172 0.076224 0.035951 0.023796 
0.002951 0.014567 0.055547 0.162225 0.136581 0.405999 0.088931 0.078863 0.033507 0.020829 
0.005777 0.030545 0.070544 0.173256 0.113513 0.381159 0.097317 0.102498 0.015249 0.010143 
0.000912 0.018030 0.062424 0.273734 0.081405 0.408693 0.023956 0.087379 0.021445 0.022022 
0.002679 0.023909 0.087412 0.164920 0.241999 0.234651 0.116300 0.082022 0.031301 0.014807 
0.001778 0.038094 0.136931 0.218508 0.191045 0.233161 0.037249 0.107016 0.031457 0.004762 
0.008387 0.040194 0.079467 0.119360 0.140355 0.135724 0.046624 0.172573 0.169827 0.087489 
0.000103 0.001935 0.014859 0.060521 0.026800 0.226372 0.090104 0.257767 0.238316 0.083223 
0.001739 0.007363 0.024190 0.075053 0.069765 0.199223 0.042568 0.292070 0.203311 0.084719 
0.002088 0.012214 0.028495 0.126734 0.054271 0.256012 0.035482 0.313590 0.107901 0.063213 
0.006263 0.032013 0.065336 0.197408 0.071593 0.234868 0.059735 0.204977 0.072705 0.055101 
0.010641 0.045331 0.089446 0.182745 0.074086 0.174822 0.051522 0.220495 0.037724 0.113187 
0.001040 0.007012 0.025088 0.102221 0.076852 0.092812 0.094649 0.266170 0.161722 0.172435 
0.008429 0.033954 0.081498 0.098637 0.090533 0.078393 0.065788 0.129701 0.196530 0.216536 
0.007174 0.030563 0.064853 0.099569 0.057643 0.109321 0.058666 0.335238 0.081850 0.155122 
0.005712 0.024784 0.046202 0.103888 0.083913 0.161848 0.064370 0.339059 0.077714 0.092511 
0.001519 0.012862 0.063931 0.073731 0.072776 0.083195 0.142908 0.215051 0.195831 0.138196 
0.000578 0.010344 0.087895 0.068172 0.094668 0.056938 0.168666 0.122316 0.268661 0.121762 
0.002334 0.014084 0.066584 0.061538 0.140442 0.099293 0.270178 0.141648 0.122557 0.081342 
0.001595 0.027026 0.124059 0.207338 0.230408 0.084355 0.124366 0.110538 0.042818 0.047498 
0.003613 0.051848 0.180571 0.316802 0.216852 0.036955 0.049156 0.089278 0.030104 0.024822 
0.010145 0.057077 0.203565 0.329774 0.227864 0.029072 0.046259 0.060872 0.015959 0.019413 
0.006778 0.039597 0.210362 0.284773 0.223132 0.062280 0.049663 0.058315 0.035898 0.029203 
0.003026 0.039897 0.210513 0.328447 0.207553 0.052803 0.054518 0.041650 0.031503 0.030091 
0.004630 0.058861 0.143781 0.284079 0.234967 0.058288 0.090320 0.042137 0.045881 0.037056 
0.002583 0.021535 0.030809 0.037292 0.099141 0.086317 0.112341 0.103466 0.254263 0.252253 
0.001310 0.032697 0.073956 0.086541 0.114050 0.154698 0.031695 0.063966 0.052159 0.388928 
0.014393 0.094084 0.078915 0.132206 0.183224 0.210599 0.046804 0.089700 0.061451 0.088624 
0.004737 0.041650 0.056593 0.124198 0.152109 0.180301 0.022168 0.062171 0.066163 0.289910 
0.001950 0.023471 0.057186 0.111078 0.140843 0.146018 0.068398 0.186806 0.061070 0.203180 
0.008041 0.046187 0.162164 0.193340 0.261742 0.120987 0.023516 0.046965 0.026910 0.110148 
0.004137 0.023728 0.081614 0.086743 0.233751 0.245735 0.104695 0.076916 0.087405 0.055276 
0.000194 0.005649 0.018258 0.116191 0.167950 0.268947 0.084451 0.258007 0.039260 0.041092 
0.000744 0.007994 0.024538 0.118399 0.159051 0.267896 0.036060 0.285759 0.082236 0.017324 
0.004291 0.019453 0.025337 0.113302 0.123165 0.175528 0.078986 0.334494 0.093449 0.031996 
0.002126 0.010494 0.027345 0.132974 0.116909 0.228677 0.064109 0.308743 0.060271 0.048352 
0.004364 0.025540 0.101914 0.265175 0.266446 0.086366 0.077763 0.096919 0.033524 0.041988 
0.003199 0.037263 0.159292 0.248951 0.167027 0.059533 0.086553 0.108586 0.068704 0.060892 
0.002470 0.012665 0.069651 0.105344 0.160151 0.338626 0.060842 0.149290 0.051056 0.049904 
0.002412 0.024163 0.051973 0.093648 0.162808 0.304045 0.057880 0.225146 0.037151 0.040774 
0.003650 0.027515 0.049980 0.095601 0.137930 0.307390 0.050158 0.218324 0.052963 0.056490 
0.000321 0.013864 0.044048 0.128164 0.099014 0.319880 0.085614 0.211555 0.040416 0.057124 
0.008871 0.047996 0.074147 0.107960 0.109316 0.324706 0.089311 0.215973 0.006733 0.014988 
0.002639 0.012293 0.044148 0.130482 0.091668 0.309469 0.075348 0.231986 0.037591 0.064375 
0.000273 0.012041 0.028050 0.108431 0.088488 0.290533 0.039485 0.297141 0.089830 0.045728 
0.001796 0.013547 0.029056 0.083094 0.066346 0.207753 0.079765 0.352017 0.122848 0.043778 
0.000133 0.010803 0.017570 0.103085 0.068108 0.262118 0.060175 0.300572 0.127922 0.049514 
0.002544 0.016792 0.029614 0.102443 0.098289 0.354245 0.020450 0.285794 0.065150 0.024681 
0.002636 0.020736 0.016350 0.080583 0.118874 0.328425 0.074416 0.245134 0.085596 0.027249 
0.000970 0.041808 0.055505 0.177546 0.249758 0.088401 0.052527 0.167801 0.085234 0.080448 
0.002454 0.057602 0.066971 0.188389 0.153100 0.171198 0.051027 0.218557 0.036274 0.054427 
0.000643 0.037397 0.065998 0.088023 0.253783 0.155814 0.229562 0.079329 0.047463 0.041989 
0.006423 0.057034 0.131137 0.118180 0.268449 0.129511 0.137198 0.094583 0.029169 0.028316 
0.004103 0.121139 0.075271 0.216954 0.280586 0.092179 0.060447 0.094158 0.033657 0.021505 
0.008547 0.138120 0.080862 0.268271 0.278501 0.082570 0.035540 0.063666 0.029083 0.014839 
0.000398 0.111409 0.115694 0.273098 0.274640 0.076643 0.034570 0.052175 0.032038 0.029335 
0.001971 0.110573 0.090855 0.307375 0.216779 0.083940 0.024032 0.088984 0.054460 0.021031 
0.006823 0.068683 0.077074 0.112980 0.168961 0.112845 0.123380 0.135878 0.112057 0.081320 
0.003741 0.052694 0.054530 0.131914 0.203788 0.103847 0.184797 0.083127 0.138102 0.043459 
0.012761 0.087928 0.132550 0.120738 0.182235 0.093930 0.181353 0.088124 0.067403 0.032977 
0.008057 0.049085 0.135601 0.121675 0.146818 0.116433 0.212503 0.097543 0.057657 0.054628 
0.000944 0.066884 0.101874 0.143291 0.259799 0.061321 0.131234 0.113235 0.044608 0.076810 
0.001970 0.096338 0.098213 0.243970 0.121312 0.083702 0.103585 0.173780 0.032158 0.044972 
0.011261 0.072860 0.153190 0.168507 0.228019 0.141476 0.105682 0.057537 0.042989 0.018480 
0.011601 0.059391 0.085524 0.374066 0.221457 0.088794 0.087103 0.038569 0.024965 0.008531 
0.007412 0.065730 0.048648 0.423508 0.245656 0.082843 0.041445 0.063749 0.012160 0.008849 
0.001965 0.069065 0.063454 0.373612 0.293414 0.076878 0.031556 0.055259 0.025638 0.009159 
0.003913 0.060828 0.074044 0.372931 0.296590 0.068658 0.052702 0.047729 0.019883 0.002720 
0.002272 0.071261 0.049449 0.403452 0.308921 0.060609 0.046256 0.040018 0.011478 0.006284 
0.000019 0.070586 0.081484 0.344191 0.245305 0.056636 0.126938 0.047952 0.019192 0.007697 
0.008075 0.058044 0.137717 0.285721 0.196232 0.095050 0.104042 0.032245 0.061460 0.021414 
0.003006 0.067359 0.112870 0.312019 0.215835 0.094770 0.066370 0.069759 0.034192 0.023819 
0.006565 0.089577 0.096117 0.352296 0.246665 0.087373 0.028994 0.059183 0.016322 0.016908 
0.003432 0.078428 0.107849 0.363331 0.267279 0.072107 0.024210 0.059140 0.015162 0.009061 
0.006986 0.098452 0.093178 0.340777 0.260479 0.092345 0.034772 0.055093 0.009702 0.008216 
0.002555 0.101531 0.099791 0.320274 0.266473 0.096644 0.039235 0.045543 0.018907 0.009046 
0.006046 0.124450 0.107890 0.285579 0.254013 0.104357 0.050516 0.038277 0.021663 0.007207 
0.009678 0.149378 0.119955 0.235611 0.242024 0.131666 0.050724 0.036246 0.015222 0.009497 
0.010124 0.124548 0.182752 0.179663 0.204373 0.150788 0.073695 0.036469 0.022706 0.014880 
0.012922 0.173214 0.135333 0.170096 0.213251 0.139689 0.072766 0.051193 0.019118 0.012418 
0.004969 0.152359 0.125361 0.170559 0.267178 0.141525 0.065383 0.043019 0.020370 0.009276 
0.000877 0.159203 0.153229 0.122045 0.272809 0.149645 0.047053 0.076588 0.010169 0.008381 
0.013363 0.173987 0.146981 0.092423 0.307954 0.125089 0.052751 0.067823 0.011763 0.007865 
0.002145 0.032679 0.072369 0.065538 0.282966 0.115988 0.155651 0.175391 0.028631 0.068641 
0.009055 0.039623 0.058338 0.092197 0.238701 0.125843 0.101705 0.194963 0.055440 0.084136 
0.004677 0.051876 0.087008 0.074782 0.188686 0.167378 0.099070 0.168760 0.058112 0.099651 
0.001489 0.027772 0.047878 0.113260 0.206484 0.196727 0.094272 0.173771 0.074906 0.063441 
0.004131 0.026938 0.075949 0.097806 0.217729 0.202157 0.096795 0.162707 0.038934 0.076853 
0.001064 0.015325 0.066393 0.124033 0.285616 0.180223 0.077994 0.161219 0.023524 0.064608 
0.001793 0.029318 0.096706 0.182005 0.110346 0.165320 0.086715 0.193029 0.100509 0.034257 
0.000724 0.014845 0.088666 0.172408 0.192645 0.163778 0.044260 0.200266 0.088084 0.034323 
0.001590 0.014451 0.089053 0.173108 0.195595 0.197812 0.088034 0.159581 0.065159 0.015617 
0.001826 0.015432 0.102573 0.176710 0.205675 0.206467 0.055342 0.148420 0.059903 0.027652 
0.002163 0.008679 0.096082 0.209338 0.253501 0.229778 0.021869 0.119555 0.042167 0.016868 
0.000311 0.005531 0.100603 0.224436 0.243445 0.222825 0.044950 0.110822 0.033478 0.013598 
0.004754 0.027264 0.131465 0.134556 0.258091 0.222846 0.064718 0.109113 0.034128 0.013066 
0.010509 0.040032 0.046224 0.222746 0.192278 0.146775 0.037618 0.190173 0.081462 0.032183 
0.010170 0.044914 0.063526 0.238929 0.217937 0.167662 0.033838 0.147145 0.049535 0.026343 
0.007908 0.031139 0.058139 0.228046 0.263130 0.201165 0.018567 0.127295 0.043394 0.021217 
0.007852 0.029489 0.046151 0.245015 0.238519 0.211429 0.046495 0.119254 0.038902 0.016895 
0.009599 0.043780 0.075337 0.248032 0.190127 0.193296 0.066740 0.123958 0.037799 0.011331 
0.009266 0.037272 0.078098 0.226022 0.196672 0.213378 0.039610 0.136266 0.041068 0.022348 
0.001664 0.010739 0.052610 0.120457 0.217693 0.309172 0.072772 0.136433 0.058505 0.019954 
0.001643 0.011510 0.033280 0.151577 0.242503 0.325237 0.043684 0.113913 0.055856 0.020797 
0.003765 0.018033 0.041143 0.153987 0.219634 0.310949 0.062953 0.120036 0.050804 0.018697 
0.001128 0.011670 0.043654 0.190268 0.152791 0.286121 0.087715 0.145926 0.056757 0.023970 
0.003455 0.018150 0.047574 0.184010 0.171623 0.283220 0.079371 0.142167 0.048594 0.021835 
0.002420 0.012575 0.051367 0.169574 0.255298 0.290203 0.055590 0.117145 0.039570 0.006258 
0.001654 0.010716 0.050855 0.161989 0.221515 0.134254 0.148681 0.169265 0.072421 0.028650 
0.007394 0.029351 0.063832 0.251393 0.275378 0.132618 0.020993 0.141979 0.054320 0.022742 
0.008710 0.038584 0.060890 0.257575 0.237134 0.164723 0.034370 0.130995 0.045734 0.021285 
0.011111 0.046510 0.077665 0.261485 0.183615 0.169849 0.057870 0.131562 0.045077 0.015256 
0.010456 0.042355 0.075854 0.244492 0.220415 0.187995 0.047015 0.115594 0.033733 0.022091 
0.006518 0.029003 0.070610 0.240215 0.271797 0.215713 0.029008 0.096705 0.028869 0.011563 
0.001440 0.012086 0.061958 0.175259 0.231042 0.221237 0.076726 0.140427 0.054949 0.024876 
0.006861 0.028050 0.069132 0.210601 0.150493 0.269846 0.040708 0.134862 0.061093 0.028353 
0.003899 0.015349 0.086693 0.154493 0.246702 0.260553 0.019896 0.141734 0.049865 0.020816 
0.000696 0.005739 0.052024 0.074267 0.273668 0.164114 0.152176 0.166781 0.045012 0.065524 
0.003932 0.015966 0.063548 0.066379 0.381259 0.073955 0.099138 0.137838 0.055098 0.102888 
0.003221 0.013632 0.053751 0.075881 0.387416 0.053615 0.086249 0.151636 0.076419 0.098180 
0.012274 0.058912 0.094461 0.125349 0.201475 0.170783 0.124648 0.091901 0.080758 0.039440 
0.008777 0.034242 0.091852 0.267209 0.339658 0.075540 0.051764 0.062451 0.046953 0.021554 
0.002996 0.018292 0.075892 0.290139 0.440184 0.058008 0.025316 0.057782 0.021709 0.009682 
0.009883 0.046981 0.067063 0.314081 0.334893 0.098526 0.046641 0.044587 0.020528 0.016816 
0.011104 0.067691 0.081982 0.351336 0.296405 0.095988 0.042170 0.033579 0.010726 0.009019 
0.002643 0.088326 0.101656 0.316663 0.349319 0.077353 0.027158 0.023642 0.006325 0.006914 
0.009012 0.124571 0.119280 0.219486 0.297932 0.104454 0.040111 0.038760 0.027822 0.018572 
0.010273 0.097871 0.170813 0.155465 0.281194 0.088592 0.073551 0.054512 0.029429 0.038299 
0.010125 0.090692 0.181544 0.258448 0.224261 0.101081 0.034260 0.027025 0.034453 0.038111 
0.014991 0.102974 0.142449 0.239475 0.253719 0.111575 0.060682 0.024415 0.023247 0.026472 
0.001222 0.054888 0.178193 0.272869 0.273084 0.128058 0.030501 0.029862 0.013367 0.017957 
0.004696 0.023481 0.171704 0.308921 0.300905 0.134950 0.016428 0.018589 0.008308 0.012018 
0.006053 0.033615 0.146440 0.291719 0.303361 0.142341 0.017346 0.033319 0.016693 0.009114 
0.004477 0.040768 0.055128 0.325731 0.288012 0.057465 0.104167 0.059080 0.036051 0.029121 
0.000645 0.033335 0.065661 0.306673 0.366162 0.079696 0.080161 0.054372 0.009399 0.003895 
0.000184 0.024954 0.084747 0.324195 0.359258 0.088074 0.064566 0.044174 0.004797 0.005051 
0.002325 0.024757 0.092757 0.312078 0.333584 0.082211 0.065780 0.049100 0.026483 0.010924 
0.000496 0.017840 0.148299 0.283996 0.209897 0.136937 0.055640 0.072354 0.044112 0.030430 
0.000894 0.064118 0.165179 0.250845 0.192945 0.085785 0.152088 0.042967 0.026771 0.018408 
0.000639 0.015024 0.096527 0.300800 0.223880 0.106031 0.094793 0.108720 0.042809 0.010775 
0.005904 0.065374 0.087328 0.367499 0.264681 0.068187 0.028035 0.073373 0.030646 0.008974 
0.012841 0.116948 0.119836 0.360765 0.238772 0.069490 0.023797 0.042987 0.008365 0.006199 
0.003787 0.080883 0.137201 0.326704 0.215087 0.088016 0.054963 0.040466 0.032185 0.020709 
0.004689 0.093492 0.151200 0.323325 0.185265 0.072360 0.054334 0.057830 0.035770 0.021735 
0.015266 0.154107 0.149138 0.338520 0.185932 0.065266 0.041381 0.025568 0.014349 0.010472 
0.008903 0.174432 0.114000 0.368352 0.224181 0.040077 0.022523 0.023835 0.012871 0.010827 
0.007281 0.099794 0.089391 0.243208 0.149881 0.067289 0.044775 0.205815 0.039785 0.052781 
0.003934 0.087547 0.130187 0.237482 0.170925 0.089115 0.023477 0.197170 0.032293 0.027868 
0.008609 0.127850 0.074424 0.260048 0.205108 0.081596 0.040696 0.140672 0.012458 0.048540 
0.003398 0.111227 0.066359 0.186839 0.255632 0.127343 0.044056 0.121619 0.031073 0.052455 
0.004547 0.106811 0.077279 0.176503 0.263588 0.146367 0.045386 0.094355 0.027740 0.057424 
0.000014 0.114448 0.055671 0.181122 0.310328 0.151446 0.027691 0.059450 0.043573 0.056255 
0.015639 0.135125 0.086710 0.148868 0.172788 0.143693 0.118343 0.094304 0.052068 0.032463 
0.006288 0.063317 0.131788 0.329862 0.220702 0.087567 0.039001 0.066873 0.037959 0.016643 
0.000995 0.064512 0.106953 0.345491 0.222546 0.104822 0.028350 0.062375 0.040977 0.022981 
0.003284 0.086345 0.097765 0.351431 0.223081 0.086288 0.028871 0.070228 0.031120 0.021588 
0.004283 0.098648 0.100640 0.344819 0.236272 0.084994 0.018970 0.072605 0.015745 0.023024 
0.002645 0.104159 0.089405 0.329087 0.238476 0.081958 0.035757 0.089570 0.014688 0.014254 
0.011099 0.154522 0.113944 0.330050 0.175738 0.100249 0.020677 0.071274 0.017110 0.005336 
0.004567 0.097965 0.120451 0.235246 0.222233 0.076755 0.048748 0.082461 0.039981 0.071593 
0.002541 0.090276 0.089235 0.243866 0.184386 0.084727 0.041309 0.133378 0.040188 0.090094 
0.001413 0.075257 0.109765 0.244086 0.229169 0.077183 0.017930 0.144318 0.026683 0.074197 
0.001435 0.091751 0.066021 0.212760 0.293889 0.107238 0.029965 0.130718 0.041397 0.024826 
0.004442 0.088520 0.122308 0.205137 0.266547 0.111887 0.027477 0.105030 0.050478 0.018174 
0.009744 0.136557 0.074051 0.229143 0.237796 0.122509 0.031248 0.092080 0.014822 0.052050 
0.002934 0.070686 0.040859 0.159101 0.236329 0.134335 0.109411 0.114353 0.071702 0.060291 
0.005640 0.048508 0.073711 0.361526 0.170293 0.126883 0.050101 0.080092 0.059324 0.023924 
0.004305 0.084490 0.072077 0.402751 0.172407 0.102257 0.014578 0.093174 0.029540 0.024421 
0.000271 0.062216 0.100495 0.360517 0.247712 0.098497 0.021483 0.071990 0.019131 0.017689 
0.002678 0.069385 0.088891 0.354866 0.259667 0.087031 0.036281 0.058656 0.017949 0.024596 
0.011781 0.096381 0.136772 0.304602 0.218062 0.100835 0.030837 0.065374 0.017789 0.017566 
0.007800 0.100059 0.105840 0.206815 0.196074 0.114922 0.135345 0.057447 0.047447 0.028252 
0.001241 0.051964 0.132724 0.310322 0.215626 0.123274 0.055045 0.044673 0.045068 0.020061 
0.008893 0.096375 0.120463 0.355368 0.170896 0.108966 0.030720 0.063409 0.025083 0.019827 
0.002825 0.087979 0.101444 0.355541 0.195857 0.097639 0.033538 0.076734 0.024081 0.024361 
0.017094 0.128113 0.109278 0.298018 0.169523 0.102138 0.064970 0.074766 0.014590 0.021510 
0.009450 0.086653 0.098452 0.307002 0.169485 0.101944 0.084845 0.098882 0.027526 0.015761 
0.004331 0.069074 0.080370 0.345174 0.196845 0.114427 0.071582 0.064430 0.043050 0.010717 
0.000102 0.024887 0.025615 0.128270 0.107423 0.365393 0.174217 0.111365 0.050376 0.012353 
0.002084 0.020738 0.032455 0.098838 0.072427 0.333094 0.259582 0.061344 0.100595 0.018844 
0.002840 0.032997 0.050135 0.129310 0.117246 0.328007 0.191679 0.057235 0.065622 0.024929 
0.003645 0.020184 0.040936 0.089819 0.065414 0.261262 0.255962 0.061805 0.189554 0.011418 
0.003690 0.031725 0.041785 0.101522 0.057573 0.210267 0.206424 0.073847 0.260296 0.012872 
0.004727 0.070029 0.133822 0.209903 0.153984 0.112241 0.099577 0.046870 0.139223 0.029624 
0.005083 0.022704 0.035100 0.051665 0.070278 0.161957 0.185715 0.161328 0.274244 0.031927 
0.004644 0.032133 0.024904 0.068211 0.105620 0.180795 0.142238 0.216063 0.187375 0.038017 
0.002388 0.032426 0.032269 0.109184 0.170363 0.205759 0.158130 0.143303 0.095361 0.050816 
0.003012 0.018749 0.030190 0.065208 0.102542 0.397336 0.162640 0.071477 0.104431 0.044413 
0.000968 0.015678 0.028347 0.056520 0.059754 0.405752 0.083143 0.179732 0.145165 0.024939 
0.001715 0.018458 0.030341 0.067835 0.082533 0.488764 0.061040 0.158730 0.062865 0.027719 
0.004706 0.025560 0.041705 0.118836 0.120901 0.470646 0.100262 0.065742 0.033732 0.017910 
0.000029 0.010343 0.037420 0.115695 0.111816 0.432137 0.103645 0.118922 0.051128 0.018866 
0.000559 0.005697 0.043378 0.151957 0.115432 0.442916 0.055269 0.101496 0.056072 0.027224 
0.003204 0.010824 0.043632 0.205042 0.078699 0.364241 0.081912 0.138838 0.050796 0.022812 
0.002971 0.015678 0.049928 0.121216 0.091460 0.434225 0.099491 0.114370 0.042196 0.028464 
0.005830 0.023779 0.056392 0.143815 0.135409 0.434265 0.084832 0.081904 0.019464 0.014311 
0.002277 0.011239 0.053665 0.179247 0.131552 0.362026 0.074073 0.086049 0.062805 0.037067 
0.004135 0.019628 0.078704 0.146662 0.046116 0.391926 0.058205 0.144105 0.089463 0.021055 
0.007549 0.031285 0.080650 0.129538 0.066684 0.452727 0.084765 0.069078 0.050401 0.027323 
0.000572 0.007273 0.069955 0.151186 0.109450 0.343651 0.094155 0.108145 0.072058 0.043554 
0.004785 0.019044 0.079428 0.114058 0.128100 0.433603 0.062113 0.092185 0.042690 0.023995 
0.004364 0.017409 0.071098 0.129211 0.128675 0.394220 0.090738 0.105523 0.025565 0.033197 
0.001922 0.008242 0.070065 0.146025 0.091028 0.378575 0.073317 0.098448 0.037283 0.095095 
0.002811 0.012014 0.045190 0.080656 0.044151 0.240623 0.124809 0.270082 0.072984 0.106680 
0.002567 0.010098 0.038305 0.083386 0.067512 0.273093 0.065260 0.312976 0.077605 0.069200 
0.005364 0.023437 0.053819 0.076758 0.079497 0.400570 0.076167 0.151792 0.099497 0.033100 
0.006623 0.027040 0.050047 0.079070 0.076019 0.393959 0.090306 0.181633 0.065612 0.029691 
0.001229 0.007908 0.032653 0.093262 0.082649 0.389048 0.069329 0.220486 0.053442 0.049995 
0.000388 0.003205 0.054455 0.207012 0.087804 0.355241 0.073094 0.102698 0.026587 0.089516 
0.003095 0.013992 0.030639 0.118958 0.040038 0.310307 0.111270 0.218496 0.102018 0.051187 
0.000265 0.006359 0.016776 0.092151 0.065751 0.374632 0.030629 0.331949 0.071635 0.009854 
0.003489 0.015093 0.028253 0.062718 0.121885 0.356789 0.079216 0.212561 0.085134 0.034862 
0.004368 0.018063 0.035975 0.061829 0.110818 0.380481 0.104488 0.226883 0.035783 0.021312 
0.003138 0.013136 0.031680 0.072295 0.084263 0.398481 0.064456 0.178499 0.076346 0.077707 
0.001977 0.009582 0.025875 0.092830 0.071393 0.396100 0.114976 0.176561 0.059541 0.051163 
0.003616 0.014485 0.033071 0.087123 0.108107 0.400098 0.083517 0.151228 0.032735 0.086018 
0.009177 0.039069 0.057809 0.078414 0.092462 0.348281 0.112502 0.211654 0.037145 0.013489 
0.003907 0.018124 0.041539 0.089333 0.119161 0.352616 0.129115 0.165183 0.047026 0.033996 
0.003567 0.014323 0.038086 0.082492 0.146530 0.363129 0.090483 0.174482 0.047285 0.039623 
0.006150 0.026060 0.059636 0.127700 0.201920 0.295025 0.060793 0.131380 0.037500 0.053835 
0.004277 0.016431 0.051258 0.082936 0.358052 0.125882 0.088631 0.147354 0.046921 0.078257 
0.000898 0.020938 0.055354 0.149885 0.155358 0.250118 0.095784 0.150600 0.085389 0.035678 
0.003518 0.016288 0.043803 0.131654 0.181049 0.222523 0.049345 0.182430 0.135164 0.034226 
0.007169 0.035033 0.059251 0.155410 0.166128 0.197639 0.055199 0.157003 0.064095 0.103073 
0.001096 0.026213 0.061600 0.162413 0.166690 0.194037 0.061603 0.109461 0.082674 0.134216 
0.001295 0.029207 0.084080 0.160067 0.161754 0.212350 0.035712 0.139163 0.064461 0.111910 
0.002523 0.027916 0.080363 0.182504 0.154921 0.164445 0.041897 0.175713 0.051061 0.118659 
0.005128 0.026155 0.060160 0.103995 0.107260 0.174383 0.046015 0.341461 0.097528 0.037914 
0.006380 0.022342 0.059743 0.097122 0.101743 0.151642 0.073345 0.279604 0.182996 0.025083 
0.011818 0.045598 0.123869 0.276470 0.113528 0.092782 0.099181 0.080041 0.102410 0.054304 
0.001938 0.028260 0.171228 0.255107 0.132266 0.203406 0.051186 0.118183 0.030447 0.007979 
0.005984 0.034975 0.141740 0.188923 0.199863 0.188290 0.031503 0.107067 0.062295 0.039361 
0.005500 0.027247 0.150393 0.139176 0.249323 0.196188 0.035059 0.144699 0.030857 0.021557 
0.004909 0.028075 0.157460 0.235741 0.219378 0.148386 0.086914 0.059528 0.039230 0.020379 
0.008072 0.037073 0.056625 0.145492 0.308649 0.076703 0.168688 0.074600 0.060995 0.063104 
0.000408 0.008504 0.019274 0.155168 0.129221 0.297015 0.100760 0.174896 0.052114 0.062640 
0.008929 0.036742 0.050702 0.125320 0.132115 0.354049 0.087636 0.078914 0.061938 0.063655 
0.003055 0.014762 0.026534 0.098668 0.129588 0.428605 0.066825 0.084955 0.064330 0.082677 
0.005248 0.023726 0.046598 0.083505 0.130430 0.392458 0.109968 0.133975 0.021353 0.052739 
0.004386 0.023062 0.039971 0.048205 0.057387 0.394917 0.122681 0.191961 0.032303 0.085127 
0.002585 0.013323 0.045070 0.094355 0.068827 0.413551 0.127817 0.142706 0.034674 0.057092 
0.007512 0.078048 0.096181 0.334684 0.240535 0.081016 0.061079 0.065663 0.022415 0.012867 
0.006940 0.098764 0.085540 0.377343 0.274587 0.086819 0.016871 0.031460 0.018455 0.003221 
0.009704 0.116479 0.113511 0.351272 0.249819 0.062199 0.025877 0.044280 0.017925 0.008935 
0.011250 0.119463 0.174562 0.327808 0.201275 0.064982 0.029706 0.036736 0.016359 0.017860 
0.013267 0.138148 0.134541 0.312218 0.170165 0.085679 0.049457 0.050248 0.021664 0.024612 
0.003013 0.150917 0.091980 0.304289 0.196868 0.078699 0.071999 0.047893 0.032835 0.021506 
0.003426 0.050910 0.024411 0.096133 0.136124 0.392613 0.066433 0.166989 0.037755 0.025206 
0.002402 0.033407 0.032946 0.109951 0.064850 0.454301 0.079293 0.132145 0.056500 0.034205 
0.001617 0.046835 0.026424 0.123509 0.114394 0.431085 0.051282 0.124416 0.027486 0.052952 
0.000475 0.052883 0.041084 0.136029 0.099036 0.424914 0.033320 0.145346 0.033705 0.033209 
0.001294 0.042035 0.020129 0.102493 0.106661 0.435946 0.049952 0.134817 0.077158 0.029514 
0.003634 0.108282 0.105996 0.199228 0.223759 0.155236 0.053232 0.099997 0.027294 0.023341 
0.003438 0.042480 0.059583 0.293784 0.249296 0.132021 0.099927 0.047054 0.046907 0.025510 
0.010715 0.085436 0.102353 0.338279 0.180676 0.097822 0.015387 0.097462 0.054782 0.017088 
0.011901 0.074034 0.111391 0.333488 0.200785 0.097935 0.044309 0.081643 0.037022 0.007492 
0.010233 0.082258 0.111246 0.273603 0.227716 0.076527 0.069066 0.093417 0.031613 0.024322 
0.003800 0.072334 0.110782 0.302974 0.225447 0.076832 0.075090 0.068521 0.029552 0.034668 
0.003610 0.069617 0.084126 0.312322 0.246023 0.063976 0.062656 0.089732 0.035409 0.032529 
0.000230 0.025851 0.048644 0.133995 0.225543 0.053711 0.159947 0.189364 0.115136 0.047579 
0.000139 0.020397 0.026033 0.096768 0.137823 0.089068 0.184385 0.156100 0.154766 0.134523 
0.002074 0.038066 0.020064 0.095321 0.192821 0.091220 0.217990 0.082360 0.213972 0.046112 
0.001194 0.035393 0.035877 0.145889 0.199287 0.053771 0.174624 0.181215 0.142170 0.030580 
0.001410 0.042321 0.093563 0.172823 0.154483 0.098567 0.142612 0.182530 0.043820 0.067871 
0.004282 0.085028 0.090325 0.280475 0.185757 0.081193 0.039798 0.162251 0.043199 0.027691 
0.003190 0.059010 0.069764 0.168878 0.268190 0.051517 0.145756 0.156658 0.061203 0.015834 
0.005831 0.046951 0.104673 0.172989 0.243957 0.105128 0.137068 0.063733 0.087704 0.031967 
0.002937 0.038648 0.100859 0.212397 0.329228 0.059895 0.124610 0.059533 0.053997 0.017895 
0.000701 0.058659 0.069995 0.183872 0.283997 0.054693 0.193227 0.081725 0.048162 0.024968 
0.004209 0.095282 0.086094 0.182078 0.235165 0.180103 0.106618 0.068710 0.032663 0.009078 
0.003221 0.105050 0.114084 0.189186 0.209523 0.240739 0.067452 0.041312 0.023555 0.005878 
0.001144 0.133029 0.121912 0.242074 0.218494 0.127708 0.042486 0.062809 0.033729 0.016614 
0.011226 0.109782 0.107053 0.201078 0.195715 0.113300 0.116565 0.066497 0.055841 0.022942 
0.008875 0.043354 0.132594 0.278026 0.283505 0.055337 0.073595 0.062496 0.038854 0.023363 
0.001552 0.073416 0.131642 0.236161 0.377824 0.050487 0.016879 0.064002 0.020636 0.027400 
0.000714 0.076612 0.152909 0.113154 0.414182 0.072302 0.062210 0.060190 0.026153 0.021573 
0.004258 0.058925 0.171950 0.216625 0.326330 0.083452 0.040912 0.055930 0.025465 0.016153 
0.006667 0.081663 0.163780 0.346746 0.230311 0.099107 0.019244 0.029792 0.013863 0.008827 
0.007536 0.072681 0.119338 0.415345 0.201623 0.088420 0.031215 0.032412 0.021064 0.010367 
0.014982 0.104458 0.133931 0.377140 0.176463 0.089924 0.035791 0.032347 0.020602 0.014363 
0.009767 0.067463 0.117084 0.381193 0.225320 0.087108 0.048578 0.030769 0.019517 0.013202 
0.013545 0.139795 0.065067 0.360070 0.260286 0.076206 0.028913 0.036200 0.012432 0.007487 
0.001672 0.126953 0.089808 0.336342 0.287579 0.060844 0.041981 0.043148 0.005513 0.006161 
0.004747 0.146668 0.123163 0.364227 0.245215 0.040753 0.030780 0.035076 0.004215 0.005157 
0.004402 0.133167 0.072131 0.387488 0.239217 0.047100 0.056200 0.032151 0.018558 0.009585 
0.005906 0.053960 0.114853 0.206003 0.241506 0.147599 0.107767 0.061929 0.031575 0.028901 
0.000329 0.019171 0.113717 0.148220 0.267439 0.084999 0.168303 0.132518 0.021000 0.044304 
0.002328 0.046999 0.087372 0.173457 0.177550 0.143603 0.081991 0.171534 0.042213 0.072952 
0.006098 0.033216 0.104300 0.157136 0.151443 0.194253 0.078808 0.121589 0.080570 0.072587 
0.000977 0.021395 0.125704 0.134041 0.165326 0.189207 0.082831 0.152274 0.030713 0.097531 
0.003200 0.025374 0.132335 0.134216 0.196998 0.199657 0.109356 0.120076 0.036925 0.041865 
0.000925 0.030889 0.167310 0.247726 0.232782 0.102926 0.083378 0.065466 0.038064 0.030534 
0.002998 0.041422 0.095925 0.129508 0.130501 0.300334 0.113542 0.117044 0.049670 0.019056 
0.001297 0.026896 0.092223 0.088065 0.144226 0.364233 0.070781 0.129641 0.064794 0.017844 
0.006622 0.039461 0.104534 0.108878 0.108744 0.339920 0.081915 0.137653 0.053132 0.019141 
0.006002 0.022882 0.091095 0.149474 0.097752 0.317812 0.062963 0.169110 0.064482 0.018429 
0.002153 0.013706 0.106560 0.120464 0.140483 0.306864 0.064494 0.142677 0.063413 0.039186 
0.004669 0.022642 0.103256 0.107756 0.188902 0.301354 0.045406 0.131329 0.072741 0.021946 
0.008642 0.033206 0.108636 0.140138 0.154263 0.228096 0.088588 0.158348 0.062897 0.017186 
0.010768 0.031620 0.117931 0.059369 0.083253 0.345769 0.062805 0.167851 0.085868 0.034765 
0.000210 0.008330 0.115524 0.052176 0.090507 0.337857 0.096800 0.163011 0.104269 0.031317 
0.000240 0.007087 0.081361 0.026497 0.122033 0.338826 0.103110 0.198755 0.090983 0.031108 
0.001156 0.010907 0.051280 0.049049 0.147570 0.360752 0.075697 0.199682 0.071126 0.032782 
0.004593 0.020278 0.049272 0.129836 0.106022 0.307032 0.111247 0.170085 0.084243 0.017391 
0.006225 0.029502 0.068645 0.109557 0.123140 0.269225 0.115941 0.173327 0.071790 0.032649 
0.001517 0.019293 0.079522 0.164915 0.204443 0.120774 0.051427 0.220522 0.097811 0.039776 
0.003116 0.013357 0.073880 0.185570 0.217036 0.118821 0.069162 0.162758 0.120223 0.036077 
0.003334 0.014849 0.063405 0.183413 0.177810 0.160960 0.081581 0.188948 0.098311 0.027388 
0.001080 0.014325 0.040671 0.160677 0.209392 0.203533 0.084580 0.194355 0.078609 0.012777 
0.001871 0.013217 0.025854 0.180545 0.221725 0.220225 0.046857 0.163027 0.097072 0.029606 
0.000206 0.008321 0.030186 0.144212 0.184575 0.254478 0.068961 0.183690 0.087951 0.037419 
0.000544 0.015758 0.068394 0.185980 0.229391 0.168206 0.073300 0.141830 0.079032 0.037565 
0.004398 0.023557 0.087506 0.223450 0.269848 0.113566 0.038389 0.131360 0.075973 0.031952 
0.003189 0.016067 0.113508 0.230118 0.219564 0.136415 0.069951 0.141032 0.058390 0.011767 
0.004690 0.021806 0.105733 0.234744 0.228347 0.149108 0.045958 0.126312 0.062249 0.021053 
0.004841 0.025496 0.094848 0.204033 0.278770 0.168582 0.030089 0.123626 0.055033 0.014681 
0.001134 0.008450 0.082097 0.191317 0.225625 0.222653 0.075880 0.135377 0.039971 0.017496 
0.002189 0.019659 0.065377 0.158233 0.210432 0.157891 0.157830 0.111802 0.078440 0.038147 
0.007798 0.035545 0.081299 0.230154 0.208183 0.171069 0.075468 0.107570 0.073999 0.008914 
0.007998 0.033944 0.072811 0.172353 0.268598 0.210058 0.043710 0.113942 0.055371 0.021215 
0.000060 0.007309 0.077933 0.064512 0.347866 0.159814 0.123749 0.115392 0.027401 0.075964 
0.005399 0.022229 0.076202 0.096280 0.369471 0.050032 0.124622 0.108919 0.047283 0.099563 
0.001795 0.020526 0.087457 0.038058 0.374394 0.065190 0.148394 0.126753 0.038138 0.099296 
0.003368 0.041433 0.119750 0.213409 0.237832 0.093450 0.122830 0.083254 0.037545 0.047128 
0.005574 0.076707 0.146383 0.234350 0.237007 0.153592 0.063698 0.040477 0.031497 0.010714 
0.009922 0.111955 0.083190 0.272156 0.246151 0.139119 0.056311 0.047355 0.019642 0.014200 
0.004584 0.116295 0.129968 0.169610 0.244931 0.134018 0.088896 0.064587 0.031522 0.015590 
0.001592 0.137635 0.138324 0.087453 0.250962 0.172170 0.091392 0.069416 0.033815 0.017241 
0.003725 0.134955 0.142005 0.111762 0.225323 0.178731 0.071260 0.076970 0.039161 0.016108 
0.013070 0.185875 0.179754 0.197740 0.194586 0.082310 0.058171 0.039100 0.024228 0.025166 
0.008852 0.078008 0.059603 0.204344 0.316153 0.087474 0.090253 0.082990 0.047785 0.024537 
0.005839 0.058156 0.082841 0.226682 0.313376 0.126505 0.076502 0.063220 0.023475 0.023405 
0.005457 0.049430 0.092776 0.282541 0.258736 0.159923 0.035321 0.055375 0.024976 0.035465 
0.013095 0.069249 0.088147 0.310367 0.194151 0.154893 0.040500 0.055195 0.028718 0.045686 
0.006890 0.041951 0.097500 0.279695 0.240921 0.157852 0.070157 0.043063 0.030760 0.031211 
0.009588 0.052654 0.102102 0.203531 0.257085 0.059315 0.118454 0.101148 0.039041 0.057082 
0.000950 0.019753 0.142958 0.181476 0.227840 0.077896 0.150914 0.100392 0.055893 0.041928 
0.005252 0.083478 0.142357 0.112722 0.234941 0.115685 0.099896 0.131574 0.053886 0.020210 
0.002780 0.068302 0.102048 0.185706 0.283805 0.077147 0.096830 0.108563 0.051649 0.023170 
0.009427 0.087335 0.073072 0.212959 0.243697 0.042843 0.118744 0.133117 0.053531 0.025276 
0.002708 0.044442 0.119194 0.199640 0.284653 0.046024 0.136229 0.109892 0.025700 0.031518 
0.000859 0.036695 0.136378 0.267579 0.286100 0.140817 0.051473 0.032225 0.021024 0.026851 
0.005632 0.047431 0.114128 0.205039 0.220570 0.161223 0.091304 0.084175 0.036697 0.033801 
0.012508 0.115632 0.072379 0.191042 0.276595 0.144916 0.076344 0.064661 0.026641 0.019283 
0.000513 0.117410 0.089047 0.214063 0.261995 0.136592 0.067496 0.053546 0.045587 0.013749 
0.008851 0.144620 0.094185 0.223955 0.191399 0.156806 0.078427 0.053279 0.028421 0.020057 
0.004160 0.114051 0.084909 0.210710 0.248108 0.165417 0.109472 0.037103 0.008227 0.017844 
0.000306 0.084462 0.080769 0.210369 0.270116 0.179506 0.106359 0.040124 0.015674 0.012314 
0.002016 0.058235 0.077905 0.163893 0.236718 0.161148 0.112302 0.121807 0.027538 0.038438 
0.003000 0.062888 0.046815 0.179127 0.241034 0.167469 0.113319 0.085844 0.055610 0.044894 
0.000987 0.067430 0.047575 0.194577 0.167451 0.139584 0.170897 0.081409 0.061732 0.068357 
0.002953 0.069775 0.092989 0.180628 0.161473 0.096758 0.149462 0.117177 0.063844 0.064941 
0.004998 0.086982 0.069396 0.164607 0.167747 0.130083 0.133540 0.108348 0.066600 0.067698 
0.007470 0.115973 0.058368 0.169265 0.136240 0.153412 0.157321 0.060381 0.076084 0.065487 
0.006656 0.087466 0.069185 0.175515 0.130800 0.196577 0.126266 0.059543 0.068553 0.079439 
0.003701 0.054231 0.085898 0.244615 0.171454 0.101059 0.140161 0.074750 0.059826 0.064305 
0.000485 0.054410 0.080002 0.279372 0.186392 0.073491 0.142645 0.095791 0.037830 0.049582 
0.003748 0.069387 0.060535 0.280749 0.159586 0.097673 0.149908 0.074893 0.051361 0.052161 
0.000859 0.047299 0.078243 0.242037 0.199865 0.175741 0.115989 0.048620 0.047181 0.044166 
0.001872 0.047351 0.075604 0.202926 0.239063 0.174893 0.111854 0.055733 0.040170 0.050535 
0.002360 0.052193 0.071267 0.251616 0.279928 0.139514 0.067639 0.034883 0.034785 0.065816 
0.006326 0.038838 0.048280 0.093354 0.134708 0.151486 0.169550 0.105921 0.184056 0.067480 
0.005416 0.024929 0.084432 0.233427 0.100488 0.149815 0.176093 0.104421 0.086026 0.034953 
0.002371 0.014476 0.082045 0.164861 0.077446 0.126090 0.305091 0.109837 0.049583 0.068199 
0.002848 0.028794 0.043961 0.154421 0.093014 0.102380 0.207074 0.260528 0.056026 0.050954 
0.001702 0.022547 0.041319 0.168449 0.056549 0.070753 0.267180 0.274556 0.063108 0.033836 
0.001964 0.029770 0.032631 0.085343 0.136475 0.089212 0.387578 0.156244 0.042470 0.038314 
0.005084 0.034425 0.037136 0.055054 0.159672 0.025902 0.059792 0.438151 0.150243 0.034541 
0.005234 0.032448 0.044438 0.067733 0.112546 0.033041 0.049280 0.582842 0.047988 0.024450 
0.008026 0.050715 0.046893 0.051380 0.147336 0.041139 0.080466 0.469925 0.084356 0.019765 
0.001626 0.021353 0.025960 0.044082 0.180248 0.044727 0.075681 0.445168 0.100686 0.060468 
0.004829 0.026498 0.033231 0.045097 0.093560 0.059914 0.124933 0.569934 0.026642 0.015363 
0.001861 0.031774 0.026240 0.063928 0.239836 0.046503 0.146223 0.367287 0.058084 0.018264 
0.006161 0.057089 0.031313 0.094626 0.238551 0.146738 0.143478 0.083799 0.104744 0.093500 
0.001548 0.137470 0.207556 0.093030 0.090126 0.040162 0.095195 0.080023 0.194791 0.060099 
0.001039 0.185728 0.279599 0.082558 0.066334 0.053629 0.031489 0.106927 0.146545 0.046152 
0.005224 0.162997 0.207976 0.100219 0.086949 0.059766 0.060084 0.089754 0.113745 0.113286 
0.002644 0.152156 0.160544 0.105837 0.107352 0.089642 0.086982 0.117937 0.107258 0.069648 
0.008815 0.210217 0.107193 0.069962 0.126732 0.092452 0.116566 0.116136 0.081841 0.070085 
0.003393 0.190662 0.152196 0.066988 0.136320 0.134215 0.135969 0.114062 0.027251 0.038944 
0.017090 0.173275 0.154504 0.082230 0.157477 0.062547 0.101305 0.094027 0.060245 0.097299 
0.016384 0.182484 0.139811 0.073300 0.139606 0.088690 0.114505 0.124812 0.061973 0.058435 
0.013681 0.167108 0.135172 0.093938 0.082311 0.079394 0.090503 0.183845 0.068144 0.085903 
0.002305 0.184793 0.149817 0.108697 0.111422 0.084577 0.098756 0.152274 0.042252 0.065108 
0.001182 0.181595 0.129878 0.160598 0.094924 0.082116 0.088849 0.168251 0.054304 0.038304 
0.012498 0.124434 0.104374 0.159562 0.083440 0.089447 0.124119 0.205237 0.039017 0.057871 
0.003549 0.043518 0.076574 0.177536 0.132347 0.111482 0.104250 0.199789 0.103818 0.047138 
0.002903 0.032442 0.079378 0.131443 0.145640 0.151472 0.145102 0.170063 0.079811 0.061745 
0.001028 0.024914 0.131151 0.161435 0.089565 0.174057 0.150478 0.174742 0.046361 0.046269 
0.010772 0.063703 0.098674 0.158181 0.204100 0.126890 0.057123 0.164627 0.032699 0.083231 
0.008783 0.047146 0.084516 0.187584 0.221560 0.144457 0.068964 0.113656 0.049952 0.073380 
0.004013 0.071042 0.107242 0.101645 0.137299 0.190690 0.121753 0.113831 0.083084 0.069401 
0.006380 0.091339 0.119794 0.106039 0.111492 0.135644 0.120017 0.143531 0.103027 0.062736 
0.006419 0.084011 0.122547 0.106887 0.169130 0.149590 0.081946 0.096253 0.079158 0.104058 
0.002532 0.053903 0.098414 0.087947 0.303391 0.191981 0.062923 0.110394 0.041557 0.046957 
0.001732 0.038977 0.121703 0.094455 0.286903 0.156584 0.048513 0.152870 0.055435 0.042829 
0.002821 0.052333 0.070886 0.187380 0.234124 0.118852 0.094727 0.107544 0.064625 0.066708 
0.001195 0.046495 0.128460 0.173594 0.172142 0.184297 0.090196 0.063573 0.053646 0.086402 
0.000728 0.050996 0.112523 0.142411 0.189360 0.208467 0.113485 0.088138 0.055095 0.038796 
0.008501 0.085603 0.100264 0.216802 0.194550 0.130700 0.095177 0.091969 0.043649 0.032785 
