Lego-House,Ed-Sheeran
0.000000 0.000000 0.000000 0.000000 0.000000 0.000000 0.000000 0.000000 0.000000 0.000000 
0.000000 0.000000 0.000000 0.000000 0.000000 0.000000 0.000000 0.000000 0.000000 0.000000 
0.000000 0.000000 0.000000 0.000000 0.000000 0.000000 0.000000 0.000000 0.000000 0.000000 
0.023256 0.093023 0.116279 0.116279 0.116279 0.093023 0.116279 0.116279 0.116279 0.093023 
0.011377 0.015520 0.040173 0.025567 0.037895 0.023897 0.071346 0.218162 0.228144 0.327919 
0.006985 0.015792 0.029268 0.029644 0.025837 0.021137 0.057042 0.201990 0.233582 0.378724 
0.002695 0.017443 0.040363 0.034201 0.039966 0.015056 0.050440 0.208127 0.295983 0.295726 
0.011143 0.024032 0.040490 0.028021 0.031169 0.031881 0.072288 0.189927 0.279735 0.291313 
0.000694 0.028659 0.055082 0.032953 0.035293 0.048701 0.076638 0.225164 0.190681 0.306135 
0.018812 0.033431 0.050219 0.027930 0.037459 0.028465 0.039221 0.113095 0.311046 0.340322 
0.003454 0.029983 0.055535 0.022092 0.043554 0.028143 0.069915 0.239467 0.175877 0.331979 
0.014910 0.039633 0.041274 0.049257 0.059978 0.053964 0.085495 0.146090 0.274897 0.234502 
0.000607 0.035864 0.042002 0.050835 0.060273 0.053066 0.088984 0.177873 0.265048 0.225448 
0.012404 0.033886 0.049297 0.052790 0.056048 0.047125 0.092835 0.184446 0.220814 0.250355 
0.003206 0.037507 0.044309 0.044747 0.043050 0.025085 0.082776 0.171106 0.226293 0.321922 
0.009660 0.020396 0.030179 0.023766 0.033459 0.026150 0.066230 0.146112 0.427247 0.216802 
0.007393 0.026608 0.032394 0.029840 0.021932 0.035493 0.056053 0.205747 0.318621 0.265919 
0.005126 0.032134 0.038966 0.031267 0.027474 0.033620 0.059717 0.272935 0.362475 0.136287 
0.010450 0.019716 0.037378 0.033830 0.042214 0.037931 0.064132 0.204010 0.340607 0.209733 
0.007238 0.013538 0.016561 0.013924 0.030676 0.023106 0.091158 0.200045 0.254539 0.349217 
0.008595 0.012428 0.027334 0.023195 0.017162 0.031329 0.069021 0.223652 0.276110 0.311174 
0.002253 0.030017 0.034654 0.016292 0.035695 0.042566 0.054987 0.161028 0.191960 0.430549 
0.012595 0.017355 0.038912 0.036048 0.037330 0.019906 0.096330 0.153215 0.163759 0.424551 
0.007454 0.012854 0.021121 0.028171 0.024965 0.023977 0.038814 0.173746 0.385761 0.283137 
0.012721 0.016984 0.045082 0.031503 0.027045 0.021986 0.104967 0.178721 0.290310 0.270682 
0.006625 0.018026 0.024678 0.027175 0.023894 0.016318 0.071379 0.273548 0.365451 0.172906 
0.003293 0.019969 0.034221 0.018112 0.031270 0.027691 0.065066 0.201139 0.289331 0.309908 
0.004727 0.027394 0.042493 0.030430 0.039611 0.040368 0.064105 0.204726 0.349996 0.196149 
0.014622 0.044238 0.034361 0.039649 0.040884 0.032539 0.117405 0.073494 0.306344 0.296464 
0.008935 0.023475 0.027547 0.037259 0.025092 0.029274 0.081973 0.177630 0.256246 0.332569 
0.001025 0.034559 0.032426 0.040073 0.029822 0.023734 0.107902 0.164376 0.232833 0.333251 
0.012249 0.045107 0.025190 0.023499 0.054038 0.040420 0.105230 0.132637 0.298303 0.263325 
0.001852 0.041390 0.041021 0.032710 0.029956 0.038233 0.121219 0.173695 0.194881 0.325042 
0.009683 0.034355 0.036010 0.035970 0.044975 0.033474 0.084714 0.192661 0.214685 0.313473 
0.013268 0.043396 0.032725 0.026094 0.028083 0.035327 0.113853 0.197985 0.308615 0.200654 
0.002354 0.033778 0.047225 0.043056 0.048060 0.033327 0.076036 0.166130 0.332496 0.217538 
0.017081 0.030612 0.037006 0.027236 0.029312 0.034243 0.085192 0.141428 0.260217 0.337672 
0.001138 0.019925 0.034015 0.038112 0.020580 0.026479 0.086126 0.149050 0.315652 0.308923 
0.007575 0.028137 0.022474 0.017009 0.023913 0.026275 0.062243 0.174569 0.332809 0.304994 
0.013421 0.038075 0.031197 0.024953 0.034726 0.028524 0.112376 0.208535 0.211321 0.296873 
0.014835 0.043742 0.032130 0.036503 0.024331 0.024910 0.133624 0.219752 0.189451 0.280723 
0.006278 0.026176 0.034583 0.024905 0.028612 0.028903 0.108120 0.134694 0.310618 0.297111 
0.007380 0.023790 0.027027 0.037748 0.029347 0.023362 0.069274 0.232527 0.326905 0.222640 
0.011431 0.021387 0.019325 0.029165 0.026107 0.029211 0.080731 0.195093 0.375195 0.212355 
0.006078 0.020402 0.019927 0.020807 0.018877 0.019947 0.045874 0.225077 0.193411 0.429601 
0.002720 0.029489 0.031613 0.029613 0.034297 0.052289 0.116624 0.179401 0.277754 0.246200 
0.010489 0.028172 0.035820 0.041777 0.050635 0.046648 0.087343 0.209109 0.245824 0.244183 
0.007162 0.024269 0.031256 0.024806 0.023975 0.023035 0.076440 0.115173 0.351617 0.322267 
0.006683 0.032729 0.041603 0.031813 0.029097 0.026708 0.068765 0.124199 0.190220 0.448181 
0.013980 0.029361 0.030626 0.035586 0.032342 0.031866 0.062393 0.173467 0.312167 0.278212 
0.002104 0.020773 0.034433 0.042984 0.041419 0.031878 0.058036 0.123517 0.311148 0.333709 
0.011291 0.018028 0.035884 0.024471 0.030802 0.038785 0.053277 0.122882 0.321750 0.342831 
0.009606 0.037393 0.040808 0.033182 0.014164 0.015751 0.068193 0.139434 0.347891 0.293578 
0.012162 0.046772 0.046376 0.038389 0.031690 0.044076 0.087335 0.168370 0.269175 0.255656 
0.012491 0.033730 0.038604 0.044898 0.030467 0.020463 0.079074 0.092501 0.428009 0.219765 
0.009514 0.023058 0.025043 0.042074 0.028219 0.014984 0.090665 0.141063 0.290041 0.335339 
0.009492 0.033227 0.037163 0.037350 0.043270 0.049660 0.086264 0.156957 0.286714 0.259902 
0.010811 0.027790 0.030272 0.016683 0.036664 0.052502 0.086829 0.153336 0.343772 0.241343 
0.007433 0.033448 0.039397 0.034626 0.033111 0.041762 0.075553 0.203192 0.410411 0.121067 
0.018954 0.046638 0.025446 0.030107 0.048821 0.022156 0.046562 0.229147 0.307673 0.224496 
0.005656 0.049556 0.024398 0.030718 0.035191 0.035589 0.066229 0.099119 0.359410 0.294134 
0.014991 0.044073 0.058403 0.038740 0.036391 0.039311 0.104327 0.133372 0.355174 0.175218 
0.009850 0.022340 0.025509 0.024063 0.028031 0.046317 0.104300 0.206321 0.345197 0.188072 
0.007122 0.043226 0.034769 0.042275 0.038234 0.050851 0.069732 0.191335 0.254241 0.268213 
0.014773 0.032980 0.027067 0.028013 0.046262 0.043162 0.126272 0.224648 0.268647 0.188176 
0.006674 0.022461 0.038313 0.041278 0.031121 0.050656 0.158374 0.119979 0.261203 0.269941 
0.016955 0.044315 0.023816 0.043092 0.048295 0.033826 0.064181 0.100331 0.357923 0.267266 
0.011245 0.022886 0.017920 0.030475 0.022313 0.035719 0.095752 0.138926 0.273140 0.351625 
0.005372 0.034532 0.044238 0.035886 0.034002 0.038840 0.064486 0.132658 0.406699 0.203287 
0.009646 0.016993 0.022307 0.028675 0.035611 0.039039 0.089222 0.174306 0.306113 0.278087 
0.005582 0.017117 0.025911 0.026426 0.033906 0.025614 0.109962 0.221546 0.283269 0.250667 
0.004406 0.014388 0.028014 0.027404 0.029061 0.044669 0.169759 0.113527 0.230309 0.338463 
0.014575 0.019016 0.017660 0.027769 0.031484 0.031117 0.101816 0.164253 0.278393 0.313918 
0.001370 0.014606 0.015443 0.029223 0.052945 0.022826 0.090957 0.164322 0.309436 0.298872 
0.014782 0.019971 0.027895 0.032054 0.050389 0.063757 0.086769 0.151741 0.214329 0.338313 
0.005353 0.019172 0.019555 0.022531 0.046520 0.036895 0.075723 0.183508 0.293302 0.297441 
0.008279 0.016852 0.024211 0.019623 0.038843 0.024492 0.068987 0.208504 0.254455 0.335753 
0.003858 0.019902 0.015255 0.022320 0.033948 0.028532 0.143731 0.177654 0.280551 0.274249 
0.008001 0.028142 0.036635 0.014830 0.041562 0.032610 0.107759 0.111376 0.318735 0.300350 
0.014675 0.021528 0.036476 0.038667 0.038258 0.024842 0.096534 0.134888 0.297962 0.296169 
0.004917 0.030808 0.031625 0.043384 0.036290 0.029846 0.071000 0.139912 0.202868 0.409351 
0.012138 0.035267 0.040899 0.051163 0.047408 0.048404 0.156395 0.142259 0.276465 0.189603 
0.003509 0.045234 0.053876 0.040580 0.052622 0.025807 0.107578 0.124958 0.313941 0.231895 
0.014448 0.018752 0.025075 0.022046 0.037767 0.035158 0.042922 0.186653 0.319934 0.297245 
0.003003 0.019589 0.032007 0.029203 0.033247 0.041535 0.087221 0.159586 0.373868 0.220740 
0.012397 0.019327 0.018678 0.025674 0.039157 0.027214 0.098641 0.183418 0.278141 0.297355 
0.003182 0.032846 0.028892 0.012601 0.028110 0.032049 0.097522 0.183015 0.290328 0.291456 
0.008050 0.026816 0.019988 0.031201 0.035570 0.032721 0.059860 0.182676 0.275543 0.327577 
0.007129 0.038119 0.032626 0.030192 0.035261 0.042964 0.058126 0.173676 0.335328 0.246579 
0.003576 0.023438 0.036484 0.015779 0.045339 0.034676 0.094724 0.153605 0.323512 0.268867 
0.019183 0.016339 0.020714 0.027603 0.042878 0.046425 0.080939 0.201419 0.267867 0.276632 
0.007633 0.024784 0.035214 0.022843 0.040236 0.047567 0.086979 0.160075 0.299091 0.275578 
0.005921 0.020617 0.027114 0.027347 0.043226 0.037911 0.095776 0.133937 0.347181 0.260971 
0.005584 0.022146 0.036338 0.038745 0.046333 0.051122 0.109229 0.114337 0.277948 0.298218 
0.005742 0.015326 0.027920 0.025277 0.032776 0.038064 0.068239 0.164914 0.254769 0.366973 
0.018043 0.029771 0.020128 0.028042 0.027818 0.055726 0.063758 0.116651 0.284171 0.355891 
0.002165 0.018454 0.019920 0.026785 0.047407 0.031596 0.048459 0.222164 0.283329 0.299721 
0.012354 0.037034 0.044084 0.032348 0.045723 0.072363 0.104431 0.132925 0.191099 0.327641 
0.006355 0.021642 0.023104 0.018395 0.058617 0.030639 0.046983 0.160398 0.323944 0.309923 
0.006156 0.017501 0.014359 0.018186 0.043347 0.042395 0.047457 0.212723 0.199982 0.397894 
0.002926 0.030643 0.035097 0.014151 0.020346 0.039390 0.042298 0.132774 0.241043 0.441332 
0.005921 0.026804 0.034266 0.022609 0.028062 0.027137 0.061261 0.069594 0.274921 0.449425 
0.006911 0.019570 0.042347 0.021454 0.030460 0.055055 0.043360 0.234948 0.288511 0.257385 
0.004613 0.019662 0.023092 0.017354 0.026547 0.052509 0.038826 0.174559 0.245759 0.397079 
0.002803 0.029732 0.029189 0.039360 0.036827 0.030840 0.059872 0.163410 0.221015 0.386953 
0.012886 0.037393 0.025565 0.025528 0.030855 0.043581 0.055480 0.138229 0.251955 0.378527 
0.003758 0.025314 0.030967 0.033151 0.023814 0.055594 0.064887 0.199370 0.281802 0.281343 
0.003152 0.021476 0.029668 0.040062 0.026218 0.027357 0.067541 0.178597 0.261729 0.344200 
0.010374 0.020176 0.025513 0.023532 0.035219 0.057842 0.065342 0.148467 0.300540 0.312993 
0.002754 0.020176 0.027217 0.036419 0.041442 0.059447 0.073614 0.145150 0.223701 0.370080 
0.011881 0.017466 0.031397 0.023854 0.045595 0.057700 0.086919 0.115610 0.237743 0.371835 
0.003061 0.027275 0.023676 0.023752 0.037271 0.055370 0.115019 0.102319 0.319943 0.292314 
0.012265 0.018069 0.035706 0.020878 0.031477 0.058301 0.084136 0.170051 0.217354 0.351763 
0.001636 0.026161 0.019286 0.046320 0.035272 0.045643 0.095363 0.103483 0.301297 0.325541 
0.008201 0.027379 0.023256 0.023297 0.046979 0.048224 0.070508 0.166662 0.275581 0.309913 
0.005098 0.017090 0.031168 0.026700 0.037239 0.044287 0.076344 0.139519 0.357484 0.265072 
0.014445 0.029106 0.035937 0.024610 0.047577 0.026835 0.116896 0.140770 0.272836 0.290988 
0.006519 0.033298 0.048775 0.057743 0.048264 0.049015 0.074345 0.147774 0.231519 0.302747 
0.009051 0.012286 0.028710 0.027350 0.044987 0.055549 0.120256 0.181903 0.253037 0.266871 
0.010995 0.022299 0.025408 0.032549 0.053984 0.034680 0.060652 0.155447 0.275667 0.328320 
0.017682 0.056710 0.047169 0.023124 0.044168 0.067168 0.110513 0.150511 0.165916 0.317040 
0.010489 0.024052 0.032126 0.027560 0.020574 0.015883 0.059214 0.148991 0.187368 0.473741 
0.010480 0.023982 0.029820 0.020767 0.022345 0.037832 0.063471 0.091463 0.384956 0.314884 
0.009130 0.037208 0.031504 0.030948 0.060892 0.038864 0.075906 0.115683 0.269967 0.329899 
0.011318 0.025003 0.026963 0.042370 0.040347 0.054951 0.055008 0.145691 0.270811 0.327538 
0.012062 0.021105 0.018464 0.021341 0.029498 0.042548 0.108630 0.109857 0.249997 0.386498 
0.005521 0.020552 0.029772 0.041937 0.047396 0.050032 0.073485 0.107497 0.268777 0.355031 
0.003596 0.014254 0.030630 0.025087 0.053954 0.073173 0.078808 0.218546 0.182528 0.319425 
0.006923 0.035683 0.028043 0.031503 0.017150 0.052164 0.072355 0.162542 0.257607 0.336030 
0.008290 0.030510 0.042180 0.037512 0.047946 0.046856 0.057575 0.147403 0.340546 0.241181 
0.019807 0.047381 0.051197 0.048344 0.048778 0.061897 0.073768 0.177022 0.151546 0.320260 
0.004166 0.039503 0.031904 0.021825 0.058141 0.051344 0.142710 0.198247 0.218498 0.233662 
0.016375 0.046978 0.032775 0.037654 0.055000 0.084734 0.139691 0.159754 0.326883 0.100155 
0.001013 0.044686 0.048945 0.050446 0.041764 0.034564 0.136100 0.153046 0.297525 0.191910 
0.004125 0.017808 0.023286 0.031437 0.044099 0.083670 0.112082 0.176984 0.386012 0.120496 
0.008969 0.018380 0.040082 0.033306 0.045662 0.105604 0.065840 0.068630 0.308995 0.304532 
0.006592 0.016644 0.037923 0.031004 0.058956 0.122692 0.106218 0.115631 0.252845 0.251497 
0.010521 0.013585 0.029448 0.027405 0.027464 0.083986 0.067726 0.173089 0.415440 0.151336 
0.007321 0.027650 0.031313 0.040449 0.047140 0.092836 0.066481 0.105545 0.296744 0.284521 
0.011644 0.028915 0.046075 0.032501 0.044304 0.105362 0.104796 0.166997 0.229640 0.229766 
0.010241 0.029194 0.026592 0.038194 0.038366 0.075187 0.110184 0.137134 0.239336 0.295574 
0.010533 0.022675 0.047419 0.020046 0.042729 0.073868 0.064486 0.118073 0.368889 0.231281 
0.012006 0.030020 0.061917 0.057650 0.078728 0.058516 0.098748 0.153738 0.304832 0.143844 
0.008915 0.021838 0.038380 0.043428 0.054673 0.040927 0.053610 0.131504 0.348547 0.258179 
0.014000 0.022590 0.055307 0.031339 0.061657 0.073637 0.079629 0.115979 0.388439 0.157422 
0.012371 0.033032 0.038170 0.028728 0.054971 0.038347 0.050616 0.104268 0.280334 0.359164 
0.007505 0.015370 0.014072 0.044588 0.036398 0.041353 0.082289 0.175208 0.407453 0.175764 
0.000643 0.039929 0.039667 0.040407 0.063018 0.080090 0.099798 0.081046 0.284739 0.270663 
0.020983 0.031606 0.040623 0.035716 0.035594 0.047128 0.108315 0.139590 0.335960 0.204485 
0.017457 0.049379 0.051886 0.054582 0.051225 0.038869 0.112133 0.126897 0.244721 0.252851 
0.004718 0.038476 0.049967 0.049734 0.020749 0.063892 0.088401 0.065572 0.373920 0.244572 
0.019049 0.028882 0.044734 0.039328 0.038884 0.056220 0.077046 0.148573 0.249052 0.298232 
0.007090 0.023889 0.047127 0.031228 0.063693 0.055075 0.115148 0.196925 0.240832 0.218992 
0.015815 0.038996 0.041213 0.043492 0.058643 0.036854 0.119649 0.142410 0.228925 0.274003 
0.000089 0.046221 0.062061 0.049789 0.043350 0.050997 0.127276 0.143803 0.279995 0.196419 
0.014650 0.028011 0.038574 0.038045 0.034362 0.041708 0.082256 0.157469 0.276074 0.288851 
0.019769 0.029360 0.073232 0.038547 0.047613 0.026869 0.054720 0.127841 0.292415 0.289634 
0.008432 0.030316 0.073388 0.064924 0.037460 0.052045 0.095013 0.190080 0.340280 0.108063 
0.015575 0.023560 0.046539 0.033216 0.036589 0.039254 0.097310 0.173688 0.327438 0.206832 
0.009753 0.029763 0.040087 0.031232 0.044584 0.051984 0.162129 0.187030 0.298915 0.144524 
0.006907 0.048985 0.016473 0.022327 0.043617 0.032094 0.091975 0.172596 0.373779 0.191247 
0.000940 0.037415 0.021204 0.028602 0.053835 0.036210 0.077213 0.216601 0.361144 0.166837 
0.009433 0.031005 0.025076 0.019987 0.025690 0.047250 0.084310 0.169415 0.348318 0.239516 
0.010277 0.024965 0.036339 0.058805 0.054275 0.057546 0.083505 0.252242 0.260438 0.161607 
0.006101 0.038472 0.039065 0.049433 0.043508 0.060290 0.101848 0.112565 0.230389 0.318329 
0.009923 0.017566 0.036564 0.041559 0.029627 0.037176 0.079160 0.184940 0.399081 0.164405 
0.021477 0.031559 0.034981 0.048532 0.058315 0.039824 0.070586 0.141600 0.383152 0.169974 
0.002023 0.017346 0.039566 0.039327 0.017935 0.045370 0.066242 0.187967 0.177247 0.406978 
0.015741 0.018901 0.026767 0.032086 0.023276 0.020489 0.059659 0.120882 0.315283 0.366916 
0.006751 0.016169 0.025612 0.035877 0.022358 0.024096 0.104615 0.219104 0.301540 0.243878 
0.006699 0.012073 0.022184 0.022834 0.028156 0.040688 0.077345 0.209281 0.224495 0.356246 
0.009595 0.012572 0.031418 0.034990 0.050219 0.053589 0.093388 0.184071 0.223921 0.306238 
0.002874 0.014007 0.019822 0.028227 0.027116 0.037248 0.112779 0.147336 0.370221 0.240369 
0.003157 0.024474 0.024504 0.023807 0.024125 0.015786 0.077044 0.127775 0.384262 0.295066 
0.007308 0.011363 0.019899 0.025507 0.018446 0.034008 0.084774 0.172528 0.300450 0.325718 
0.000337 0.022638 0.031562 0.030635 0.031613 0.037479 0.084272 0.132753 0.316338 0.312372 
0.002697 0.013464 0.016051 0.020206 0.025374 0.030312 0.039079 0.169132 0.376210 0.307475 
0.008664 0.009582 0.024775 0.024994 0.037731 0.024116 0.053663 0.149380 0.288842 0.378254 
0.002306 0.024890 0.029028 0.027213 0.030338 0.039266 0.065091 0.119731 0.427070 0.235065 
0.004138 0.035801 0.025974 0.028993 0.052381 0.047582 0.078549 0.135039 0.278270 0.313273 
0.005252 0.019830 0.020575 0.018649 0.021932 0.051583 0.079123 0.234096 0.331465 0.217494 
0.006859 0.024992 0.024899 0.028502 0.021665 0.043980 0.043970 0.175936 0.426492 0.202705 
0.005296 0.020034 0.021524 0.016424 0.019053 0.028919 0.048665 0.099036 0.473863 0.267187 
0.005264 0.031556 0.021228 0.030429 0.026355 0.026585 0.045429 0.093452 0.440594 0.279110 
0.003717 0.019303 0.017071 0.019428 0.039119 0.023429 0.053225 0.152161 0.521077 0.151470 
0.007411 0.022526 0.012958 0.021398 0.024952 0.036704 0.067828 0.134177 0.432815 0.239231 
0.008398 0.020561 0.020320 0.025696 0.030030 0.020870 0.089932 0.087731 0.402692 0.293771 
0.006178 0.020035 0.020014 0.034260 0.029045 0.033500 0.082800 0.085578 0.459091 0.229499 
0.009929 0.025620 0.026948 0.024344 0.026129 0.044082 0.096341 0.168873 0.401350 0.176385 
0.003038 0.027751 0.020221 0.029210 0.022428 0.029318 0.060739 0.117318 0.365095 0.324883 
0.009511 0.024897 0.016685 0.019011 0.033315 0.030177 0.049502 0.077401 0.399582 0.339919 
0.007509 0.024455 0.033952 0.015141 0.033555 0.031205 0.059417 0.123878 0.305243 0.365644 
0.011126 0.038847 0.023596 0.035310 0.050155 0.043070 0.068790 0.153239 0.388197 0.187668 
0.008224 0.013713 0.026364 0.023727 0.019505 0.048589 0.041085 0.153621 0.475018 0.190155 
0.001830 0.030969 0.040907 0.046820 0.033983 0.033898 0.065221 0.142688 0.253046 0.350636 
0.018763 0.015583 0.037987 0.033304 0.036053 0.039751 0.113150 0.123235 0.254503 0.327671 
0.018292 0.032952 0.035325 0.044738 0.050890 0.064730 0.081721 0.142276 0.281310 0.247767 
0.001814 0.038159 0.040835 0.046207 0.054604 0.036854 0.102209 0.158603 0.274746 0.245969 
0.015480 0.020363 0.026812 0.046937 0.048456 0.042633 0.096149 0.138716 0.364530 0.199924 
0.009754 0.023840 0.033018 0.022089 0.025923 0.031800 0.129866 0.139520 0.332470 0.251720 
0.001975 0.015754 0.028651 0.031530 0.048263 0.079346 0.137777 0.129014 0.312816 0.214873 
0.009960 0.020147 0.026083 0.038166 0.029602 0.027331 0.103351 0.108847 0.332065 0.304448 
0.013186 0.015349 0.032772 0.038424 0.030355 0.034196 0.088787 0.105090 0.285190 0.356651 
0.001627 0.041102 0.033922 0.020435 0.044167 0.039992 0.088965 0.137649 0.386657 0.205484 
0.009943 0.038499 0.037536 0.047162 0.047184 0.028953 0.086635 0.175956 0.247650 0.280483 
0.021388 0.044773 0.048023 0.020706 0.049131 0.064060 0.074943 0.101920 0.229687 0.345368 
0.020753 0.032779 0.046541 0.038686 0.041666 0.042492 0.066718 0.139514 0.185891 0.384959 
0.007668 0.010253 0.013331 0.019131 0.025825 0.018731 0.024787 0.071687 0.386150 0.422437 
0.016387 0.017765 0.016047 0.038263 0.041190 0.026037 0.094255 0.299388 0.177023 0.273645 
0.002859 0.015895 0.023841 0.033797 0.044975 0.049995 0.092228 0.195701 0.385073 0.155637 
0.010076 0.022456 0.042041 0.011202 0.027683 0.032651 0.082639 0.180515 0.315795 0.274943 
0.003642 0.016886 0.019590 0.010509 0.014297 0.027963 0.089430 0.198307 0.178840 0.440536 
0.009977 0.012556 0.018454 0.018699 0.028061 0.029560 0.063798 0.228595 0.370582 0.219719 
0.009545 0.009840 0.012965 0.021827 0.021644 0.025392 0.112197 0.123942 0.345895 0.316753 
0.003853 0.011513 0.017814 0.021527 0.014020 0.065005 0.063177 0.082296 0.354986 0.365808 
0.007842 0.011464 0.023504 0.023458 0.044012 0.069483 0.132527 0.160477 0.317901 0.209333 
0.000247 0.042691 0.042972 0.031742 0.039399 0.033137 0.104690 0.119024 0.313178 0.272921 
0.012518 0.033368 0.047862 0.038886 0.040271 0.059317 0.075940 0.107956 0.191085 0.392797 
0.007103 0.016353 0.034129 0.028016 0.029200 0.030078 0.066935 0.096134 0.229981 0.462070 
0.004149 0.018176 0.025015 0.024209 0.025521 0.024334 0.100385 0.163167 0.275147 0.339898 
0.014666 0.027817 0.027182 0.020303 0.029837 0.029464 0.052087 0.162745 0.307216 0.328683 
0.001090 0.026210 0.043209 0.035298 0.040713 0.046871 0.079562 0.151171 0.298111 0.277765 
0.009281 0.025764 0.026168 0.029120 0.038931 0.053735 0.058801 0.143601 0.265240 0.349360 
0.003726 0.023890 0.035154 0.021367 0.040553 0.062383 0.069986 0.158687 0.220657 0.363598 
0.010260 0.010521 0.019443 0.025087 0.033656 0.065130 0.089719 0.212458 0.192728 0.340998 
0.014300 0.018512 0.023078 0.024685 0.042168 0.042306 0.073790 0.183394 0.163969 0.413799 
0.001994 0.012107 0.021070 0.023772 0.033202 0.020931 0.040627 0.139039 0.285850 0.421407 
0.008748 0.022502 0.021743 0.016716 0.025439 0.035536 0.036001 0.138135 0.238860 0.456321 
0.003108 0.011157 0.016259 0.011547 0.024965 0.031919 0.055288 0.219626 0.244549 0.381582 
0.010158 0.012172 0.019338 0.021289 0.030055 0.017208 0.067269 0.159216 0.273475 0.389821 
0.009681 0.016487 0.022896 0.013490 0.044079 0.032191 0.085346 0.236579 0.252798 0.286453 
0.004807 0.009322 0.028045 0.030227 0.025489 0.028648 0.048983 0.193236 0.226289 0.404954 
0.009661 0.016433 0.028350 0.020271 0.034289 0.034547 0.041972 0.100127 0.299435 0.414917 
0.007791 0.020727 0.037053 0.028993 0.024558 0.023072 0.077838 0.169002 0.281311 0.329654 
0.011073 0.025345 0.043706 0.040293 0.041613 0.036829 0.081873 0.148949 0.259970 0.310347 
0.005333 0.041450 0.048320 0.066690 0.052018 0.039612 0.067683 0.107415 0.210750 0.360729 
0.013188 0.015940 0.020693 0.032566 0.034103 0.028271 0.078318 0.087429 0.294657 0.394835 
0.002279 0.017323 0.010971 0.039036 0.046048 0.026065 0.078396 0.177590 0.252462 0.349830 
0.008346 0.024364 0.026397 0.025618 0.033703 0.039001 0.079955 0.176705 0.279478 0.306433 
0.020519 0.023088 0.037318 0.035806 0.027733 0.036608 0.090144 0.153042 0.265518 0.310224 
0.004281 0.021185 0.016734 0.045652 0.046096 0.028955 0.066125 0.162402 0.280343 0.328227 
0.009464 0.020585 0.033825 0.017047 0.032421 0.038722 0.075974 0.190553 0.286992 0.294418 
0.009373 0.009573 0.022225 0.022655 0.042196 0.044467 0.090390 0.166387 0.300896 0.291838 
0.006261 0.013526 0.015986 0.016647 0.032426 0.037676 0.101621 0.177785 0.292264 0.305809 
0.007959 0.005154 0.016819 0.030627 0.035339 0.024316 0.051726 0.090230 0.356883 0.380948 
0.008426 0.006970 0.013843 0.016315 0.033200 0.026273 0.042202 0.176666 0.215998 0.460106 
0.012531 0.008923 0.028566 0.021198 0.027108 0.027445 0.063637 0.140350 0.274265 0.395978 
0.004344 0.019022 0.029460 0.037129 0.034326 0.026260 0.050463 0.220862 0.338440 0.239694 
0.012552 0.027858 0.023493 0.029627 0.042694 0.041413 0.118714 0.225635 0.238301 0.239713 
0.005132 0.016389 0.030398 0.027070 0.045906 0.038176 0.137100 0.254715 0.249795 0.195318 
0.012029 0.022267 0.021499 0.019500 0.028901 0.044856 0.079158 0.161297 0.343213 0.267281 
0.006656 0.009286 0.020289 0.018609 0.026143 0.060927 0.054001 0.202315 0.315873 0.285900 
0.008480 0.018181 0.017223 0.037283 0.027304 0.036510 0.108941 0.248637 0.247902 0.249538 
0.009088 0.030002 0.035947 0.046512 0.032496 0.026761 0.103083 0.209991 0.283798 0.222322 
0.017730 0.024230 0.036760 0.035546 0.046821 0.025341 0.081332 0.188898 0.402877 0.140464 
0.012224 0.019624 0.034302 0.026454 0.024295 0.035076 0.072907 0.257704 0.274017 0.243397 
0.010891 0.014661 0.022150 0.029739 0.027511 0.039207 0.069918 0.265599 0.319580 0.200744 
0.001212 0.022679 0.038649 0.039231 0.043335 0.040806 0.055094 0.128887 0.380323 0.249784 
0.016081 0.032335 0.049706 0.028943 0.040436 0.043158 0.070919 0.137971 0.208252 0.372199 
0.008907 0.019132 0.047991 0.040067 0.018479 0.027047 0.061123 0.096645 0.293754 0.386856 
0.015927 0.038092 0.047107 0.042676 0.049343 0.043740 0.066530 0.097837 0.326010 0.272738 
0.018062 0.041380 0.068172 0.047220 0.050416 0.053760 0.076798 0.137144 0.228284 0.278763 
0.016548 0.052007 0.055099 0.045214 0.043332 0.041263 0.069204 0.182087 0.201931 0.293316 
0.009489 0.016818 0.038301 0.034427 0.033117 0.023943 0.064741 0.136878 0.344234 0.298052 
0.011090 0.031458 0.030908 0.030465 0.033491 0.034676 0.068526 0.139839 0.291776 0.327771 
0.010088 0.024414 0.020397 0.038876 0.058000 0.079048 0.072405 0.180569 0.196110 0.320093 
0.001369 0.038951 0.042891 0.051939 0.060580 0.056706 0.114569 0.152718 0.264516 0.215761 
0.015177 0.029914 0.033095 0.029345 0.041739 0.048611 0.109648 0.176196 0.270704 0.245572 
0.002122 0.026083 0.036062 0.056240 0.049400 0.057368 0.119914 0.148989 0.275640 0.228182 
0.011436 0.031092 0.041641 0.049233 0.058916 0.046569 0.077577 0.126630 0.288788 0.268119 
0.015536 0.015270 0.042582 0.039846 0.025673 0.051708 0.105963 0.160335 0.249328 0.293758 
0.004555 0.025609 0.044366 0.047954 0.065940 0.076036 0.090115 0.215636 0.242646 0.187143 
0.011167 0.023631 0.039382 0.030574 0.046644 0.038492 0.064266 0.241403 0.282641 0.221800 
0.001977 0.017324 0.017229 0.023796 0.020007 0.027931 0.045450 0.141257 0.267314 0.437715 
0.009522 0.026071 0.028792 0.022638 0.019377 0.026096 0.027499 0.092160 0.229350 0.518494 
0.014294 0.026288 0.033839 0.026564 0.044247 0.040593 0.117434 0.163881 0.232427 0.300432 
0.010821 0.033579 0.042939 0.026587 0.052693 0.046452 0.088341 0.136092 0.361692 0.200804 
0.011350 0.031504 0.044790 0.036212 0.040180 0.049570 0.067116 0.091934 0.324409 0.302935 
0.005438 0.026070 0.029356 0.041580 0.060352 0.034408 0.103929 0.208040 0.281428 0.209399 
0.013945 0.027347 0.036753 0.029740 0.029429 0.029994 0.088734 0.133541 0.217398 0.393119 
0.005538 0.024783 0.027019 0.024424 0.029554 0.028093 0.100517 0.142886 0.411900 0.205287 
0.006733 0.013331 0.019813 0.026216 0.040938 0.028863 0.091573 0.126926 0.419877 0.225731 
0.000092 0.026262 0.034945 0.022548 0.021014 0.028055 0.068264 0.126210 0.300815 0.371794 
0.014118 0.016033 0.020711 0.018956 0.023472 0.014017 0.038977 0.135060 0.348241 0.370415 
0.004151 0.050477 0.078579 0.032011 0.033769 0.021361 0.062927 0.110052 0.291020 0.315652 
0.015503 0.073094 0.044685 0.033675 0.028999 0.028667 0.087126 0.076295 0.412535 0.199420 
0.019581 0.046387 0.044111 0.046710 0.031455 0.084607 0.075584 0.156562 0.206790 0.288212 
0.018067 0.041494 0.049319 0.040308 0.030646 0.056113 0.096397 0.106345 0.337212 0.224100 
0.010030 0.045379 0.044348 0.057874 0.020915 0.070132 0.090798 0.123377 0.220790 0.316358 
0.001266 0.056140 0.068802 0.046781 0.046742 0.050157 0.061055 0.142643 0.163262 0.363153 
0.003353 0.069304 0.311620 0.342732 0.065516 0.046233 0.045860 0.027551 0.035122 0.052709 
0.011915 0.060279 0.301146 0.357501 0.084462 0.039285 0.048193 0.040435 0.030953 0.025832 
0.022858 0.116150 0.309888 0.353659 0.072534 0.022524 0.020205 0.026483 0.019700 0.035999 
0.006794 0.042645 0.353022 0.380510 0.048548 0.026175 0.017730 0.041255 0.049213 0.034107 
0.003023 0.025981 0.403445 0.279865 0.139905 0.025299 0.028728 0.022344 0.041409 0.030000 
0.010568 0.051504 0.416011 0.267280 0.149614 0.016843 0.021180 0.010087 0.031308 0.025605 
0.006118 0.051520 0.451009 0.209380 0.120344 0.040732 0.046907 0.028838 0.021021 0.024131 
0.011153 0.061493 0.471750 0.185527 0.126832 0.035156 0.033406 0.019276 0.028172 0.027235 
0.018580 0.082161 0.356541 0.224787 0.107730 0.064249 0.037218 0.016675 0.058609 0.033451 
0.004409 0.046727 0.369338 0.200332 0.138052 0.075532 0.042829 0.025051 0.052289 0.045442 
0.013948 0.065629 0.391522 0.229137 0.126433 0.037729 0.023735 0.013315 0.061804 0.036748 
0.012277 0.054230 0.390156 0.271517 0.135964 0.055213 0.021682 0.020639 0.026086 0.012237 
0.013753 0.097469 0.395854 0.255825 0.108881 0.031799 0.027435 0.018192 0.025781 0.025012 
0.019801 0.122818 0.306955 0.284150 0.107652 0.035664 0.032665 0.019307 0.035151 0.035837 
0.007262 0.061201 0.404353 0.259187 0.124149 0.019849 0.033504 0.020818 0.029695 0.039982 
0.009789 0.046550 0.343715 0.298347 0.137798 0.054815 0.035742 0.016521 0.026477 0.030245 
0.003670 0.036537 0.396557 0.267785 0.123002 0.032568 0.061171 0.013733 0.039100 0.025878 
0.003510 0.037068 0.352597 0.311588 0.129738 0.032912 0.044030 0.024036 0.030759 0.033762 
0.010665 0.057434 0.357480 0.288047 0.143143 0.031960 0.038307 0.014473 0.026523 0.031968 
0.014193 0.077575 0.283439 0.286799 0.154416 0.042624 0.034006 0.016620 0.039263 0.051064 
0.001875 0.055704 0.364079 0.327767 0.119377 0.018121 0.035952 0.011718 0.043214 0.022192 
0.007538 0.037983 0.355821 0.281261 0.145495 0.023649 0.059623 0.018961 0.040387 0.029280 
0.003013 0.024721 0.339527 0.340830 0.142699 0.026030 0.053478 0.015052 0.027259 0.027391 
0.013270 0.068269 0.347483 0.335421 0.122041 0.014916 0.042331 0.014118 0.020522 0.021629 
0.008924 0.060663 0.314597 0.324903 0.101759 0.027292 0.076707 0.021727 0.035351 0.028077 
0.009469 0.058858 0.250750 0.345327 0.134523 0.018854 0.101755 0.031323 0.025470 0.023671 
0.008157 0.057433 0.308056 0.290196 0.118361 0.029806 0.100621 0.042025 0.025174 0.020170 
0.011385 0.049139 0.352357 0.287030 0.101541 0.030098 0.112440 0.025430 0.016365 0.014216 
0.006731 0.051819 0.324063 0.360779 0.092147 0.024085 0.082520 0.013550 0.034679 0.009626 
0.005699 0.042068 0.384841 0.411722 0.051369 0.012492 0.056331 0.012755 0.011464 0.011261 
0.017684 0.091790 0.307045 0.416214 0.046315 0.016819 0.054299 0.007171 0.025580 0.017083 
0.011740 0.060362 0.363468 0.343231 0.066522 0.027101 0.060700 0.026979 0.022011 0.017888 
0.003246 0.034346 0.497423 0.308117 0.018966 0.022136 0.061625 0.014160 0.026310 0.013672 
0.014497 0.073797 0.374590 0.317517 0.106774 0.027927 0.045411 0.011111 0.021671 0.006705 
0.015283 0.072664 0.331887 0.316250 0.122919 0.029532 0.053020 0.026299 0.023394 0.008752 
0.003278 0.031246 0.364835 0.361201 0.113891 0.018294 0.066026 0.014299 0.014218 0.012712 
0.008875 0.056428 0.354597 0.355486 0.096733 0.034029 0.052695 0.015076 0.015664 0.010416 
0.011081 0.067870 0.375493 0.287784 0.135374 0.021735 0.043456 0.021710 0.023259 0.012237 
0.004346 0.024273 0.365593 0.324047 0.106833 0.047349 0.054244 0.034117 0.022624 0.016574 
0.001109 0.008718 0.431684 0.323832 0.103442 0.025519 0.048961 0.024471 0.018404 0.013860 
0.005386 0.025606 0.408397 0.338739 0.109248 0.031016 0.039964 0.011278 0.019185 0.011181 
0.016933 0.085958 0.357901 0.370367 0.083805 0.030509 0.031116 0.009123 0.009146 0.005142 
0.023127 0.118502 0.324337 0.344544 0.113733 0.013248 0.035173 0.011090 0.010878 0.005368 
0.005077 0.046746 0.410154 0.364559 0.093544 0.014135 0.036635 0.011074 0.013036 0.005041 
0.000349 0.033561 0.432796 0.340558 0.075384 0.031799 0.040874 0.014621 0.019044 0.011014 
0.009347 0.060047 0.410225 0.276943 0.114662 0.041377 0.027703 0.021120 0.024789 0.013787 
0.013048 0.074869 0.407884 0.279465 0.092657 0.029789 0.039584 0.021268 0.025476 0.015960 
0.014204 0.060166 0.483404 0.279733 0.110471 0.006575 0.020784 0.006724 0.011295 0.006645 
0.022450 0.105154 0.238510 0.227179 0.202228 0.080390 0.038631 0.043010 0.023769 0.018679 
0.017939 0.126683 0.237547 0.207165 0.224265 0.048904 0.066688 0.029660 0.032325 0.008824 
0.010819 0.126968 0.265097 0.246622 0.206312 0.020062 0.056813 0.008318 0.051326 0.007663 
0.004204 0.087790 0.270218 0.223519 0.238370 0.040862 0.051945 0.022374 0.050435 0.010281 
0.007678 0.068610 0.336839 0.232364 0.202017 0.036127 0.050307 0.013764 0.040083 0.012213 
0.007126 0.082005 0.333317 0.255963 0.132277 0.040152 0.066781 0.038263 0.031048 0.013069 
0.010259 0.104078 0.267007 0.282971 0.166560 0.038264 0.064833 0.029911 0.024907 0.011208 
0.009053 0.102992 0.323202 0.289671 0.137342 0.037700 0.031505 0.029222 0.022624 0.016688 
0.012072 0.101051 0.424540 0.251411 0.111242 0.024289 0.039991 0.009293 0.014577 0.011535 
0.028089 0.217090 0.454162 0.116096 0.069639 0.035713 0.041356 0.014134 0.013687 0.010032 
0.027773 0.211111 0.440467 0.156000 0.058413 0.031850 0.022754 0.018598 0.023171 0.009864 
0.000549 0.133002 0.499147 0.189548 0.086751 0.035568 0.018155 0.009811 0.020499 0.006971 
0.001738 0.075300 0.303254 0.259287 0.216859 0.038960 0.052342 0.022817 0.022622 0.006820 
0.003900 0.075162 0.299034 0.362412 0.137959 0.023154 0.049285 0.020977 0.023631 0.004486 
0.002972 0.062724 0.279253 0.364453 0.186442 0.013780 0.042639 0.012037 0.027640 0.008061 
0.010837 0.037483 0.288169 0.329351 0.204827 0.025848 0.049082 0.013419 0.035846 0.005138 
0.010883 0.051726 0.274499 0.255108 0.221034 0.041428 0.073520 0.019084 0.035076 0.017643 
0.005625 0.080466 0.328923 0.303771 0.110530 0.044436 0.046408 0.028923 0.028111 0.022807 
0.010343 0.065103 0.449461 0.279148 0.092785 0.008437 0.044861 0.026194 0.013470 0.010197 
0.005564 0.030990 0.518937 0.267267 0.088853 0.016144 0.020781 0.017603 0.017464 0.016398 
0.020830 0.103541 0.427813 0.287362 0.069618 0.024659 0.018769 0.022340 0.015670 0.009398 
0.022977 0.152207 0.279480 0.240610 0.136031 0.054566 0.042723 0.029521 0.033777 0.008105 
0.005118 0.049634 0.450280 0.218340 0.118943 0.046722 0.042922 0.034802 0.021173 0.012065 
0.001881 0.058058 0.545620 0.189711 0.100520 0.034882 0.029590 0.019431 0.010567 0.009739 
0.008100 0.088217 0.460114 0.195970 0.094098 0.054414 0.034248 0.029176 0.021470 0.014192 
0.017111 0.115788 0.479089 0.211215 0.073900 0.047154 0.019475 0.016191 0.010784 0.009292 
0.009778 0.104680 0.399421 0.250665 0.111310 0.033244 0.029118 0.021213 0.021652 0.018920 
0.022937 0.147438 0.481783 0.158167 0.069843 0.044872 0.024752 0.027421 0.012831 0.009956 
0.015213 0.152406 0.405268 0.246507 0.085838 0.033677 0.021778 0.017631 0.009298 0.012385 
0.002488 0.032683 0.442867 0.272077 0.085605 0.075742 0.030183 0.019393 0.032614 0.006348 
0.004682 0.040607 0.438987 0.228510 0.117019 0.075199 0.023795 0.027148 0.029547 0.014506 
0.009763 0.058813 0.476333 0.237789 0.098814 0.066587 0.015647 0.016670 0.014181 0.005404 
0.009158 0.074986 0.465785 0.228560 0.091846 0.059835 0.016756 0.018169 0.030527 0.004378 
0.003706 0.056209 0.511660 0.201100 0.074184 0.065901 0.021541 0.029512 0.026194 0.009994 
0.000998 0.072280 0.430837 0.239059 0.073692 0.063867 0.031583 0.045351 0.027094 0.015238 
0.009257 0.078657 0.486403 0.205546 0.066619 0.049422 0.031780 0.029407 0.027472 0.015435 
0.001141 0.077868 0.437795 0.250124 0.091780 0.072417 0.019652 0.017942 0.026457 0.004824 
0.004571 0.074596 0.493184 0.230379 0.068811 0.056666 0.028735 0.011659 0.021517 0.009882 
0.006128 0.043519 0.558803 0.211536 0.062238 0.046633 0.017875 0.013866 0.027943 0.011460 
0.015834 0.095765 0.540458 0.160782 0.047654 0.047101 0.022323 0.023181 0.035645 0.011257 
0.017839 0.109128 0.533010 0.182964 0.027044 0.064329 0.012983 0.013940 0.031823 0.006939 
0.018121 0.105510 0.452744 0.211119 0.061112 0.074527 0.022743 0.018187 0.028129 0.007809 
0.007833 0.055881 0.552174 0.197927 0.047557 0.070349 0.016251 0.012170 0.031873 0.007985 
0.003968 0.056501 0.521831 0.225779 0.055264 0.067417 0.016827 0.018796 0.027462 0.006155 
0.020291 0.117915 0.416198 0.248240 0.054070 0.069840 0.022093 0.020111 0.024280 0.006961 
0.011809 0.079291 0.514094 0.218769 0.048302 0.057175 0.026447 0.011754 0.025725 0.006634 
0.009104 0.095036 0.480405 0.244565 0.045583 0.067045 0.016515 0.010347 0.024072 0.007328 
0.006450 0.070411 0.463408 0.269266 0.051537 0.073399 0.025886 0.015392 0.021213 0.003039 
0.016278 0.105610 0.396275 0.280755 0.047460 0.069197 0.026579 0.018537 0.031922 0.007386 
0.014965 0.094748 0.448146 0.264341 0.056814 0.056397 0.020171 0.018438 0.022130 0.003850 
0.018406 0.114607 0.461752 0.239522 0.044608 0.046031 0.028549 0.019628 0.021286 0.005612 
0.005230 0.058908 0.410898 0.323764 0.059314 0.080896 0.021574 0.013268 0.023417 0.002731 
0.014106 0.088250 0.412448 0.291504 0.062443 0.064308 0.021838 0.018766 0.017580 0.008757 
0.014010 0.061502 0.450541 0.263899 0.094545 0.045266 0.025155 0.017297 0.019053 0.008732 
0.002305 0.045086 0.462993 0.202388 0.091833 0.056312 0.053080 0.043671 0.027389 0.014945 
0.015409 0.114833 0.383279 0.252238 0.071743 0.038797 0.048432 0.035986 0.030974 0.008308 
0.028855 0.151202 0.391046 0.252452 0.060785 0.027537 0.031399 0.011886 0.034171 0.010666 
0.001328 0.054406 0.464752 0.297422 0.079613 0.027888 0.026765 0.020345 0.019959 0.007523 
0.007413 0.064976 0.473237 0.257218 0.075204 0.042216 0.033068 0.021118 0.019893 0.005657 
0.002609 0.024221 0.413354 0.274093 0.096217 0.061249 0.043817 0.039092 0.027851 0.017497 
0.008829 0.056590 0.265280 0.357432 0.131361 0.059358 0.042961 0.031151 0.024515 0.022523 
0.004604 0.045804 0.431005 0.305424 0.111816 0.034059 0.023571 0.011900 0.020565 0.011252 
0.015359 0.061455 0.480994 0.230134 0.106611 0.030348 0.022506 0.010941 0.034730 0.006922 
0.021783 0.109317 0.477054 0.182050 0.106796 0.031764 0.018863 0.014620 0.032813 0.004940 
0.019942 0.090661 0.448008 0.164085 0.128898 0.033435 0.031195 0.038319 0.033923 0.011534 
0.004704 0.053902 0.266884 0.242101 0.215829 0.071986 0.053758 0.052152 0.023386 0.015297 
0.007597 0.064756 0.299129 0.235499 0.244321 0.056690 0.021978 0.039107 0.020744 0.010179 
0.015984 0.108754 0.255172 0.229893 0.232750 0.061016 0.020935 0.044194 0.022252 0.009050 
0.006380 0.071178 0.254060 0.263302 0.234628 0.066305 0.031363 0.042850 0.020973 0.008961 
0.010851 0.068825 0.322085 0.267255 0.170486 0.054074 0.022300 0.045293 0.025317 0.013513 
0.008870 0.052285 0.276321 0.343986 0.164938 0.044213 0.036630 0.033490 0.023131 0.016137 
0.000678 0.042214 0.276569 0.336544 0.194204 0.053953 0.029009 0.041157 0.017416 0.008256 
0.009191 0.082739 0.334259 0.266371 0.151234 0.068303 0.034284 0.019678 0.023655 0.010286 
0.012767 0.085677 0.327214 0.276525 0.133373 0.061894 0.043686 0.026774 0.019477 0.012613 
0.009887 0.098340 0.351140 0.204224 0.124268 0.056367 0.050132 0.036844 0.050500 0.018298 
0.000890 0.074137 0.410256 0.237648 0.146361 0.018373 0.050464 0.024754 0.028423 0.008695 
0.015890 0.106211 0.406282 0.189674 0.156150 0.026723 0.039555 0.013577 0.030852 0.015087 
0.014528 0.078662 0.229959 0.233568 0.241123 0.056568 0.043016 0.055650 0.032536 0.014389 
0.000068 0.063943 0.287012 0.303899 0.202349 0.045967 0.030611 0.037546 0.017966 0.010638 
0.007505 0.064561 0.312498 0.204136 0.231496 0.054323 0.042022 0.045384 0.027117 0.010958 
0.000870 0.055051 0.285392 0.265471 0.236600 0.040058 0.027157 0.042862 0.027682 0.018856 
0.025990 0.136190 0.184499 0.323538 0.111462 0.057341 0.038516 0.044340 0.045044 0.033080 
0.014050 0.090146 0.295361 0.336577 0.091739 0.037608 0.030155 0.044105 0.031315 0.028945 
0.005656 0.040069 0.357182 0.362875 0.089039 0.033088 0.038678 0.026306 0.022454 0.024653 
0.000538 0.025160 0.379739 0.412957 0.060162 0.035606 0.028169 0.017130 0.012020 0.028520 
0.021434 0.100031 0.361216 0.292859 0.118814 0.022457 0.023913 0.017453 0.019447 0.022376 
0.015576 0.079400 0.404100 0.264259 0.129056 0.014590 0.020857 0.025442 0.028044 0.018676 
0.004508 0.045594 0.441021 0.202936 0.135071 0.044261 0.036516 0.035146 0.029113 0.025835 
0.008144 0.034671 0.498857 0.165761 0.135378 0.052278 0.046029 0.015382 0.021790 0.021709 
0.000922 0.038663 0.487891 0.173709 0.129813 0.048498 0.039601 0.024974 0.037549 0.018381 
0.004442 0.052719 0.467231 0.213047 0.115269 0.042579 0.019361 0.023089 0.044480 0.017783 
0.012995 0.072116 0.411525 0.270262 0.122629 0.036500 0.016392 0.010133 0.032344 0.015103 
0.002481 0.045904 0.357328 0.306456 0.146003 0.048602 0.027019 0.021356 0.025756 0.019094 
0.006147 0.083061 0.342369 0.177773 0.145309 0.059683 0.068620 0.041440 0.044098 0.031500 
0.007269 0.054943 0.379221 0.298258 0.128946 0.041621 0.031086 0.016528 0.025565 0.016562 
0.008317 0.080198 0.388440 0.274825 0.107672 0.044110 0.034130 0.022899 0.017855 0.021554 
0.006127 0.048315 0.379149 0.347028 0.119427 0.030814 0.032279 0.004893 0.010106 0.021861 
0.005260 0.056208 0.342537 0.292777 0.106748 0.045002 0.066004 0.030418 0.024872 0.030173 
0.010352 0.070626 0.307304 0.291186 0.149062 0.054031 0.045897 0.027028 0.026792 0.017721 
0.018515 0.088516 0.327516 0.309307 0.135148 0.039839 0.033980 0.008825 0.021398 0.016955 
0.005126 0.033064 0.383007 0.279175 0.148570 0.050822 0.040467 0.012746 0.032553 0.014469 
