Let Me Love You, Ariana Grande
0.000000 0.000000 0.000000 0.000000 0.000000 0.000000 0.000000 0.000000 0.000000 0.000000 
0.000000 0.000000 0.000000 0.000000 0.000000 0.000000 0.000000 0.000000 0.000000 0.000000 
0.000000 0.000000 0.000000 0.000000 0.000000 0.000000 0.000000 0.000000 0.000000 0.000000 
0.000000 0.000000 0.000000 0.000000 0.000000 0.000000 0.000000 0.000000 0.000000 0.000000 
0.000000 0.000000 0.000000 0.000000 0.000000 0.000000 0.000000 0.000000 0.000000 0.000000 
0.000000 0.000000 0.000000 0.000000 0.000000 0.000000 0.000000 0.000000 0.000000 0.000000 
0.000000 0.000000 0.000000 0.000000 0.000000 0.000000 0.000000 0.000000 0.000000 0.000000 
0.000000 0.000000 0.000000 0.000000 0.000000 0.000000 0.000000 0.000000 0.000000 0.000000 
0.185507 0.125096 0.063730 0.082937 0.085798 0.110470 0.118969 0.089699 0.079407 0.058386 
0.112351 0.330236 0.436352 0.036589 0.017551 0.011967 0.018900 0.009006 0.009372 0.017676 
0.000172 0.116759 0.207327 0.107208 0.176038 0.102516 0.096361 0.125482 0.043740 0.024396 
0.007479 0.167130 0.243268 0.060906 0.110314 0.095806 0.055131 0.190532 0.051512 0.017922 
0.001729 0.166632 0.240604 0.070877 0.111410 0.078042 0.057438 0.202544 0.047238 0.023486 
0.006395 0.161143 0.263735 0.059925 0.102096 0.051809 0.085598 0.179634 0.063499 0.026166 
0.016907 0.186164 0.247531 0.052261 0.139829 0.035798 0.060372 0.166880 0.080914 0.013344 
0.008714 0.180120 0.214995 0.103376 0.149097 0.050312 0.068560 0.129580 0.065370 0.029875 
0.019622 0.197581 0.258634 0.106666 0.191457 0.034400 0.049686 0.080709 0.045946 0.015299 
0.011789 0.175187 0.267739 0.096273 0.242493 0.050056 0.046877 0.065467 0.032742 0.011376 
0.004611 0.160688 0.292977 0.107262 0.259086 0.050386 0.034685 0.056079 0.022749 0.011478 
0.005798 0.159393 0.232703 0.095270 0.284234 0.074414 0.062498 0.042582 0.025776 0.017333 
0.002487 0.147257 0.247482 0.058215 0.326961 0.061818 0.043134 0.065283 0.032469 0.014893 
0.012492 0.143645 0.198297 0.108955 0.315863 0.055508 0.026472 0.093522 0.034938 0.010309 
0.005184 0.127585 0.211148 0.071607 0.314677 0.072005 0.058558 0.105867 0.029170 0.004198 
0.004713 0.123790 0.223310 0.065165 0.275366 0.085231 0.059116 0.119203 0.027336 0.016771 
0.004072 0.121561 0.211827 0.113401 0.259947 0.068492 0.030649 0.130443 0.048614 0.010994 
0.012888 0.146617 0.227385 0.067568 0.249287 0.084980 0.040630 0.117460 0.043667 0.009520 
0.014880 0.166973 0.182460 0.116078 0.236227 0.081053 0.070122 0.088572 0.026407 0.017228 
0.017554 0.178546 0.264691 0.108797 0.231570 0.068251 0.042600 0.063439 0.021760 0.002790 
0.012566 0.192586 0.275901 0.083060 0.255455 0.055934 0.039628 0.052219 0.020056 0.012594 
0.003301 0.180351 0.344475 0.089404 0.222699 0.040961 0.049403 0.044605 0.016147 0.008654 
0.009081 0.186350 0.280758 0.115153 0.182718 0.030264 0.042115 0.096178 0.029264 0.028119 
0.014772 0.208082 0.322455 0.073075 0.169523 0.021079 0.061797 0.055863 0.025625 0.047729 
0.027556 0.243181 0.293757 0.092421 0.111413 0.025267 0.028750 0.094331 0.052142 0.031181 
0.019356 0.227075 0.301243 0.101134 0.125791 0.033478 0.035747 0.088659 0.053030 0.014486 
0.011713 0.222271 0.360316 0.075055 0.129767 0.047302 0.031909 0.071217 0.035372 0.015077 
0.002840 0.206632 0.345638 0.096241 0.163059 0.052418 0.031240 0.065005 0.030530 0.006396 
0.013196 0.211845 0.305825 0.069107 0.151684 0.081216 0.028421 0.102428 0.023883 0.012396 
0.002779 0.190446 0.213462 0.097322 0.170004 0.092125 0.059003 0.117581 0.041275 0.016003 
0.018434 0.217928 0.262939 0.078817 0.179153 0.075574 0.043276 0.096691 0.021933 0.005256 
0.003571 0.213234 0.261299 0.073465 0.206399 0.096690 0.030908 0.070198 0.034042 0.010194 
0.003664 0.198188 0.280463 0.090471 0.231481 0.073367 0.028085 0.054729 0.016228 0.023324 
0.011055 0.204898 0.237529 0.107166 0.237589 0.059330 0.026866 0.066882 0.026013 0.022672 
0.008433 0.199590 0.263032 0.086552 0.260695 0.038065 0.013368 0.086943 0.032140 0.011182 
0.021264 0.235418 0.221972 0.122441 0.262156 0.045025 0.016816 0.036179 0.019364 0.019365 
0.018547 0.214642 0.200182 0.146073 0.257365 0.031372 0.020497 0.088848 0.016573 0.005900 
0.015519 0.214383 0.239856 0.104621 0.271873 0.032581 0.022555 0.063144 0.023410 0.012058 
0.002239 0.192639 0.238629 0.136641 0.303486 0.031853 0.034732 0.044290 0.008139 0.007354 
0.008775 0.195138 0.256202 0.135142 0.284333 0.019927 0.022988 0.060067 0.011437 0.005991 
0.000991 0.190305 0.200092 0.148512 0.276420 0.047005 0.039095 0.068048 0.013549 0.015982 
0.018179 0.222545 0.238454 0.133677 0.249928 0.026382 0.018233 0.065135 0.021008 0.006459 
0.005675 0.211525 0.230457 0.145219 0.219194 0.041714 0.013471 0.077302 0.030720 0.024723 
0.010504 0.233816 0.302536 0.095099 0.189928 0.042147 0.024245 0.059912 0.030417 0.011396 
0.013004 0.253482 0.319328 0.122950 0.138590 0.043631 0.021824 0.057979 0.021982 0.007230 
0.009003 0.267941 0.348518 0.156157 0.112812 0.038674 0.026960 0.023648 0.011459 0.004828 
0.019929 0.270851 0.320149 0.159752 0.102509 0.045506 0.018267 0.033905 0.015456 0.013675 
0.018841 0.272938 0.263571 0.172813 0.101108 0.050432 0.033979 0.051619 0.022049 0.012650 
0.011956 0.161417 0.209284 0.130239 0.139669 0.095174 0.146186 0.057903 0.027567 0.020605 
0.003499 0.170215 0.129763 0.117925 0.123030 0.129136 0.153249 0.127443 0.029333 0.016408 
0.002426 0.148816 0.068597 0.129889 0.118338 0.145924 0.171919 0.156538 0.033270 0.024283 
0.001797 0.146766 0.049376 0.125991 0.123734 0.142537 0.206500 0.143407 0.040281 0.019611 
0.006214 0.170501 0.043095 0.133147 0.144187 0.106259 0.233698 0.108243 0.038140 0.016516 
0.004655 0.161526 0.041694 0.133268 0.159505 0.099807 0.233720 0.104506 0.037741 0.023579 
0.003305 0.160059 0.043398 0.134498 0.163702 0.127253 0.195743 0.090628 0.042773 0.038640 
0.002809 0.167308 0.054688 0.155539 0.153884 0.136767 0.150510 0.086505 0.053921 0.038067 
0.001009 0.149517 0.064461 0.177960 0.201141 0.122013 0.106443 0.085095 0.070493 0.021867 
0.000890 0.144852 0.061201 0.184785 0.207781 0.113015 0.081069 0.094647 0.084554 0.027208 
0.000415 0.144749 0.066439 0.189303 0.197722 0.094578 0.096051 0.138161 0.055986 0.016597 
0.006556 0.151037 0.080400 0.190065 0.181341 0.089354 0.074585 0.163433 0.042102 0.021127 
0.004677 0.140163 0.069939 0.188759 0.165234 0.102709 0.065746 0.169006 0.060322 0.033445 
0.010077 0.156901 0.067998 0.178998 0.182397 0.130119 0.083972 0.136861 0.037526 0.015153 
0.004133 0.143139 0.047315 0.182951 0.198205 0.179659 0.080865 0.114800 0.031743 0.017189 
0.003369 0.136842 0.042416 0.195144 0.197265 0.206777 0.074535 0.082347 0.037251 0.024053 
0.003279 0.149532 0.041377 0.213752 0.183815 0.198546 0.085311 0.054732 0.039894 0.029762 
0.000765 0.168413 0.057868 0.248449 0.162668 0.148278 0.114858 0.027598 0.050511 0.020591 
0.003757 0.178551 0.045693 0.242942 0.174110 0.123977 0.121228 0.024893 0.058582 0.026266 
0.001563 0.166417 0.058473 0.234193 0.190235 0.123533 0.108141 0.028402 0.063615 0.025429 
0.003051 0.179475 0.052116 0.246094 0.183339 0.128370 0.104225 0.041657 0.045507 0.016165 
0.002615 0.184480 0.067481 0.251171 0.172625 0.130476 0.094058 0.057056 0.030855 0.009183 
0.000190 0.179724 0.080599 0.250369 0.178025 0.115868 0.067781 0.075293 0.032175 0.019977 
0.003767 0.193642 0.099799 0.233053 0.193229 0.090564 0.044209 0.084228 0.038202 0.019307 
0.000290 0.208064 0.094781 0.218180 0.206386 0.100042 0.050686 0.081355 0.030778 0.009437 
0.009930 0.241116 0.069932 0.195914 0.161126 0.130152 0.049771 0.066015 0.046945 0.029099 
0.012535 0.263980 0.068260 0.182498 0.152930 0.148888 0.058178 0.041699 0.045051 0.025980 
0.000306 0.231751 0.098595 0.184680 0.174743 0.121983 0.067006 0.045357 0.061632 0.013947 
0.026062 0.173785 0.143454 0.122992 0.131127 0.107521 0.100218 0.103664 0.062442 0.028735 
0.020462 0.148932 0.206430 0.146968 0.147300 0.137235 0.033768 0.084366 0.058848 0.015692 
0.009511 0.186441 0.198668 0.152604 0.149787 0.094644 0.039261 0.083394 0.065119 0.020572 
0.009964 0.176925 0.165481 0.214835 0.107167 0.073472 0.081031 0.106987 0.049404 0.014733 
0.017676 0.190904 0.174366 0.185311 0.119018 0.062835 0.082165 0.104095 0.036289 0.027342 
0.022522 0.192299 0.139259 0.195175 0.147063 0.056868 0.088512 0.102896 0.039597 0.015809 
0.024251 0.211036 0.183961 0.169427 0.176529 0.056410 0.063265 0.070334 0.028699 0.016089 
0.010122 0.194183 0.228456 0.168795 0.167533 0.054474 0.034091 0.094131 0.029103 0.019111 
0.011128 0.212345 0.181133 0.222429 0.147485 0.051386 0.032362 0.081775 0.043828 0.016129 
0.015547 0.218337 0.221395 0.171853 0.131758 0.053601 0.036516 0.089259 0.053318 0.008416 
0.017950 0.226905 0.214824 0.109757 0.133729 0.086890 0.052972 0.091157 0.051805 0.014009 
0.019693 0.230079 0.217760 0.131222 0.115027 0.094933 0.036853 0.097887 0.042366 0.014181 
0.001405 0.208759 0.250121 0.108228 0.130742 0.109037 0.049634 0.085352 0.046117 0.010606 
0.018718 0.228554 0.178763 0.116303 0.120621 0.119437 0.061394 0.111216 0.035522 0.009473 
0.015390 0.205818 0.202731 0.108177 0.111307 0.130879 0.068862 0.120269 0.016472 0.020095 
0.014068 0.211563 0.204287 0.099065 0.115744 0.126994 0.053704 0.144008 0.016748 0.013819 
0.012906 0.225930 0.192247 0.063550 0.153496 0.132752 0.052977 0.118004 0.032289 0.015849 
0.004798 0.203795 0.237325 0.102729 0.131165 0.116714 0.046630 0.117351 0.027236 0.012257 
0.022354 0.240294 0.201779 0.130934 0.102608 0.093075 0.056577 0.087742 0.046929 0.017709 
0.023199 0.250907 0.209110 0.128538 0.113266 0.081255 0.059796 0.090844 0.039939 0.003145 
0.009762 0.214933 0.229103 0.143487 0.141492 0.059344 0.057141 0.070822 0.046965 0.026952 
0.008523 0.216101 0.191346 0.138587 0.171845 0.061521 0.041718 0.070651 0.041216 0.058491 
0.003366 0.213098 0.234401 0.179116 0.132506 0.054768 0.051306 0.053661 0.032371 0.045407 
0.020054 0.225156 0.189257 0.220237 0.127989 0.035060 0.019771 0.051611 0.062393 0.048472 
0.021070 0.224595 0.183911 0.202308 0.155325 0.046930 0.034504 0.060495 0.039960 0.030903 
0.009456 0.191498 0.198359 0.223611 0.156054 0.042779 0.025624 0.065889 0.032879 0.053850 
0.005307 0.182832 0.133178 0.197837 0.153602 0.081241 0.072566 0.069612 0.021979 0.081847 
0.003353 0.174519 0.178925 0.188008 0.174125 0.085864 0.027110 0.088003 0.035310 0.044784 
0.018786 0.199101 0.164078 0.212067 0.152672 0.071812 0.062171 0.047684 0.025352 0.046277 
0.019913 0.215330 0.164300 0.190212 0.114956 0.081094 0.048755 0.042744 0.036784 0.085913 
0.009788 0.189558 0.202657 0.217338 0.109300 0.083627 0.043145 0.032243 0.029516 0.082829 
0.001346 0.178818 0.164913 0.223212 0.141462 0.080653 0.035127 0.054753 0.026340 0.093375 
0.015487 0.224280 0.182777 0.172354 0.132711 0.084608 0.036209 0.048428 0.027190 0.075957 
0.032249 0.269321 0.191849 0.178798 0.120174 0.069829 0.023092 0.037948 0.027664 0.049077 
0.027169 0.237645 0.184435 0.123477 0.121327 0.045091 0.028859 0.052736 0.041455 0.137806 
0.018281 0.245964 0.250732 0.142323 0.111002 0.038593 0.029789 0.044803 0.020743 0.097771 
0.001716 0.233938 0.220368 0.184375 0.088855 0.033608 0.037329 0.047418 0.028662 0.123732 
0.017561 0.263571 0.228052 0.154667 0.092552 0.045924 0.045776 0.049841 0.041717 0.060341 
0.025577 0.272058 0.236609 0.135556 0.096608 0.019596 0.024951 0.066488 0.031245 0.091313 
0.035120 0.316149 0.230765 0.129402 0.103382 0.024705 0.026466 0.062790 0.021414 0.049808 
0.016360 0.270136 0.289562 0.087947 0.095586 0.039377 0.042203 0.046790 0.025293 0.086746 
0.001608 0.272391 0.256605 0.148723 0.090781 0.042590 0.026293 0.045882 0.020544 0.094584 
0.012391 0.285194 0.274132 0.132089 0.093901 0.052416 0.043131 0.041530 0.020152 0.045064 
0.024659 0.298307 0.265406 0.102403 0.107406 0.052781 0.030732 0.026314 0.024240 0.067752 
0.033484 0.318182 0.212166 0.132023 0.094609 0.067314 0.031784 0.031866 0.026726 0.051846 
0.016426 0.277830 0.274244 0.109461 0.117959 0.051614 0.035317 0.024385 0.014433 0.078330 
0.002759 0.277210 0.246296 0.143820 0.130831 0.056002 0.023955 0.023605 0.021069 0.074455 
0.005414 0.149937 0.205701 0.051696 0.205905 0.116246 0.090259 0.096707 0.055925 0.022210 
0.004147 0.132861 0.245567 0.071429 0.227738 0.092043 0.055796 0.075508 0.061913 0.032997 
0.010499 0.157188 0.181684 0.065897 0.232685 0.093367 0.047819 0.097434 0.069931 0.043496 
0.011759 0.155153 0.231936 0.082543 0.220684 0.054696 0.027222 0.093591 0.083069 0.039346 
0.008617 0.158418 0.221554 0.088639 0.220515 0.043986 0.055063 0.090547 0.075104 0.037557 
0.005696 0.151198 0.269115 0.053131 0.218733 0.040985 0.039228 0.131264 0.063926 0.026723 
0.011254 0.156444 0.249640 0.079318 0.160581 0.057821 0.032841 0.156932 0.061580 0.033589 
0.003079 0.134770 0.222496 0.126183 0.168573 0.064878 0.055243 0.157472 0.047793 0.019514 
0.016359 0.158509 0.215600 0.085201 0.192656 0.064716 0.026674 0.150091 0.064945 0.025249 
0.007827 0.152549 0.185776 0.110832 0.220582 0.087561 0.025029 0.122428 0.049482 0.037934 
0.008782 0.147988 0.257510 0.077256 0.197045 0.107528 0.053835 0.087512 0.038377 0.024166 
0.000747 0.140586 0.249231 0.070412 0.217080 0.154148 0.025836 0.088866 0.035472 0.017622 
0.010528 0.155567 0.264700 0.054485 0.175992 0.160910 0.032679 0.091923 0.029525 0.023691 
0.004324 0.147479 0.202152 0.106709 0.161535 0.168068 0.068648 0.090319 0.031479 0.019284 
0.016350 0.170479 0.241190 0.069724 0.161169 0.159925 0.056430 0.082266 0.029340 0.013127 
0.006166 0.170067 0.252952 0.090432 0.144286 0.167630 0.045484 0.080567 0.026429 0.015988 
0.012380 0.185315 0.264965 0.082098 0.148641 0.109707 0.038577 0.119489 0.030865 0.007964 
0.001798 0.160277 0.294151 0.057540 0.163093 0.081968 0.050104 0.137482 0.029816 0.023769 
0.009398 0.170975 0.249862 0.079216 0.171784 0.055745 0.062422 0.143868 0.035617 0.021113 
0.007449 0.159358 0.249115 0.082418 0.184536 0.068531 0.066169 0.136891 0.032683 0.012849 
0.019774 0.190947 0.202354 0.093757 0.248212 0.039453 0.042943 0.128231 0.021667 0.012664 
0.006392 0.155246 0.256597 0.108930 0.252827 0.051678 0.055093 0.083979 0.015768 0.013492 
0.011633 0.176890 0.248745 0.112694 0.273245 0.043412 0.046823 0.064284 0.012437 0.009837 
0.002523 0.154592 0.294539 0.111147 0.265607 0.066848 0.027433 0.056173 0.009508 0.011629 
0.005601 0.153977 0.284548 0.103772 0.246178 0.085759 0.038883 0.056530 0.014138 0.010612 
0.001716 0.160144 0.284217 0.133957 0.224720 0.088386 0.022731 0.057523 0.011730 0.014877 
0.022822 0.188803 0.260095 0.114473 0.183212 0.111797 0.039322 0.053013 0.017143 0.009319 
0.009501 0.162357 0.232606 0.165036 0.180091 0.102496 0.044168 0.067692 0.022215 0.013837 
0.005643 0.140592 0.150477 0.162684 0.132154 0.138609 0.046881 0.154283 0.046770 0.021908 
0.010633 0.162227 0.094023 0.168595 0.118902 0.137601 0.048605 0.187667 0.054906 0.016843 
0.003953 0.149846 0.133251 0.166959 0.122930 0.119362 0.052575 0.190987 0.040422 0.019715 
0.004761 0.159492 0.117190 0.180483 0.095252 0.125790 0.067819 0.188405 0.041862 0.018946 
0.024336 0.220358 0.109326 0.164274 0.094616 0.096795 0.058135 0.164413 0.048578 0.019169 
0.002334 0.192790 0.184327 0.184791 0.124491 0.068429 0.065559 0.139983 0.026755 0.010542 
0.002297 0.205450 0.150854 0.189358 0.157665 0.053802 0.064559 0.130724 0.031043 0.014249 
0.016754 0.236482 0.152688 0.170872 0.142163 0.040237 0.057881 0.131032 0.044253 0.007637 
0.010180 0.226680 0.145410 0.159956 0.182481 0.029866 0.049620 0.120683 0.050778 0.024347 
0.008509 0.210870 0.145749 0.132828 0.199033 0.051901 0.049823 0.109758 0.067404 0.024125 
0.018380 0.225953 0.113174 0.088750 0.203274 0.075778 0.060082 0.134266 0.066054 0.014288 
0.000700 0.184402 0.135987 0.084955 0.203911 0.102717 0.075724 0.162766 0.038775 0.010064 
0.009689 0.180243 0.112728 0.074727 0.186140 0.148146 0.059473 0.163025 0.043686 0.022142 
0.013540 0.184182 0.111316 0.071867 0.195005 0.158729 0.064783 0.156068 0.028406 0.016103 
0.002534 0.175544 0.115962 0.085250 0.189924 0.173966 0.081825 0.144018 0.023234 0.007743 
0.018093 0.215067 0.096366 0.046763 0.194662 0.216834 0.043804 0.120850 0.037637 0.009923 
0.006221 0.184320 0.146947 0.068531 0.203915 0.175842 0.085143 0.092683 0.022962 0.013437 
0.008092 0.213495 0.144562 0.071347 0.226207 0.164994 0.050350 0.085323 0.025817 0.009812 
0.013444 0.224439 0.145545 0.092455 0.200144 0.139485 0.055101 0.084655 0.035693 0.009038 
0.004113 0.203697 0.133776 0.128744 0.182710 0.100120 0.067311 0.121657 0.043460 0.014412 
0.016255 0.235144 0.134687 0.112985 0.185469 0.071361 0.082544 0.108098 0.042488 0.010967 
0.003931 0.246389 0.216023 0.140410 0.180214 0.050576 0.049910 0.054466 0.040058 0.018023 
0.002937 0.241737 0.166525 0.163639 0.161390 0.050208 0.064124 0.090202 0.036942 0.022296 
0.020027 0.251676 0.123926 0.198196 0.120397 0.025026 0.037613 0.163645 0.032537 0.026956 
0.002260 0.225327 0.194181 0.215104 0.106961 0.030318 0.040676 0.132908 0.033972 0.018293 
0.008963 0.205686 0.127536 0.220261 0.110215 0.050335 0.073548 0.176612 0.017071 0.009773 
0.014735 0.261882 0.157249 0.253968 0.089848 0.094752 0.040743 0.062249 0.015254 0.009321 
0.003867 0.220037 0.201287 0.233569 0.094079 0.061843 0.030338 0.124370 0.020299 0.010312 
0.018044 0.227103 0.107945 0.235702 0.085540 0.063801 0.060043 0.167935 0.027414 0.006473 
0.000128 0.214795 0.227478 0.259300 0.099742 0.061876 0.024620 0.082827 0.020942 0.008292 
0.001402 0.232911 0.160534 0.289918 0.134793 0.065192 0.049663 0.024074 0.023904 0.017610 
0.023041 0.247758 0.111955 0.254608 0.151843 0.042733 0.035918 0.084692 0.037599 0.009854 
0.002893 0.213298 0.215898 0.213561 0.152030 0.043954 0.012108 0.098334 0.034782 0.013142 
0.001586 0.249696 0.129001 0.216609 0.196937 0.049437 0.032879 0.075440 0.032413 0.016002 
0.020089 0.289566 0.134156 0.222991 0.219521 0.014150 0.015246 0.059980 0.019308 0.004994 
0.006374 0.255005 0.190523 0.195056 0.196892 0.021469 0.040181 0.070645 0.018564 0.005291 
0.010100 0.277943 0.156346 0.199827 0.181846 0.030091 0.049551 0.065090 0.017362 0.011843 
0.023857 0.323591 0.136995 0.166667 0.181426 0.029905 0.054157 0.058015 0.018934 0.006452 
0.000043 0.304267 0.233498 0.146109 0.157670 0.018159 0.037431 0.067201 0.029778 0.005844 
0.017722 0.336290 0.180730 0.119868 0.140657 0.039385 0.040475 0.087546 0.019901 0.017428 
0.014338 0.341389 0.220022 0.113232 0.104328 0.045900 0.043103 0.088584 0.021187 0.007917 
0.002276 0.345620 0.207748 0.092283 0.085554 0.059344 0.023633 0.123412 0.038662 0.021468 
0.023342 0.385404 0.211409 0.103923 0.084547 0.051680 0.024617 0.091850 0.014972 0.008255 
0.012094 0.390658 0.260839 0.082744 0.081929 0.078825 0.020429 0.044243 0.013390 0.014850 
0.010299 0.392241 0.237273 0.111889 0.083057 0.074803 0.018558 0.046615 0.013717 0.011548 
0.030316 0.418585 0.197888 0.071296 0.098049 0.069049 0.016226 0.080706 0.014434 0.003452 
0.010713 0.145990 0.146030 0.147472 0.157981 0.104941 0.075461 0.109076 0.054731 0.047606 
0.009725 0.182582 0.073164 0.187405 0.167147 0.121942 0.073322 0.090955 0.052943 0.040816 
0.006082 0.143312 0.051860 0.164700 0.176149 0.127066 0.101103 0.126245 0.042626 0.060858 
0.002055 0.132582 0.058072 0.147052 0.165550 0.112414 0.131986 0.150784 0.039181 0.060324 
0.005635 0.131799 0.055569 0.137616 0.139999 0.133242 0.154255 0.159215 0.049866 0.032805 
0.002281 0.129215 0.050130 0.159002 0.121051 0.142445 0.163310 0.144199 0.060737 0.027629 
0.004045 0.146139 0.059060 0.161248 0.111720 0.159830 0.163269 0.111676 0.059968 0.023045 
0.005052 0.136339 0.077274 0.148059 0.127665 0.169054 0.147603 0.094366 0.069637 0.024951 
0.001495 0.138231 0.073233 0.152983 0.145501 0.181652 0.121057 0.077204 0.075507 0.033136 
0.000135 0.148876 0.079477 0.160032 0.149932 0.148725 0.115374 0.085387 0.065537 0.046524 
0.001777 0.155578 0.082094 0.173618 0.163735 0.107092 0.102610 0.102463 0.059485 0.051547 
0.005074 0.174503 0.084370 0.181049 0.159785 0.118422 0.069019 0.088730 0.050242 0.068806 
0.006980 0.185474 0.087548 0.185060 0.150713 0.131026 0.053157 0.081174 0.054953 0.063915 
0.002570 0.159653 0.096158 0.178320 0.154039 0.162458 0.058836 0.101826 0.050910 0.035230 
0.002172 0.143771 0.089750 0.168931 0.160410 0.178083 0.063385 0.127456 0.042807 0.023233 
0.004328 0.148316 0.077872 0.158369 0.152082 0.172751 0.073769 0.131132 0.056320 0.025062 
0.003133 0.141939 0.090865 0.141077 0.173490 0.140981 0.104796 0.110387 0.072630 0.020701 
0.002865 0.146423 0.084609 0.130104 0.195505 0.126888 0.122081 0.090836 0.079553 0.021137 
0.003620 0.150018 0.071680 0.135128 0.201502 0.106758 0.151645 0.076519 0.069368 0.033762 
0.000918 0.145318 0.089963 0.134164 0.191081 0.116405 0.168659 0.067535 0.048583 0.037374 
0.002442 0.141247 0.093266 0.136775 0.214018 0.132909 0.159941 0.053812 0.033413 0.032175 
0.002396 0.148575 0.088401 0.139077 0.230980 0.134148 0.144465 0.049049 0.027295 0.035614 
0.005593 0.182733 0.088116 0.146634 0.220384 0.128977 0.139903 0.036452 0.029532 0.021677 
0.009875 0.206357 0.088629 0.179794 0.192074 0.114719 0.107997 0.046639 0.037260 0.016656 
0.002539 0.185777 0.084880 0.182474 0.203755 0.130469 0.086687 0.059438 0.047006 0.016973 
0.005772 0.198516 0.086416 0.187881 0.195128 0.136996 0.072643 0.053945 0.047001 0.015702 
0.004356 0.206662 0.084346 0.194916 0.166235 0.148267 0.057997 0.059578 0.058465 0.019178 
0.000674 0.193785 0.109932 0.200600 0.159446 0.129461 0.047457 0.056253 0.067208 0.035185 
0.013734 0.117705 0.175524 0.140615 0.179158 0.137631 0.098697 0.075687 0.026024 0.035225 
0.020486 0.234512 0.176155 0.155131 0.108366 0.141941 0.019047 0.106825 0.025644 0.011892 
0.018587 0.202583 0.217923 0.102316 0.164960 0.113864 0.043712 0.108794 0.016913 0.010348 
0.009637 0.181980 0.188272 0.117518 0.202522 0.107401 0.058599 0.105832 0.012456 0.015782 
0.008414 0.189370 0.199941 0.117170 0.160060 0.113103 0.039560 0.124120 0.022465 0.025797 
0.009693 0.174200 0.214651 0.166187 0.164030 0.065610 0.041108 0.124933 0.020874 0.018714 
0.020503 0.197285 0.173732 0.187758 0.158585 0.046432 0.062402 0.116419 0.014671 0.022213 
0.011323 0.197252 0.230199 0.172316 0.136451 0.029589 0.041980 0.143289 0.016685 0.020915 
0.010367 0.181292 0.204702 0.133394 0.156831 0.062836 0.084064 0.108880 0.037265 0.020369 
0.008954 0.180278 0.210309 0.109576 0.205210 0.067938 0.040102 0.122573 0.039586 0.015474 
0.010592 0.171535 0.221175 0.158167 0.201750 0.066918 0.051352 0.085189 0.020096 0.013226 
0.018734 0.195807 0.188664 0.211773 0.154965 0.090326 0.041979 0.068653 0.015775 0.013324 
0.009047 0.173126 0.237520 0.178438 0.132298 0.083767 0.066734 0.083123 0.015710 0.020238 
0.003543 0.162714 0.199370 0.175204 0.193203 0.107035 0.045644 0.063527 0.031406 0.018354 
0.000834 0.167825 0.179974 0.156567 0.187223 0.113536 0.057594 0.074473 0.034844 0.027129 
0.015802 0.186748 0.195744 0.131559 0.163469 0.119388 0.068004 0.076055 0.020625 0.022606 
0.025946 0.197327 0.170991 0.159171 0.142579 0.122099 0.048180 0.097216 0.020386 0.016105 
0.018186 0.196414 0.211934 0.118714 0.165833 0.097889 0.068982 0.098443 0.010714 0.012891 
0.005782 0.191787 0.215022 0.134007 0.122979 0.096468 0.072542 0.130707 0.022197 0.008508 
0.001383 0.193213 0.233534 0.185905 0.104263 0.088895 0.049727 0.111127 0.016315 0.015640 
0.014201 0.216947 0.239200 0.131750 0.145722 0.078135 0.049630 0.083849 0.013877 0.026689 
0.033507 0.264915 0.194711 0.124852 0.153689 0.049868 0.031919 0.073926 0.015012 0.057600 
0.025877 0.246055 0.238073 0.142631 0.138785 0.037272 0.047307 0.037743 0.031276 0.054982 
0.008938 0.224179 0.231305 0.157013 0.134272 0.039041 0.048496 0.040397 0.055669 0.060689 
0.004916 0.204732 0.222459 0.179283 0.161545 0.050464 0.046704 0.045582 0.039239 0.045075 
0.014278 0.218465 0.267730 0.147116 0.156763 0.037377 0.026651 0.039373 0.034750 0.057498 
0.016050 0.239550 0.229586 0.150787 0.125912 0.048428 0.039231 0.055657 0.021252 0.073546 
0.012303 0.225727 0.254195 0.165954 0.101348 0.063753 0.036280 0.066589 0.017394 0.056456 
0.009190 0.212327 0.240256 0.134993 0.132926 0.063264 0.041279 0.078307 0.026754 0.060704 
0.024968 0.231363 0.179672 0.108126 0.138831 0.080875 0.025602 0.086135 0.029156 0.095273 
0.018349 0.206248 0.202795 0.139369 0.128584 0.078439 0.050530 0.067696 0.041244 0.066746 
0.006368 0.205350 0.223721 0.154285 0.113014 0.072556 0.024372 0.071194 0.020079 0.109060 
0.002681 0.193905 0.213047 0.169542 0.127369 0.078059 0.043393 0.063914 0.029048 0.079041 
0.013082 0.208005 0.228387 0.189525 0.132926 0.062466 0.031187 0.045948 0.020272 0.068201 
0.026365 0.232251 0.179102 0.150075 0.111868 0.051871 0.026217 0.029403 0.024408 0.168442 
0.019490 0.228496 0.235763 0.191118 0.141050 0.042277 0.026713 0.030579 0.025355 0.059158 
0.003089 0.191802 0.245809 0.202711 0.131888 0.038121 0.036509 0.018792 0.023830 0.107448 
0.003616 0.231361 0.221407 0.226106 0.142157 0.032970 0.028541 0.041934 0.025698 0.046209 
0.011729 0.223206 0.258524 0.202714 0.107699 0.025742 0.026227 0.032182 0.013209 0.098768 
0.028637 0.262446 0.237029 0.220879 0.102973 0.033805 0.028716 0.036179 0.021108 0.028227 
0.020295 0.248731 0.240762 0.178969 0.103445 0.029557 0.023504 0.050550 0.030957 0.073231 
0.001568 0.228476 0.277485 0.198650 0.080278 0.024839 0.028478 0.054218 0.018938 0.087070 
0.013413 0.247931 0.243038 0.211739 0.091032 0.044578 0.049011 0.042520 0.023025 0.033714 
0.020708 0.267265 0.270171 0.179571 0.077823 0.040837 0.019048 0.037193 0.021577 0.065807 
0.025551 0.271135 0.249187 0.168458 0.104206 0.053326 0.033312 0.035236 0.020419 0.039171 
0.022849 0.269672 0.255428 0.144191 0.106372 0.052445 0.027315 0.028962 0.016488 0.076278 
0.003735 0.193122 0.243098 0.139947 0.118952 0.083101 0.091682 0.044507 0.040405 0.041452 
0.008236 0.163137 0.141099 0.098348 0.194799 0.127973 0.073177 0.137744 0.033781 0.021705 
0.002529 0.133848 0.163623 0.112290 0.204083 0.121908 0.078559 0.119111 0.029261 0.034789 
0.004045 0.143262 0.154461 0.135078 0.208878 0.098350 0.073560 0.102800 0.044489 0.035076 
0.014053 0.183087 0.174898 0.109259 0.248601 0.079167 0.063080 0.068070 0.023964 0.035821 
0.014090 0.194955 0.191650 0.145069 0.220780 0.067439 0.073297 0.040851 0.022857 0.029012 
0.016631 0.207050 0.230524 0.150326 0.194832 0.054827 0.048638 0.040035 0.023056 0.034082 
0.000536 0.191526 0.236762 0.184827 0.173285 0.037478 0.042845 0.059218 0.034237 0.039286 
0.001857 0.188237 0.264631 0.152301 0.142783 0.023310 0.046248 0.079965 0.049642 0.051026 
0.013447 0.192626 0.204836 0.152766 0.142159 0.024335 0.038306 0.132945 0.067409 0.031170 
0.012435 0.179001 0.191263 0.130346 0.126721 0.070068 0.053380 0.167070 0.038792 0.030924 
0.007006 0.168900 0.211443 0.112323 0.106704 0.073414 0.056978 0.189065 0.047762 0.026404 
0.016039 0.186171 0.162271 0.117638 0.119568 0.068431 0.041536 0.203748 0.056735 0.027862 
0.000909 0.160962 0.210448 0.121533 0.156457 0.087130 0.036277 0.168480 0.035294 0.022509 
0.000459 0.160315 0.202314 0.121487 0.202622 0.082869 0.050675 0.135712 0.033132 0.010415 
0.019128 0.199876 0.192001 0.107184 0.205581 0.090623 0.055974 0.080454 0.024969 0.024210 
0.005041 0.171790 0.163643 0.164887 0.229317 0.102844 0.067327 0.052558 0.030615 0.011979 
0.014009 0.158689 0.162952 0.116373 0.264479 0.094528 0.071965 0.045637 0.053311 0.018058 
0.004317 0.108605 0.168912 0.126207 0.151375 0.057594 0.114659 0.126191 0.088279 0.053860 
0.001017 0.078177 0.100054 0.219873 0.095803 0.048853 0.143773 0.136120 0.057804 0.118527 
0.014736 0.118619 0.135875 0.107621 0.234375 0.035117 0.028444 0.275349 0.022690 0.027172 
0.000082 0.102580 0.136698 0.116944 0.216033 0.052088 0.068892 0.260058 0.028087 0.018537 
0.007570 0.125383 0.224220 0.176797 0.155049 0.056432 0.034163 0.145079 0.053959 0.021348 
0.002279 0.086296 0.172271 0.088071 0.402513 0.076712 0.038830 0.065038 0.050215 0.017776 
0.000645 0.066198 0.134681 0.072283 0.453536 0.093876 0.041356 0.046310 0.070627 0.020488 
0.001415 0.107803 0.150986 0.089832 0.380528 0.077415 0.040112 0.085204 0.053839 0.012865 
0.009597 0.150528 0.144691 0.129938 0.293157 0.061672 0.027453 0.149672 0.020923 0.012369 
0.007241 0.149847 0.150025 0.162076 0.270408 0.046921 0.025815 0.140521 0.029153 0.017993 
0.018260 0.144650 0.200739 0.145434 0.216400 0.063399 0.057688 0.087488 0.049329 0.016614 
0.002293 0.110850 0.149826 0.037733 0.359546 0.087326 0.052090 0.045143 0.119692 0.035501 
0.013306 0.112268 0.125912 0.052398 0.293972 0.058972 0.039931 0.056191 0.162449 0.084601 
0.000568 0.093182 0.148999 0.073289 0.128027 0.217299 0.067746 0.062975 0.060217 0.147698 
0.003333 0.109546 0.165754 0.049654 0.137489 0.238832 0.092837 0.089340 0.045611 0.067604 
0.004653 0.088706 0.134811 0.062570 0.101795 0.278691 0.049193 0.103421 0.042745 0.133414 
0.003966 0.096634 0.139200 0.059397 0.128888 0.240793 0.035245 0.106720 0.057282 0.131875 
0.002167 0.075316 0.138790 0.073153 0.141082 0.273477 0.071439 0.076350 0.041012 0.107213 
0.008262 0.074221 0.064127 0.134480 0.138584 0.308318 0.068006 0.084328 0.028858 0.090816 
0.003621 0.080691 0.107724 0.146653 0.118047 0.255352 0.026575 0.066036 0.031449 0.163851 
0.001802 0.072879 0.088570 0.188332 0.125694 0.230070 0.030311 0.041139 0.029651 0.191552 
0.011869 0.096522 0.108340 0.196416 0.110846 0.225355 0.063795 0.039888 0.022423 0.124547 
0.005259 0.093870 0.108857 0.187141 0.134211 0.241691 0.026740 0.061493 0.022157 0.118582 
0.015635 0.101727 0.103123 0.203362 0.139751 0.243759 0.038080 0.063880 0.021887 0.068797 
0.006231 0.093709 0.117200 0.207828 0.331059 0.082547 0.041631 0.063715 0.037133 0.018948 
0.003240 0.081784 0.136423 0.039076 0.446831 0.071942 0.044028 0.057154 0.089244 0.030277 
0.001152 0.097824 0.183851 0.048956 0.392286 0.058307 0.023945 0.087279 0.083705 0.022694 
0.008065 0.122941 0.132261 0.063991 0.286808 0.055157 0.059761 0.176538 0.072016 0.022462 
0.012061 0.153607 0.158240 0.087792 0.307289 0.034995 0.043650 0.143487 0.035620 0.023259 
0.008551 0.181943 0.154193 0.094673 0.327039 0.041253 0.031735 0.079562 0.040731 0.040320 
0.004463 0.072444 0.088511 0.060925 0.144917 0.275330 0.045363 0.058091 0.034099 0.215857 
0.001887 0.064940 0.096518 0.043780 0.170311 0.257556 0.060006 0.054489 0.047607 0.202906 
0.000643 0.095093 0.125028 0.066610 0.142544 0.296856 0.028177 0.036764 0.039161 0.169124 
0.007736 0.113309 0.129907 0.077544 0.122725 0.330676 0.063572 0.020630 0.079910 0.053991 
0.012282 0.114048 0.095961 0.133363 0.109993 0.287422 0.079720 0.032796 0.098122 0.036293 
0.005084 0.138887 0.202545 0.198439 0.105451 0.172922 0.069928 0.027729 0.056171 0.022844 
0.012655 0.226296 0.241143 0.101123 0.144151 0.100080 0.052830 0.047673 0.037225 0.036824 
0.003049 0.203458 0.300915 0.077506 0.131151 0.104785 0.033554 0.085620 0.032261 0.027700 
0.017674 0.224644 0.275558 0.111833 0.129094 0.081297 0.032380 0.083702 0.026963 0.016856 
0.009539 0.232092 0.294163 0.128485 0.097532 0.065641 0.037422 0.089431 0.029102 0.016593 
0.023271 0.249844 0.262076 0.151210 0.102473 0.040080 0.040805 0.074889 0.035530 0.019821 
0.011177 0.228944 0.294339 0.098648 0.110838 0.061117 0.035290 0.069362 0.055090 0.035196 
0.004365 0.195396 0.329565 0.130210 0.138594 0.057860 0.024424 0.044137 0.033311 0.042138 
0.009394 0.211358 0.270546 0.168780 0.167392 0.059554 0.016597 0.033058 0.028395 0.034926 
0.013640 0.196784 0.314002 0.129674 0.184748 0.041469 0.031064 0.038287 0.031590 0.018743 
0.018995 0.206583 0.235962 0.167890 0.215334 0.032625 0.023407 0.071596 0.018040 0.009568 
0.012890 0.193302 0.268643 0.142586 0.211552 0.046934 0.032866 0.062851 0.015928 0.012448 
0.003009 0.181002 0.311822 0.084840 0.247516 0.035793 0.022103 0.076473 0.021938 0.015504 
0.000406 0.091625 0.156267 0.106943 0.501554 0.055435 0.026972 0.034622 0.019856 0.006319 
0.007017 0.074559 0.170973 0.072935 0.369623 0.055266 0.038689 0.023980 0.162555 0.024403 
0.005099 0.073891 0.191118 0.053285 0.270003 0.043230 0.032128 0.032717 0.246271 0.052259 
0.008112 0.079278 0.152743 0.034053 0.222791 0.164210 0.055929 0.029917 0.103350 0.149615 
0.005752 0.085114 0.122112 0.082049 0.102534 0.272477 0.052314 0.055563 0.043165 0.178921 
0.003655 0.070303 0.140819 0.087315 0.121384 0.282460 0.041882 0.062031 0.050933 0.139218 
0.008384 0.111910 0.149423 0.083251 0.189472 0.269671 0.029915 0.042939 0.037227 0.077809 
0.001905 0.075580 0.131887 0.054722 0.104025 0.365270 0.047762 0.023448 0.039640 0.155760 
0.009909 0.079628 0.086052 0.043153 0.104936 0.243887 0.058626 0.045196 0.068681 0.259932 
0.002817 0.094756 0.128754 0.105424 0.099485 0.160549 0.116324 0.080592 0.059196 0.152102 
0.005682 0.143814 0.056141 0.126677 0.107146 0.175199 0.123018 0.086894 0.035112 0.140316 
0.002146 0.087276 0.034614 0.136755 0.121895 0.157976 0.107948 0.100624 0.048829 0.201935 
0.004499 0.086632 0.026694 0.137401 0.123402 0.176231 0.064367 0.107542 0.045616 0.227615 
0.008736 0.095450 0.080363 0.145126 0.119230 0.183754 0.058094 0.106284 0.057589 0.145375 
0.003637 0.092613 0.101538 0.102962 0.330338 0.081411 0.059913 0.112360 0.072859 0.042369 
0.001383 0.088452 0.098018 0.131321 0.346106 0.087722 0.057854 0.096176 0.065846 0.027124 
0.004613 0.135812 0.086641 0.148633 0.238439 0.083363 0.095373 0.112818 0.039008 0.055301 
0.003269 0.167787 0.040920 0.151301 0.168278 0.156214 0.136205 0.075560 0.062295 0.038172 
0.007582 0.196253 0.044414 0.126742 0.162138 0.156294 0.132976 0.065228 0.059741 0.048633 
0.009364 0.127720 0.054825 0.125716 0.077258 0.351192 0.147887 0.037128 0.033901 0.035009 
0.006141 0.091329 0.080782 0.274587 0.092631 0.219331 0.110858 0.050931 0.055231 0.018179 
0.006582 0.112379 0.041225 0.216918 0.119168 0.286519 0.096149 0.051165 0.035499 0.034396 
0.006515 0.084945 0.066706 0.166596 0.132491 0.326935 0.093093 0.053014 0.041915 0.027790 
0.003354 0.080803 0.030251 0.127586 0.134888 0.322064 0.091406 0.074166 0.047107 0.088375 
0.001113 0.072595 0.028877 0.093912 0.164506 0.320794 0.059192 0.066498 0.045002 0.147510 
0.002445 0.079719 0.031822 0.096346 0.163748 0.314556 0.036002 0.068357 0.027383 0.179622 
0.005930 0.089028 0.055508 0.113238 0.135681 0.278913 0.060550 0.074524 0.032690 0.153936 
0.007113 0.074534 0.081041 0.124336 0.131030 0.277365 0.060056 0.059864 0.028012 0.156649 
0.001398 0.078545 0.042463 0.116269 0.136187 0.261731 0.063501 0.076508 0.057846 0.165553 
0.003626 0.082145 0.029610 0.155020 0.124158 0.238157 0.036788 0.043121 0.060528 0.226846 
0.003247 0.058099 0.035867 0.168051 0.126243 0.220533 0.032695 0.028504 0.049317 0.277442 
0.009904 0.097649 0.075634 0.176318 0.106137 0.235066 0.048125 0.016552 0.028298 0.206318 
0.008331 0.074956 0.095414 0.160966 0.151455 0.215568 0.076074 0.045594 0.064030 0.107612 
0.004971 0.069400 0.118344 0.055379 0.316998 0.099742 0.058857 0.043213 0.201937 0.031159 
0.000103 0.084062 0.159575 0.058201 0.300222 0.051247 0.061059 0.040546 0.210507 0.034479 
0.003942 0.075381 0.173570 0.043074 0.313181 0.085613 0.047074 0.030307 0.173078 0.054779 
0.004523 0.083126 0.154058 0.070764 0.372486 0.067270 0.046801 0.031857 0.133410 0.035704 
0.007839 0.080939 0.182489 0.087010 0.269533 0.114624 0.046336 0.049800 0.132150 0.029280 
0.010822 0.118087 0.158857 0.111581 0.219098 0.089529 0.042477 0.069137 0.150071 0.030341 
0.005974 0.133308 0.198313 0.135889 0.194992 0.079868 0.030987 0.054594 0.127485 0.038590 
0.009433 0.131634 0.090129 0.183558 0.138657 0.185161 0.050720 0.089749 0.033472 0.087487 
0.002406 0.110330 0.122759 0.208894 0.080812 0.194795 0.054093 0.087714 0.029301 0.108895 
0.005787 0.111596 0.119746 0.227949 0.093480 0.223275 0.030324 0.089250 0.029473 0.069121 
0.010102 0.113022 0.108460 0.172037 0.092579 0.231807 0.052701 0.068309 0.036601 0.114384 
0.000711 0.093922 0.124072 0.198305 0.057121 0.196861 0.044632 0.042181 0.032136 0.210060 
0.013284 0.136122 0.124308 0.162776 0.078816 0.174429 0.035580 0.079654 0.037964 0.157067 
0.011386 0.132835 0.121100 0.101448 0.084475 0.198380 0.023542 0.081892 0.047308 0.197634 
0.004855 0.118643 0.127729 0.112446 0.072009 0.159793 0.060873 0.063382 0.045019 0.235251 
0.008340 0.127545 0.105360 0.092570 0.113348 0.229991 0.020004 0.063668 0.069468 0.169707 
0.000488 0.110275 0.136245 0.090286 0.118989 0.270687 0.041569 0.051821 0.041389 0.138252 
0.007506 0.103189 0.108318 0.114269 0.087489 0.256491 0.038861 0.057039 0.043092 0.183746 
0.013100 0.116717 0.142897 0.099359 0.224673 0.121576 0.036367 0.058471 0.134331 0.052509 
0.007883 0.126489 0.225466 0.071870 0.266350 0.086933 0.050459 0.071988 0.074879 0.017683 
0.002403 0.164741 0.207459 0.134579 0.165513 0.103658 0.066030 0.084551 0.028065 0.043001 
0.006973 0.173743 0.176570 0.127988 0.161161 0.118921 0.049080 0.127282 0.030306 0.027976 
0.021234 0.201959 0.144217 0.175441 0.155607 0.105711 0.063464 0.072622 0.029706 0.030038 
0.014469 0.100139 0.080012 0.156659 0.117294 0.212311 0.045903 0.079385 0.038349 0.155478 
0.003540 0.078682 0.092095 0.212487 0.091086 0.170721 0.048955 0.063519 0.036335 0.202581 
0.003084 0.097057 0.118012 0.202034 0.120016 0.147561 0.061531 0.054258 0.032529 0.163918 
0.008804 0.116832 0.095295 0.262984 0.140074 0.174440 0.055764 0.057451 0.049632 0.038724 
0.013396 0.114499 0.081166 0.267460 0.138102 0.199330 0.059672 0.058996 0.034719 0.032660 
0.008968 0.135288 0.138242 0.295279 0.119742 0.176600 0.036422 0.037891 0.022642 0.028926 
0.003548 0.181295 0.246331 0.229140 0.134725 0.067624 0.037063 0.057600 0.022054 0.020619 
0.001735 0.205131 0.171421 0.214923 0.168797 0.058885 0.043180 0.080316 0.022231 0.033381 
0.010975 0.212922 0.201529 0.157968 0.136016 0.075434 0.053907 0.092020 0.035474 0.023755 
0.025007 0.255185 0.202657 0.173235 0.111774 0.072697 0.051174 0.065334 0.021764 0.021174 
0.027341 0.261072 0.196631 0.143814 0.112639 0.082466 0.042755 0.079766 0.035301 0.018215 
0.014248 0.242588 0.259755 0.082083 0.124717 0.083662 0.055791 0.062105 0.033447 0.041604 
0.002910 0.247727 0.228374 0.183756 0.080075 0.097676 0.038266 0.050950 0.026897 0.043370 
0.012698 0.240374 0.272957 0.177728 0.067096 0.090038 0.045395 0.046545 0.020154 0.027016 
0.022502 0.269899 0.262593 0.121017 0.131194 0.074623 0.049689 0.034337 0.019451 0.014695 
0.027484 0.221947 0.161687 0.169960 0.094739 0.095124 0.059278 0.096489 0.047510 0.025783 
0.015767 0.160928 0.164965 0.097422 0.096628 0.099844 0.134979 0.175229 0.039760 0.014478 
0.005722 0.116590 0.117524 0.120438 0.120584 0.097409 0.139308 0.193142 0.059535 0.029746 
0.008117 0.104130 0.100973 0.099706 0.137740 0.093152 0.108687 0.184999 0.105212 0.057286 
0.008574 0.090885 0.093575 0.102072 0.212832 0.060474 0.060995 0.145645 0.186956 0.037991 
0.006847 0.085760 0.057492 0.109443 0.168405 0.059501 0.047641 0.063789 0.354330 0.046793 
0.000329 0.091717 0.141827 0.097125 0.259574 0.043648 0.035199 0.043259 0.235297 0.052025 
0.008788 0.125481 0.146907 0.082113 0.275647 0.077153 0.043783 0.046425 0.131965 0.061739 
0.007860 0.119456 0.107849 0.159835 0.092951 0.285312 0.051311 0.055852 0.029546 0.090028 
0.012275 0.112575 0.095716 0.131481 0.109649 0.319127 0.068281 0.046638 0.030048 0.074211 
0.017396 0.144916 0.092129 0.117266 0.112811 0.297806 0.053983 0.043980 0.041992 0.077721 
0.010507 0.102462 0.102572 0.106931 0.119134 0.397538 0.047354 0.020361 0.020341 0.072799 
0.003232 0.110932 0.140292 0.108872 0.174873 0.178190 0.083848 0.060632 0.044693 0.094437 
0.005197 0.113375 0.154726 0.078073 0.148915 0.277698 0.069437 0.061299 0.042429 0.048850 
0.002176 0.112857 0.185905 0.121474 0.122723 0.267293 0.047481 0.033081 0.035244 0.071766 
0.000907 0.109389 0.151257 0.157108 0.157171 0.205394 0.039287 0.037812 0.060781 0.080894 
0.002504 0.093264 0.154358 0.145338 0.135713 0.205987 0.043893 0.046573 0.065636 0.106734 
0.000831 0.121890 0.256385 0.079215 0.184059 0.105005 0.045962 0.071360 0.077398 0.057894 
0.005546 0.092861 0.217786 0.078077 0.256826 0.079980 0.051073 0.052667 0.149821 0.015362 
0.000222 0.100691 0.278003 0.050329 0.280366 0.063333 0.021873 0.109470 0.074687 0.021025 
0.006042 0.112168 0.171610 0.101416 0.285528 0.056431 0.055660 0.138638 0.043583 0.028925 
0.001736 0.125170 0.185467 0.082810 0.310716 0.053837 0.042001 0.133650 0.053509 0.011104 
0.003348 0.082859 0.097722 0.094926 0.199138 0.224529 0.182504 0.070979 0.027904 0.016092 
