Living-next-door-to-Alice,Smokie
0.000000 0.000000 0.000000 0.000000 0.000000 0.000000 0.000000 0.000000 0.000000 0.000000 
0.000000 0.000000 0.000000 0.000000 0.000000 0.000000 0.000000 0.000000 0.000000 0.000000 
0.000000 0.000000 0.000000 0.000000 0.000000 0.000000 0.000000 0.000000 0.000000 0.000000 
0.000000 0.000000 0.000000 0.000000 0.000000 0.000000 0.000000 0.000000 0.000000 0.000000 
0.000000 0.000000 0.000000 0.000000 0.000000 0.000000 0.000000 0.000000 0.000000 0.000000 
0.000000 0.000000 0.000000 0.000000 0.000000 0.000000 0.000000 0.000000 0.000000 0.000000 
0.000000 0.000000 0.000000 0.000000 0.000000 0.000000 0.000000 0.000000 0.000000 0.000000 
0.000000 0.000000 0.000000 0.000000 0.000000 0.000000 0.000000 0.000000 0.000000 0.000000 
0.000000 0.000000 0.000000 0.000000 0.000000 0.000000 0.000000 0.000000 0.000000 0.000000 
0.000000 0.000000 0.000000 0.000000 0.000000 0.000000 0.000000 0.000000 0.000000 0.000000 
0.000000 0.000000 0.000000 0.000000 0.000000 0.000000 0.000000 0.000000 0.000000 0.000000 
0.000000 0.000000 0.000000 0.000000 0.000000 0.000000 0.000000 0.000000 0.000000 0.000000 
0.000000 0.000000 0.000000 0.000000 0.000000 0.000000 0.000000 0.000000 0.000000 0.000000 
0.000000 0.000000 0.000000 0.000000 0.000000 0.000000 0.000000 0.000000 0.000000 0.000000 
0.000000 0.000000 0.000000 0.000000 0.000000 0.000000 0.000000 0.000000 0.000000 0.000000 
0.000000 0.000000 0.000000 0.000000 0.000000 0.000000 0.000000 0.000000 0.000000 0.000000 
0.115334 0.175749 0.094363 0.088542 0.051010 0.113193 0.065951 0.152584 0.082336 0.060937 
0.061850 0.245636 0.159267 0.060048 0.104308 0.064758 0.086377 0.070400 0.038778 0.108578 
0.002680 0.039021 0.224052 0.259012 0.141816 0.104641 0.053820 0.047083 0.032808 0.095066 
0.002670 0.007904 0.123488 0.281942 0.168600 0.158990 0.053855 0.054829 0.014480 0.133241 
0.007679 0.035608 0.099952 0.342724 0.200048 0.118900 0.054548 0.042735 0.025152 0.072655 
0.014863 0.067449 0.177547 0.261071 0.207354 0.104556 0.048827 0.034493 0.016130 0.067711 
0.000679 0.017238 0.045615 0.446359 0.222174 0.122533 0.040467 0.029836 0.026769 0.048331 
0.004405 0.024615 0.098337 0.467834 0.166509 0.126276 0.038551 0.024071 0.012407 0.036994 
0.005424 0.019718 0.141089 0.431978 0.171558 0.094494 0.044862 0.023769 0.021341 0.045766 
0.002641 0.007906 0.088425 0.438327 0.216431 0.087608 0.044323 0.035980 0.029379 0.048981 
0.003739 0.013150 0.090315 0.354258 0.225132 0.152033 0.042610 0.037612 0.015702 0.065447 
0.003467 0.012659 0.050427 0.347468 0.167692 0.195180 0.062798 0.033742 0.041920 0.084648 
0.010515 0.039826 0.100756 0.277119 0.216958 0.144698 0.049652 0.050053 0.038476 0.071948 
0.001087 0.018912 0.100603 0.280012 0.215759 0.098666 0.065914 0.064109 0.036886 0.118051 
0.011428 0.044665 0.134947 0.306836 0.226588 0.075425 0.078185 0.055053 0.020875 0.045998 
0.000831 0.009490 0.091561 0.391146 0.186245 0.080358 0.095138 0.048996 0.025817 0.070419 
0.005009 0.028206 0.068426 0.425713 0.100571 0.140177 0.094609 0.042023 0.041942 0.053323 
0.001549 0.010682 0.102793 0.434846 0.193613 0.082827 0.051666 0.059860 0.023706 0.038459 
0.005138 0.025555 0.074215 0.418791 0.169494 0.097802 0.066204 0.053428 0.032867 0.056508 
0.004094 0.023724 0.094039 0.353326 0.224280 0.118845 0.072405 0.052753 0.032407 0.024127 
0.003155 0.013812 0.043981 0.329535 0.308535 0.119321 0.057876 0.051718 0.030048 0.042018 
0.005294 0.026985 0.060698 0.268000 0.188117 0.218362 0.075247 0.046745 0.046587 0.063963 
0.000591 0.010462 0.050792 0.222517 0.228648 0.197171 0.070955 0.053350 0.089363 0.076151 
0.002496 0.021015 0.039321 0.216809 0.192209 0.250944 0.056452 0.081421 0.064368 0.074965 
0.000064 0.009294 0.064042 0.243977 0.216484 0.192231 0.097337 0.082518 0.024094 0.069958 
0.002949 0.011047 0.047002 0.247364 0.287028 0.180938 0.073504 0.066293 0.026787 0.057088 
0.002195 0.009207 0.035089 0.305746 0.169636 0.241647 0.084895 0.049910 0.041510 0.060163 
0.003516 0.020167 0.057574 0.285445 0.127445 0.283665 0.082969 0.043588 0.037810 0.057820 
0.002101 0.006478 0.074267 0.340775 0.185334 0.165147 0.104732 0.038588 0.050639 0.031940 
0.008747 0.035303 0.074267 0.246386 0.206458 0.207488 0.079151 0.039578 0.057759 0.044862 
0.006208 0.028102 0.085798 0.255016 0.162357 0.150460 0.128257 0.069922 0.060869 0.053012 
0.001211 0.007389 0.047447 0.376633 0.151223 0.077499 0.070473 0.100316 0.104420 0.063388 
0.006145 0.027389 0.055631 0.282477 0.211271 0.178699 0.050650 0.098241 0.042610 0.046885 
0.007340 0.030685 0.082236 0.282798 0.196996 0.150577 0.074168 0.054167 0.043190 0.077842 
0.001133 0.014734 0.042371 0.310030 0.191708 0.150151 0.073587 0.059733 0.044696 0.111856 
0.003255 0.017540 0.065934 0.282756 0.217806 0.132555 0.092946 0.045446 0.061901 0.079863 
0.010771 0.036249 0.085243 0.217228 0.198209 0.185104 0.107159 0.056254 0.047855 0.055928 
0.006852 0.025742 0.067795 0.171518 0.155786 0.266137 0.092862 0.046442 0.069979 0.096886 
0.001432 0.012139 0.072219 0.138233 0.159247 0.256376 0.125681 0.083853 0.069811 0.081007 
0.004458 0.020900 0.076194 0.218718 0.125170 0.224626 0.067734 0.113030 0.058110 0.091061 
0.004427 0.018504 0.067560 0.291951 0.189414 0.125666 0.074204 0.071393 0.050062 0.106820 
0.004183 0.015432 0.043709 0.300302 0.080307 0.238479 0.102475 0.097264 0.049609 0.068240 
0.003470 0.011028 0.046029 0.286325 0.147969 0.247257 0.137675 0.049414 0.027989 0.042844 
0.000867 0.007743 0.018492 0.270066 0.131277 0.280979 0.146208 0.036807 0.048634 0.058927 
0.000682 0.009724 0.072930 0.322099 0.111310 0.213014 0.061727 0.054962 0.058601 0.094950 
0.000877 0.008436 0.029054 0.393161 0.151319 0.082930 0.148370 0.053432 0.035255 0.097165 
0.004438 0.023352 0.064334 0.318126 0.139052 0.171592 0.112680 0.053889 0.037286 0.075249 
0.003381 0.017033 0.037240 0.371253 0.124561 0.249757 0.072438 0.040372 0.035897 0.048069 
0.007949 0.034644 0.072263 0.313928 0.152035 0.239258 0.065072 0.045888 0.032205 0.036757 
0.002905 0.009321 0.028042 0.363978 0.195041 0.175316 0.106469 0.054664 0.028823 0.035441 
0.004711 0.017910 0.065076 0.309832 0.151838 0.171208 0.135943 0.051168 0.038543 0.053769 
0.003354 0.009643 0.024579 0.350596 0.195937 0.216348 0.056893 0.065316 0.041930 0.035404 
0.007793 0.030875 0.062700 0.471339 0.101175 0.095503 0.068633 0.069135 0.053646 0.039201 
0.003181 0.015572 0.043548 0.516047 0.091878 0.150034 0.047361 0.056155 0.042229 0.033996 
0.007121 0.032857 0.060684 0.385697 0.130066 0.114646 0.053260 0.076840 0.044861 0.093969 
0.000695 0.006768 0.033880 0.413302 0.113071 0.116023 0.054336 0.069876 0.068750 0.123300 
0.008143 0.036405 0.110098 0.414212 0.118554 0.087062 0.025570 0.041369 0.043686 0.114899 
0.001629 0.009908 0.035138 0.409055 0.120812 0.146922 0.060930 0.062885 0.034073 0.118649 
0.006467 0.031812 0.071743 0.328013 0.122783 0.148837 0.080334 0.075313 0.039126 0.095572 
0.003467 0.009710 0.078776 0.265826 0.189532 0.119840 0.092847 0.058897 0.041709 0.139395 
0.000342 0.010895 0.065168 0.303583 0.177637 0.224021 0.077370 0.038274 0.033964 0.068745 
0.008243 0.039272 0.083232 0.294779 0.172074 0.239362 0.071563 0.037095 0.012567 0.041814 
0.006959 0.030243 0.062279 0.161436 0.272519 0.227346 0.063713 0.084173 0.035718 0.055613 
0.006068 0.025375 0.044231 0.311783 0.267573 0.092281 0.062486 0.089788 0.057640 0.042775 
0.011319 0.048022 0.097479 0.352276 0.207801 0.100645 0.056776 0.050723 0.056027 0.018932 
0.011029 0.040365 0.079543 0.377700 0.056080 0.194513 0.047330 0.052541 0.061985 0.078913 
0.000188 0.003566 0.020400 0.278616 0.186622 0.237955 0.096682 0.056283 0.038535 0.081151 
0.001432 0.007344 0.028702 0.243351 0.235820 0.211176 0.103909 0.045040 0.039527 0.083699 
0.006054 0.023053 0.040493 0.207106 0.180884 0.206089 0.103340 0.089064 0.063827 0.080090 
0.003485 0.019332 0.037496 0.304700 0.166581 0.112816 0.143276 0.039226 0.094399 0.078688 
0.007271 0.028644 0.078538 0.294474 0.154901 0.137002 0.082956 0.065362 0.079930 0.070923 
0.010559 0.046776 0.077068 0.333060 0.190949 0.175914 0.037508 0.061659 0.014276 0.052232 
0.002573 0.015745 0.045888 0.363051 0.199478 0.123578 0.059382 0.084000 0.033788 0.072515 
0.004642 0.016894 0.071202 0.324049 0.130354 0.153531 0.131252 0.051800 0.044207 0.072068 
0.003930 0.011186 0.068097 0.342840 0.170335 0.134987 0.122427 0.042474 0.044285 0.059439 
0.000568 0.007958 0.041447 0.443278 0.145289 0.138994 0.076784 0.050432 0.046517 0.048733 
0.003241 0.017511 0.099349 0.475614 0.065034 0.086946 0.059829 0.053249 0.075128 0.064099 
0.005242 0.025328 0.056505 0.428598 0.109834 0.131861 0.083924 0.045608 0.061673 0.051428 
0.003166 0.016509 0.058636 0.422364 0.093668 0.134888 0.090238 0.058693 0.046091 0.075746 
0.008709 0.039022 0.078936 0.423848 0.131468 0.079701 0.050287 0.080695 0.053299 0.054035 
0.009645 0.044424 0.085444 0.357178 0.120970 0.171574 0.072063 0.041521 0.048677 0.048504 
0.002678 0.014607 0.025958 0.296171 0.181788 0.231058 0.106137 0.031928 0.043683 0.065992 
0.003270 0.011991 0.053047 0.224730 0.191238 0.242037 0.099787 0.050356 0.056705 0.066839 
0.003264 0.011981 0.055492 0.395387 0.152009 0.170125 0.102171 0.030110 0.032884 0.046576 
0.003488 0.017610 0.051442 0.459281 0.122477 0.074718 0.113769 0.061001 0.042904 0.053310 
0.007897 0.030582 0.069327 0.400007 0.174606 0.114301 0.078007 0.049606 0.024033 0.051634 
0.000899 0.008272 0.078424 0.323808 0.182173 0.153768 0.049826 0.061001 0.030040 0.111789 
0.000693 0.007136 0.079077 0.357858 0.136658 0.116695 0.120124 0.038632 0.022774 0.120353 
0.002314 0.025175 0.098175 0.345489 0.057096 0.154607 0.102183 0.064095 0.078758 0.072108 
0.000481 0.008296 0.030464 0.391981 0.074698 0.273592 0.061218 0.058662 0.050338 0.050270 
0.006535 0.032337 0.079885 0.372221 0.161122 0.212377 0.047700 0.041514 0.022198 0.024112 
0.005708 0.023988 0.080339 0.389852 0.147156 0.144974 0.058852 0.047174 0.066441 0.035514 
0.004285 0.021916 0.157416 0.300060 0.115175 0.077722 0.140125 0.085346 0.049539 0.048417 
0.002482 0.015171 0.156079 0.320177 0.109622 0.091181 0.176088 0.073600 0.020301 0.035300 
0.004184 0.023964 0.073191 0.281377 0.177465 0.143123 0.154447 0.066505 0.036056 0.039688 
0.007078 0.032218 0.080850 0.352693 0.190982 0.153144 0.079745 0.050872 0.009291 0.043126 
0.002231 0.019811 0.044832 0.416657 0.152645 0.132851 0.106833 0.042849 0.038598 0.042694 
0.003595 0.019585 0.071772 0.378296 0.207407 0.073708 0.101464 0.040550 0.037574 0.066049 
0.006653 0.030943 0.101656 0.391794 0.138019 0.159894 0.052347 0.026060 0.030788 0.061846 
0.003820 0.018191 0.114154 0.306050 0.078395 0.196304 0.097294 0.052321 0.061944 0.071527 
0.004363 0.022579 0.107999 0.325010 0.218476 0.096836 0.069441 0.077107 0.047202 0.030987 
0.007083 0.037056 0.123493 0.359928 0.180614 0.058064 0.080223 0.058612 0.041664 0.053263 
0.000271 0.010464 0.089689 0.382250 0.085798 0.110769 0.144807 0.078684 0.034373 0.062895 
0.005773 0.026973 0.090009 0.373991 0.133876 0.138945 0.116337 0.035218 0.048758 0.030121 
0.007463 0.038584 0.090911 0.455770 0.085118 0.134661 0.099545 0.035324 0.025921 0.026702 
0.002477 0.016076 0.080361 0.513958 0.102235 0.080090 0.078493 0.066277 0.031269 0.028766 
0.008176 0.038403 0.072545 0.467839 0.100573 0.078557 0.127782 0.056181 0.024214 0.025729 
0.002841 0.018054 0.082956 0.350752 0.096054 0.121682 0.146288 0.055184 0.020476 0.105715 
0.002637 0.018706 0.068208 0.260819 0.190572 0.170618 0.079847 0.049875 0.026737 0.131982 
0.004288 0.027190 0.079581 0.290877 0.156092 0.166039 0.063105 0.072078 0.037877 0.102872 
0.001577 0.015302 0.043295 0.350437 0.105271 0.115663 0.086975 0.090627 0.056048 0.134806 
0.006026 0.018887 0.061436 0.344777 0.105011 0.118112 0.085380 0.063553 0.097675 0.099144 
0.008365 0.040668 0.085230 0.352674 0.165801 0.077419 0.130437 0.037048 0.044531 0.057828 
0.000062 0.010454 0.062016 0.335621 0.179356 0.102881 0.115066 0.057782 0.032102 0.104660 
0.004458 0.028927 0.057765 0.241809 0.189811 0.149179 0.097212 0.070749 0.059262 0.100829 
0.006732 0.026395 0.087094 0.354162 0.150728 0.062516 0.100392 0.112030 0.038828 0.061122 
0.002063 0.008590 0.045941 0.387619 0.120648 0.082401 0.159964 0.092263 0.037257 0.063254 
0.000017 0.011831 0.078831 0.310749 0.108812 0.213408 0.102775 0.098745 0.037615 0.037216 
0.003346 0.020953 0.068229 0.318785 0.153823 0.258779 0.053042 0.032313 0.035353 0.055377 
0.002140 0.014452 0.050930 0.285142 0.170326 0.259415 0.104851 0.053247 0.021786 0.037711 
0.001993 0.019984 0.048734 0.224943 0.153339 0.256021 0.127706 0.048967 0.049571 0.068744 
0.000450 0.006905 0.061225 0.252152 0.196539 0.209942 0.084151 0.057746 0.043300 0.087589 
0.001848 0.015288 0.043879 0.300767 0.261688 0.180993 0.064842 0.045304 0.025447 0.059946 
0.000687 0.010391 0.084132 0.336206 0.161000 0.118874 0.074377 0.061995 0.047974 0.104362 
0.007685 0.033376 0.097514 0.297281 0.121600 0.172467 0.143292 0.053525 0.035668 0.037590 
0.004305 0.021632 0.054836 0.504861 0.109086 0.100392 0.059260 0.057139 0.054646 0.033843 
0.009427 0.032724 0.088699 0.448223 0.108519 0.151615 0.063073 0.027954 0.045104 0.024663 
0.008608 0.043421 0.088767 0.323586 0.124540 0.206289 0.089137 0.041064 0.030104 0.044484 
0.002578 0.014090 0.069073 0.309847 0.169330 0.231298 0.058659 0.058644 0.029845 0.056637 
0.005827 0.044435 0.089647 0.264288 0.163695 0.218498 0.052721 0.045422 0.024627 0.090839 
0.001964 0.020570 0.076927 0.306643 0.184669 0.185841 0.063617 0.059162 0.023063 0.077543 
0.000773 0.007271 0.053618 0.295821 0.177475 0.211528 0.126888 0.040994 0.024480 0.061151 
0.008662 0.035207 0.104642 0.330206 0.128521 0.163320 0.088674 0.049022 0.045374 0.046371 
0.004170 0.029767 0.103752 0.404571 0.138695 0.107923 0.082163 0.047786 0.029458 0.051716 
0.000210 0.014670 0.124380 0.371893 0.190810 0.059510 0.085807 0.054852 0.045109 0.052759 
0.000779 0.014005 0.128987 0.401499 0.172287 0.070118 0.058292 0.051223 0.034488 0.068322 
0.001442 0.015930 0.084479 0.434600 0.155238 0.075893 0.049451 0.056303 0.050645 0.076018 
0.012566 0.050197 0.098376 0.365078 0.102085 0.120909 0.084778 0.054340 0.042841 0.068829 
0.017469 0.073753 0.145765 0.400927 0.088959 0.087679 0.093731 0.034580 0.030203 0.026934 
0.011917 0.045569 0.122649 0.351488 0.126168 0.075894 0.091005 0.051541 0.048201 0.075566 
0.001575 0.008160 0.048032 0.343988 0.164798 0.138272 0.139084 0.054209 0.044313 0.057568 
0.006271 0.024446 0.082103 0.413802 0.077407 0.140741 0.119447 0.031179 0.048288 0.056317 
0.002315 0.009564 0.065929 0.339524 0.108970 0.167090 0.152627 0.051141 0.042814 0.060026 
0.010879 0.046481 0.109106 0.309567 0.090063 0.168600 0.096806 0.071349 0.035092 0.062058 
0.000667 0.005225 0.059025 0.443304 0.109736 0.124621 0.120233 0.064672 0.019705 0.052812 
0.008200 0.037011 0.058550 0.348695 0.139233 0.173758 0.116405 0.070815 0.025013 0.022321 
0.006642 0.027671 0.044890 0.289064 0.147549 0.261803 0.086450 0.069041 0.029880 0.037009 
0.000032 0.011112 0.050389 0.390857 0.139371 0.202751 0.061898 0.064279 0.022057 0.057254 
0.000025 0.006406 0.062644 0.293960 0.173746 0.264858 0.095548 0.043772 0.015548 0.043493 
0.004365 0.022790 0.057063 0.283616 0.107173 0.273129 0.092425 0.060696 0.049324 0.049420 
0.005476 0.018148 0.079546 0.270109 0.118173 0.212257 0.119206 0.083277 0.025872 0.067937 
0.008688 0.039124 0.090897 0.243474 0.137954 0.234982 0.101431 0.063177 0.031435 0.048838 
0.003430 0.019064 0.045236 0.341822 0.100917 0.262385 0.100322 0.053327 0.029799 0.043698 
0.005495 0.019699 0.036204 0.336475 0.184768 0.167533 0.116863 0.070506 0.023041 0.039417 
0.010623 0.040193 0.086838 0.327254 0.101684 0.200747 0.085698 0.060092 0.042000 0.044873 
0.007367 0.033953 0.079347 0.351713 0.108536 0.107182 0.155795 0.059664 0.057245 0.039199 
0.002112 0.019175 0.080880 0.450146 0.120159 0.091437 0.080939 0.069968 0.042192 0.042992 
0.003271 0.013189 0.045825 0.346549 0.108384 0.182862 0.110679 0.068231 0.072297 0.048712 
0.001564 0.005374 0.054696 0.227284 0.137273 0.212912 0.146302 0.083701 0.052120 0.078774 
0.001717 0.014688 0.039934 0.351459 0.087140 0.256907 0.079005 0.048612 0.055148 0.065391 
0.005087 0.017602 0.059227 0.308624 0.144221 0.240602 0.091228 0.029785 0.053394 0.050229 
0.001865 0.027502 0.074306 0.298788 0.197560 0.151293 0.050836 0.036120 0.028732 0.132999 
0.001345 0.012571 0.071586 0.248182 0.153902 0.232780 0.078157 0.051356 0.035096 0.115024 
0.004808 0.017645 0.058152 0.189825 0.185405 0.236845 0.079579 0.067693 0.026792 0.133256 
0.003595 0.015507 0.059214 0.235239 0.121695 0.171010 0.113894 0.062486 0.043340 0.174019 
0.000478 0.017369 0.097786 0.255141 0.153970 0.148302 0.098151 0.050766 0.020545 0.157491 
0.000674 0.015069 0.150326 0.302297 0.100933 0.105939 0.072473 0.077091 0.026051 0.149148 
0.001169 0.026695 0.076927 0.323320 0.070588 0.165022 0.095114 0.070623 0.014728 0.155814 
0.004661 0.038811 0.128708 0.381031 0.070534 0.093757 0.060620 0.051058 0.024117 0.146703 
0.008860 0.036211 0.088425 0.316261 0.242722 0.055197 0.079416 0.032448 0.017967 0.122492 
0.010881 0.043281 0.088890 0.335246 0.100417 0.058003 0.089877 0.046711 0.031501 0.195193 
0.001060 0.023073 0.188297 0.172029 0.147595 0.165916 0.056866 0.040572 0.015989 0.188600 
0.000893 0.021076 0.057452 0.331234 0.203164 0.214395 0.036464 0.024120 0.012621 0.098581 
0.004898 0.021719 0.033747 0.336200 0.253566 0.157297 0.038106 0.038550 0.035293 0.080624 
0.007976 0.052896 0.065369 0.334677 0.327644 0.094582 0.034494 0.016895 0.018742 0.046724 
0.004034 0.027450 0.052065 0.318234 0.360718 0.097583 0.044057 0.023400 0.023263 0.049196 
0.001650 0.013001 0.026599 0.217105 0.318227 0.186392 0.053587 0.064923 0.065283 0.053232 
0.006269 0.025122 0.047439 0.167957 0.198647 0.120962 0.058203 0.082135 0.150537 0.142729 
0.001382 0.038289 0.054362 0.118770 0.306983 0.104051 0.072860 0.049793 0.078325 0.175185 
0.001232 0.008301 0.040828 0.144829 0.195571 0.178699 0.100737 0.111065 0.076980 0.141758 
0.003905 0.013174 0.024055 0.092883 0.342184 0.139597 0.103891 0.231810 0.027557 0.020945 
0.001051 0.018713 0.041454 0.109227 0.302002 0.052252 0.074982 0.316083 0.049980 0.034255 
0.008173 0.037380 0.045307 0.153900 0.311665 0.219278 0.067816 0.065724 0.018497 0.072260 
0.007743 0.038453 0.067837 0.215727 0.214415 0.156065 0.089447 0.084120 0.027000 0.099193 
0.004398 0.018379 0.058886 0.200418 0.261920 0.114427 0.110990 0.116874 0.037823 0.075887 
0.007968 0.037409 0.066158 0.206495 0.323751 0.082967 0.079586 0.075454 0.060618 0.059594 
0.000491 0.008747 0.020636 0.150687 0.203464 0.066923 0.255431 0.076951 0.036984 0.179687 
0.000526 0.002436 0.038330 0.194048 0.168486 0.052202 0.201341 0.018125 0.043557 0.280950 
0.000460 0.009598 0.033024 0.114278 0.186946 0.123804 0.222095 0.034119 0.039166 0.236510 
0.002507 0.009384 0.025249 0.119422 0.173790 0.125554 0.179774 0.060182 0.034815 0.269323 
0.002405 0.012201 0.022249 0.147875 0.143234 0.085748 0.207744 0.060828 0.080689 0.237027 
0.003176 0.011355 0.026726 0.202651 0.044869 0.131554 0.243170 0.073259 0.069852 0.193388 
0.001428 0.004135 0.038394 0.114651 0.105402 0.136226 0.307012 0.045665 0.035811 0.211275 
0.000063 0.002691 0.015280 0.135204 0.206179 0.085119 0.304249 0.061653 0.054987 0.134575 
0.001209 0.007613 0.016889 0.195941 0.218300 0.068576 0.304265 0.033958 0.061582 0.091667 
0.003868 0.017832 0.030698 0.243934 0.231655 0.074518 0.186699 0.114865 0.036222 0.059708 
0.003121 0.018078 0.029033 0.118759 0.435850 0.068798 0.100691 0.111352 0.044604 0.069714 
0.002876 0.015597 0.041157 0.103154 0.412945 0.122442 0.125815 0.066592 0.022187 0.087235 
0.006133 0.038928 0.029152 0.128280 0.344282 0.128928 0.102542 0.121616 0.022786 0.077354 
0.000787 0.010121 0.030929 0.227540 0.249113 0.155044 0.105765 0.127197 0.021071 0.072432 
0.005968 0.021888 0.033687 0.255222 0.245838 0.097826 0.082212 0.177720 0.034101 0.045536 
0.005081 0.024209 0.052211 0.113178 0.328754 0.122520 0.092899 0.133669 0.076659 0.050820 
0.001813 0.012799 0.044844 0.115538 0.345891 0.147804 0.133011 0.104393 0.039364 0.054544 
0.002741 0.013138 0.050168 0.087595 0.329071 0.215384 0.145873 0.053402 0.024439 0.078188 
0.006706 0.025086 0.045946 0.134333 0.266982 0.264666 0.091213 0.050900 0.031513 0.082654 
0.007887 0.031473 0.062629 0.147981 0.246895 0.147946 0.131791 0.078028 0.041865 0.103506 
0.001340 0.007346 0.037640 0.150856 0.252349 0.172049 0.103474 0.127251 0.059610 0.088083 
0.000688 0.008978 0.026409 0.145867 0.246188 0.252811 0.101873 0.096179 0.036426 0.084581 
0.001054 0.016130 0.093266 0.150149 0.153639 0.224754 0.105079 0.069265 0.034778 0.151887 
0.002521 0.014156 0.055962 0.118318 0.174742 0.128136 0.214722 0.133231 0.035099 0.123113 
0.005690 0.028279 0.032716 0.131815 0.277994 0.153444 0.154279 0.124325 0.028007 0.063451 
0.003758 0.019627 0.025356 0.073818 0.242424 0.160782 0.219557 0.123248 0.028338 0.103092 
0.006367 0.025950 0.044874 0.091663 0.302343 0.230899 0.126176 0.090160 0.017743 0.063824 
0.001127 0.009740 0.040679 0.133670 0.266244 0.233400 0.129468 0.053791 0.018743 0.113139 
0.004033 0.028525 0.071269 0.207981 0.272650 0.151171 0.064523 0.064240 0.035765 0.099844 
0.003843 0.027877 0.049956 0.164604 0.359425 0.104606 0.121335 0.064791 0.017004 0.086559 
0.006879 0.035626 0.070544 0.204772 0.274483 0.046029 0.116782 0.081762 0.058676 0.104447 
0.004516 0.019972 0.065547 0.192857 0.363882 0.085366 0.095110 0.092128 0.035052 0.045570 
0.005207 0.023050 0.058534 0.304977 0.209245 0.075673 0.171653 0.052825 0.044968 0.053867 
0.006718 0.037477 0.084745 0.172738 0.297239 0.135977 0.094866 0.063388 0.021164 0.085689 
0.008973 0.039449 0.071193 0.174447 0.300847 0.118288 0.101971 0.079650 0.025435 0.079747 
0.005475 0.023522 0.047216 0.095672 0.283479 0.122080 0.145696 0.143330 0.049056 0.084473 
0.010019 0.052747 0.099543 0.186842 0.121848 0.181320 0.182326 0.082698 0.035802 0.046856 
0.008773 0.022881 0.042116 0.165149 0.184417 0.133273 0.164404 0.170554 0.043948 0.064484 
0.004014 0.016768 0.043397 0.233923 0.194402 0.074621 0.292925 0.065331 0.039958 0.034661 
0.005253 0.019981 0.043528 0.264411 0.151056 0.035395 0.159147 0.048456 0.157641 0.115130 
0.004431 0.012341 0.043304 0.279580 0.122037 0.066160 0.148081 0.052652 0.116551 0.154863 
0.007688 0.035257 0.078267 0.289187 0.191395 0.072172 0.161640 0.030330 0.041831 0.092233 
0.008107 0.040718 0.097085 0.399948 0.159897 0.083678 0.068399 0.026020 0.037987 0.078160 
0.010000 0.040442 0.096089 0.282551 0.255542 0.080717 0.077734 0.026356 0.057300 0.073269 
0.004179 0.019293 0.048468 0.389062 0.193994 0.058439 0.162604 0.049966 0.039248 0.034746 
0.004102 0.018043 0.051986 0.400764 0.165979 0.052658 0.164151 0.036920 0.053679 0.051718 
0.005622 0.030052 0.084065 0.474418 0.103508 0.072238 0.099230 0.024698 0.067024 0.039145 
0.007201 0.029142 0.065568 0.471601 0.115574 0.061735 0.114608 0.015708 0.030136 0.088726 
0.000758 0.021406 0.036504 0.450602 0.120634 0.128204 0.101705 0.054281 0.045597 0.040310 
0.002837 0.022695 0.078573 0.321573 0.119836 0.294363 0.059195 0.016197 0.047771 0.036960 
0.003845 0.015045 0.034026 0.221844 0.245087 0.266458 0.078063 0.039001 0.065528 0.031103 
0.007534 0.031162 0.067626 0.227039 0.158723 0.309029 0.060461 0.040251 0.075682 0.022494 
0.009900 0.043782 0.095895 0.245926 0.106530 0.253022 0.078088 0.103156 0.031801 0.031900 
0.003571 0.011903 0.045697 0.368947 0.182333 0.165769 0.042513 0.085156 0.035063 0.059048 
0.007984 0.034622 0.111118 0.408408 0.137220 0.164687 0.039584 0.059543 0.005624 0.031208 
0.002747 0.008107 0.075518 0.369510 0.120449 0.231059 0.060369 0.077287 0.026485 0.028468 
0.003288 0.015287 0.037881 0.350866 0.274527 0.164845 0.047244 0.044834 0.023218 0.038012 
0.002462 0.011398 0.071784 0.318795 0.314945 0.121171 0.066372 0.041146 0.025762 0.026165 
0.008337 0.024058 0.052697 0.438679 0.211722 0.060911 0.111050 0.045820 0.028028 0.018698 
0.003478 0.014581 0.104666 0.356147 0.235305 0.090269 0.054699 0.047326 0.041428 0.052101 
0.005757 0.028429 0.140496 0.325070 0.153757 0.132716 0.040550 0.037400 0.047439 0.088387 
0.003707 0.027070 0.162057 0.329067 0.096634 0.150589 0.059214 0.032251 0.026555 0.112856 
0.006699 0.026607 0.130253 0.328443 0.087100 0.117582 0.079274 0.040587 0.043594 0.139861 
0.000031 0.011281 0.097269 0.499478 0.161184 0.080100 0.054572 0.017982 0.030505 0.047598 
0.009463 0.042786 0.149349 0.426862 0.109853 0.120297 0.049879 0.020412 0.053518 0.017581 
0.003170 0.015156 0.147006 0.419069 0.108644 0.174779 0.029566 0.030368 0.053685 0.018558 
0.002091 0.024609 0.136266 0.326687 0.173905 0.117148 0.074065 0.052405 0.062779 0.030045 
0.000830 0.005664 0.189510 0.416979 0.151201 0.078188 0.038372 0.036107 0.048754 0.034393 
0.006362 0.026308 0.209802 0.430329 0.118982 0.053757 0.035972 0.027486 0.059652 0.031350 
0.007036 0.029301 0.128686 0.420867 0.166233 0.045745 0.065458 0.027855 0.047754 0.061063 
0.007884 0.044513 0.148523 0.398919 0.143542 0.047428 0.061117 0.041825 0.028616 0.077632 
0.008651 0.026883 0.161301 0.430950 0.120462 0.073214 0.049755 0.036217 0.023080 0.069486 
0.004014 0.025362 0.150579 0.539892 0.107306 0.037029 0.032115 0.040961 0.008935 0.053807 
0.006133 0.033090 0.197037 0.434344 0.124122 0.050005 0.049751 0.024912 0.023392 0.057213 
0.000915 0.027144 0.216085 0.392844 0.123217 0.054032 0.060805 0.034797 0.030566 0.059597 
0.004355 0.032828 0.230318 0.234514 0.138093 0.065048 0.062267 0.049339 0.042057 0.141182 
0.000620 0.015544 0.152233 0.369903 0.121757 0.086918 0.061200 0.036418 0.035618 0.119789 
0.005107 0.028028 0.120795 0.460884 0.118378 0.078958 0.053585 0.021074 0.018350 0.094841 
0.000864 0.010255 0.118951 0.478571 0.124052 0.079814 0.058665 0.036173 0.027813 0.064842 
0.000473 0.020783 0.155944 0.454571 0.098615 0.073247 0.063374 0.041317 0.025347 0.066331 
0.008053 0.033438 0.224742 0.396710 0.077538 0.106437 0.056805 0.036457 0.018816 0.041005 
0.009893 0.047535 0.201572 0.360093 0.080542 0.086126 0.053473 0.035940 0.018143 0.106682 
0.012178 0.054050 0.217180 0.313979 0.135318 0.059574 0.056582 0.035357 0.022468 0.093313 
0.009236 0.030034 0.188870 0.404352 0.112995 0.079124 0.040812 0.029043 0.031927 0.073606 
0.009128 0.047763 0.154806 0.417011 0.138068 0.069606 0.032578 0.042503 0.025816 0.062721 
0.015370 0.054649 0.092391 0.525682 0.121899 0.049550 0.030622 0.034256 0.025588 0.049993 
0.002864 0.012097 0.189333 0.358254 0.105728 0.062673 0.048536 0.063132 0.106583 0.050800 
0.007527 0.032030 0.181208 0.289105 0.077685 0.073112 0.063951 0.068901 0.146077 0.060405 
0.004338 0.017791 0.228476 0.284104 0.080462 0.074222 0.057505 0.060570 0.126200 0.066332 
0.006354 0.030912 0.255259 0.338452 0.069897 0.042392 0.080916 0.051692 0.087699 0.036428 
0.011335 0.047423 0.249732 0.211585 0.099841 0.062495 0.090511 0.050552 0.101572 0.074953 
0.006538 0.027124 0.232150 0.296057 0.123510 0.074970 0.032248 0.039027 0.063470 0.104906 
0.006482 0.035605 0.172909 0.353406 0.123210 0.090182 0.046799 0.045568 0.056559 0.069281 
0.007641 0.038317 0.113978 0.360814 0.173852 0.073296 0.058452 0.049140 0.056041 0.068469 
0.006487 0.031126 0.182188 0.347986 0.158924 0.045209 0.061756 0.055914 0.041302 0.069107 
0.011319 0.057180 0.217087 0.338650 0.122663 0.048633 0.043610 0.049238 0.046105 0.065515 
0.015623 0.065631 0.167461 0.473642 0.117992 0.035293 0.038555 0.031726 0.023034 0.031042 
0.014088 0.061162 0.158955 0.440986 0.142773 0.044188 0.043385 0.032468 0.027869 0.034126 
0.009009 0.050063 0.267683 0.289262 0.177838 0.050019 0.023930 0.043640 0.032790 0.055767 
0.005137 0.025311 0.260310 0.313735 0.122683 0.076809 0.052492 0.037666 0.027206 0.078652 
0.006156 0.037616 0.279397 0.202229 0.110915 0.061431 0.079709 0.083979 0.046087 0.092479 
0.008711 0.054839 0.227463 0.392371 0.055692 0.032863 0.060852 0.044930 0.032009 0.090269 
0.004605 0.026668 0.180443 0.312229 0.117104 0.135460 0.074176 0.029143 0.017826 0.102346 
0.001128 0.011936 0.196063 0.229429 0.128095 0.106241 0.136391 0.062898 0.038068 0.089750 
0.000831 0.031301 0.153737 0.271343 0.095918 0.090372 0.102551 0.147503 0.055512 0.050933 
0.003754 0.027458 0.101852 0.165219 0.069444 0.098968 0.181754 0.218924 0.067692 0.064936 
0.000292 0.012283 0.109001 0.200232 0.180622 0.180507 0.171608 0.038583 0.053635 0.053235 
0.002930 0.013096 0.061204 0.152611 0.050180 0.252140 0.068105 0.287305 0.054229 0.058199 
0.000098 0.002594 0.044384 0.186014 0.065182 0.130528 0.059499 0.300642 0.056068 0.154990 
0.000574 0.005244 0.038806 0.190873 0.078374 0.084719 0.039664 0.195214 0.051949 0.314583 
0.004436 0.019729 0.102921 0.195168 0.077909 0.091565 0.055986 0.182713 0.081519 0.188053 
0.015238 0.059576 0.141303 0.321123 0.128807 0.076079 0.100130 0.077680 0.017252 0.062812 
0.003538 0.014114 0.090756 0.343246 0.130443 0.086142 0.094359 0.069955 0.032118 0.135329 
0.007050 0.034346 0.126340 0.355046 0.116033 0.047865 0.081677 0.059268 0.051785 0.120590 
0.005471 0.022935 0.083210 0.242933 0.071415 0.366657 0.063836 0.045993 0.040305 0.057246 
0.001482 0.011102 0.098047 0.330576 0.111330 0.058562 0.110466 0.065958 0.048166 0.164312 
0.002847 0.006595 0.065741 0.327435 0.100274 0.114839 0.107319 0.093915 0.048451 0.132585 
0.000479 0.013387 0.114979 0.231135 0.106394 0.100125 0.100353 0.080832 0.052605 0.199711 
0.002691 0.104351 0.069501 0.273413 0.116319 0.106406 0.082251 0.073119 0.038175 0.133775 
0.001170 0.062982 0.034523 0.209394 0.183101 0.216793 0.076242 0.105638 0.039341 0.070816 
0.001496 0.025208 0.052043 0.203103 0.282367 0.176338 0.066598 0.072173 0.035118 0.085556 
0.004781 0.021427 0.061422 0.133046 0.331468 0.220811 0.059144 0.071832 0.041791 0.054278 
0.000969 0.004922 0.019297 0.187494 0.313248 0.288853 0.048657 0.044982 0.040750 0.050829 
0.014499 0.054260 0.198785 0.239837 0.170996 0.089880 0.070571 0.040297 0.029611 0.091264 
0.016974 0.060973 0.064281 0.183643 0.150495 0.114628 0.136083 0.067068 0.074687 0.131168 
0.002729 0.013981 0.055305 0.172575 0.228709 0.060590 0.144080 0.073187 0.055643 0.193201 
0.000055 0.013926 0.127180 0.438487 0.173079 0.081696 0.072899 0.040072 0.013544 0.039063 
0.002268 0.024798 0.066228 0.508581 0.087061 0.143335 0.056605 0.033651 0.030895 0.046579 
0.002677 0.016311 0.297049 0.263015 0.172307 0.086855 0.027065 0.026211 0.047743 0.060768 
0.017048 0.069388 0.284373 0.156014 0.086517 0.103360 0.032541 0.040488 0.132565 0.077707 
0.009290 0.048528 0.083979 0.223990 0.149624 0.082230 0.039714 0.059511 0.185652 0.117482 
0.008531 0.057536 0.087080 0.216061 0.183062 0.141391 0.029367 0.051097 0.135979 0.089897 
0.009262 0.038137 0.406226 0.183593 0.144525 0.048063 0.027148 0.035279 0.065220 0.042546 
0.011105 0.055512 0.320875 0.155308 0.182201 0.068206 0.092058 0.028605 0.034742 0.051389 
0.007706 0.041468 0.332921 0.100769 0.194827 0.043323 0.129007 0.055245 0.044383 0.050352 
0.003610 0.025196 0.280078 0.164831 0.282895 0.028398 0.124524 0.033284 0.030491 0.026693 
0.000355 0.015468 0.315888 0.083450 0.258312 0.050000 0.179263 0.023386 0.028691 0.045187 
0.004299 0.019828 0.326799 0.140660 0.219121 0.050581 0.163998 0.015992 0.023139 0.035583 
0.007159 0.035957 0.391031 0.117909 0.167224 0.066301 0.088884 0.029599 0.030507 0.065427 
0.003028 0.022285 0.374386 0.140846 0.152339 0.074266 0.079258 0.032977 0.048728 0.071888 
0.008562 0.040155 0.326747 0.105587 0.167791 0.077113 0.065935 0.032177 0.041996 0.133937 
0.001004 0.016149 0.168803 0.154780 0.168914 0.115051 0.152426 0.028959 0.030088 0.163826 
0.003212 0.016947 0.132751 0.169753 0.224538 0.138347 0.101131 0.047452 0.065743 0.100125 
0.011415 0.032272 0.185546 0.169727 0.136728 0.122411 0.136508 0.031047 0.056409 0.117937 
0.004587 0.021870 0.187525 0.199870 0.116364 0.073625 0.067882 0.020534 0.050817 0.256927 
0.004113 0.033423 0.105077 0.202699 0.059330 0.098902 0.083255 0.026157 0.044516 0.342529 
0.000725 0.008930 0.162879 0.243074 0.086422 0.093831 0.062291 0.034674 0.022912 0.284262 
0.004977 0.024037 0.140506 0.233443 0.113836 0.111621 0.048362 0.036556 0.055276 0.231387 
0.002066 0.030070 0.113166 0.257422 0.221384 0.079482 0.096310 0.035195 0.069890 0.095015 
0.000183 0.007644 0.229069 0.233881 0.105765 0.107633 0.064296 0.053689 0.105880 0.091960 
0.003149 0.032811 0.143694 0.156034 0.091530 0.128154 0.060207 0.066825 0.212549 0.105047 
0.001073 0.015534 0.106994 0.150100 0.111239 0.159095 0.073095 0.077370 0.218717 0.086783 
0.007617 0.024657 0.105657 0.193002 0.083596 0.137902 0.081170 0.080272 0.210333 0.075795 
0.000073 0.024555 0.091039 0.159378 0.127832 0.183494 0.074450 0.075061 0.184806 0.079313 
0.001830 0.019458 0.265143 0.245609 0.047915 0.192565 0.040880 0.045854 0.113106 0.027640 
0.008846 0.042159 0.174522 0.376958 0.183800 0.071241 0.031982 0.020251 0.066516 0.023724 
0.004051 0.016121 0.086978 0.336291 0.346546 0.063547 0.041335 0.022650 0.059820 0.022662 
0.004309 0.021953 0.108635 0.378930 0.298604 0.058464 0.022885 0.045945 0.044390 0.015885 
0.006232 0.019805 0.085528 0.348631 0.371181 0.037195 0.033618 0.026828 0.053504 0.017479 
0.008081 0.023763 0.087192 0.372265 0.307892 0.061641 0.039549 0.036604 0.049842 0.013171 
0.006630 0.027274 0.071957 0.328928 0.336907 0.070649 0.028253 0.063163 0.057120 0.009118 
0.008938 0.041410 0.095676 0.348871 0.248663 0.067433 0.058538 0.075082 0.041065 0.014324 
0.004493 0.023510 0.093390 0.361323 0.264095 0.088802 0.047181 0.071496 0.033811 0.011900 
0.002166 0.008872 0.079654 0.504426 0.196475 0.066156 0.039027 0.052825 0.037707 0.012693 
0.013077 0.057223 0.097949 0.372774 0.244209 0.071281 0.039815 0.065100 0.022807 0.015764 
0.009560 0.036090 0.106416 0.366955 0.259147 0.076452 0.032609 0.062599 0.022583 0.027589 
0.001626 0.010290 0.057975 0.374884 0.269736 0.062809 0.034447 0.123659 0.034829 0.029744 
0.004966 0.025834 0.085223 0.271133 0.388220 0.086799 0.020189 0.069349 0.037519 0.010769 
0.010469 0.051066 0.071821 0.243693 0.334957 0.074041 0.033274 0.082147 0.080155 0.018375 
0.003157 0.015896 0.045955 0.268394 0.336106 0.075726 0.051642 0.123224 0.048351 0.031549 
0.005632 0.025632 0.069901 0.276736 0.355572 0.098611 0.047318 0.055375 0.033062 0.032161 
0.002052 0.011936 0.079279 0.342521 0.352475 0.051808 0.016600 0.091055 0.027461 0.024813 
0.002979 0.016184 0.083526 0.269391 0.248668 0.141651 0.077037 0.109444 0.024771 0.026349 
0.001713 0.010806 0.081217 0.304384 0.259320 0.118302 0.087414 0.070465 0.041823 0.024557 
0.000625 0.010262 0.067734 0.376911 0.258958 0.051818 0.039508 0.120176 0.054245 0.019764 
0.002249 0.016592 0.064000 0.322081 0.310514 0.073465 0.032941 0.126617 0.028426 0.023116 
0.003101 0.011039 0.087309 0.138892 0.447313 0.093195 0.018468 0.113277 0.046690 0.040716 
0.002202 0.014383 0.043555 0.193548 0.573500 0.056418 0.017833 0.032516 0.047968 0.018077 
0.003209 0.017175 0.051474 0.380932 0.321323 0.073228 0.017474 0.061553 0.048684 0.024949 
0.006768 0.027809 0.087938 0.521565 0.150034 0.065355 0.030545 0.057249 0.029928 0.022810 
0.002185 0.011046 0.061566 0.411344 0.271415 0.082750 0.045471 0.074083 0.019144 0.020994 
0.003555 0.019134 0.050741 0.296867 0.325107 0.120677 0.050469 0.071871 0.036765 0.024815 
0.000155 0.021771 0.055417 0.184541 0.379798 0.103113 0.049578 0.115260 0.058052 0.032315 
0.000517 0.004767 0.041626 0.240033 0.427376 0.066227 0.027747 0.122945 0.056859 0.011904 
0.008347 0.032135 0.088823 0.267638 0.386913 0.083508 0.010866 0.040406 0.067357 0.014006 
0.011056 0.049586 0.097131 0.225955 0.300309 0.086152 0.046034 0.087213 0.070862 0.025702 
0.008784 0.042630 0.070872 0.297808 0.154017 0.094746 0.054857 0.130204 0.115393 0.030688 
0.005040 0.018047 0.034083 0.211937 0.297582 0.059323 0.055194 0.171734 0.064443 0.082616 
0.001967 0.010479 0.024641 0.279057 0.269194 0.054410 0.035024 0.183197 0.064723 0.077308 
0.003420 0.014410 0.051971 0.392764 0.209609 0.066901 0.017423 0.100988 0.092290 0.050224 
0.004016 0.021228 0.075510 0.417694 0.160136 0.064552 0.041411 0.122097 0.046307 0.047048 
0.004311 0.022837 0.076974 0.401354 0.272228 0.019954 0.031294 0.093933 0.045562 0.031553 
0.006902 0.036925 0.078137 0.408264 0.301121 0.038959 0.017403 0.054393 0.035447 0.022449 
0.007791 0.037032 0.077285 0.425140 0.211985 0.037556 0.028500 0.069627 0.069781 0.035302 
0.008953 0.033219 0.093073 0.373008 0.233457 0.049279 0.044286 0.073177 0.068147 0.023402 
0.005336 0.021889 0.048469 0.207988 0.283080 0.083899 0.061291 0.194583 0.066340 0.027125 
0.004154 0.017972 0.080349 0.128456 0.411668 0.102888 0.012352 0.150221 0.066037 0.025904 
0.011534 0.044760 0.063185 0.296403 0.292301 0.074198 0.039736 0.100244 0.054813 0.022826 
0.004827 0.026159 0.069977 0.301572 0.365609 0.045881 0.036077 0.101109 0.033909 0.014877 
0.006610 0.028394 0.057236 0.269988 0.355041 0.087921 0.056043 0.084555 0.035353 0.018858 
0.003288 0.022571 0.064141 0.262685 0.399773 0.051606 0.037371 0.093635 0.041606 0.023324 
0.000772 0.006297 0.073158 0.325556 0.317628 0.070395 0.025632 0.087220 0.060695 0.032646 
0.007734 0.032523 0.074410 0.294323 0.381413 0.043253 0.016928 0.057696 0.067492 0.024228 
0.002287 0.016093 0.128180 0.193643 0.445093 0.034541 0.046049 0.078457 0.044626 0.011031 
0.004437 0.020179 0.125861 0.319246 0.254473 0.068330 0.047083 0.097980 0.053556 0.008855 
0.008939 0.041698 0.087462 0.363037 0.118347 0.081750 0.062393 0.173638 0.056814 0.005922 
0.013431 0.062799 0.113484 0.347514 0.197232 0.077903 0.058892 0.095001 0.028797 0.004946 
0.008847 0.042336 0.103971 0.382268 0.247580 0.065958 0.027398 0.076676 0.032478 0.012488 
0.007020 0.040957 0.093720 0.387984 0.164264 0.088468 0.042776 0.106852 0.034636 0.033321 
0.011448 0.046818 0.089394 0.352766 0.196553 0.062494 0.091323 0.063387 0.053681 0.032135 
0.007440 0.030051 0.058169 0.396502 0.222014 0.102236 0.082925 0.043394 0.033404 0.023865 
0.005930 0.016365 0.046939 0.319297 0.174143 0.210587 0.116072 0.040333 0.032385 0.037949 
0.000292 0.006811 0.058343 0.334811 0.236624 0.204000 0.088481 0.034211 0.020214 0.016215 
0.004817 0.025379 0.070578 0.490303 0.152544 0.083959 0.112347 0.028345 0.017779 0.013950 
0.010455 0.042664 0.036171 0.397175 0.194308 0.089751 0.133523 0.063909 0.014595 0.017448 
0.004687 0.022844 0.075496 0.337768 0.258021 0.080190 0.144579 0.016464 0.033421 0.026530 
0.005405 0.025509 0.083418 0.224402 0.371114 0.064009 0.111726 0.048674 0.043088 0.022655 
0.005908 0.034410 0.064411 0.337396 0.267581 0.116960 0.053401 0.053027 0.039506 0.027400 
0.003932 0.016971 0.038743 0.296097 0.383054 0.054338 0.093665 0.046083 0.035015 0.032103 
0.012582 0.054731 0.113540 0.231630 0.332958 0.037894 0.130295 0.033100 0.030181 0.023089 
0.009150 0.029338 0.102923 0.275866 0.350370 0.061349 0.062568 0.029736 0.050795 0.027906 
0.002471 0.013224 0.065394 0.332209 0.340758 0.049488 0.075143 0.035498 0.048951 0.036864 
0.003608 0.018447 0.103234 0.393514 0.328995 0.028018 0.046108 0.021596 0.025372 0.031108 
0.000691 0.010562 0.123260 0.386036 0.253656 0.079339 0.050602 0.024493 0.037332 0.034030 
0.006261 0.024161 0.163506 0.325525 0.229918 0.083613 0.061951 0.022400 0.051870 0.030793 
0.012518 0.047537 0.167631 0.267949 0.265425 0.039836 0.095339 0.033564 0.056185 0.014015 
0.001191 0.018106 0.112697 0.347945 0.219282 0.061587 0.116477 0.044318 0.045759 0.032639 
0.002562 0.017304 0.076708 0.408010 0.181157 0.054859 0.145812 0.028183 0.059488 0.025917 
0.002550 0.012080 0.086626 0.401863 0.231512 0.038174 0.152250 0.019399 0.037337 0.018209 
0.012676 0.058349 0.192389 0.304680 0.137597 0.092768 0.086251 0.019936 0.064548 0.030806 
0.011487 0.054139 0.100520 0.419204 0.127119 0.080530 0.066055 0.016348 0.078433 0.046166 
0.000235 0.007339 0.221557 0.308464 0.127751 0.080611 0.087144 0.030798 0.082661 0.053439 
0.005990 0.019055 0.176404 0.408956 0.116305 0.068976 0.062679 0.026187 0.079455 0.035993 
0.006639 0.029781 0.174158 0.517107 0.099777 0.083756 0.025306 0.011643 0.027341 0.024491 
0.001698 0.013757 0.175144 0.541125 0.113830 0.052066 0.045040 0.019427 0.027578 0.010336 
0.005583 0.029718 0.117466 0.388138 0.071772 0.122837 0.136606 0.082900 0.030985 0.013995 
0.000599 0.012181 0.122604 0.307942 0.091901 0.058747 0.086879 0.233592 0.050735 0.034820 
