Lost,Coldplay
0.081480 0.273953 0.210653 0.168085 0.066645 0.055213 0.089169 0.023169 0.022618 0.009016 
0.022401 0.128873 0.322995 0.207983 0.082353 0.084829 0.108309 0.021977 0.012857 0.007422 
0.063256 0.082359 0.214407 0.236511 0.155680 0.059859 0.078087 0.027902 0.053400 0.028538 
0.017417 0.337835 0.184795 0.129003 0.098811 0.040500 0.062629 0.056964 0.040922 0.031125 
0.038598 0.451371 0.161698 0.064314 0.103052 0.029703 0.041925 0.052423 0.028207 0.028708 
0.001248 0.184644 0.163376 0.165674 0.192747 0.053400 0.063915 0.063167 0.059490 0.052339 
0.013464 0.220071 0.175646 0.124043 0.204121 0.053954 0.025575 0.044135 0.044813 0.094177 
0.008834 0.174257 0.153605 0.183761 0.190112 0.048218 0.063168 0.061622 0.059166 0.057257 
0.005290 0.164945 0.154789 0.218650 0.188548 0.047504 0.039997 0.115132 0.029173 0.035970 
0.019097 0.193786 0.222671 0.123176 0.164267 0.038708 0.057568 0.093965 0.057556 0.029205 
0.035505 0.167884 0.231591 0.120217 0.144837 0.078413 0.057207 0.104885 0.025700 0.033761 
0.005513 0.570106 0.154021 0.082176 0.044586 0.045060 0.028493 0.029922 0.020399 0.019724 
0.007189 0.469175 0.131109 0.092135 0.079584 0.041790 0.065193 0.047211 0.025663 0.040951 
0.000960 0.196386 0.399985 0.086436 0.074613 0.031312 0.052567 0.088126 0.021966 0.047649 
0.025582 0.274753 0.229849 0.160426 0.073502 0.028537 0.060347 0.072849 0.031131 0.043025 
0.008912 0.113635 0.230845 0.146376 0.140380 0.115887 0.056452 0.103017 0.039458 0.045037 
0.008254 0.208598 0.182688 0.113789 0.170509 0.056381 0.036417 0.083369 0.067320 0.072675 
0.044618 0.163596 0.258122 0.099933 0.118268 0.046158 0.055538 0.059153 0.078593 0.076020 
0.009982 0.103736 0.206438 0.129924 0.149664 0.069497 0.052120 0.075151 0.117129 0.086359 
0.010603 0.124597 0.140420 0.135364 0.170663 0.045616 0.047950 0.139174 0.098455 0.087158 
0.016191 0.149353 0.193103 0.133268 0.118454 0.067796 0.047432 0.102326 0.114131 0.057945 
0.018546 0.206477 0.195746 0.153675 0.099425 0.042195 0.055353 0.073157 0.091336 0.064091 
0.008966 0.181132 0.234077 0.139761 0.148384 0.053726 0.045552 0.062945 0.056344 0.069113 
0.011214 0.163784 0.199020 0.107719 0.138476 0.065754 0.049730 0.101240 0.092969 0.070094 
0.001282 0.166683 0.266126 0.133792 0.095904 0.019089 0.049527 0.054022 0.092731 0.120844 
0.034891 0.182892 0.259423 0.139377 0.128053 0.024947 0.072613 0.068478 0.038286 0.051041 
0.043265 0.524017 0.092193 0.080629 0.050882 0.048261 0.044536 0.045451 0.029118 0.041647 
0.036796 0.387185 0.126554 0.099306 0.068221 0.035762 0.056201 0.104097 0.040265 0.045615 
0.002435 0.198213 0.244788 0.070559 0.129129 0.031554 0.078652 0.083369 0.103952 0.057350 
0.018536 0.126388 0.302658 0.154193 0.089075 0.040040 0.062356 0.100316 0.068908 0.037529 
0.000920 0.144739 0.263016 0.099310 0.122357 0.105747 0.064184 0.144841 0.026945 0.027941 
0.002079 0.138286 0.221794 0.125830 0.090748 0.059676 0.100935 0.168994 0.042615 0.049043 
0.008103 0.089182 0.232787 0.053406 0.103828 0.057497 0.119497 0.166916 0.081855 0.086927 
0.013884 0.333362 0.237950 0.122623 0.110253 0.031837 0.049466 0.051805 0.027871 0.020950 
0.038612 0.490235 0.119779 0.117982 0.070154 0.034548 0.030814 0.042425 0.025401 0.030050 
0.013322 0.228654 0.230305 0.125758 0.131702 0.036754 0.036165 0.098379 0.042061 0.056900 
0.031153 0.186999 0.282997 0.109617 0.178766 0.038726 0.050016 0.039685 0.065013 0.017028 
0.005749 0.185602 0.182987 0.221341 0.144948 0.054074 0.056911 0.044829 0.077187 0.026372 
0.014218 0.135049 0.211127 0.131766 0.175069 0.044737 0.040320 0.143196 0.088598 0.015920 
0.011968 0.204496 0.275803 0.094537 0.165879 0.038101 0.028241 0.059410 0.105481 0.016085 
0.020940 0.192107 0.196106 0.098000 0.140048 0.051165 0.075682 0.113135 0.086445 0.026371 
0.024423 0.117852 0.205266 0.164907 0.162962 0.087015 0.086430 0.082995 0.050229 0.017921 
0.004771 0.164792 0.210659 0.106790 0.301356 0.045462 0.055610 0.068840 0.025064 0.016658 
0.022022 0.142834 0.224351 0.095458 0.283297 0.044934 0.041642 0.098833 0.029712 0.016917 
0.012774 0.167269 0.225944 0.076728 0.216493 0.049838 0.059685 0.092929 0.067025 0.031315 
0.006123 0.189194 0.310516 0.093674 0.138830 0.084272 0.042044 0.072508 0.050095 0.012742 
0.014020 0.272636 0.171543 0.124580 0.136392 0.047175 0.058894 0.096332 0.065763 0.012666 
0.036375 0.262442 0.130125 0.103423 0.099424 0.063174 0.091103 0.101634 0.064867 0.047431 
0.013844 0.188353 0.148010 0.163554 0.096113 0.057916 0.112665 0.096202 0.072920 0.050424 
0.008451 0.157246 0.196807 0.109086 0.060180 0.047130 0.084076 0.204718 0.092753 0.039552 
0.026202 0.279431 0.180038 0.130012 0.073862 0.041448 0.074802 0.053459 0.094826 0.045919 
0.032372 0.216259 0.168079 0.125237 0.118203 0.046322 0.059804 0.081293 0.125164 0.027267 
0.004171 0.141161 0.159528 0.153669 0.175703 0.044747 0.066556 0.079884 0.119750 0.054830 
0.004009 0.229834 0.146943 0.134697 0.116095 0.037668 0.048159 0.093134 0.151437 0.038023 
0.041652 0.311752 0.122755 0.154771 0.081308 0.053848 0.042667 0.035645 0.116037 0.039565 
0.048406 0.274710 0.162127 0.137253 0.125268 0.028618 0.043886 0.049551 0.095399 0.034782 
0.013031 0.095423 0.146254 0.124672 0.145890 0.117318 0.090224 0.153971 0.076277 0.036939 
0.006505 0.097054 0.149739 0.136985 0.126108 0.043025 0.080244 0.250322 0.099517 0.010499 
0.020155 0.098520 0.212993 0.130942 0.121917 0.057163 0.090684 0.113894 0.143039 0.010693 
0.001071 0.474730 0.218270 0.059841 0.078110 0.041946 0.024915 0.031208 0.048733 0.021176 
0.010044 0.437267 0.208710 0.098959 0.061607 0.057211 0.022035 0.060130 0.027580 0.016457 
0.009217 0.297563 0.241617 0.087972 0.065431 0.028066 0.047469 0.144268 0.059084 0.019311 
0.025532 0.142349 0.394020 0.059443 0.093708 0.034521 0.060126 0.099042 0.054360 0.036900 
0.018349 0.429548 0.173120 0.075911 0.058524 0.033482 0.039535 0.092005 0.044827 0.034699 
0.035859 0.337483 0.207894 0.085782 0.091853 0.022915 0.045473 0.096676 0.039190 0.036874 
0.021763 0.269615 0.318554 0.087561 0.073223 0.031894 0.039695 0.063091 0.057599 0.037005 
0.008639 0.276561 0.233930 0.130789 0.079462 0.052163 0.048141 0.069861 0.055723 0.044731 
0.021967 0.217440 0.156494 0.027745 0.059680 0.068189 0.052710 0.212094 0.145539 0.038142 
0.007655 0.143227 0.153969 0.083587 0.112359 0.032553 0.068083 0.199040 0.139819 0.059709 
0.011630 0.144214 0.243988 0.053516 0.137200 0.056288 0.063697 0.130046 0.102723 0.056698 
0.040155 0.347766 0.177416 0.063750 0.090961 0.054335 0.061841 0.091210 0.048009 0.024557 
0.054629 0.470887 0.100706 0.056358 0.078687 0.038930 0.031939 0.102332 0.047191 0.018341 
0.026884 0.138718 0.234448 0.117706 0.153850 0.049014 0.052144 0.096836 0.081251 0.049148 
0.002104 0.192050 0.203033 0.052870 0.163610 0.047415 0.071966 0.129576 0.074477 0.062900 
0.005083 0.092642 0.137240 0.123548 0.124677 0.064836 0.070912 0.204145 0.116252 0.060665 
0.000361 0.157635 0.169363 0.095834 0.167141 0.036785 0.058393 0.137909 0.104585 0.071996 
0.003593 0.238058 0.175384 0.119305 0.135395 0.053521 0.028932 0.070461 0.112253 0.063099 
0.010891 0.142357 0.204500 0.130275 0.131669 0.082296 0.073322 0.074078 0.098671 0.051942 
0.006348 0.177471 0.243534 0.134658 0.127857 0.043964 0.036923 0.078881 0.089784 0.060580 
0.031367 0.216839 0.169452 0.112686 0.126784 0.052430 0.080313 0.047933 0.092403 0.069793 
0.026292 0.198593 0.227959 0.090540 0.140312 0.040061 0.066886 0.053904 0.079598 0.075853 
0.010896 0.186971 0.192817 0.073152 0.131915 0.040117 0.078967 0.079954 0.120146 0.085066 
0.004840 0.097548 0.180486 0.051850 0.219115 0.117277 0.075658 0.065209 0.113735 0.074284 
0.010795 0.106397 0.151940 0.056811 0.155600 0.147212 0.072709 0.116372 0.120921 0.061243 
0.009896 0.111544 0.161852 0.129183 0.106222 0.088726 0.152015 0.080245 0.125026 0.035290 
0.019935 0.423703 0.220131 0.064586 0.088111 0.042273 0.045675 0.028108 0.045542 0.021937 
0.004326 0.391208 0.211022 0.093100 0.093429 0.045189 0.054480 0.043561 0.043054 0.020632 
0.011262 0.181546 0.213139 0.130657 0.160479 0.042164 0.039384 0.064180 0.109875 0.047315 
0.025231 0.145784 0.276076 0.152237 0.136659 0.044153 0.028525 0.046797 0.083747 0.060791 
0.000810 0.088441 0.217606 0.102434 0.168244 0.112612 0.127454 0.061278 0.068952 0.052168 
0.003022 0.065305 0.183502 0.057128 0.097238 0.152004 0.105639 0.188608 0.096920 0.050633 
0.007285 0.102450 0.335207 0.138388 0.097429 0.056632 0.039394 0.057787 0.088461 0.076964 
0.017582 0.082757 0.281908 0.196832 0.159041 0.038409 0.069647 0.070133 0.049707 0.033984 
0.013076 0.145611 0.141009 0.198309 0.131284 0.080703 0.048814 0.160219 0.053710 0.027264 
0.007778 0.193599 0.170572 0.256091 0.090518 0.034537 0.065452 0.101988 0.039315 0.040150 
0.009479 0.134940 0.148010 0.269071 0.154608 0.039783 0.035145 0.072073 0.062646 0.074244 
0.009519 0.180334 0.177645 0.198015 0.121360 0.046084 0.048928 0.060275 0.072155 0.085685 
0.012744 0.139314 0.145870 0.248003 0.122334 0.038284 0.036736 0.144457 0.047874 0.064384 
0.000819 0.128684 0.126996 0.322399 0.095969 0.049515 0.064670 0.089590 0.078465 0.042893 
0.000181 0.143489 0.193854 0.259731 0.071806 0.025780 0.057804 0.097383 0.093775 0.056198 
0.011490 0.060918 0.154484 0.214369 0.152507 0.100482 0.056876 0.103738 0.099684 0.045453 
0.003690 0.101176 0.158396 0.190025 0.113713 0.044851 0.086430 0.129670 0.136635 0.035414 
0.019044 0.093952 0.105039 0.194295 0.082413 0.064317 0.112894 0.121247 0.149583 0.057217 
0.003653 0.111905 0.152329 0.172395 0.120808 0.065875 0.111106 0.101750 0.089032 0.071147 
0.004590 0.169234 0.198830 0.153299 0.094392 0.099508 0.071026 0.103915 0.059082 0.046125 
0.003844 0.198050 0.109737 0.125261 0.136782 0.104465 0.095189 0.114081 0.064586 0.048005 
0.010940 0.209707 0.100362 0.185121 0.161829 0.049766 0.050207 0.110082 0.078163 0.043822 
0.007322 0.117570 0.140851 0.159662 0.169071 0.069096 0.069286 0.104232 0.108632 0.054278 
0.003536 0.090750 0.118779 0.186866 0.164202 0.070433 0.077811 0.128014 0.095843 0.063766 
0.008575 0.114680 0.121641 0.162583 0.157861 0.045184 0.076796 0.109474 0.132438 0.070767 
0.003303 0.163360 0.092818 0.154703 0.140476 0.087310 0.052393 0.094917 0.123249 0.087469 
0.001517 0.127241 0.102999 0.152046 0.201376 0.063025 0.036520 0.100358 0.129111 0.085806 
0.000446 0.110871 0.056259 0.119982 0.246274 0.063461 0.081544 0.135990 0.099761 0.085412 
0.024272 0.115200 0.086675 0.144146 0.245131 0.071355 0.086968 0.045222 0.095780 0.085252 
0.018652 0.235367 0.124536 0.147866 0.170945 0.078894 0.090113 0.039678 0.042928 0.051021 
0.000312 0.120865 0.097309 0.139649 0.163261 0.118870 0.100934 0.128493 0.065125 0.065182 
0.001567 0.136583 0.094514 0.130735 0.150497 0.040679 0.077761 0.204163 0.078535 0.084966 
0.008788 0.049647 0.158609 0.150695 0.159402 0.044506 0.093825 0.126126 0.096482 0.111921 
0.021064 0.343994 0.248353 0.087762 0.097618 0.025911 0.037544 0.054887 0.047959 0.034908 
0.025088 0.451820 0.180549 0.095164 0.040492 0.031296 0.058803 0.046429 0.051577 0.018782 
0.015170 0.332056 0.171377 0.110286 0.075223 0.021895 0.056557 0.105466 0.089282 0.022688 
0.023551 0.292465 0.165052 0.135839 0.067270 0.026181 0.049831 0.104441 0.109885 0.025483 
0.029295 0.335400 0.187869 0.127110 0.082915 0.035415 0.055996 0.066550 0.045603 0.033848 
0.041855 0.494329 0.134606 0.067083 0.057462 0.020932 0.033508 0.087756 0.033189 0.029279 
0.025314 0.249000 0.230626 0.112689 0.118376 0.047318 0.030168 0.073084 0.055364 0.058061 
0.010144 0.240309 0.294543 0.175822 0.101315 0.015392 0.028416 0.036426 0.038879 0.058753 
0.025961 0.209623 0.217337 0.180625 0.122914 0.072454 0.051083 0.053355 0.029718 0.036931 
0.023007 0.182379 0.246797 0.182893 0.109481 0.043127 0.034152 0.117916 0.033913 0.026334 
0.022923 0.155464 0.308642 0.185452 0.139824 0.025567 0.051603 0.046616 0.039349 0.024560 
0.033930 0.258922 0.262615 0.112334 0.122480 0.031715 0.060142 0.057582 0.034306 0.025974 
0.060542 0.509307 0.124153 0.069354 0.061192 0.051696 0.036543 0.031190 0.029937 0.026086 
0.040664 0.331852 0.221498 0.115349 0.099906 0.031929 0.044145 0.045768 0.028013 0.040875 
0.015061 0.198203 0.279879 0.117085 0.130166 0.033016 0.045691 0.066272 0.040024 0.074605 
0.007467 0.110552 0.324035 0.226422 0.127308 0.033550 0.044888 0.045617 0.017820 0.062341 
0.012542 0.132847 0.198233 0.128274 0.117696 0.126126 0.054047 0.136202 0.057251 0.036781 
0.014407 0.283568 0.236196 0.107403 0.080658 0.036960 0.040473 0.083797 0.061772 0.054766 
0.007556 0.185358 0.234105 0.117235 0.067683 0.063519 0.051806 0.123578 0.085019 0.064142 
0.004385 0.104720 0.154754 0.156233 0.132457 0.058071 0.056318 0.161178 0.098395 0.073489 
0.004156 0.171902 0.169104 0.090544 0.086264 0.051479 0.074990 0.173393 0.110696 0.067472 
0.000884 0.100154 0.238218 0.115758 0.100445 0.041255 0.087169 0.130076 0.125734 0.060308 
0.018546 0.218835 0.210293 0.075964 0.090457 0.051373 0.096952 0.089306 0.084914 0.063361 
0.003148 0.164281 0.141575 0.086521 0.221410 0.048753 0.098853 0.111425 0.076760 0.047274 
0.011656 0.156043 0.236204 0.098384 0.097010 0.052987 0.100216 0.084168 0.089507 0.073826 
0.017390 0.212170 0.223755 0.166703 0.065769 0.026094 0.095766 0.045046 0.071908 0.075399 
0.027287 0.359177 0.233972 0.091811 0.101032 0.023399 0.044486 0.049546 0.027717 0.041573 
0.039784 0.452811 0.125720 0.077015 0.055964 0.045973 0.055144 0.059623 0.035347 0.052618 
0.014201 0.233879 0.194896 0.145634 0.086186 0.022848 0.037358 0.128042 0.064843 0.072113 
0.018000 0.188728 0.252480 0.079581 0.124552 0.039777 0.043768 0.069585 0.063989 0.119540 
0.012874 0.132320 0.230102 0.162980 0.078922 0.049131 0.039702 0.062668 0.107028 0.124272 
0.018498 0.147854 0.121560 0.188665 0.127365 0.088336 0.049442 0.097985 0.077896 0.082400 
0.026365 0.090257 0.204433 0.152990 0.103245 0.045370 0.077136 0.143804 0.068139 0.088259 
0.017807 0.106794 0.277286 0.149903 0.081854 0.050455 0.069280 0.144960 0.038871 0.062790 
0.000486 0.490783 0.166407 0.087028 0.057890 0.051341 0.037855 0.062021 0.021984 0.024205 
0.029657 0.430833 0.122107 0.128928 0.103555 0.040119 0.025302 0.057291 0.025036 0.037172 
0.012195 0.180952 0.370559 0.091606 0.103529 0.022080 0.065652 0.099339 0.035421 0.018668 
0.004725 0.257907 0.217791 0.125214 0.113861 0.049854 0.078259 0.095858 0.041610 0.014922 
0.011486 0.168230 0.162124 0.233044 0.119959 0.057297 0.061413 0.095349 0.061046 0.030051 
0.002133 0.166080 0.237456 0.177988 0.065308 0.042588 0.080337 0.119679 0.087472 0.020958 
0.006532 0.211530 0.219308 0.127287 0.115025 0.043030 0.071862 0.086768 0.098107 0.020551 
0.013129 0.159021 0.192540 0.129728 0.181556 0.101081 0.060230 0.075803 0.048473 0.038439 
0.002348 0.174572 0.182592 0.210749 0.111066 0.053500 0.090351 0.110639 0.045904 0.018279 
0.011944 0.136701 0.306353 0.217938 0.117022 0.027363 0.054573 0.086973 0.027103 0.014030 
0.028326 0.179503 0.305821 0.170095 0.092463 0.029625 0.043569 0.087740 0.041013 0.021845 
0.000404 0.216594 0.257036 0.131429 0.117435 0.053410 0.052291 0.062772 0.075825 0.032805 
0.005939 0.265755 0.227580 0.124003 0.109694 0.078693 0.038790 0.089836 0.044123 0.015587 
0.008920 0.251970 0.244084 0.124919 0.101523 0.034789 0.041568 0.116604 0.062634 0.012989 
0.003680 0.248386 0.160732 0.111318 0.068105 0.094271 0.094640 0.110903 0.065712 0.042253 
0.016321 0.138489 0.163751 0.176531 0.120019 0.048348 0.092292 0.123479 0.069399 0.051370 
0.005459 0.120362 0.205680 0.154695 0.098769 0.037834 0.092098 0.182465 0.071683 0.030954 
0.013281 0.250881 0.207942 0.143992 0.064574 0.064391 0.037725 0.053237 0.120408 0.043568 
0.011361 0.272424 0.213912 0.114006 0.107062 0.022615 0.038827 0.089522 0.087261 0.043010 
0.003130 0.155405 0.145699 0.121501 0.204503 0.053112 0.073995 0.103356 0.080596 0.058704 
0.006769 0.235959 0.184703 0.076767 0.080909 0.065545 0.078533 0.069458 0.161278 0.040079 
0.012628 0.319725 0.144345 0.077859 0.065651 0.043682 0.056671 0.050956 0.184875 0.043608 
0.023101 0.203145 0.114318 0.061123 0.092573 0.125185 0.087691 0.121868 0.135009 0.035988 
0.005146 0.126833 0.122286 0.074995 0.101443 0.056067 0.116855 0.251045 0.121240 0.024089 
0.010062 0.077312 0.150744 0.083133 0.137766 0.070834 0.093427 0.228514 0.114057 0.034150 
0.019173 0.124840 0.314345 0.121220 0.166750 0.036859 0.071150 0.067996 0.055802 0.021866 
0.007785 0.511788 0.146734 0.041466 0.086725 0.059908 0.064482 0.039269 0.028479 0.013364 
0.031731 0.382084 0.106118 0.086987 0.168180 0.041749 0.068553 0.069527 0.034857 0.010214 
0.009859 0.301023 0.157913 0.076813 0.200855 0.012516 0.071655 0.100694 0.054028 0.014643 
0.019817 0.258376 0.240617 0.083004 0.141180 0.051826 0.065226 0.059263 0.055183 0.025508 
0.047301 0.424499 0.062460 0.069204 0.087177 0.068979 0.055972 0.100621 0.053722 0.030063 
0.040383 0.364612 0.173036 0.108592 0.142903 0.036444 0.039644 0.048541 0.029869 0.015977 
0.007552 0.242138 0.223866 0.101039 0.208494 0.066403 0.044445 0.048962 0.036327 0.020774 
0.015246 0.201279 0.257344 0.093359 0.198817 0.052485 0.043277 0.059269 0.041404 0.037520 
0.004160 0.169667 0.073646 0.071071 0.140793 0.067719 0.052449 0.208461 0.153846 0.058188 
0.009296 0.142754 0.124355 0.092167 0.141762 0.052161 0.071395 0.157231 0.130609 0.078271 
0.001297 0.116278 0.256874 0.115456 0.132028 0.054358 0.060646 0.120141 0.081900 0.061022 
0.021681 0.422756 0.128345 0.078318 0.080396 0.051530 0.060235 0.079361 0.051539 0.025840 
0.048959 0.421205 0.128509 0.064087 0.070162 0.024829 0.065060 0.113729 0.035895 0.027564 
0.005294 0.198918 0.204023 0.112444 0.140433 0.067748 0.076970 0.118191 0.039057 0.036924 
0.006581 0.102534 0.282021 0.128275 0.102310 0.039580 0.072241 0.166950 0.057196 0.042313 
0.006928 0.090054 0.158085 0.136336 0.104738 0.073423 0.088452 0.230235 0.073496 0.038252 
0.004746 0.192387 0.142710 0.102005 0.109869 0.051956 0.053117 0.147265 0.127417 0.068527 
0.035513 0.316319 0.092336 0.099433 0.086403 0.027147 0.030115 0.095932 0.166523 0.050278 
0.006981 0.162860 0.232262 0.108560 0.074936 0.057381 0.085542 0.095354 0.090901 0.085223 
0.014326 0.171743 0.159134 0.111304 0.097747 0.070005 0.061859 0.108790 0.132208 0.072884 
0.004310 0.189339 0.220740 0.116582 0.138667 0.050120 0.061842 0.058847 0.104803 0.054751 
0.041870 0.205673 0.164386 0.126753 0.116505 0.068153 0.053733 0.079777 0.079166 0.063984 
0.008429 0.180685 0.198922 0.163880 0.154947 0.052983 0.043147 0.070976 0.082455 0.043574 
0.011843 0.083665 0.188302 0.107755 0.122006 0.169145 0.086192 0.087441 0.083550 0.060101 
0.024983 0.109724 0.200009 0.109958 0.137940 0.087874 0.046641 0.091299 0.095282 0.096291 
0.007643 0.128303 0.313350 0.153068 0.107074 0.028100 0.091487 0.070937 0.076017 0.024023 
0.025189 0.468824 0.166489 0.102407 0.073073 0.037682 0.030591 0.027772 0.038239 0.029733 
0.048812 0.413155 0.163821 0.061966 0.088018 0.038695 0.047510 0.047111 0.053625 0.037287 
0.003213 0.186296 0.278124 0.136531 0.135567 0.030959 0.044875 0.054775 0.068998 0.060663 
0.000398 0.160515 0.215057 0.153183 0.124125 0.057955 0.043161 0.046892 0.102699 0.096016 
0.000842 0.085128 0.196412 0.073964 0.113313 0.165523 0.074771 0.156968 0.077162 0.055918 
0.001301 0.123274 0.217571 0.132827 0.077355 0.103984 0.083253 0.092105 0.116074 0.052256 
0.016725 0.142898 0.369070 0.101545 0.088365 0.030305 0.081119 0.052971 0.073362 0.043638 
0.000282 0.073099 0.312307 0.202219 0.100075 0.055232 0.070482 0.085482 0.071951 0.028869 
0.008255 0.168671 0.153287 0.152056 0.107413 0.088254 0.089043 0.158475 0.038305 0.036241 
0.001381 0.201526 0.114966 0.086255 0.166471 0.087447 0.076243 0.099945 0.077943 0.087823 
0.018178 0.140357 0.120726 0.067855 0.175362 0.119446 0.078423 0.072501 0.073663 0.133489 
0.019773 0.191665 0.145885 0.169597 0.149519 0.069755 0.046252 0.043599 0.074534 0.089420 
0.001322 0.215858 0.087277 0.145829 0.172197 0.042273 0.053113 0.131413 0.070048 0.080670 
0.003396 0.153606 0.112296 0.144534 0.226450 0.072487 0.052315 0.055789 0.110424 0.068703 
0.002452 0.148101 0.115904 0.080523 0.272119 0.078146 0.049685 0.095166 0.104447 0.053458 
0.005998 0.130171 0.111845 0.124358 0.264623 0.111767 0.050485 0.062006 0.088709 0.050038 
0.013493 0.175467 0.127344 0.113692 0.260155 0.044285 0.047731 0.038964 0.111157 0.067712 
0.008385 0.127823 0.110018 0.091537 0.246054 0.041937 0.039935 0.062301 0.133721 0.138290 
0.001097 0.078277 0.155709 0.104493 0.190531 0.058208 0.053621 0.069759 0.134509 0.153796 
0.007339 0.172599 0.129730 0.143826 0.128041 0.086167 0.052227 0.107601 0.081761 0.090710 
0.003480 0.134377 0.112691 0.084426 0.153680 0.103711 0.078498 0.116862 0.101941 0.110335 
0.002060 0.145886 0.132603 0.095638 0.158402 0.111553 0.104531 0.103597 0.076465 0.069265 
0.006346 0.106830 0.141923 0.155494 0.141446 0.091464 0.076288 0.113883 0.086717 0.079609 
0.001813 0.113475 0.133757 0.124038 0.098116 0.088078 0.076655 0.165114 0.118866 0.080088 
0.006140 0.148198 0.138313 0.161630 0.103771 0.067707 0.090670 0.156635 0.106447 0.020489 
0.010985 0.145608 0.105327 0.209572 0.062108 0.035877 0.080983 0.122364 0.129753 0.097423 
0.000542 0.164279 0.082542 0.184693 0.156681 0.025419 0.049276 0.114153 0.091951 0.130465 
0.019680 0.147868 0.109455 0.175194 0.142845 0.047309 0.054025 0.066536 0.107981 0.129106 
0.012408 0.191522 0.125787 0.201666 0.139098 0.038256 0.045077 0.051991 0.061954 0.132241 
0.009650 0.184215 0.138984 0.223254 0.148637 0.056848 0.034001 0.056518 0.052362 0.095532 
0.010534 0.105254 0.096108 0.164810 0.150875 0.121309 0.092075 0.120679 0.079198 0.059159 
0.015726 0.080037 0.108048 0.205993 0.150785 0.072652 0.078028 0.160437 0.059042 0.069252 
0.004667 0.047138 0.156228 0.210673 0.207357 0.067298 0.036875 0.074303 0.091808 0.103653 
0.018340 0.126192 0.169864 0.220226 0.182026 0.054074 0.033715 0.068121 0.055872 0.071570 
0.006940 0.121439 0.078693 0.250585 0.227932 0.069537 0.052657 0.099746 0.040856 0.051616 
0.000694 0.050106 0.216672 0.247180 0.180325 0.053563 0.070824 0.092724 0.049052 0.038859 
0.012565 0.101110 0.217525 0.242501 0.093525 0.027588 0.098957 0.081145 0.086544 0.038542 
0.005230 0.418176 0.208744 0.123487 0.079689 0.026030 0.035418 0.053518 0.026863 0.022845 
0.008589 0.288084 0.184581 0.101610 0.209478 0.043092 0.034019 0.063895 0.033863 0.032788 
0.000497 0.133883 0.127443 0.135823 0.230393 0.155150 0.048488 0.060185 0.050274 0.057863 
0.005426 0.163598 0.181781 0.173973 0.101738 0.144800 0.041122 0.066903 0.043637 0.077022 
0.019810 0.166944 0.216443 0.147155 0.114137 0.073593 0.051461 0.086733 0.059396 0.064328 
0.009484 0.152617 0.202510 0.168362 0.070421 0.046091 0.081078 0.167252 0.062343 0.039840 
0.021719 0.156228 0.279686 0.104422 0.144486 0.055885 0.066607 0.077871 0.056287 0.036810 
0.005575 0.383798 0.225047 0.073257 0.092648 0.059429 0.055363 0.057719 0.025900 0.021265 
0.021489 0.425101 0.151556 0.130820 0.078053 0.077688 0.046478 0.028744 0.016332 0.023737 
0.017384 0.163789 0.124816 0.237677 0.131640 0.190463 0.032806 0.029361 0.037149 0.034915 
0.008815 0.135340 0.164715 0.338968 0.106297 0.092454 0.028401 0.031836 0.043946 0.049229 
0.003245 0.081565 0.105244 0.311196 0.127337 0.148960 0.051092 0.043960 0.070071 0.057329 
0.001952 0.093448 0.172791 0.220863 0.173204 0.109146 0.040135 0.087031 0.048036 0.053395 
0.009924 0.196046 0.129196 0.233272 0.178305 0.044953 0.067130 0.030240 0.057859 0.053077 
0.005938 0.116064 0.165729 0.150466 0.196281 0.082122 0.055537 0.076311 0.102208 0.049344 
0.005713 0.120765 0.146226 0.286878 0.138128 0.069016 0.041717 0.079389 0.057833 0.054336 
0.006589 0.081766 0.096050 0.307638 0.112510 0.121237 0.066665 0.088828 0.054096 0.064621 
0.008297 0.105253 0.122449 0.205889 0.098970 0.211316 0.068309 0.046214 0.082304 0.051000 
0.013079 0.091324 0.091289 0.237978 0.112507 0.187946 0.073067 0.040788 0.088248 0.063775 
0.001354 0.073999 0.101960 0.268772 0.145128 0.166764 0.064747 0.055035 0.078212 0.044028 
0.001398 0.104457 0.160290 0.272438 0.109302 0.155877 0.050786 0.061337 0.049671 0.034446 
0.018948 0.133701 0.217412 0.212238 0.152003 0.071706 0.041883 0.069332 0.050496 0.032281 
0.026840 0.331680 0.187369 0.154219 0.091387 0.032102 0.069773 0.055480 0.027355 0.023795 
0.042830 0.396429 0.089065 0.113949 0.044256 0.128638 0.051342 0.062693 0.045990 0.024808 
0.017743 0.139747 0.126377 0.204978 0.069825 0.122993 0.069440 0.108198 0.096507 0.044193 
0.003314 0.126250 0.180962 0.210074 0.090450 0.122408 0.035712 0.050098 0.132442 0.048291 
0.013538 0.060294 0.195162 0.170511 0.076199 0.206780 0.086644 0.069689 0.091586 0.029596 
0.028204 0.126849 0.150957 0.311459 0.043062 0.096059 0.064117 0.080368 0.071798 0.027127 
0.009120 0.077897 0.175358 0.403074 0.054159 0.053073 0.045206 0.111611 0.037905 0.032599 
0.032015 0.230000 0.191577 0.257908 0.084041 0.023397 0.050386 0.054544 0.036427 0.039705 
0.056650 0.435435 0.110262 0.160613 0.061878 0.037430 0.052436 0.045921 0.022148 0.017227 
0.028460 0.264538 0.162401 0.218310 0.059401 0.026933 0.122243 0.050242 0.044534 0.022937 
0.000632 0.089790 0.209843 0.332243 0.121390 0.048916 0.111318 0.034449 0.037646 0.013773 
0.006008 0.145856 0.123802 0.361285 0.066783 0.031106 0.169564 0.034348 0.039164 0.022084 
0.005814 0.097564 0.123963 0.413309 0.086923 0.092573 0.067260 0.071575 0.026028 0.014992 
0.012521 0.112726 0.126723 0.348381 0.083073 0.068249 0.136703 0.064904 0.039999 0.006721 
0.018445 0.108578 0.173903 0.287129 0.090401 0.034889 0.110858 0.051668 0.105950 0.018179 
0.000833 0.097481 0.171035 0.291718 0.093839 0.057680 0.095220 0.064269 0.108231 0.019695 
0.002792 0.083505 0.145501 0.407849 0.084577 0.040117 0.077237 0.056669 0.089184 0.012569 
0.013810 0.106031 0.163475 0.381736 0.063488 0.032145 0.097741 0.054748 0.071229 0.015599 
0.005935 0.085457 0.163791 0.373338 0.057981 0.043010 0.113851 0.057541 0.075264 0.023832 
0.000136 0.131326 0.226694 0.289040 0.091661 0.062159 0.069619 0.054996 0.055601 0.018768 
0.001384 0.162393 0.194054 0.355150 0.099008 0.046087 0.077142 0.034122 0.023354 0.007306 
0.001437 0.161358 0.139292 0.412435 0.062189 0.055099 0.052024 0.059693 0.041563 0.014911 
0.002414 0.151086 0.183928 0.231901 0.089618 0.079874 0.071900 0.094745 0.055962 0.038573 
0.006034 0.099373 0.147433 0.360207 0.070006 0.059739 0.057728 0.110710 0.058989 0.029780 
0.006472 0.069580 0.158236 0.292426 0.104436 0.160020 0.057219 0.081484 0.036070 0.034056 
0.018954 0.153889 0.138055 0.303036 0.077065 0.168530 0.036524 0.035836 0.045317 0.022794 
0.000802 0.113777 0.271082 0.151772 0.199729 0.085861 0.049410 0.060409 0.045480 0.021677 
0.009166 0.080323 0.205124 0.178102 0.239858 0.087725 0.062294 0.069953 0.044815 0.022638 
0.001142 0.094202 0.279728 0.148382 0.208349 0.069734 0.079097 0.044903 0.043453 0.031010 
0.013076 0.203917 0.337499 0.105692 0.142614 0.036642 0.047532 0.016694 0.074775 0.021558 
0.012388 0.161670 0.255058 0.058350 0.125876 0.102961 0.080748 0.113116 0.054408 0.035426 
0.000190 0.109478 0.239413 0.087788 0.129313 0.054183 0.064882 0.206178 0.100400 0.008175 
0.002341 0.054654 0.251591 0.140616 0.153947 0.044195 0.075404 0.143447 0.104173 0.029632 
0.036231 0.300941 0.238342 0.113609 0.124122 0.034952 0.053635 0.047393 0.037083 0.013694 
0.062372 0.495690 0.154481 0.070670 0.064437 0.038214 0.047108 0.037069 0.020418 0.009541 
0.039227 0.373102 0.189600 0.074884 0.075283 0.022261 0.055373 0.104232 0.046256 0.019783 
0.010024 0.291572 0.266718 0.094433 0.063559 0.033245 0.057525 0.094683 0.066932 0.021310 
0.025133 0.397840 0.239621 0.064355 0.065754 0.027731 0.054675 0.054134 0.045464 0.025293 
0.016504 0.410956 0.147657 0.086917 0.071505 0.041839 0.044830 0.091845 0.061654 0.026292 
0.018140 0.223973 0.258189 0.151068 0.072604 0.039464 0.045691 0.049662 0.100390 0.040818 
0.001813 0.333382 0.261501 0.152435 0.050480 0.032370 0.028819 0.040166 0.055852 0.043181 
0.030498 0.320346 0.150493 0.210211 0.065234 0.020971 0.036104 0.069759 0.053382 0.043002 
0.008086 0.141072 0.118987 0.148580 0.079162 0.058233 0.025377 0.194540 0.176923 0.049041 
0.011324 0.143856 0.199929 0.236349 0.078841 0.020498 0.060346 0.094626 0.100219 0.054012 
0.004784 0.183021 0.325571 0.136055 0.109911 0.026203 0.050669 0.083865 0.038936 0.040986 
0.014781 0.433509 0.150026 0.091859 0.028363 0.048220 0.054584 0.090908 0.052865 0.034885 
0.020285 0.366632 0.136293 0.156425 0.080648 0.038787 0.046138 0.088454 0.040250 0.026089 
0.007399 0.194925 0.228825 0.225026 0.091157 0.039587 0.037820 0.113164 0.034669 0.027429 
0.014744 0.159656 0.222709 0.263171 0.096869 0.010263 0.042012 0.097255 0.050539 0.042783 
0.005394 0.101003 0.126209 0.188362 0.110284 0.053178 0.060288 0.213160 0.092270 0.049852 
0.012222 0.160214 0.217041 0.187611 0.125345 0.023768 0.020583 0.084604 0.113479 0.055132 
0.011789 0.183644 0.221977 0.138978 0.074634 0.045706 0.039705 0.083988 0.135146 0.064434 
0.009161 0.142203 0.217603 0.078088 0.126362 0.055259 0.057181 0.084789 0.145135 0.084220 
0.006988 0.209931 0.213626 0.075345 0.071913 0.042441 0.078334 0.071954 0.147495 0.081973 
0.014581 0.208281 0.222486 0.117314 0.035507 0.072194 0.071235 0.072951 0.120170 0.065281 
0.010502 0.239696 0.165431 0.093196 0.100342 0.057148 0.074691 0.052917 0.101919 0.104157 
0.009535 0.115789 0.255560 0.090020 0.180538 0.054266 0.063229 0.061290 0.118740 0.051033 
0.021610 0.091694 0.277895 0.067902 0.211274 0.099120 0.057211 0.062313 0.064174 0.046806 
0.026667 0.162026 0.274931 0.203382 0.148642 0.033987 0.051032 0.026269 0.019936 0.053127 
0.010843 0.220945 0.270919 0.167290 0.153441 0.021927 0.046367 0.042037 0.026751 0.039479 
0.029830 0.371113 0.170870 0.085960 0.140569 0.051733 0.067552 0.029273 0.026260 0.026840 
0.029310 0.203113 0.125189 0.155838 0.125285 0.133504 0.084893 0.071361 0.037493 0.034013 
0.000645 0.073290 0.295386 0.152215 0.266847 0.062234 0.034720 0.031796 0.035817 0.047050 
0.014115 0.082413 0.327700 0.143456 0.157970 0.073447 0.035243 0.049618 0.055029 0.061008 
0.007106 0.068886 0.180334 0.220152 0.128667 0.146523 0.042709 0.078602 0.070714 0.056307 
0.007374 0.075144 0.101296 0.288730 0.097238 0.224112 0.021299 0.049330 0.080616 0.054861 
0.010617 0.067168 0.213575 0.186417 0.084986 0.208365 0.060811 0.048557 0.059099 0.060404 
0.005903 0.068936 0.158143 0.295457 0.139920 0.128496 0.037142 0.097430 0.034500 0.034073 
0.011557 0.069960 0.098725 0.384424 0.136870 0.083008 0.082447 0.076744 0.037404 0.018862 
0.009729 0.117670 0.087485 0.384906 0.096632 0.040995 0.113969 0.052499 0.042884 0.053232 
0.002590 0.097874 0.063988 0.418808 0.127739 0.039341 0.113127 0.061480 0.034622 0.040430 
0.000271 0.092996 0.118712 0.336597 0.154816 0.040360 0.104257 0.053137 0.041526 0.057327 
0.005929 0.095690 0.066970 0.336386 0.098377 0.031894 0.113701 0.100532 0.058085 0.092436 
0.017847 0.092662 0.057119 0.366993 0.077151 0.063150 0.114431 0.067634 0.075784 0.067228 
0.009015 0.062597 0.105505 0.288531 0.095175 0.045866 0.142957 0.081360 0.088949 0.080045 
0.001419 0.036940 0.100449 0.420511 0.110556 0.049249 0.073784 0.075781 0.065468 0.065844 
0.007218 0.045128 0.096507 0.432258 0.142613 0.048107 0.098135 0.035852 0.035937 0.058245 
0.007336 0.050670 0.083763 0.481146 0.152192 0.040127 0.075214 0.019507 0.035446 0.054598 
0.010125 0.073554 0.130790 0.387658 0.171448 0.024994 0.093696 0.037633 0.041778 0.028324 
0.003677 0.097409 0.154243 0.328630 0.119727 0.062190 0.074791 0.063527 0.055597 0.040208 
0.006185 0.091742 0.096686 0.309666 0.121863 0.041602 0.086176 0.065588 0.063091 0.117401 
0.001404 0.119080 0.098480 0.235280 0.130171 0.060055 0.106752 0.096905 0.034743 0.117130 
0.002402 0.054113 0.094444 0.263294 0.149422 0.047762 0.176907 0.071127 0.077621 0.062908 
0.002032 0.055780 0.116400 0.200315 0.097503 0.036758 0.290380 0.114299 0.047333 0.039198 
0.014892 0.076768 0.129175 0.258764 0.095886 0.018946 0.235673 0.079699 0.053995 0.036201 
0.009080 0.098461 0.082976 0.182327 0.066805 0.046756 0.310574 0.106506 0.060023 0.036492 
0.008842 0.084420 0.073822 0.134879 0.124976 0.057714 0.242942 0.144034 0.075212 0.053158 
0.002234 0.056192 0.120625 0.152393 0.072743 0.037125 0.343709 0.111454 0.051956 0.051570 
0.011041 0.177470 0.126747 0.178305 0.042842 0.023260 0.231871 0.090720 0.053540 0.064205 
0.007124 0.117391 0.116049 0.206451 0.052202 0.085698 0.253891 0.066034 0.049328 0.045832 
0.003834 0.085332 0.096906 0.150167 0.068635 0.038276 0.301546 0.124263 0.074563 0.056477 
0.000586 0.044427 0.100515 0.159204 0.055792 0.022651 0.356328 0.142268 0.088468 0.029761 
0.004955 0.029072 0.170655 0.315094 0.108851 0.040049 0.153053 0.078585 0.061452 0.038234 
0.001697 0.454842 0.109485 0.184637 0.104095 0.028153 0.026057 0.030948 0.026252 0.033834 
0.012698 0.298103 0.103719 0.183199 0.137071 0.036282 0.055421 0.068652 0.042879 0.061975 
0.008742 0.236540 0.095383 0.107008 0.098502 0.049711 0.162481 0.108596 0.030093 0.102945 
0.008271 0.165980 0.203431 0.144879 0.134613 0.059950 0.152178 0.062665 0.028090 0.039944 
0.027123 0.437134 0.118046 0.056111 0.069139 0.034179 0.079205 0.092000 0.032188 0.054875 
0.016698 0.291389 0.159718 0.127096 0.089125 0.062252 0.065207 0.101476 0.034084 0.052956 
0.017658 0.213710 0.152393 0.169688 0.165030 0.024738 0.039485 0.100760 0.062517 0.054022 
0.006041 0.119759 0.165938 0.122265 0.181533 0.015621 0.051403 0.169400 0.074621 0.093420 
0.003786 0.140338 0.100968 0.178255 0.082709 0.054794 0.135849 0.140132 0.034336 0.128832 
0.004943 0.125718 0.126195 0.153667 0.098399 0.032081 0.121201 0.072282 0.054048 0.211466 
0.003424 0.111100 0.116088 0.136735 0.130793 0.029054 0.172617 0.061949 0.078089 0.160152 
0.018886 0.325491 0.168396 0.099533 0.073606 0.050750 0.078748 0.027913 0.054524 0.102152 
0.031825 0.310091 0.127374 0.113563 0.049835 0.070775 0.052180 0.044694 0.176041 0.023622 
0.013962 0.107638 0.115383 0.222089 0.059081 0.093719 0.061623 0.079478 0.209928 0.037100 
0.013985 0.111823 0.093879 0.281323 0.095305 0.123348 0.059102 0.070391 0.125047 0.025797 
0.000178 0.078893 0.125552 0.153364 0.077062 0.212054 0.098702 0.091075 0.135813 0.027306 
0.008816 0.095004 0.091582 0.211998 0.059062 0.175720 0.125952 0.053132 0.146320 0.032413 
0.014255 0.102134 0.092762 0.210749 0.044944 0.191606 0.079563 0.064981 0.166876 0.032130 
0.007294 0.092455 0.136610 0.199432 0.049901 0.153935 0.043500 0.091407 0.181227 0.044239 
0.011975 0.077120 0.122527 0.171176 0.097871 0.063119 0.051624 0.118132 0.209711 0.076745 
0.000611 0.080795 0.135157 0.193235 0.056456 0.132750 0.046488 0.076809 0.228169 0.049528 
0.000745 0.102563 0.142289 0.219796 0.070789 0.097460 0.051448 0.069226 0.190340 0.055344 
0.004527 0.113187 0.145998 0.236036 0.064897 0.156078 0.029373 0.067077 0.116998 0.065830 
0.005977 0.113927 0.132587 0.191956 0.189996 0.059589 0.078949 0.080247 0.092785 0.053988 
0.004410 0.156026 0.226493 0.197806 0.169752 0.045012 0.072801 0.042736 0.062384 0.022581 
0.012470 0.124605 0.227032 0.172782 0.194792 0.062123 0.051352 0.096129 0.026427 0.032290 
0.006032 0.510743 0.167219 0.068390 0.078689 0.046115 0.027612 0.046435 0.020243 0.028523 
0.012572 0.407946 0.123760 0.106936 0.072931 0.018359 0.027092 0.091601 0.071352 0.067451 
0.000191 0.181520 0.289293 0.096786 0.129044 0.032900 0.042054 0.067810 0.070889 0.089511 
0.036160 0.247310 0.175818 0.129746 0.051484 0.046529 0.036634 0.067797 0.085760 0.122761 
0.007096 0.139156 0.210662 0.136294 0.109273 0.082671 0.058758 0.122960 0.065516 0.067615 
0.010641 0.178749 0.156329 0.156032 0.092597 0.026143 0.076972 0.197274 0.061071 0.044191 
0.002337 0.136477 0.289848 0.080037 0.047750 0.027934 0.084932 0.208981 0.066745 0.054958 
0.006224 0.314605 0.201170 0.121008 0.088114 0.044079 0.064036 0.088197 0.050715 0.021852 
0.016522 0.457986 0.181616 0.068110 0.073247 0.033330 0.047469 0.069112 0.034849 0.017760 
0.013137 0.240212 0.249987 0.107571 0.108752 0.045824 0.046361 0.097115 0.062463 0.028580 
0.015177 0.214496 0.224259 0.083526 0.155561 0.050783 0.045077 0.102755 0.077604 0.030763 
0.013565 0.182086 0.165509 0.184756 0.168849 0.057496 0.053949 0.065041 0.089901 0.018848 
0.001542 0.184573 0.222331 0.128169 0.176929 0.038969 0.034981 0.135095 0.063181 0.014232 
0.018090 0.137909 0.290519 0.073275 0.204454 0.035871 0.069721 0.068769 0.072991 0.028402 
0.002886 0.169447 0.235415 0.083495 0.160318 0.061499 0.066929 0.073089 0.115173 0.031749 
0.003476 0.124227 0.163479 0.134121 0.175517 0.084587 0.088898 0.060560 0.140983 0.024151 
0.000420 0.092565 0.163648 0.079131 0.241229 0.038986 0.101737 0.048890 0.201032 0.032363 
0.003959 0.123571 0.142095 0.101419 0.159952 0.073979 0.094002 0.057179 0.211526 0.032318 
0.003464 0.084926 0.158731 0.107392 0.220399 0.060868 0.091598 0.068196 0.181994 0.022430 
0.009919 0.210613 0.201196 0.085171 0.153703 0.058967 0.092163 0.065012 0.090492 0.032764 
0.003722 0.212316 0.168757 0.074526 0.195429 0.035196 0.133234 0.077243 0.086679 0.012897 
0.035013 0.208910 0.177052 0.059447 0.134326 0.066281 0.131181 0.082703 0.071081 0.034007 
0.010329 0.157454 0.141839 0.125074 0.157958 0.072515 0.082341 0.122672 0.071240 0.058579 
0.009107 0.137348 0.163995 0.103523 0.113676 0.072702 0.118297 0.152694 0.084408 0.044250 
0.011193 0.200477 0.171023 0.096422 0.115348 0.040646 0.115161 0.092674 0.089771 0.067285 
0.016154 0.246469 0.210229 0.106543 0.099652 0.053095 0.062400 0.064062 0.099342 0.042054 
0.006296 0.142777 0.215974 0.093881 0.167332 0.054353 0.106070 0.076396 0.067871 0.069051 
0.000101 0.204895 0.195011 0.071590 0.140651 0.084059 0.067806 0.068845 0.117305 0.049737 
0.020120 0.304460 0.196422 0.085810 0.083382 0.059177 0.024616 0.057200 0.138770 0.030041 
0.016756 0.265930 0.176495 0.078115 0.054430 0.080530 0.026317 0.046291 0.194395 0.060742 
0.033696 0.170206 0.125624 0.056688 0.116130 0.105268 0.078040 0.134022 0.128977 0.051349 
0.019136 0.143271 0.161880 0.059445 0.124458 0.037710 0.082753 0.239057 0.083889 0.048402 
0.003561 0.095195 0.244501 0.099778 0.178026 0.046137 0.084322 0.086300 0.130121 0.032059 
0.019327 0.434263 0.185501 0.106285 0.076855 0.028407 0.048795 0.047872 0.035375 0.017319 
0.021434 0.509054 0.093531 0.075403 0.108143 0.036971 0.040955 0.054466 0.040781 0.019260 
0.000773 0.235523 0.293222 0.106883 0.129712 0.024840 0.034534 0.103857 0.046580 0.024076 
0.005422 0.186674 0.226326 0.191143 0.103990 0.036108 0.064522 0.093031 0.061241 0.031541 
0.035093 0.412238 0.167140 0.092255 0.076504 0.040779 0.042581 0.069447 0.042173 0.021790 
0.053228 0.435682 0.126844 0.060002 0.080250 0.049684 0.037877 0.083851 0.024588 0.047995 
0.008277 0.203554 0.262243 0.181775 0.098681 0.020414 0.040543 0.057343 0.047403 0.079768 
0.011631 0.304062 0.225286 0.149670 0.103148 0.030574 0.032918 0.041619 0.033512 0.067581 
0.016113 0.179879 0.130826 0.107039 0.084007 0.053662 0.072602 0.155236 0.163064 0.037572 
0.013235 0.149579 0.168937 0.160859 0.056062 0.030959 0.052568 0.166086 0.152791 0.048923 
0.007370 0.184548 0.191097 0.132433 0.045381 0.031924 0.053259 0.113802 0.177067 0.063120 
0.039322 0.359886 0.187576 0.055550 0.068544 0.054521 0.063492 0.088660 0.046782 0.035667 
0.058646 0.501880 0.119789 0.043003 0.048010 0.025219 0.036632 0.083562 0.056989 0.026269 
0.037180 0.254826 0.174804 0.130144 0.110387 0.040697 0.058532 0.078937 0.061937 0.052558 
0.000036 0.182363 0.217411 0.110259 0.120965 0.059227 0.079453 0.103239 0.065195 0.061852 
0.009448 0.121269 0.271454 0.126265 0.130080 0.087326 0.067539 0.087408 0.042578 0.056633 
0.012423 0.118257 0.148149 0.120687 0.130418 0.082624 0.048454 0.183440 0.107805 0.047744 
0.014093 0.178304 0.191265 0.116599 0.184169 0.069458 0.042814 0.076843 0.072242 0.054214 
0.005304 0.208205 0.109613 0.080360 0.162485 0.089947 0.093154 0.090133 0.080455 0.080345 
0.003359 0.138947 0.245953 0.073331 0.100061 0.093701 0.073653 0.097673 0.106607 0.066714 
0.005512 0.162698 0.219351 0.070364 0.130799 0.101565 0.066431 0.081680 0.109740 0.051860 
0.011831 0.127196 0.177291 0.126208 0.168422 0.093387 0.049971 0.061432 0.118306 0.065956 
0.005806 0.169940 0.191684 0.164200 0.154792 0.071863 0.067106 0.060669 0.068892 0.045047 
0.018349 0.111126 0.188228 0.097744 0.206558 0.085100 0.070012 0.077642 0.074590 0.070650 
