Love-the-way-you-lie,Rihanna
0.000000 0.000000 0.000000 0.000000 0.000000 0.000000 0.000000 0.000000 0.000000 0.000000 
0.000000 0.000000 0.000000 0.000000 0.000000 0.000000 0.000000 0.000000 0.000000 0.000000 
0.000000 0.000000 0.000000 0.000000 0.000000 0.000000 0.000000 0.000000 0.000000 0.000000 
0.000000 0.000000 0.000000 0.000000 0.000000 0.000000 0.000000 0.000000 0.000000 0.000000 
0.004441 0.100356 0.090885 0.058930 0.174648 0.068456 0.087810 0.122882 0.208759 0.082833 
0.007776 0.034861 0.058281 0.260868 0.080573 0.171488 0.058864 0.151944 0.089514 0.085831 
0.009529 0.018270 0.038395 0.265681 0.064830 0.268113 0.074883 0.155289 0.055783 0.049227 
0.004423 0.016584 0.036647 0.309132 0.045414 0.252331 0.067429 0.141650 0.062915 0.063475 
0.000556 0.020339 0.040386 0.303950 0.046017 0.250064 0.063527 0.150428 0.063401 0.061331 
0.023225 0.034704 0.081013 0.277309 0.049576 0.260106 0.043894 0.151870 0.062444 0.015858 
0.000013 0.019240 0.056635 0.386940 0.082257 0.222887 0.053173 0.113082 0.032494 0.033280 
0.010384 0.060440 0.143557 0.488918 0.059783 0.158672 0.027423 0.023886 0.016206 0.010732 
0.011182 0.067378 0.070169 0.230321 0.043838 0.063952 0.383592 0.068786 0.042034 0.018748 
0.026806 0.030067 0.057441 0.257512 0.024252 0.096815 0.353467 0.074269 0.064847 0.014524 
0.250563 0.383120 0.046311 0.119370 0.032672 0.041646 0.045347 0.033864 0.028404 0.018702 
0.432235 0.350771 0.027318 0.047187 0.008735 0.047790 0.030369 0.027896 0.014890 0.012809 
0.326438 0.197602 0.058346 0.119354 0.110977 0.059458 0.054422 0.045164 0.017470 0.010769 
0.049663 0.033684 0.029148 0.202982 0.027726 0.020515 0.339464 0.103750 0.050622 0.142446 
0.001071 0.065311 0.025472 0.134702 0.079240 0.057745 0.354311 0.083987 0.029429 0.168732 
0.027156 0.039149 0.100448 0.166587 0.117790 0.023145 0.244735 0.037150 0.074249 0.169590 
0.008870 0.054502 0.092066 0.144822 0.064204 0.107648 0.275054 0.080671 0.048232 0.123931 
0.021444 0.042721 0.057362 0.149874 0.080433 0.105070 0.255587 0.106341 0.059626 0.121542 
0.021327 0.040711 0.053832 0.106749 0.050534 0.116447 0.302794 0.078790 0.051046 0.177771 
0.000308 0.034882 0.049354 0.114325 0.066271 0.117795 0.339116 0.097142 0.052525 0.128281 
0.014284 0.021762 0.097884 0.151730 0.060224 0.091643 0.345874 0.096009 0.045442 0.075148 
0.000077 0.060354 0.073875 0.272351 0.129597 0.150741 0.140201 0.053318 0.062986 0.056499 
0.022305 0.080476 0.110209 0.278697 0.106877 0.154609 0.080619 0.068117 0.051726 0.046366 
0.007516 0.084171 0.071737 0.285212 0.119215 0.155451 0.112000 0.061910 0.054759 0.048029 
0.001654 0.115056 0.085027 0.264806 0.091792 0.138164 0.105296 0.061991 0.063804 0.072410 
0.029300 0.124234 0.068605 0.284397 0.055934 0.085308 0.237274 0.052407 0.033295 0.029246 
0.080591 0.100942 0.065918 0.240560 0.071624 0.058926 0.174642 0.058534 0.110390 0.037872 
0.070482 0.042074 0.060836 0.205695 0.046756 0.130521 0.058742 0.201282 0.141380 0.042232 
0.029016 0.069073 0.059388 0.246955 0.083916 0.134892 0.067898 0.211706 0.056478 0.040677 
0.023013 0.048623 0.059836 0.263255 0.051230 0.148590 0.058610 0.231190 0.073050 0.042603 
0.063278 0.027085 0.075161 0.275035 0.055692 0.145908 0.091656 0.163769 0.058492 0.043924 
0.025211 0.049747 0.097272 0.239580 0.071136 0.172702 0.101279 0.151619 0.057430 0.034024 
0.027948 0.044531 0.043513 0.317667 0.146861 0.197092 0.064595 0.069886 0.045745 0.042163 
0.022384 0.064631 0.106800 0.249705 0.119145 0.213482 0.071447 0.076270 0.048831 0.027303 
0.005599 0.057641 0.056649 0.306575 0.104594 0.226288 0.107092 0.061535 0.043839 0.030188 
0.010405 0.041690 0.097527 0.261425 0.109078 0.164847 0.156753 0.060178 0.053255 0.044842 
0.011060 0.028334 0.106947 0.309068 0.087932 0.165169 0.108455 0.074303 0.060923 0.047808 
0.015277 0.066625 0.122100 0.314027 0.075279 0.118674 0.119248 0.061998 0.061148 0.045624 
0.002018 0.071563 0.111574 0.317590 0.106658 0.128920 0.087888 0.078575 0.063362 0.031852 
0.001303 0.044257 0.105675 0.295722 0.113815 0.144356 0.086165 0.079989 0.083062 0.045657 
0.014239 0.076769 0.094020 0.290341 0.107684 0.148399 0.080462 0.085715 0.062982 0.039390 
0.041235 0.087455 0.075820 0.255080 0.105078 0.145595 0.089797 0.083763 0.078241 0.037935 
0.068092 0.077564 0.117085 0.242182 0.082099 0.142114 0.065209 0.088271 0.078234 0.039149 
0.052342 0.064734 0.090495 0.226438 0.108198 0.155533 0.101208 0.090781 0.081362 0.028910 
0.036250 0.049442 0.117411 0.266072 0.094095 0.160025 0.092396 0.083881 0.067385 0.033043 
0.053061 0.044200 0.102943 0.252865 0.126105 0.130488 0.084041 0.088761 0.086477 0.031059 
0.034338 0.057526 0.096966 0.233804 0.093873 0.150140 0.147037 0.070189 0.073832 0.042295 
0.012153 0.073099 0.073503 0.208403 0.133761 0.166610 0.136584 0.084963 0.070031 0.040892 
0.000630 0.030256 0.043442 0.110072 0.061185 0.058880 0.166953 0.273880 0.200633 0.054069 
0.010349 0.035280 0.059663 0.103244 0.054141 0.035847 0.118244 0.290153 0.208356 0.084722 
0.005312 0.021503 0.039919 0.111776 0.056155 0.089851 0.127228 0.286777 0.164155 0.097325 
0.004352 0.031414 0.037344 0.157147 0.039163 0.107976 0.067760 0.416317 0.055583 0.082944 
0.008194 0.009899 0.025992 0.140796 0.041158 0.115736 0.074424 0.365088 0.138231 0.080482 
0.002150 0.015683 0.036261 0.147952 0.032999 0.127153 0.077485 0.371825 0.136808 0.051683 
0.007130 0.020382 0.067665 0.208232 0.058028 0.198036 0.059440 0.295339 0.048868 0.036881 
0.019025 0.045384 0.138894 0.330918 0.115922 0.137270 0.090899 0.046780 0.041617 0.033290 
0.005237 0.046785 0.058438 0.293422 0.079880 0.117092 0.189880 0.075403 0.117910 0.015953 
0.004324 0.010239 0.026867 0.157405 0.032872 0.077006 0.302633 0.038688 0.314604 0.035362 
0.005017 0.016065 0.022469 0.140251 0.076244 0.053459 0.127059 0.069548 0.407941 0.081947 
0.002066 0.006666 0.022092 0.076812 0.037555 0.044584 0.219907 0.057819 0.115525 0.416975 
0.000679 0.009973 0.020720 0.071258 0.030954 0.045851 0.222608 0.083478 0.105802 0.408678 
0.004252 0.028879 0.032748 0.128696 0.066828 0.049700 0.254158 0.077039 0.036084 0.321616 
0.001581 0.015572 0.053079 0.181998 0.126770 0.115099 0.162164 0.170006 0.039654 0.134075 
0.009793 0.051767 0.021171 0.383475 0.084933 0.178207 0.122469 0.052752 0.026769 0.068665 
0.007051 0.058565 0.059370 0.369626 0.114386 0.143492 0.058798 0.083459 0.039003 0.066249 
0.003333 0.027894 0.042544 0.295288 0.131360 0.175795 0.121934 0.089580 0.035414 0.076858 
0.008574 0.014394 0.048524 0.316704 0.153636 0.171706 0.091961 0.077352 0.037338 0.079810 
0.005558 0.025479 0.050525 0.339892 0.142046 0.154127 0.121794 0.045465 0.026713 0.088400 
0.003024 0.028086 0.042110 0.374356 0.117602 0.187012 0.121420 0.054295 0.019236 0.052858 
0.004421 0.028198 0.022845 0.395304 0.130526 0.187331 0.099515 0.049320 0.024972 0.057569 
0.000940 0.026322 0.044128 0.369305 0.134353 0.185802 0.082247 0.051748 0.036294 0.068862 
0.000196 0.042669 0.070684 0.313933 0.132460 0.162730 0.050260 0.077818 0.066460 0.082790 
0.000849 0.027237 0.035050 0.152989 0.063350 0.102988 0.221643 0.269211 0.042797 0.083885 
0.011724 0.008608 0.026407 0.277292 0.072718 0.122339 0.064885 0.288057 0.029978 0.097990 
0.005866 0.017691 0.028326 0.278509 0.060549 0.129005 0.147280 0.248800 0.034899 0.049073 
0.005871 0.025248 0.052908 0.205001 0.132847 0.128208 0.110128 0.219070 0.035231 0.085488 
0.002861 0.016302 0.039738 0.194730 0.150623 0.128614 0.124183 0.254994 0.026320 0.061635 
0.005685 0.034471 0.093533 0.179637 0.177271 0.118294 0.096406 0.188730 0.060918 0.045055 
0.006181 0.050058 0.098774 0.126925 0.109191 0.187241 0.099203 0.193022 0.063270 0.066134 
0.007845 0.054868 0.086205 0.074121 0.070848 0.220016 0.118176 0.240798 0.062270 0.064853 
0.004637 0.048105 0.093188 0.032597 0.069574 0.222422 0.078087 0.321106 0.058639 0.071646 
0.005895 0.068071 0.130726 0.045849 0.103942 0.206493 0.052700 0.294203 0.048191 0.043930 
0.003365 0.066161 0.101748 0.049731 0.087918 0.200086 0.072051 0.274398 0.081883 0.062658 
0.001585 0.062506 0.112534 0.035270 0.099540 0.202650 0.116154 0.246957 0.076875 0.045930 
0.002400 0.069831 0.122369 0.086299 0.069271 0.189675 0.051555 0.271289 0.057333 0.079980 
0.001815 0.070068 0.129088 0.067001 0.072674 0.181763 0.091964 0.260868 0.068145 0.056612 
0.001776 0.072695 0.104652 0.058968 0.116295 0.157482 0.197994 0.182264 0.088079 0.019795 
0.007165 0.077075 0.136601 0.218891 0.104004 0.136120 0.110972 0.090133 0.089091 0.029948 
0.003775 0.069201 0.108065 0.234864 0.104009 0.100653 0.254740 0.057921 0.052638 0.014135 
0.005341 0.069139 0.121055 0.149916 0.083681 0.154945 0.300827 0.050194 0.050391 0.014512 
0.002222 0.078016 0.139643 0.171937 0.104994 0.247656 0.089235 0.057487 0.087270 0.021541 
0.001113 0.101094 0.138226 0.189089 0.109468 0.259398 0.064077 0.059143 0.058223 0.020170 
0.005785 0.123148 0.122739 0.225190 0.094721 0.244260 0.062244 0.045928 0.048274 0.027710 
0.005886 0.121050 0.153727 0.154840 0.124050 0.191677 0.067892 0.055282 0.082778 0.042816 
0.013726 0.128801 0.143566 0.177299 0.108698 0.188744 0.067284 0.057361 0.103296 0.011225 
0.003983 0.144877 0.165748 0.173529 0.117908 0.135218 0.068214 0.071483 0.083105 0.035936 
0.015568 0.165432 0.203222 0.152141 0.108861 0.127683 0.061961 0.080960 0.069670 0.014501 
0.007948 0.189237 0.160217 0.090595 0.120550 0.137857 0.082536 0.079903 0.102051 0.029106 
0.014038 0.162197 0.158365 0.090020 0.115375 0.178924 0.090280 0.082579 0.091597 0.016625 
0.020192 0.187121 0.158675 0.129671 0.111162 0.181453 0.071064 0.072425 0.049136 0.019102 
0.011193 0.177211 0.168598 0.101268 0.125408 0.205138 0.074739 0.067620 0.053500 0.015326 
0.000217 0.162955 0.137841 0.101431 0.153774 0.212953 0.070942 0.048979 0.079221 0.031688 
0.022930 0.176907 0.129361 0.101492 0.142379 0.218281 0.085142 0.039463 0.053995 0.030051 
0.025939 0.193996 0.153704 0.110892 0.114545 0.215986 0.060436 0.058026 0.056008 0.010468 
0.025235 0.201568 0.169978 0.129710 0.075505 0.228622 0.066232 0.041499 0.050915 0.010734 
0.008979 0.179682 0.148578 0.104613 0.107222 0.231939 0.086908 0.042354 0.077136 0.012590 
0.016123 0.188746 0.155362 0.081054 0.179933 0.216968 0.060906 0.026717 0.062371 0.011819 
0.028895 0.203025 0.126001 0.105334 0.138333 0.241023 0.063657 0.028567 0.047313 0.017851 
0.017374 0.175117 0.149461 0.104158 0.106236 0.229217 0.081335 0.049521 0.053071 0.034510 
0.013628 0.177876 0.146997 0.112656 0.085458 0.210007 0.066022 0.073914 0.081202 0.032241 
0.003803 0.190255 0.155102 0.108998 0.100871 0.224673 0.086187 0.035681 0.075109 0.019321 
0.015288 0.207200 0.156318 0.090115 0.144441 0.234307 0.067791 0.016405 0.049407 0.018729 
0.023604 0.214738 0.140831 0.114961 0.096428 0.234883 0.048473 0.037036 0.064827 0.024219 
0.017640 0.204667 0.131650 0.102299 0.101327 0.207595 0.072727 0.042557 0.081957 0.037580 
0.012707 0.193142 0.176823 0.112184 0.124227 0.194119 0.057475 0.038259 0.051741 0.039323 
0.004610 0.204776 0.150663 0.110958 0.123715 0.217293 0.063322 0.058153 0.029394 0.037115 
0.008351 0.196837 0.138771 0.159770 0.110824 0.210431 0.056858 0.045494 0.046508 0.026157 
0.014710 0.193889 0.140042 0.179656 0.105175 0.197429 0.040708 0.062125 0.035162 0.031105 
0.012278 0.182109 0.165094 0.152266 0.114244 0.179037 0.038712 0.074594 0.052506 0.029158 
0.009360 0.167880 0.157964 0.175676 0.138336 0.179735 0.064387 0.045046 0.034795 0.026820 
0.003640 0.181659 0.159624 0.163428 0.132545 0.202972 0.056865 0.032752 0.035024 0.031491 
0.013849 0.180841 0.128670 0.160699 0.140492 0.174309 0.063395 0.032934 0.073958 0.030853 
0.018067 0.198748 0.124761 0.202025 0.112526 0.173332 0.049715 0.020083 0.072164 0.028580 
0.020052 0.188920 0.171645 0.188655 0.087866 0.172943 0.057167 0.027634 0.052596 0.032522 
0.004435 0.059928 0.109991 0.230258 0.235180 0.104675 0.102136 0.089157 0.042890 0.021349 
0.005132 0.066072 0.052079 0.333799 0.227708 0.129081 0.040883 0.095105 0.026240 0.023900 
0.008342 0.024891 0.041170 0.200208 0.146904 0.068278 0.245977 0.147915 0.083339 0.032977 
0.002263 0.032329 0.044069 0.177917 0.115617 0.049035 0.222174 0.060649 0.240094 0.055852 
0.006023 0.021494 0.029384 0.169187 0.089093 0.056157 0.164414 0.096190 0.240453 0.127606 
0.001804 0.023128 0.039708 0.162413 0.144418 0.075827 0.115158 0.264016 0.043773 0.129756 
0.003394 0.031603 0.038386 0.140551 0.086235 0.080704 0.127109 0.362563 0.050036 0.079419 
0.000845 0.033418 0.029142 0.209453 0.120670 0.081803 0.219176 0.185158 0.040271 0.080065 
0.007080 0.103612 0.066719 0.216834 0.264835 0.149869 0.030344 0.089991 0.031055 0.039661 
0.006695 0.127869 0.049533 0.286256 0.237968 0.145928 0.027580 0.068850 0.024212 0.025109 
0.019790 0.063185 0.080245 0.357506 0.233897 0.080238 0.061453 0.068364 0.016625 0.018698 
0.005975 0.085439 0.060299 0.423380 0.170261 0.063633 0.083180 0.064674 0.022202 0.020957 
0.007027 0.061870 0.050941 0.348098 0.106361 0.067874 0.183916 0.061257 0.057443 0.055213 
0.019285 0.060101 0.045544 0.251536 0.150589 0.065043 0.277311 0.061587 0.033524 0.035479 
0.034108 0.040061 0.050725 0.228713 0.133330 0.066840 0.309186 0.087950 0.024454 0.024633 
0.035691 0.054600 0.059682 0.274489 0.095612 0.053832 0.306897 0.071672 0.020120 0.027405 
0.004893 0.021298 0.112314 0.279304 0.158622 0.060296 0.271068 0.034839 0.020345 0.037020 
0.013179 0.023488 0.098721 0.251328 0.067446 0.096703 0.281263 0.079034 0.047959 0.040878 
0.008993 0.034039 0.061429 0.258679 0.096517 0.076902 0.283428 0.110564 0.042365 0.027084 
0.000848 0.020491 0.079504 0.251494 0.092432 0.102006 0.325492 0.068851 0.023649 0.035233 
0.005203 0.014909 0.088280 0.253971 0.085908 0.088508 0.312483 0.077444 0.039644 0.033650 
0.002306 0.014775 0.082718 0.262178 0.088267 0.096609 0.279200 0.090462 0.041329 0.042155 
0.005258 0.055093 0.102814 0.280186 0.122789 0.136113 0.146880 0.065783 0.032041 0.053043 
0.006038 0.046657 0.132268 0.207111 0.125009 0.178126 0.142396 0.053503 0.034667 0.074223 
0.014350 0.029798 0.156172 0.230911 0.115801 0.177662 0.080144 0.080167 0.061601 0.053394 
0.001415 0.034386 0.118444 0.244457 0.112917 0.185410 0.075964 0.080222 0.057472 0.089313 
0.003502 0.042358 0.102029 0.261822 0.071973 0.205615 0.092688 0.091300 0.063111 0.065601 
0.002783 0.035020 0.096111 0.207828 0.068472 0.190314 0.061755 0.195288 0.090839 0.051590 
0.005262 0.035108 0.079229 0.190370 0.069922 0.143883 0.082079 0.273914 0.057289 0.062945 
0.009637 0.029068 0.069610 0.134572 0.073871 0.171294 0.068473 0.346817 0.057471 0.039188 
0.000412 0.019980 0.065339 0.149892 0.072398 0.198722 0.048185 0.297427 0.096776 0.050868 
0.000976 0.030954 0.063155 0.130999 0.056218 0.217749 0.030709 0.289313 0.128563 0.051363 
0.003470 0.026920 0.080695 0.109132 0.054832 0.170522 0.049782 0.335889 0.121862 0.046896 
0.008038 0.026466 0.080708 0.130140 0.053924 0.166868 0.075509 0.293165 0.102279 0.062903 
0.017970 0.036748 0.081300 0.153964 0.058167 0.207485 0.107287 0.203308 0.081677 0.052094 
0.001500 0.038499 0.093100 0.160580 0.087750 0.234358 0.077848 0.195815 0.067486 0.043065 
0.004057 0.051788 0.130512 0.226892 0.053007 0.228879 0.070838 0.104741 0.068400 0.060886 
0.005749 0.036017 0.140360 0.280561 0.045995 0.193857 0.072115 0.128981 0.047409 0.048956 
0.020653 0.068114 0.144460 0.247353 0.061444 0.158380 0.066655 0.109620 0.060200 0.063121 
0.005730 0.077066 0.180940 0.232809 0.045383 0.137609 0.047483 0.118387 0.075918 0.078675 
0.008162 0.045484 0.160552 0.258260 0.049073 0.140183 0.086745 0.133328 0.064014 0.054199 
0.010056 0.058261 0.148450 0.263549 0.029673 0.161145 0.066405 0.147377 0.057149 0.057934 
0.017817 0.045722 0.084526 0.359558 0.077594 0.188261 0.050488 0.105719 0.040310 0.030004 
0.003283 0.025111 0.092044 0.319091 0.090062 0.251437 0.051500 0.120500 0.031739 0.015234 
0.005605 0.039036 0.076086 0.322868 0.068344 0.259709 0.068105 0.112271 0.032836 0.015142 
0.004230 0.019192 0.062355 0.339088 0.047524 0.275937 0.102087 0.102015 0.024357 0.023215 
0.007954 0.039933 0.124589 0.319809 0.038931 0.267284 0.055668 0.091515 0.037057 0.017259 
0.000249 0.031031 0.067118 0.362939 0.065434 0.253857 0.070882 0.070391 0.049953 0.028147 
0.001886 0.031988 0.069321 0.397742 0.052046 0.210461 0.039356 0.114176 0.055582 0.027443 
0.003874 0.027886 0.054691 0.391212 0.064646 0.208526 0.054760 0.130399 0.046500 0.017506 
0.009103 0.030045 0.102458 0.379087 0.068033 0.206554 0.052848 0.106436 0.030846 0.014591 
0.016134 0.023565 0.114220 0.429106 0.032900 0.170296 0.075803 0.095655 0.025703 0.016618 
0.005288 0.071915 0.083063 0.472502 0.048364 0.148916 0.025707 0.091806 0.027494 0.024946 
0.003954 0.031415 0.115656 0.488406 0.039207 0.141380 0.048051 0.076040 0.036227 0.019662 
0.022649 0.055248 0.101619 0.393307 0.033059 0.157574 0.074924 0.099595 0.032077 0.029949 
0.016477 0.049909 0.179154 0.346784 0.064330 0.126261 0.100771 0.069738 0.021872 0.024704 
0.002375 0.151627 0.157119 0.262231 0.075634 0.090269 0.090097 0.092391 0.050096 0.028161 
0.031272 0.106857 0.127272 0.289050 0.077647 0.137871 0.084805 0.077762 0.040438 0.027026 
0.005187 0.057119 0.148879 0.272710 0.110046 0.177603 0.095065 0.074549 0.033368 0.025473 
0.027177 0.125576 0.118462 0.216474 0.097990 0.163574 0.077977 0.107314 0.043851 0.021604 
0.040600 0.108655 0.153050 0.246875 0.100226 0.136625 0.094480 0.064672 0.034768 0.020047 
0.000827 0.117656 0.144765 0.248305 0.098967 0.123602 0.081168 0.117314 0.050953 0.016444 
0.000673 0.047320 0.088603 0.310183 0.171301 0.118381 0.145848 0.042533 0.026880 0.048279 
0.018460 0.040706 0.034064 0.383823 0.118027 0.185765 0.110933 0.029718 0.018447 0.060057 
0.018569 0.050687 0.080114 0.335096 0.142066 0.137918 0.087442 0.060411 0.028901 0.058796 
0.003550 0.025434 0.036701 0.235188 0.065426 0.126465 0.273454 0.114811 0.041328 0.077643 
0.001324 0.022101 0.036760 0.199531 0.105525 0.087616 0.298622 0.090210 0.015489 0.142822 
0.007563 0.023602 0.043365 0.216181 0.063692 0.075689 0.227374 0.023375 0.208732 0.110429 
0.000673 0.027427 0.036778 0.273358 0.062167 0.108675 0.180495 0.052844 0.213157 0.044425 
0.005429 0.040863 0.048151 0.286852 0.042331 0.089845 0.183512 0.043316 0.206618 0.053084 
0.000904 0.016712 0.022803 0.312739 0.027392 0.071333 0.291014 0.053084 0.158727 0.045292 
0.009412 0.068057 0.094690 0.338021 0.079644 0.150626 0.138011 0.048052 0.030775 0.042711 
0.000499 0.061168 0.062260 0.389273 0.058714 0.172797 0.079214 0.077768 0.035793 0.062514 
0.039522 0.056467 0.042046 0.286014 0.024801 0.120106 0.278288 0.059547 0.055442 0.037767 
0.037063 0.023842 0.037195 0.195475 0.042930 0.102246 0.260255 0.045679 0.212839 0.042475 
0.044239 0.022442 0.050184 0.181451 0.036223 0.068876 0.141439 0.046637 0.330737 0.077771 
0.022222 0.015116 0.030201 0.174558 0.055865 0.083380 0.141250 0.079624 0.351197 0.046588 
0.000741 0.021957 0.025135 0.175420 0.034858 0.067412 0.186840 0.076789 0.331328 0.079520 
0.015215 0.016453 0.044388 0.187002 0.079991 0.068422 0.150600 0.070068 0.318269 0.049591 
0.012955 0.036662 0.098674 0.128520 0.093412 0.094474 0.194942 0.073619 0.227551 0.039192 
0.007181 0.024840 0.063434 0.080212 0.093048 0.078255 0.222432 0.092004 0.291555 0.047040 
0.002017 0.013582 0.060816 0.100338 0.097337 0.095620 0.230306 0.086086 0.277549 0.036348 
0.000735 0.025183 0.055181 0.111232 0.096397 0.122704 0.215895 0.061155 0.257152 0.054365 
0.001479 0.021494 0.064153 0.106944 0.112575 0.113628 0.236379 0.065508 0.231637 0.046201 
0.006414 0.021989 0.036205 0.130553 0.113324 0.117035 0.301542 0.060878 0.170299 0.041761 
0.011235 0.027052 0.042149 0.140146 0.105474 0.132029 0.325772 0.062974 0.115121 0.038046 
0.011605 0.029788 0.043830 0.191476 0.097337 0.154074 0.298774 0.056631 0.079439 0.037048 
0.008150 0.029802 0.068647 0.209558 0.137956 0.158274 0.193809 0.058669 0.119107 0.016029 
0.003422 0.036438 0.042752 0.169123 0.163876 0.221618 0.135702 0.072705 0.110635 0.043730 
0.007261 0.036927 0.049363 0.185906 0.168479 0.151078 0.190002 0.076378 0.080515 0.054091 
0.004530 0.057653 0.083208 0.136225 0.196875 0.115162 0.207787 0.101224 0.057862 0.039475 
0.000516 0.060163 0.035690 0.121951 0.224993 0.120362 0.249284 0.073139 0.076033 0.037870 
0.001293 0.041722 0.037044 0.104560 0.218086 0.158420 0.206543 0.090868 0.078508 0.062956 
0.009085 0.037579 0.035627 0.112518 0.231642 0.163416 0.171197 0.103610 0.082276 0.053051 
0.002462 0.043661 0.028861 0.095924 0.226983 0.190864 0.183297 0.080907 0.102709 0.044333 
0.004686 0.025455 0.034057 0.134312 0.265101 0.174531 0.163357 0.071272 0.067062 0.060167 
0.005072 0.035442 0.028956 0.134791 0.256297 0.135989 0.151874 0.110520 0.068314 0.072746 
0.004439 0.028512 0.028578 0.153007 0.249874 0.110269 0.180379 0.113330 0.092715 0.038897 
0.002252 0.024043 0.025133 0.136865 0.231138 0.161569 0.150754 0.099760 0.117063 0.051423 
0.005121 0.026086 0.041017 0.131022 0.232863 0.222610 0.133206 0.049570 0.084647 0.073857 
0.004979 0.021613 0.027129 0.124939 0.231404 0.199242 0.164527 0.067744 0.096736 0.061686 
0.004541 0.022594 0.035176 0.118989 0.229550 0.169621 0.189079 0.095113 0.104987 0.030348 
0.001636 0.020645 0.024347 0.177981 0.239443 0.097081 0.179901 0.087403 0.112425 0.059138 
0.001283 0.019860 0.027219 0.206662 0.255030 0.061415 0.174396 0.066570 0.119082 0.068482 
0.003262 0.023215 0.030059 0.179641 0.258056 0.125089 0.164071 0.078610 0.103687 0.034310 
0.002961 0.024092 0.031969 0.189022 0.235358 0.164444 0.114917 0.088644 0.109559 0.039033 
0.000275 0.013974 0.031180 0.199764 0.220926 0.173778 0.140935 0.071276 0.094279 0.053614 
0.006030 0.030172 0.049985 0.221255 0.245882 0.161695 0.161194 0.044264 0.052512 0.027011 
0.002386 0.017666 0.036483 0.238361 0.266525 0.120244 0.157838 0.065290 0.060696 0.034512 
0.001769 0.019449 0.040890 0.255801 0.237386 0.066068 0.168718 0.093147 0.057351 0.059421 
0.008231 0.035026 0.068178 0.220397 0.218991 0.108318 0.166157 0.091762 0.051488 0.031452 
0.001082 0.020807 0.028321 0.242951 0.224895 0.169134 0.133775 0.087488 0.080070 0.011478 
0.004206 0.023957 0.033527 0.272393 0.207173 0.145267 0.128419 0.083347 0.076702 0.025010 
0.000035 0.014458 0.020758 0.252967 0.213054 0.170777 0.142208 0.091034 0.060634 0.034075 
0.005336 0.026001 0.025751 0.315940 0.186212 0.147338 0.129063 0.089079 0.052751 0.022531 
0.004293 0.016548 0.027894 0.284261 0.214925 0.102183 0.155878 0.071261 0.084946 0.037811 
0.001951 0.016676 0.034442 0.303829 0.207417 0.133815 0.129691 0.059553 0.070237 0.042388 
0.001275 0.014785 0.028919 0.312737 0.192134 0.174270 0.119854 0.077496 0.049336 0.029192 
0.004734 0.018512 0.045699 0.284335 0.179270 0.198047 0.108140 0.078942 0.051394 0.030927 
0.000849 0.012557 0.035324 0.297701 0.198108 0.164116 0.121372 0.083872 0.043361 0.042741 
0.002168 0.020227 0.046755 0.292567 0.215452 0.119583 0.137059 0.059305 0.066176 0.040708 
0.007395 0.043493 0.091077 0.307701 0.195324 0.059249 0.112966 0.053272 0.082309 0.047214 
0.003049 0.018770 0.053177 0.295197 0.201062 0.098250 0.101209 0.090258 0.089128 0.049900 
0.004068 0.020210 0.052280 0.282101 0.215286 0.155448 0.068054 0.087375 0.077684 0.037494 
0.004314 0.028635 0.054042 0.253887 0.225830 0.166812 0.069210 0.080102 0.082260 0.034908 
0.003015 0.015501 0.087982 0.277118 0.117756 0.175184 0.104776 0.067750 0.096578 0.054338 
0.000627 0.024315 0.065918 0.229410 0.062271 0.264845 0.129312 0.055776 0.114928 0.052599 
0.005124 0.025166 0.058555 0.217757 0.070866 0.138603 0.116383 0.211585 0.096836 0.059125 
0.000602 0.017319 0.037607 0.203580 0.071169 0.225029 0.095242 0.240328 0.063319 0.045804 
0.001250 0.024022 0.048139 0.274748 0.021898 0.264139 0.087591 0.175288 0.056633 0.046291 
0.003488 0.029322 0.047085 0.318296 0.061592 0.289502 0.073821 0.082708 0.051160 0.043027 
0.007318 0.063384 0.113651 0.369099 0.049463 0.167719 0.089287 0.058907 0.038286 0.042885 
0.007099 0.012886 0.063607 0.393331 0.107272 0.210210 0.078008 0.051011 0.038815 0.037762 
0.000866 0.020950 0.066987 0.358943 0.146136 0.180828 0.088554 0.051326 0.052847 0.032563 
0.006698 0.026135 0.053859 0.228426 0.117946 0.154783 0.294297 0.050892 0.041906 0.025056 
0.005768 0.041312 0.088640 0.280530 0.150666 0.148357 0.092387 0.080812 0.075562 0.035966 
0.022304 0.031983 0.051348 0.279621 0.203614 0.184194 0.073814 0.053926 0.065197 0.033997 
0.015697 0.039525 0.050203 0.269279 0.192200 0.170685 0.064849 0.110697 0.051813 0.035051 
0.020693 0.049968 0.044885 0.252524 0.186010 0.171580 0.079198 0.128440 0.038466 0.028236 
0.007250 0.027527 0.034268 0.197463 0.135570 0.121233 0.280214 0.079261 0.051553 0.065661 
0.000938 0.012349 0.086669 0.238095 0.084217 0.136611 0.179338 0.041158 0.078875 0.141750 
0.002135 0.019462 0.116449 0.163430 0.088369 0.124860 0.227847 0.070267 0.063147 0.124034 
0.006539 0.043007 0.120806 0.137024 0.055371 0.120333 0.264480 0.054370 0.060687 0.137383 
0.011924 0.026677 0.082509 0.215854 0.042658 0.121235 0.249625 0.063859 0.070625 0.115034 
0.002172 0.023975 0.113965 0.163890 0.073559 0.122228 0.248040 0.093926 0.069057 0.089187 
0.011903 0.040466 0.061426 0.216719 0.092293 0.124176 0.184952 0.052581 0.056638 0.158847 
0.011607 0.058953 0.091085 0.300768 0.106176 0.105015 0.138507 0.032604 0.051465 0.103820 
0.007139 0.035458 0.054308 0.387726 0.157734 0.109908 0.137913 0.046572 0.041681 0.021562 
0.007605 0.028013 0.058784 0.383812 0.145157 0.092815 0.141224 0.062033 0.046372 0.034183 
0.006641 0.040610 0.093140 0.283652 0.123195 0.164125 0.106565 0.064823 0.077359 0.039889 
0.001269 0.022587 0.082240 0.359333 0.095254 0.200422 0.058260 0.058861 0.067440 0.054334 
0.003599 0.025585 0.048673 0.285649 0.053122 0.123427 0.273064 0.049836 0.095652 0.041392 
0.007412 0.019324 0.036050 0.232219 0.068927 0.126268 0.236859 0.043401 0.187693 0.041849 
0.003837 0.013133 0.034439 0.310501 0.070720 0.157316 0.030093 0.203735 0.134412 0.041814 
0.003723 0.022394 0.067859 0.260692 0.109092 0.169939 0.046988 0.218009 0.069486 0.031818 
0.001155 0.011030 0.054235 0.267123 0.132301 0.171680 0.063626 0.196989 0.066523 0.035339 
0.006348 0.040016 0.061072 0.313613 0.079834 0.176755 0.037223 0.182630 0.066309 0.036200 
0.001221 0.025396 0.058269 0.357324 0.086313 0.181169 0.030191 0.165962 0.054728 0.039427 
0.010162 0.011444 0.044791 0.335955 0.082791 0.218352 0.055874 0.136918 0.077706 0.026008 
0.004961 0.029539 0.051278 0.292111 0.101369 0.215016 0.079767 0.135425 0.054383 0.036151 
0.002151 0.016486 0.067990 0.275060 0.115771 0.241908 0.087862 0.111844 0.046333 0.034594 
0.010159 0.045701 0.114286 0.364310 0.058438 0.218123 0.057651 0.065474 0.035785 0.030074 
0.001342 0.016433 0.065731 0.487368 0.077117 0.186812 0.029856 0.042880 0.058180 0.034282 
0.012206 0.035490 0.073608 0.457877 0.081168 0.162911 0.025738 0.068139 0.054791 0.028072 
0.005849 0.035219 0.055329 0.438013 0.160385 0.174279 0.040831 0.025757 0.041790 0.022549 
0.007212 0.049215 0.079322 0.246391 0.058935 0.157166 0.051577 0.243657 0.067688 0.038836 
0.005927 0.017630 0.029528 0.201409 0.063191 0.101579 0.063200 0.380782 0.111507 0.025247 
0.003577 0.008712 0.036397 0.229479 0.044340 0.115138 0.032558 0.369593 0.092897 0.067309 
0.001878 0.014787 0.042890 0.202149 0.056774 0.132552 0.032061 0.319429 0.126483 0.070998 
0.000805 0.010638 0.037169 0.179226 0.066645 0.113738 0.045405 0.312957 0.126113 0.107304 
0.005218 0.024443 0.067969 0.184731 0.050098 0.153764 0.081124 0.330070 0.072837 0.029745 
0.000063 0.007069 0.027782 0.153813 0.088317 0.155053 0.077323 0.343818 0.088365 0.058397 
0.003445 0.042420 0.059029 0.149268 0.062992 0.124090 0.051335 0.326466 0.121181 0.059774 
0.007753 0.016966 0.033706 0.198653 0.049539 0.129273 0.055803 0.309236 0.130535 0.068537 
0.000770 0.011800 0.029671 0.191231 0.052810 0.128525 0.073694 0.340256 0.099466 0.071776 
0.004293 0.037428 0.060712 0.216518 0.063695 0.154468 0.069628 0.277699 0.079518 0.036040 
0.007525 0.020356 0.048741 0.204418 0.081136 0.155770 0.062093 0.295169 0.094244 0.030549 
0.000454 0.033587 0.053823 0.287665 0.089298 0.162555 0.063988 0.236228 0.048406 0.023997 
0.002078 0.056236 0.096162 0.242513 0.119453 0.124230 0.087203 0.157287 0.076189 0.038649 
0.002002 0.053322 0.137817 0.139211 0.134652 0.163161 0.103013 0.111793 0.111322 0.043707 
0.006802 0.055519 0.142418 0.077773 0.115623 0.226460 0.137665 0.065676 0.131250 0.040814 
0.007661 0.027757 0.122417 0.085253 0.119326 0.287674 0.134743 0.066786 0.115037 0.033347 
0.013462 0.032718 0.123664 0.110022 0.141485 0.264257 0.139001 0.057945 0.085920 0.031525 
0.018137 0.046436 0.152425 0.101436 0.120191 0.312084 0.097923 0.040773 0.085816 0.024778 
0.002879 0.050062 0.142049 0.147673 0.095916 0.323304 0.068852 0.057572 0.085635 0.026058 
0.002574 0.071160 0.150213 0.128676 0.122567 0.288327 0.067279 0.056825 0.082557 0.029823 
0.011657 0.047664 0.168401 0.096574 0.151569 0.280072 0.083901 0.034509 0.086616 0.039037 
0.000467 0.016624 0.091066 0.296388 0.167564 0.176010 0.109428 0.066743 0.027000 0.048711 
0.002244 0.026698 0.034590 0.185238 0.128674 0.134442 0.163008 0.233932 0.058505 0.032670 
0.009652 0.017978 0.044429 0.199296 0.030062 0.094026 0.225584 0.186753 0.079418 0.112803 
0.001379 0.042453 0.068935 0.274468 0.083973 0.114312 0.210879 0.071058 0.026004 0.106540 
0.003754 0.021023 0.050266 0.250901 0.106240 0.127298 0.282507 0.065406 0.013660 0.078945 
0.005501 0.019108 0.054153 0.238356 0.090281 0.122423 0.232090 0.051243 0.060795 0.126050 
0.004912 0.023507 0.049496 0.252738 0.059542 0.110780 0.238099 0.088489 0.061341 0.111097 
0.005704 0.033747 0.045443 0.235777 0.062000 0.127800 0.246863 0.072066 0.031841 0.138760 
0.002575 0.028993 0.067334 0.123292 0.061988 0.167226 0.278957 0.084456 0.057024 0.128153 
0.000903 0.021225 0.052768 0.131939 0.051343 0.208985 0.303051 0.051258 0.078680 0.099848 
0.010428 0.025862 0.066314 0.153442 0.109670 0.211571 0.254951 0.064409 0.055626 0.047726 
0.003122 0.026592 0.075506 0.208705 0.122577 0.217043 0.091349 0.140998 0.068148 0.045958 
0.003209 0.026450 0.068413 0.227400 0.110715 0.224041 0.138162 0.108235 0.061705 0.031670 
0.002425 0.015918 0.074415 0.198606 0.154265 0.240937 0.113754 0.111685 0.060776 0.027218 
0.006257 0.017832 0.109385 0.176365 0.139090 0.216817 0.089514 0.135170 0.072020 0.037549 
0.014154 0.048379 0.100498 0.141327 0.145079 0.239581 0.106204 0.119857 0.055069 0.029853 
0.010684 0.068956 0.147500 0.077416 0.169896 0.204534 0.090046 0.150942 0.058809 0.021216 
0.011365 0.050713 0.151133 0.126302 0.163445 0.149612 0.066643 0.178107 0.082425 0.020255 
0.004315 0.073632 0.102686 0.134511 0.156343 0.150615 0.050068 0.198530 0.080403 0.048896 
0.013443 0.060465 0.140484 0.151000 0.109193 0.131140 0.079703 0.182709 0.072711 0.059152 
0.015949 0.095278 0.156044 0.134105 0.140084 0.130743 0.055689 0.163917 0.080219 0.027973 
0.006889 0.089038 0.148934 0.135769 0.105217 0.131351 0.065818 0.155486 0.117957 0.043541 
0.007521 0.075997 0.168795 0.109831 0.129845 0.171150 0.070654 0.127376 0.112143 0.026687 
0.012509 0.084376 0.129454 0.124325 0.132310 0.166331 0.120661 0.137855 0.073227 0.018950 
0.000112 0.079935 0.145377 0.113516 0.111028 0.168130 0.124236 0.136931 0.084541 0.036194 
0.004802 0.100999 0.126108 0.186331 0.135148 0.170719 0.072324 0.040644 0.124182 0.038745 
0.010996 0.067274 0.106563 0.203920 0.108949 0.156521 0.185745 0.034134 0.106348 0.019549 
0.008872 0.063936 0.086098 0.138791 0.056843 0.139263 0.254796 0.029170 0.195868 0.026365 
0.008247 0.089069 0.069177 0.102913 0.060815 0.216223 0.085500 0.202934 0.112554 0.052569 
0.015002 0.078596 0.073041 0.134667 0.092810 0.213562 0.068649 0.171841 0.105861 0.045971 
0.028825 0.073874 0.098208 0.116195 0.102494 0.220213 0.051868 0.166416 0.106282 0.035625 
0.020458 0.092949 0.107480 0.146353 0.109705 0.208377 0.056229 0.171570 0.062333 0.024546 
0.009143 0.114742 0.093952 0.152187 0.101535 0.175893 0.060494 0.147674 0.127017 0.017362 
0.023180 0.104977 0.068459 0.141672 0.094110 0.181728 0.065868 0.161469 0.125972 0.032565 
0.037373 0.106003 0.115244 0.128539 0.107341 0.209471 0.067806 0.142473 0.065769 0.019982 
0.012171 0.130637 0.128793 0.082040 0.128472 0.218817 0.076966 0.093862 0.093347 0.034896 
0.000696 0.119259 0.127967 0.156412 0.097267 0.187232 0.080878 0.079417 0.125646 0.025224 
0.004175 0.128199 0.127637 0.170551 0.131918 0.177691 0.053098 0.074595 0.102412 0.029724 
0.008742 0.150256 0.115087 0.157525 0.124712 0.198898 0.073251 0.086379 0.065981 0.019169 
0.002003 0.152176 0.117663 0.158296 0.091763 0.199397 0.068539 0.064484 0.126679 0.019001 
0.010838 0.148514 0.165283 0.125851 0.119239 0.193305 0.054612 0.061436 0.096431 0.024491 
0.002490 0.165972 0.128460 0.161263 0.110461 0.224261 0.072185 0.053414 0.070634 0.010859 
0.013841 0.166153 0.140839 0.124500 0.133578 0.201654 0.073479 0.048854 0.077933 0.019169 
0.026834 0.166200 0.115389 0.150872 0.110412 0.197077 0.064634 0.042423 0.112606 0.013553 
0.012417 0.178353 0.115239 0.176687 0.108216 0.208685 0.065129 0.041361 0.072016 0.021897 
0.004076 0.168670 0.144937 0.149288 0.117335 0.228766 0.062404 0.054479 0.058043 0.012003 
0.005871 0.156711 0.132616 0.151456 0.105110 0.233039 0.051639 0.069187 0.076298 0.018073 
0.018434 0.149365 0.134305 0.120688 0.154420 0.211317 0.069027 0.062727 0.065698 0.014019 
0.011168 0.169603 0.087956 0.168383 0.130898 0.230203 0.068535 0.063258 0.047414 0.022583 
0.001265 0.185523 0.114512 0.176985 0.124043 0.200537 0.061409 0.053648 0.055485 0.026591 
0.003341 0.155720 0.141867 0.162593 0.121538 0.241774 0.048807 0.029561 0.062633 0.032166 
0.011228 0.158980 0.126169 0.157638 0.139825 0.271481 0.049640 0.034926 0.029183 0.020930 
0.010151 0.173379 0.099500 0.135438 0.166015 0.231561 0.068346 0.036612 0.052967 0.026031 
0.015666 0.140634 0.077889 0.088413 0.072013 0.102819 0.069059 0.232203 0.151272 0.050032 
0.010238 0.049236 0.095159 0.156777 0.121417 0.098226 0.166763 0.149248 0.098086 0.054850 
0.003402 0.041313 0.090304 0.225407 0.100077 0.153735 0.133005 0.127032 0.085971 0.039755 
0.001103 0.053930 0.063978 0.207537 0.063136 0.177708 0.049920 0.266059 0.073321 0.043307 
0.001047 0.049128 0.055794 0.204566 0.086734 0.228561 0.051403 0.204029 0.089399 0.029339 
0.005210 0.045768 0.051195 0.225675 0.068989 0.288730 0.085729 0.152822 0.053568 0.022315 
0.005185 0.079058 0.088482 0.222937 0.080631 0.289863 0.047279 0.105042 0.062066 0.019456 
0.008628 0.058067 0.047549 0.394546 0.052331 0.229396 0.021336 0.120273 0.053236 0.014639 
0.001190 0.066832 0.071971 0.392159 0.080967 0.167004 0.031085 0.103832 0.068182 0.016778 
0.005562 0.037312 0.080209 0.367709 0.157350 0.135500 0.070056 0.083785 0.031347 0.031170 
0.010859 0.043734 0.087015 0.356607 0.153441 0.128313 0.075662 0.074695 0.053835 0.015840 
0.006353 0.029087 0.019047 0.219287 0.107509 0.084800 0.171103 0.071779 0.167025 0.124008 
0.002859 0.021964 0.026246 0.228262 0.099909 0.125885 0.179069 0.090985 0.023128 0.201695 
0.004725 0.039144 0.061295 0.176433 0.126413 0.103160 0.134165 0.102857 0.056887 0.194921 
0.007426 0.040614 0.068320 0.279224 0.188971 0.106372 0.072297 0.171525 0.028509 0.036742 
0.012221 0.038312 0.056897 0.265249 0.191544 0.133866 0.089751 0.177389 0.011231 0.023541 
0.003216 0.045450 0.060866 0.238988 0.200548 0.126653 0.069374 0.166139 0.030989 0.057779 
0.008163 0.019122 0.042836 0.220420 0.190082 0.135751 0.060903 0.175531 0.046193 0.100999 
0.000195 0.028200 0.069445 0.215373 0.150205 0.160158 0.046093 0.208474 0.052224 0.069633 
0.008161 0.033309 0.062595 0.235087 0.162067 0.145978 0.065585 0.165600 0.057940 0.063679 
0.000409 0.024515 0.029661 0.170097 0.129951 0.122213 0.105495 0.049850 0.077667 0.290141 
0.003792 0.019355 0.033744 0.170607 0.122627 0.097532 0.107672 0.054119 0.054016 0.336536 
0.002234 0.024853 0.026945 0.166217 0.119514 0.080556 0.093684 0.097786 0.090693 0.297519 
0.009638 0.042939 0.049350 0.173719 0.119002 0.072516 0.101234 0.084079 0.048869 0.298653 
0.009737 0.047468 0.050521 0.164852 0.119926 0.052874 0.102842 0.068815 0.070599 0.312366 
0.006780 0.014800 0.133915 0.175989 0.145246 0.062708 0.095881 0.104679 0.052418 0.207584 
0.005075 0.032514 0.099876 0.271786 0.089660 0.057551 0.131721 0.045156 0.033693 0.232968 
0.005789 0.025078 0.093800 0.294877 0.087284 0.038842 0.116326 0.067881 0.037939 0.232185 
0.003217 0.014623 0.109143 0.232502 0.087639 0.042553 0.134575 0.066395 0.041531 0.267823 
0.003859 0.017402 0.093182 0.219785 0.097753 0.054165 0.141864 0.074016 0.043715 0.254260 
0.011139 0.038186 0.110624 0.281006 0.090700 0.048576 0.157776 0.073619 0.025874 0.162499 
0.005403 0.031470 0.118665 0.300624 0.094271 0.063718 0.209525 0.065657 0.034129 0.076538 
0.003014 0.018243 0.074911 0.257111 0.093103 0.058386 0.252846 0.072086 0.036405 0.133895 
0.002812 0.016004 0.067659 0.195152 0.073738 0.055959 0.200360 0.089393 0.172152 0.126771 
0.000534 0.018590 0.059467 0.224162 0.072496 0.128659 0.061090 0.191752 0.177658 0.065593 
0.006985 0.058163 0.111362 0.226401 0.055741 0.147196 0.054972 0.194814 0.094017 0.050349 
0.000968 0.009583 0.085918 0.230069 0.049833 0.158566 0.048313 0.206655 0.117984 0.092110 
0.001736 0.026940 0.075107 0.241961 0.054705 0.162010 0.088598 0.194141 0.076780 0.078022 
0.000785 0.013809 0.066269 0.244736 0.038126 0.169755 0.103142 0.249937 0.064916 0.048524 
0.000894 0.024406 0.069526 0.241164 0.053290 0.168526 0.065912 0.242972 0.066940 0.066369 
0.002356 0.018911 0.079440 0.228819 0.055195 0.182564 0.061195 0.233155 0.094246 0.044119 
0.009263 0.025169 0.093125 0.221957 0.052894 0.169405 0.054708 0.230516 0.091740 0.051225 
0.001959 0.018122 0.070449 0.235854 0.047064 0.182216 0.055830 0.236471 0.090262 0.061773 
0.006552 0.018773 0.075463 0.266781 0.037111 0.208558 0.079148 0.192443 0.058972 0.056198 
0.003911 0.021345 0.085998 0.372904 0.083247 0.165472 0.071628 0.110309 0.030548 0.054637 
0.002346 0.032833 0.123633 0.385776 0.099728 0.128054 0.064573 0.100570 0.032532 0.029955 
0.005629 0.016253 0.148330 0.268484 0.078935 0.103418 0.087950 0.138050 0.082173 0.070780 
0.010688 0.046246 0.150527 0.259760 0.048945 0.090026 0.070009 0.123527 0.073634 0.126638 
0.017554 0.065497 0.145351 0.250992 0.049509 0.105335 0.043101 0.134410 0.086057 0.102196 
0.004182 0.049072 0.154681 0.236576 0.060980 0.116857 0.076365 0.159679 0.079501 0.062108 
0.019166 0.043073 0.158063 0.220466 0.053445 0.103858 0.086994 0.165788 0.079113 0.070035 
0.008060 0.026503 0.073113 0.253256 0.053942 0.292018 0.072163 0.140594 0.045448 0.034902 
0.005187 0.015049 0.066007 0.189477 0.045180 0.214234 0.083985 0.275561 0.066170 0.039151 
0.013650 0.031634 0.053613 0.153575 0.029764 0.160806 0.077219 0.330329 0.097221 0.052188 
0.014894 0.012117 0.046519 0.157072 0.059590 0.163080 0.059345 0.344752 0.105956 0.036675 
0.003553 0.020701 0.056106 0.183427 0.063405 0.168390 0.057065 0.299499 0.097547 0.050306 
0.002961 0.012640 0.058050 0.182154 0.035222 0.207137 0.053349 0.310232 0.097883 0.040371 
0.003378 0.021126 0.062534 0.199113 0.055563 0.238500 0.080949 0.269036 0.051417 0.018385 
0.005535 0.018441 0.048215 0.203754 0.087522 0.237159 0.048289 0.236792 0.079769 0.034523 
0.008360 0.027604 0.063831 0.250281 0.088047 0.231183 0.023970 0.189310 0.072435 0.044978 
0.022645 0.027775 0.066515 0.302393 0.056375 0.213453 0.043515 0.173290 0.043753 0.050286 
0.022061 0.027146 0.066676 0.285065 0.040081 0.156555 0.053028 0.182043 0.114567 0.052777 
0.027850 0.047312 0.088250 0.309819 0.068039 0.127850 0.053354 0.168235 0.064544 0.044747 
0.012318 0.042953 0.105455 0.338025 0.100113 0.092172 0.108451 0.086981 0.055678 0.057855 
0.011386 0.026692 0.299321 0.162998 0.162355 0.066328 0.054713 0.081707 0.042562 0.091940 
0.018397 0.059805 0.301403 0.147557 0.080250 0.051143 0.073128 0.080916 0.049583 0.137818 
0.004407 0.046112 0.233265 0.163683 0.094138 0.062098 0.073297 0.133399 0.053296 0.136305 
0.011905 0.044389 0.245764 0.132027 0.099779 0.067847 0.081203 0.137458 0.032830 0.146798 
0.008093 0.033270 0.237513 0.149404 0.097972 0.066018 0.060375 0.168703 0.039415 0.139236 
0.005509 0.056430 0.241956 0.139865 0.096078 0.056680 0.062188 0.143572 0.057690 0.140031 
0.007901 0.060426 0.221956 0.137582 0.112192 0.055849 0.052348 0.131017 0.078021 0.142709 
