Love-Me-Again,John-Newman
0.000000 0.000000 0.000000 0.000000 0.000000 0.000000 0.000000 0.000000 0.000000 0.000000 
0.000000 0.000000 0.000000 0.000000 0.000000 0.000000 0.000000 0.000000 0.000000 0.000000 
0.000000 0.000000 0.000000 0.000000 0.000000 0.000000 0.000000 0.000000 0.000000 0.000000 
0.000000 0.000000 0.000000 0.000000 0.000000 0.000000 0.000000 0.000000 0.000000 0.000000 
0.000000 0.000000 0.000000 0.000000 0.000000 0.000000 0.000000 0.000000 0.000000 0.000000 
0.213279 0.149596 0.069849 0.063966 0.085550 0.079950 0.072022 0.109429 0.083009 0.073349 
0.108856 0.262444 0.230698 0.117747 0.073011 0.059507 0.062101 0.029209 0.037116 0.019311 
0.039730 0.275959 0.196987 0.136744 0.067992 0.067625 0.050388 0.076952 0.052138 0.035485 
0.054481 0.316800 0.175151 0.125503 0.096970 0.041033 0.064595 0.040595 0.056803 0.028069 
0.060855 0.185345 0.284680 0.124286 0.120362 0.047457 0.041625 0.047029 0.048387 0.039974 
0.003604 0.315222 0.272433 0.115220 0.137877 0.047686 0.044905 0.023617 0.022732 0.016704 
0.029051 0.211268 0.276965 0.166800 0.120967 0.044398 0.044113 0.043673 0.035522 0.027244 
0.031552 0.336046 0.186118 0.170796 0.101236 0.052356 0.041045 0.039599 0.015070 0.026184 
0.026060 0.185647 0.303150 0.141620 0.182756 0.044046 0.036784 0.030166 0.024914 0.024857 
0.036353 0.253911 0.263597 0.171480 0.141600 0.038637 0.031072 0.030051 0.018205 0.015094 
0.025030 0.167283 0.259612 0.161955 0.182688 0.071312 0.048011 0.027585 0.037958 0.018567 
0.011649 0.217049 0.337309 0.145360 0.167544 0.038673 0.027622 0.027902 0.011777 0.015114 
0.013054 0.197779 0.275792 0.182168 0.147828 0.068803 0.047328 0.030008 0.018313 0.018925 
0.034213 0.258675 0.277866 0.139909 0.166627 0.045104 0.022480 0.021613 0.018486 0.015026 
0.047343 0.188880 0.252671 0.161843 0.179819 0.061692 0.035374 0.023739 0.027308 0.021331 
0.012255 0.233896 0.257350 0.148168 0.164975 0.077289 0.033562 0.030660 0.025384 0.016462 
0.003510 0.224536 0.287908 0.163004 0.204529 0.045432 0.023304 0.023958 0.011633 0.012186 
0.045980 0.211827 0.274666 0.182782 0.181239 0.041556 0.018505 0.013173 0.015736 0.014537 
0.016771 0.206888 0.276126 0.192858 0.201806 0.043063 0.019642 0.018283 0.014433 0.010131 
0.010818 0.249368 0.291637 0.163096 0.169842 0.038560 0.027859 0.023922 0.018196 0.006702 
0.000484 0.184022 0.266065 0.148261 0.146420 0.080926 0.055159 0.050491 0.041418 0.026753 
0.022955 0.193888 0.277389 0.156293 0.194453 0.055741 0.037723 0.026317 0.021592 0.013648 
0.000062 0.166703 0.368699 0.195190 0.145235 0.043530 0.024593 0.022496 0.022109 0.011382 
0.023812 0.200533 0.353722 0.166081 0.140396 0.044436 0.024157 0.018991 0.013632 0.014241 
0.003720 0.267481 0.329149 0.133159 0.170960 0.044993 0.014209 0.014947 0.012300 0.009082 
0.027003 0.300562 0.265739 0.131186 0.112381 0.052647 0.034280 0.034258 0.025975 0.015969 
0.008170 0.147234 0.386100 0.140815 0.119781 0.066704 0.048395 0.034523 0.028746 0.019530 
0.017450 0.264620 0.342341 0.127160 0.109533 0.043327 0.033014 0.025002 0.023534 0.014018 
0.007450 0.311376 0.304563 0.166657 0.117481 0.038351 0.018986 0.014088 0.012421 0.008629 
0.022043 0.303332 0.319005 0.139617 0.145436 0.024968 0.010178 0.013976 0.011145 0.010300 
0.042515 0.298270 0.297111 0.148579 0.136214 0.031076 0.011601 0.012582 0.011085 0.010966 
0.043827 0.294934 0.179233 0.208356 0.131566 0.054432 0.030057 0.023936 0.021134 0.012525 
0.028054 0.263538 0.333611 0.119154 0.147995 0.043187 0.025008 0.014115 0.015707 0.009632 
0.026633 0.177626 0.278543 0.158398 0.170912 0.072921 0.036566 0.035784 0.024295 0.018322 
0.012603 0.266084 0.322119 0.175004 0.139203 0.040282 0.019121 0.010558 0.010654 0.004371 
0.008952 0.309705 0.331532 0.120293 0.136069 0.040846 0.020985 0.015003 0.008036 0.008579 
0.032685 0.190236 0.297618 0.178763 0.210352 0.043070 0.015548 0.013466 0.008349 0.009913 
0.055990 0.343609 0.200742 0.185272 0.147282 0.028303 0.011916 0.009021 0.010854 0.007010 
0.009839 0.326187 0.287832 0.154647 0.125445 0.042832 0.023697 0.013302 0.009398 0.006822 
0.067108 0.198645 0.318293 0.147345 0.174323 0.046038 0.020088 0.011576 0.007870 0.008714 
0.027699 0.426986 0.226378 0.106397 0.144604 0.021814 0.013999 0.013426 0.010537 0.008160 
0.005656 0.305516 0.260214 0.161330 0.142364 0.038667 0.034219 0.021378 0.017369 0.013287 
0.010716 0.282970 0.276619 0.150258 0.172740 0.043143 0.025990 0.013826 0.014011 0.009728 
0.015536 0.322654 0.276868 0.127391 0.118938 0.053531 0.030913 0.022501 0.017989 0.013680 
0.044667 0.270889 0.251269 0.173823 0.135553 0.050712 0.030610 0.017384 0.015420 0.009673 
0.012823 0.347104 0.246154 0.129752 0.157616 0.044823 0.022647 0.017283 0.012183 0.009614 
0.003182 0.287529 0.240457 0.204745 0.119342 0.051330 0.032030 0.023502 0.022418 0.015465 
0.020295 0.346035 0.255217 0.150820 0.132508 0.042095 0.017679 0.016829 0.012602 0.005919 
0.014051 0.340554 0.220193 0.139890 0.170979 0.047813 0.024120 0.017612 0.014459 0.010329 
0.062136 0.205207 0.276748 0.155216 0.129978 0.060742 0.040153 0.032122 0.020999 0.016698 
0.063972 0.281256 0.304491 0.140119 0.149065 0.022754 0.011587 0.011066 0.009283 0.006408 
0.010104 0.306463 0.251684 0.158653 0.175680 0.048245 0.019324 0.013009 0.008751 0.008088 
0.029648 0.262783 0.241452 0.142901 0.172564 0.062572 0.032539 0.024294 0.017387 0.013860 
0.014735 0.247021 0.305262 0.164910 0.177403 0.033539 0.017950 0.016984 0.012024 0.010172 
0.036864 0.245747 0.366279 0.112649 0.150677 0.048311 0.017122 0.008855 0.005949 0.007548 
0.006629 0.427806 0.161609 0.156539 0.187400 0.026020 0.012275 0.008075 0.005853 0.007792 
0.068192 0.318645 0.218570 0.148257 0.165353 0.039317 0.022207 0.008162 0.005372 0.005925 
0.043646 0.304125 0.284306 0.121407 0.157713 0.032502 0.024122 0.015977 0.006700 0.009502 
0.008283 0.388496 0.141479 0.157886 0.189650 0.053564 0.024450 0.016042 0.009567 0.010582 
0.023248 0.191824 0.396168 0.133334 0.142644 0.047226 0.025878 0.017616 0.011780 0.010283 
0.005117 0.362158 0.286047 0.122125 0.164700 0.029036 0.016893 0.004419 0.002683 0.006823 
0.017515 0.354471 0.323528 0.119635 0.131138 0.017478 0.010979 0.009308 0.007840 0.008108 
0.001254 0.200320 0.405878 0.118044 0.118874 0.059759 0.037391 0.024603 0.018195 0.015682 
0.015895 0.274125 0.354416 0.113134 0.159273 0.037414 0.023448 0.008802 0.003788 0.009706 
0.046154 0.331729 0.242823 0.139582 0.142226 0.048847 0.021288 0.012392 0.007298 0.007661 
0.015672 0.271871 0.304193 0.159581 0.154151 0.028070 0.024661 0.017921 0.013979 0.009900 
0.025351 0.345114 0.307052 0.117062 0.144202 0.020214 0.020462 0.006014 0.006790 0.007739 
0.026322 0.293424 0.277878 0.168878 0.134223 0.039713 0.024369 0.013475 0.012151 0.009566 
0.023935 0.218654 0.374210 0.150623 0.115080 0.043914 0.030302 0.016180 0.015112 0.011990 
0.078894 0.305088 0.294250 0.120417 0.117481 0.033664 0.018000 0.010485 0.011269 0.010452 
0.025353 0.292091 0.264011 0.128427 0.174716 0.049987 0.027372 0.015230 0.013371 0.009442 
0.048429 0.225126 0.382286 0.126289 0.164215 0.010274 0.015059 0.010073 0.011499 0.006750 
0.038064 0.216209 0.310186 0.111932 0.131855 0.067580 0.044943 0.035468 0.025712 0.018051 
0.052797 0.271913 0.259592 0.109222 0.133622 0.060817 0.045994 0.028800 0.020464 0.016778 
0.103405 0.220939 0.293600 0.130095 0.145953 0.036949 0.019851 0.025156 0.015784 0.008266 
0.012197 0.339109 0.257500 0.137633 0.092554 0.048256 0.036572 0.031644 0.025277 0.019260 
0.010931 0.348364 0.272425 0.114669 0.153290 0.035508 0.024533 0.019986 0.009837 0.010458 
0.009756 0.317353 0.268281 0.126682 0.122222 0.044197 0.036750 0.027285 0.027262 0.020212 
0.028765 0.425485 0.172560 0.095241 0.110181 0.065933 0.032805 0.029488 0.023047 0.016496 
0.017998 0.380016 0.226173 0.113719 0.186597 0.028723 0.014478 0.008468 0.014247 0.009579 
0.047819 0.361698 0.259608 0.109871 0.120733 0.034903 0.019487 0.020095 0.015637 0.010149 
0.007704 0.386194 0.198065 0.126194 0.124096 0.038162 0.040446 0.032089 0.027125 0.019926 
0.008144 0.392776 0.266323 0.106041 0.137632 0.030910 0.017611 0.016955 0.013829 0.009778 
0.046767 0.263119 0.284325 0.124893 0.094654 0.060715 0.046105 0.033198 0.026411 0.019813 
0.013285 0.274225 0.335090 0.129232 0.110247 0.041621 0.032346 0.030710 0.021461 0.011784 
0.014212 0.293999 0.267252 0.112635 0.127989 0.069533 0.037040 0.029309 0.029128 0.018903 
0.025352 0.228241 0.404920 0.137621 0.125624 0.032804 0.013994 0.014393 0.009822 0.007229 
0.003500 0.325220 0.258054 0.143192 0.172906 0.034542 0.015867 0.014871 0.017593 0.014255 
0.022398 0.294936 0.311738 0.135937 0.139682 0.043045 0.018638 0.013987 0.011405 0.008235 
0.011279 0.276092 0.251758 0.161678 0.189486 0.036202 0.030178 0.018723 0.015416 0.009188 
0.043109 0.216652 0.282250 0.169289 0.198218 0.041518 0.016844 0.013525 0.010895 0.007700 
0.032835 0.262569 0.291868 0.129594 0.145021 0.053748 0.034903 0.018997 0.016990 0.013475 
0.000190 0.256473 0.278781 0.169061 0.225254 0.029616 0.015468 0.006279 0.010645 0.008233 
0.013368 0.223421 0.284094 0.160627 0.181196 0.048331 0.034512 0.021759 0.017298 0.015393 
0.030748 0.199562 0.291389 0.185539 0.178761 0.054987 0.021241 0.016901 0.012231 0.008640 
0.055376 0.228034 0.253151 0.181347 0.205019 0.032135 0.018599 0.007320 0.009015 0.010003 
0.037275 0.247543 0.328029 0.158503 0.131858 0.045753 0.022681 0.012155 0.008756 0.007448 
0.005812 0.307221 0.275610 0.143364 0.191093 0.040635 0.014265 0.008978 0.004987 0.008036 
0.028417 0.202716 0.226878 0.195829 0.236854 0.029816 0.024960 0.024140 0.018211 0.012177 
0.008365 0.320018 0.249983 0.168399 0.144426 0.050834 0.023733 0.015679 0.009999 0.008563 
0.008650 0.281108 0.203894 0.190482 0.197923 0.038197 0.027367 0.018418 0.021087 0.012876 
0.016076 0.194641 0.286457 0.202171 0.183280 0.056167 0.026648 0.014330 0.008651 0.011579 
0.004203 0.324307 0.272477 0.162509 0.160980 0.032629 0.018253 0.010714 0.007140 0.006789 
0.029407 0.212164 0.295166 0.147583 0.192497 0.050185 0.025473 0.021531 0.014719 0.011276 
0.036918 0.154728 0.272929 0.179855 0.171955 0.074939 0.039203 0.028882 0.023763 0.016829 
0.028771 0.315453 0.238552 0.152343 0.174660 0.031498 0.018181 0.016107 0.013004 0.011430 
0.035955 0.268235 0.295183 0.119364 0.147250 0.050479 0.028052 0.022047 0.017971 0.015466 
0.020623 0.270664 0.262703 0.143384 0.173169 0.056344 0.022692 0.020698 0.018938 0.010784 
0.033192 0.256590 0.290498 0.142730 0.206859 0.016956 0.015766 0.014374 0.014686 0.008350 
0.004508 0.250813 0.300274 0.165862 0.143544 0.054596 0.027234 0.021882 0.017887 0.013400 
0.026498 0.198667 0.250399 0.150858 0.208592 0.059598 0.042165 0.022845 0.025375 0.015003 
0.048103 0.157969 0.341162 0.145578 0.199008 0.044182 0.027082 0.014684 0.013928 0.008306 
0.027160 0.295496 0.295775 0.134474 0.137581 0.042549 0.027657 0.018828 0.012498 0.007981 
0.076912 0.232212 0.258334 0.134237 0.204895 0.033703 0.020252 0.016202 0.013707 0.009547 
0.034678 0.274390 0.266438 0.151197 0.169010 0.043705 0.021980 0.017260 0.012663 0.008679 
0.038034 0.152663 0.358156 0.173443 0.178671 0.031877 0.020146 0.022790 0.014423 0.009797 
0.000300 0.275369 0.242891 0.142891 0.180117 0.061776 0.034102 0.027638 0.019448 0.015469 
0.014259 0.186469 0.305713 0.179757 0.162583 0.057156 0.036947 0.025958 0.016578 0.014579 
0.027972 0.240629 0.298970 0.154615 0.178575 0.040284 0.023990 0.011979 0.012936 0.010049 
0.002887 0.268854 0.254642 0.143719 0.190162 0.052895 0.032682 0.019641 0.019880 0.014638 
0.012446 0.160545 0.286602 0.165493 0.161545 0.075293 0.052249 0.036208 0.031991 0.017629 
0.003810 0.262698 0.303319 0.152446 0.196110 0.032328 0.018818 0.011317 0.010629 0.008524 
0.024968 0.291975 0.258445 0.154504 0.160118 0.047006 0.030517 0.011857 0.009145 0.011465 
0.049198 0.223157 0.237559 0.170297 0.200280 0.049821 0.025426 0.015678 0.015693 0.012890 
0.007046 0.286166 0.296526 0.157674 0.177747 0.031482 0.019341 0.009705 0.007505 0.006808 
0.017761 0.205439 0.295028 0.136679 0.163783 0.064481 0.040146 0.032212 0.025338 0.019134 
0.010135 0.207941 0.271485 0.181256 0.167591 0.054942 0.034856 0.033528 0.023147 0.015119 
0.026462 0.206371 0.304121 0.172544 0.172377 0.050703 0.026559 0.016784 0.014144 0.009934 
0.011143 0.239480 0.255538 0.166123 0.207733 0.050810 0.033601 0.011607 0.012170 0.011795 
0.027186 0.274692 0.203595 0.172487 0.217481 0.046208 0.030817 0.007483 0.010618 0.009433 
0.009800 0.216662 0.297540 0.169804 0.168224 0.058762 0.035405 0.019825 0.014224 0.009753 
0.018204 0.189337 0.252863 0.156306 0.203864 0.067418 0.042214 0.028581 0.025083 0.016130 
0.010629 0.196195 0.260687 0.136911 0.202981 0.075300 0.048669 0.028377 0.023055 0.017196 
0.008061 0.211063 0.230808 0.166164 0.180815 0.079610 0.048173 0.028180 0.030041 0.017085 
0.002052 0.199411 0.294719 0.122632 0.259084 0.052318 0.028369 0.009219 0.020621 0.011577 
0.000206 0.186455 0.255779 0.169126 0.230153 0.061889 0.031530 0.026387 0.024755 0.013720 
0.009675 0.154367 0.301924 0.195365 0.200970 0.059907 0.027228 0.019928 0.018468 0.012167 
0.007308 0.215368 0.250000 0.140926 0.241341 0.055808 0.028341 0.022132 0.026709 0.012066 
0.002508 0.247876 0.242208 0.156056 0.186827 0.068583 0.037835 0.024412 0.020139 0.013557 
0.009559 0.286034 0.266038 0.138523 0.170670 0.051277 0.029619 0.017079 0.020031 0.011171 
0.015255 0.262494 0.319933 0.119440 0.160425 0.043372 0.027689 0.020548 0.019640 0.011203 
0.012904 0.143895 0.303946 0.192835 0.180387 0.066054 0.032841 0.022821 0.027511 0.016806 
0.011459 0.251693 0.326557 0.144492 0.190786 0.030097 0.008587 0.013269 0.012665 0.010396 
0.004042 0.272003 0.268445 0.171384 0.136307 0.062999 0.022787 0.025662 0.024785 0.011586 
0.005883 0.199339 0.314451 0.137455 0.186481 0.056834 0.024578 0.026325 0.031121 0.017536 
0.010282 0.287819 0.287185 0.149246 0.163799 0.036866 0.025808 0.011042 0.018697 0.009257 
0.028897 0.243074 0.260329 0.195336 0.134339 0.051931 0.027372 0.013852 0.030909 0.013960 
0.025663 0.223519 0.295144 0.135707 0.181325 0.047317 0.026068 0.020789 0.027621 0.016848 
0.009234 0.167241 0.281635 0.173323 0.188250 0.060780 0.033015 0.035066 0.036915 0.014540 
0.006892 0.231268 0.282386 0.159120 0.184334 0.042765 0.027052 0.014233 0.038785 0.013164 
0.022668 0.163902 0.345438 0.139672 0.220677 0.031480 0.017539 0.011042 0.033293 0.014289 
0.023069 0.190958 0.287032 0.161556 0.180166 0.063455 0.037841 0.013961 0.033111 0.008849 
0.014176 0.201340 0.256915 0.168505 0.206319 0.041596 0.036631 0.023568 0.036169 0.014781 
0.041175 0.213802 0.265142 0.139387 0.184601 0.052404 0.035309 0.025150 0.028606 0.014425 
0.030841 0.177056 0.269119 0.166963 0.181220 0.066460 0.035717 0.030910 0.027109 0.014605 
0.035149 0.201963 0.265836 0.145384 0.221226 0.037207 0.030173 0.025807 0.017990 0.019264 
0.034495 0.171557 0.296876 0.186198 0.196138 0.046230 0.024286 0.012476 0.009896 0.021849 
0.001167 0.200122 0.245439 0.214352 0.209123 0.047614 0.020441 0.017549 0.015860 0.028333 
0.008516 0.197337 0.288842 0.154633 0.195140 0.048672 0.032778 0.022092 0.027528 0.024461 
0.023047 0.226185 0.294828 0.149839 0.165216 0.041493 0.037273 0.017401 0.023484 0.021234 
0.024211 0.250812 0.258254 0.130334 0.196557 0.042959 0.027591 0.017356 0.022543 0.029384 
0.021031 0.212819 0.305510 0.155271 0.161345 0.038261 0.030758 0.025713 0.028778 0.020514 
0.028819 0.243644 0.292127 0.142958 0.158600 0.041209 0.031095 0.022365 0.018037 0.021148 
0.018919 0.185359 0.327652 0.142800 0.207790 0.033618 0.021935 0.013506 0.022669 0.025752 
0.010152 0.227824 0.294477 0.165708 0.136506 0.051219 0.030023 0.037210 0.026960 0.019922 
0.006673 0.213569 0.319649 0.118099 0.196846 0.044312 0.027984 0.037867 0.019446 0.015555 
0.015780 0.184554 0.305954 0.173247 0.217059 0.030981 0.011575 0.031664 0.015353 0.013834 
0.001114 0.209483 0.303125 0.178310 0.129097 0.058485 0.039236 0.040058 0.023978 0.017114 
0.040698 0.200627 0.276716 0.152544 0.176737 0.046992 0.030849 0.043979 0.020579 0.010278 
0.045752 0.210895 0.262534 0.147269 0.187855 0.047973 0.027185 0.032128 0.020064 0.018345 
0.004244 0.199871 0.271675 0.173648 0.172259 0.053516 0.038804 0.041808 0.023881 0.020296 
0.025263 0.181663 0.251597 0.175923 0.219944 0.039562 0.020098 0.041126 0.024086 0.020737 
0.007398 0.204482 0.253380 0.174225 0.187671 0.063613 0.025999 0.050648 0.014548 0.018037 
0.013277 0.199987 0.293486 0.175943 0.196943 0.032102 0.015733 0.041151 0.018961 0.012416 
0.006322 0.194966 0.279573 0.144978 0.165809 0.061245 0.042862 0.051879 0.022767 0.029600 
0.016253 0.201284 0.215144 0.147450 0.195801 0.076676 0.043513 0.046858 0.035202 0.021819 
0.010635 0.201225 0.290529 0.163015 0.199094 0.045700 0.022011 0.028919 0.020409 0.018462 
0.020243 0.141196 0.311208 0.158746 0.184427 0.064461 0.038354 0.037563 0.020776 0.023026 
0.021629 0.219385 0.239009 0.151978 0.186819 0.062348 0.040721 0.032078 0.027068 0.018964 
0.021374 0.192545 0.238077 0.175527 0.220938 0.048075 0.034260 0.034876 0.016577 0.017752 
0.011198 0.143914 0.372197 0.139272 0.125915 0.071296 0.057133 0.028764 0.027807 0.022503 
0.016590 0.200485 0.214569 0.152230 0.229196 0.058030 0.031206 0.044832 0.029615 0.023247 
0.009828 0.180346 0.297855 0.157000 0.195638 0.048315 0.020479 0.055837 0.020612 0.014090 
0.013624 0.198231 0.279519 0.166475 0.164659 0.044360 0.014418 0.063811 0.035991 0.018914 
0.030876 0.194051 0.212191 0.154620 0.220131 0.051398 0.024454 0.072293 0.021856 0.018129 
0.018731 0.140620 0.239747 0.175551 0.199375 0.077612 0.039740 0.070811 0.023968 0.013845 
0.015045 0.210047 0.251054 0.152091 0.175674 0.063450 0.026879 0.064715 0.028876 0.012171 
0.019831 0.161637 0.216052 0.183337 0.210109 0.066436 0.041863 0.051073 0.031290 0.018374 
0.015973 0.210206 0.240628 0.149800 0.173134 0.066623 0.040655 0.066999 0.023591 0.012391 
0.011333 0.162547 0.256855 0.183278 0.212218 0.065191 0.020708 0.053850 0.022161 0.011860 
0.037572 0.152674 0.218175 0.169915 0.190769 0.092488 0.039897 0.041422 0.038507 0.018582 
0.010661 0.181762 0.247076 0.186969 0.195056 0.065143 0.028327 0.040013 0.028481 0.016512 
0.016538 0.204073 0.243241 0.179352 0.222687 0.035730 0.024390 0.039258 0.021777 0.012956 
0.017098 0.092092 0.312200 0.156297 0.197945 0.060080 0.030620 0.058817 0.044265 0.030586 
0.005762 0.227073 0.230648 0.168458 0.221419 0.058575 0.030252 0.028689 0.018923 0.010203 
0.026834 0.232708 0.235423 0.155127 0.164630 0.054655 0.047282 0.037573 0.028398 0.017369 
0.021494 0.209639 0.228989 0.151706 0.189580 0.071236 0.042472 0.042347 0.027389 0.015149 
0.000625 0.178151 0.266582 0.145674 0.215559 0.041547 0.023465 0.079192 0.029632 0.019572 
0.000641 0.205725 0.296268 0.157923 0.144688 0.053573 0.019666 0.070966 0.036570 0.013981 
0.031654 0.188788 0.262492 0.165477 0.159927 0.037909 0.022232 0.056525 0.064071 0.010925 
0.039967 0.227505 0.193979 0.170860 0.190807 0.047339 0.020780 0.050059 0.047473 0.011232 
0.000402 0.213209 0.216693 0.261488 0.131549 0.039643 0.026896 0.049781 0.036216 0.024123 
0.018246 0.165355 0.296917 0.173705 0.127835 0.057213 0.036061 0.066260 0.041255 0.017154 
0.004309 0.181509 0.242477 0.176307 0.166751 0.053759 0.056909 0.071613 0.031038 0.015328 
0.034996 0.255090 0.222045 0.206340 0.119453 0.029239 0.043103 0.045368 0.029438 0.014926 
0.004953 0.180979 0.270048 0.161647 0.173119 0.041006 0.067363 0.045214 0.031673 0.023998 
0.034244 0.209062 0.236920 0.168277 0.162825 0.053914 0.054091 0.019051 0.044772 0.016845 
0.003626 0.185563 0.230051 0.187056 0.172540 0.059163 0.067770 0.029217 0.033412 0.031602 
0.024111 0.169705 0.221317 0.143051 0.177043 0.061578 0.088783 0.045970 0.024360 0.044082 
0.014970 0.190686 0.244798 0.101211 0.155274 0.082885 0.081062 0.032842 0.031805 0.064467 
0.004903 0.244317 0.205327 0.136175 0.187522 0.027935 0.073195 0.047802 0.026493 0.046331 
0.023326 0.159580 0.289656 0.105753 0.161390 0.040671 0.067108 0.057913 0.050310 0.044292 
0.015043 0.174119 0.282317 0.095184 0.167490 0.038520 0.091466 0.045023 0.049335 0.041504 
0.003877 0.173460 0.262662 0.147920 0.171424 0.027625 0.083765 0.046820 0.039572 0.042874 
0.000739 0.119233 0.264966 0.190691 0.136712 0.042578 0.087404 0.051651 0.049421 0.056605 
0.014745 0.227240 0.234336 0.141918 0.157156 0.027468 0.068471 0.052788 0.040523 0.035357 
0.003124 0.176378 0.171798 0.218981 0.184135 0.031953 0.057072 0.062322 0.047727 0.046510 
0.015305 0.209662 0.190803 0.138910 0.111002 0.060834 0.116028 0.065440 0.031550 0.060466 
0.009867 0.209338 0.272096 0.106584 0.150127 0.040646 0.066502 0.073610 0.034532 0.036696 
0.033221 0.147139 0.246831 0.158172 0.150083 0.041336 0.128501 0.048223 0.018389 0.028104 
0.016846 0.144650 0.240752 0.142988 0.138783 0.043364 0.143580 0.063507 0.033105 0.032424 
0.006038 0.066686 0.231780 0.202705 0.179488 0.084945 0.103342 0.032849 0.034760 0.057408 
0.008695 0.202457 0.203543 0.172342 0.132303 0.062804 0.108212 0.035084 0.032401 0.042159 
0.012568 0.186197 0.224253 0.193686 0.138715 0.037149 0.075150 0.060369 0.044433 0.027480 
0.023072 0.236935 0.264094 0.143788 0.142605 0.020854 0.062120 0.037965 0.033147 0.035420 
0.002546 0.189759 0.276928 0.178894 0.150555 0.037939 0.045593 0.029479 0.037874 0.050433 
0.006384 0.205866 0.259363 0.145084 0.151832 0.035404 0.090196 0.042713 0.030484 0.032675 
0.005596 0.259550 0.231750 0.163128 0.140393 0.039595 0.051260 0.029690 0.047700 0.031338 
0.045955 0.104988 0.250688 0.168881 0.196939 0.051922 0.066378 0.040434 0.038879 0.034936 
0.006812 0.201991 0.239791 0.147706 0.154105 0.042679 0.127845 0.044476 0.018344 0.016252 
0.010659 0.239038 0.223456 0.180152 0.138390 0.053212 0.061435 0.036454 0.031302 0.025901 
0.009288 0.152860 0.239952 0.168212 0.208385 0.033738 0.089882 0.048612 0.024578 0.024493 
0.003909 0.169146 0.161386 0.198473 0.127720 0.078378 0.160366 0.044260 0.021440 0.034921 
0.009769 0.120019 0.135959 0.263542 0.132232 0.050014 0.167742 0.057155 0.023368 0.040199 
0.005277 0.158249 0.147783 0.216006 0.144096 0.029198 0.173138 0.060916 0.035563 0.029775 
0.012122 0.127280 0.139232 0.201037 0.132156 0.049274 0.202589 0.062276 0.043886 0.030148 
0.009730 0.105926 0.183589 0.155276 0.133547 0.079645 0.203530 0.037754 0.033102 0.057901 
0.007844 0.162804 0.152187 0.140576 0.131647 0.063554 0.178455 0.057743 0.032508 0.072682 
0.003830 0.113701 0.224749 0.131380 0.087165 0.059362 0.124782 0.075965 0.057488 0.121577 
0.023392 0.143808 0.165837 0.141425 0.138739 0.049087 0.115449 0.055944 0.042170 0.124147 
0.008957 0.171610 0.210055 0.181171 0.133521 0.032502 0.117958 0.052272 0.035206 0.056747 
0.026587 0.138754 0.199336 0.237792 0.156617 0.016658 0.073280 0.059683 0.029033 0.062260 
0.000316 0.168037 0.161118 0.190351 0.160179 0.058617 0.119171 0.038820 0.033196 0.070195 
0.018900 0.129599 0.137421 0.263064 0.139416 0.063117 0.146841 0.037971 0.021032 0.042639 
0.001807 0.123847 0.156289 0.198434 0.138756 0.037695 0.175805 0.059361 0.039394 0.068611 
0.007815 0.101946 0.134608 0.175924 0.117556 0.051934 0.217318 0.059468 0.055793 0.077638 
0.019996 0.126703 0.204025 0.116213 0.117484 0.066646 0.200534 0.058162 0.054132 0.036105 
0.004918 0.135410 0.170642 0.201180 0.173380 0.028769 0.123613 0.051436 0.054373 0.056278 
0.001843 0.140154 0.206350 0.177607 0.158519 0.062301 0.105319 0.043487 0.069403 0.035016 
0.015577 0.177259 0.208825 0.140361 0.181375 0.041282 0.067087 0.038750 0.047848 0.081637 
0.010466 0.115953 0.182454 0.156317 0.117298 0.057583 0.151542 0.045164 0.053471 0.109753 
0.007157 0.164030 0.169048 0.153265 0.110925 0.045691 0.169011 0.062166 0.054548 0.064160 
0.012919 0.112666 0.141579 0.235178 0.161739 0.033114 0.156397 0.065135 0.042745 0.038529 
0.015867 0.096455 0.142967 0.252652 0.131167 0.038094 0.151804 0.071148 0.047382 0.052463 
0.000868 0.114432 0.151804 0.201633 0.115006 0.045423 0.190478 0.094396 0.052443 0.033519 
0.002240 0.108718 0.177243 0.187184 0.120562 0.042563 0.161656 0.051105 0.093075 0.055652 
0.005825 0.126610 0.174513 0.200685 0.117935 0.028839 0.145052 0.082741 0.066013 0.051786 
0.002840 0.131870 0.155378 0.163897 0.125854 0.031037 0.185963 0.081669 0.059969 0.061522 
0.006589 0.142881 0.150053 0.137818 0.154216 0.034484 0.154364 0.039137 0.063123 0.117335 
0.014266 0.102523 0.176461 0.107268 0.103343 0.064748 0.159012 0.069637 0.099446 0.103297 
0.010324 0.119290 0.149547 0.144491 0.158123 0.032646 0.127500 0.082556 0.060274 0.115249 
0.006380 0.160879 0.175736 0.154982 0.170334 0.039826 0.082933 0.050690 0.064339 0.093900 
0.012914 0.110198 0.175400 0.154567 0.171236 0.040054 0.098981 0.046070 0.091797 0.098784 
0.000376 0.130170 0.185051 0.156934 0.137261 0.046325 0.124295 0.050080 0.066343 0.103167 
0.012924 0.166084 0.180813 0.182114 0.115609 0.048114 0.108127 0.044207 0.067796 0.074212 
0.007628 0.167462 0.205790 0.100380 0.164660 0.066319 0.139472 0.040031 0.049084 0.059174 
0.002413 0.165863 0.192208 0.190250 0.114973 0.037781 0.133339 0.057510 0.051088 0.054575 
0.018126 0.166507 0.188461 0.097856 0.156243 0.063574 0.090961 0.105584 0.071791 0.040895 
0.028737 0.165564 0.191333 0.083069 0.197483 0.091050 0.074391 0.045702 0.070671 0.051998 
0.007833 0.139058 0.181803 0.062908 0.142141 0.057257 0.168616 0.102775 0.067716 0.069893 
0.006056 0.093372 0.147837 0.064050 0.191659 0.073968 0.101067 0.091728 0.095873 0.134390 
0.004031 0.118099 0.132675 0.107058 0.136874 0.068676 0.144601 0.135700 0.092315 0.059972 
0.012109 0.109847 0.127395 0.110016 0.124823 0.038047 0.190248 0.091093 0.127514 0.068908 
0.019896 0.080863 0.152815 0.097681 0.132114 0.069676 0.112314 0.149575 0.095022 0.090044 
0.007195 0.144694 0.086105 0.086261 0.101225 0.097636 0.131634 0.164164 0.120664 0.060421 
0.003012 0.151609 0.092803 0.125943 0.145024 0.054067 0.192490 0.115902 0.061221 0.057928 
0.019427 0.101009 0.126667 0.121147 0.108873 0.051340 0.127793 0.123597 0.110771 0.109376 
0.009523 0.100914 0.128893 0.086276 0.064073 0.059985 0.147075 0.138672 0.160227 0.104363 
0.001150 0.112923 0.146241 0.120545 0.111687 0.061374 0.144691 0.098187 0.139251 0.063951 
0.001579 0.134814 0.171100 0.139018 0.113465 0.071548 0.164266 0.046911 0.087683 0.069616 
0.004160 0.089285 0.123199 0.147153 0.076879 0.102118 0.231147 0.093964 0.056649 0.075445 
0.015863 0.098756 0.140299 0.122917 0.119155 0.063811 0.214722 0.050543 0.093965 0.079969 
0.015122 0.153379 0.112849 0.118259 0.082273 0.081066 0.147942 0.097256 0.052043 0.139811 
0.039706 0.103268 0.176590 0.101128 0.118216 0.034439 0.171430 0.074058 0.093542 0.087623 
0.024373 0.133910 0.119045 0.117000 0.162271 0.045457 0.079702 0.110717 0.103768 0.103756 
0.005276 0.101525 0.179406 0.090833 0.163198 0.061864 0.131859 0.113037 0.074379 0.078623 
0.015566 0.119980 0.176544 0.111448 0.089746 0.072317 0.088252 0.168198 0.079041 0.078908 
0.004535 0.107543 0.133108 0.120099 0.167836 0.063432 0.120692 0.105902 0.076523 0.100330 
0.004236 0.139294 0.196937 0.149967 0.127601 0.050573 0.066040 0.087431 0.100529 0.077391 
0.022379 0.168327 0.127949 0.148892 0.135200 0.066539 0.059213 0.106094 0.081044 0.084364 
0.042816 0.247802 0.154428 0.086737 0.099670 0.070682 0.072495 0.067627 0.094214 0.063530 
0.021041 0.240479 0.161516 0.077050 0.079930 0.058369 0.108554 0.128109 0.070453 0.054499 
0.003786 0.178342 0.192604 0.077994 0.075542 0.093955 0.110895 0.090430 0.086446 0.090006 
0.016935 0.217591 0.193642 0.084647 0.090967 0.052549 0.110121 0.116423 0.068516 0.048609 
0.000158 0.140499 0.211498 0.118002 0.121373 0.054566 0.127464 0.099302 0.106542 0.020597 
0.016275 0.180793 0.243387 0.081518 0.067557 0.049548 0.134297 0.108110 0.085173 0.033342 
0.063160 0.259395 0.182705 0.096869 0.067140 0.032100 0.092635 0.084456 0.071952 0.049589 
0.018717 0.227926 0.171245 0.110920 0.091090 0.062100 0.111425 0.084189 0.093386 0.029002 
0.011392 0.244480 0.142698 0.199180 0.102129 0.069676 0.064662 0.054090 0.072286 0.039407 
0.004199 0.150115 0.256476 0.155202 0.138073 0.068927 0.066347 0.079757 0.034901 0.046005 
0.004414 0.106296 0.164537 0.095689 0.122038 0.087797 0.140632 0.083411 0.142738 0.052448 
0.001432 0.080314 0.140093 0.080306 0.109687 0.075602 0.237651 0.087233 0.118161 0.069521 
0.001187 0.099958 0.158683 0.069990 0.103588 0.062003 0.182094 0.101884 0.168018 0.052593 
0.017003 0.121813 0.165171 0.046317 0.080691 0.054868 0.116827 0.137304 0.139435 0.120571 
0.001518 0.187522 0.196505 0.053341 0.063400 0.061391 0.102213 0.079014 0.109421 0.145675 
0.000014 0.226070 0.178048 0.107288 0.058640 0.101711 0.057412 0.078854 0.124083 0.067880 
0.022062 0.234475 0.194805 0.108475 0.052153 0.056737 0.102087 0.063911 0.104105 0.061190 
0.024780 0.154374 0.234243 0.087457 0.083454 0.068047 0.100136 0.107869 0.067820 0.071821 
0.026476 0.172789 0.222414 0.085357 0.054309 0.109398 0.094338 0.065521 0.077176 0.092222 
0.007898 0.149262 0.187613 0.162787 0.092634 0.105769 0.149421 0.044114 0.051673 0.048830 
0.010158 0.093718 0.104692 0.183363 0.049322 0.234176 0.098719 0.088784 0.073029 0.064038 
0.008720 0.115761 0.122765 0.093180 0.061134 0.131820 0.096410 0.218677 0.057102 0.094430 
0.001909 0.114446 0.217192 0.058688 0.091683 0.067936 0.192662 0.080652 0.128827 0.046005 
0.010474 0.119438 0.214983 0.069886 0.094154 0.045493 0.119834 0.079444 0.179710 0.066586 
0.013649 0.097943 0.207685 0.103848 0.105422 0.040007 0.130227 0.065054 0.161279 0.074885 
0.015346 0.115445 0.202266 0.121263 0.129940 0.038945 0.151666 0.042847 0.109708 0.072574 
0.010407 0.098477 0.247591 0.127339 0.202669 0.058980 0.082831 0.050372 0.062763 0.058572 
0.007993 0.165634 0.301512 0.126677 0.080748 0.081851 0.075306 0.050238 0.053779 0.056261 
0.015221 0.197619 0.220309 0.086875 0.079545 0.100526 0.086305 0.078887 0.088836 0.045877 
0.000840 0.104086 0.218036 0.070815 0.130294 0.061856 0.167595 0.094976 0.077415 0.074086 
0.009531 0.085224 0.169708 0.041032 0.070936 0.041969 0.171894 0.109572 0.230041 0.070091 
0.011647 0.086463 0.126306 0.083125 0.081941 0.037217 0.106687 0.233272 0.090170 0.143172 
0.002567 0.060768 0.128880 0.064034 0.069005 0.035149 0.074969 0.140591 0.172111 0.251925 
0.000358 0.053540 0.149337 0.063577 0.062497 0.033204 0.117041 0.145378 0.206787 0.168281 
0.005690 0.081815 0.146185 0.082254 0.062448 0.035727 0.094015 0.105707 0.237388 0.148770 
0.000490 0.082535 0.125518 0.116543 0.070855 0.041993 0.080915 0.126841 0.156725 0.197586 
0.006128 0.082819 0.161458 0.083423 0.082680 0.046088 0.070799 0.093074 0.135992 0.237540 
0.017770 0.122389 0.178053 0.094043 0.088104 0.033723 0.078777 0.108465 0.061951 0.216726 
0.021341 0.136831 0.235811 0.128501 0.099550 0.093146 0.047875 0.060959 0.102248 0.073738 
0.001157 0.119351 0.166645 0.134224 0.108669 0.073103 0.103798 0.105023 0.085449 0.102582 
0.004908 0.079662 0.258915 0.134135 0.109428 0.056200 0.104655 0.096778 0.104294 0.051027 
0.017934 0.147004 0.234878 0.120975 0.098414 0.040096 0.064332 0.088982 0.117532 0.069854 
0.041122 0.189014 0.183060 0.087382 0.115684 0.027796 0.049911 0.104268 0.060231 0.141532 
0.028382 0.149707 0.209490 0.078806 0.137807 0.032607 0.071734 0.085388 0.145005 0.061074 
0.001778 0.139025 0.231704 0.063133 0.161816 0.030560 0.056637 0.129230 0.105530 0.080587 
0.017353 0.143054 0.187835 0.093879 0.155070 0.057275 0.061164 0.076847 0.121731 0.085792 
0.015999 0.106276 0.210257 0.117362 0.155645 0.031633 0.067774 0.083996 0.109015 0.102043 
0.010843 0.164053 0.162734 0.100606 0.157156 0.054814 0.063062 0.073907 0.067119 0.145705 
0.001933 0.157452 0.190262 0.101445 0.177824 0.072021 0.051919 0.080897 0.079994 0.086254 
0.005819 0.091544 0.177508 0.119810 0.246536 0.060238 0.082126 0.073175 0.066573 0.076670 
0.004861 0.140220 0.146462 0.110332 0.214238 0.066886 0.159079 0.049583 0.055721 0.052618 
0.001507 0.124961 0.137028 0.088831 0.119347 0.072012 0.161686 0.087799 0.173792 0.033036 
0.015096 0.129096 0.166727 0.089466 0.154891 0.062926 0.107181 0.067747 0.132985 0.073884 
0.006953 0.188077 0.180820 0.110712 0.126741 0.080354 0.046583 0.080256 0.076361 0.103145 
0.007003 0.196256 0.177342 0.133855 0.080709 0.068064 0.051754 0.095218 0.101482 0.088315 
0.026418 0.114158 0.109842 0.088093 0.053764 0.309670 0.100744 0.073118 0.083806 0.040387 
0.026692 0.127781 0.126769 0.056458 0.074531 0.063939 0.113676 0.162910 0.151165 0.096078 
0.001271 0.158864 0.205686 0.077397 0.121225 0.056452 0.092533 0.069423 0.128623 0.088527 
0.021608 0.183896 0.202934 0.100419 0.120352 0.074301 0.070959 0.077238 0.103846 0.044447 
0.027471 0.195723 0.232055 0.058904 0.103542 0.019925 0.066876 0.112225 0.111047 0.072232 
0.015063 0.092040 0.190518 0.089640 0.139874 0.074442 0.122066 0.063258 0.111725 0.101373 
0.003508 0.126769 0.122604 0.120773 0.064417 0.061016 0.101238 0.081179 0.104472 0.214024 
0.014207 0.120763 0.126526 0.111992 0.065799 0.066730 0.078006 0.069045 0.158033 0.188899 
0.005448 0.139272 0.147923 0.107047 0.096813 0.078700 0.082153 0.090646 0.193580 0.058418 
0.004132 0.167656 0.149045 0.077882 0.094946 0.044766 0.131804 0.081086 0.180113 0.068569 
0.001814 0.129625 0.163909 0.097008 0.102365 0.097487 0.057904 0.072624 0.227128 0.050135 
0.011612 0.139578 0.160278 0.156729 0.096432 0.021308 0.089474 0.103423 0.160427 0.060737 
0.000325 0.218359 0.165193 0.135329 0.131834 0.048095 0.086768 0.088823 0.084271 0.041003 
0.013610 0.220957 0.219051 0.116646 0.076525 0.025145 0.096624 0.104381 0.083474 0.043587 
0.027963 0.193605 0.209787 0.125224 0.074705 0.037230 0.084909 0.094120 0.071793 0.080664 
0.006134 0.127997 0.159938 0.108530 0.153076 0.073056 0.142862 0.125545 0.074594 0.028268 
0.006581 0.083452 0.161387 0.052201 0.086000 0.067757 0.118962 0.204220 0.068429 0.151011 
0.022707 0.098752 0.170552 0.054066 0.062663 0.050134 0.126526 0.209496 0.073908 0.131195 
0.026086 0.117154 0.167467 0.042978 0.102161 0.074422 0.107952 0.229272 0.090245 0.042262 
0.012186 0.087674 0.189981 0.039592 0.094947 0.061403 0.265935 0.097280 0.091967 0.059035 
0.001934 0.103703 0.140881 0.048845 0.118764 0.088995 0.234280 0.156373 0.073999 0.032226 
0.019268 0.094314 0.145496 0.045001 0.141669 0.037924 0.232230 0.143376 0.066739 0.073981 
0.017476 0.097471 0.177563 0.048755 0.148650 0.058160 0.215123 0.125375 0.052745 0.058682 
0.001042 0.132130 0.222619 0.070543 0.210072 0.094763 0.103977 0.066052 0.041930 0.056871 
0.008420 0.132063 0.171117 0.134973 0.213325 0.080133 0.107525 0.065166 0.046572 0.040707 
0.021031 0.135737 0.210460 0.124156 0.130802 0.090146 0.110160 0.059345 0.064305 0.053858 
0.002694 0.123503 0.216063 0.086900 0.148680 0.073236 0.101897 0.099834 0.099432 0.047759 
0.011653 0.093990 0.134025 0.087281 0.117126 0.075611 0.120454 0.190066 0.079532 0.090260 
0.014695 0.103821 0.164686 0.095891 0.111236 0.122638 0.092761 0.159318 0.069187 0.065768 
0.038070 0.087933 0.170254 0.132058 0.085727 0.092496 0.156833 0.077092 0.075502 0.084036 
0.010219 0.128996 0.172863 0.133624 0.086282 0.081840 0.173041 0.094266 0.054327 0.064543 
0.011813 0.104558 0.188005 0.184704 0.082159 0.066688 0.134067 0.103163 0.073264 0.051578 
0.007827 0.079945 0.240541 0.162933 0.100283 0.035206 0.108105 0.104316 0.060551 0.100293 
0.011940 0.125094 0.196529 0.148901 0.122301 0.050931 0.104595 0.103894 0.065994 0.069821 
0.018530 0.113828 0.198325 0.155822 0.144159 0.073694 0.106558 0.079223 0.060008 0.049852 
0.005451 0.089667 0.163639 0.052576 0.126905 0.178983 0.064889 0.229610 0.050421 0.037857 
0.012074 0.079358 0.115025 0.106994 0.127091 0.029137 0.107896 0.081781 0.269715 0.070928 
0.004731 0.072549 0.144971 0.095656 0.091442 0.049428 0.113883 0.050866 0.268232 0.108242 
0.007344 0.099897 0.181354 0.129879 0.063001 0.075129 0.186174 0.085972 0.090947 0.080302 
0.020793 0.105783 0.162465 0.123348 0.066001 0.108629 0.086629 0.087273 0.137848 0.101231 
0.008161 0.085576 0.094415 0.101713 0.104319 0.126411 0.120816 0.129393 0.095730 0.133465 
0.018608 0.075386 0.118127 0.125782 0.071498 0.083899 0.157548 0.106938 0.182381 0.059833 
0.003948 0.089384 0.150745 0.181646 0.102608 0.089567 0.118986 0.022224 0.179372 0.061519 
0.015535 0.115392 0.173516 0.155639 0.111315 0.095876 0.101096 0.073527 0.092567 0.065537 
0.018002 0.118090 0.210657 0.118511 0.113827 0.082837 0.091131 0.106422 0.079507 0.061015 
0.003658 0.094525 0.121913 0.201325 0.107298 0.168122 0.084026 0.094914 0.052716 0.071503 
0.003095 0.061938 0.097028 0.123251 0.099312 0.250763 0.072269 0.147450 0.091346 0.053547 
0.011115 0.103584 0.093306 0.070404 0.088161 0.111874 0.070689 0.253966 0.125462 0.071438 
0.015355 0.077096 0.124740 0.097291 0.078850 0.093507 0.150509 0.064322 0.238353 0.059976 
0.008757 0.106463 0.142079 0.094842 0.078990 0.064069 0.168625 0.059407 0.223622 0.053146 
0.007047 0.123756 0.196202 0.131207 0.079556 0.102498 0.073309 0.053330 0.166704 0.066390 
0.016234 0.077896 0.180445 0.087834 0.148606 0.063364 0.187229 0.079236 0.126688 0.032468 
0.002012 0.072695 0.098815 0.047403 0.128841 0.091610 0.314573 0.060748 0.107207 0.076097 
0.009068 0.082201 0.137393 0.037045 0.101990 0.135905 0.238862 0.108600 0.073504 0.075432 
0.000480 0.076543 0.131815 0.071127 0.147870 0.090566 0.232519 0.074692 0.084911 0.089478 
0.009240 0.063098 0.130133 0.106248 0.118034 0.099006 0.251190 0.107674 0.046821 0.068556 
0.013232 0.070090 0.126676 0.087027 0.153751 0.128344 0.225132 0.103351 0.052935 0.039463 
0.004147 0.069964 0.168793 0.077562 0.193006 0.068723 0.225795 0.090757 0.052337 0.048916 
0.010637 0.051442 0.162672 0.083050 0.210152 0.075251 0.185484 0.068178 0.113222 0.039911 
0.002018 0.112291 0.178163 0.098699 0.115196 0.097595 0.114581 0.046378 0.118618 0.116461 
0.006949 0.166964 0.185295 0.093443 0.062228 0.117373 0.136561 0.067629 0.062111 0.101447 
0.009847 0.127682 0.180867 0.078343 0.131242 0.145060 0.104183 0.100712 0.050611 0.071452 
0.001537 0.087365 0.231662 0.204073 0.062793 0.111795 0.138785 0.060872 0.060945 0.040172 
0.005170 0.062168 0.089464 0.146480 0.141200 0.306019 0.071126 0.081812 0.045613 0.050948 
0.000637 0.069660 0.115611 0.074003 0.263083 0.084607 0.187436 0.055747 0.079544 0.069673 
0.005778 0.064477 0.094547 0.106839 0.083886 0.241186 0.125241 0.087493 0.047610 0.142942 
0.019613 0.057669 0.081971 0.075563 0.140480 0.271565 0.115020 0.083303 0.048479 0.106337 
0.006589 0.119389 0.196885 0.066892 0.124272 0.221706 0.063755 0.038542 0.050238 0.111734 
0.015541 0.096781 0.154639 0.066926 0.198494 0.094464 0.083678 0.049755 0.134787 0.104934 
0.005814 0.099484 0.169998 0.082654 0.288102 0.035369 0.070822 0.056325 0.140260 0.051172 
0.004730 0.092478 0.219434 0.052307 0.236987 0.042332 0.084579 0.097991 0.118950 0.050211 
0.009174 0.095477 0.260927 0.043290 0.255290 0.049363 0.074839 0.043549 0.121683 0.046408 
0.009732 0.124510 0.278156 0.054294 0.189035 0.040256 0.114733 0.044032 0.105393 0.039860 
0.010318 0.103884 0.249330 0.048236 0.208283 0.081860 0.080950 0.072742 0.069643 0.074754 
0.015585 0.135514 0.210436 0.065055 0.247658 0.087701 0.091703 0.058811 0.051900 0.035637 
0.013528 0.139464 0.217738 0.090247 0.178770 0.094741 0.041177 0.095831 0.062940 0.065564 
0.009255 0.153678 0.174323 0.056831 0.122834 0.162153 0.086616 0.105844 0.058849 0.069616 
0.010078 0.135148 0.178593 0.040696 0.172487 0.093622 0.097767 0.156049 0.042063 0.073497 
0.007351 0.153283 0.168163 0.074825 0.186705 0.063599 0.059089 0.091044 0.108002 0.087937 
0.013842 0.190654 0.202260 0.058683 0.162960 0.045378 0.080677 0.084728 0.118478 0.042340 
0.011088 0.223875 0.215395 0.025612 0.148063 0.057335 0.073178 0.107456 0.071998 0.066001 
0.001948 0.168965 0.208833 0.060201 0.131357 0.066141 0.085578 0.098904 0.127941 0.050132 
0.001474 0.205871 0.203689 0.044947 0.138366 0.048301 0.061384 0.108879 0.155357 0.031732 
0.005963 0.173852 0.228014 0.054714 0.124094 0.058660 0.063614 0.120033 0.097970 0.073086 
0.006839 0.216985 0.190560 0.101551 0.072124 0.056361 0.112567 0.092006 0.088858 0.062149 
0.002664 0.237179 0.200677 0.155876 0.094563 0.043324 0.076482 0.073933 0.076854 0.038447 
0.014950 0.230866 0.165447 0.145886 0.083528 0.078396 0.056647 0.101097 0.083712 0.039471 
0.002471 0.211137 0.170780 0.140596 0.117626 0.070049 0.084789 0.064251 0.080962 0.057340 
0.011519 0.206583 0.132346 0.154624 0.084387 0.065661 0.148657 0.076328 0.045538 0.074356 
