Love Me Harder, Ariana Grande
0.000000 0.000000 0.000000 0.000000 0.000000 0.000000 0.000000 0.000000 0.000000 0.000000 
0.149879 0.148440 0.072114 0.080533 0.104782 0.055655 0.076186 0.109674 0.120541 0.082195 
0.015974 0.108204 0.159400 0.135166 0.110003 0.091608 0.131451 0.113448 0.061712 0.073033 
0.062187 0.096643 0.068931 0.069647 0.089867 0.136001 0.113065 0.153214 0.153237 0.057208 
0.033368 0.179556 0.105173 0.069857 0.097530 0.109573 0.111636 0.096730 0.124374 0.072204 
0.050604 0.154695 0.105298 0.080883 0.099872 0.091531 0.105775 0.104044 0.104348 0.102950 
0.025922 0.149763 0.121423 0.116726 0.094400 0.054853 0.127256 0.094585 0.119446 0.095627 
0.023234 0.142839 0.118111 0.110538 0.091051 0.091473 0.126756 0.084344 0.099680 0.111973 
0.025573 0.194547 0.100550 0.066044 0.088952 0.125818 0.081137 0.124481 0.070496 0.122403 
0.044236 0.169544 0.110855 0.079554 0.092743 0.077719 0.085356 0.133351 0.133911 0.072732 
0.041412 0.121852 0.134295 0.066935 0.101625 0.069352 0.135037 0.109800 0.139654 0.080038 
0.064560 0.146596 0.146556 0.062134 0.084910 0.112846 0.126856 0.079782 0.107529 0.068229 
0.061087 0.164941 0.135586 0.125554 0.070616 0.074931 0.104814 0.088059 0.134070 0.040342 
0.038064 0.156200 0.091716 0.085631 0.069050 0.092123 0.119183 0.135647 0.096990 0.115395 
0.026343 0.212339 0.092084 0.094418 0.102262 0.075587 0.084460 0.120812 0.122594 0.069101 
0.057792 0.120028 0.055093 0.174490 0.110840 0.099621 0.113642 0.054661 0.111340 0.102493 
0.023560 0.193987 0.084256 0.071777 0.116226 0.038781 0.134728 0.186391 0.088557 0.061736 
0.008062 0.155914 0.055408 0.090376 0.060691 0.155941 0.132148 0.079605 0.135379 0.126476 
0.016324 0.095710 0.115208 0.100517 0.122958 0.129123 0.125533 0.088306 0.124095 0.082226 
0.009179 0.119064 0.101955 0.073351 0.130402 0.076547 0.154902 0.109127 0.129231 0.096241 
0.025764 0.095429 0.068408 0.078961 0.099184 0.040147 0.148119 0.176210 0.156096 0.111682 
0.000106 0.189842 0.180172 0.065496 0.130981 0.107779 0.108851 0.045204 0.086290 0.085280 
0.008959 0.206277 0.193401 0.077080 0.081597 0.106801 0.089179 0.068790 0.085185 0.082732 
0.006987 0.098675 0.195027 0.080344 0.096257 0.107868 0.105619 0.075931 0.109209 0.124084 
0.042226 0.142613 0.121278 0.075529 0.087278 0.087095 0.077015 0.077670 0.167207 0.122088 
0.003178 0.144073 0.141017 0.111967 0.066622 0.075814 0.099193 0.108344 0.125960 0.123832 
0.017592 0.078295 0.117351 0.109532 0.084812 0.097268 0.113554 0.139298 0.112682 0.129616 
0.038105 0.167803 0.064343 0.072747 0.102819 0.056589 0.103530 0.123503 0.176546 0.094016 
0.008728 0.176025 0.154026 0.074876 0.083300 0.051557 0.083990 0.074144 0.122493 0.170863 
0.016882 0.146956 0.208235 0.061449 0.093168 0.081796 0.078121 0.104078 0.092470 0.116845 
0.009764 0.218258 0.186575 0.092699 0.049514 0.072920 0.097964 0.094954 0.116567 0.060785 
0.017179 0.151739 0.198458 0.077167 0.068495 0.062949 0.107286 0.134923 0.059185 0.122620 
0.016452 0.190766 0.106370 0.065394 0.068375 0.079127 0.165660 0.097310 0.097842 0.112703 
0.039877 0.156013 0.115815 0.115361 0.067857 0.068031 0.108163 0.119806 0.104093 0.104982 
0.008083 0.306851 0.115711 0.082729 0.048164 0.062288 0.092872 0.070404 0.096017 0.116881 
0.026383 0.123081 0.172542 0.084990 0.098700 0.102207 0.088170 0.089664 0.139025 0.075237 
0.025219 0.116178 0.101844 0.102732 0.085342 0.099330 0.166581 0.142262 0.062325 0.098187 
0.045853 0.099660 0.109169 0.099848 0.093356 0.074185 0.107427 0.115734 0.168789 0.085979 
0.015334 0.123078 0.152904 0.103591 0.104794 0.081153 0.072701 0.126896 0.128902 0.090647 
0.013858 0.127372 0.098550 0.071498 0.105146 0.074123 0.141524 0.160842 0.115476 0.091612 
0.042290 0.215550 0.110595 0.053728 0.070479 0.090870 0.145892 0.122246 0.077070 0.071280 
0.024078 0.123075 0.145399 0.089293 0.096687 0.078207 0.126295 0.164276 0.099934 0.052756 
0.015452 0.168021 0.158375 0.054230 0.070500 0.075544 0.131257 0.099966 0.130761 0.095895 
0.051203 0.166271 0.089354 0.073380 0.090686 0.045130 0.103646 0.083913 0.160474 0.135943 
0.029174 0.169188 0.096938 0.080598 0.065549 0.102138 0.107204 0.121464 0.110339 0.117407 
0.016100 0.183015 0.175581 0.063104 0.051299 0.084622 0.101569 0.118528 0.099514 0.106668 
0.000550 0.177393 0.138405 0.062475 0.117256 0.064660 0.139051 0.123338 0.099278 0.077594 
0.004121 0.131419 0.121461 0.083714 0.071003 0.054003 0.173030 0.117816 0.129132 0.114299 
0.013178 0.139058 0.119858 0.105829 0.096801 0.049801 0.121501 0.112169 0.064674 0.177132 
0.043619 0.144761 0.109791 0.058750 0.086448 0.075617 0.120849 0.112498 0.146708 0.100960 
0.041106 0.090729 0.157783 0.082913 0.093104 0.065314 0.135530 0.156696 0.102941 0.073884 
0.023907 0.138130 0.131015 0.083404 0.051298 0.093011 0.090558 0.169946 0.144399 0.074332 
0.031111 0.209112 0.169260 0.071340 0.070891 0.091601 0.090706 0.062638 0.107145 0.096196 
0.004196 0.192695 0.124663 0.072224 0.103237 0.085512 0.062704 0.164245 0.118419 0.072104 
0.026863 0.143053 0.209244 0.059069 0.082756 0.052576 0.128787 0.115053 0.083204 0.099395 
0.014170 0.150521 0.120058 0.113349 0.069408 0.106014 0.149356 0.063341 0.102815 0.110969 
0.026696 0.131289 0.112212 0.084428 0.111275 0.112271 0.086533 0.119270 0.106262 0.109764 
0.034571 0.114762 0.186294 0.050058 0.071992 0.087950 0.122669 0.111561 0.124255 0.095887 
0.015493 0.198327 0.180647 0.074449 0.083847 0.056398 0.083020 0.115425 0.109154 0.083240 
0.018211 0.144142 0.138587 0.102599 0.119484 0.107298 0.073682 0.115953 0.076110 0.103935 
0.009122 0.136929 0.104555 0.043637 0.074205 0.059919 0.133340 0.145193 0.162037 0.131064 
0.021010 0.157079 0.119479 0.066371 0.075099 0.094102 0.067609 0.172731 0.136029 0.090491 
0.038870 0.194295 0.123696 0.071472 0.087811 0.073638 0.114038 0.112812 0.072062 0.111306 
0.002792 0.227943 0.132834 0.101342 0.051179 0.081532 0.101773 0.056330 0.144105 0.100172 
0.002834 0.204571 0.116628 0.111401 0.060529 0.077758 0.111894 0.105049 0.101219 0.108117 
0.007256 0.213310 0.127391 0.085578 0.089576 0.070623 0.113917 0.088596 0.112128 0.091625 
0.030335 0.154188 0.124400 0.081396 0.100248 0.100602 0.157411 0.098781 0.067944 0.084695 
0.014513 0.286002 0.101390 0.097572 0.060383 0.049865 0.138506 0.088143 0.098417 0.065209 
0.021609 0.143144 0.127908 0.084371 0.050625 0.110378 0.089592 0.142506 0.126394 0.103473 
0.025763 0.149627 0.184337 0.057382 0.083138 0.099594 0.105045 0.125004 0.122264 0.047847 
0.000214 0.132632 0.112004 0.090631 0.073264 0.091609 0.151521 0.136878 0.082813 0.128434 
0.051952 0.095854 0.132281 0.076614 0.100904 0.085515 0.096416 0.156835 0.144494 0.059136 
0.039160 0.166660 0.114159 0.091604 0.104662 0.077633 0.123599 0.100518 0.120560 0.061446 
0.053752 0.127960 0.139695 0.069475 0.080549 0.083623 0.105898 0.109663 0.115351 0.114036 
0.041288 0.209778 0.136512 0.056933 0.066837 0.079744 0.081595 0.095794 0.094215 0.137303 
0.047425 0.125791 0.138096 0.062146 0.076553 0.076545 0.109818 0.117066 0.145502 0.101058 
0.018389 0.139755 0.135622 0.092572 0.072661 0.081226 0.063719 0.163867 0.159940 0.072249 
0.015207 0.171020 0.070039 0.067169 0.061837 0.084795 0.106554 0.157112 0.177715 0.088552 
0.059195 0.179055 0.095660 0.082061 0.061322 0.054085 0.132408 0.164858 0.110079 0.061278 
0.015232 0.181581 0.099863 0.062662 0.121718 0.089878 0.094218 0.137483 0.116460 0.080905 
0.071694 0.154759 0.107839 0.069044 0.116405 0.115098 0.108552 0.074859 0.100419 0.081333 
0.057721 0.108975 0.107400 0.137347 0.093207 0.050172 0.157378 0.109644 0.089951 0.088206 
0.006298 0.142667 0.092683 0.095763 0.115451 0.091045 0.133921 0.083169 0.139028 0.099977 
0.016616 0.158676 0.104935 0.095978 0.070835 0.078491 0.143432 0.168609 0.094505 0.067923 
0.004915 0.156685 0.105875 0.097309 0.040619 0.066162 0.118099 0.131889 0.179757 0.098689 
0.021360 0.184242 0.095773 0.098266 0.089429 0.048806 0.107069 0.106122 0.127555 0.121379 
0.002071 0.182257 0.096370 0.080995 0.123779 0.100667 0.089297 0.140133 0.101297 0.083133 
0.016705 0.209559 0.126094 0.046094 0.083903 0.079023 0.085389 0.131538 0.134161 0.087535 
0.000897 0.156617 0.121513 0.091958 0.076195 0.093500 0.115247 0.160558 0.114737 0.068778 
0.011741 0.137840 0.111074 0.115391 0.066618 0.115206 0.123188 0.082167 0.135257 0.101519 
0.012679 0.184780 0.117329 0.064819 0.116281 0.081205 0.093102 0.117172 0.139894 0.072740 
0.010608 0.142450 0.126617 0.065933 0.061122 0.095153 0.151417 0.131584 0.095750 0.119367 
0.039891 0.222446 0.097689 0.084653 0.057040 0.056607 0.147209 0.141973 0.115566 0.036925 
0.067793 0.197418 0.054156 0.057641 0.091241 0.064791 0.120722 0.112143 0.096097 0.137999 
0.008298 0.183181 0.096831 0.121238 0.084420 0.077416 0.103509 0.078737 0.136815 0.109556 
0.072588 0.193605 0.112857 0.046560 0.098850 0.066858 0.091601 0.136596 0.111850 0.068635 
0.013483 0.183932 0.101288 0.092501 0.056305 0.123073 0.095553 0.111681 0.122681 0.099504 
0.092032 0.190518 0.107283 0.063676 0.095672 0.076920 0.127480 0.103255 0.084303 0.058859 
0.036894 0.129119 0.087872 0.095781 0.097914 0.078462 0.130351 0.191829 0.077372 0.074406 
0.058733 0.134130 0.094810 0.083901 0.085420 0.097616 0.130681 0.124846 0.113386 0.076478 
0.040530 0.180905 0.110339 0.068925 0.108864 0.071148 0.123041 0.105391 0.079805 0.111052 
0.017192 0.186741 0.074613 0.078074 0.126348 0.071453 0.084927 0.079656 0.177274 0.103721 
0.020464 0.189137 0.075695 0.087129 0.110043 0.089770 0.144879 0.118308 0.094766 0.069809 
0.062260 0.162948 0.092761 0.062558 0.087446 0.094287 0.137992 0.119454 0.060794 0.119500 
0.011622 0.158306 0.075654 0.079450 0.109699 0.090457 0.114376 0.194189 0.095052 0.071195 
0.090550 0.201327 0.087164 0.075075 0.087648 0.041639 0.113838 0.121649 0.094381 0.086728 
0.070292 0.173591 0.117796 0.089654 0.084847 0.124401 0.080307 0.055215 0.133178 0.070718 
0.013316 0.186841 0.109643 0.095193 0.085880 0.072284 0.171021 0.088037 0.101025 0.076759 
0.050034 0.164432 0.091889 0.059504 0.079163 0.076020 0.116254 0.131874 0.105447 0.125383 
0.000579 0.202236 0.152650 0.072342 0.093879 0.073257 0.119206 0.099728 0.093667 0.092457 
0.018801 0.232366 0.082912 0.060887 0.077494 0.117185 0.104616 0.161628 0.079583 0.064527 
0.028223 0.135537 0.147077 0.073933 0.066389 0.118200 0.113362 0.106976 0.111030 0.099273 
0.005928 0.108866 0.115364 0.085032 0.103003 0.148115 0.092525 0.097650 0.164893 0.078624 
0.085873 0.170147 0.098738 0.065619 0.108426 0.143157 0.101678 0.091811 0.077486 0.057065 
0.021263 0.173834 0.133607 0.070728 0.108523 0.074439 0.086937 0.156521 0.092036 0.082113 
0.047096 0.243761 0.125163 0.067269 0.102195 0.084354 0.092420 0.094383 0.094832 0.048527 
0.064940 0.191253 0.092822 0.084643 0.098701 0.067590 0.081479 0.112152 0.120570 0.085851 
0.019558 0.217000 0.125689 0.069852 0.061798 0.045992 0.140369 0.120640 0.141837 0.057266 
0.064237 0.176183 0.114785 0.071363 0.096271 0.101684 0.097375 0.093080 0.086636 0.098387 
0.001666 0.151974 0.107156 0.104518 0.069973 0.130453 0.147725 0.126983 0.094578 0.064974 
0.040164 0.140075 0.104365 0.093327 0.074398 0.091443 0.140055 0.118992 0.121453 0.075729 
0.050589 0.147595 0.090772 0.097424 0.086659 0.107087 0.144711 0.125640 0.100831 0.048692 
0.049225 0.201685 0.108928 0.071877 0.064243 0.078135 0.165383 0.114713 0.069145 0.076667 
0.020855 0.146727 0.089504 0.062174 0.149394 0.071815 0.153510 0.118177 0.103121 0.084722 
0.008212 0.202395 0.146781 0.088294 0.072074 0.032646 0.116513 0.169623 0.085710 0.077753 
0.001579 0.182067 0.139419 0.065538 0.129348 0.093121 0.126463 0.094673 0.089327 0.078465 
0.035231 0.239566 0.099294 0.094104 0.056885 0.110500 0.090810 0.159611 0.065129 0.048870 
0.001027 0.116780 0.072997 0.094710 0.076869 0.103143 0.204037 0.194315 0.089882 0.046239 
0.052841 0.164723 0.081937 0.092558 0.103577 0.063890 0.149305 0.134067 0.110614 0.046489 
0.051710 0.130887 0.156532 0.090222 0.081682 0.105097 0.145935 0.119240 0.084246 0.034450 
0.097008 0.191692 0.163181 0.073492 0.095045 0.115748 0.091936 0.072455 0.069778 0.029665 
0.011842 0.166926 0.127519 0.069700 0.080995 0.198321 0.147670 0.057970 0.075713 0.063344 
0.041621 0.242963 0.112259 0.076094 0.086791 0.069288 0.110335 0.104982 0.109220 0.046447 
0.070200 0.189270 0.092747 0.071765 0.071243 0.066558 0.117451 0.173220 0.089364 0.058182 
0.072437 0.265949 0.120031 0.079880 0.084616 0.065648 0.063102 0.104629 0.099968 0.043740 
0.001055 0.237987 0.062965 0.038537 0.140200 0.092025 0.148218 0.148695 0.087168 0.043150 
0.040715 0.241041 0.094564 0.114744 0.098995 0.078535 0.130143 0.097346 0.061990 0.041926 
0.000182 0.302638 0.183324 0.075371 0.071062 0.093461 0.096693 0.087473 0.048148 0.041648 
0.094990 0.251862 0.091582 0.082118 0.062889 0.098346 0.107023 0.118759 0.068444 0.023987 
0.067957 0.225603 0.094420 0.093370 0.118170 0.106780 0.140270 0.090325 0.038204 0.024902 
0.003790 0.266309 0.139955 0.070026 0.129032 0.079787 0.084742 0.139113 0.044973 0.042272 
0.078259 0.195665 0.161460 0.059329 0.069625 0.128383 0.085756 0.126599 0.069487 0.025437 
0.063021 0.273060 0.079846 0.068522 0.084682 0.127900 0.113782 0.102280 0.063960 0.022946 
0.085945 0.330058 0.173894 0.076211 0.064788 0.056454 0.067411 0.075768 0.035530 0.033942 
0.090099 0.179275 0.143625 0.124583 0.086588 0.101805 0.104938 0.075346 0.049153 0.044587 
0.068281 0.274225 0.120919 0.098322 0.113538 0.079280 0.085993 0.097408 0.044269 0.017764 
0.026051 0.257592 0.176280 0.078826 0.057456 0.091213 0.124826 0.093316 0.057461 0.036980 
0.069377 0.330017 0.123617 0.061646 0.092520 0.092357 0.073494 0.076405 0.048276 0.032291 
0.001612 0.307966 0.182511 0.093990 0.073396 0.097548 0.108164 0.051496 0.051018 0.032299 
0.052782 0.382469 0.145355 0.097093 0.086227 0.053496 0.057096 0.071536 0.031497 0.022450 
0.012135 0.359011 0.106291 0.102541 0.068421 0.079524 0.128578 0.085931 0.040166 0.017404 
0.026894 0.231145 0.143130 0.106360 0.106414 0.062537 0.128315 0.081226 0.064975 0.049003 
0.074643 0.231959 0.129470 0.097172 0.079510 0.126318 0.074454 0.086540 0.071839 0.028096 
0.127216 0.250700 0.123837 0.079168 0.081104 0.083893 0.083564 0.085272 0.051623 0.033622 
0.013471 0.207794 0.150225 0.093195 0.087546 0.098206 0.105473 0.147031 0.041902 0.055157 
0.059127 0.295169 0.123203 0.105875 0.101500 0.066924 0.081454 0.072533 0.046328 0.047886 
0.053394 0.233015 0.119858 0.095627 0.070790 0.079506 0.120706 0.103869 0.063268 0.059966 
0.065100 0.206114 0.147976 0.085739 0.087599 0.082994 0.105828 0.098608 0.065176 0.054867 
0.086470 0.259371 0.107486 0.092248 0.096328 0.052059 0.092620 0.080580 0.087667 0.045171 
0.094797 0.269020 0.099598 0.053761 0.092308 0.055660 0.113974 0.091079 0.081519 0.048282 
0.027335 0.288580 0.105701 0.087685 0.093158 0.067668 0.104959 0.102790 0.089798 0.032325 
0.021639 0.224054 0.134496 0.068855 0.151745 0.143636 0.084989 0.089299 0.044280 0.037007 
0.082562 0.293661 0.125021 0.082959 0.091579 0.049674 0.086704 0.073150 0.072096 0.042595 
0.042489 0.200556 0.152583 0.078655 0.069061 0.141685 0.112479 0.100503 0.060729 0.041261 
0.028902 0.222919 0.143530 0.088584 0.092341 0.113268 0.081657 0.103253 0.079700 0.045845 
0.043317 0.247789 0.142485 0.062606 0.111086 0.098975 0.097955 0.084772 0.071883 0.039132 
0.081034 0.213725 0.115549 0.059408 0.092995 0.118390 0.089276 0.119430 0.079828 0.030365 
0.047210 0.298976 0.087567 0.028430 0.103666 0.096982 0.087192 0.138948 0.070009 0.041021 
0.086433 0.267758 0.082094 0.113120 0.094111 0.069346 0.103628 0.109536 0.047854 0.026120 
0.052344 0.347161 0.103091 0.068131 0.092428 0.076543 0.086109 0.096730 0.044114 0.033350 
0.003296 0.273975 0.207144 0.064552 0.114575 0.043769 0.151756 0.068946 0.029323 0.042665 
0.090444 0.273939 0.097847 0.079845 0.099186 0.086711 0.130249 0.062627 0.053034 0.026119 
0.013257 0.305541 0.207054 0.083913 0.078909 0.083857 0.076775 0.068399 0.063352 0.018943 
0.065223 0.256498 0.144683 0.056640 0.110114 0.087803 0.117540 0.085089 0.054992 0.021418 
0.096519 0.340058 0.168632 0.076361 0.072749 0.053532 0.070048 0.056837 0.036607 0.028657 
0.021229 0.171394 0.157879 0.130494 0.103529 0.101589 0.066202 0.115268 0.082507 0.049910 
0.050564 0.241559 0.224228 0.056107 0.095373 0.067033 0.111993 0.095662 0.041158 0.016322 
0.145018 0.261699 0.144447 0.060196 0.058128 0.060413 0.112037 0.070065 0.045180 0.042818 
0.001008 0.311634 0.156007 0.060587 0.106904 0.072587 0.088772 0.094274 0.068234 0.039992 
0.069206 0.268819 0.174271 0.060347 0.073200 0.114165 0.086616 0.082566 0.043674 0.027136 
0.037359 0.321956 0.100871 0.086119 0.084973 0.069314 0.115756 0.086521 0.061436 0.035696 
0.000088 0.273070 0.259000 0.065092 0.064997 0.079623 0.095423 0.095327 0.046113 0.021266 
0.043972 0.250497 0.150044 0.122951 0.115922 0.055689 0.108583 0.088194 0.033311 0.030838 
0.085923 0.190511 0.186924 0.069221 0.067064 0.087209 0.124301 0.112825 0.055967 0.020056 
0.098580 0.250610 0.205438 0.087010 0.072655 0.060609 0.079399 0.074596 0.060435 0.010667 
0.035013 0.301418 0.135896 0.088169 0.050166 0.073198 0.115658 0.081018 0.083642 0.035820 
0.009391 0.284297 0.150011 0.086401 0.083248 0.084706 0.069232 0.118966 0.068393 0.045357 
0.034962 0.352353 0.137578 0.050176 0.038840 0.079373 0.083181 0.074970 0.094952 0.053615 
0.002835 0.323075 0.140425 0.054134 0.077999 0.089261 0.097975 0.124569 0.043462 0.046264 
0.088066 0.322752 0.115421 0.079869 0.078741 0.061550 0.095244 0.081204 0.049308 0.027845 
0.112602 0.227214 0.146118 0.061848 0.034836 0.114965 0.114886 0.098610 0.044041 0.044881 
0.052619 0.263927 0.148812 0.070759 0.072415 0.081483 0.110956 0.081005 0.079544 0.038481 
0.122958 0.335659 0.147982 0.063821 0.059928 0.037527 0.068177 0.092596 0.052203 0.019150 
0.082241 0.230246 0.152081 0.047419 0.093399 0.116397 0.089771 0.093702 0.054091 0.040653 
0.050701 0.337514 0.207211 0.070244 0.054821 0.074886 0.051222 0.068882 0.051873 0.032646 
0.128371 0.247218 0.146474 0.085323 0.072060 0.049005 0.101376 0.092542 0.048469 0.029161 
0.058670 0.381163 0.116035 0.085658 0.087721 0.066770 0.112784 0.050310 0.024023 0.016868 
0.034389 0.359473 0.214545 0.066774 0.086333 0.053727 0.070726 0.056530 0.046920 0.010583 
0.124316 0.388500 0.166313 0.070698 0.060451 0.044488 0.044456 0.049806 0.036139 0.014833 
0.042970 0.381080 0.153065 0.120777 0.054740 0.050047 0.067840 0.057160 0.044383 0.027939 
0.047182 0.513691 0.060932 0.074873 0.083099 0.063223 0.069041 0.043879 0.022760 0.021320 
0.049952 0.398468 0.179719 0.043769 0.084228 0.052199 0.072895 0.058325 0.039776 0.020669 
0.040885 0.343864 0.202387 0.098388 0.058418 0.093780 0.079728 0.055709 0.013939 0.012901 
0.032967 0.410044 0.255302 0.048130 0.078981 0.050035 0.038656 0.040074 0.033506 0.012305 
0.082440 0.375616 0.198529 0.088258 0.074657 0.032518 0.057033 0.031337 0.032949 0.026664 
0.074178 0.481353 0.151152 0.059082 0.076364 0.056505 0.040006 0.032481 0.017477 0.011402 
0.033865 0.406292 0.188906 0.101525 0.075362 0.060217 0.029104 0.062642 0.025199 0.016888 
0.073506 0.400179 0.275482 0.049042 0.046122 0.033993 0.059186 0.029934 0.017699 0.014858 
0.010689 0.307886 0.117392 0.073549 0.136768 0.166866 0.093768 0.053855 0.025656 0.013572 
0.007533 0.203307 0.092517 0.074858 0.127749 0.319088 0.080159 0.071978 0.013038 0.009773 
0.067247 0.195903 0.123267 0.065104 0.129781 0.254095 0.057973 0.067857 0.023183 0.015592 
0.036105 0.221008 0.110341 0.098887 0.099132 0.281297 0.053625 0.059553 0.022362 0.017690 
0.084706 0.116855 0.061880 0.131871 0.115705 0.343110 0.030139 0.077759 0.022387 0.015587 
0.034082 0.242262 0.127942 0.074075 0.083737 0.264117 0.037420 0.083125 0.033335 0.019904 
0.061778 0.232539 0.128015 0.059302 0.077178 0.233345 0.077445 0.082021 0.025320 0.023056 
0.047029 0.181762 0.101436 0.065940 0.107379 0.320768 0.073992 0.073941 0.015656 0.012096 
0.044549 0.222091 0.104486 0.090858 0.092596 0.262845 0.080478 0.067508 0.019582 0.015006 
0.009909 0.201247 0.116644 0.118975 0.105158 0.270625 0.053810 0.089656 0.020394 0.013580 
0.016458 0.178082 0.099557 0.120672 0.133473 0.285494 0.066441 0.075362 0.013540 0.010921 
0.051060 0.142047 0.111417 0.106423 0.082266 0.312225 0.076912 0.078034 0.026893 0.012722 
0.076949 0.133066 0.101950 0.036231 0.121641 0.331401 0.071248 0.076369 0.024432 0.026714 
0.043686 0.123514 0.087914 0.072381 0.086614 0.338920 0.084267 0.103870 0.030297 0.028536 
0.013934 0.205035 0.105751 0.055455 0.088114 0.339459 0.061084 0.072769 0.037238 0.021162 
0.024486 0.184179 0.063972 0.092494 0.094766 0.352854 0.072159 0.081888 0.016245 0.016956 
0.005455 0.167375 0.050843 0.058870 0.106109 0.387053 0.087564 0.093971 0.022465 0.020294 
0.013110 0.147274 0.081725 0.073937 0.134740 0.330418 0.076201 0.102410 0.018463 0.021722 
0.030656 0.083870 0.072001 0.095095 0.138569 0.354601 0.057723 0.108224 0.024174 0.035086 
0.025391 0.098215 0.060583 0.079071 0.123799 0.403685 0.079392 0.093683 0.021174 0.015007 
0.001118 0.101485 0.030906 0.116743 0.107282 0.412510 0.096628 0.088357 0.026477 0.018494 
0.004550 0.096492 0.046474 0.072319 0.122840 0.389996 0.087231 0.127588 0.034886 0.017624 
0.026967 0.137508 0.045869 0.053816 0.109683 0.363545 0.079147 0.121005 0.042600 0.019860 
0.001428 0.091403 0.058469 0.089580 0.126192 0.407860 0.090707 0.087284 0.026250 0.020828 
0.032962 0.086327 0.062664 0.092093 0.107863 0.395882 0.077374 0.106915 0.022977 0.014943 
0.034616 0.087561 0.057420 0.086296 0.138237 0.391062 0.068120 0.108160 0.011789 0.016741 
0.012043 0.059590 0.066537 0.073343 0.154200 0.420735 0.077349 0.094405 0.027903 0.013896 
0.028262 0.082527 0.043847 0.064385 0.116067 0.450452 0.089248 0.088932 0.022586 0.013694 
0.018086 0.076328 0.053637 0.045924 0.126128 0.411295 0.098250 0.124420 0.022075 0.023858 
0.008803 0.133380 0.049558 0.068771 0.123206 0.345132 0.090044 0.146116 0.012998 0.021993 
0.012979 0.107154 0.044436 0.069767 0.127444 0.336461 0.065979 0.176172 0.037546 0.022061 
0.015689 0.052582 0.032402 0.046942 0.136928 0.418372 0.062601 0.143659 0.056813 0.034012 
0.021495 0.054043 0.034945 0.045615 0.132758 0.439095 0.083852 0.113367 0.048582 0.026248 
0.006316 0.073553 0.052516 0.051725 0.133247 0.409061 0.086884 0.133380 0.029982 0.023336 
0.004114 0.052288 0.052361 0.043236 0.139711 0.419063 0.113905 0.149345 0.009602 0.016375 
0.010633 0.053951 0.041009 0.043804 0.127884 0.425777 0.099357 0.150085 0.024998 0.022503 
0.002994 0.045963 0.065786 0.057486 0.135572 0.433492 0.085004 0.122035 0.028749 0.022919 
0.009402 0.033992 0.054203 0.071783 0.128444 0.429409 0.082638 0.140904 0.026208 0.023017 
0.009679 0.034197 0.050519 0.047922 0.137818 0.380610 0.071654 0.175653 0.047589 0.044359 
0.001828 0.037936 0.038311 0.030739 0.140853 0.415157 0.094160 0.174964 0.033568 0.032483 
0.009684 0.040430 0.041832 0.039864 0.127381 0.441353 0.121181 0.142612 0.015794 0.019868 
0.008028 0.047519 0.039681 0.037825 0.115202 0.427632 0.106754 0.169615 0.023777 0.023967 
0.026071 0.031811 0.042998 0.068450 0.144257 0.365773 0.078294 0.187453 0.036596 0.018295 
0.000321 0.031730 0.039124 0.065479 0.134167 0.399228 0.101319 0.196845 0.018850 0.012936 
0.016520 0.041245 0.023171 0.050036 0.123628 0.423022 0.104558 0.171362 0.024192 0.022265 
0.009757 0.038028 0.028045 0.042947 0.102795 0.451359 0.115148 0.163428 0.015150 0.033342 
0.011467 0.051864 0.024453 0.056480 0.116795 0.396829 0.103975 0.182752 0.025022 0.030364 
0.000012 0.032131 0.017660 0.051063 0.131138 0.356882 0.096237 0.235564 0.036211 0.043103 
0.005927 0.038249 0.037146 0.046630 0.138541 0.376142 0.050088 0.206258 0.063827 0.037191 
0.004122 0.031988 0.033283 0.045651 0.124011 0.413342 0.059026 0.167796 0.067577 0.053205 
0.005567 0.032650 0.042291 0.061978 0.120024 0.393585 0.039850 0.212937 0.051219 0.039899 
0.009095 0.044961 0.034578 0.065668 0.154451 0.361749 0.041135 0.214376 0.039213 0.034775 
0.005213 0.041721 0.035404 0.067656 0.138642 0.366322 0.074906 0.214792 0.032937 0.022407 
0.006908 0.033237 0.046176 0.074635 0.130578 0.394742 0.106996 0.162869 0.013495 0.030365 
0.006667 0.033403 0.053475 0.061647 0.118734 0.439185 0.091339 0.151919 0.019090 0.024541 
0.005170 0.040171 0.030465 0.041121 0.121670 0.383216 0.109187 0.204732 0.025225 0.039044 
0.003622 0.028139 0.031259 0.042428 0.124534 0.368417 0.119253 0.240625 0.020913 0.020809 
0.010171 0.036241 0.023206 0.047303 0.122370 0.425540 0.116679 0.175725 0.017084 0.025682 
0.002888 0.029632 0.019491 0.062171 0.116645 0.438968 0.123248 0.181864 0.008090 0.017004 
0.006736 0.031359 0.038017 0.045201 0.112341 0.387068 0.113026 0.221717 0.023067 0.021467 
0.009793 0.011390 0.024881 0.053729 0.130498 0.397771 0.071640 0.210519 0.051329 0.038449 
0.003425 0.021225 0.024869 0.052615 0.132680 0.428314 0.061800 0.184406 0.061691 0.028975 
0.006103 0.035216 0.049942 0.063909 0.141399 0.411882 0.051255 0.143723 0.057175 0.039396 
0.004973 0.049833 0.056363 0.065354 0.142535 0.341339 0.046140 0.201024 0.055461 0.036979 
0.017448 0.070582 0.037337 0.068889 0.139966 0.353568 0.052284 0.183962 0.048881 0.027082 
0.010400 0.037601 0.032547 0.060878 0.157823 0.398877 0.072911 0.135503 0.049575 0.043886 
0.009011 0.019013 0.023752 0.097628 0.277773 0.167022 0.060917 0.244521 0.067052 0.033312 
0.000137 0.015421 0.010361 0.023445 0.231463 0.150776 0.048508 0.167258 0.305838 0.046792 
0.002059 0.025656 0.037386 0.049771 0.190384 0.114835 0.045111 0.133616 0.357709 0.043473 
0.002806 0.013960 0.023331 0.032883 0.191189 0.126720 0.049322 0.097562 0.387977 0.074249 
0.002527 0.016335 0.013723 0.014282 0.133425 0.145051 0.043801 0.077841 0.285401 0.267614 
0.003424 0.017726 0.019384 0.039401 0.190408 0.154783 0.057690 0.059891 0.253328 0.203965 
0.005388 0.028434 0.023844 0.025825 0.152500 0.195096 0.038360 0.057400 0.195676 0.277476 
0.002396 0.009233 0.020498 0.028904 0.214300 0.199899 0.066529 0.066909 0.209525 0.181807 
0.000989 0.015684 0.019444 0.044916 0.374412 0.229646 0.060029 0.073518 0.126674 0.054689 
0.000380 0.021731 0.046152 0.239606 0.284176 0.250545 0.037198 0.068972 0.039965 0.011275 
0.003789 0.019513 0.043797 0.460923 0.086550 0.196273 0.055942 0.070571 0.048042 0.014598 
0.005565 0.031348 0.051118 0.495890 0.107711 0.169257 0.032900 0.082773 0.014175 0.009262 
0.002900 0.019709 0.049608 0.476939 0.106479 0.205108 0.030537 0.070630 0.023515 0.014576 
0.010445 0.042559 0.042177 0.493385 0.077403 0.217513 0.033882 0.043718 0.018708 0.020210 
0.006080 0.024544 0.030327 0.489665 0.044482 0.235929 0.054845 0.065542 0.030313 0.018273 
0.006936 0.048108 0.093133 0.419113 0.060345 0.184731 0.061776 0.067366 0.039479 0.019013 
0.009253 0.067861 0.077290 0.160560 0.129322 0.292559 0.035230 0.133618 0.067446 0.026863 
0.004673 0.031166 0.033507 0.102783 0.126564 0.405704 0.056849 0.158463 0.050214 0.030077 
0.006722 0.058164 0.025920 0.077393 0.140493 0.415897 0.080984 0.115331 0.045913 0.033182 
0.011277 0.056346 0.022429 0.071950 0.143493 0.390707 0.080475 0.133886 0.054988 0.034449 
0.000221 0.024075 0.016801 0.139292 0.377552 0.212084 0.033009 0.121990 0.057438 0.017537 
0.004293 0.016132 0.036420 0.142834 0.413638 0.151993 0.009328 0.198340 0.017258 0.009762 
0.008586 0.022372 0.055045 0.069443 0.346406 0.190462 0.036721 0.214066 0.031900 0.025000 
0.002774 0.019672 0.020736 0.093846 0.413119 0.160030 0.013525 0.228026 0.032338 0.015934 
0.000231 0.012573 0.019798 0.081337 0.363615 0.151731 0.021396 0.304711 0.019033 0.025577 
0.002066 0.018275 0.013255 0.059730 0.293216 0.206198 0.060436 0.289134 0.033646 0.024044 
0.001305 0.013397 0.029075 0.051357 0.361299 0.257143 0.062624 0.190924 0.020731 0.012144 
0.003521 0.020116 0.033038 0.110279 0.405559 0.168198 0.041596 0.165582 0.033272 0.018841 
0.009167 0.035803 0.061658 0.131266 0.349175 0.158468 0.022474 0.158558 0.044445 0.028985 
0.004883 0.019065 0.035008 0.071537 0.381118 0.228717 0.038459 0.170185 0.028542 0.022487 
0.008815 0.034584 0.060329 0.145496 0.398980 0.173049 0.050760 0.110427 0.008542 0.009019 
0.005938 0.022375 0.036113 0.073342 0.464764 0.215471 0.069609 0.073697 0.021280 0.017411 
0.006970 0.039347 0.048816 0.100980 0.156375 0.369381 0.081350 0.137608 0.037617 0.021556 
0.005383 0.027261 0.018331 0.051317 0.139731 0.471896 0.052127 0.129849 0.060476 0.043629 
0.002427 0.014166 0.035266 0.097969 0.389312 0.196274 0.063309 0.167446 0.021550 0.012281 
0.006741 0.028290 0.039985 0.092840 0.258426 0.178285 0.093314 0.254444 0.033480 0.014195 
0.002156 0.011274 0.020745 0.091353 0.306892 0.164801 0.065346 0.253093 0.054440 0.029899 
0.003896 0.013798 0.032917 0.111196 0.377431 0.152928 0.037450 0.220190 0.031984 0.018209 
0.004650 0.018352 0.046372 0.113390 0.297740 0.153941 0.065492 0.241058 0.041028 0.017976 
0.004775 0.017634 0.032018 0.112400 0.310797 0.141054 0.040834 0.246410 0.060011 0.034068 
0.004628 0.027764 0.027976 0.197334 0.231517 0.212670 0.043287 0.165720 0.063977 0.025125 
0.009295 0.050051 0.047244 0.070545 0.151469 0.354769 0.045429 0.184297 0.044462 0.042439 
0.003495 0.035924 0.037246 0.059928 0.119387 0.397912 0.054743 0.206445 0.053174 0.031746 
0.003814 0.029591 0.018882 0.058275 0.136297 0.385969 0.051900 0.209832 0.053454 0.051984 
0.008120 0.042578 0.038398 0.069348 0.142802 0.395392 0.062100 0.139372 0.057995 0.043896 
0.008851 0.043533 0.038505 0.066771 0.152906 0.391659 0.067179 0.174794 0.034731 0.021070 
0.008932 0.044120 0.076732 0.335665 0.058543 0.186137 0.092906 0.112816 0.058158 0.025991 
0.006239 0.026388 0.054687 0.398509 0.056012 0.149835 0.093723 0.106761 0.069709 0.038137 
0.006773 0.027394 0.063163 0.459430 0.081780 0.165187 0.075707 0.096350 0.008315 0.015900 
0.002863 0.024529 0.025546 0.486919 0.071189 0.173384 0.050999 0.123504 0.013529 0.027539 
0.003233 0.020118 0.037769 0.484385 0.031978 0.190926 0.054000 0.118395 0.027095 0.032102 
0.003394 0.015229 0.021388 0.455394 0.079996 0.200839 0.056235 0.126973 0.026005 0.014546 
0.009986 0.036839 0.082692 0.461492 0.210450 0.096727 0.035105 0.048094 0.007217 0.011397 
0.000328 0.025200 0.042134 0.178592 0.572335 0.066434 0.034147 0.041915 0.024644 0.014272 
0.010420 0.045067 0.071157 0.175981 0.499163 0.092596 0.047489 0.031950 0.016596 0.009581 
0.004991 0.030258 0.043191 0.125791 0.552165 0.113413 0.050771 0.037321 0.020101 0.021998 
0.000296 0.013426 0.026325 0.118809 0.510203 0.146456 0.072205 0.053127 0.032803 0.026351 
0.000731 0.022141 0.044814 0.163987 0.484646 0.115336 0.063842 0.048050 0.038883 0.017570 
0.006446 0.039360 0.044514 0.107262 0.583151 0.117593 0.032687 0.039546 0.020228 0.009212 
0.000641 0.008875 0.044294 0.153156 0.427680 0.168507 0.075291 0.054812 0.036217 0.030527 
0.000812 0.027440 0.058456 0.187613 0.249592 0.231664 0.098413 0.071229 0.049808 0.024971 
0.009138 0.037384 0.047630 0.082842 0.413920 0.214198 0.073581 0.046620 0.039279 0.035408 
0.015097 0.045285 0.045486 0.087644 0.336670 0.328804 0.058651 0.018445 0.033291 0.030627 
0.002105 0.024816 0.020977 0.074424 0.648130 0.102080 0.026004 0.056734 0.021484 0.023246 
0.009166 0.034060 0.060574 0.146979 0.541439 0.063351 0.023021 0.079748 0.025684 0.015978 
0.002098 0.018860 0.037135 0.124887 0.569582 0.075947 0.042511 0.091797 0.028586 0.008596 
0.001264 0.018809 0.037135 0.080300 0.557159 0.159862 0.059711 0.032453 0.032762 0.020545 
0.006048 0.027532 0.057012 0.104891 0.474051 0.158451 0.068082 0.042177 0.027191 0.034566 
0.003513 0.017052 0.035901 0.083745 0.553536 0.137955 0.063094 0.042765 0.035924 0.026515 
0.009643 0.040823 0.062631 0.104906 0.517549 0.136393 0.053441 0.033121 0.031739 0.009755 
0.003329 0.011057 0.043717 0.078597 0.559218 0.155018 0.054052 0.037434 0.026946 0.030632 
0.003737 0.017651 0.042543 0.053187 0.657975 0.128209 0.037659 0.022118 0.020594 0.016326 
0.000206 0.012874 0.017003 0.035694 0.380532 0.148724 0.046115 0.074094 0.253414 0.031345 
0.003452 0.029769 0.018006 0.028590 0.400140 0.082091 0.040832 0.060617 0.319876 0.016627 
0.000523 0.014241 0.014921 0.019515 0.328356 0.036930 0.033184 0.112743 0.394673 0.044914 
0.001957 0.019033 0.017258 0.016067 0.391332 0.081697 0.024625 0.055022 0.373280 0.019729 
0.002510 0.018129 0.012637 0.024000 0.295737 0.059945 0.028424 0.087387 0.439405 0.031825 
0.001467 0.022774 0.016626 0.022531 0.338688 0.076343 0.034497 0.128249 0.340386 0.018440 
0.005832 0.036228 0.023661 0.057419 0.333468 0.095282 0.045595 0.030115 0.325804 0.046596 
0.002030 0.012175 0.016170 0.027118 0.281160 0.088370 0.052634 0.099904 0.366786 0.053653 
0.001815 0.016205 0.011024 0.011621 0.309517 0.066523 0.049414 0.194038 0.291441 0.048402 
0.001514 0.020917 0.017237 0.032872 0.288067 0.100968 0.067366 0.141412 0.296329 0.033319 
0.000991 0.012848 0.025491 0.063625 0.334650 0.165214 0.062923 0.037193 0.283393 0.013671 
0.004045 0.023912 0.031543 0.042627 0.322175 0.088482 0.013112 0.088194 0.337672 0.048237 
0.002796 0.030360 0.034252 0.035380 0.471634 0.061095 0.009707 0.073103 0.262781 0.018894 
0.003767 0.020596 0.023343 0.057618 0.533346 0.063178 0.038448 0.038115 0.200341 0.021247 
0.001680 0.012775 0.016841 0.023255 0.416621 0.088092 0.031520 0.093404 0.282256 0.033556 
0.002302 0.029259 0.014588 0.024538 0.444438 0.111108 0.030434 0.081770 0.225676 0.035887 
0.000876 0.017763 0.026180 0.051980 0.447861 0.113975 0.049689 0.046864 0.192268 0.052543 
0.008335 0.050698 0.052647 0.075293 0.397856 0.171246 0.047981 0.041305 0.104470 0.050168 
0.004556 0.034539 0.035843 0.061437 0.351577 0.266455 0.063416 0.050219 0.053564 0.078395 
0.002648 0.035139 0.031706 0.034780 0.395980 0.232437 0.069365 0.050829 0.087904 0.059211 
0.004185 0.041455 0.041360 0.056590 0.460027 0.179891 0.049420 0.052214 0.094564 0.020293 
0.004707 0.044886 0.040810 0.052489 0.428979 0.168537 0.084762 0.062703 0.072914 0.039213 
0.008867 0.035018 0.065571 0.082475 0.377527 0.215117 0.069355 0.037222 0.052453 0.056394 
0.008308 0.055569 0.046816 0.057287 0.352762 0.242337 0.079323 0.046681 0.062933 0.047984 
0.002785 0.038148 0.023624 0.052755 0.392482 0.230823 0.069185 0.046952 0.078722 0.064525 
0.012007 0.065476 0.031924 0.055418 0.350676 0.250679 0.081475 0.048028 0.052097 0.052221 
0.007775 0.035428 0.040647 0.206109 0.376549 0.105892 0.062007 0.097216 0.045733 0.022644 
0.008099 0.037575 0.053288 0.151241 0.498031 0.084262 0.042094 0.081370 0.025024 0.019015 
0.002851 0.015868 0.026952 0.141208 0.627523 0.059799 0.035135 0.037066 0.029083 0.024515 
0.004685 0.027534 0.038908 0.145744 0.647838 0.035102 0.022438 0.030807 0.029591 0.017352 
0.005829 0.040579 0.043563 0.134489 0.666856 0.042845 0.011747 0.022970 0.009792 0.021330 
0.002041 0.015820 0.029426 0.252475 0.526570 0.080011 0.019002 0.015514 0.024819 0.034320 
0.007754 0.033064 0.046279 0.079074 0.381915 0.188753 0.049930 0.031141 0.050472 0.131617 
0.001865 0.031033 0.007920 0.014037 0.420628 0.069774 0.034322 0.060221 0.280708 0.079492 
0.002964 0.018238 0.008028 0.022928 0.254635 0.040850 0.052987 0.119543 0.401138 0.078690 
0.001161 0.011178 0.008273 0.022830 0.211356 0.069417 0.061848 0.098415 0.429315 0.086208 
0.004353 0.020720 0.021680 0.040847 0.260127 0.153720 0.061451 0.064048 0.116429 0.256624 
0.007748 0.038855 0.047950 0.065376 0.294648 0.084657 0.010317 0.034120 0.174738 0.241592 
0.005544 0.020519 0.027058 0.043161 0.310802 0.104265 0.045604 0.051833 0.194947 0.196268 
0.000092 0.016474 0.015754 0.023103 0.319939 0.149265 0.056597 0.048591 0.158009 0.212177 
0.001357 0.029743 0.012355 0.016116 0.387338 0.164237 0.035856 0.042261 0.184649 0.126088 
0.002462 0.043077 0.024966 0.060229 0.480127 0.099968 0.056590 0.053536 0.108682 0.070363 
0.010941 0.057200 0.065277 0.095900 0.373344 0.090743 0.078699 0.063597 0.091121 0.073179 
0.006107 0.032895 0.065583 0.513342 0.223070 0.035172 0.028553 0.016711 0.042460 0.036108 
0.005202 0.036536 0.030800 0.462023 0.250649 0.059412 0.032786 0.026795 0.038354 0.057443 
0.001398 0.027060 0.013564 0.464743 0.300737 0.055534 0.027848 0.017831 0.045813 0.045472 
0.006325 0.021786 0.035151 0.441693 0.187897 0.032479 0.057326 0.026222 0.077110 0.114010 
0.004294 0.018908 0.027431 0.361710 0.211753 0.019121 0.067645 0.036489 0.149536 0.103113 
0.000149 0.018423 0.034147 0.335743 0.195730 0.037461 0.082406 0.037112 0.076386 0.182443 
0.000056 0.015534 0.028719 0.347106 0.290032 0.037409 0.070853 0.034962 0.102699 0.072630 
0.007542 0.041194 0.051331 0.281679 0.375119 0.034488 0.032274 0.098491 0.038042 0.039839 
0.010796 0.041501 0.064804 0.150410 0.502506 0.047220 0.029505 0.094300 0.021585 0.037374 
0.002871 0.011092 0.038539 0.125907 0.487307 0.082332 0.063097 0.092402 0.044055 0.052397 
0.012032 0.052615 0.069641 0.159114 0.435934 0.048913 0.027746 0.099879 0.058089 0.036037 
0.007906 0.033664 0.045029 0.116581 0.342279 0.066290 0.063114 0.230846 0.053946 0.040344 
0.001534 0.014686 0.009914 0.042970 0.286528 0.036164 0.082814 0.401357 0.079010 0.045023 
0.000215 0.009930 0.030008 0.062657 0.297618 0.020839 0.043761 0.382008 0.096664 0.056300 
0.001468 0.012263 0.035986 0.076334 0.394466 0.032817 0.011509 0.337235 0.047445 0.050476 
0.000345 0.015832 0.018656 0.041494 0.316322 0.020077 0.062786 0.368127 0.095769 0.060592 
0.003408 0.019616 0.029212 0.053027 0.345193 0.017551 0.055958 0.322598 0.077694 0.075743 
0.002175 0.015343 0.023521 0.069305 0.431983 0.023310 0.030462 0.294238 0.053575 0.056088 
0.002609 0.014885 0.020950 0.065933 0.316262 0.050444 0.078462 0.365338 0.043873 0.041245 
0.003062 0.020903 0.019380 0.071118 0.386917 0.034092 0.049238 0.279195 0.076487 0.059608 
0.005427 0.026816 0.041188 0.107146 0.434859 0.030051 0.028384 0.223790 0.044509 0.057830 
0.002999 0.046623 0.040065 0.087271 0.467274 0.063100 0.025194 0.081052 0.096589 0.089835 
0.001894 0.031123 0.043066 0.042249 0.448380 0.076668 0.067238 0.060621 0.111335 0.117427 
0.003173 0.029687 0.041362 0.088551 0.377566 0.066829 0.085183 0.089893 0.092804 0.124952 
0.006194 0.024134 0.029033 0.076206 0.498272 0.027512 0.036961 0.197622 0.047198 0.056868 
0.008833 0.042329 0.048556 0.120377 0.474096 0.011665 0.033475 0.174783 0.044669 0.041217 
0.003521 0.018042 0.024077 0.089776 0.528435 0.029085 0.044673 0.154620 0.060753 0.047017 
0.004822 0.024408 0.045815 0.113472 0.469729 0.051092 0.046954 0.153242 0.053655 0.036811 
0.011153 0.047500 0.066534 0.157434 0.411498 0.029315 0.022854 0.163053 0.046144 0.044516 
0.002952 0.021214 0.036914 0.109603 0.411288 0.073488 0.080953 0.182264 0.038045 0.043279 
0.008207 0.041001 0.053539 0.134484 0.408553 0.058088 0.059011 0.151722 0.049688 0.035707 
0.008512 0.039444 0.057676 0.130556 0.470635 0.036055 0.016631 0.116349 0.055902 0.068240 
0.007754 0.032398 0.051944 0.112850 0.543387 0.036181 0.029429 0.058148 0.026119 0.101789 
0.006593 0.054517 0.052276 0.085275 0.470844 0.057545 0.040717 0.039417 0.084885 0.107932 
0.008363 0.065451 0.044502 0.070874 0.528692 0.048603 0.017198 0.025302 0.103712 0.087303 
0.006439 0.050104 0.040064 0.062559 0.495085 0.140978 0.043043 0.038833 0.076566 0.046329 
0.001206 0.043591 0.080823 0.071581 0.503250 0.120108 0.050458 0.043154 0.051893 0.033936 
0.005395 0.032959 0.058369 0.058984 0.497075 0.190895 0.042782 0.041948 0.036986 0.034607 
0.009694 0.045394 0.063463 0.081416 0.392132 0.255739 0.051044 0.027830 0.026462 0.046826 
0.009191 0.029560 0.050967 0.053415 0.367904 0.257754 0.073819 0.047132 0.049457 0.060801 
0.004175 0.026309 0.050394 0.034914 0.546479 0.132742 0.054240 0.039216 0.053572 0.057958 
0.008868 0.039270 0.052923 0.078132 0.432593 0.209265 0.054702 0.051787 0.029027 0.043433 
0.004919 0.022910 0.046069 0.060144 0.346685 0.309945 0.075980 0.049637 0.039289 0.044421 
0.002107 0.015973 0.053733 0.050998 0.416802 0.229770 0.077913 0.039420 0.029668 0.083616 
0.005935 0.015487 0.062987 0.075017 0.438584 0.199034 0.064811 0.040066 0.041078 0.057002 
0.009418 0.042398 0.046002 0.071901 0.349878 0.297274 0.062439 0.047322 0.032562 0.040808 
0.008808 0.037302 0.055380 0.069150 0.376820 0.233530 0.069021 0.038986 0.032621 0.078381 
0.003725 0.017802 0.056170 0.064122 0.447163 0.170221 0.064913 0.047801 0.087888 0.040194 
0.004170 0.022732 0.052362 0.471230 0.205145 0.114552 0.044528 0.025672 0.024748 0.034860 
0.002549 0.008816 0.037539 0.344519 0.240601 0.099319 0.037200 0.161168 0.035712 0.032578 
