Mamma-mia,ABBA
0.000000 0.000000 0.000000 0.000000 0.000000 0.000000 0.000000 0.000000 0.000000 0.000000 
0.000000 0.000000 0.000000 0.000000 0.000000 0.000000 0.000000 0.000000 0.000000 0.000000 
0.000000 0.000000 0.000000 0.000000 0.000000 0.000000 0.000000 0.000000 0.000000 0.000000 
0.000000 0.000000 0.000000 0.000000 0.000000 0.000000 0.000000 0.000000 0.000000 0.000000 
0.000000 0.000000 0.000000 0.000000 0.000000 0.000000 0.000000 0.000000 0.000000 0.000000 
0.000000 0.000000 0.000000 0.000000 0.000000 0.000000 0.000000 0.000000 0.000000 0.000000 
0.000000 0.000000 0.000000 0.000000 0.000000 0.000000 0.000000 0.000000 0.000000 0.000000 
0.000000 0.000000 0.000000 0.000000 0.000000 0.000000 0.000000 0.000000 0.000000 0.000000 
0.000000 0.000000 0.000000 0.000000 0.000000 0.000000 0.000000 0.000000 0.000000 0.000000 
0.000000 0.000000 0.000000 0.000000 0.000000 0.000000 0.000000 0.000000 0.000000 0.000000 
0.000000 0.000000 0.000000 0.000000 0.000000 0.000000 0.000000 0.000000 0.000000 0.000000 
0.000000 0.000000 0.000000 0.000000 0.000000 0.000000 0.000000 0.000000 0.000000 0.000000 
0.000000 0.000000 0.000000 0.000000 0.000000 0.000000 0.000000 0.000000 0.000000 0.000000 
0.000000 0.000000 0.000000 0.000000 0.000000 0.000000 0.000000 0.000000 0.000000 0.000000 
0.000000 0.000000 0.000000 0.000000 0.000000 0.000000 0.000000 0.000000 0.000000 0.000000 
0.000000 0.000000 0.000000 0.000000 0.000000 0.000000 0.000000 0.000000 0.000000 0.000000 
0.000000 0.000000 0.000000 0.000000 0.000000 0.000000 0.000000 0.000000 0.000000 0.000000 
0.000000 0.000000 0.000000 0.000000 0.000000 0.000000 0.000000 0.000000 0.000000 0.000000 
0.000000 0.000000 0.000000 0.000000 0.000000 0.000000 0.000000 0.000000 0.000000 0.000000 
0.000000 0.000000 0.000000 0.000000 0.000000 0.000000 0.000000 0.000000 0.000000 0.000000 
0.000000 0.000000 0.000000 0.000000 0.000000 0.000000 0.000000 0.000000 0.000000 0.000000 
0.000000 0.000000 0.000000 0.000000 0.000000 0.000000 0.000000 0.000000 0.000000 0.000000 
0.000000 0.000000 0.000000 0.000000 0.000000 0.000000 0.000000 0.000000 0.000000 0.000000 
0.008153 0.039372 0.076569 0.108090 0.130132 0.093306 0.080534 0.150399 0.198882 0.114562 
0.001116 0.140889 0.379497 0.191980 0.054248 0.044780 0.091471 0.040586 0.027147 0.028286 
0.000697 0.250356 0.234529 0.199875 0.024712 0.088861 0.085263 0.032818 0.029417 0.053472 
0.018870 0.219917 0.190116 0.209820 0.048762 0.077021 0.112059 0.032446 0.041472 0.049517 
0.029085 0.197701 0.226353 0.139508 0.036960 0.088006 0.118229 0.056241 0.071446 0.036472 
0.014932 0.199852 0.287491 0.130083 0.028845 0.118479 0.081924 0.080479 0.024197 0.033719 
0.013659 0.143533 0.193384 0.127431 0.040700 0.113427 0.046139 0.082279 0.035636 0.203812 
0.007306 0.045738 0.071196 0.091104 0.036605 0.109603 0.128717 0.094431 0.062946 0.352355 
0.008884 0.058292 0.116027 0.147596 0.048828 0.073267 0.201237 0.064872 0.098593 0.182404 
0.022972 0.071903 0.135737 0.117605 0.055006 0.058920 0.245031 0.088008 0.079561 0.125258 
0.007509 0.028415 0.098971 0.044623 0.046282 0.046685 0.402591 0.168163 0.052338 0.104423 
0.001244 0.026760 0.072578 0.030675 0.018091 0.059970 0.439159 0.151103 0.066219 0.134201 
0.009352 0.029740 0.085448 0.049328 0.052460 0.047959 0.475349 0.129519 0.057907 0.062939 
0.013435 0.063735 0.152745 0.112162 0.079483 0.109909 0.266819 0.098972 0.044267 0.058474 
0.000966 0.038183 0.090621 0.078903 0.033670 0.044765 0.129893 0.082571 0.118601 0.381827 
0.009392 0.024809 0.053049 0.033884 0.018223 0.019667 0.165752 0.070457 0.030263 0.574503 
0.014885 0.027646 0.039215 0.054056 0.013367 0.029989 0.142521 0.068242 0.107023 0.503055 
0.009963 0.068976 0.045198 0.074313 0.037265 0.040520 0.149439 0.057969 0.100037 0.416319 
0.024932 0.098391 0.053877 0.053790 0.051565 0.052355 0.084690 0.046605 0.099509 0.434285 
0.006045 0.037387 0.031506 0.053887 0.045839 0.065480 0.493412 0.134315 0.022020 0.110108 
0.012802 0.032194 0.033530 0.038599 0.049025 0.064904 0.508253 0.113533 0.048906 0.098255 
0.004845 0.039934 0.018141 0.038299 0.037816 0.056784 0.557804 0.135590 0.061586 0.049200 
0.018516 0.045765 0.028238 0.026072 0.030604 0.059357 0.481589 0.160121 0.074717 0.075020 
0.030007 0.038451 0.019846 0.037404 0.040918 0.023199 0.153792 0.097136 0.112325 0.446921 
0.017324 0.027622 0.025687 0.021348 0.028096 0.032397 0.206148 0.053559 0.031052 0.556766 
0.018777 0.020559 0.010789 0.019411 0.011062 0.013787 0.118929 0.061691 0.079210 0.645785 
0.013844 0.034312 0.026596 0.034834 0.027247 0.033074 0.108694 0.062721 0.106244 0.552434 
0.005831 0.084392 0.035020 0.021153 0.017155 0.011729 0.175073 0.088502 0.099786 0.461359 
0.006376 0.034680 0.046489 0.049289 0.049217 0.039719 0.294782 0.222776 0.039629 0.217042 
0.012602 0.065553 0.059259 0.047914 0.057693 0.043274 0.275860 0.081244 0.070920 0.285682 
0.018143 0.045716 0.047899 0.056485 0.074028 0.036086 0.262816 0.059873 0.061205 0.337748 
0.025678 0.075946 0.047845 0.041378 0.048854 0.081545 0.358647 0.088910 0.074405 0.156793 
0.022910 0.054706 0.238378 0.189651 0.166128 0.031360 0.087287 0.055616 0.065759 0.088206 
0.009986 0.243380 0.321709 0.167083 0.048152 0.057328 0.060291 0.039202 0.026191 0.026677 
0.008672 0.176611 0.237663 0.192826 0.047168 0.065830 0.120712 0.063455 0.037308 0.049755 
0.002823 0.169650 0.259805 0.188244 0.056290 0.084975 0.064471 0.044129 0.066153 0.063461 
0.001911 0.200692 0.215433 0.251758 0.041146 0.055131 0.084691 0.061599 0.039378 0.048262 
0.012527 0.188065 0.231282 0.255468 0.038957 0.080775 0.068633 0.047365 0.026527 0.050400 
0.023846 0.171392 0.148459 0.206933 0.096292 0.068862 0.185015 0.049042 0.015481 0.034677 
0.003129 0.050484 0.126135 0.167363 0.077415 0.079691 0.256684 0.072681 0.050154 0.116264 
0.002526 0.053949 0.159535 0.198019 0.065430 0.062473 0.268754 0.090702 0.041873 0.056738 
0.005713 0.085003 0.140753 0.124621 0.070990 0.051860 0.208264 0.061873 0.084728 0.166196 
0.002925 0.051971 0.162972 0.104842 0.055955 0.066468 0.253852 0.074465 0.116573 0.109977 
0.016720 0.056090 0.156408 0.107544 0.066966 0.086520 0.103121 0.082015 0.139293 0.185322 
0.000081 0.040038 0.161639 0.099902 0.068590 0.102292 0.136261 0.088788 0.104968 0.197441 
0.011499 0.059633 0.210041 0.090810 0.056760 0.081440 0.128537 0.073342 0.093532 0.194405 
0.005469 0.035948 0.095545 0.053278 0.062922 0.060154 0.378035 0.178912 0.077737 0.051999 
0.014724 0.040835 0.083039 0.092546 0.076098 0.091197 0.218238 0.138438 0.091139 0.153747 
0.029852 0.074854 0.060401 0.149088 0.115443 0.068442 0.166839 0.105964 0.109393 0.119725 
0.026024 0.043370 0.078000 0.095224 0.113785 0.091298 0.328839 0.055460 0.072129 0.095869 
0.033921 0.050210 0.084187 0.074472 0.080720 0.068627 0.266788 0.112166 0.150160 0.078748 
0.012214 0.062796 0.105292 0.045720 0.037036 0.032691 0.182488 0.125666 0.121743 0.274354 
0.012310 0.080306 0.092229 0.045061 0.042673 0.035722 0.148926 0.107553 0.127527 0.307693 
0.007040 0.029891 0.085911 0.075936 0.070290 0.058873 0.131645 0.082341 0.142314 0.315758 
0.010774 0.084445 0.087667 0.055842 0.058148 0.051065 0.164071 0.085074 0.128463 0.274450 
0.004016 0.049808 0.037295 0.035724 0.032836 0.031398 0.406057 0.182340 0.098142 0.122385 
0.013212 0.064815 0.071653 0.054670 0.046440 0.045963 0.366338 0.164407 0.091765 0.080736 
0.030779 0.080170 0.090238 0.068704 0.081129 0.062253 0.264172 0.083266 0.098022 0.141266 
0.041876 0.070459 0.071826 0.041799 0.054824 0.063640 0.286373 0.113317 0.104822 0.151066 
0.036583 0.067393 0.077573 0.054656 0.058712 0.075577 0.338059 0.088673 0.083779 0.118994 
0.010853 0.062253 0.060253 0.078743 0.063444 0.037534 0.239405 0.158986 0.050270 0.238258 
0.036505 0.110731 0.096674 0.028706 0.023714 0.051378 0.097375 0.123678 0.131179 0.300060 
0.039347 0.103206 0.149933 0.096639 0.057116 0.034458 0.187610 0.088094 0.101328 0.142270 
0.065074 0.079983 0.165807 0.069628 0.039905 0.081834 0.158661 0.071818 0.090127 0.177163 
0.024517 0.047266 0.059232 0.026285 0.045683 0.047925 0.427265 0.194832 0.068604 0.058390 
0.015570 0.031202 0.052528 0.041337 0.052273 0.057303 0.536406 0.148213 0.042573 0.022594 
0.022104 0.022376 0.062837 0.044631 0.069816 0.080070 0.545179 0.104373 0.025736 0.022877 
0.018754 0.052690 0.059120 0.036253 0.047457 0.075091 0.464210 0.170964 0.042583 0.032878 
0.027149 0.134691 0.072622 0.067898 0.025937 0.040939 0.356798 0.186813 0.046299 0.040855 
0.003192 0.071452 0.056099 0.049279 0.074648 0.058306 0.300790 0.063515 0.133001 0.189718 
0.010547 0.056168 0.036649 0.039190 0.042073 0.033659 0.221406 0.133742 0.139252 0.287313 
0.018616 0.060623 0.058282 0.051789 0.045795 0.033024 0.146892 0.141930 0.167971 0.275078 
0.008243 0.130265 0.253656 0.086069 0.142264 0.056258 0.061296 0.073904 0.083339 0.104707 
0.005273 0.095366 0.194670 0.130839 0.125938 0.099853 0.076341 0.103648 0.070096 0.097977 
0.006010 0.140936 0.309717 0.190251 0.059637 0.063977 0.094527 0.050067 0.047249 0.037629 
0.019404 0.229374 0.237897 0.158844 0.053672 0.044115 0.093368 0.056068 0.027382 0.079875 
0.019769 0.211306 0.203842 0.169348 0.040797 0.082788 0.102432 0.024467 0.067941 0.077310 
0.001388 0.190023 0.283382 0.163654 0.075051 0.044955 0.070105 0.024194 0.070005 0.077244 
0.005927 0.169754 0.188408 0.163756 0.051496 0.100175 0.070794 0.043659 0.055703 0.150329 
0.003028 0.064374 0.128886 0.111051 0.049025 0.143338 0.082709 0.050633 0.122503 0.244453 
0.011096 0.057520 0.147247 0.114946 0.041234 0.143117 0.116909 0.017126 0.134680 0.216125 
0.010227 0.051176 0.173755 0.114153 0.085593 0.227234 0.074925 0.045345 0.132854 0.084740 
0.002832 0.018122 0.110962 0.140127 0.121876 0.216585 0.096030 0.134560 0.119151 0.039754 
0.008484 0.053090 0.211746 0.198793 0.061239 0.100965 0.146970 0.080962 0.066534 0.071217 
0.003365 0.063426 0.231579 0.129155 0.102089 0.086635 0.120301 0.090997 0.126781 0.045671 
0.000220 0.050499 0.313273 0.150831 0.091238 0.079441 0.075167 0.090696 0.092463 0.056172 
0.008935 0.054746 0.238121 0.172356 0.072308 0.083255 0.081961 0.098437 0.098121 0.091760 
0.002725 0.033948 0.172373 0.129086 0.071985 0.085417 0.153892 0.050035 0.096379 0.204159 
0.002658 0.016904 0.272250 0.078883 0.070847 0.064207 0.078994 0.066096 0.108689 0.240472 
0.005957 0.034650 0.220107 0.086495 0.067040 0.075027 0.059394 0.054631 0.066317 0.330382 
0.014335 0.020323 0.184529 0.147686 0.045942 0.072723 0.037966 0.048848 0.125112 0.302536 
0.016448 0.031885 0.191533 0.087120 0.068588 0.073065 0.078026 0.135509 0.109523 0.208302 
0.005668 0.024145 0.144467 0.047888 0.080436 0.092135 0.303518 0.147900 0.061386 0.092456 
0.007064 0.034363 0.074384 0.093222 0.037305 0.061986 0.422354 0.106828 0.056337 0.106158 
0.002078 0.022172 0.074860 0.178471 0.100588 0.053261 0.308587 0.097513 0.052815 0.109654 
0.013008 0.031126 0.109992 0.405305 0.088426 0.038955 0.116064 0.031838 0.035825 0.129462 
0.008526 0.036791 0.078778 0.099914 0.057661 0.044301 0.136364 0.066785 0.070807 0.400073 
0.005454 0.024598 0.063868 0.055604 0.025945 0.030606 0.161340 0.043336 0.040159 0.549090 
0.011182 0.019118 0.046301 0.037878 0.017348 0.015680 0.094484 0.080315 0.094439 0.583254 
0.026214 0.046225 0.061348 0.052091 0.031037 0.043563 0.067978 0.057083 0.084964 0.529496 
0.024839 0.061980 0.157750 0.104449 0.079072 0.097577 0.124290 0.052346 0.055764 0.241933 
0.002143 0.042078 0.075147 0.049767 0.019987 0.053868 0.339930 0.196369 0.040289 0.180422 
0.009699 0.055952 0.051552 0.029672 0.030281 0.024066 0.427328 0.096990 0.064511 0.209950 
0.015482 0.046669 0.047969 0.040290 0.038502 0.038607 0.406136 0.094359 0.104542 0.167445 
0.020826 0.037403 0.135016 0.106377 0.216821 0.100473 0.145075 0.079967 0.074752 0.083289 
0.007678 0.091857 0.279167 0.219968 0.091576 0.033459 0.107225 0.053922 0.062164 0.052985 
0.006373 0.241141 0.286018 0.179077 0.036548 0.067091 0.068077 0.046357 0.039771 0.029545 
0.008258 0.195204 0.211364 0.182783 0.054360 0.059201 0.150795 0.051615 0.042898 0.043522 
0.005962 0.171275 0.208943 0.223804 0.037849 0.092251 0.072216 0.045242 0.075174 0.067283 
0.017686 0.220240 0.216616 0.176121 0.051255 0.044001 0.131451 0.050103 0.052274 0.040254 
0.017950 0.199526 0.190383 0.158112 0.045216 0.080592 0.119399 0.061599 0.069195 0.058027 
0.003645 0.084095 0.142012 0.130697 0.060718 0.098040 0.247983 0.089105 0.059595 0.084111 
0.001585 0.025361 0.195918 0.151866 0.054608 0.075870 0.218868 0.073639 0.112618 0.089667 
0.009351 0.041830 0.233723 0.167060 0.047319 0.047611 0.182144 0.091889 0.111964 0.067109 
0.002606 0.026522 0.209434 0.162493 0.104864 0.052498 0.104197 0.115093 0.140535 0.081760 
0.006333 0.031126 0.254877 0.120782 0.091081 0.133423 0.104428 0.070827 0.109995 0.077127 
0.000587 0.052897 0.247638 0.148422 0.099303 0.136730 0.098762 0.102295 0.075046 0.038321 
0.001487 0.034336 0.165736 0.126295 0.135947 0.184770 0.093347 0.094335 0.095384 0.068364 
0.001652 0.013606 0.178806 0.151127 0.060981 0.171341 0.161755 0.097769 0.099042 0.063921 
0.003072 0.011400 0.134108 0.172674 0.122139 0.130441 0.134572 0.130165 0.066278 0.095151 
0.005779 0.050908 0.130340 0.150703 0.125728 0.120341 0.172313 0.095944 0.089214 0.058731 
0.001511 0.036126 0.082588 0.166648 0.114347 0.150348 0.113817 0.130397 0.110584 0.093634 
0.000518 0.017479 0.256133 0.109545 0.091694 0.137273 0.114080 0.045934 0.127347 0.099995 
0.001163 0.027717 0.305256 0.081860 0.155349 0.106175 0.058903 0.082387 0.097067 0.084122 
0.015820 0.053233 0.226947 0.073636 0.165769 0.162785 0.096385 0.055161 0.087360 0.062903 
0.019205 0.073631 0.312072 0.080607 0.130339 0.084993 0.052096 0.066999 0.077283 0.102774 
0.002594 0.053071 0.254819 0.099787 0.122348 0.146774 0.067295 0.091757 0.070556 0.090999 
0.013608 0.055464 0.234676 0.143220 0.119830 0.088407 0.137119 0.086770 0.066236 0.054670 
0.007929 0.047523 0.175490 0.072952 0.078323 0.067662 0.298203 0.109260 0.085100 0.057559 
0.010622 0.029025 0.135171 0.084147 0.052467 0.080242 0.389287 0.127167 0.050297 0.041575 
0.018797 0.042137 0.152604 0.065793 0.054297 0.066008 0.404320 0.112898 0.045681 0.037466 
0.019063 0.060773 0.166641 0.083687 0.116939 0.064363 0.291740 0.098955 0.055960 0.041878 
0.014818 0.085680 0.180309 0.113559 0.113958 0.105384 0.084301 0.097026 0.104906 0.100059 
0.001798 0.043442 0.281527 0.074712 0.076215 0.045100 0.133923 0.073175 0.095243 0.174867 
0.004361 0.078213 0.125035 0.057544 0.035298 0.042617 0.190455 0.113436 0.106922 0.246118 
0.009137 0.058510 0.124277 0.079765 0.096475 0.041997 0.190521 0.077392 0.102486 0.219440 
0.009364 0.030144 0.229966 0.115727 0.212130 0.050567 0.126004 0.072882 0.078907 0.074311 
0.013232 0.045421 0.227832 0.114190 0.097660 0.029184 0.232326 0.106445 0.073597 0.060114 
0.015238 0.019797 0.241691 0.157380 0.147639 0.079368 0.145247 0.081824 0.078074 0.033743 
0.019481 0.048533 0.364602 0.074969 0.125508 0.031339 0.120793 0.066339 0.070497 0.077939 
0.014114 0.051139 0.235379 0.070228 0.093008 0.085872 0.221150 0.085874 0.073870 0.069366 
0.001333 0.106522 0.259400 0.093707 0.058910 0.052026 0.232366 0.063241 0.057057 0.075438 
0.013192 0.059315 0.199987 0.076832 0.102576 0.057328 0.175688 0.097411 0.076781 0.140890 
0.019286 0.098358 0.158020 0.086781 0.093315 0.063917 0.105750 0.062864 0.082724 0.228986 
0.018307 0.062791 0.165875 0.083103 0.087669 0.029413 0.156655 0.057714 0.087511 0.250963 
0.002901 0.049116 0.233454 0.095750 0.173387 0.104548 0.076615 0.084208 0.108578 0.071442 
0.035831 0.180637 0.190419 0.164125 0.130676 0.070565 0.097960 0.048300 0.030221 0.051266 
0.033161 0.220531 0.259474 0.141671 0.063000 0.045980 0.069860 0.043148 0.023321 0.099854 
0.020607 0.275650 0.193371 0.143376 0.046149 0.055976 0.085650 0.040131 0.029064 0.110024 
0.015620 0.195985 0.211444 0.155812 0.039469 0.061430 0.099038 0.054122 0.057545 0.109533 
0.013161 0.196285 0.243548 0.179620 0.035829 0.040641 0.071310 0.075908 0.037104 0.106594 
0.007375 0.135439 0.216083 0.122355 0.107136 0.082339 0.093922 0.095129 0.054950 0.085272 
0.014203 0.063337 0.125599 0.197973 0.097263 0.093160 0.086937 0.069629 0.084683 0.167216 
0.008785 0.042601 0.152401 0.241616 0.060387 0.117268 0.053085 0.065521 0.111252 0.147083 
0.005641 0.030918 0.122156 0.267434 0.066508 0.137287 0.073678 0.134262 0.097315 0.064800 
0.002258 0.017163 0.167679 0.102567 0.106728 0.083213 0.125154 0.185149 0.104339 0.105752 
0.009523 0.044514 0.126742 0.214653 0.063207 0.096621 0.090012 0.050304 0.126290 0.178134 
0.003453 0.024679 0.058337 0.211139 0.084929 0.099678 0.160342 0.031581 0.065007 0.260857 
0.007053 0.027088 0.066656 0.212411 0.139582 0.070532 0.129513 0.088559 0.056498 0.202107 
0.013017 0.056173 0.125927 0.150494 0.211382 0.114530 0.073938 0.056998 0.084789 0.112753 
0.005838 0.033509 0.105393 0.147533 0.267275 0.088985 0.046459 0.059642 0.094469 0.150897 
0.000819 0.033167 0.078772 0.144836 0.250101 0.139298 0.073791 0.114717 0.064712 0.099788 
0.007449 0.020757 0.084517 0.113382 0.346741 0.035262 0.058018 0.057381 0.082048 0.194445 
0.006609 0.024193 0.054139 0.062400 0.392727 0.075353 0.052072 0.153373 0.074269 0.104865 
0.002966 0.013596 0.047762 0.101098 0.490878 0.055827 0.094740 0.072218 0.057649 0.063266 
0.000082 0.028850 0.026300 0.059551 0.497100 0.036803 0.098206 0.094267 0.096815 0.062025 
0.002599 0.032447 0.032767 0.067814 0.452618 0.069849 0.073294 0.096181 0.101258 0.071172 
0.001439 0.019076 0.038861 0.058342 0.462310 0.021608 0.054277 0.073468 0.179045 0.091576 
0.005669 0.022186 0.055657 0.053724 0.473539 0.065696 0.092226 0.048567 0.146530 0.036206 
0.000856 0.022500 0.037463 0.058179 0.433522 0.056617 0.085942 0.039723 0.059232 0.205966 
0.006962 0.025010 0.028512 0.031084 0.429282 0.038731 0.064081 0.051654 0.057914 0.266770 
0.015812 0.039104 0.051508 0.097721 0.301440 0.084617 0.063602 0.038723 0.077435 0.230039 
0.011648 0.030514 0.051348 0.082306 0.565565 0.061403 0.034278 0.022630 0.039701 0.100607 
0.004118 0.013377 0.027503 0.061364 0.540716 0.088328 0.093518 0.041584 0.056219 0.073271 
0.008691 0.041338 0.050456 0.086880 0.521617 0.082950 0.109055 0.031587 0.031015 0.036411 
0.009851 0.032487 0.041003 0.049536 0.522223 0.065950 0.132377 0.038951 0.035494 0.072129 
0.004825 0.016029 0.020141 0.067752 0.555795 0.082619 0.087800 0.065663 0.045587 0.053791 
0.011722 0.019223 0.038376 0.068475 0.614805 0.075747 0.067848 0.021990 0.047511 0.034302 
0.012815 0.083487 0.186997 0.127587 0.312122 0.071915 0.092602 0.037165 0.040544 0.034766 
0.015344 0.195090 0.266998 0.148805 0.198704 0.045298 0.058903 0.024777 0.021416 0.024664 
0.014308 0.179953 0.186272 0.231077 0.158042 0.045238 0.053911 0.038149 0.039570 0.053479 
0.009403 0.169374 0.235810 0.158766 0.171231 0.067154 0.063374 0.041514 0.046586 0.036789 
0.016472 0.173632 0.193815 0.168075 0.214714 0.051501 0.059907 0.039589 0.030702 0.051593 
0.009641 0.139929 0.150500 0.114215 0.292385 0.042186 0.111368 0.056702 0.042129 0.040945 
0.012035 0.076599 0.086244 0.122835 0.391030 0.083680 0.081906 0.025455 0.079882 0.040334 
0.004779 0.021757 0.087855 0.101950 0.482835 0.089839 0.110021 0.024905 0.042475 0.033582 
0.010038 0.048495 0.082135 0.122743 0.429337 0.091209 0.062308 0.048108 0.051330 0.054298 
0.008624 0.037910 0.103520 0.100590 0.462996 0.096031 0.056752 0.033148 0.051841 0.048588 
0.004537 0.021306 0.110489 0.103145 0.453624 0.064587 0.059566 0.037156 0.097609 0.047981 
0.004874 0.020732 0.098109 0.072942 0.441555 0.061824 0.086990 0.029952 0.084867 0.098155 
0.002512 0.019924 0.075793 0.059653 0.413692 0.192348 0.070781 0.042980 0.066209 0.056108 
0.000269 0.008547 0.136961 0.093873 0.341910 0.089335 0.122986 0.034777 0.125639 0.045704 
0.002398 0.026643 0.048240 0.063382 0.511343 0.095176 0.089915 0.067711 0.056262 0.038929 
0.009450 0.033727 0.046982 0.064523 0.475328 0.081669 0.118524 0.047500 0.077684 0.044613 
0.008272 0.030209 0.071497 0.088005 0.447872 0.104129 0.074027 0.042090 0.084285 0.049615 
0.003659 0.026136 0.039039 0.070006 0.317245 0.239943 0.100833 0.054761 0.105963 0.042415 
0.003821 0.020059 0.137225 0.067931 0.368188 0.045808 0.049142 0.135503 0.094631 0.077692 
0.009207 0.030560 0.073948 0.151480 0.302783 0.096118 0.078711 0.150127 0.072315 0.034752 
0.014702 0.052380 0.075819 0.118878 0.477394 0.040591 0.052712 0.082293 0.059596 0.025635 
0.006790 0.032816 0.081837 0.094730 0.332227 0.092432 0.027602 0.130882 0.117065 0.083618 
0.006209 0.031090 0.097817 0.124465 0.416878 0.048313 0.027710 0.118894 0.101491 0.027133 
0.001627 0.022579 0.056780 0.055753 0.475429 0.057053 0.120488 0.057259 0.101833 0.051199 
0.004293 0.042066 0.042791 0.067069 0.487730 0.058628 0.169288 0.040451 0.070859 0.016824 
0.009425 0.018949 0.061785 0.064383 0.420269 0.064351 0.197883 0.061880 0.079437 0.021637 
0.010692 0.029885 0.154510 0.090644 0.241872 0.126702 0.128107 0.051905 0.064067 0.101616 
0.009935 0.019635 0.091856 0.039381 0.315756 0.079433 0.069806 0.225584 0.096172 0.052442 
0.008609 0.029629 0.041290 0.118757 0.357905 0.034326 0.059832 0.191820 0.095883 0.061949 
0.005420 0.019227 0.063821 0.124983 0.431445 0.058480 0.081529 0.130288 0.044716 0.040090 
0.008604 0.030465 0.060612 0.296753 0.173767 0.039563 0.067260 0.184542 0.050219 0.088217 
0.014471 0.047870 0.074391 0.173470 0.275970 0.068442 0.050241 0.090145 0.118273 0.086726 
0.008061 0.045146 0.092510 0.136072 0.147896 0.047467 0.179614 0.103821 0.073255 0.166159 
0.001481 0.043743 0.041883 0.219887 0.189187 0.063159 0.122929 0.069581 0.060037 0.188111 
0.001142 0.036720 0.063810 0.277430 0.160359 0.031073 0.154448 0.087729 0.050968 0.136322 
0.009725 0.033160 0.088503 0.240126 0.161725 0.046624 0.179612 0.032028 0.056108 0.152387 
0.009052 0.021590 0.064090 0.210221 0.080168 0.042950 0.175403 0.053657 0.048612 0.294257 
0.004600 0.019601 0.075284 0.223768 0.153756 0.034604 0.100582 0.069124 0.077715 0.240966 
0.005927 0.044287 0.071668 0.274525 0.080843 0.025020 0.116334 0.054349 0.036901 0.290146 
0.001394 0.022719 0.057013 0.289771 0.145634 0.061466 0.147866 0.047197 0.050262 0.176679 
0.009920 0.036514 0.269886 0.097004 0.120243 0.040493 0.128848 0.089018 0.099379 0.108694 
0.007038 0.150469 0.330723 0.134973 0.045953 0.065519 0.081408 0.077761 0.052581 0.053574 
0.013199 0.213201 0.263133 0.153047 0.042983 0.091203 0.072137 0.032664 0.044710 0.073723 
0.023305 0.248419 0.179871 0.126555 0.054854 0.067333 0.119237 0.044797 0.062930 0.072700 
0.014504 0.203087 0.193958 0.174679 0.054038 0.074956 0.094606 0.050667 0.067950 0.071554 
0.001975 0.162059 0.236471 0.153234 0.072183 0.118127 0.075318 0.073436 0.048881 0.058316 
0.001662 0.127814 0.188038 0.114243 0.078362 0.110985 0.108647 0.070262 0.089829 0.110159 
0.003516 0.065005 0.132245 0.155898 0.065014 0.111646 0.157373 0.062600 0.109540 0.137163 
0.001192 0.020584 0.171433 0.159887 0.079973 0.129031 0.159048 0.059135 0.138217 0.081499 
0.001279 0.020112 0.182097 0.199827 0.108027 0.141833 0.123317 0.074432 0.087025 0.062052 
0.004100 0.019522 0.150452 0.190390 0.139394 0.097286 0.091371 0.104627 0.127963 0.074894 
0.003155 0.013018 0.093819 0.154422 0.094508 0.099877 0.243022 0.079158 0.101325 0.117695 
0.001970 0.017358 0.099487 0.184319 0.071810 0.098902 0.253078 0.094541 0.070807 0.107728 
0.003122 0.027871 0.102122 0.201337 0.102162 0.075819 0.190604 0.104113 0.069985 0.122865 
0.007913 0.039829 0.071571 0.094786 0.243978 0.104982 0.117469 0.083799 0.113076 0.122597 
0.001430 0.012584 0.100260 0.079716 0.210371 0.056900 0.084428 0.228163 0.091096 0.135052 
0.008245 0.027950 0.070733 0.092922 0.293011 0.063019 0.063431 0.189011 0.060930 0.130749 
0.000944 0.014098 0.029852 0.113942 0.323740 0.073159 0.087543 0.178232 0.042957 0.135533 
0.001685 0.010056 0.031226 0.105076 0.365952 0.074350 0.098182 0.217113 0.037254 0.059108 
0.004990 0.017150 0.036296 0.074600 0.497475 0.021238 0.086927 0.196007 0.024975 0.040343 
0.007684 0.031220 0.047271 0.090314 0.501468 0.058163 0.100737 0.092655 0.049586 0.020901 
0.001210 0.009180 0.023481 0.030246 0.504049 0.036657 0.173054 0.084301 0.100887 0.036934 
0.001853 0.007303 0.023457 0.034753 0.613217 0.018162 0.111445 0.096289 0.066062 0.027461 
0.001271 0.018594 0.034552 0.041540 0.627137 0.033116 0.043492 0.062967 0.110898 0.026432 
0.011060 0.031148 0.028630 0.054874 0.493521 0.026462 0.064697 0.044373 0.096500 0.148734 
0.012153 0.023661 0.041964 0.046676 0.434261 0.015916 0.087719 0.048680 0.091954 0.197017 
0.007291 0.023889 0.034462 0.067045 0.502705 0.068669 0.043340 0.045908 0.085087 0.121604 
0.004951 0.029793 0.046678 0.094403 0.481486 0.099622 0.072635 0.058694 0.037814 0.073923 
0.006540 0.045409 0.054584 0.085989 0.588390 0.081023 0.063772 0.025937 0.023529 0.024828 
0.001219 0.012813 0.029161 0.075505 0.562991 0.095599 0.095407 0.042056 0.054011 0.031239 
0.006835 0.029597 0.039569 0.072093 0.573411 0.082245 0.107866 0.028284 0.019528 0.040572 
0.005558 0.019646 0.035635 0.062964 0.637995 0.071715 0.084718 0.034204 0.034469 0.013095 
0.014129 0.048579 0.060081 0.104581 0.569493 0.080557 0.044922 0.027373 0.034780 0.015506 
0.014237 0.149638 0.220923 0.107841 0.308010 0.057991 0.051405 0.037070 0.027623 0.025263 
0.019840 0.166325 0.178367 0.147510 0.270700 0.046426 0.050359 0.038894 0.033142 0.048436 
0.002621 0.135221 0.172871 0.106329 0.282965 0.069676 0.096673 0.059165 0.035698 0.038782 
0.000063 0.136847 0.107906 0.132850 0.343720 0.099368 0.065865 0.042871 0.041605 0.028905 
0.013012 0.154533 0.125506 0.107156 0.358720 0.090056 0.037061 0.051875 0.031074 0.031007 
0.017476 0.161308 0.088415 0.111190 0.348978 0.064325 0.068895 0.039857 0.051502 0.048055 
0.007297 0.057885 0.035589 0.132361 0.416581 0.095773 0.108971 0.053288 0.055272 0.036982 
0.003416 0.022959 0.084992 0.141754 0.443042 0.085717 0.090416 0.072263 0.033406 0.022036 
0.000458 0.023484 0.115953 0.217787 0.277485 0.112531 0.058938 0.072192 0.051601 0.069571 
0.003558 0.030334 0.091387 0.130263 0.368585 0.068354 0.171217 0.055662 0.035755 0.044885 
0.008893 0.035809 0.101973 0.105017 0.468132 0.087369 0.072641 0.017594 0.063869 0.038701 
0.007439 0.028477 0.077705 0.106154 0.572756 0.085342 0.057749 0.026986 0.026543 0.010849 
0.005903 0.027199 0.117275 0.137345 0.366065 0.079688 0.093969 0.039130 0.070127 0.063299 
0.003474 0.011171 0.145808 0.057524 0.348585 0.144970 0.082886 0.053864 0.100831 0.050887 
0.003820 0.021708 0.124512 0.049404 0.344335 0.105595 0.094564 0.073440 0.120849 0.061774 
0.003951 0.008137 0.045599 0.083960 0.485105 0.049688 0.116715 0.064382 0.097587 0.044874 
0.009516 0.029864 0.048416 0.079161 0.460009 0.108357 0.130916 0.040909 0.071613 0.021238 
0.000969 0.022363 0.042266 0.066692 0.581403 0.102467 0.057517 0.041625 0.059442 0.025255 
0.004136 0.031808 0.041611 0.094146 0.518421 0.078944 0.063984 0.035177 0.064553 0.067221 
0.005008 0.024606 0.135046 0.128085 0.223499 0.087451 0.058637 0.163551 0.098040 0.076079 
0.007635 0.037836 0.116300 0.080035 0.356495 0.051835 0.067981 0.107999 0.074615 0.099268 
0.000258 0.023375 0.044262 0.070958 0.357082 0.043829 0.051835 0.243479 0.070779 0.094144 
0.006440 0.020740 0.089455 0.102133 0.301439 0.042627 0.043913 0.170893 0.115341 0.107019 
0.001720 0.022358 0.363694 0.125246 0.221455 0.061471 0.060436 0.066024 0.062062 0.015534 
0.004599 0.049620 0.244448 0.098066 0.263692 0.060940 0.102292 0.073738 0.075521 0.027084 
0.005046 0.024106 0.334096 0.058534 0.273848 0.049935 0.129624 0.037100 0.060092 0.027618 
0.022682 0.089067 0.146960 0.072055 0.346173 0.063625 0.074064 0.055874 0.095504 0.033994 
0.027035 0.135982 0.251104 0.090061 0.158640 0.097350 0.046794 0.083277 0.075147 0.034610 
0.018524 0.219510 0.245517 0.062224 0.187609 0.035546 0.039144 0.113080 0.041208 0.037638 
0.004121 0.168171 0.119401 0.062513 0.372328 0.036537 0.047948 0.086464 0.036464 0.066053 
0.001956 0.105563 0.267486 0.171756 0.227263 0.048333 0.032160 0.083502 0.023038 0.038944 
0.010812 0.105361 0.122707 0.197006 0.272465 0.044060 0.054227 0.065967 0.085727 0.041668 
0.000509 0.039279 0.412429 0.130321 0.197523 0.049215 0.063081 0.043009 0.030792 0.033841 
0.014364 0.065210 0.270349 0.178225 0.148018 0.076699 0.147697 0.035649 0.030084 0.033706 
0.013263 0.063849 0.350424 0.162232 0.175707 0.050685 0.082961 0.020802 0.040758 0.039317 
0.015027 0.058729 0.329476 0.224235 0.099960 0.046940 0.082779 0.042284 0.019577 0.080993 
0.004437 0.046237 0.192508 0.320094 0.149468 0.044598 0.089711 0.023567 0.027656 0.101724 
0.007376 0.039077 0.134302 0.303142 0.196211 0.025960 0.144899 0.046265 0.031741 0.071028 
0.000286 0.022130 0.098302 0.308319 0.243028 0.040153 0.097509 0.067908 0.040061 0.082302 
0.007943 0.048013 0.077882 0.310052 0.223692 0.043660 0.081964 0.058134 0.061724 0.086935 
0.010543 0.044675 0.081500 0.198854 0.101087 0.097164 0.100873 0.091076 0.049040 0.225187 
0.013774 0.115314 0.293436 0.146758 0.072438 0.072800 0.057771 0.048555 0.058490 0.120664 
0.016364 0.147122 0.245340 0.171142 0.057384 0.060894 0.052027 0.063866 0.031065 0.154796 
0.011559 0.177608 0.211181 0.237028 0.046176 0.039147 0.035284 0.040531 0.035636 0.165850 
0.010915 0.118737 0.134888 0.203133 0.058305 0.057626 0.024566 0.105914 0.067773 0.218142 
0.008986 0.097800 0.215009 0.231293 0.070632 0.078738 0.028733 0.094734 0.038571 0.135505 
0.002281 0.158360 0.147812 0.282363 0.055266 0.090659 0.057958 0.109831 0.048320 0.047152 
0.003670 0.237692 0.264548 0.136123 0.071059 0.067475 0.050176 0.038391 0.041730 0.089136 
0.003735 0.215821 0.274250 0.172357 0.052497 0.105038 0.039088 0.038845 0.045819 0.052551 
0.014278 0.099130 0.394295 0.104296 0.071001 0.035846 0.058898 0.068627 0.070080 0.083550 
0.002440 0.049647 0.272189 0.283452 0.169317 0.058934 0.054701 0.036081 0.032653 0.040586 
0.005290 0.077761 0.251883 0.270157 0.127473 0.058157 0.092870 0.029826 0.038301 0.048282 
0.006177 0.090683 0.193210 0.360856 0.059831 0.068532 0.127238 0.026315 0.019188 0.047971 
0.015863 0.076854 0.081520 0.493023 0.074535 0.050568 0.097018 0.038907 0.039733 0.031979 
0.001752 0.054939 0.077963 0.474745 0.136632 0.062296 0.053127 0.039772 0.046644 0.052130 
0.007549 0.088043 0.126417 0.480417 0.134693 0.043354 0.024315 0.026185 0.033042 0.035984 
0.017501 0.136030 0.129361 0.419688 0.121758 0.029193 0.045949 0.027275 0.026105 0.047141 
0.023030 0.162135 0.144634 0.303602 0.109611 0.064243 0.039692 0.050673 0.032878 0.069501 
0.006249 0.083351 0.226033 0.265350 0.079635 0.043138 0.065741 0.078526 0.035181 0.116796 
0.015591 0.147615 0.393590 0.125275 0.093653 0.057891 0.044863 0.053064 0.044338 0.024120 
0.006751 0.177284 0.299384 0.279616 0.059930 0.053616 0.041134 0.027182 0.032490 0.022612 
0.025193 0.227124 0.187017 0.341342 0.083146 0.026401 0.059975 0.015884 0.017388 0.016529 
0.023124 0.130443 0.140973 0.460502 0.075873 0.028265 0.071405 0.021045 0.021572 0.026798 
0.005785 0.083455 0.195326 0.379525 0.128486 0.055715 0.043331 0.032512 0.027151 0.048714 
0.002308 0.064464 0.355767 0.212588 0.070715 0.030975 0.114950 0.051942 0.057436 0.038855 
0.006010 0.158500 0.253225 0.333124 0.046290 0.015527 0.104332 0.019430 0.030852 0.032710 
0.016215 0.188866 0.335045 0.193709 0.075620 0.036095 0.055896 0.033985 0.029484 0.035085 
0.008487 0.097508 0.377275 0.141853 0.102432 0.070849 0.060922 0.046823 0.055748 0.038103 
0.004715 0.019494 0.246256 0.079134 0.200725 0.060269 0.035040 0.215946 0.120213 0.018209 
0.006714 0.052748 0.236792 0.081665 0.125819 0.039504 0.073502 0.284452 0.047219 0.051586 
0.001459 0.067712 0.212634 0.102334 0.068149 0.050263 0.126548 0.282610 0.046916 0.041376 
0.002500 0.083218 0.141746 0.140235 0.093438 0.018783 0.080478 0.340787 0.048705 0.050111 
0.001691 0.066415 0.084508 0.157881 0.325442 0.046818 0.064977 0.153932 0.065564 0.032772 
0.014085 0.145811 0.134488 0.135836 0.297619 0.015419 0.032209 0.136950 0.060043 0.027539 
0.016110 0.167885 0.137732 0.205936 0.214212 0.027335 0.045458 0.083272 0.052462 0.049600 
0.000002 0.104898 0.126801 0.179385 0.337068 0.047440 0.037827 0.083164 0.041140 0.042276 
0.001989 0.041963 0.035643 0.115252 0.585278 0.036897 0.031556 0.076679 0.045487 0.029256 
0.015259 0.054288 0.133628 0.129784 0.362607 0.060996 0.028275 0.075760 0.105869 0.033534 
0.002896 0.090563 0.387810 0.121524 0.189917 0.020529 0.021354 0.057572 0.071060 0.036774 
0.010653 0.131121 0.203265 0.112260 0.383143 0.042773 0.030214 0.031897 0.036381 0.018292 
0.012227 0.074730 0.189312 0.043519 0.424909 0.078300 0.060344 0.045112 0.043208 0.028340 
0.007597 0.082223 0.159878 0.157970 0.372913 0.070752 0.059607 0.034965 0.031343 0.022752 
0.016889 0.199610 0.155806 0.214415 0.134952 0.067476 0.096716 0.041954 0.041245 0.030937 
0.018038 0.178284 0.117104 0.310519 0.154950 0.032377 0.051965 0.053840 0.043876 0.039047 
0.001119 0.213437 0.125606 0.283234 0.165185 0.038587 0.041322 0.062238 0.035184 0.034089 
0.003536 0.132564 0.315568 0.195829 0.118738 0.057090 0.047637 0.030330 0.024266 0.074443 
0.004068 0.038239 0.234548 0.183494 0.164993 0.142301 0.082906 0.063005 0.040868 0.045578 
0.001455 0.050817 0.325739 0.129114 0.157825 0.060723 0.116626 0.049164 0.058457 0.050079 
0.003189 0.087427 0.229135 0.245511 0.123178 0.045514 0.114124 0.037783 0.045068 0.069070 
0.005605 0.076200 0.213349 0.265395 0.127706 0.049194 0.051144 0.047512 0.067488 0.096406 
0.003586 0.100689 0.150567 0.159372 0.147362 0.024008 0.082657 0.101757 0.072266 0.157735 
0.006625 0.080379 0.094764 0.220926 0.068975 0.039970 0.165212 0.093283 0.030347 0.199519 
0.006821 0.121235 0.123654 0.265129 0.046094 0.050144 0.188214 0.023842 0.024053 0.150812 
0.005327 0.151122 0.179459 0.218204 0.060297 0.033614 0.162040 0.035361 0.039677 0.114899 
0.019052 0.135738 0.215664 0.195554 0.082641 0.039465 0.073777 0.058168 0.054774 0.125168 
0.008892 0.036799 0.160350 0.085378 0.077182 0.040219 0.279669 0.067398 0.056989 0.187124 
0.006200 0.104327 0.246047 0.113256 0.054596 0.050891 0.278858 0.040707 0.066672 0.038445 
0.009691 0.172863 0.112859 0.155290 0.045196 0.029836 0.279928 0.062483 0.074611 0.057243 
0.006622 0.132947 0.108539 0.079928 0.046258 0.039644 0.352988 0.073930 0.085329 0.073814 
0.004061 0.084105 0.154179 0.234791 0.044866 0.036198 0.227398 0.030971 0.047332 0.136099 
0.016110 0.103496 0.167664 0.400754 0.106845 0.036838 0.046124 0.025864 0.024343 0.071962 
0.012962 0.122940 0.153785 0.385973 0.140533 0.031267 0.065167 0.025357 0.025018 0.036998 
0.004607 0.043831 0.186443 0.438736 0.124958 0.025788 0.070305 0.016902 0.030842 0.057588 
0.005347 0.075999 0.205812 0.377955 0.113957 0.025099 0.072434 0.032985 0.035141 0.055272 
0.008884 0.052200 0.230527 0.346767 0.105391 0.037069 0.093885 0.022462 0.033070 0.069744 
0.007014 0.075374 0.322799 0.174068 0.119716 0.039744 0.138291 0.024459 0.045971 0.052563 
0.003617 0.138688 0.232167 0.161503 0.037086 0.042019 0.237653 0.025583 0.056125 0.065559 
0.007691 0.087444 0.163460 0.181874 0.064452 0.030967 0.298701 0.043517 0.036469 0.085425 
0.017771 0.171986 0.127947 0.252143 0.076599 0.051580 0.153124 0.035248 0.073339 0.040263 
0.002480 0.056936 0.170855 0.316869 0.056409 0.042889 0.180411 0.023407 0.053903 0.095841 
0.006873 0.118983 0.145939 0.340324 0.069522 0.050513 0.150967 0.037888 0.018054 0.060938 
0.005497 0.109468 0.156729 0.344165 0.061446 0.054455 0.107404 0.030092 0.053191 0.077553 
0.010050 0.100728 0.204882 0.262827 0.053672 0.031951 0.085327 0.044021 0.080077 0.126464 
0.000566 0.017615 0.100766 0.340623 0.077707 0.064638 0.163913 0.042291 0.133680 0.058201 
0.010292 0.106664 0.248691 0.269380 0.090186 0.080744 0.043663 0.048284 0.075809 0.026287 
0.001957 0.061318 0.223826 0.330057 0.080731 0.094617 0.025624 0.071561 0.092783 0.017526 
0.006820 0.101805 0.206734 0.335138 0.100944 0.067281 0.034673 0.078147 0.042533 0.025925 
0.005954 0.060567 0.269898 0.348722 0.072083 0.054559 0.056429 0.052513 0.041989 0.037285 
0.005764 0.075465 0.267818 0.228586 0.109922 0.050182 0.067367 0.074027 0.091032 0.029838 
0.000907 0.120919 0.327962 0.208101 0.070476 0.027887 0.089657 0.024448 0.045180 0.084462 
0.005106 0.119867 0.274068 0.235010 0.058340 0.028174 0.074400 0.054117 0.060921 0.089996 
0.010017 0.118496 0.251167 0.221108 0.081975 0.039324 0.083781 0.050826 0.046151 0.097156 
0.014378 0.075622 0.128563 0.236475 0.104893 0.054466 0.106454 0.035385 0.065112 0.178650 
0.010901 0.062285 0.398047 0.110670 0.162564 0.065921 0.056675 0.029316 0.062871 0.040750 
0.013838 0.137110 0.290087 0.194966 0.109627 0.050130 0.054628 0.035529 0.063067 0.051017 
0.001426 0.131133 0.291504 0.186361 0.140203 0.047194 0.041491 0.029740 0.077511 0.053437 
0.003245 0.094589 0.188967 0.222118 0.134553 0.065150 0.048284 0.049869 0.136883 0.056343 
0.000336 0.051351 0.137139 0.181138 0.232985 0.051983 0.050551 0.060339 0.140349 0.093828 
0.002351 0.071750 0.242872 0.188875 0.143283 0.047808 0.106736 0.041035 0.104195 0.051096 
0.001172 0.107461 0.237279 0.197738 0.115600 0.081702 0.098130 0.041820 0.079160 0.039938 
0.004113 0.114172 0.247089 0.145707 0.135221 0.077857 0.114333 0.026168 0.077641 0.057700 
0.001623 0.052655 0.099583 0.163687 0.199820 0.091887 0.100397 0.078758 0.071715 0.139875 
0.009875 0.129864 0.325475 0.174430 0.072085 0.023438 0.051761 0.070943 0.100699 0.041430 
0.012744 0.221705 0.293586 0.146812 0.100826 0.033579 0.041114 0.047736 0.066598 0.035301 
0.002624 0.163102 0.191539 0.187944 0.182976 0.037727 0.054888 0.091708 0.062026 0.025464 
0.006984 0.125887 0.162383 0.076517 0.228434 0.025212 0.055019 0.160251 0.091718 0.067595 
0.016205 0.104179 0.128533 0.168349 0.241749 0.077272 0.046985 0.120877 0.049214 0.046638 
0.005095 0.186257 0.384609 0.161630 0.049025 0.022683 0.075724 0.046780 0.025039 0.043158 
0.007265 0.145066 0.293625 0.213217 0.068288 0.029821 0.071606 0.048907 0.042331 0.079875 
0.005500 0.182488 0.308385 0.175337 0.059272 0.023738 0.098348 0.042160 0.026784 0.077988 
0.002571 0.081821 0.089393 0.069648 0.129250 0.033965 0.179161 0.096757 0.069135 0.248298 
0.010577 0.065356 0.401174 0.104771 0.159586 0.070371 0.052344 0.028018 0.063046 0.044756 
0.008975 0.075105 0.424527 0.071677 0.133653 0.070283 0.031527 0.040407 0.061758 0.082087 
0.008065 0.057808 0.319418 0.116134 0.225946 0.075911 0.041365 0.041703 0.077022 0.036628 
0.009359 0.056181 0.224963 0.156180 0.193086 0.052304 0.087217 0.060439 0.110309 0.049963 
0.004443 0.053241 0.194564 0.182020 0.166008 0.059910 0.107932 0.051446 0.066879 0.113557 
0.008146 0.132645 0.277050 0.187161 0.170871 0.035713 0.022197 0.040009 0.055805 0.070404 
0.018046 0.181763 0.250724 0.170228 0.122533 0.028693 0.048460 0.035637 0.032772 0.111146 
0.012325 0.152519 0.289837 0.135627 0.091729 0.041360 0.095064 0.048136 0.053226 0.080177 
0.009360 0.095960 0.118768 0.141242 0.240302 0.022907 0.144954 0.047425 0.053822 0.125261 
0.011600 0.060334 0.245112 0.165040 0.145791 0.029711 0.103013 0.057673 0.045138 0.136588 
0.016280 0.191249 0.296517 0.148489 0.124803 0.033629 0.063848 0.036900 0.058865 0.029422 
0.005829 0.168120 0.226711 0.125519 0.139233 0.090961 0.073407 0.050313 0.073117 0.046789 
0.005321 0.121581 0.324347 0.071879 0.130325 0.095753 0.083624 0.037456 0.066622 0.063092 
0.004411 0.059269 0.302182 0.079746 0.125620 0.097212 0.078071 0.043332 0.104162 0.105993 
0.005941 0.127051 0.245462 0.214205 0.156825 0.033118 0.055844 0.045736 0.083212 0.032606 
0.004815 0.137467 0.262728 0.221775 0.099787 0.016201 0.032294 0.039448 0.150493 0.034993 
0.002721 0.104951 0.266793 0.170677 0.159536 0.023793 0.030899 0.038051 0.155825 0.046754 
0.011267 0.085412 0.132520 0.075207 0.342277 0.039393 0.031461 0.032940 0.206779 0.042743 
0.014277 0.069294 0.382479 0.109270 0.177501 0.073046 0.043905 0.047722 0.052414 0.030093 
0.008368 0.051269 0.367372 0.159424 0.098551 0.039894 0.080454 0.036609 0.119052 0.039008 
0.013760 0.114942 0.265604 0.159071 0.106728 0.035090 0.095631 0.039798 0.130694 0.038683 
0.009041 0.090983 0.209402 0.162032 0.162213 0.046761 0.082221 0.039724 0.148425 0.049199 
0.000127 0.031056 0.138405 0.110767 0.215714 0.052288 0.107534 0.065033 0.186406 0.092669 
0.013181 0.148621 0.228453 0.189122 0.118685 0.036859 0.059279 0.050086 0.100326 0.055388 
