matilda, alt-j
0.000000 0.000000 0.000000 0.000000 0.000000 0.000000 0.000000 0.000000 0.000000 0.000000 
0.001077 0.030281 0.054628 0.051613 0.039028 0.073096 0.158862 0.217816 0.220440 0.153159 
0.016737 0.090644 0.457437 0.106024 0.092892 0.073075 0.070282 0.040492 0.033527 0.018890 
0.000630 0.006035 0.288736 0.209198 0.299869 0.129085 0.040467 0.013132 0.007148 0.005701 
0.001988 0.012196 0.094434 0.259561 0.474720 0.067253 0.049688 0.025413 0.008771 0.005975 
0.002622 0.016836 0.104877 0.218178 0.312848 0.211941 0.053271 0.040951 0.018514 0.019962 
0.001500 0.004123 0.116210 0.211949 0.175177 0.335330 0.069585 0.036342 0.030923 0.018861 
0.000921 0.004635 0.170528 0.257906 0.129166 0.354485 0.021575 0.024348 0.026611 0.009824 
0.009817 0.050834 0.350914 0.106088 0.238833 0.187115 0.024863 0.015120 0.009520 0.006897 
0.000493 0.018858 0.392385 0.130152 0.225346 0.107587 0.046877 0.035017 0.024631 0.018653 
0.017935 0.084612 0.452001 0.135010 0.188912 0.089597 0.011491 0.009766 0.008183 0.002492 
0.022489 0.104901 0.545851 0.087477 0.167731 0.020260 0.019021 0.015251 0.009740 0.007279 
0.018200 0.086839 0.483148 0.129915 0.211511 0.037956 0.007081 0.011564 0.009170 0.004615 
0.007619 0.040964 0.452156 0.113203 0.238260 0.051702 0.037259 0.029962 0.017834 0.011040 
0.016666 0.075347 0.509756 0.045947 0.239687 0.025840 0.035568 0.022168 0.017815 0.011205 
0.008735 0.047729 0.473291 0.087010 0.184328 0.056353 0.047346 0.041872 0.031556 0.021778 
0.017070 0.080036 0.535122 0.129988 0.181234 0.030836 0.008951 0.008745 0.004741 0.003277 
0.007950 0.045126 0.574617 0.156102 0.155127 0.016693 0.011129 0.017020 0.009555 0.006682 
0.002939 0.025101 0.553989 0.111737 0.200382 0.032217 0.030551 0.024561 0.009779 0.008744 
0.020842 0.094016 0.458629 0.076234 0.244687 0.031955 0.033213 0.017548 0.013079 0.009796 
0.006659 0.044441 0.460783 0.137148 0.184934 0.052902 0.041442 0.030123 0.024541 0.017027 
0.017995 0.084816 0.566527 0.155234 0.129893 0.015318 0.006158 0.013072 0.007107 0.003879 
0.003195 0.022567 0.659887 0.048554 0.183086 0.022380 0.022101 0.018123 0.013260 0.006847 
0.006180 0.035363 0.604498 0.091378 0.167236 0.024753 0.023900 0.020972 0.015927 0.009793 
0.010524 0.058226 0.521413 0.095522 0.152780 0.048656 0.034475 0.032399 0.027450 0.018554 
0.010266 0.060060 0.459575 0.106843 0.178202 0.058636 0.043384 0.037640 0.025814 0.019581 
0.014272 0.067015 0.590177 0.150105 0.135569 0.012454 0.012882 0.011723 0.003596 0.002208 
0.007852 0.046660 0.597553 0.148844 0.132958 0.015810 0.018046 0.012824 0.011383 0.008070 
0.025657 0.117869 0.589370 0.113721 0.088070 0.023525 0.014580 0.014675 0.007764 0.004769 
0.022072 0.097262 0.567578 0.118293 0.079460 0.035710 0.035353 0.015141 0.019510 0.009622 
0.009781 0.051943 0.420274 0.123202 0.151756 0.112838 0.034425 0.050872 0.028723 0.016186 
0.011384 0.066355 0.410682 0.185829 0.131349 0.091021 0.049938 0.019302 0.023612 0.010528 
0.002984 0.052805 0.464055 0.201590 0.120463 0.070371 0.024390 0.029522 0.018024 0.015795 
0.000232 0.013816 0.563438 0.227833 0.096499 0.039068 0.021343 0.019148 0.013334 0.005290 
0.014467 0.077594 0.488516 0.241674 0.075334 0.048451 0.023185 0.013436 0.009868 0.007476 
0.009709 0.053546 0.535067 0.173092 0.098959 0.046932 0.028098 0.023075 0.018184 0.013339 
0.002058 0.017053 0.516927 0.253112 0.096783 0.060568 0.022229 0.012009 0.011184 0.008076 
0.012043 0.064913 0.496889 0.166516 0.102629 0.049666 0.042153 0.019506 0.027836 0.017851 
0.003428 0.017179 0.425385 0.190114 0.093168 0.117947 0.053356 0.042404 0.034136 0.022883 
0.000565 0.017040 0.347399 0.188632 0.139726 0.061705 0.086365 0.051585 0.071373 0.035610 
0.009209 0.045601 0.564092 0.139892 0.102232 0.028408 0.040391 0.028768 0.029189 0.012219 
0.004565 0.039259 0.489591 0.153330 0.100049 0.041704 0.034664 0.066262 0.051094 0.019480 
0.007626 0.051640 0.520018 0.145836 0.095225 0.065836 0.039520 0.029743 0.032109 0.012447 
0.003856 0.046007 0.553540 0.121548 0.111494 0.065444 0.032439 0.029983 0.021181 0.014507 
0.001152 0.039105 0.486079 0.110134 0.144463 0.058241 0.054191 0.049516 0.041542 0.015577 
0.016750 0.083543 0.561382 0.120022 0.116139 0.039444 0.014720 0.029222 0.012994 0.005785 
0.020993 0.103648 0.577270 0.135425 0.046113 0.024365 0.023766 0.030536 0.024512 0.013372 
0.026424 0.129257 0.599261 0.069423 0.099941 0.025868 0.017688 0.016691 0.010156 0.005290 
0.015596 0.076192 0.567779 0.063778 0.164161 0.030242 0.024557 0.023118 0.019726 0.014851 
0.016169 0.077788 0.662701 0.041823 0.128141 0.025838 0.018653 0.012993 0.009828 0.006066 
0.020956 0.102421 0.564485 0.114671 0.094262 0.029277 0.023869 0.020504 0.017033 0.012522 
0.014813 0.073412 0.549505 0.122371 0.098380 0.039641 0.032420 0.027835 0.024175 0.017448 
0.007742 0.050708 0.608424 0.107543 0.088363 0.040351 0.030741 0.027864 0.022451 0.015812 
0.025603 0.115913 0.639371 0.115149 0.051259 0.019967 0.009972 0.009574 0.007579 0.005614 
0.017578 0.083049 0.493316 0.130382 0.130671 0.048802 0.037852 0.020843 0.024222 0.013286 
0.012595 0.063384 0.585073 0.103826 0.094714 0.032670 0.032419 0.030105 0.023921 0.021294 
0.021318 0.090693 0.560658 0.129344 0.088904 0.044979 0.017258 0.022070 0.014168 0.010609 
0.013763 0.075809 0.396567 0.189023 0.105933 0.071594 0.039642 0.040853 0.039179 0.027637 
0.003039 0.049610 0.280524 0.246721 0.131451 0.090082 0.090766 0.032472 0.038865 0.036471 
0.000744 0.029748 0.325133 0.256550 0.109557 0.090402 0.056516 0.034944 0.064436 0.031969 
0.005193 0.076211 0.320837 0.248008 0.131169 0.057642 0.050774 0.028620 0.053139 0.028407 
0.000596 0.060078 0.290925 0.280576 0.119248 0.086505 0.045229 0.036227 0.037812 0.042804 
0.017135 0.096168 0.263468 0.168437 0.137249 0.123378 0.080387 0.045216 0.024959 0.043603 
0.013031 0.071120 0.263221 0.201851 0.163538 0.103747 0.046990 0.057536 0.039492 0.039475 
0.008953 0.082097 0.221009 0.253216 0.193658 0.060684 0.062600 0.037154 0.049355 0.031273 
0.012905 0.133041 0.208867 0.188702 0.210070 0.075703 0.057232 0.038027 0.043601 0.031853 
0.004596 0.056190 0.170570 0.225030 0.222749 0.149876 0.063350 0.020909 0.064836 0.021895 
0.000344 0.030731 0.131840 0.293466 0.152122 0.154877 0.092939 0.049189 0.051074 0.043419 
0.003302 0.023994 0.136633 0.289274 0.231243 0.093384 0.088191 0.033545 0.058743 0.041692 
0.002070 0.018425 0.085632 0.324341 0.260776 0.148175 0.056294 0.049562 0.034867 0.019857 
0.003788 0.017225 0.139064 0.328704 0.251548 0.051891 0.060162 0.053042 0.054440 0.040136 
0.002020 0.041286 0.167614 0.344456 0.198748 0.093976 0.044967 0.022179 0.062365 0.022389 
0.006136 0.038855 0.315025 0.280816 0.202573 0.056461 0.037665 0.024892 0.021185 0.016393 
0.006797 0.039052 0.096992 0.320275 0.344814 0.088614 0.036129 0.026875 0.025359 0.015093 
0.001509 0.007014 0.083974 0.331196 0.459500 0.044325 0.039204 0.013733 0.011766 0.007779 
0.011681 0.056012 0.118782 0.259491 0.259612 0.158246 0.062689 0.037628 0.025612 0.010247 
0.011153 0.052593 0.155119 0.266326 0.101750 0.276092 0.056184 0.033431 0.027562 0.019790 
0.004924 0.039940 0.250509 0.213275 0.129362 0.220186 0.056553 0.040745 0.025964 0.018542 
0.014523 0.067407 0.344668 0.280199 0.142824 0.100012 0.019821 0.008858 0.014615 0.007073 
0.004398 0.037787 0.468982 0.162524 0.188506 0.050304 0.033202 0.022389 0.017315 0.014592 
0.006569 0.036707 0.482493 0.139682 0.223503 0.075907 0.011614 0.013284 0.006443 0.003798 
0.008377 0.041209 0.500603 0.150440 0.227965 0.042554 0.007170 0.010427 0.005946 0.005311 
0.002582 0.019000 0.436095 0.079345 0.313972 0.038757 0.052889 0.028044 0.016456 0.012860 
0.016958 0.078134 0.439522 0.058414 0.289933 0.030131 0.036568 0.022952 0.017097 0.010292 
0.008549 0.041713 0.424935 0.052141 0.303755 0.053273 0.043426 0.030449 0.024648 0.017112 
0.006191 0.031815 0.451120 0.104848 0.292532 0.046383 0.022355 0.024655 0.010916 0.009184 
0.005422 0.026591 0.485324 0.092974 0.309643 0.038228 0.016347 0.017989 0.002417 0.005064 
0.006361 0.032166 0.495180 0.117564 0.272546 0.033203 0.019588 0.013434 0.004654 0.005305 
0.003965 0.020563 0.552590 0.070614 0.276866 0.018357 0.031700 0.014385 0.005267 0.005693 
0.006167 0.027346 0.500447 0.112801 0.256943 0.040515 0.028023 0.017373 0.006534 0.003850 
0.004414 0.028604 0.469447 0.095522 0.249910 0.044154 0.048506 0.029168 0.017610 0.012665 
0.019662 0.088758 0.434566 0.054272 0.273694 0.031715 0.045633 0.022408 0.016028 0.013265 
0.003221 0.031974 0.403753 0.083555 0.286804 0.072077 0.034996 0.036334 0.027973 0.019314 
0.016748 0.081028 0.474985 0.145120 0.208793 0.044218 0.008487 0.011354 0.005229 0.004038 
0.011682 0.064121 0.486803 0.098758 0.186881 0.053752 0.034935 0.023297 0.022726 0.017045 
0.011415 0.062101 0.418689 0.085425 0.219594 0.077967 0.042205 0.033482 0.029657 0.019465 
0.010124 0.052947 0.457691 0.227015 0.162454 0.056044 0.008213 0.014812 0.008857 0.001843 
0.005069 0.037404 0.467992 0.223522 0.142902 0.054911 0.017928 0.024399 0.016582 0.009292 
0.007131 0.044973 0.506822 0.248972 0.057999 0.083882 0.019600 0.014202 0.008844 0.007575 
0.007918 0.037830 0.488081 0.154844 0.147371 0.080813 0.028611 0.021051 0.018721 0.014759 
0.020908 0.100465 0.494739 0.069865 0.192092 0.047499 0.020250 0.030206 0.015394 0.008583 
0.000844 0.016704 0.566480 0.227619 0.051658 0.056572 0.052402 0.010233 0.012714 0.004774 
0.001788 0.009645 0.539290 0.290459 0.058108 0.045419 0.026900 0.009319 0.012738 0.006335 
0.005053 0.031781 0.434302 0.263713 0.077092 0.072416 0.041549 0.033579 0.024524 0.015991 
0.020942 0.107747 0.378957 0.228456 0.100149 0.060961 0.038641 0.028860 0.021262 0.014025 
0.014798 0.088246 0.525906 0.280120 0.024922 0.017212 0.018324 0.013497 0.009593 0.007382 
0.011248 0.069640 0.491079 0.214285 0.056255 0.049955 0.038658 0.031924 0.021972 0.014985 
0.021986 0.112268 0.484938 0.143291 0.070546 0.078490 0.037684 0.020019 0.016955 0.013824 
0.006748 0.034862 0.230888 0.206158 0.100500 0.162516 0.069562 0.063876 0.067775 0.057116 
0.000207 0.038365 0.273287 0.129642 0.148687 0.183697 0.085019 0.036365 0.065097 0.039634 
0.001240 0.050287 0.489279 0.112762 0.103711 0.044770 0.056994 0.059991 0.042111 0.038854 
0.006738 0.054152 0.431190 0.146513 0.074149 0.094748 0.098041 0.054058 0.017803 0.022608 
0.023428 0.099971 0.392028 0.119174 0.067554 0.075103 0.109887 0.067362 0.027592 0.017902 
0.012259 0.071947 0.413578 0.129451 0.080167 0.027490 0.121485 0.074667 0.028577 0.040379 
0.006027 0.062119 0.523732 0.139445 0.080008 0.019155 0.054360 0.040410 0.038737 0.036008 
0.014576 0.094712 0.530153 0.126839 0.045150 0.035988 0.052315 0.043484 0.035846 0.020937 
0.024477 0.126161 0.519236 0.099181 0.045933 0.046410 0.050006 0.038636 0.032599 0.017361 
0.014836 0.085857 0.563119 0.153403 0.039761 0.033281 0.044430 0.032922 0.018428 0.013962 
0.003418 0.063132 0.558447 0.126774 0.079772 0.032445 0.044508 0.038041 0.029954 0.023510 
0.021659 0.116330 0.584970 0.125057 0.044583 0.027327 0.037240 0.016084 0.016985 0.009764 
0.001726 0.029758 0.736041 0.126563 0.017455 0.029516 0.024515 0.015540 0.010729 0.008159 
0.032748 0.155601 0.598392 0.109618 0.042448 0.023928 0.015801 0.009644 0.007442 0.004378 
0.024535 0.130609 0.578396 0.118502 0.043388 0.034542 0.024659 0.017894 0.016278 0.011197 
0.005052 0.053628 0.693269 0.133799 0.026579 0.025380 0.016124 0.018584 0.015924 0.011661 
0.019610 0.102388 0.626634 0.109601 0.044341 0.027862 0.024281 0.018386 0.015797 0.011100 
0.005776 0.068351 0.550733 0.128475 0.079636 0.042281 0.041017 0.034636 0.028974 0.020120 
0.017094 0.098009 0.547318 0.152176 0.054032 0.036705 0.032065 0.025488 0.021932 0.015181 
0.028036 0.150188 0.572229 0.137314 0.031382 0.025857 0.019373 0.014839 0.012380 0.008402 
0.031698 0.154615 0.582831 0.137215 0.044292 0.017816 0.012584 0.009531 0.005959 0.003459 
0.011702 0.086078 0.566827 0.158797 0.051594 0.027624 0.032355 0.026551 0.022780 0.015692 
0.014998 0.087688 0.641097 0.086840 0.047533 0.029458 0.032206 0.023170 0.021247 0.015763 
0.020384 0.103741 0.635775 0.090062 0.060017 0.021931 0.023348 0.019551 0.014954 0.010237 
0.008663 0.071570 0.607632 0.125160 0.053841 0.030988 0.036533 0.024444 0.025568 0.015601 
0.022711 0.124894 0.635530 0.086843 0.066191 0.012630 0.016885 0.014232 0.009697 0.010387 
0.009385 0.068493 0.606164 0.120308 0.069229 0.035873 0.035908 0.028502 0.011615 0.014522 
0.021866 0.080219 0.287650 0.158858 0.193097 0.068948 0.047112 0.066789 0.036698 0.038762 
0.009371 0.051700 0.235706 0.150388 0.176002 0.166196 0.076752 0.046900 0.044547 0.042439 
0.013865 0.058600 0.181183 0.246228 0.184063 0.108229 0.062495 0.035563 0.072788 0.036986 
0.000162 0.024118 0.231431 0.319447 0.115479 0.108029 0.049341 0.095303 0.031453 0.025238 
0.003582 0.037553 0.151434 0.198127 0.231193 0.148249 0.071873 0.087691 0.042843 0.027455 
0.010545 0.058702 0.562199 0.141704 0.107354 0.037384 0.033521 0.024308 0.014302 0.009981 
0.011543 0.058934 0.452235 0.194778 0.167125 0.057307 0.034813 0.011229 0.007995 0.004043 
0.013469 0.073834 0.341935 0.284942 0.147081 0.072417 0.031764 0.017922 0.013008 0.003627 
0.004825 0.024856 0.156833 0.218466 0.223620 0.251863 0.071564 0.020074 0.016043 0.011858 
0.000054 0.010952 0.093070 0.199648 0.119525 0.352509 0.156102 0.032430 0.020971 0.014738 
0.001056 0.008641 0.130504 0.135004 0.222587 0.396760 0.054587 0.023500 0.018225 0.009137 
0.004562 0.031042 0.184381 0.076442 0.257822 0.312116 0.034885 0.047091 0.039192 0.012466 
0.007229 0.032740 0.225110 0.126408 0.190796 0.243146 0.060511 0.056067 0.043336 0.014657 
0.000417 0.005883 0.378034 0.174784 0.224188 0.164086 0.017487 0.020573 0.008813 0.005735 
0.017510 0.083688 0.361149 0.090129 0.145526 0.226013 0.023076 0.027244 0.019816 0.005847 
0.000578 0.034168 0.264801 0.166001 0.184190 0.236555 0.032412 0.033753 0.035547 0.011994 
0.007060 0.064494 0.355282 0.122481 0.176512 0.121566 0.054865 0.046605 0.032041 0.019093 
0.023159 0.111350 0.362945 0.284299 0.081130 0.049907 0.044275 0.018399 0.012434 0.012102 
0.008377 0.040563 0.334209 0.176177 0.282140 0.062841 0.060493 0.008124 0.023868 0.003210 
0.014018 0.061703 0.426867 0.145433 0.224607 0.021515 0.045723 0.026876 0.024292 0.008967 
0.013760 0.064873 0.425497 0.124008 0.218223 0.044339 0.039871 0.020072 0.031513 0.017845 
0.007621 0.038503 0.480653 0.048943 0.234627 0.071132 0.038506 0.029762 0.032097 0.018156 
0.018380 0.086012 0.495644 0.150020 0.180558 0.023722 0.023605 0.009141 0.010717 0.002201 
0.005934 0.082108 0.410496 0.130639 0.197327 0.043396 0.050690 0.033439 0.022069 0.023902 
0.002939 0.055221 0.297389 0.140374 0.160570 0.092808 0.110699 0.057380 0.052623 0.029996 
0.011744 0.065912 0.393024 0.147283 0.183678 0.052214 0.059314 0.037262 0.025223 0.024346 
0.013387 0.056729 0.228537 0.247340 0.150803 0.081418 0.087853 0.055667 0.035184 0.043083 
0.009806 0.027322 0.108298 0.483205 0.087072 0.137862 0.040969 0.047511 0.035257 0.022698 
0.015501 0.078779 0.368960 0.216863 0.091062 0.048339 0.106453 0.016697 0.040440 0.016906 
0.001565 0.015116 0.419130 0.109263 0.126716 0.040966 0.161908 0.027830 0.075658 0.021848 
0.003258 0.012052 0.511195 0.130998 0.114547 0.036872 0.094607 0.023751 0.055774 0.016945 
0.005766 0.039006 0.531815 0.096101 0.149630 0.018109 0.072355 0.025520 0.055784 0.005912 
0.000447 0.011371 0.681632 0.079971 0.130193 0.009751 0.031014 0.011914 0.032931 0.010775 
0.001973 0.022268 0.644549 0.137853 0.134012 0.020352 0.012197 0.009099 0.012718 0.004980 
0.000914 0.018622 0.800180 0.037983 0.108419 0.004864 0.011454 0.004651 0.010830 0.002083 
0.000061 0.023559 0.533119 0.181799 0.108877 0.043730 0.036273 0.029305 0.025736 0.017541 
0.015665 0.063277 0.527544 0.162259 0.129613 0.031975 0.036723 0.016232 0.013164 0.003548 
0.014302 0.081167 0.484459 0.158550 0.116835 0.042609 0.046834 0.027355 0.017324 0.010566 
0.017673 0.074894 0.532026 0.134261 0.124023 0.043779 0.021949 0.023060 0.018241 0.010095 
0.003098 0.052293 0.302034 0.260048 0.151468 0.071939 0.072060 0.030546 0.021759 0.034754 
0.014885 0.076266 0.433116 0.151728 0.099548 0.058193 0.061387 0.042651 0.033201 0.029023 
0.005112 0.044326 0.389953 0.240905 0.119974 0.073151 0.041411 0.032952 0.033688 0.018527 
0.008589 0.038447 0.363493 0.246477 0.169448 0.069887 0.053435 0.020482 0.022731 0.007010 
0.010492 0.268645 0.381125 0.077038 0.098099 0.028843 0.080306 0.024973 0.022539 0.007939 
0.007011 0.325128 0.286704 0.087318 0.134264 0.021037 0.064875 0.033927 0.023893 0.015842 
0.016991 0.357553 0.257598 0.112593 0.097355 0.019500 0.074931 0.026235 0.023844 0.013400 
0.028275 0.421126 0.274971 0.092772 0.068870 0.010299 0.070291 0.013077 0.015278 0.005042 
0.034011 0.372598 0.258893 0.093107 0.115291 0.025090 0.060573 0.013975 0.019210 0.007251 
0.000336 0.336794 0.294563 0.069783 0.182699 0.018769 0.049976 0.023297 0.012758 0.011025 
0.008856 0.319790 0.284608 0.071179 0.178139 0.031927 0.053113 0.027992 0.013149 0.011247 
0.012562 0.318087 0.241561 0.075932 0.127513 0.061500 0.081851 0.044002 0.019914 0.017079 
0.028872 0.355423 0.247916 0.078885 0.101256 0.049654 0.081999 0.027675 0.014236 0.014083 
0.032729 0.442374 0.196279 0.070349 0.089019 0.048251 0.071122 0.028669 0.015655 0.005555 
0.022947 0.335126 0.217734 0.101582 0.094526 0.080641 0.073105 0.042007 0.016261 0.016070 
0.006675 0.351475 0.159889 0.102132 0.131821 0.096660 0.045977 0.041736 0.039202 0.024433 
0.026374 0.367927 0.172777 0.098850 0.093724 0.089993 0.054998 0.034430 0.034527 0.026401 
0.036772 0.404434 0.156240 0.100632 0.084679 0.095829 0.044670 0.028795 0.037404 0.010546 
0.041744 0.416471 0.118538 0.096079 0.129191 0.085165 0.041108 0.025787 0.034654 0.011263 
0.034969 0.400271 0.174953 0.138232 0.124747 0.034000 0.044653 0.016876 0.019808 0.011492 
0.019313 0.367780 0.172696 0.147244 0.114696 0.063515 0.043475 0.034453 0.022333 0.014494 
0.001337 0.391369 0.270647 0.129181 0.078530 0.043525 0.028339 0.027860 0.019424 0.009788 
0.025846 0.390777 0.268763 0.128861 0.063986 0.020803 0.047956 0.029399 0.014046 0.009563 
0.042731 0.361756 0.184583 0.181373 0.090370 0.035403 0.057721 0.022090 0.015674 0.008299 
0.042089 0.404529 0.127290 0.176146 0.122294 0.027072 0.075928 0.012449 0.007366 0.004838 
0.025752 0.389134 0.195937 0.157465 0.096788 0.017459 0.068914 0.027848 0.012911 0.007793 
0.000394 0.326167 0.229246 0.135289 0.105227 0.036339 0.065355 0.046337 0.032632 0.023014 
0.021440 0.339121 0.205370 0.167035 0.093780 0.032239 0.047504 0.045528 0.028802 0.019182 
0.028710 0.391523 0.243509 0.149116 0.071891 0.025663 0.062398 0.015247 0.007195 0.004747 
0.030117 0.362175 0.224340 0.163819 0.099027 0.027220 0.061577 0.010779 0.012951 0.007995 
0.032892 0.370450 0.201505 0.209103 0.084489 0.018692 0.044512 0.019795 0.012091 0.006471 
0.006905 0.358039 0.241932 0.182937 0.083831 0.034677 0.051257 0.016331 0.016186 0.007905 
0.017318 0.346610 0.227883 0.146835 0.097175 0.046312 0.051887 0.024387 0.024354 0.017238 
0.030577 0.439525 0.232619 0.090567 0.101151 0.026386 0.035516 0.013078 0.018925 0.011656 
0.054374 0.516012 0.208850 0.088310 0.088841 0.006092 0.017998 0.008169 0.007963 0.003393 
0.046788 0.469817 0.162969 0.105222 0.126500 0.027189 0.030309 0.014316 0.010174 0.006717 
0.018788 0.381419 0.186941 0.155543 0.118207 0.042997 0.027785 0.027221 0.026690 0.014409 
0.003682 0.358088 0.216037 0.188084 0.110406 0.023862 0.033992 0.025592 0.025319 0.014939 
0.025269 0.403715 0.204618 0.170182 0.105353 0.021698 0.021361 0.018251 0.016942 0.012612 
0.031636 0.369927 0.214008 0.117215 0.130658 0.034306 0.030857 0.029856 0.029338 0.012200 
0.031811 0.398144 0.170736 0.118259 0.136084 0.013643 0.066606 0.026089 0.031163 0.007464 
0.030320 0.353946 0.156909 0.109155 0.117828 0.058794 0.098238 0.031204 0.031301 0.012304 
0.015114 0.335217 0.176021 0.137633 0.135228 0.037228 0.088884 0.032755 0.027877 0.014042 
0.011632 0.377657 0.191732 0.152013 0.118725 0.009144 0.079637 0.023459 0.025310 0.010692 
0.030651 0.365246 0.191343 0.118658 0.153715 0.015380 0.064533 0.025427 0.023632 0.011416 
0.041157 0.403550 0.154602 0.104624 0.134286 0.024928 0.070774 0.021866 0.029531 0.014682 
0.031017 0.381652 0.197078 0.122464 0.111101 0.033750 0.068621 0.024926 0.021889 0.007502 
0.019975 0.356849 0.179327 0.133499 0.141001 0.034815 0.067985 0.026114 0.029012 0.011423 
0.000841 0.368760 0.177507 0.119617 0.188088 0.025145 0.067482 0.011268 0.030325 0.010966 
0.025524 0.374901 0.199708 0.113711 0.137006 0.033684 0.060040 0.010936 0.030045 0.014445 
0.045886 0.447543 0.187977 0.067900 0.131846 0.036473 0.036265 0.008770 0.028057 0.009283 
0.043200 0.448885 0.176378 0.067175 0.141381 0.039490 0.021727 0.023723 0.027021 0.011021 
0.035020 0.397076 0.168813 0.129417 0.144318 0.035039 0.019874 0.020661 0.032029 0.017750 
0.012401 0.338747 0.178802 0.127310 0.170060 0.042092 0.048907 0.027196 0.033053 0.021432 
0.012255 0.351686 0.210995 0.141902 0.138730 0.045633 0.030681 0.024054 0.026153 0.017911 
0.032944 0.418925 0.217522 0.140569 0.126590 0.022463 0.022414 0.005167 0.009183 0.004223 
0.044937 0.383274 0.214179 0.137269 0.121833 0.022644 0.026846 0.016300 0.025359 0.007359 
0.039633 0.353819 0.238022 0.165881 0.070677 0.019770 0.062384 0.018835 0.022595 0.008383 
0.019660 0.360734 0.233452 0.145286 0.067819 0.016292 0.085305 0.031772 0.030752 0.008927 
0.006750 0.324442 0.225797 0.110616 0.104016 0.054382 0.103558 0.007338 0.041984 0.021117 
0.019349 0.367336 0.223636 0.118924 0.088462 0.035629 0.088266 0.016261 0.031822 0.010314 
0.044283 0.428470 0.195220 0.097888 0.072075 0.011954 0.074240 0.032694 0.030087 0.013089 
0.047063 0.434385 0.172821 0.091426 0.096080 0.018639 0.078967 0.018865 0.030788 0.010967 
0.029202 0.406413 0.206067 0.134210 0.066240 0.022003 0.070811 0.028651 0.022602 0.013802 
0.000614 0.361880 0.223249 0.140281 0.070479 0.029778 0.074467 0.044804 0.033370 0.021078 
0.017837 0.364495 0.195471 0.109923 0.143369 0.028788 0.059100 0.038288 0.024192 0.018536 
0.034474 0.413062 0.149281 0.133398 0.095127 0.045710 0.061733 0.026281 0.026469 0.014466 
0.044477 0.449870 0.203171 0.102707 0.097197 0.028022 0.043199 0.013645 0.011713 0.005998 
0.044337 0.470044 0.173244 0.078903 0.092035 0.046880 0.036346 0.028120 0.019408 0.010684 
0.018498 0.415349 0.180574 0.060779 0.116835 0.060718 0.048544 0.041855 0.034344 0.022504 
0.012002 0.401534 0.189244 0.116844 0.131260 0.052013 0.035914 0.026647 0.023801 0.010741 
0.032797 0.420645 0.225397 0.150642 0.123072 0.008282 0.014782 0.009431 0.009144 0.005808 
0.050352 0.500014 0.176624 0.151313 0.070863 0.015355 0.014765 0.004184 0.011708 0.004823 
0.042213 0.440268 0.229522 0.109829 0.108569 0.027821 0.019427 0.009604 0.009906 0.002841 
0.025564 0.413389 0.199566 0.102644 0.120468 0.033942 0.057388 0.019087 0.019429 0.008524 
0.000868 0.358326 0.205416 0.102308 0.111736 0.055128 0.094880 0.016436 0.033500 0.021402 
0.020368 0.373836 0.153441 0.112558 0.114523 0.065813 0.106043 0.011119 0.025244 0.017054 
0.034259 0.415050 0.129023 0.149657 0.126679 0.027115 0.070351 0.028327 0.013501 0.006038 
0.038155 0.431748 0.130885 0.127367 0.105400 0.044331 0.058800 0.035504 0.017793 0.010017 
0.035298 0.406927 0.160363 0.088607 0.124881 0.053145 0.074474 0.024292 0.017333 0.014680 
0.012221 0.387213 0.177030 0.125705 0.112888 0.042614 0.070357 0.030965 0.026350 0.014658 
0.017536 0.354146 0.183628 0.114610 0.116543 0.037311 0.069728 0.044929 0.036773 0.024796 
0.032076 0.389512 0.174296 0.093014 0.134751 0.045279 0.051143 0.034826 0.028232 0.016870 
0.046946 0.458969 0.188483 0.083155 0.108519 0.042393 0.038822 0.013013 0.015625 0.004075 
0.041794 0.465944 0.169870 0.079232 0.112937 0.059005 0.042922 0.012396 0.010689 0.005209 
0.018285 0.411690 0.184893 0.093554 0.105943 0.076629 0.044966 0.024825 0.022503 0.016712 
0.000636 0.373376 0.234543 0.084875 0.089814 0.065091 0.056693 0.039367 0.033404 0.022201 
0.020765 0.393753 0.212450 0.118051 0.115358 0.029162 0.043060 0.025356 0.026118 0.015928 
0.045044 0.455568 0.206792 0.127208 0.091274 0.035225 0.020977 0.003540 0.009062 0.005308 
0.042071 0.460925 0.195439 0.131296 0.094648 0.040064 0.015014 0.004408 0.009998 0.006138 
0.031405 0.443329 0.246732 0.155154 0.054368 0.018107 0.021966 0.011704 0.010128 0.007108 
0.012494 0.391120 0.224387 0.162367 0.058921 0.044798 0.051796 0.019028 0.022216 0.012874 
0.009039 0.402430 0.201413 0.121967 0.092188 0.043265 0.082044 0.016989 0.019209 0.011456 
0.033409 0.392176 0.221433 0.112048 0.084982 0.030371 0.069687 0.022543 0.021763 0.011588 
0.044570 0.455077 0.189730 0.096878 0.079331 0.023190 0.057959 0.022337 0.021455 0.009472 
0.034851 0.409471 0.218253 0.080793 0.094434 0.052088 0.076108 0.012650 0.015325 0.006027 
0.026100 0.368225 0.225786 0.090712 0.123509 0.048296 0.072947 0.015748 0.020815 0.007862 
0.007695 0.393751 0.246578 0.083595 0.098333 0.047415 0.077962 0.020961 0.018130 0.005579 
0.029327 0.396297 0.225583 0.095656 0.098127 0.044692 0.066784 0.016756 0.017225 0.009553 
0.044365 0.444420 0.204650 0.112123 0.059952 0.035363 0.071375 0.008619 0.012866 0.006267 
0.042604 0.482389 0.211201 0.081797 0.056124 0.029419 0.037946 0.032343 0.017259 0.008919 
0.038288 0.443203 0.181326 0.087704 0.079568 0.042043 0.041491 0.040861 0.029156 0.016360 
0.011760 0.451184 0.197910 0.081811 0.093062 0.035675 0.042542 0.039879 0.027598 0.018581 
0.018982 0.378321 0.224650 0.110439 0.088675 0.047907 0.039658 0.038568 0.031552 0.021248 
0.026332 0.414905 0.193421 0.166983 0.075820 0.034757 0.041269 0.017245 0.015258 0.014009 
0.049072 0.455314 0.190400 0.161078 0.050719 0.035349 0.035870 0.008590 0.008078 0.005528 
0.040414 0.443136 0.190853 0.162015 0.083377 0.031017 0.023182 0.010430 0.008371 0.007206 
0.010636 0.422081 0.217457 0.217593 0.046874 0.022927 0.029637 0.012991 0.012674 0.007131 
0.005595 0.324101 0.239225 0.195399 0.087789 0.046441 0.033454 0.029244 0.023140 0.015612 
0.027204 0.391998 0.149242 0.164989 0.115857 0.047606 0.033155 0.030484 0.025831 0.013635 
0.049565 0.467717 0.155256 0.164129 0.094917 0.019026 0.023452 0.011566 0.008516 0.005857 
0.045239 0.480141 0.162221 0.131860 0.111110 0.023655 0.018196 0.012316 0.008169 0.007094 
0.032765 0.409884 0.170592 0.150870 0.109196 0.040724 0.024604 0.027243 0.022245 0.011877 
0.008333 0.330390 0.229141 0.147226 0.150447 0.026752 0.032558 0.036005 0.023597 0.015550 
0.020610 0.372495 0.203249 0.161681 0.131991 0.026734 0.034676 0.024333 0.016503 0.007727 
0.039237 0.401564 0.170166 0.141410 0.152359 0.012561 0.035040 0.021886 0.020190 0.005587 
0.042335 0.405482 0.173125 0.163662 0.094187 0.030540 0.037858 0.024291 0.018115 0.010405 
0.026742 0.412386 0.202052 0.136174 0.110523 0.029964 0.042744 0.017171 0.014549 0.007694 
0.015520 0.330408 0.228731 0.135126 0.108481 0.052857 0.049424 0.034824 0.027945 0.016683 
0.005007 0.387640 0.234570 0.149218 0.089882 0.053862 0.026999 0.023049 0.019939 0.009833 
0.031364 0.425801 0.250378 0.122005 0.060417 0.051189 0.019596 0.017012 0.012881 0.009357 
0.045074 0.456560 0.234672 0.098074 0.053272 0.037140 0.023022 0.023028 0.020184 0.008973 
0.038437 0.417543 0.215093 0.123687 0.099020 0.036544 0.042263 0.009807 0.010302 0.007303 
0.027841 0.394741 0.232002 0.134250 0.094452 0.033574 0.035179 0.019446 0.017349 0.011165 
0.002538 0.368025 0.225009 0.133684 0.103597 0.048151 0.046003 0.028199 0.024426 0.020369 
0.023073 0.368039 0.208654 0.187941 0.069912 0.037230 0.045192 0.022673 0.022532 0.014755 
0.031886 0.376545 0.227709 0.172429 0.068711 0.030567 0.057944 0.011053 0.018708 0.004447 
0.043099 0.377367 0.175158 0.136456 0.107389 0.040768 0.080183 0.018847 0.015438 0.005295 
0.030201 0.388582 0.211190 0.143209 0.086263 0.031907 0.072509 0.022660 0.009825 0.003655 
0.009984 0.365582 0.235569 0.140726 0.108222 0.023327 0.076778 0.017391 0.015894 0.006528 
0.010196 0.340342 0.201329 0.103870 0.124086 0.064641 0.093892 0.014662 0.026085 0.020898 
0.026912 0.390256 0.219611 0.129088 0.123261 0.022635 0.062581 0.010781 0.010966 0.003908 
0.046519 0.408012 0.174144 0.145924 0.089017 0.024690 0.053284 0.026818 0.020455 0.011136 
0.047034 0.412143 0.197245 0.121012 0.099678 0.024910 0.057713 0.019607 0.016037 0.004620 
0.020120 0.386712 0.221007 0.134621 0.067261 0.039112 0.065385 0.027002 0.024660 0.014119 
0.001458 0.334800 0.203618 0.127508 0.112968 0.075924 0.043872 0.042808 0.034784 0.022258 
0.030600 0.394846 0.130676 0.139667 0.097729 0.086920 0.036367 0.037866 0.027621 0.017708 
0.041390 0.440988 0.137774 0.111785 0.109135 0.079467 0.035503 0.021908 0.017050 0.005000 
0.051124 0.490582 0.139743 0.084777 0.100288 0.068351 0.029136 0.015002 0.016204 0.004792 
0.037899 0.440505 0.157298 0.098544 0.097238 0.085721 0.022598 0.019599 0.029149 0.011448 
0.010953 0.343604 0.169872 0.135639 0.108012 0.062584 0.066627 0.039629 0.039849 0.023232 
0.011496 0.394156 0.179077 0.157334 0.137360 0.025941 0.030397 0.027278 0.020567 0.016394 
0.034612 0.439851 0.190343 0.206028 0.070788 0.015414 0.018070 0.010088 0.007669 0.007137 
0.041788 0.391919 0.212392 0.146883 0.116044 0.027133 0.016842 0.007628 0.029857 0.009512 
0.029352 0.336554 0.220751 0.135569 0.112284 0.030310 0.062088 0.020683 0.043157 0.009254 
0.012556 0.292709 0.218223 0.194802 0.116340 0.028289 0.084098 0.016053 0.031009 0.005922 
0.002900 0.297195 0.179798 0.160409 0.166410 0.035637 0.095334 0.015288 0.032679 0.014350 
0.016376 0.291613 0.178597 0.178655 0.121622 0.045646 0.080235 0.028273 0.037783 0.021201 
0.029408 0.330628 0.105227 0.202689 0.160031 0.028298 0.083560 0.020271 0.030767 0.009121 
0.033863 0.352661 0.071075 0.151463 0.203854 0.044984 0.077406 0.027808 0.026399 0.010487 
0.031790 0.354617 0.159035 0.163658 0.195640 0.008755 0.035390 0.016354 0.028794 0.005966 
0.012139 0.361916 0.152872 0.159019 0.197202 0.016782 0.042239 0.013585 0.035740 0.008505 
0.011599 0.328834 0.177248 0.112845 0.174651 0.050090 0.060927 0.022160 0.039747 0.021898 
0.029439 0.371302 0.162322 0.142559 0.158744 0.042848 0.044416 0.009514 0.026539 0.012317 
0.044984 0.401608 0.175249 0.126301 0.140357 0.042334 0.018938 0.017019 0.026456 0.006755 
0.042722 0.454516 0.169017 0.087201 0.150342 0.036034 0.020409 0.010954 0.023650 0.005154 
0.017720 0.418766 0.184220 0.098678 0.140169 0.046358 0.035188 0.016631 0.026498 0.015772 
0.002384 0.332945 0.170131 0.116214 0.145796 0.064009 0.058957 0.040990 0.040991 0.027583 
0.017662 0.339080 0.165460 0.142457 0.165108 0.042972 0.051481 0.026330 0.033062 0.016387 
0.034764 0.373432 0.182608 0.169859 0.142151 0.025598 0.031523 0.010983 0.021438 0.007642 
0.040847 0.408950 0.174426 0.186062 0.094736 0.030280 0.020449 0.017674 0.014516 0.012059 
0.030005 0.356183 0.199047 0.211188 0.057776 0.043242 0.051926 0.027654 0.015415 0.007565 
0.003461 0.330247 0.170477 0.237569 0.085318 0.031394 0.069359 0.036340 0.024021 0.011814 
0.023220 0.346397 0.127085 0.189184 0.116020 0.034279 0.078766 0.044515 0.022584 0.017950 
0.031024 0.384295 0.116186 0.176903 0.110282 0.039942 0.087145 0.024699 0.018950 0.010574 
0.042241 0.396276 0.155520 0.166784 0.089737 0.021901 0.073550 0.029821 0.016484 0.007686 
0.035650 0.374581 0.108046 0.151673 0.140296 0.040497 0.058513 0.046019 0.027864 0.016862 
0.018578 0.367288 0.164444 0.192093 0.096900 0.034297 0.043176 0.040222 0.028312 0.014690 
0.007544 0.385210 0.203893 0.201638 0.071887 0.023637 0.036685 0.034433 0.025099 0.009976 
0.026180 0.386620 0.209262 0.129692 0.100698 0.032977 0.037236 0.035488 0.025091 0.016755 
0.037523 0.422769 0.169429 0.155945 0.079255 0.036999 0.038377 0.026990 0.022053 0.010660 
0.042704 0.430002 0.168282 0.169113 0.067675 0.041804 0.043765 0.014198 0.015674 0.006783 
0.035794 0.437355 0.195542 0.093214 0.075850 0.048501 0.049368 0.030316 0.019368 0.014691 
0.006077 0.433977 0.208876 0.099752 0.098461 0.050152 0.033231 0.028952 0.023095 0.017427 
0.016640 0.334519 0.228659 0.129741 0.133412 0.046768 0.031463 0.031232 0.027897 0.019669 
0.023993 0.379770 0.234432 0.100577 0.115698 0.038210 0.043251 0.023437 0.021959 0.018675 
0.036240 0.400712 0.228025 0.132326 0.125320 0.019529 0.027310 0.013605 0.009492 0.007442 
0.036309 0.379370 0.199615 0.131624 0.099934 0.046976 0.038485 0.028549 0.023726 0.015413 
0.014530 0.349439 0.258795 0.159844 0.075737 0.038055 0.055221 0.016251 0.022270 0.009858 
0.006658 0.361980 0.271783 0.181836 0.047693 0.022466 0.065130 0.016943 0.016590 0.008920 
0.024260 0.367680 0.236034 0.146512 0.085953 0.021093 0.071517 0.024464 0.014644 0.007843 
0.046085 0.425709 0.185556 0.128801 0.067180 0.028568 0.068514 0.027374 0.015672 0.006541 
0.032309 0.410121 0.216481 0.119782 0.080878 0.022766 0.068028 0.015724 0.021236 0.012674 
0.012111 0.345944 0.209634 0.119068 0.141386 0.044985 0.067157 0.019879 0.023017 0.016819 
0.011445 0.345681 0.227617 0.139047 0.130625 0.031691 0.067839 0.018859 0.017461 0.009734 
0.019311 0.412902 0.219717 0.122881 0.109962 0.031543 0.049029 0.012489 0.016104 0.006063 
0.047082 0.459248 0.212095 0.095744 0.099461 0.023376 0.034020 0.012377 0.012062 0.004535 
0.046374 0.430044 0.253397 0.136493 0.074981 0.021164 0.019539 0.006016 0.007719 0.004273 
0.028835 0.397792 0.216244 0.174049 0.061836 0.044236 0.021265 0.022231 0.021053 0.012457 
0.018113 0.375836 0.226802 0.117794 0.099543 0.042579 0.044257 0.028532 0.028051 0.018493 
0.008898 0.455498 0.229471 0.092313 0.073170 0.056170 0.041232 0.014745 0.015972 0.012531 
0.038435 0.481689 0.206217 0.103584 0.073729 0.037077 0.037142 0.013078 0.006386 0.002663 
0.047784 0.451138 0.183119 0.151891 0.078645 0.026152 0.028138 0.015810 0.014545 0.002778 
0.043933 0.431573 0.200994 0.166497 0.065788 0.024756 0.032650 0.016414 0.012672 0.004723 
0.025505 0.419489 0.236087 0.157720 0.067370 0.019189 0.027163 0.018778 0.018131 0.010569 
0.002336 0.365234 0.203093 0.145173 0.113023 0.042203 0.041830 0.035023 0.035050 0.017034 
0.024992 0.349711 0.244997 0.133739 0.108559 0.036088 0.033993 0.028918 0.026836 0.012166 
0.031318 0.404326 0.256020 0.105784 0.093853 0.031065 0.033741 0.013585 0.024600 0.005708 
0.039370 0.428783 0.233704 0.097160 0.110887 0.015556 0.042919 0.009402 0.019875 0.002344 
0.039737 0.431781 0.210826 0.112929 0.095643 0.021584 0.043589 0.014146 0.021307 0.008458 
0.005420 0.368325 0.233668 0.094262 0.138780 0.041746 0.057137 0.022905 0.025719 0.012039 
0.017930 0.346477 0.222384 0.099547 0.157699 0.042095 0.052241 0.027227 0.018171 0.016227 
0.028149 0.437594 0.238950 0.088409 0.084467 0.038834 0.047030 0.014275 0.009997 0.012295 
0.050606 0.473735 0.237825 0.090808 0.066215 0.013082 0.037780 0.012119 0.011527 0.006302 
0.048564 0.435061 0.235922 0.072901 0.100550 0.027627 0.035498 0.015776 0.018343 0.009758 
0.021625 0.429606 0.251053 0.079947 0.101263 0.028190 0.025206 0.018829 0.030465 0.013816 
0.003133 0.405597 0.271666 0.098397 0.093936 0.047503 0.025681 0.023516 0.019361 0.011209 
0.025084 0.429184 0.293145 0.077581 0.075930 0.039523 0.014292 0.018006 0.017932 0.009323 
0.050526 0.491962 0.230003 0.075249 0.079542 0.042502 0.007272 0.007106 0.011295 0.004543 
0.047631 0.472987 0.172018 0.147201 0.077259 0.042933 0.016235 0.006166 0.011580 0.005991 
0.029662 0.421800 0.210946 0.129124 0.125057 0.025685 0.023764 0.013535 0.012444 0.007983 
0.006224 0.348236 0.265613 0.156222 0.094784 0.032702 0.033597 0.026061 0.022275 0.014287 
0.017642 0.354556 0.242413 0.138968 0.102663 0.037552 0.043256 0.025094 0.022062 0.015793 
0.032382 0.369895 0.197975 0.193690 0.087918 0.027874 0.038093 0.018171 0.021068 0.012934 
0.040516 0.384944 0.186752 0.177161 0.071794 0.031078 0.064440 0.019344 0.020070 0.003901 
0.035512 0.394122 0.166457 0.153391 0.100229 0.018356 0.066353 0.032834 0.020792 0.011954 
0.022633 0.422640 0.173619 0.171792 0.060699 0.015199 0.052104 0.040213 0.023916 0.017184 
0.011858 0.363142 0.154750 0.169947 0.069163 0.076192 0.055096 0.046657 0.034025 0.019169 
0.028102 0.370163 0.172237 0.135946 0.135820 0.045087 0.040942 0.036421 0.023761 0.011522 
0.038321 0.408035 0.211306 0.113669 0.130582 0.028681 0.034051 0.011985 0.014948 0.008423 
0.031979 0.401005 0.179899 0.126605 0.137549 0.052411 0.032358 0.010538 0.016195 0.011462 
0.030464 0.368191 0.186443 0.118407 0.139572 0.044356 0.052564 0.024463 0.017930 0.017610 
0.009400 0.421548 0.210037 0.090167 0.069746 0.070630 0.042622 0.035993 0.026693 0.023164 
0.024236 0.390189 0.198522 0.088496 0.078951 0.077593 0.050126 0.039466 0.033457 0.018965 
0.033080 0.436543 0.212345 0.102938 0.087759 0.032553 0.032242 0.024288 0.019058 0.019193 
0.038676 0.445960 0.210815 0.104352 0.093929 0.042567 0.030565 0.006655 0.015903 0.010580 
0.034130 0.398513 0.176462 0.188790 0.095475 0.035040 0.035806 0.010338 0.016172 0.009274 
0.012527 0.366503 0.217739 0.227359 0.094395 0.031759 0.026964 0.004852 0.010798 0.007105 
0.011996 0.333657 0.201071 0.196899 0.098781 0.047661 0.049267 0.023179 0.023373 0.014116 
0.027240 0.389591 0.152267 0.187705 0.105737 0.047372 0.031543 0.023024 0.020321 0.015201 
0.035363 0.392175 0.129913 0.205382 0.142829 0.025347 0.030357 0.012912 0.018423 0.007299 
0.033946 0.361034 0.172868 0.170113 0.097495 0.035079 0.056568 0.026397 0.026539 0.019961 
0.024247 0.358449 0.174947 0.149912 0.119926 0.048541 0.059644 0.028233 0.023684 0.012417 
0.003231 0.317149 0.228365 0.174398 0.091680 0.046021 0.060540 0.038776 0.027118 0.012721 
0.018858 0.337988 0.181718 0.149478 0.116885 0.037667 0.060070 0.048830 0.029872 0.018635 
0.037722 0.372301 0.173719 0.110214 0.128232 0.046358 0.046165 0.044201 0.025717 0.015370 
0.036787 0.411344 0.177880 0.134859 0.087196 0.050320 0.064269 0.016288 0.015755 0.005302 
0.028627 0.394549 0.199718 0.113050 0.121410 0.043587 0.066512 0.010530 0.016960 0.005057 
0.016619 0.366492 0.210515 0.148956 0.118965 0.043875 0.054218 0.012745 0.019089 0.008524 
0.008465 0.382292 0.243435 0.139092 0.105625 0.044293 0.043649 0.011107 0.017130 0.004913 
0.041110 0.406142 0.200406 0.124409 0.114651 0.053246 0.030155 0.013004 0.011413 0.005464 
0.048724 0.439570 0.198588 0.091073 0.126241 0.041369 0.013102 0.006710 0.024422 0.010202 
0.041558 0.466689 0.223205 0.055078 0.117075 0.040714 0.015956 0.009607 0.019881 0.010237 
0.022100 0.403709 0.221013 0.137494 0.121510 0.038301 0.018256 0.012285 0.017244 0.008088 
0.004790 0.362819 0.186168 0.153511 0.138580 0.052324 0.033411 0.030551 0.021835 0.016011 
0.025564 0.350723 0.153171 0.137827 0.154807 0.057675 0.048145 0.028975 0.026245 0.016868 
0.030691 0.406703 0.137154 0.190546 0.138475 0.043548 0.018057 0.010764 0.017551 0.006512 
0.034610 0.394102 0.189712 0.200822 0.090018 0.041537 0.019380 0.009472 0.013016 0.007331 
0.036417 0.424944 0.107886 0.141332 0.126536 0.039319 0.044689 0.037151 0.027556 0.014170 
0.013290 0.361256 0.157316 0.214175 0.088092 0.047628 0.059516 0.031842 0.014311 0.012573 
0.016178 0.384234 0.159104 0.198042 0.102186 0.022921 0.056705 0.034451 0.017788 0.008391 
0.037582 0.439254 0.114808 0.130392 0.105535 0.032112 0.056160 0.043366 0.025009 0.015781 
0.046496 0.452840 0.145230 0.142227 0.095816 0.019470 0.046621 0.022076 0.020663 0.008561 
0.038214 0.378027 0.178814 0.138279 0.130284 0.043518 0.044842 0.026293 0.017453 0.004277 
0.016882 0.372657 0.177114 0.164440 0.143871 0.039314 0.037604 0.023759 0.015270 0.009089 
0.005433 0.359377 0.264170 0.191768 0.082807 0.017821 0.035600 0.022133 0.012337 0.008554 
0.028900 0.412087 0.217170 0.172279 0.069816 0.020044 0.034533 0.018437 0.017896 0.008840 
0.045751 0.439000 0.216806 0.116833 0.088342 0.015518 0.033562 0.012102 0.025203 0.006884 
0.043909 0.464122 0.190147 0.110739 0.103732 0.042736 0.016412 0.007087 0.015003 0.006114 
0.035659 0.410147 0.257525 0.100234 0.076623 0.056162 0.025275 0.018944 0.011140 0.008291 
0.014277 0.385569 0.244479 0.096233 0.085362 0.047547 0.047003 0.034881 0.027682 0.016967 
0.014187 0.437486 0.211781 0.095610 0.077671 0.068553 0.039794 0.022953 0.018328 0.013637 
0.044320 0.444233 0.185341 0.111234 0.100561 0.035615 0.035584 0.010883 0.022405 0.009823 
0.046926 0.448838 0.180744 0.115860 0.113018 0.034429 0.027175 0.008260 0.014623 0.010128 
0.034415 0.384196 0.210390 0.179435 0.074546 0.047202 0.029242 0.020074 0.013524 0.006979 
