Money-Money-Money,ABBA
0.000000 0.000000 0.000000 0.000000 0.000000 0.000000 0.000000 0.000000 0.000000 0.000000 
0.000000 0.000000 0.000000 0.000000 0.000000 0.000000 0.000000 0.000000 0.000000 0.000000 
0.000000 0.000000 0.000000 0.000000 0.000000 0.000000 0.000000 0.000000 0.000000 0.000000 
0.000000 0.000000 0.000000 0.000000 0.000000 0.000000 0.000000 0.000000 0.000000 0.000000 
0.000000 0.000000 0.000000 0.000000 0.000000 0.000000 0.000000 0.000000 0.000000 0.000000 
0.000000 0.000000 0.000000 0.000000 0.000000 0.000000 0.000000 0.000000 0.000000 0.000000 
0.000000 0.000000 0.000000 0.000000 0.000000 0.000000 0.000000 0.000000 0.000000 0.000000 
0.000000 0.000000 0.000000 0.000000 0.000000 0.000000 0.000000 0.000000 0.000000 0.000000 
0.000000 0.000000 0.000000 0.000000 0.000000 0.000000 0.000000 0.000000 0.000000 0.000000 
0.000000 0.000000 0.000000 0.000000 0.000000 0.000000 0.000000 0.000000 0.000000 0.000000 
0.000000 0.000000 0.000000 0.000000 0.000000 0.000000 0.000000 0.000000 0.000000 0.000000 
0.000000 0.000000 0.000000 0.000000 0.000000 0.000000 0.000000 0.000000 0.000000 0.000000 
0.000000 0.000000 0.000000 0.000000 0.000000 0.000000 0.000000 0.000000 0.000000 0.000000 
0.000000 0.000000 0.000000 0.000000 0.000000 0.000000 0.000000 0.000000 0.000000 0.000000 
0.000000 0.000000 0.000000 0.000000 0.000000 0.000000 0.000000 0.000000 0.000000 0.000000 
0.000000 0.000000 0.000000 0.000000 0.000000 0.000000 0.000000 0.000000 0.000000 0.000000 
0.000000 0.000000 0.000000 0.000000 0.000000 0.000000 0.000000 0.000000 0.000000 0.000000 
0.000000 0.000000 0.000000 0.000000 0.000000 0.000000 0.000000 0.000000 0.000000 0.000000 
0.000000 0.000000 0.000000 0.000000 0.000000 0.000000 0.000000 0.000000 0.000000 0.000000 
0.000000 0.000000 0.000000 0.000000 0.000000 0.000000 0.000000 0.000000 0.000000 0.000000 
0.000000 0.000000 0.000000 0.000000 0.000000 0.000000 0.000000 0.000000 0.000000 0.000000 
0.000000 0.000000 0.000000 0.000000 0.000000 0.000000 0.000000 0.000000 0.000000 0.000000 
0.000000 0.000000 0.000000 0.000000 0.000000 0.000000 0.000000 0.000000 0.000000 0.000000 
0.011307 0.262580 0.436508 0.054878 0.050159 0.055605 0.035700 0.056797 0.026626 0.009842 
0.018478 0.404931 0.142853 0.119060 0.045768 0.075866 0.044606 0.096620 0.035413 0.016405 
0.010015 0.124848 0.170257 0.078397 0.102390 0.104197 0.153394 0.172336 0.047741 0.036423 
0.031777 0.177119 0.190613 0.050238 0.119297 0.060265 0.201417 0.111191 0.023328 0.034754 
0.018135 0.093146 0.265072 0.073778 0.138603 0.076964 0.208411 0.057703 0.035709 0.032480 
0.003525 0.128031 0.268252 0.060455 0.166130 0.059245 0.188412 0.055977 0.027032 0.042941 
0.007829 0.062083 0.120255 0.050834 0.130048 0.135110 0.133875 0.192697 0.050331 0.116938 
0.002258 0.060069 0.122732 0.047564 0.081560 0.216813 0.140669 0.241181 0.023215 0.063939 
0.001466 0.050287 0.068664 0.066716 0.098474 0.216867 0.223189 0.183243 0.057430 0.033663 
0.000996 0.052012 0.091623 0.078479 0.114389 0.207784 0.304773 0.067203 0.044721 0.038020 
0.014008 0.110917 0.081973 0.082524 0.105403 0.155446 0.290055 0.081499 0.024767 0.053407 
0.010035 0.037289 0.058139 0.128535 0.107668 0.110055 0.264314 0.111309 0.128655 0.044000 
0.004423 0.033750 0.079381 0.068225 0.040158 0.131087 0.183960 0.313734 0.088228 0.057055 
0.003723 0.022013 0.030584 0.042209 0.069332 0.252466 0.076829 0.347592 0.046616 0.108636 
0.005477 0.023564 0.031013 0.031619 0.102308 0.377918 0.174116 0.117986 0.029646 0.106355 
0.002433 0.013416 0.018870 0.027746 0.092864 0.394707 0.259385 0.105595 0.034597 0.050387 
0.001477 0.016342 0.015263 0.030707 0.076827 0.326760 0.286639 0.193435 0.030032 0.022518 
0.004733 0.009544 0.047695 0.074567 0.142512 0.272248 0.227396 0.111810 0.026464 0.083031 
0.003571 0.013833 0.032362 0.061827 0.100032 0.251875 0.207400 0.123968 0.051990 0.153141 
0.001617 0.011720 0.020231 0.024076 0.056843 0.225282 0.141079 0.310256 0.067810 0.141087 
0.002042 0.011219 0.017311 0.017963 0.022109 0.117092 0.272463 0.413079 0.060222 0.066501 
0.001172 0.023345 0.019502 0.020739 0.023670 0.124007 0.357841 0.320149 0.035719 0.073856 
0.000046 0.014254 0.023509 0.014246 0.046466 0.242550 0.359188 0.163868 0.032526 0.103348 
0.001780 0.017050 0.052669 0.055829 0.059901 0.284245 0.281074 0.071714 0.056396 0.119342 
0.000500 0.013486 0.031412 0.028751 0.101158 0.351258 0.216698 0.189855 0.030030 0.036852 
0.004725 0.009921 0.022849 0.021011 0.079484 0.337007 0.130313 0.269321 0.049370 0.075998 
0.009012 0.016138 0.035727 0.041977 0.110984 0.266000 0.100076 0.250877 0.063263 0.105946 
0.009713 0.020419 0.023985 0.033492 0.090142 0.224603 0.239263 0.193421 0.051182 0.113779 
0.003364 0.026014 0.060214 0.096117 0.083466 0.127234 0.309910 0.122699 0.110190 0.060793 
0.005430 0.023951 0.046090 0.065610 0.069327 0.178441 0.260623 0.173781 0.037930 0.138817 
0.001609 0.009946 0.026083 0.034101 0.092126 0.198701 0.259816 0.234258 0.026297 0.117064 
0.004056 0.015461 0.025205 0.030746 0.107276 0.305704 0.205659 0.224079 0.012768 0.069046 
0.006180 0.018863 0.035265 0.041464 0.128583 0.386490 0.156985 0.138780 0.037550 0.049840 
0.000122 0.014763 0.017014 0.038778 0.117562 0.326321 0.238768 0.080583 0.057016 0.109074 
0.012300 0.252593 0.238008 0.076458 0.109853 0.079982 0.102547 0.083612 0.007145 0.037503 
0.006493 0.302342 0.218827 0.068611 0.116006 0.031495 0.083943 0.136275 0.020334 0.015674 
0.005295 0.338954 0.254477 0.076541 0.101163 0.036003 0.038888 0.112325 0.019683 0.016670 
0.001784 0.282696 0.337460 0.074987 0.060230 0.106759 0.039108 0.029768 0.013782 0.053427 
0.038547 0.189309 0.341051 0.070596 0.071072 0.160843 0.041643 0.040354 0.014968 0.031618 
0.036704 0.211107 0.322818 0.067765 0.065987 0.179044 0.036730 0.048637 0.008798 0.022409 
0.016548 0.273151 0.330523 0.119067 0.050791 0.086391 0.069060 0.015797 0.017148 0.021524 
0.027699 0.258306 0.283702 0.153132 0.052659 0.063220 0.110848 0.017868 0.012248 0.020318 
0.003937 0.189649 0.360558 0.149855 0.058915 0.044703 0.125093 0.023195 0.033352 0.010742 
0.010023 0.208506 0.264986 0.206643 0.041111 0.033154 0.114412 0.094924 0.014546 0.011696 
0.006503 0.172995 0.238509 0.190592 0.046051 0.053572 0.046742 0.191057 0.033198 0.020781 
0.001490 0.235259 0.358155 0.094936 0.076543 0.065446 0.043354 0.095441 0.019002 0.010374 
0.009345 0.368548 0.232918 0.089851 0.074172 0.053242 0.070023 0.075123 0.019853 0.006926 
0.019287 0.167117 0.232078 0.165569 0.089573 0.085268 0.106090 0.068353 0.028913 0.037753 
0.002393 0.217053 0.231007 0.177825 0.036165 0.071066 0.133216 0.071081 0.016615 0.043579 
0.003554 0.215147 0.264306 0.192989 0.036829 0.039902 0.095036 0.119390 0.019335 0.013512 
0.011294 0.156828 0.314185 0.195044 0.072188 0.022666 0.070950 0.121854 0.025527 0.009463 
0.008529 0.165007 0.241104 0.207125 0.108681 0.042493 0.039711 0.103546 0.033852 0.049951 
0.010028 0.174653 0.231509 0.194231 0.146760 0.083334 0.036995 0.048871 0.021084 0.052535 
0.023559 0.173347 0.170545 0.154526 0.129977 0.133701 0.081104 0.069958 0.027086 0.036196 
0.011838 0.176864 0.200344 0.169751 0.116281 0.126441 0.097228 0.070806 0.019679 0.010768 
0.012368 0.225887 0.215718 0.175558 0.122504 0.108372 0.072789 0.038669 0.011515 0.016620 
0.007428 0.224141 0.292743 0.145871 0.126710 0.090370 0.035953 0.023056 0.019811 0.033917 
0.013927 0.154242 0.163147 0.106945 0.186511 0.104730 0.034601 0.128455 0.036360 0.071081 
0.022709 0.172112 0.148911 0.110213 0.113123 0.064793 0.115938 0.171386 0.052164 0.028652 
0.007651 0.135092 0.160098 0.115311 0.085215 0.088972 0.172586 0.189043 0.009517 0.036515 
0.000177 0.165329 0.167141 0.138456 0.061381 0.139925 0.185565 0.079132 0.009806 0.053086 
0.003441 0.188895 0.221676 0.141757 0.089313 0.107929 0.141621 0.044264 0.023252 0.037852 
0.007730 0.125331 0.141106 0.113066 0.168192 0.173019 0.103101 0.116774 0.034834 0.016848 
0.011770 0.113052 0.102346 0.069567 0.162879 0.173177 0.128897 0.179059 0.014159 0.045093 
0.010573 0.115465 0.128443 0.069080 0.188486 0.124898 0.087259 0.197389 0.015726 0.062681 
0.006689 0.118854 0.126820 0.111202 0.206375 0.092767 0.166657 0.114028 0.007510 0.049097 
0.020554 0.176475 0.159680 0.108834 0.170839 0.066060 0.176006 0.084662 0.019809 0.017081 
0.016255 0.187395 0.198510 0.139537 0.122283 0.084436 0.117030 0.077496 0.022594 0.034463 
0.011160 0.099597 0.079499 0.099717 0.093678 0.183302 0.141804 0.186817 0.023623 0.080803 
0.005523 0.091831 0.101066 0.072234 0.110389 0.222863 0.112323 0.219206 0.017158 0.047407 
0.014924 0.098966 0.094279 0.076217 0.077391 0.253975 0.135295 0.187646 0.028591 0.032716 
0.018934 0.114789 0.083511 0.068796 0.094869 0.217123 0.146115 0.153117 0.040415 0.062331 
0.009021 0.125033 0.140280 0.104962 0.112137 0.162951 0.146302 0.106786 0.029229 0.063300 
0.006593 0.116992 0.113528 0.112531 0.135960 0.077781 0.183276 0.101614 0.099474 0.052252 
0.000145 0.061384 0.071989 0.104243 0.207329 0.118450 0.196117 0.127131 0.050266 0.062946 
0.008084 0.085679 0.080235 0.047234 0.140762 0.169031 0.223937 0.145099 0.028235 0.071704 
0.010812 0.094501 0.074309 0.064541 0.130471 0.268310 0.114922 0.171597 0.026316 0.044221 
0.005989 0.108407 0.104534 0.087553 0.118432 0.244602 0.096829 0.173441 0.026763 0.033450 
0.001901 0.110834 0.110320 0.093022 0.133580 0.150827 0.192200 0.135594 0.022509 0.049213 
0.020691 0.277134 0.242790 0.099947 0.164965 0.033259 0.041029 0.073822 0.025656 0.020707 
0.000720 0.310190 0.247583 0.070071 0.187769 0.028741 0.050062 0.085299 0.012397 0.007168 
0.006407 0.345856 0.266319 0.077318 0.204171 0.024513 0.013090 0.041884 0.012694 0.007749 
0.009986 0.267591 0.280930 0.079518 0.129481 0.087075 0.024929 0.059413 0.010877 0.050201 
0.000524 0.178168 0.322048 0.082870 0.112790 0.132321 0.024274 0.069546 0.039435 0.038024 
0.007516 0.191637 0.294384 0.084396 0.122281 0.146610 0.024835 0.059581 0.044063 0.024697 
0.020488 0.199871 0.313984 0.075379 0.056593 0.122240 0.127184 0.044744 0.017283 0.022235 
0.009250 0.172985 0.296805 0.089657 0.052024 0.118736 0.192011 0.021676 0.011072 0.035785 
0.014304 0.190538 0.317985 0.077190 0.056084 0.073054 0.162106 0.028338 0.048900 0.031502 
0.002024 0.198085 0.317428 0.196384 0.034398 0.043765 0.062929 0.107316 0.023474 0.014197 
0.007185 0.210376 0.238228 0.219414 0.085431 0.062289 0.035376 0.095359 0.025103 0.021238 
0.024109 0.251843 0.385569 0.120574 0.071054 0.058785 0.038980 0.019818 0.019215 0.010054 
0.006225 0.344104 0.238380 0.113845 0.111209 0.081304 0.060449 0.022340 0.006093 0.016051 
0.044483 0.251668 0.150971 0.126362 0.095335 0.146141 0.092270 0.062756 0.015948 0.014066 
0.002690 0.200481 0.214078 0.155655 0.125106 0.145255 0.082349 0.038573 0.016084 0.019730 
0.013875 0.221270 0.264763 0.161408 0.109756 0.107348 0.036650 0.029355 0.023396 0.032179 
0.004161 0.160781 0.287058 0.220283 0.120434 0.048149 0.040632 0.057916 0.041884 0.018702 
0.018247 0.172521 0.301384 0.202561 0.101932 0.028774 0.053361 0.068247 0.041301 0.011674 
0.028827 0.186569 0.280430 0.240333 0.078773 0.030486 0.061223 0.062025 0.018550 0.012784 
0.009770 0.186155 0.351226 0.263058 0.030730 0.017763 0.063751 0.034514 0.017345 0.025687 
0.020879 0.185349 0.355818 0.213492 0.040168 0.045109 0.062311 0.026046 0.036331 0.014497 
0.000426 0.167867 0.327554 0.218771 0.069338 0.072859 0.043311 0.044916 0.035384 0.019572 
0.013701 0.175305 0.334357 0.181017 0.102715 0.060556 0.046200 0.050088 0.027007 0.009054 
0.026960 0.201040 0.225273 0.201894 0.126818 0.057453 0.072468 0.038935 0.033948 0.015211 
0.005817 0.172465 0.241705 0.201737 0.071290 0.065472 0.152735 0.034994 0.040930 0.012856 
0.009285 0.183078 0.190831 0.189822 0.105822 0.067475 0.194764 0.022522 0.029952 0.006448 
0.013987 0.213406 0.139141 0.235925 0.051392 0.039732 0.212084 0.048790 0.025136 0.020407 
0.025672 0.259662 0.074378 0.253087 0.058766 0.068223 0.171746 0.034059 0.033922 0.020485 
0.026731 0.237067 0.129650 0.191703 0.069523 0.185406 0.095070 0.017172 0.022804 0.024874 
0.015498 0.212154 0.151399 0.155342 0.043276 0.245039 0.073529 0.046126 0.025846 0.031792 
0.003119 0.180696 0.203848 0.139671 0.049301 0.214512 0.090610 0.032810 0.022678 0.062755 
0.011357 0.213481 0.217844 0.160138 0.058266 0.154256 0.072263 0.022122 0.020835 0.069437 
0.027550 0.283163 0.298652 0.195609 0.039185 0.049647 0.045377 0.012285 0.012193 0.036337 
0.025165 0.289849 0.262406 0.231045 0.033953 0.044574 0.055440 0.016294 0.013017 0.028258 
0.015029 0.202977 0.231145 0.169777 0.096150 0.088276 0.116460 0.035974 0.021540 0.022674 
0.010202 0.233095 0.268526 0.130918 0.117407 0.079869 0.055985 0.044151 0.029383 0.030465 
0.006102 0.136312 0.276649 0.137651 0.149226 0.076454 0.047581 0.092253 0.041193 0.036579 
0.004785 0.188180 0.199769 0.159373 0.149185 0.075380 0.092147 0.078622 0.023604 0.028954 
0.014241 0.124859 0.166686 0.123179 0.209081 0.086675 0.131045 0.080025 0.029027 0.035182 
0.013294 0.079786 0.133778 0.141179 0.265014 0.118384 0.146414 0.046967 0.033626 0.021558 
0.004128 0.134158 0.307628 0.107726 0.217598 0.058363 0.075656 0.042908 0.034851 0.016983 
0.014209 0.167029 0.311404 0.112915 0.197094 0.053375 0.051888 0.049043 0.022092 0.020950 
0.013929 0.138099 0.363887 0.068493 0.190850 0.058897 0.049263 0.063761 0.024547 0.028275 
0.008017 0.148420 0.395790 0.056717 0.151345 0.070918 0.074462 0.053599 0.023996 0.016735 
0.003995 0.149110 0.374857 0.111670 0.101359 0.083294 0.106546 0.016269 0.024954 0.027946 
0.006508 0.139714 0.440629 0.068154 0.086033 0.100401 0.100271 0.024853 0.015420 0.018016 
0.007619 0.156233 0.350951 0.099314 0.129947 0.070106 0.101054 0.052019 0.020662 0.012095 
0.000321 0.150534 0.415549 0.070628 0.169888 0.033324 0.071544 0.054714 0.017643 0.015855 
0.002625 0.155683 0.339342 0.125002 0.207271 0.041306 0.037370 0.045962 0.023059 0.022381 
0.000818 0.163096 0.356322 0.080632 0.245554 0.042851 0.035520 0.031972 0.026382 0.016854 
0.004000 0.166389 0.340683 0.085195 0.234657 0.051416 0.057843 0.028793 0.017154 0.013872 
0.003183 0.165448 0.337609 0.091771 0.219047 0.049701 0.057350 0.051566 0.020517 0.003808 
0.003205 0.179075 0.359953 0.103777 0.219452 0.036135 0.041883 0.036233 0.013717 0.006571 
0.000560 0.185022 0.370449 0.110294 0.215026 0.035208 0.034273 0.017095 0.021980 0.010093 
0.002243 0.201325 0.384839 0.124236 0.165972 0.032573 0.028817 0.029643 0.023022 0.007331 
0.001335 0.223480 0.435567 0.120354 0.115200 0.025345 0.024750 0.032282 0.015824 0.005863 
0.007635 0.231205 0.491592 0.106724 0.040970 0.041272 0.033661 0.020484 0.011847 0.014610 
0.011671 0.425486 0.228889 0.150126 0.053644 0.031216 0.019545 0.031449 0.017677 0.030298 
0.029341 0.258081 0.385071 0.083580 0.067793 0.071154 0.022218 0.022102 0.026119 0.034543 
0.006904 0.236662 0.390486 0.058540 0.075331 0.106596 0.045691 0.045721 0.021684 0.012386 
0.022035 0.166950 0.400232 0.082355 0.090157 0.094424 0.037585 0.059108 0.017172 0.029982 
0.026830 0.179340 0.411216 0.058189 0.113599 0.082921 0.029490 0.051009 0.008397 0.039010 
0.029004 0.180867 0.413760 0.097628 0.131185 0.049946 0.017260 0.029294 0.022999 0.028058 
0.025473 0.212616 0.443670 0.083980 0.124626 0.034354 0.022360 0.014422 0.027001 0.011498 
0.000656 0.172440 0.394574 0.127351 0.129917 0.045661 0.052759 0.022311 0.026054 0.028277 
0.014821 0.140304 0.379252 0.183166 0.102327 0.066925 0.056534 0.026843 0.008186 0.021642 
0.006706 0.165401 0.348337 0.202110 0.079992 0.085397 0.064671 0.027460 0.014982 0.004946 
0.008574 0.130327 0.316002 0.213260 0.073390 0.086612 0.079975 0.049232 0.032356 0.010272 
0.003445 0.154111 0.300557 0.171789 0.107150 0.085650 0.059464 0.054808 0.031721 0.031304 
0.023209 0.127787 0.246528 0.172786 0.159166 0.062499 0.043112 0.113600 0.018591 0.032723 
0.025268 0.133565 0.200098 0.173162 0.214088 0.043892 0.029179 0.100377 0.055628 0.024744 
0.017779 0.101897 0.200857 0.156379 0.232406 0.096606 0.019023 0.064079 0.037512 0.073462 
0.011435 0.123043 0.199801 0.177627 0.148246 0.146867 0.067162 0.037612 0.023749 0.064458 
0.012323 0.104482 0.212348 0.173837 0.131514 0.200147 0.069022 0.024282 0.035092 0.036955 
0.004078 0.129402 0.243983 0.167826 0.091841 0.218403 0.075117 0.025256 0.024045 0.020050 
0.005222 0.111876 0.229685 0.119935 0.058012 0.171995 0.175611 0.066959 0.026055 0.034648 
0.007916 0.115017 0.204474 0.094938 0.084170 0.077988 0.171024 0.171496 0.042602 0.030375 
0.001844 0.110993 0.227921 0.048662 0.092988 0.064644 0.193220 0.168660 0.076780 0.014288 
0.010943 0.115783 0.253256 0.074064 0.105762 0.046558 0.167668 0.151954 0.044674 0.029339 
0.010755 0.069069 0.244151 0.111418 0.195028 0.060510 0.077528 0.110834 0.047042 0.073665 
0.001114 0.032139 0.250422 0.152958 0.234813 0.044091 0.049443 0.104275 0.035217 0.095528 
0.007461 0.050602 0.259867 0.153718 0.224123 0.065433 0.091441 0.054845 0.045390 0.047120 
0.008683 0.051578 0.249277 0.141955 0.167819 0.083961 0.116245 0.036072 0.042137 0.102274 
0.000626 0.031766 0.192294 0.170421 0.049498 0.132317 0.145245 0.030777 0.047343 0.199712 
0.000167 0.033985 0.132031 0.208634 0.105879 0.098609 0.129135 0.034106 0.038024 0.219428 
0.016035 0.065196 0.166655 0.284880 0.144400 0.059657 0.098639 0.043411 0.033065 0.088062 
0.001148 0.024023 0.123053 0.284548 0.158412 0.121137 0.066552 0.053841 0.039442 0.127845 
0.000603 0.031670 0.108205 0.254696 0.168348 0.195697 0.053345 0.030663 0.021597 0.135175 
0.008844 0.047059 0.104831 0.232675 0.210733 0.226877 0.052735 0.024541 0.009712 0.081993 
0.002157 0.056629 0.117783 0.205549 0.195707 0.234829 0.052253 0.039990 0.025734 0.069368 
0.015640 0.097787 0.131098 0.180642 0.247762 0.202501 0.048179 0.027872 0.022734 0.025785 
0.001887 0.100665 0.119109 0.181685 0.245827 0.169407 0.045324 0.021592 0.030791 0.083712 
0.012430 0.163250 0.190698 0.158368 0.200100 0.097631 0.036394 0.033265 0.024366 0.083499 
0.013368 0.127406 0.284164 0.206945 0.188765 0.055596 0.033589 0.032150 0.024775 0.033242 
0.022860 0.238241 0.271914 0.165315 0.131681 0.048502 0.037833 0.031208 0.038821 0.013625 
0.013287 0.140988 0.344668 0.162039 0.140345 0.095622 0.025208 0.029228 0.025237 0.023377 
0.037344 0.349042 0.254031 0.127311 0.088985 0.063370 0.042517 0.016064 0.010907 0.010429 
0.012753 0.236416 0.324755 0.146873 0.114998 0.054149 0.056949 0.018678 0.013077 0.021353 
0.031060 0.373787 0.261309 0.124851 0.099379 0.037429 0.034520 0.009723 0.012449 0.015492 
0.046411 0.319044 0.279716 0.119326 0.092996 0.055146 0.041991 0.016223 0.014687 0.014459 
0.008754 0.297618 0.328382 0.150224 0.088661 0.041376 0.040133 0.019093 0.016696 0.009063 
0.036181 0.224756 0.410628 0.130886 0.043650 0.034800 0.047940 0.026255 0.026184 0.018721 
0.044294 0.429583 0.268648 0.096072 0.055645 0.033428 0.011249 0.018650 0.010900 0.031530 
0.040296 0.276996 0.319342 0.109685 0.054522 0.090648 0.023011 0.033389 0.019027 0.033084 
0.017365 0.238911 0.374144 0.108901 0.050180 0.092638 0.028521 0.034588 0.018043 0.036709 
0.024982 0.175405 0.379976 0.135793 0.045888 0.107325 0.048706 0.020746 0.027350 0.033830 
0.005630 0.209235 0.417590 0.143022 0.055812 0.054659 0.023419 0.019572 0.021755 0.049307 
0.008226 0.185429 0.372259 0.129196 0.040308 0.084769 0.085128 0.024437 0.021464 0.048783 
0.003419 0.206439 0.373265 0.129634 0.043086 0.079834 0.099614 0.021563 0.010097 0.033048 
0.002072 0.152565 0.384547 0.154743 0.042649 0.064466 0.112851 0.029138 0.024181 0.032787 
0.000304 0.158140 0.385144 0.140566 0.046320 0.093582 0.087276 0.024821 0.028795 0.035050 
0.029376 0.174343 0.323175 0.153326 0.082123 0.107400 0.026478 0.056603 0.024218 0.022958 
0.021745 0.160203 0.345318 0.132996 0.071394 0.104940 0.029228 0.100960 0.020060 0.013156 
0.022619 0.146743 0.300101 0.104321 0.064396 0.157462 0.048081 0.095712 0.023197 0.037368 
0.028131 0.159626 0.359564 0.088760 0.084242 0.116409 0.038873 0.051796 0.019509 0.053090 
0.004248 0.193677 0.422110 0.077788 0.130923 0.058585 0.037215 0.017624 0.018041 0.039790 
0.014207 0.167729 0.410991 0.079950 0.104205 0.098518 0.042227 0.011366 0.017395 0.053412 
0.002340 0.186082 0.398208 0.122842 0.084598 0.097033 0.038411 0.017146 0.009805 0.043535 
0.000693 0.121846 0.357829 0.131652 0.073141 0.137189 0.047672 0.046696 0.035637 0.047645 
0.005188 0.158650 0.339166 0.157035 0.056055 0.165592 0.053601 0.014129 0.023192 0.027392 
0.026915 0.151517 0.331229 0.175119 0.031621 0.128369 0.096906 0.009873 0.018570 0.029881 
0.023045 0.137920 0.291901 0.208920 0.030145 0.101713 0.114342 0.042085 0.020178 0.029750 
0.015442 0.131591 0.320346 0.197821 0.039233 0.065480 0.096232 0.089290 0.021128 0.023436 
0.015684 0.127479 0.298684 0.231165 0.076272 0.033009 0.055667 0.121826 0.018284 0.021931 
0.006216 0.134106 0.270604 0.238879 0.068079 0.081456 0.026758 0.089041 0.024876 0.059984 
0.009040 0.123635 0.272901 0.219503 0.110790 0.134707 0.022102 0.024829 0.021178 0.061314 
0.002571 0.127749 0.263935 0.185774 0.105083 0.188363 0.035730 0.024154 0.012463 0.054179 
0.003122 0.095160 0.209094 0.158112 0.093545 0.251420 0.079985 0.028564 0.028476 0.052522 
0.000225 0.129988 0.252122 0.172482 0.082114 0.235357 0.055182 0.025812 0.013399 0.033320 
0.025121 0.138209 0.252159 0.207635 0.085716 0.204187 0.023223 0.007849 0.008261 0.047640 
0.017344 0.142251 0.274347 0.250052 0.101324 0.088504 0.027537 0.026662 0.020911 0.051068 
0.026221 0.145926 0.257209 0.226913 0.062381 0.092118 0.111051 0.012982 0.020537 0.044661 
0.018634 0.138014 0.251659 0.162955 0.052788 0.070856 0.203025 0.049070 0.021268 0.031731 
0.007420 0.126495 0.221852 0.138275 0.058547 0.068160 0.199371 0.099868 0.035665 0.044346 
0.010477 0.146876 0.259616 0.159448 0.039916 0.074408 0.208625 0.034723 0.013782 0.052129 
0.000308 0.090443 0.166745 0.103927 0.140427 0.241886 0.123930 0.096429 0.018742 0.017163 
0.005036 0.092536 0.158755 0.100818 0.115793 0.266429 0.045763 0.079103 0.018603 0.117166 
0.005613 0.095359 0.132499 0.059871 0.100640 0.265209 0.067487 0.066597 0.042287 0.164437 
0.008240 0.108367 0.162940 0.083099 0.120871 0.179973 0.107423 0.056206 0.053599 0.119282 
0.028682 0.123427 0.205910 0.045694 0.078434 0.270002 0.077552 0.031180 0.031310 0.107811 
0.021272 0.111678 0.205934 0.063892 0.064833 0.403635 0.053592 0.009049 0.015217 0.050898 
0.008116 0.068640 0.139456 0.085180 0.083843 0.346989 0.114177 0.049558 0.023144 0.080898 
0.002476 0.032240 0.168623 0.133711 0.061497 0.364656 0.130267 0.020122 0.016699 0.069710 
0.006770 0.029942 0.213446 0.200754 0.093328 0.246544 0.119624 0.024091 0.006855 0.058645 
0.003221 0.030333 0.185113 0.219634 0.018416 0.105785 0.200398 0.104567 0.065368 0.067166 
0.007173 0.040099 0.157261 0.190205 0.025784 0.083361 0.213955 0.190430 0.041194 0.050538 
0.039075 0.207675 0.309361 0.141723 0.092985 0.048261 0.075446 0.053601 0.017285 0.014587 
0.032639 0.410870 0.240544 0.109268 0.065582 0.045379 0.035718 0.025929 0.020190 0.013881 
0.031964 0.281634 0.335988 0.076634 0.058660 0.089592 0.040766 0.036780 0.016306 0.031677 
0.028205 0.275945 0.359436 0.075979 0.067218 0.120014 0.026028 0.019467 0.009075 0.018632 
0.029404 0.221482 0.392688 0.065060 0.066962 0.146381 0.018392 0.017238 0.007391 0.035002 
0.015185 0.255066 0.396999 0.082316 0.072552 0.115882 0.014687 0.013515 0.012905 0.020892 
0.017500 0.224594 0.379625 0.076635 0.058680 0.116103 0.050547 0.027995 0.011834 0.036486 
0.011996 0.189419 0.296084 0.050278 0.039752 0.125441 0.190341 0.030297 0.017868 0.048524 
0.016539 0.132140 0.175889 0.042501 0.045610 0.100103 0.321830 0.048632 0.035558 0.081198 
0.008596 0.115981 0.151605 0.067789 0.044665 0.054435 0.170566 0.277236 0.038474 0.070654 
0.000310 0.101833 0.130258 0.080081 0.041499 0.047673 0.084655 0.382838 0.061246 0.069606 
0.011730 0.082305 0.141608 0.118302 0.029618 0.062744 0.104515 0.356588 0.055540 0.037052 
0.001602 0.442954 0.335119 0.060210 0.045191 0.060445 0.020154 0.016238 0.006704 0.011383 
0.009820 0.374071 0.272361 0.101832 0.084063 0.048505 0.029605 0.028969 0.020969 0.029804 
0.004347 0.289956 0.342177 0.132335 0.083293 0.051472 0.023886 0.026778 0.021836 0.023920 
0.025090 0.235158 0.370790 0.149969 0.078296 0.042364 0.021576 0.030772 0.019171 0.026814 
0.041504 0.239339 0.388782 0.123944 0.058988 0.051528 0.032457 0.018791 0.014612 0.030054 
0.038170 0.233274 0.369527 0.107166 0.047481 0.082800 0.037944 0.023088 0.024202 0.036347 
0.042223 0.201153 0.216636 0.103795 0.025057 0.122544 0.156960 0.045239 0.031851 0.054542 
0.009156 0.137324 0.129412 0.083585 0.059541 0.165505 0.295622 0.046156 0.031531 0.042166 
0.005218 0.115650 0.096648 0.126294 0.053063 0.110475 0.289205 0.120693 0.027709 0.055044 
0.009068 0.144017 0.109032 0.162607 0.068593 0.101582 0.187806 0.136551 0.014167 0.066575 
0.021044 0.109274 0.093776 0.130147 0.022366 0.026410 0.091017 0.359474 0.073901 0.072591 
0.041037 0.281028 0.437287 0.057788 0.045563 0.024232 0.023149 0.059227 0.018483 0.012205 
0.051273 0.468646 0.209200 0.081506 0.051420 0.016593 0.018192 0.047196 0.023945 0.032029 
0.011200 0.272477 0.336938 0.104123 0.079895 0.068553 0.013489 0.034624 0.026099 0.052601 
0.004297 0.266529 0.329210 0.104518 0.048764 0.127725 0.040265 0.019678 0.016269 0.042745 
0.008177 0.219582 0.387964 0.084604 0.060870 0.143187 0.032860 0.028314 0.011568 0.022875 
0.005791 0.275813 0.406185 0.097231 0.050859 0.117734 0.010835 0.011075 0.009066 0.015410 
0.004868 0.249589 0.387545 0.078838 0.074645 0.061534 0.061852 0.033100 0.012230 0.035798 
0.007857 0.157966 0.272669 0.127227 0.075494 0.079125 0.201036 0.019340 0.015672 0.043615 
0.008212 0.125871 0.110774 0.014447 0.030094 0.126698 0.292976 0.080462 0.112133 0.098333 
0.002820 0.067351 0.095765 0.075506 0.043823 0.057037 0.207344 0.290404 0.104222 0.055729 
0.002421 0.086047 0.049681 0.040258 0.034518 0.047019 0.165464 0.450598 0.071577 0.052418 
0.037275 0.291758 0.379069 0.028083 0.043927 0.071503 0.038408 0.090101 0.012043 0.007831 
0.021656 0.472292 0.269258 0.051199 0.036454 0.072470 0.015250 0.034579 0.008311 0.018531 
0.002179 0.261333 0.340236 0.103377 0.075907 0.122550 0.029000 0.027177 0.016751 0.021489 
0.027115 0.259807 0.313435 0.092883 0.078665 0.090745 0.054413 0.015103 0.027708 0.040125 
0.009871 0.242959 0.356544 0.093361 0.048522 0.108233 0.053120 0.034044 0.035107 0.018238 
0.015076 0.243369 0.363053 0.086840 0.053106 0.087864 0.048683 0.025378 0.031434 0.045197 
0.005910 0.080260 0.437121 0.147314 0.065854 0.093442 0.038268 0.031818 0.040321 0.059692 
0.015319 0.061476 0.302025 0.174164 0.074687 0.067879 0.072469 0.078838 0.063201 0.089941 
0.018451 0.100680 0.525376 0.071619 0.044879 0.065945 0.061075 0.037535 0.031301 0.043140 
0.014114 0.064396 0.448076 0.158024 0.070671 0.102371 0.049670 0.053463 0.025069 0.014146 
0.024441 0.108074 0.426655 0.122997 0.080020 0.045879 0.073133 0.063750 0.029058 0.025991 
0.021043 0.115515 0.482880 0.067643 0.130688 0.048735 0.054488 0.042080 0.022313 0.014616 
0.006262 0.186209 0.401963 0.063591 0.131258 0.050712 0.063824 0.043280 0.024446 0.028454 
0.008749 0.161739 0.323140 0.064375 0.133506 0.136870 0.061715 0.065779 0.020338 0.023789 
0.006739 0.119188 0.368383 0.096583 0.134169 0.152924 0.027235 0.062223 0.020140 0.012416 
0.026371 0.162546 0.235272 0.135509 0.079344 0.183607 0.075699 0.047313 0.021608 0.032731 
0.023138 0.176984 0.176267 0.165275 0.071494 0.178811 0.089745 0.053412 0.024522 0.040353 
0.010713 0.119464 0.347997 0.160308 0.113917 0.074925 0.087320 0.026907 0.023591 0.034857 
0.004245 0.058509 0.398482 0.177628 0.080206 0.045990 0.129001 0.046929 0.034646 0.024364 
0.003116 0.024399 0.415390 0.162377 0.061494 0.033079 0.138650 0.120102 0.022466 0.018926 
0.016837 0.067661 0.463190 0.158925 0.086596 0.048444 0.056119 0.047984 0.022006 0.032239 
0.019298 0.078205 0.532265 0.128581 0.093983 0.047264 0.038970 0.023207 0.004489 0.033737 
0.017692 0.075232 0.454667 0.108171 0.124803 0.065131 0.068803 0.029573 0.020862 0.035067 
0.025791 0.325767 0.356188 0.045326 0.093144 0.054587 0.049376 0.026327 0.007882 0.015611 
0.043715 0.320659 0.278350 0.068585 0.085321 0.077544 0.049933 0.031087 0.012429 0.032377 
0.048083 0.152841 0.300756 0.122516 0.116324 0.093000 0.064457 0.036513 0.015602 0.049909 
0.045089 0.254902 0.216235 0.123281 0.077039 0.065720 0.052719 0.070855 0.016532 0.077627 
0.029656 0.209407 0.388817 0.129532 0.079959 0.029300 0.045212 0.030878 0.018904 0.038335 
0.025588 0.137606 0.431828 0.140848 0.076239 0.035864 0.047453 0.054467 0.017125 0.032982 
0.001986 0.122334 0.478577 0.097263 0.082884 0.056463 0.062662 0.040111 0.028345 0.029376 
0.015446 0.081558 0.464964 0.091732 0.045805 0.090011 0.078670 0.055553 0.036998 0.039262 
0.014975 0.074437 0.455305 0.091345 0.071380 0.137972 0.047440 0.060246 0.022361 0.024539 
0.005064 0.042698 0.442247 0.153260 0.101077 0.120666 0.055386 0.046999 0.013206 0.019397 
0.013239 0.084618 0.459703 0.124278 0.106582 0.080187 0.043783 0.041004 0.021144 0.025461 
0.005554 0.194666 0.470029 0.092532 0.083480 0.031628 0.071402 0.015888 0.012744 0.022076 
0.021758 0.456573 0.260564 0.043603 0.078320 0.041416 0.050512 0.018337 0.010308 0.018608 
0.009261 0.228569 0.261642 0.091213 0.135058 0.073525 0.091266 0.054131 0.013078 0.042256 
0.009260 0.235248 0.327510 0.078333 0.104168 0.058017 0.081237 0.064701 0.012380 0.029145 
0.005206 0.252804 0.334194 0.109712 0.096137 0.061926 0.054978 0.051856 0.008462 0.024726 
0.008256 0.224276 0.318398 0.100852 0.085223 0.103678 0.053279 0.025055 0.044143 0.036839 
0.016214 0.130000 0.382717 0.093457 0.081952 0.058578 0.099730 0.042408 0.039448 0.055497 
0.010747 0.047673 0.423855 0.078829 0.055267 0.082960 0.094011 0.105571 0.031098 0.069989 
0.001698 0.038151 0.271981 0.040582 0.169240 0.124771 0.179660 0.110547 0.018141 0.045228 
0.001098 0.036093 0.355812 0.086270 0.160415 0.045496 0.151016 0.097335 0.045128 0.021338 
0.005448 0.065634 0.375953 0.125769 0.068577 0.063483 0.149740 0.080591 0.029426 0.035379 
0.017434 0.153798 0.455191 0.145817 0.070925 0.053221 0.017485 0.029281 0.034180 0.022668 
0.022709 0.344357 0.313210 0.074656 0.058640 0.095133 0.038664 0.023451 0.014854 0.014326 
0.025604 0.254673 0.283730 0.054156 0.065727 0.140262 0.061612 0.066343 0.012441 0.035452 
0.025595 0.162659 0.341364 0.073590 0.117696 0.097575 0.081399 0.059801 0.017072 0.023248 
0.030859 0.208901 0.351913 0.055768 0.132547 0.047290 0.094995 0.039151 0.023160 0.015417 
0.029843 0.261183 0.270166 0.115660 0.155233 0.040285 0.085829 0.018905 0.011266 0.011629 
0.018833 0.215845 0.405165 0.095360 0.122045 0.038647 0.042974 0.035787 0.014384 0.010957 
0.001692 0.149669 0.469948 0.091662 0.157009 0.038536 0.012081 0.054815 0.012050 0.012539 
0.005466 0.204608 0.387293 0.093631 0.132551 0.054568 0.015953 0.084547 0.012414 0.008971 
0.022017 0.258129 0.350891 0.158837 0.094166 0.041637 0.023490 0.030056 0.009421 0.011356 
0.018949 0.263193 0.390184 0.088440 0.094351 0.039365 0.031119 0.031608 0.025089 0.017701 
0.019905 0.151568 0.530400 0.101788 0.045340 0.052653 0.026459 0.041975 0.019069 0.010844 
0.025270 0.345606 0.417521 0.062777 0.059349 0.028966 0.015915 0.024253 0.011118 0.009225 
0.031753 0.287900 0.330799 0.126868 0.115378 0.021563 0.014343 0.047567 0.011555 0.012275 
0.025255 0.217493 0.307622 0.149272 0.157704 0.054275 0.028540 0.035229 0.010831 0.013779 
0.027468 0.189008 0.465621 0.085707 0.117989 0.047559 0.014687 0.031083 0.008874 0.012003 
0.007107 0.186343 0.384854 0.090003 0.165360 0.063943 0.033204 0.052534 0.009233 0.007420 
0.014645 0.160757 0.364441 0.138836 0.165037 0.053552 0.022948 0.057244 0.014287 0.008254 
0.009165 0.098028 0.365132 0.129048 0.254667 0.045854 0.039974 0.032966 0.015855 0.009313 
0.005176 0.132625 0.152967 0.149895 0.289212 0.039959 0.040330 0.151335 0.032440 0.006062 
0.006922 0.148812 0.217534 0.124053 0.236168 0.025277 0.015403 0.155280 0.052356 0.018194 
0.008623 0.129204 0.373820 0.113106 0.158390 0.070019 0.042512 0.066032 0.027038 0.011257 
0.017641 0.105283 0.498946 0.053818 0.139771 0.061324 0.056150 0.044031 0.006117 0.016919 
0.006478 0.258813 0.458749 0.089079 0.053535 0.027917 0.042579 0.032004 0.016646 0.014199 
0.021689 0.381018 0.164408 0.134578 0.099949 0.024160 0.053068 0.085281 0.015879 0.019970 
0.014085 0.143616 0.361628 0.128085 0.170278 0.023419 0.040946 0.092855 0.019631 0.005457 
0.013811 0.211597 0.393917 0.079819 0.116705 0.063472 0.028151 0.064103 0.016153 0.012273 
0.001678 0.174869 0.413942 0.159530 0.151337 0.024007 0.020141 0.032337 0.016473 0.005687 
0.001887 0.297041 0.364161 0.081600 0.151514 0.036271 0.017478 0.029747 0.014036 0.006265 
0.015754 0.159278 0.344324 0.080543 0.221680 0.040804 0.026685 0.085051 0.015581 0.010300 
0.023530 0.096985 0.370347 0.087842 0.150635 0.028950 0.022001 0.144430 0.054085 0.021193 
0.025454 0.118628 0.450479 0.059191 0.105770 0.020126 0.019451 0.122277 0.061238 0.017387 
0.026738 0.139543 0.501483 0.076525 0.063697 0.014782 0.021514 0.068782 0.064805 0.022132 
0.023510 0.086936 0.484442 0.064536 0.069641 0.031691 0.052941 0.094268 0.044700 0.047335 
0.009233 0.242158 0.539897 0.045476 0.052724 0.016985 0.029967 0.029346 0.024434 0.009780 
0.007537 0.462570 0.220272 0.082293 0.078579 0.021212 0.009063 0.063980 0.035652 0.018840 
0.027497 0.278629 0.317403 0.124787 0.088777 0.035502 0.018323 0.073661 0.019045 0.016375 
0.053706 0.252673 0.351218 0.111279 0.094479 0.047759 0.029641 0.040040 0.012668 0.006537 
0.035313 0.254346 0.383466 0.096773 0.102523 0.036711 0.010343 0.032926 0.028098 0.019501 
0.030615 0.232341 0.386071 0.096329 0.114416 0.038823 0.034769 0.044990 0.010290 0.011355 
0.020337 0.101059 0.196631 0.326569 0.080143 0.133949 0.036946 0.049423 0.012862 0.042079 
0.008452 0.136211 0.189062 0.256398 0.086013 0.165676 0.043088 0.068768 0.010471 0.035861 
0.005301 0.131312 0.362635 0.162487 0.154310 0.058330 0.033238 0.052974 0.010895 0.028518 
0.005765 0.218512 0.254371 0.144324 0.214840 0.043319 0.032037 0.046770 0.009531 0.030532 
0.012666 0.144437 0.166969 0.129304 0.225713 0.099797 0.031869 0.113650 0.022353 0.053241 
0.020455 0.198006 0.269619 0.242661 0.108459 0.037731 0.033932 0.033498 0.034714 0.020924 
0.008968 0.313935 0.261417 0.160275 0.081401 0.035400 0.027106 0.062953 0.021180 0.027364 
0.013064 0.253591 0.202013 0.177309 0.090029 0.127901 0.024309 0.067595 0.017254 0.026935 
0.021250 0.133986 0.192837 0.232330 0.101991 0.191731 0.019497 0.049247 0.007033 0.050097 
0.027034 0.181690 0.245917 0.172373 0.047843 0.144970 0.016990 0.103890 0.018663 0.040629 
0.011010 0.111749 0.364852 0.218431 0.120123 0.031029 0.037316 0.059521 0.020415 0.025556 
0.004281 0.080231 0.487512 0.178991 0.076822 0.056843 0.046560 0.028828 0.022607 0.017324 
0.004843 0.132849 0.340104 0.141348 0.203519 0.067436 0.046398 0.021929 0.017579 0.023995 
0.003011 0.140410 0.185111 0.209275 0.219514 0.119376 0.023654 0.050779 0.018079 0.030790 
0.013499 0.159448 0.269620 0.167334 0.179914 0.072519 0.040641 0.050694 0.029839 0.016493 
0.006222 0.130114 0.361013 0.130029 0.202771 0.051381 0.039426 0.035958 0.023591 0.019495 
0.008750 0.152243 0.319536 0.120579 0.258491 0.052110 0.026474 0.029182 0.024122 0.008513 
0.012744 0.346533 0.359108 0.091346 0.095186 0.027448 0.021657 0.021508 0.017305 0.007166 
0.022636 0.337018 0.318476 0.106014 0.070792 0.039531 0.032632 0.033898 0.021873 0.017131 
0.008357 0.327142 0.331433 0.121531 0.078555 0.050675 0.028996 0.024806 0.015963 0.012541 
0.009597 0.284686 0.397814 0.103470 0.063453 0.051542 0.025042 0.034015 0.018447 0.011934 
0.000709 0.343288 0.398074 0.052340 0.068312 0.049938 0.017281 0.028339 0.020003 0.021717 
0.006269 0.327922 0.361903 0.067681 0.121700 0.033106 0.011758 0.032638 0.023594 0.013429 
0.023159 0.234670 0.238460 0.078347 0.210145 0.054201 0.036038 0.086585 0.021257 0.017137 
0.001047 0.099793 0.185869 0.103167 0.348887 0.055246 0.038883 0.111831 0.033910 0.021366 
0.006848 0.110835 0.120043 0.118170 0.435982 0.021258 0.023063 0.081153 0.055989 0.026658 
0.005729 0.127205 0.088544 0.119979 0.500910 0.036620 0.018543 0.045247 0.034589 0.022633 
0.008130 0.089922 0.082182 0.182134 0.444522 0.064665 0.017299 0.066660 0.025511 0.018974 
0.024788 0.166668 0.465447 0.112391 0.067188 0.081496 0.026956 0.028900 0.016816 0.009350 
0.032373 0.327938 0.309023 0.090070 0.059966 0.041812 0.042120 0.028345 0.040579 0.027774 
0.031883 0.370609 0.263619 0.120178 0.059056 0.039034 0.023501 0.050408 0.029469 0.012243 
0.016777 0.302967 0.325814 0.122182 0.079516 0.039965 0.034603 0.027422 0.028444 0.022310 
0.020147 0.297400 0.324411 0.110942 0.059070 0.049963 0.044164 0.035957 0.033977 0.023968 
0.036698 0.384927 0.287639 0.088805 0.085006 0.027860 0.020063 0.040753 0.019528 0.008721 
0.001812 0.411186 0.295472 0.066572 0.069313 0.035318 0.023228 0.041962 0.039180 0.015956 
0.008741 0.338544 0.188031 0.101788 0.150102 0.064679 0.032305 0.044699 0.041301 0.029810 
0.005481 0.200372 0.145342 0.138919 0.199508 0.038116 0.024300 0.073170 0.065438 0.109354 
0.010882 0.202321 0.181540 0.094909 0.209535 0.059884 0.023493 0.080994 0.104800 0.031642 
0.019879 0.266669 0.150346 0.069678 0.285783 0.053159 0.035551 0.074572 0.027509 0.016855 
0.013717 0.187750 0.321068 0.094452 0.048060 0.027046 0.150572 0.071691 0.050896 0.034748 
0.011697 0.295150 0.192200 0.216903 0.052985 0.021919 0.097073 0.063522 0.031660 0.016891 
0.039624 0.228219 0.133505 0.275402 0.115195 0.027182 0.103755 0.039189 0.024507 0.013423 
0.001577 0.151956 0.166083 0.291564 0.146034 0.057082 0.090665 0.052674 0.012457 0.029908 
0.004130 0.109897 0.102663 0.342421 0.199792 0.058863 0.068522 0.055371 0.024009 0.034332 
0.000170 0.037939 0.118231 0.462305 0.160564 0.064312 0.042855 0.062749 0.019106 0.031769 
0.002755 0.015076 0.085863 0.207538 0.346016 0.122539 0.056094 0.076587 0.052789 0.034744 
0.001205 0.019877 0.067951 0.283292 0.229450 0.120981 0.110687 0.073557 0.042391 0.050609 
0.006955 0.035942 0.049339 0.318060 0.175809 0.107338 0.178281 0.056847 0.014621 0.056808 
0.002142 0.026065 0.049467 0.359527 0.191329 0.054052 0.190883 0.051604 0.029009 0.045923 
0.002246 0.035386 0.030618 0.365125 0.206649 0.080600 0.088531 0.133875 0.027939 0.029030 
0.016309 0.062693 0.105161 0.272267 0.228684 0.091076 0.096873 0.070828 0.024991 0.031117 
0.013899 0.208615 0.394121 0.130990 0.050531 0.099746 0.051178 0.020706 0.014637 0.015576 
0.023087 0.203892 0.263948 0.141347 0.124773 0.112648 0.053810 0.045845 0.014545 0.016104 
0.028389 0.204707 0.210237 0.181457 0.090544 0.144138 0.058028 0.045415 0.023582 0.013503 
0.033420 0.200905 0.249065 0.178879 0.108109 0.110544 0.048476 0.030812 0.027231 0.012559 
0.016902 0.210980 0.302826 0.201934 0.098590 0.066036 0.035498 0.032127 0.017865 0.017242 
0.011366 0.114839 0.198567 0.221657 0.236274 0.049369 0.052008 0.054511 0.043764 0.017643 
0.013057 0.076635 0.132506 0.129823 0.104795 0.028154 0.150386 0.199920 0.071041 0.093683 
0.003575 0.017294 0.090267 0.153912 0.117151 0.028451 0.242635 0.114454 0.037347 0.194915 
0.004657 0.022411 0.063575 0.147006 0.079608 0.035443 0.202669 0.146391 0.037663 0.260578 
0.000383 0.017806 0.056550 0.159464 0.116090 0.055651 0.185929 0.129952 0.030044 0.248131 
0.003767 0.023856 0.065261 0.201430 0.118844 0.033557 0.172952 0.107283 0.150546 0.122503 
0.030682 0.278754 0.279032 0.091263 0.097706 0.051926 0.027787 0.046964 0.057549 0.038337 
0.040831 0.257578 0.155690 0.139488 0.081228 0.032081 0.071379 0.057713 0.099407 0.064605 
0.037186 0.136491 0.175882 0.185100 0.076496 0.029308 0.125190 0.042736 0.168634 0.022977 
0.033909 0.135061 0.195069 0.167756 0.071599 0.070020 0.077660 0.042663 0.167362 0.038902 
0.015500 0.106856 0.200130 0.193533 0.067373 0.075219 0.086942 0.066800 0.153267 0.034380 
0.019595 0.135764 0.233218 0.150046 0.060564 0.088169 0.066345 0.056268 0.152125 0.037905 
0.015846 0.133326 0.253338 0.266651 0.072053 0.052583 0.039278 0.048266 0.091523 0.027136 
0.001929 0.071074 0.145531 0.283500 0.042390 0.115184 0.138428 0.073934 0.078892 0.049138 
0.008094 0.060546 0.110897 0.312985 0.058571 0.082937 0.161340 0.088648 0.061236 0.054746 
0.006124 0.053413 0.147270 0.195494 0.093087 0.028311 0.134028 0.187646 0.089166 0.065462 
