once-upon-a-time,Lana-Del-Ray
0.000000 0.000000 0.000000 0.000000 0.000000 0.000000 0.000000 0.000000 0.000000 0.000000 
0.000000 0.000000 0.000000 0.000000 0.000000 0.000000 0.000000 0.000000 0.000000 0.000000 
0.000000 0.000000 0.000000 0.000000 0.000000 0.000000 0.000000 0.000000 0.000000 0.000000 
0.000000 0.000000 0.000000 0.000000 0.000000 0.000000 0.000000 0.000000 0.000000 0.000000 
0.000000 0.000000 0.000000 0.000000 0.000000 0.000000 0.000000 0.000000 0.000000 0.000000 
0.101660 0.176299 0.075324 0.058189 0.104568 0.114921 0.124919 0.071375 0.068090 0.104656 
0.193116 0.066946 0.074071 0.089584 0.094471 0.102682 0.079008 0.131611 0.070318 0.098192 
0.154203 0.039893 0.097632 0.098509 0.071609 0.106348 0.064964 0.166050 0.140927 0.059866 
0.150881 0.083932 0.095457 0.081341 0.071710 0.062645 0.083146 0.140503 0.129210 0.101174 
0.180570 0.029070 0.067574 0.133831 0.076863 0.068649 0.103192 0.133504 0.090288 0.116460 
0.145430 0.062664 0.044919 0.113429 0.092284 0.072080 0.101085 0.146931 0.103837 0.117341 
0.132127 0.049017 0.087388 0.122165 0.077241 0.134633 0.111529 0.103812 0.093868 0.088220 
0.161763 0.071910 0.078696 0.081645 0.103381 0.072775 0.109568 0.104369 0.101504 0.114388 
0.093081 0.142591 0.046099 0.066055 0.103585 0.098103 0.109922 0.077534 0.159119 0.103911 
0.096311 0.244905 0.141959 0.114393 0.083633 0.069178 0.065511 0.053189 0.084404 0.046517 
0.080264 0.328950 0.107772 0.078346 0.132114 0.036061 0.062949 0.060104 0.072086 0.041356 
0.084308 0.283870 0.065955 0.138980 0.112506 0.043492 0.069187 0.077005 0.080547 0.044149 
0.072451 0.421178 0.124721 0.119754 0.064505 0.047511 0.049750 0.037143 0.052197 0.010789 
0.027089 0.408280 0.166574 0.079726 0.082318 0.051869 0.061610 0.045259 0.050365 0.026909 
0.136626 0.401614 0.094835 0.122373 0.056698 0.053338 0.049154 0.030168 0.022278 0.032915 
0.007228 0.381487 0.136800 0.146889 0.135755 0.057478 0.046611 0.030758 0.033575 0.023419 
0.058017 0.376059 0.150624 0.092001 0.115513 0.081429 0.050398 0.018593 0.033227 0.024139 
0.082761 0.466026 0.121208 0.100545 0.096153 0.060285 0.013409 0.021778 0.018708 0.019127 
0.051196 0.339221 0.224944 0.111204 0.124286 0.050927 0.024966 0.019619 0.031132 0.022506 
0.022938 0.383851 0.199842 0.111890 0.103379 0.066829 0.043538 0.030803 0.027904 0.009027 
0.076055 0.386291 0.132271 0.140461 0.068054 0.058403 0.053028 0.032859 0.030197 0.022380 
0.017304 0.486594 0.103693 0.155181 0.101030 0.064331 0.041491 0.011445 0.012776 0.006155 
0.001359 0.416925 0.195207 0.130968 0.106441 0.051133 0.039077 0.024310 0.023422 0.011158 
0.011414 0.379278 0.209539 0.129732 0.119645 0.066816 0.039935 0.018418 0.020411 0.004813 
0.002153 0.405259 0.181218 0.152436 0.104335 0.062052 0.052942 0.012887 0.016754 0.009963 
0.034888 0.443372 0.143057 0.103896 0.105345 0.078674 0.037831 0.021935 0.017943 0.013060 
0.072539 0.321039 0.192461 0.181366 0.096519 0.076742 0.030333 0.011531 0.012865 0.004606 
0.189131 0.279253 0.139017 0.182082 0.075708 0.041530 0.049439 0.018147 0.019761 0.005931 
0.036882 0.449373 0.126034 0.169789 0.090447 0.042973 0.043402 0.014067 0.020478 0.006555 
0.040236 0.491668 0.136694 0.125652 0.088912 0.046911 0.029970 0.014181 0.017382 0.008394 
0.081197 0.416424 0.145476 0.161614 0.063383 0.055790 0.044452 0.010159 0.016683 0.004822 
0.084533 0.376965 0.180163 0.176881 0.060127 0.046306 0.034685 0.012364 0.020514 0.007463 
0.001179 0.404595 0.215940 0.127679 0.091816 0.054824 0.045002 0.023177 0.024597 0.011191 
0.023728 0.450265 0.203083 0.148113 0.056611 0.046069 0.031075 0.016455 0.018919 0.005684 
0.075141 0.282334 0.195988 0.167304 0.112853 0.051993 0.057021 0.021923 0.019245 0.016199 
0.036503 0.417215 0.208395 0.150364 0.078434 0.040849 0.032049 0.011772 0.020545 0.003875 
0.013156 0.477378 0.160832 0.130690 0.091147 0.056916 0.038108 0.011007 0.017021 0.003746 
0.016747 0.292939 0.188528 0.202998 0.113916 0.084749 0.060069 0.016519 0.018234 0.005300 
0.055316 0.390602 0.145847 0.168091 0.067684 0.043763 0.069175 0.024687 0.020760 0.014076 
0.127072 0.362420 0.190676 0.136346 0.061415 0.044486 0.041773 0.009423 0.019421 0.006968 
0.071114 0.376888 0.202554 0.113452 0.073058 0.042034 0.035724 0.039524 0.028443 0.017210 
0.087653 0.352574 0.198965 0.144581 0.081383 0.063193 0.036256 0.016763 0.011666 0.006965 
0.128040 0.373973 0.174628 0.126002 0.073840 0.054917 0.031988 0.014763 0.012712 0.009137 
0.012415 0.412279 0.165221 0.149790 0.103972 0.062036 0.053929 0.016327 0.011889 0.012142 
0.013908 0.344032 0.229303 0.179780 0.054599 0.049932 0.069258 0.016168 0.024305 0.018716 
0.039927 0.450797 0.213331 0.121273 0.050559 0.053163 0.041465 0.010991 0.011997 0.006497 
0.022587 0.390083 0.184371 0.148519 0.104032 0.080504 0.042252 0.012099 0.010913 0.004640 
0.035417 0.433552 0.172401 0.114338 0.086434 0.077889 0.049851 0.012430 0.015054 0.002634 
0.029948 0.400233 0.191693 0.131023 0.117541 0.057323 0.047078 0.013572 0.007681 0.003908 
0.082594 0.327273 0.145065 0.160418 0.117250 0.065281 0.064232 0.017518 0.013401 0.006970 
0.068055 0.331744 0.197287 0.166645 0.080041 0.074246 0.039026 0.011411 0.022241 0.009304 
0.143853 0.354775 0.176466 0.124033 0.067180 0.065012 0.045099 0.010835 0.008586 0.004162 
0.059671 0.469831 0.123513 0.129987 0.075797 0.050815 0.049522 0.018278 0.012414 0.010172 
0.144431 0.220597 0.215226 0.146985 0.084660 0.085944 0.058396 0.023192 0.014388 0.006180 
0.085911 0.333358 0.186319 0.146880 0.095693 0.053808 0.052095 0.022421 0.013676 0.009839 
0.070250 0.315637 0.168773 0.138110 0.099803 0.042448 0.093992 0.037106 0.018064 0.015818 
0.132880 0.209576 0.246205 0.204110 0.106309 0.036849 0.029442 0.009633 0.016820 0.008178 
0.096304 0.371287 0.232046 0.111680 0.086257 0.051567 0.027733 0.004458 0.012516 0.006150 
0.009805 0.428240 0.177160 0.082861 0.108290 0.077067 0.068583 0.020791 0.014708 0.012494 
0.071019 0.250180 0.187154 0.142035 0.100872 0.087666 0.093694 0.028392 0.022888 0.016100 
0.020612 0.336521 0.277139 0.084944 0.123326 0.081469 0.047620 0.011080 0.009894 0.007396 
0.106416 0.339599 0.212016 0.126288 0.087658 0.063736 0.041104 0.009028 0.009948 0.004207 
0.085033 0.372003 0.265381 0.062191 0.058240 0.070946 0.033647 0.023012 0.014774 0.014772 
0.019698 0.465022 0.212901 0.087413 0.068783 0.072859 0.025945 0.023301 0.015279 0.008798 
0.017158 0.470683 0.196531 0.104095 0.092117 0.059568 0.032845 0.017686 0.005428 0.003888 
0.100603 0.272171 0.206690 0.158127 0.106057 0.052247 0.065674 0.023650 0.008231 0.006551 
0.117084 0.349856 0.174917 0.102747 0.099504 0.072603 0.036881 0.018776 0.019689 0.007942 
0.005606 0.456611 0.135334 0.110462 0.120610 0.090871 0.050607 0.009634 0.012440 0.007827 
0.109111 0.290882 0.185488 0.113224 0.132857 0.048947 0.059539 0.028279 0.018860 0.012812 
0.003248 0.467510 0.176779 0.086903 0.109234 0.069100 0.049834 0.013707 0.014090 0.009596 
0.034362 0.475852 0.138762 0.133420 0.093664 0.040584 0.054008 0.011798 0.010907 0.006644 
0.054813 0.454848 0.154622 0.112261 0.082546 0.050450 0.056871 0.016408 0.010488 0.006693 
0.073737 0.448486 0.133429 0.096857 0.086151 0.059556 0.046759 0.024065 0.019548 0.011411 
0.039547 0.409553 0.193111 0.141271 0.068972 0.050025 0.046299 0.019706 0.020216 0.011299 
0.193157 0.397040 0.147014 0.099194 0.052914 0.041013 0.037395 0.011180 0.016118 0.004974 
0.134810 0.476645 0.111216 0.120088 0.038006 0.022895 0.033909 0.025028 0.022561 0.014841 
0.069934 0.324360 0.199361 0.199867 0.084160 0.017416 0.043517 0.022166 0.021710 0.017510 
0.162142 0.299830 0.195287 0.142935 0.057807 0.046237 0.053655 0.018653 0.014495 0.008959 
0.055620 0.530754 0.109032 0.155504 0.046726 0.039778 0.040498 0.009966 0.008645 0.003476 
0.045570 0.400061 0.152366 0.205241 0.081591 0.027931 0.047197 0.020140 0.012717 0.007185 
0.088318 0.274099 0.201243 0.191042 0.061051 0.061024 0.051517 0.027960 0.026488 0.017258 
0.033409 0.334550 0.204083 0.174950 0.090652 0.057523 0.045369 0.024889 0.019515 0.015060 
0.085146 0.368962 0.166824 0.199065 0.058118 0.043531 0.033308 0.013787 0.018980 0.012279 
0.117343 0.418337 0.176598 0.127989 0.078380 0.034798 0.022956 0.008060 0.012609 0.002931 
0.092754 0.456105 0.156743 0.118280 0.073096 0.035288 0.033055 0.013993 0.013078 0.007609 
0.096436 0.358881 0.264288 0.135385 0.064862 0.027893 0.025891 0.006228 0.012390 0.007745 
0.227772 0.328222 0.178220 0.081278 0.088943 0.037596 0.025104 0.012393 0.011786 0.008686 
0.043994 0.394232 0.269419 0.108243 0.067776 0.039743 0.030509 0.018368 0.018163 0.009552 
0.108052 0.418245 0.163572 0.121749 0.065076 0.035818 0.044224 0.018476 0.014027 0.010761 
0.022160 0.406714 0.153033 0.216982 0.066278 0.051125 0.056159 0.008437 0.013365 0.005748 
0.045127 0.405471 0.209305 0.176255 0.079045 0.032646 0.025418 0.011645 0.010676 0.004412 
0.004597 0.470852 0.237607 0.103766 0.107796 0.025958 0.026346 0.007885 0.010363 0.004830 
0.016136 0.364260 0.194096 0.218346 0.072673 0.053841 0.040169 0.015116 0.016092 0.009271 
0.000138 0.425543 0.197582 0.121083 0.101122 0.047870 0.041114 0.029699 0.022718 0.013131 
0.064998 0.420475 0.232798 0.121924 0.075434 0.030325 0.023553 0.010904 0.014551 0.005036 
0.054481 0.303738 0.274347 0.170782 0.120120 0.029990 0.016206 0.010586 0.013620 0.006130 
0.063544 0.313564 0.256434 0.168236 0.092631 0.053850 0.019637 0.010334 0.012547 0.009223 
0.135276 0.219066 0.231590 0.225985 0.082212 0.053859 0.020978 0.008883 0.014761 0.007391 
0.172902 0.235503 0.242996 0.138677 0.105540 0.041351 0.032811 0.009194 0.015759 0.005267 
0.064159 0.353554 0.282552 0.113942 0.074495 0.049601 0.027985 0.010852 0.013717 0.009144 
0.071791 0.367045 0.212056 0.194304 0.063491 0.019099 0.035476 0.013911 0.016055 0.006774 
0.088616 0.280075 0.300779 0.188244 0.065736 0.035261 0.025320 0.002477 0.010417 0.003074 
0.111663 0.266586 0.281483 0.174307 0.086696 0.037863 0.021490 0.005575 0.009999 0.004338 
0.034546 0.386152 0.176804 0.215752 0.091770 0.027212 0.029663 0.012124 0.016166 0.009810 
0.010565 0.356480 0.243834 0.232686 0.069330 0.045950 0.016608 0.007691 0.011818 0.005039 
0.007961 0.436682 0.236991 0.197508 0.037100 0.032431 0.029400 0.008693 0.008346 0.004888 
0.045829 0.276833 0.269041 0.198672 0.076417 0.048895 0.028140 0.020998 0.020629 0.014547 
0.079271 0.259839 0.246276 0.186865 0.101554 0.047592 0.032983 0.019606 0.014266 0.011747 
0.040836 0.433662 0.177091 0.187769 0.074554 0.033190 0.031746 0.009292 0.008748 0.003112 
0.179998 0.350286 0.150148 0.184334 0.051111 0.024804 0.025525 0.009555 0.017540 0.006700 
0.232727 0.320274 0.159347 0.148262 0.059200 0.032899 0.021914 0.006701 0.011930 0.006746 
0.072916 0.332869 0.234016 0.178956 0.079391 0.050017 0.019831 0.009377 0.016317 0.006311 
0.069815 0.217476 0.155987 0.223900 0.111260 0.058122 0.060897 0.050755 0.031376 0.020413 
0.072061 0.308001 0.301783 0.156091 0.080021 0.032434 0.023390 0.008776 0.012037 0.005407 
0.035959 0.312194 0.335958 0.149680 0.081443 0.028072 0.027743 0.008512 0.013772 0.006668 
0.024995 0.383665 0.255615 0.134302 0.064044 0.042653 0.033965 0.024875 0.025033 0.010854 
0.085147 0.264550 0.259222 0.201854 0.084729 0.021205 0.031785 0.018606 0.022589 0.010312 
0.195154 0.263518 0.226487 0.178410 0.053934 0.019815 0.019381 0.015123 0.018561 0.009620 
0.070207 0.284020 0.286571 0.178886 0.073052 0.037982 0.021245 0.016028 0.020903 0.011106 
0.014588 0.331167 0.188897 0.209448 0.092280 0.052253 0.038502 0.024834 0.026497 0.021534 
0.038947 0.384053 0.128400 0.186164 0.090920 0.049671 0.037587 0.028697 0.034361 0.021201 
0.077684 0.368022 0.197887 0.160841 0.111675 0.021404 0.018286 0.013629 0.021879 0.008693 
0.210138 0.269977 0.160994 0.150179 0.050980 0.054100 0.031695 0.024746 0.032510 0.014682 
0.112881 0.445208 0.162362 0.111446 0.049322 0.031707 0.021966 0.021507 0.025375 0.018225 
0.072284 0.329271 0.240238 0.148612 0.087571 0.023422 0.038908 0.023992 0.026330 0.009373 
0.102476 0.350843 0.168988 0.185666 0.062908 0.029401 0.034339 0.024212 0.026175 0.014991 
0.026851 0.351332 0.233833 0.164997 0.090286 0.040627 0.029471 0.011866 0.025566 0.025171 
0.032018 0.361799 0.195446 0.231911 0.083185 0.024128 0.025861 0.012688 0.011635 0.021329 
0.024254 0.234913 0.325384 0.162605 0.125001 0.033136 0.027609 0.026224 0.026878 0.013996 
0.108363 0.340133 0.224171 0.138427 0.040649 0.037901 0.032235 0.023476 0.039919 0.014726 
0.130181 0.267898 0.234623 0.194191 0.077955 0.023914 0.018276 0.020101 0.022662 0.010199 
0.026510 0.424824 0.227372 0.150501 0.059379 0.041414 0.018100 0.012174 0.023285 0.016442 
0.011643 0.370798 0.307077 0.139128 0.073229 0.037821 0.017974 0.009489 0.023388 0.009454 
0.056647 0.385186 0.209817 0.184343 0.060871 0.021859 0.028583 0.015245 0.019692 0.017756 
0.064859 0.323881 0.300512 0.149918 0.065916 0.031530 0.028771 0.008312 0.017056 0.009244 
0.044828 0.467897 0.214100 0.153211 0.045273 0.010022 0.018894 0.011722 0.025299 0.008753 
0.055784 0.412038 0.175784 0.142304 0.065470 0.033654 0.050555 0.014329 0.025948 0.024133 
0.134508 0.344899 0.230260 0.126349 0.058649 0.027560 0.017624 0.014644 0.029945 0.015562 
0.122030 0.253523 0.318962 0.175531 0.059737 0.030762 0.011203 0.009094 0.011450 0.007709 
0.116807 0.321393 0.280690 0.117941 0.051919 0.041455 0.028250 0.018361 0.016026 0.007156 
0.090303 0.316991 0.278791 0.142612 0.075973 0.019070 0.020499 0.014361 0.029628 0.011772 
0.055917 0.353274 0.278183 0.183168 0.040011 0.026066 0.017730 0.012562 0.025905 0.007185 
0.097135 0.283887 0.285082 0.191407 0.060801 0.007748 0.029957 0.016818 0.014641 0.012524 
0.099744 0.415803 0.149978 0.198606 0.063608 0.017240 0.017814 0.009950 0.014476 0.012782 
0.030007 0.325712 0.281705 0.170094 0.085408 0.033875 0.031944 0.016825 0.017637 0.006791 
0.020255 0.366358 0.215138 0.142072 0.110248 0.029682 0.039012 0.029374 0.027703 0.020157 
0.092679 0.254845 0.222975 0.246353 0.086686 0.010529 0.030968 0.012817 0.022133 0.020015 
0.106900 0.348840 0.160713 0.210264 0.059456 0.022204 0.016974 0.015340 0.036702 0.022607 
0.080714 0.276665 0.300295 0.138415 0.076063 0.018200 0.033183 0.025470 0.026719 0.024275 
0.125043 0.345009 0.218369 0.155764 0.063570 0.023170 0.020368 0.012072 0.028930 0.007705 
0.152472 0.230723 0.251140 0.189630 0.069450 0.023623 0.021245 0.019216 0.025632 0.016869 
0.108666 0.377838 0.256783 0.128941 0.044560 0.018036 0.021879 0.015045 0.019246 0.009006 
0.091894 0.422643 0.187496 0.166777 0.035218 0.023824 0.018529 0.023032 0.021059 0.009527 
0.132960 0.322414 0.254349 0.110317 0.067685 0.023265 0.031906 0.024786 0.019774 0.012545 
0.050831 0.273546 0.235870 0.227525 0.077982 0.028716 0.028168 0.033286 0.031411 0.012667 
0.073479 0.477666 0.213658 0.113246 0.045226 0.016911 0.016948 0.018043 0.017739 0.007083 
0.165258 0.326071 0.259992 0.118895 0.036964 0.017984 0.016554 0.015965 0.029458 0.012859 
0.161889 0.244697 0.238319 0.187306 0.061954 0.024360 0.017570 0.018950 0.031135 0.013819 
0.033631 0.315023 0.214928 0.261251 0.037955 0.029963 0.036757 0.028178 0.026726 0.015587 
0.156117 0.260314 0.137110 0.252484 0.060527 0.026579 0.025251 0.027634 0.038131 0.015852 
0.042325 0.342837 0.233439 0.170035 0.072558 0.041316 0.034971 0.021490 0.026414 0.014615 
0.100971 0.352927 0.266256 0.132058 0.047574 0.011292 0.021975 0.019728 0.027004 0.020216 
0.061140 0.267328 0.293742 0.201102 0.042261 0.033886 0.023999 0.023604 0.033476 0.019462 
0.091799 0.409058 0.200131 0.168805 0.034831 0.015577 0.014603 0.015474 0.022161 0.027561 
0.096453 0.350462 0.189422 0.223600 0.050670 0.016228 0.018726 0.018090 0.013464 0.022886 
0.075919 0.466213 0.151059 0.144297 0.069855 0.017252 0.025173 0.020254 0.014800 0.015178 
0.142436 0.393571 0.195081 0.135664 0.051357 0.014628 0.016675 0.016027 0.013912 0.020648 
0.080084 0.428524 0.245789 0.133896 0.042181 0.017451 0.014745 0.013772 0.009288 0.014269 
0.160377 0.388862 0.203748 0.152648 0.033692 0.014344 0.012160 0.007075 0.013479 0.013614 
0.046572 0.528682 0.175217 0.119162 0.058344 0.019510 0.016626 0.013569 0.012858 0.009462 
0.035853 0.423842 0.175796 0.217310 0.064920 0.023326 0.020881 0.010460 0.012806 0.014805 
0.118249 0.363460 0.224530 0.146232 0.046473 0.026813 0.025717 0.018604 0.013256 0.016665 
0.164794 0.331718 0.172894 0.142087 0.069704 0.019139 0.034195 0.024898 0.019317 0.021253 
0.130154 0.395824 0.162418 0.178784 0.045584 0.018598 0.017603 0.021284 0.011461 0.018290 
0.139888 0.332719 0.214126 0.162898 0.056546 0.020222 0.022886 0.017185 0.017032 0.016498 
0.098070 0.343628 0.291861 0.124980 0.037393 0.023047 0.026628 0.023326 0.015946 0.015120 
0.044597 0.432930 0.123644 0.183471 0.061882 0.044005 0.037616 0.024250 0.026690 0.020914 
0.070417 0.387075 0.180543 0.165858 0.046651 0.032039 0.035236 0.035209 0.027701 0.019271 
0.147104 0.349145 0.152513 0.163838 0.056119 0.028114 0.035916 0.025266 0.026821 0.015163 
0.022449 0.501378 0.174371 0.158072 0.037942 0.025889 0.029477 0.021536 0.017338 0.011548 
0.099917 0.447816 0.245313 0.086913 0.032432 0.014328 0.026227 0.017060 0.019998 0.009996 
0.027318 0.533783 0.151723 0.124375 0.048302 0.031579 0.022489 0.025144 0.016575 0.018712 
0.045895 0.442253 0.203691 0.146212 0.052441 0.024013 0.028633 0.020786 0.021115 0.014960 
0.064375 0.494027 0.136192 0.174313 0.043618 0.024990 0.021308 0.016700 0.015197 0.009280 
0.033575 0.575052 0.133344 0.153152 0.032654 0.019125 0.019061 0.014313 0.011107 0.008617 
0.052482 0.404132 0.247385 0.143295 0.050560 0.027906 0.023293 0.022048 0.015310 0.013587 
0.027234 0.550183 0.161763 0.082853 0.059479 0.038363 0.026798 0.020438 0.019037 0.013851 
0.078742 0.402251 0.186504 0.162479 0.041492 0.035893 0.030431 0.024570 0.022807 0.014831 
0.018063 0.433383 0.199987 0.121103 0.068443 0.038950 0.037646 0.034376 0.029058 0.018991 
0.047812 0.421059 0.222581 0.127193 0.047963 0.032702 0.032381 0.027379 0.024068 0.016861 
0.096563 0.588247 0.175301 0.094195 0.017372 0.011752 0.007568 0.004084 0.003455 0.001465 
0.298572 0.353734 0.083144 0.188969 0.026683 0.014200 0.016280 0.006780 0.007061 0.004577 
0.024100 0.607407 0.150444 0.089633 0.042027 0.018795 0.020148 0.021227 0.015027 0.011190 
0.103833 0.332513 0.195650 0.158085 0.064285 0.035335 0.034776 0.032308 0.023829 0.019387 
0.063007 0.604201 0.116531 0.139486 0.029278 0.011716 0.011465 0.009203 0.008209 0.006904 
0.052377 0.451864 0.178194 0.211147 0.044662 0.014278 0.014753 0.014138 0.011305 0.007282 
0.005298 0.680929 0.139177 0.116053 0.022567 0.012209 0.007416 0.007283 0.005018 0.004050 
0.110622 0.488134 0.163769 0.151899 0.026427 0.015816 0.012540 0.011039 0.011444 0.008310 
0.092017 0.580020 0.141053 0.115385 0.019346 0.012881 0.011436 0.012974 0.008983 0.005905 
0.087343 0.265364 0.206847 0.172445 0.088197 0.039440 0.045595 0.039246 0.032234 0.023288 
0.028207 0.628880 0.123858 0.114211 0.024520 0.018589 0.022982 0.014419 0.014760 0.009575 
0.048749 0.548205 0.228155 0.107581 0.015531 0.012051 0.012120 0.012052 0.007536 0.008019 
0.102095 0.521355 0.121471 0.133656 0.032495 0.012639 0.027235 0.018109 0.018964 0.011983 
0.184441 0.453157 0.190102 0.088162 0.037188 0.010189 0.010397 0.010023 0.007587 0.008753 
0.143735 0.549423 0.151342 0.091459 0.019437 0.012930 0.011606 0.009321 0.005839 0.004909 
0.049514 0.599927 0.145246 0.115702 0.037903 0.011464 0.012623 0.013045 0.005948 0.008628 
0.114368 0.466917 0.162034 0.133559 0.028351 0.022077 0.020574 0.020677 0.018554 0.012890 
0.007827 0.521981 0.176160 0.101160 0.055833 0.035140 0.033932 0.026987 0.024733 0.016246 
0.097125 0.416002 0.204767 0.091863 0.053499 0.035147 0.030433 0.028391 0.025716 0.017058 
0.138927 0.394037 0.178676 0.136883 0.040870 0.033085 0.023166 0.023429 0.017068 0.013858 
0.223987 0.548553 0.100792 0.077921 0.010400 0.011671 0.006397 0.008299 0.008083 0.003897 
0.262635 0.467337 0.102023 0.092699 0.019109 0.016812 0.012198 0.009776 0.013804 0.003608 
0.114682 0.574054 0.144168 0.070915 0.030506 0.012199 0.019957 0.012697 0.013004 0.007816 
0.026740 0.507982 0.180568 0.116143 0.041371 0.031112 0.028656 0.026259 0.022010 0.019160 
0.173456 0.629328 0.055696 0.055256 0.034656 0.016529 0.011028 0.006335 0.007479 0.010236 
0.107348 0.537743 0.109328 0.084419 0.047970 0.022996 0.030552 0.023442 0.021547 0.014657 
0.044553 0.731913 0.084881 0.080282 0.017679 0.010136 0.009811 0.012037 0.003975 0.004732 
0.011010 0.655796 0.164157 0.067484 0.019229 0.024088 0.016252 0.015266 0.015066 0.011653 
0.167464 0.555262 0.131131 0.083883 0.025378 0.008630 0.008993 0.007216 0.006352 0.005691 
0.257871 0.444266 0.135025 0.092649 0.023620 0.008040 0.012982 0.006180 0.014118 0.005248 
0.197506 0.538072 0.107282 0.095019 0.018764 0.008863 0.010713 0.009346 0.009344 0.005091 
0.067493 0.555270 0.151543 0.111313 0.035528 0.016422 0.019136 0.014184 0.018494 0.010618 
0.033260 0.629501 0.162019 0.099808 0.022867 0.014190 0.008281 0.012044 0.010947 0.007082 
0.051369 0.714678 0.067862 0.101727 0.014337 0.014246 0.010459 0.008552 0.011619 0.005151 
0.019878 0.724680 0.103609 0.088134 0.023012 0.010090 0.008379 0.012526 0.005475 0.004216 
0.081722 0.585421 0.112349 0.102104 0.035489 0.014310 0.026129 0.017160 0.013553 0.011765 
0.071616 0.661473 0.103158 0.050815 0.036944 0.018008 0.017656 0.014931 0.014998 0.010401 
0.197647 0.524329 0.112770 0.077176 0.025512 0.013056 0.013176 0.013755 0.013326 0.009253 
0.164584 0.576305 0.111300 0.077108 0.020663 0.013589 0.012548 0.008593 0.009347 0.005962 
0.075126 0.675857 0.099488 0.072089 0.022074 0.007938 0.012308 0.015307 0.013373 0.006439 
0.049402 0.495401 0.159935 0.104036 0.059467 0.030270 0.036866 0.025248 0.024166 0.015210 
0.112272 0.547503 0.134715 0.095367 0.039759 0.011980 0.015119 0.018811 0.014133 0.010341 
0.031289 0.683438 0.124068 0.064356 0.025726 0.014844 0.018492 0.016585 0.014314 0.006889 
0.094170 0.578113 0.106732 0.098360 0.037148 0.022443 0.017703 0.019448 0.015577 0.010307 
0.042959 0.540321 0.148332 0.086964 0.051765 0.029184 0.033631 0.026669 0.022748 0.017428 
0.053040 0.587777 0.158425 0.070378 0.038451 0.025160 0.022390 0.017197 0.012797 0.014384 
0.196732 0.539212 0.121888 0.061278 0.030005 0.008741 0.014648 0.009822 0.011508 0.006165 
0.137322 0.624141 0.125186 0.055040 0.016247 0.009145 0.009663 0.010238 0.008289 0.004728 
0.024032 0.650812 0.139897 0.073323 0.025557 0.016669 0.020290 0.019068 0.018854 0.011499 
0.020566 0.513646 0.164929 0.089476 0.062633 0.035026 0.036203 0.031719 0.027315 0.018487 
0.088357 0.516644 0.164458 0.067519 0.047177 0.025641 0.031226 0.027199 0.018151 0.013628 
0.043506 0.645035 0.108579 0.078663 0.030151 0.021355 0.025016 0.025138 0.012954 0.009602 
0.038488 0.765630 0.077273 0.038228 0.013683 0.015189 0.018503 0.014598 0.011653 0.006754 
0.152118 0.498782 0.182157 0.078777 0.019686 0.013246 0.020313 0.016562 0.011358 0.007001 
0.007086 0.615678 0.164764 0.100465 0.017366 0.016835 0.037818 0.019514 0.009693 0.010781 
0.034730 0.720399 0.103127 0.074961 0.018806 0.010179 0.011468 0.007184 0.013455 0.005691 
0.096553 0.583019 0.142683 0.079855 0.029113 0.015869 0.012171 0.014980 0.015488 0.010269 
0.116156 0.601608 0.102916 0.091349 0.021388 0.011853 0.016335 0.021395 0.013250 0.003750 
0.085599 0.644638 0.099139 0.059903 0.026909 0.013893 0.022751 0.020994 0.015750 0.010424 
0.064511 0.653659 0.142358 0.048064 0.023026 0.016224 0.016370 0.020000 0.007873 0.007914 
0.099188 0.584189 0.140709 0.050865 0.031982 0.022779 0.025129 0.014187 0.017731 0.013240 
0.300652 0.316432 0.132012 0.105410 0.034365 0.025342 0.032342 0.021368 0.018677 0.013401 
0.214580 0.497488 0.115609 0.086103 0.024799 0.015152 0.017911 0.011839 0.009383 0.007136 
0.098680 0.616970 0.103809 0.070504 0.021333 0.020033 0.020615 0.023442 0.014952 0.009662 
0.184691 0.591224 0.096747 0.042335 0.018580 0.015722 0.021320 0.012681 0.009065 0.007635 
0.048212 0.617649 0.095999 0.075231 0.052276 0.034373 0.028753 0.019298 0.012891 0.015316 
0.209535 0.572051 0.092679 0.048667 0.025137 0.012241 0.015224 0.011779 0.005713 0.006973 
0.153252 0.640209 0.094348 0.045093 0.017595 0.006788 0.018620 0.011391 0.007894 0.004810 
0.077281 0.658887 0.091641 0.054763 0.037971 0.021934 0.022817 0.014322 0.013557 0.006826 
0.126806 0.729953 0.042084 0.025765 0.016055 0.015407 0.019667 0.009995 0.007245 0.007022 
0.129602 0.743074 0.062559 0.018049 0.015149 0.008356 0.007584 0.006881 0.004933 0.003814 
0.110705 0.650766 0.067090 0.056537 0.032069 0.021610 0.019080 0.016631 0.014289 0.011222 
0.167776 0.642463 0.070160 0.039261 0.023841 0.016069 0.008715 0.014422 0.009530 0.007763 
0.099670 0.598463 0.092627 0.062562 0.041951 0.024561 0.029770 0.019340 0.021185 0.009870 
0.039505 0.702215 0.113536 0.051283 0.030059 0.010706 0.020154 0.013537 0.011190 0.007815 
0.017175 0.569434 0.158434 0.076747 0.042521 0.032130 0.037155 0.028078 0.024471 0.013854 
0.219352 0.418260 0.143072 0.077657 0.032300 0.009040 0.036515 0.030020 0.022561 0.011222 
0.013507 0.611005 0.193341 0.054515 0.037805 0.021945 0.018721 0.021722 0.017202 0.010237 
0.134913 0.688800 0.075722 0.035271 0.015779 0.009142 0.014986 0.012309 0.009529 0.003550 
0.137086 0.480563 0.147461 0.084335 0.035612 0.022400 0.025666 0.029257 0.022392 0.015229 
0.051750 0.328281 0.238568 0.113546 0.074550 0.046396 0.048667 0.038612 0.034378 0.025251 
0.056723 0.543793 0.149372 0.060240 0.055669 0.031440 0.040688 0.021544 0.021710 0.018821 
0.013036 0.775817 0.085133 0.045588 0.024762 0.011192 0.014854 0.015596 0.009021 0.005000 
0.171673 0.587076 0.087656 0.046917 0.023974 0.020481 0.020832 0.017308 0.014881 0.009202 
0.171963 0.620146 0.059121 0.041968 0.021848 0.013821 0.032730 0.012514 0.017288 0.008601 
0.144501 0.584651 0.112521 0.051461 0.024883 0.018094 0.034089 0.011384 0.012827 0.005588 
0.027133 0.503727 0.153300 0.122823 0.042707 0.034173 0.062284 0.027086 0.011239 0.015528 
0.027151 0.511272 0.163702 0.076160 0.059080 0.034561 0.044598 0.035145 0.028664 0.019666 
0.019838 0.464418 0.167524 0.111776 0.054744 0.044490 0.046504 0.038076 0.031193 0.021439 
0.070482 0.571516 0.169456 0.034419 0.042890 0.026063 0.024259 0.025852 0.022565 0.012497 
0.070891 0.732713 0.080226 0.044482 0.017944 0.013786 0.019701 0.007767 0.005514 0.006976 
0.021016 0.570609 0.185348 0.100327 0.031190 0.021914 0.035228 0.017971 0.011003 0.005396 
0.052680 0.774157 0.084489 0.047235 0.015719 0.004575 0.008751 0.005974 0.004215 0.002207 
0.134304 0.419885 0.180448 0.084087 0.048137 0.033098 0.029788 0.029100 0.024826 0.016328 
0.148832 0.564619 0.093792 0.058427 0.034710 0.025198 0.022595 0.023542 0.017663 0.010622 
0.123453 0.640869 0.089329 0.050950 0.032066 0.015074 0.019099 0.009894 0.011734 0.007534 
0.004606 0.631233 0.108446 0.066416 0.068864 0.039200 0.027680 0.017114 0.023522 0.012920 
0.059517 0.627281 0.124036 0.048612 0.041000 0.026117 0.025748 0.018486 0.017807 0.011396 
0.156159 0.585727 0.108715 0.031198 0.040163 0.021073 0.017829 0.011979 0.016684 0.010473 
0.030702 0.484861 0.171542 0.096232 0.063645 0.040456 0.037063 0.028629 0.027546 0.019323 
0.014510 0.597735 0.139340 0.077344 0.044415 0.029517 0.032034 0.026605 0.020216 0.018283 
0.041507 0.647588 0.074343 0.063396 0.057717 0.031986 0.027666 0.022644 0.018390 0.014764 
0.049226 0.344151 0.207416 0.126380 0.069580 0.051074 0.051293 0.043355 0.033025 0.024500 
0.009493 0.765480 0.083785 0.044890 0.033103 0.011650 0.015168 0.013177 0.012543 0.010711 
0.123364 0.332946 0.178982 0.100160 0.073067 0.052248 0.048330 0.042241 0.027138 0.021525 
0.059468 0.422768 0.178846 0.097904 0.069842 0.044973 0.038922 0.037479 0.029697 0.020102 
0.010672 0.456168 0.181703 0.094709 0.094221 0.031891 0.038426 0.042126 0.030867 0.019218 
0.002122 0.590745 0.129021 0.055365 0.077846 0.035805 0.032619 0.034421 0.020041 0.022015 
0.088186 0.607639 0.079309 0.042555 0.083294 0.027851 0.021783 0.018451 0.021317 0.009615 
0.106150 0.595567 0.070898 0.071138 0.071634 0.022330 0.016978 0.020504 0.016945 0.007857 
0.008957 0.807184 0.066734 0.021874 0.035199 0.017136 0.015374 0.011024 0.008911 0.007608 
0.008751 0.628305 0.126992 0.069443 0.058951 0.031939 0.023936 0.021716 0.020295 0.009671 
0.070394 0.607443 0.122932 0.042621 0.064986 0.019752 0.022264 0.022455 0.015567 0.011586 
0.109120 0.545974 0.114129 0.063848 0.063061 0.022297 0.030287 0.022538 0.019769 0.008977 
0.034225 0.768720 0.062832 0.022417 0.054021 0.021293 0.017193 0.008341 0.005409 0.005548 
0.078437 0.604069 0.083606 0.049832 0.096038 0.036180 0.022432 0.015372 0.008626 0.005406 
0.130295 0.616346 0.065001 0.047055 0.071894 0.032574 0.013097 0.009364 0.010338 0.004035 
0.095611 0.548895 0.098312 0.058139 0.098992 0.019638 0.027840 0.021392 0.020267 0.010915 
0.019793 0.666387 0.078961 0.073088 0.086437 0.025594 0.015096 0.011622 0.014571 0.008449 
0.199426 0.413838 0.098004 0.095687 0.101828 0.040713 0.015500 0.012236 0.014027 0.008741 
0.117708 0.618982 0.073606 0.070017 0.070083 0.014358 0.014607 0.009721 0.006326 0.004592 
0.014862 0.630700 0.120326 0.082159 0.049447 0.032386 0.024781 0.015878 0.016688 0.012774 
0.014962 0.562769 0.119771 0.092926 0.064866 0.050583 0.032773 0.025382 0.021316 0.014651 
0.103849 0.355998 0.158178 0.113425 0.085164 0.036012 0.051575 0.043333 0.033052 0.019413 
0.015881 0.398930 0.218101 0.133165 0.060442 0.042385 0.034709 0.038623 0.039792 0.017971 
0.018613 0.711066 0.055064 0.068327 0.048199 0.040659 0.016366 0.014427 0.020206 0.007073 
0.122788 0.617894 0.050841 0.078972 0.054677 0.025766 0.021007 0.009663 0.013884 0.004508 
0.145676 0.505753 0.129736 0.069633 0.052176 0.033261 0.024769 0.018858 0.009339 0.010799 
0.006981 0.643802 0.123975 0.053370 0.060712 0.028166 0.027940 0.021817 0.019735 0.013503 
0.167945 0.461264 0.134474 0.056069 0.069507 0.029178 0.015807 0.025609 0.023100 0.017047 
0.137733 0.612110 0.085370 0.041237 0.067588 0.014014 0.011115 0.011948 0.011484 0.007401 
0.103235 0.488523 0.115310 0.071976 0.080866 0.043359 0.037371 0.026503 0.019186 0.013670 
0.032456 0.548242 0.137976 0.085968 0.090458 0.022307 0.026811 0.026806 0.018525 0.010452 
0.154865 0.585045 0.055746 0.069110 0.069038 0.025751 0.018994 0.009453 0.006525 0.005474 
0.144034 0.483289 0.097416 0.088819 0.083469 0.014983 0.031084 0.020860 0.021614 0.014433 
0.044953 0.490493 0.170986 0.086396 0.076070 0.030705 0.037009 0.020407 0.025286 0.017694 
0.069624 0.513953 0.093420 0.068644 0.107125 0.042745 0.036882 0.026141 0.023714 0.017751 
0.100529 0.631300 0.077710 0.043229 0.065954 0.025921 0.016279 0.014391 0.015361 0.009326 
0.162802 0.346059 0.156131 0.067318 0.112408 0.043474 0.046820 0.031324 0.020156 0.013509 
0.133345 0.571959 0.073449 0.067823 0.054738 0.029405 0.032739 0.017000 0.015388 0.004155 
0.232318 0.306596 0.174739 0.063807 0.082907 0.039308 0.041838 0.032018 0.012521 0.013948 
0.222193 0.491747 0.075972 0.052031 0.076469 0.022992 0.013480 0.024665 0.012338 0.008113 
0.187630 0.480649 0.092379 0.047986 0.084749 0.032036 0.025046 0.018806 0.018904 0.011814 
0.048030 0.427481 0.162848 0.107572 0.130998 0.024222 0.028277 0.029813 0.020909 0.019851 
0.088596 0.582568 0.087662 0.058988 0.077982 0.024515 0.029406 0.019203 0.018374 0.012706 
0.142842 0.465778 0.101076 0.074523 0.104590 0.021554 0.049994 0.013200 0.016863 0.009578 
0.100500 0.565266 0.080926 0.071318 0.104405 0.019743 0.029632 0.015055 0.009788 0.003368 
0.152541 0.382396 0.134692 0.071666 0.117905 0.040246 0.035369 0.031107 0.019550 0.014527 
0.118904 0.554378 0.111638 0.061791 0.069614 0.018829 0.019111 0.020459 0.013054 0.012221 
0.123810 0.500996 0.115277 0.083339 0.073562 0.033276 0.020767 0.023546 0.016422 0.009005 
0.053512 0.503976 0.109103 0.110681 0.066647 0.046941 0.037631 0.023903 0.028236 0.019369 
0.054641 0.556464 0.097428 0.071892 0.068778 0.036557 0.046451 0.024504 0.025849 0.017436 
0.143953 0.432743 0.088195 0.083256 0.104312 0.039759 0.047023 0.028531 0.016006 0.016222 
0.049827 0.603243 0.098834 0.073396 0.072913 0.026478 0.028520 0.023653 0.014201 0.008934 
0.034651 0.523627 0.106970 0.063697 0.085512 0.046914 0.042400 0.041278 0.033361 0.021590 
0.067689 0.513520 0.113982 0.103529 0.105304 0.018921 0.029884 0.018271 0.017302 0.011597 
0.040902 0.584900 0.101269 0.061263 0.083479 0.028440 0.034740 0.024107 0.021736 0.019164 
0.063050 0.583604 0.081085 0.087279 0.084255 0.026626 0.012703 0.031586 0.015375 0.014436 
0.001958 0.610783 0.152430 0.057493 0.061087 0.030830 0.031892 0.026711 0.016728 0.010087 
0.032526 0.611380 0.084805 0.093905 0.077567 0.025791 0.030632 0.021630 0.017787 0.003978 
0.021975 0.423731 0.190160 0.099669 0.097617 0.037564 0.045703 0.032714 0.027611 0.023257 
0.052481 0.498196 0.127918 0.085113 0.109087 0.030334 0.039672 0.022254 0.023590 0.011355 
0.041742 0.531247 0.099541 0.104166 0.102457 0.022259 0.047186 0.015660 0.022190 0.013553 
0.044254 0.493692 0.145025 0.086045 0.105211 0.030894 0.042370 0.022700 0.021404 0.008405 
0.135504 0.526239 0.101875 0.057655 0.070942 0.028146 0.036296 0.019644 0.014725 0.008974 
0.000760 0.508759 0.143076 0.097809 0.086649 0.054453 0.038415 0.029538 0.024131 0.016409 
0.059129 0.412427 0.170965 0.094701 0.103550 0.035183 0.042795 0.029908 0.037096 0.014244 
0.034395 0.597164 0.109200 0.066120 0.084559 0.019650 0.035377 0.021842 0.021664 0.010031 
0.024797 0.567208 0.098966 0.091573 0.106394 0.027790 0.032120 0.028757 0.012121 0.010274 
0.108977 0.408951 0.145299 0.101701 0.102727 0.027247 0.033006 0.036501 0.017247 0.018345 
0.190664 0.541692 0.066551 0.054539 0.068325 0.017538 0.022395 0.016219 0.014701 0.007376 
0.157763 0.381244 0.159025 0.092998 0.093529 0.028499 0.032816 0.018025 0.022917 0.013185 
0.027639 0.583834 0.096251 0.078685 0.094910 0.023392 0.039310 0.028112 0.017547 0.010319 
0.077658 0.596833 0.094994 0.046828 0.085169 0.021348 0.035466 0.021594 0.015224 0.004886 
0.020780 0.511665 0.148300 0.093401 0.082754 0.026241 0.056660 0.018678 0.031339 0.010183 
0.037234 0.623010 0.117045 0.062881 0.066313 0.018788 0.030584 0.020679 0.013291 0.010176 
0.062881 0.608875 0.109381 0.068522 0.059074 0.023160 0.023343 0.020466 0.017244 0.007055 
0.111366 0.506221 0.096421 0.063111 0.083992 0.037772 0.022351 0.035373 0.029689 0.013704 
0.032159 0.514505 0.151619 0.094604 0.067298 0.044017 0.026346 0.031834 0.022240 0.015378 
0.108995 0.587794 0.109074 0.062049 0.039619 0.028568 0.023405 0.017763 0.013878 0.008855 
0.115319 0.646011 0.062424 0.053920 0.061094 0.004138 0.028631 0.016108 0.005315 0.007038 
0.124724 0.657907 0.046590 0.039397 0.052049 0.013455 0.029474 0.017691 0.012907 0.005806 
0.037708 0.480872 0.178654 0.082893 0.067495 0.039740 0.041037 0.034541 0.019437 0.017623 
0.075818 0.697034 0.067283 0.032033 0.055073 0.022983 0.020108 0.015219 0.008280 0.006169 
0.036156 0.473400 0.167253 0.108691 0.071955 0.025144 0.031977 0.038793 0.027249 0.019381 
0.076911 0.663787 0.099604 0.044497 0.037301 0.020963 0.024913 0.017205 0.007547 0.007271 
0.075470 0.554007 0.130532 0.076116 0.043397 0.022528 0.032081 0.025246 0.026003 0.014620 
0.091716 0.454225 0.137044 0.100741 0.074273 0.024096 0.036541 0.029833 0.030105 0.021428 
0.134202 0.593902 0.089256 0.055006 0.048008 0.021572 0.029142 0.014887 0.005627 0.008399 
0.002657 0.759333 0.076385 0.052033 0.052403 0.018514 0.015871 0.011142 0.007979 0.003684 
0.139583 0.549273 0.097039 0.068525 0.053663 0.019275 0.025218 0.020003 0.014864 0.012557 
0.229926 0.511733 0.072667 0.066191 0.045341 0.027347 0.019833 0.013173 0.009573 0.004215 
0.072195 0.671582 0.081447 0.063821 0.047634 0.014168 0.021747 0.014620 0.010002 0.002783 
0.098164 0.494623 0.123505 0.097850 0.061256 0.034715 0.033329 0.024903 0.020219 0.011436 
0.147855 0.639266 0.074404 0.049536 0.039560 0.008020 0.009775 0.016970 0.008594 0.006018 
0.089060 0.579643 0.130677 0.054896 0.043906 0.020908 0.028289 0.022918 0.016152 0.013551 
0.026257 0.661301 0.113312 0.059882 0.048991 0.015454 0.037725 0.018373 0.011683 0.007023 
0.223190 0.322737 0.138331 0.097401 0.067157 0.036199 0.047352 0.038254 0.019626 0.009753 
0.049551 0.523499 0.157597 0.077642 0.046711 0.027568 0.049679 0.038635 0.017865 0.011251 
0.049827 0.437193 0.140760 0.111195 0.064742 0.043015 0.054045 0.049271 0.028071 0.021880 
0.138572 0.628167 0.084099 0.043801 0.029769 0.018050 0.024501 0.017696 0.010543 0.004802 
0.107721 0.562462 0.126726 0.069793 0.034279 0.022468 0.026292 0.014602 0.023047 0.012610 
0.006976 0.623714 0.140798 0.081744 0.029417 0.031820 0.033063 0.023072 0.017089 0.012307 
0.065579 0.643176 0.125251 0.051272 0.037793 0.012619 0.022379 0.018889 0.019025 0.004017 
0.128082 0.408716 0.170908 0.091137 0.055076 0.029450 0.049559 0.032307 0.016775 0.017990 
0.073114 0.583746 0.129833 0.078246 0.054673 0.025253 0.018029 0.012688 0.014948 0.009470 
0.045644 0.732251 0.079350 0.037596 0.035611 0.011843 0.016769 0.017233 0.017531 0.006173 
0.088425 0.622077 0.138947 0.051683 0.035172 0.007602 0.018140 0.020841 0.011979 0.005134 
0.011389 0.752256 0.088237 0.055195 0.024436 0.012223 0.016678 0.019065 0.012956 0.007566 
0.085640 0.649061 0.086661 0.047285 0.036080 0.017579 0.021607 0.019362 0.024864 0.011863 
0.172425 0.546269 0.112843 0.052278 0.042607 0.010729 0.014801 0.021505 0.016685 0.009859 
0.009589 0.579082 0.138576 0.083174 0.047543 0.033323 0.030787 0.031787 0.027327 0.018811 
0.123676 0.496346 0.116686 0.077363 0.052675 0.026784 0.035709 0.028844 0.027623 0.014294 
0.067018 0.681600 0.106410 0.043487 0.031157 0.017842 0.017796 0.015109 0.015591 0.003990 
0.127701 0.625796 0.100845 0.055475 0.019514 0.025628 0.014919 0.014225 0.010493 0.005404 
0.078128 0.487434 0.159206 0.102594 0.034812 0.028205 0.061286 0.022489 0.015730 0.010116 
0.127100 0.553568 0.121129 0.062914 0.038051 0.022762 0.025750 0.024918 0.014058 0.009751 
0.163772 0.413325 0.122582 0.097067 0.051998 0.039770 0.032686 0.038667 0.026811 0.013322 
0.112404 0.539773 0.102960 0.061225 0.058283 0.044265 0.021475 0.035637 0.016395 0.007582 
0.021851 0.554340 0.169550 0.069420 0.060133 0.044873 0.033652 0.020875 0.012475 0.012832 
0.013260 0.674695 0.137248 0.040660 0.045714 0.022729 0.022938 0.017401 0.016134 0.009222 
0.007202 0.424920 0.199848 0.116727 0.083681 0.047529 0.050385 0.032407 0.020493 0.016808 
0.083445 0.557449 0.128086 0.064740 0.040846 0.026869 0.036814 0.026357 0.021234 0.014161 
0.144774 0.496272 0.119714 0.063363 0.050164 0.023671 0.034137 0.028966 0.022996 0.015944 
0.112433 0.586270 0.113921 0.056383 0.048632 0.030095 0.030499 0.008798 0.009224 0.003745 
0.013187 0.615893 0.124829 0.071047 0.058701 0.030850 0.034106 0.022737 0.014782 0.013867 
0.021381 0.673274 0.098574 0.068369 0.053199 0.026900 0.019643 0.015396 0.013024 0.010240 
0.022755 0.674046 0.086437 0.061918 0.050849 0.027839 0.029611 0.017221 0.016728 0.012596 
0.115866 0.640031 0.055612 0.054430 0.050711 0.016547 0.023369 0.016164 0.016329 0.010942 
0.242958 0.468187 0.102032 0.065163 0.043010 0.018279 0.027879 0.014025 0.010899 0.007568 
0.062685 0.612082 0.109728 0.057108 0.074699 0.018681 0.032434 0.011117 0.011334 0.010133 
0.059976 0.614293 0.098123 0.082602 0.068702 0.020757 0.022939 0.016114 0.010900 0.005593 
0.229045 0.421122 0.133327 0.091084 0.050267 0.017163 0.022034 0.016540 0.014395 0.005023 
0.076491 0.652149 0.083270 0.055650 0.040416 0.026808 0.025204 0.017760 0.015673 0.006579 
0.033084 0.638851 0.145515 0.065793 0.042064 0.022641 0.017374 0.014598 0.013687 0.006393 
0.176584 0.480998 0.163104 0.050578 0.050020 0.030244 0.014339 0.012382 0.011836 0.009916 
0.121080 0.633791 0.094868 0.052904 0.044768 0.014332 0.013056 0.012665 0.007150 0.005385 
0.034514 0.599509 0.168955 0.074150 0.044689 0.019152 0.019651 0.021328 0.009655 0.008396 
0.118282 0.592924 0.099803 0.072980 0.044174 0.024503 0.017089 0.015751 0.008128 0.006365 
0.114672 0.531697 0.150399 0.070868 0.038323 0.036190 0.018405 0.013325 0.016312 0.009810 
0.008164 0.653891 0.123096 0.080503 0.025319 0.023281 0.027088 0.011011 0.026764 0.020885 
0.087077 0.314486 0.182499 0.077540 0.120480 0.031561 0.025811 0.028416 0.077415 0.054715 
0.088163 0.339358 0.140280 0.107687 0.061127 0.043551 0.038347 0.025032 0.093774 0.062681 
0.051548 0.455879 0.132068 0.073650 0.076830 0.029320 0.018175 0.040136 0.080127 0.042268 
