Otherside,RHCP
0.000000 0.000000 0.000000 0.000000 0.000000 0.000000 0.000000 0.000000 0.000000 0.000000 
0.047579 0.082095 0.191830 0.157794 0.078822 0.042374 0.050575 0.064328 0.139152 0.145450 
0.139100 0.153257 0.239523 0.184548 0.050800 0.041261 0.067271 0.055850 0.031492 0.036898 
0.131304 0.166367 0.243463 0.147955 0.048950 0.059621 0.083071 0.053393 0.032190 0.033685 
0.152500 0.152524 0.256722 0.172232 0.040130 0.036045 0.068329 0.060525 0.027211 0.033781 
0.154018 0.144901 0.217454 0.183314 0.080086 0.021401 0.061747 0.060269 0.039052 0.037759 
0.143268 0.163310 0.232824 0.180599 0.064603 0.023377 0.057858 0.061524 0.034584 0.038054 
0.143834 0.155496 0.250818 0.170617 0.046975 0.037039 0.059692 0.061364 0.043332 0.030832 
0.127229 0.160702 0.238457 0.164103 0.048216 0.060243 0.066062 0.055257 0.036136 0.043593 
0.154592 0.156133 0.264081 0.167660 0.040807 0.038984 0.061065 0.055298 0.027684 0.033695 
0.168284 0.148489 0.227038 0.159870 0.049571 0.046142 0.077889 0.056806 0.031153 0.034759 
0.142966 0.168800 0.262564 0.166415 0.044445 0.038419 0.056354 0.053283 0.027281 0.039473 
0.134555 0.154649 0.223478 0.188006 0.080389 0.025276 0.059967 0.060760 0.032900 0.040020 
0.136623 0.157921 0.240159 0.187838 0.064113 0.022732 0.065613 0.049500 0.030286 0.045217 
0.145674 0.157821 0.252343 0.166388 0.045885 0.042554 0.055198 0.055040 0.033710 0.045385 
0.177111 0.150215 0.225265 0.167473 0.036654 0.049116 0.064988 0.059152 0.029405 0.040619 
0.149948 0.159178 0.258446 0.166119 0.036095 0.038348 0.065278 0.054187 0.027916 0.044485 
0.096153 0.151078 0.249881 0.157889 0.077029 0.058247 0.072778 0.060062 0.035277 0.041606 
0.028510 0.036926 0.235743 0.150356 0.154939 0.051836 0.052552 0.191338 0.060290 0.037510 
0.008783 0.048330 0.503183 0.086270 0.152516 0.041851 0.018287 0.072110 0.045103 0.023566 
0.018322 0.184421 0.436065 0.095893 0.096717 0.028476 0.031757 0.060994 0.027491 0.019864 
0.016163 0.186602 0.491986 0.104333 0.073119 0.024330 0.020992 0.051014 0.022420 0.009042 
0.007362 0.127117 0.474719 0.071220 0.103559 0.042923 0.040151 0.063955 0.051654 0.017340 
0.000899 0.142617 0.491727 0.112434 0.090038 0.033379 0.020276 0.052243 0.035108 0.021279 
0.025423 0.162337 0.496271 0.121509 0.067544 0.016484 0.019194 0.049540 0.020816 0.020881 
0.031525 0.157509 0.501501 0.086456 0.085753 0.026179 0.016922 0.054215 0.025061 0.014880 
0.033503 0.191167 0.490947 0.111843 0.071116 0.010804 0.021276 0.045386 0.015677 0.008282 
0.029258 0.173271 0.521733 0.093273 0.070832 0.020369 0.014745 0.049125 0.015380 0.012014 
0.005316 0.191316 0.521584 0.086523 0.073739 0.023941 0.017480 0.046535 0.019508 0.014059 
0.019107 0.197453 0.562403 0.077282 0.054395 0.012911 0.014550 0.042670 0.015602 0.003626 
0.005379 0.204046 0.533302 0.092097 0.065044 0.021462 0.027111 0.034538 0.007258 0.009762 
0.024163 0.195807 0.554741 0.070679 0.066341 0.021037 0.015722 0.035064 0.009433 0.007014 
0.022559 0.215691 0.534481 0.097157 0.051548 0.018061 0.013687 0.031768 0.012869 0.002179 
0.011459 0.160386 0.499159 0.094685 0.079821 0.043263 0.036440 0.037641 0.021200 0.015947 
0.006211 0.168787 0.441255 0.121252 0.092338 0.042906 0.044346 0.038100 0.029904 0.014900 
0.016562 0.134494 0.525080 0.131734 0.075697 0.025486 0.031707 0.037883 0.014272 0.007083 
0.014891 0.186408 0.483743 0.113126 0.067438 0.037776 0.037963 0.026034 0.018478 0.014144 
0.000723 0.157397 0.510910 0.102823 0.069997 0.031691 0.038400 0.053403 0.022158 0.012499 
0.016277 0.145375 0.497188 0.129920 0.084335 0.029539 0.035526 0.034707 0.013138 0.013994 
0.025698 0.136674 0.477765 0.091104 0.092303 0.054539 0.042665 0.040178 0.016276 0.022801 
0.030904 0.176926 0.531749 0.113873 0.057704 0.011429 0.017905 0.036199 0.014816 0.008494 
0.037240 0.163021 0.513970 0.095158 0.078840 0.025184 0.026271 0.039257 0.009608 0.011450 
0.013065 0.171873 0.506061 0.100178 0.083432 0.024046 0.039321 0.036493 0.012006 0.013527 
0.020238 0.162768 0.541877 0.112701 0.068973 0.021892 0.024998 0.033274 0.007708 0.005572 
0.003478 0.199843 0.558468 0.074749 0.080551 0.012377 0.016754 0.032830 0.012466 0.008485 
0.017032 0.165504 0.550442 0.084686 0.095256 0.015926 0.018457 0.035991 0.008473 0.008234 
0.008093 0.188459 0.599241 0.069011 0.051633 0.014938 0.022651 0.030071 0.009504 0.006400 
0.029530 0.186138 0.541231 0.095785 0.052930 0.029045 0.023781 0.021979 0.013524 0.006057 
0.021761 0.183377 0.580680 0.092711 0.048271 0.015420 0.022065 0.023198 0.007473 0.005043 
0.017556 0.135060 0.501029 0.130519 0.073091 0.038014 0.030617 0.031530 0.025954 0.016630 
0.003302 0.153248 0.551426 0.104595 0.058759 0.023180 0.038679 0.028789 0.022593 0.015427 
0.036530 0.225998 0.510627 0.074394 0.070819 0.017141 0.023669 0.025889 0.007977 0.006955 
0.005117 0.275445 0.397966 0.082013 0.082771 0.018912 0.032193 0.068957 0.021907 0.014719 
0.001480 0.189216 0.509718 0.044620 0.092154 0.032402 0.035660 0.061228 0.022530 0.010992 
0.000919 0.148917 0.519962 0.103809 0.080917 0.030691 0.036134 0.054582 0.018466 0.005602 
0.005490 0.177045 0.444921 0.129483 0.094702 0.032808 0.036434 0.048537 0.021917 0.008664 
0.021600 0.233550 0.360140 0.102715 0.094489 0.043697 0.045736 0.058329 0.018635 0.021111 
0.048165 0.315755 0.379433 0.081002 0.079765 0.015304 0.021735 0.043507 0.006275 0.009059 
0.057662 0.392330 0.408495 0.072233 0.027199 0.011070 0.015530 0.007812 0.005246 0.002423 
0.023208 0.391586 0.446232 0.061546 0.034079 0.010181 0.017489 0.008915 0.002903 0.003861 
0.031241 0.455893 0.344033 0.059195 0.025338 0.025442 0.026706 0.016102 0.009009 0.007042 
0.030945 0.437809 0.298102 0.068039 0.049525 0.032942 0.036839 0.016665 0.016254 0.012881 
0.008762 0.487199 0.258312 0.075437 0.061139 0.028227 0.033117 0.021328 0.011910 0.014568 
0.007431 0.239179 0.218692 0.268459 0.043536 0.115728 0.023443 0.026542 0.016865 0.040125 
0.014207 0.263090 0.253126 0.243596 0.038375 0.091670 0.030841 0.025862 0.003402 0.035831 
0.002581 0.241060 0.258417 0.259400 0.043061 0.090826 0.032480 0.026120 0.010933 0.035124 
0.001175 0.253650 0.260398 0.267449 0.051251 0.081967 0.025900 0.016309 0.005905 0.035996 
0.006228 0.252779 0.244060 0.258488 0.055438 0.080129 0.025364 0.030187 0.013564 0.033763 
0.016328 0.286785 0.238713 0.237201 0.036231 0.077468 0.033548 0.026572 0.018074 0.029080 
0.016571 0.298956 0.251417 0.243747 0.036949 0.068049 0.031223 0.017134 0.007677 0.028278 
0.008034 0.300408 0.221411 0.255731 0.065838 0.058248 0.018831 0.025955 0.016852 0.028691 
0.000384 0.304223 0.252524 0.249185 0.048161 0.057431 0.027293 0.021510 0.014308 0.024981 
0.003594 0.328649 0.270619 0.256930 0.028148 0.056459 0.019570 0.011891 0.001823 0.022315 
0.001518 0.328140 0.259589 0.261572 0.017115 0.052803 0.025731 0.021482 0.010487 0.021562 
0.000219 0.334660 0.251724 0.265227 0.015668 0.049422 0.026750 0.022541 0.011435 0.022353 
0.008540 0.354696 0.218945 0.257786 0.042245 0.044066 0.018602 0.020031 0.015258 0.019831 
0.015384 0.392523 0.211402 0.259457 0.037292 0.036406 0.017146 0.008875 0.004286 0.017229 
0.014031 0.386495 0.195501 0.261176 0.037298 0.039659 0.017975 0.019491 0.010601 0.017772 
0.007192 0.351009 0.275696 0.212912 0.037992 0.042326 0.024315 0.015415 0.014658 0.018486 
0.025195 0.309526 0.198334 0.198114 0.086941 0.075671 0.028681 0.019506 0.020193 0.037839 
0.017847 0.294504 0.297895 0.195344 0.049054 0.072750 0.018991 0.013252 0.012279 0.028083 
0.002779 0.271498 0.307907 0.218727 0.060337 0.078665 0.015696 0.009918 0.007129 0.027343 
0.004787 0.279111 0.310695 0.212124 0.037590 0.080345 0.023424 0.016391 0.009231 0.026302 
0.001209 0.281024 0.320493 0.213532 0.019177 0.084838 0.028570 0.013796 0.010494 0.026866 
0.002948 0.289126 0.336997 0.217424 0.019371 0.076950 0.013955 0.012158 0.007380 0.023689 
0.001725 0.284088 0.343541 0.216193 0.032949 0.063525 0.015218 0.011610 0.008370 0.022780 
0.005674 0.296854 0.341599 0.216487 0.037144 0.054973 0.010373 0.007730 0.006335 0.022830 
0.002606 0.304608 0.332378 0.221847 0.041236 0.046913 0.009688 0.010442 0.008764 0.021518 
0.004430 0.307192 0.300953 0.222169 0.030134 0.048854 0.030057 0.019019 0.014013 0.023180 
0.018643 0.332009 0.303955 0.218105 0.027636 0.037883 0.020050 0.010246 0.009153 0.022321 
0.017440 0.284501 0.298013 0.205824 0.061831 0.024966 0.035344 0.028744 0.026614 0.016723 
0.009389 0.283930 0.304429 0.270744 0.015954 0.050456 0.019280 0.012061 0.025435 0.008321 
0.000833 0.257194 0.247625 0.292855 0.064686 0.074391 0.016079 0.017493 0.021328 0.007516 
0.002270 0.239120 0.260034 0.282496 0.073096 0.067405 0.023454 0.018347 0.023831 0.009948 
0.008301 0.248225 0.253466 0.309513 0.063320 0.050059 0.019139 0.017194 0.023652 0.007132 
0.003135 0.359677 0.281308 0.227486 0.029164 0.040717 0.025860 0.007477 0.021655 0.003522 
0.000122 0.218743 0.320349 0.264984 0.023844 0.080960 0.021186 0.024634 0.005974 0.039205 
0.006419 0.265476 0.284197 0.229934 0.042376 0.076468 0.031775 0.023271 0.011631 0.028454 
0.003484 0.219731 0.280428 0.267955 0.048864 0.080409 0.029464 0.030686 0.012057 0.026924 
0.002468 0.218862 0.288733 0.266152 0.055152 0.077430 0.030426 0.025646 0.011951 0.023180 
0.007199 0.226038 0.304032 0.245629 0.055041 0.059216 0.031847 0.021916 0.020385 0.028695 
0.000396 0.268323 0.354681 0.147263 0.068778 0.051050 0.045031 0.025790 0.029061 0.009627 
0.003548 0.219886 0.442848 0.113593 0.097272 0.024849 0.033657 0.021443 0.034676 0.008227 
0.000066 0.258085 0.433864 0.099908 0.097115 0.028155 0.030753 0.012787 0.031506 0.007761 
0.006913 0.280399 0.428484 0.088950 0.096157 0.025013 0.030396 0.005484 0.026550 0.011653 
0.005569 0.295100 0.442798 0.079663 0.083325 0.027885 0.028419 0.006260 0.024049 0.006932 
0.001633 0.255531 0.503706 0.080961 0.057392 0.032596 0.020812 0.020793 0.014620 0.011958 
0.002935 0.180187 0.442759 0.078999 0.118757 0.020416 0.023777 0.086603 0.029174 0.016392 
0.015305 0.172565 0.486085 0.092731 0.089443 0.024967 0.020533 0.067016 0.022913 0.008442 
0.002510 0.149561 0.437845 0.084338 0.123468 0.042225 0.047706 0.072683 0.026565 0.013099 
0.003846 0.130277 0.489636 0.128043 0.090715 0.020688 0.021426 0.079423 0.026656 0.009289 
0.014277 0.163357 0.444513 0.096763 0.098129 0.041584 0.040975 0.070124 0.012520 0.017757 
0.002962 0.132834 0.483931 0.099764 0.097616 0.027682 0.038174 0.077198 0.019542 0.020296 
0.011050 0.147984 0.505832 0.132699 0.067522 0.015968 0.017236 0.071114 0.019876 0.010718 
0.019220 0.189298 0.471664 0.099881 0.075690 0.031212 0.023038 0.067488 0.016156 0.006353 
0.000081 0.140171 0.491641 0.131961 0.079423 0.030064 0.033710 0.058897 0.015763 0.018288 
0.004540 0.169165 0.514420 0.113532 0.067050 0.022045 0.016109 0.059772 0.018190 0.015175 
0.018480 0.203990 0.510924 0.107536 0.048158 0.027628 0.019614 0.049131 0.010404 0.004135 
0.001189 0.158902 0.516503 0.100124 0.069306 0.030588 0.030197 0.056495 0.024170 0.012527 
0.003865 0.180491 0.499693 0.140878 0.052431 0.025058 0.015239 0.047263 0.024942 0.010141 
0.018917 0.196911 0.521772 0.094913 0.055684 0.030209 0.023185 0.039971 0.008479 0.009961 
0.012509 0.210779 0.496107 0.115393 0.059099 0.020570 0.015930 0.042218 0.015596 0.011799 
0.011468 0.197575 0.470080 0.138961 0.064766 0.025310 0.019524 0.036605 0.023405 0.012305 
0.009467 0.204518 0.528112 0.121175 0.066334 0.014931 0.006749 0.036559 0.008258 0.003897 
0.014747 0.204061 0.453484 0.114960 0.079939 0.029410 0.026202 0.039910 0.020019 0.017269 
0.006188 0.181521 0.490165 0.118073 0.085021 0.025732 0.019814 0.035711 0.022988 0.014787 
0.015982 0.235090 0.437704 0.131571 0.100109 0.015287 0.018202 0.028188 0.015199 0.002670 
0.016578 0.227883 0.486817 0.104903 0.086895 0.016196 0.017721 0.017675 0.017940 0.007392 
0.002422 0.221899 0.479671 0.148678 0.086628 0.008892 0.018223 0.015021 0.012814 0.005751 
0.013340 0.205336 0.483114 0.115498 0.088359 0.025583 0.021918 0.020928 0.014994 0.010929 
0.009932 0.232998 0.468357 0.132019 0.090835 0.012135 0.012540 0.024576 0.012292 0.004316 
0.012437 0.216900 0.503343 0.130671 0.073224 0.007095 0.012760 0.025203 0.012864 0.005503 
0.019882 0.232930 0.449386 0.082134 0.092000 0.032288 0.024499 0.032099 0.020831 0.013951 
0.001033 0.203649 0.500424 0.119517 0.086013 0.019388 0.019697 0.028453 0.012611 0.009217 
0.010237 0.214558 0.457274 0.110250 0.086126 0.030102 0.029104 0.030666 0.018746 0.012936 
0.006798 0.258330 0.408289 0.102255 0.083349 0.036455 0.032600 0.027614 0.027470 0.016840 
0.018930 0.247533 0.543097 0.081084 0.046852 0.013563 0.015800 0.009415 0.015109 0.008618 
0.015541 0.287916 0.501527 0.118281 0.026760 0.009602 0.013116 0.010068 0.013916 0.003273 
0.007022 0.260769 0.523620 0.085222 0.038545 0.020764 0.017319 0.021225 0.016193 0.009321 
0.004652 0.242813 0.478324 0.120600 0.048247 0.025285 0.022340 0.028690 0.016919 0.012129 
0.005428 0.253969 0.478436 0.113464 0.038922 0.028924 0.029327 0.030359 0.013195 0.007976 
0.043927 0.353951 0.392579 0.059640 0.044414 0.021294 0.029644 0.022074 0.020656 0.011820 
0.006872 0.241815 0.446860 0.157967 0.045419 0.018763 0.020749 0.016821 0.032444 0.012290 
0.000136 0.231701 0.504132 0.122394 0.056685 0.011336 0.017911 0.019920 0.024948 0.010837 
0.011158 0.252622 0.454854 0.150731 0.044432 0.019854 0.022926 0.014196 0.021682 0.007544 
0.005742 0.261405 0.505869 0.112881 0.047440 0.012943 0.012638 0.011562 0.024736 0.004785 
0.000333 0.251309 0.461472 0.103187 0.071261 0.029329 0.024406 0.021656 0.021220 0.015826 
0.036836 0.321300 0.447320 0.052117 0.045682 0.032031 0.025997 0.014210 0.013708 0.010799 
0.007144 0.276236 0.466924 0.057630 0.050509 0.046330 0.040501 0.019675 0.016366 0.018685 
0.022151 0.303718 0.451613 0.079827 0.052678 0.030271 0.027943 0.012993 0.008585 0.010223 
0.014422 0.279565 0.417294 0.100302 0.042967 0.048706 0.031313 0.028175 0.021245 0.016012 
0.047898 0.366515 0.397168 0.071635 0.027718 0.027839 0.028577 0.015895 0.009846 0.006908 
0.030254 0.185425 0.256912 0.187517 0.112333 0.053713 0.042401 0.042459 0.065546 0.023438 
0.015638 0.227617 0.380802 0.156053 0.071028 0.040279 0.035371 0.020557 0.039221 0.013434 
0.004609 0.201059 0.460219 0.168488 0.038538 0.030661 0.035711 0.023151 0.027358 0.010205 
0.000526 0.205842 0.486981 0.175682 0.036076 0.032561 0.026165 0.008232 0.017563 0.010373 
0.005161 0.178100 0.472109 0.181635 0.036483 0.028449 0.024508 0.025309 0.033554 0.014692 
0.008494 0.233086 0.452880 0.170445 0.032189 0.024459 0.025657 0.016651 0.027347 0.008792 
0.009711 0.252775 0.477261 0.135656 0.041400 0.017934 0.018995 0.010381 0.029477 0.006410 
0.033848 0.272803 0.399623 0.109806 0.061668 0.034301 0.030855 0.014117 0.030695 0.012283 
0.054648 0.350163 0.321257 0.119257 0.062208 0.031420 0.014469 0.018358 0.023048 0.005172 
0.017748 0.287571 0.397674 0.151262 0.048366 0.022705 0.031412 0.010098 0.026255 0.006909 
0.000643 0.270804 0.390419 0.148683 0.064045 0.036026 0.032039 0.019150 0.027789 0.010403 
0.017670 0.236142 0.400452 0.131804 0.078688 0.028939 0.032581 0.026046 0.029627 0.018052 
0.017479 0.242070 0.364731 0.133581 0.080634 0.039188 0.039824 0.033809 0.031504 0.017180 
0.017565 0.312824 0.386806 0.133886 0.059923 0.023486 0.023138 0.012224 0.019116 0.011032 
0.040132 0.346089 0.393255 0.119581 0.037892 0.017344 0.021770 0.009497 0.011337 0.003103 
0.037513 0.307277 0.391214 0.147584 0.025149 0.019419 0.022130 0.018688 0.019837 0.011190 
0.020084 0.269750 0.475347 0.148211 0.024742 0.020335 0.018893 0.008043 0.011445 0.003150 
0.031097 0.263402 0.429721 0.134567 0.036844 0.015725 0.015176 0.020176 0.041171 0.012122 
0.031450 0.228679 0.459616 0.157517 0.032245 0.015354 0.014556 0.011504 0.040343 0.008737 
0.016105 0.153090 0.565628 0.146164 0.032036 0.018573 0.016189 0.009033 0.036781 0.006401 
0.017547 0.189475 0.511421 0.126588 0.053426 0.028067 0.021601 0.017499 0.028490 0.005887 
0.002567 0.164494 0.444303 0.131893 0.087644 0.041917 0.038803 0.032863 0.039990 0.015526 
0.020525 0.169825 0.483777 0.115886 0.071008 0.025880 0.026327 0.031875 0.036592 0.018305 
0.003776 0.172238 0.575078 0.130500 0.042277 0.015587 0.023009 0.005135 0.027420 0.004980 
0.000610 0.198604 0.523708 0.164365 0.023247 0.016870 0.026035 0.013041 0.025314 0.008205 
0.041027 0.289009 0.457990 0.126692 0.022090 0.019069 0.015941 0.005172 0.018596 0.004415 
0.033080 0.230871 0.491833 0.117654 0.041333 0.023570 0.019658 0.016293 0.019065 0.006643 
0.001297 0.210125 0.554283 0.103160 0.045105 0.021572 0.019599 0.017308 0.020851 0.006700 
0.012272 0.250096 0.524224 0.138098 0.025733 0.014155 0.013354 0.005152 0.014120 0.002797 
0.014088 0.199699 0.481429 0.163672 0.033392 0.020861 0.022663 0.025813 0.024415 0.013967 
0.014721 0.226205 0.523986 0.147148 0.023050 0.016830 0.017586 0.009390 0.013821 0.007263 
0.010654 0.257496 0.521277 0.119783 0.044045 0.015600 0.014668 0.005436 0.009083 0.001959 
0.011846 0.223947 0.451281 0.120250 0.064994 0.036746 0.035774 0.022611 0.018102 0.014450 
0.044041 0.226892 0.439620 0.113879 0.072434 0.028835 0.025011 0.018681 0.019553 0.011054 
0.021805 0.242355 0.458175 0.116331 0.061110 0.025173 0.017853 0.019069 0.027592 0.010536 
0.002025 0.177677 0.422139 0.143616 0.088580 0.043955 0.033401 0.039267 0.034747 0.014592 
0.023419 0.189438 0.452041 0.128741 0.072980 0.032885 0.028852 0.021786 0.034541 0.015318 
0.001650 0.187374 0.550451 0.145476 0.049849 0.012354 0.025383 0.004674 0.018036 0.004754 
0.005444 0.203907 0.514986 0.167229 0.026226 0.016374 0.022808 0.010470 0.023876 0.008680 
0.042375 0.297777 0.425781 0.128508 0.030729 0.019212 0.013766 0.011755 0.022177 0.007919 
0.035484 0.249467 0.449612 0.120024 0.051091 0.026990 0.023057 0.011333 0.023581 0.009362 
0.000340 0.237996 0.542438 0.117516 0.038356 0.014230 0.011478 0.012395 0.020679 0.004571 
0.009413 0.260478 0.510301 0.149464 0.018521 0.015077 0.014598 0.003267 0.015273 0.003608 
0.018857 0.219595 0.448066 0.176979 0.027346 0.022208 0.023622 0.024888 0.024354 0.014086 
0.000827 0.170464 0.595425 0.107686 0.059298 0.013127 0.015070 0.022611 0.008660 0.006833 
0.026168 0.147903 0.533676 0.049606 0.099792 0.018107 0.028141 0.056935 0.020986 0.018688 
0.004517 0.117707 0.547485 0.057358 0.111906 0.045571 0.037264 0.045409 0.024679 0.008105 
0.002556 0.091039 0.501071 0.117743 0.110973 0.039349 0.036723 0.055549 0.034496 0.010501 
0.010029 0.118757 0.540894 0.085262 0.087995 0.018974 0.028496 0.074197 0.025878 0.009518 
0.017660 0.135972 0.531295 0.061291 0.092898 0.035900 0.033989 0.067560 0.019282 0.004152 
0.004832 0.129519 0.572148 0.096892 0.070736 0.015834 0.021493 0.066333 0.015081 0.007130 
0.003583 0.125342 0.586719 0.078039 0.079968 0.022371 0.015340 0.066400 0.018388 0.003851 
0.003064 0.112395 0.538171 0.098466 0.087661 0.031705 0.029852 0.061629 0.024876 0.012181 
0.009881 0.125967 0.559620 0.116225 0.066312 0.018731 0.025831 0.055753 0.011166 0.010514 
0.039870 0.152840 0.536084 0.075443 0.077499 0.030650 0.023716 0.049125 0.007667 0.007106 
0.022458 0.137201 0.573245 0.058452 0.083748 0.021092 0.009839 0.045258 0.021465 0.027242 
0.014705 0.068425 0.337385 0.117376 0.151042 0.039914 0.057008 0.124953 0.032148 0.057043 
0.003930 0.093844 0.469022 0.074390 0.090415 0.041800 0.048849 0.128678 0.026756 0.022315 
0.014672 0.131792 0.452082 0.072028 0.047881 0.023293 0.032914 0.181278 0.025780 0.018280 
0.005332 0.085870 0.417326 0.082319 0.141117 0.023116 0.083195 0.138203 0.012318 0.011204 
0.000137 0.115847 0.382441 0.128798 0.221967 0.024156 0.035339 0.076329 0.007243 0.007745 
0.018871 0.138337 0.245045 0.260552 0.209135 0.039435 0.026003 0.038859 0.012892 0.010871 
0.010067 0.086859 0.358542 0.114213 0.101816 0.017514 0.081072 0.167230 0.039019 0.023669 
0.012766 0.087651 0.401028 0.103470 0.073187 0.031751 0.169001 0.059274 0.018071 0.043801 
0.021521 0.105894 0.358864 0.079478 0.075858 0.037577 0.137887 0.146055 0.016173 0.020692 
0.010296 0.092496 0.382049 0.086768 0.074928 0.024613 0.064471 0.234552 0.020657 0.009170 
0.004962 0.098927 0.369868 0.065525 0.079655 0.043139 0.066001 0.228988 0.032344 0.010591 
0.010595 0.111151 0.410963 0.092081 0.077875 0.019117 0.042950 0.213771 0.013596 0.007901 
0.002245 0.112058 0.405207 0.086187 0.093125 0.028563 0.045565 0.200529 0.017938 0.008583 
0.016201 0.114184 0.385752 0.044867 0.090023 0.029774 0.045864 0.210520 0.040950 0.021865 
0.018520 0.149639 0.402396 0.069722 0.078631 0.013378 0.013677 0.189586 0.039155 0.025296 
0.010863 0.107937 0.405996 0.090746 0.062574 0.020898 0.009871 0.244095 0.027914 0.019107 
0.014333 0.087642 0.390729 0.074599 0.046522 0.034971 0.054854 0.253753 0.031104 0.011492 
0.008241 0.101570 0.464522 0.083578 0.081629 0.026976 0.021617 0.188741 0.018309 0.004818 
0.008213 0.131563 0.491571 0.058059 0.129017 0.028074 0.022879 0.084355 0.028911 0.017359 
0.009654 0.116299 0.576324 0.074856 0.130188 0.027334 0.024255 0.023789 0.008111 0.009190 
0.012591 0.183196 0.478825 0.088184 0.075975 0.036756 0.032937 0.041570 0.029040 0.020926 
0.015684 0.201563 0.302931 0.116056 0.107212 0.025672 0.048885 0.106442 0.047928 0.027629 
0.025924 0.171356 0.327241 0.067847 0.118118 0.024140 0.043664 0.145291 0.035397 0.041022 
0.024763 0.191333 0.351988 0.113143 0.059040 0.023611 0.064889 0.051266 0.082086 0.037881 
0.021981 0.151287 0.337681 0.107526 0.075632 0.026067 0.063560 0.057753 0.129354 0.029160 
0.002439 0.124092 0.324360 0.129927 0.085984 0.051608 0.095063 0.047908 0.111325 0.027295 
0.017130 0.149151 0.312653 0.167360 0.063695 0.021368 0.118236 0.037829 0.090823 0.021755 
0.022650 0.178032 0.349186 0.176039 0.041344 0.020561 0.150112 0.028155 0.032315 0.001606 
0.011003 0.198166 0.275246 0.208999 0.014728 0.022012 0.187275 0.013219 0.048091 0.021260 
0.017455 0.210020 0.200968 0.265576 0.055747 0.052143 0.131371 0.022532 0.037803 0.006384 
0.010465 0.206452 0.206891 0.301276 0.062356 0.040163 0.098249 0.021011 0.036110 0.017026 
0.022639 0.274557 0.213659 0.326750 0.017877 0.018750 0.077555 0.016740 0.024546 0.006927 
0.007186 0.077398 0.125014 0.279977 0.047411 0.123947 0.242343 0.038112 0.034443 0.024170 
0.002245 0.147869 0.179754 0.188416 0.043239 0.110722 0.232784 0.038891 0.037688 0.018391 
0.007240 0.166330 0.161101 0.219089 0.052452 0.088996 0.217421 0.033410 0.030932 0.023027 
0.001140 0.147348 0.172097 0.227754 0.015253 0.099437 0.255574 0.028004 0.031782 0.021611 
0.001531 0.144131 0.164007 0.220534 0.017452 0.122106 0.252534 0.020459 0.036067 0.021179 
0.003151 0.136433 0.124957 0.199237 0.050593 0.118142 0.275812 0.031054 0.039119 0.021503 
0.005965 0.148237 0.123273 0.190338 0.058264 0.099656 0.275363 0.039511 0.038851 0.020542 
0.000516 0.147763 0.114591 0.186844 0.044624 0.084661 0.287407 0.049584 0.046503 0.037507 
0.010675 0.165155 0.149633 0.164537 0.042546 0.084934 0.274319 0.035628 0.049159 0.023413 
0.002068 0.146654 0.140888 0.176092 0.033450 0.085022 0.288234 0.053767 0.054541 0.019286 
0.002146 0.158876 0.154913 0.179190 0.026850 0.062287 0.325225 0.022178 0.039109 0.029225 
0.000268 0.172245 0.176554 0.203252 0.042514 0.056053 0.292246 0.010602 0.009278 0.036987 
0.005869 0.177265 0.142320 0.198150 0.046069 0.041720 0.258133 0.058414 0.020251 0.051809 
0.011006 0.185343 0.136019 0.180071 0.017537 0.038889 0.266751 0.087760 0.038504 0.038118 
0.004973 0.162665 0.128023 0.173136 0.019058 0.030578 0.268819 0.103919 0.045475 0.063355 
0.002047 0.149700 0.128992 0.206824 0.028553 0.033968 0.287885 0.046147 0.057911 0.057972 
0.004756 0.122346 0.174537 0.237813 0.035520 0.039695 0.219990 0.022873 0.127796 0.014674 
0.005613 0.170304 0.206580 0.218695 0.032254 0.073319 0.133901 0.048163 0.087518 0.023653 
0.002556 0.159728 0.180111 0.246114 0.055739 0.112692 0.121755 0.025892 0.066186 0.029226 
0.008273 0.188077 0.184980 0.240615 0.027149 0.129878 0.101142 0.025234 0.059163 0.035490 
0.006267 0.167577 0.156445 0.240698 0.044370 0.102142 0.155380 0.025015 0.077732 0.024373 
0.001599 0.166056 0.149981 0.245200 0.040521 0.095275 0.167791 0.027423 0.079789 0.026366 
0.008283 0.198904 0.158248 0.274360 0.022961 0.068562 0.137858 0.024563 0.077932 0.028327 
0.003627 0.189795 0.151043 0.302858 0.031705 0.058704 0.126965 0.019919 0.090802 0.024581 
0.007245 0.202810 0.146195 0.325747 0.023490 0.048304 0.126286 0.034665 0.068161 0.017096 
0.005005 0.234636 0.169049 0.358603 0.027135 0.051388 0.095628 0.009751 0.030776 0.018028 
0.002749 0.217466 0.178443 0.324264 0.036861 0.052643 0.113184 0.021258 0.036806 0.016326 
0.010830 0.158960 0.109454 0.307976 0.046385 0.055088 0.175261 0.040644 0.077940 0.017462 
0.003771 0.160000 0.157106 0.323360 0.033000 0.060734 0.160229 0.019646 0.064328 0.017826 
0.000784 0.135824 0.111991 0.325375 0.059413 0.088573 0.164408 0.013149 0.074128 0.026355 
0.014421 0.175512 0.148539 0.228985 0.063917 0.046315 0.187279 0.030596 0.085070 0.019367 
0.001510 0.130662 0.125385 0.279891 0.051565 0.081524 0.186766 0.030872 0.094053 0.017773 
0.004852 0.159687 0.111663 0.260360 0.023932 0.062278 0.218645 0.049187 0.095813 0.013583 
0.019186 0.182690 0.145890 0.181706 0.039952 0.080275 0.224615 0.039771 0.067989 0.017926 
0.006781 0.173772 0.151117 0.222801 0.033319 0.092703 0.155706 0.030069 0.097433 0.036299 
0.000962 0.173281 0.165612 0.270829 0.048383 0.074780 0.066459 0.021975 0.146715 0.031005 
0.000647 0.185665 0.167131 0.291532 0.042039 0.084111 0.059963 0.028896 0.105327 0.034689 
0.013652 0.208150 0.150847 0.275083 0.018318 0.075748 0.087584 0.011186 0.120935 0.038497 
0.020555 0.313967 0.241748 0.193252 0.037593 0.083599 0.028287 0.026877 0.037203 0.016919 
0.008446 0.252821 0.337180 0.153349 0.126656 0.038788 0.018307 0.017676 0.036868 0.009909 
0.007771 0.282193 0.376450 0.085231 0.134956 0.021982 0.036394 0.010089 0.035096 0.009837 
0.005248 0.299842 0.383274 0.073165 0.124056 0.018483 0.036769 0.014519 0.034359 0.010284 
0.004367 0.379778 0.344349 0.073363 0.109788 0.018950 0.025060 0.012744 0.028918 0.002682 
0.002847 0.224553 0.279300 0.262662 0.086850 0.011410 0.070360 0.015034 0.034084 0.012900 
0.006317 0.147416 0.133595 0.257942 0.059506 0.055967 0.178232 0.023477 0.092245 0.045304 
0.006007 0.105176 0.358821 0.113717 0.087542 0.035540 0.101895 0.040678 0.136941 0.013683 
0.006699 0.088461 0.357940 0.086949 0.092899 0.043226 0.068199 0.058470 0.169594 0.027563 
0.008032 0.118029 0.340271 0.087741 0.095433 0.043576 0.057323 0.061215 0.149274 0.039106 
0.013311 0.118294 0.415645 0.090240 0.073297 0.010137 0.068701 0.046339 0.131375 0.032662 
0.005457 0.115374 0.371001 0.076385 0.103061 0.030420 0.071617 0.056560 0.144899 0.025226 
0.009867 0.119026 0.406415 0.114803 0.075390 0.031641 0.054877 0.048721 0.116991 0.022268 
0.013229 0.128755 0.409077 0.077972 0.104654 0.018835 0.076952 0.053640 0.108022 0.008863 
0.012780 0.144279 0.418653 0.104296 0.098000 0.028511 0.058231 0.044198 0.079864 0.011188 
0.006249 0.124835 0.375439 0.153830 0.062899 0.021136 0.098277 0.049012 0.090577 0.017746 
0.009130 0.119202 0.414940 0.137419 0.069661 0.014340 0.117806 0.042850 0.068471 0.006181 
0.014771 0.157104 0.377539 0.102938 0.065571 0.037884 0.104755 0.042715 0.074738 0.021984 
0.001583 0.129223 0.428840 0.159135 0.063821 0.016575 0.088893 0.037752 0.068245 0.005933 
0.015665 0.161887 0.413252 0.119750 0.064739 0.015871 0.110035 0.042406 0.045991 0.010403 
0.001878 0.143036 0.424871 0.163403 0.048247 0.030487 0.096970 0.028272 0.055907 0.006929 
0.010048 0.158760 0.438289 0.156527 0.072452 0.033557 0.052695 0.029656 0.036338 0.011678 
0.006433 0.167748 0.454364 0.134865 0.072047 0.025377 0.064358 0.033277 0.032311 0.009221 
0.001262 0.134195 0.452536 0.119572 0.096014 0.030478 0.058277 0.052327 0.039372 0.015967 
0.010464 0.153835 0.478769 0.116424 0.117232 0.016555 0.024308 0.034564 0.033057 0.014792 
0.004340 0.108731 0.505209 0.175675 0.096049 0.016630 0.019466 0.040361 0.023295 0.010243 
0.023432 0.168161 0.491698 0.079771 0.113379 0.022787 0.019495 0.046082 0.024130 0.011064 
0.019297 0.140815 0.529603 0.099954 0.106408 0.017918 0.014024 0.047125 0.014993 0.009863 
0.004144 0.110541 0.511086 0.148790 0.103666 0.018522 0.020988 0.052448 0.022085 0.007731 
0.011017 0.135726 0.466853 0.099456 0.124633 0.033327 0.029742 0.053118 0.026692 0.019435 
0.012903 0.141244 0.543933 0.116360 0.098492 0.014988 0.009558 0.038079 0.015847 0.008597 
0.018079 0.166800 0.468135 0.123747 0.113748 0.027906 0.028575 0.032906 0.012651 0.007453 
0.000311 0.120955 0.514775 0.106303 0.117356 0.033625 0.036422 0.040685 0.015755 0.013813 
0.009862 0.161198 0.461171 0.155732 0.097411 0.022172 0.022028 0.043166 0.017301 0.009960 
0.010147 0.179264 0.547884 0.082007 0.084353 0.019947 0.014347 0.042001 0.014891 0.005158 
0.002595 0.143985 0.485129 0.113546 0.091553 0.027326 0.031586 0.062796 0.028745 0.012739 
0.007826 0.156715 0.544600 0.112264 0.068853 0.022872 0.027454 0.043101 0.012741 0.003575 
0.017286 0.159301 0.501996 0.101266 0.073730 0.027349 0.024584 0.053459 0.024658 0.016371 
0.002452 0.137869 0.531256 0.109262 0.074191 0.028675 0.030995 0.054527 0.016137 0.014638 
0.011097 0.173924 0.550203 0.108844 0.067341 0.011277 0.013314 0.046871 0.011094 0.006035 
0.007393 0.195785 0.434394 0.101926 0.110523 0.027056 0.026988 0.060825 0.019492 0.015618 
0.010589 0.130058 0.500922 0.109543 0.126256 0.019505 0.030090 0.050739 0.013694 0.008603 
0.008374 0.077534 0.501824 0.143742 0.129731 0.021392 0.025490 0.057229 0.018963 0.015722 
0.007586 0.080092 0.501250 0.117460 0.128849 0.047769 0.046877 0.042347 0.011938 0.015834 
0.009154 0.094040 0.510007 0.113663 0.132968 0.029993 0.034583 0.043841 0.020438 0.011312 
0.021574 0.126678 0.545157 0.090256 0.101849 0.021317 0.022742 0.041624 0.015906 0.012897 
0.003083 0.133991 0.421714 0.104690 0.139557 0.062657 0.069382 0.029486 0.022322 0.013117 
0.010426 0.240974 0.522500 0.079320 0.036806 0.046812 0.031850 0.012320 0.009577 0.009415 
0.028074 0.313417 0.447206 0.077545 0.031300 0.045504 0.030957 0.008415 0.007543 0.010039 
0.008496 0.299610 0.457537 0.098165 0.033728 0.044687 0.031126 0.009206 0.009143 0.008300 
0.027352 0.252953 0.236172 0.144898 0.057834 0.050608 0.068011 0.056009 0.079190 0.026972 
0.017545 0.165856 0.328727 0.235905 0.064856 0.027895 0.086216 0.023014 0.031513 0.018472 
0.015983 0.136570 0.311138 0.137266 0.048293 0.027598 0.211262 0.045477 0.035824 0.030589 
0.013151 0.129384 0.289056 0.104345 0.054169 0.020556 0.104690 0.205182 0.054519 0.024947 
0.024284 0.162763 0.319027 0.096699 0.047569 0.026024 0.026715 0.272179 0.018863 0.005877 
0.000247 0.095737 0.270437 0.073140 0.033525 0.017267 0.059905 0.346239 0.071651 0.031853 
0.004338 0.118888 0.279150 0.090439 0.025408 0.020252 0.055212 0.324825 0.055138 0.026349 
0.021498 0.154334 0.260780 0.070264 0.055397 0.035355 0.054387 0.288177 0.043287 0.016522 
0.018775 0.161019 0.260713 0.078944 0.068555 0.035901 0.099570 0.251183 0.018004 0.007336 
0.007835 0.245114 0.483194 0.146789 0.043773 0.023691 0.017686 0.011432 0.017131 0.003355 
0.011276 0.245129 0.472480 0.167066 0.026448 0.018862 0.020508 0.015557 0.015993 0.006680 
0.009437 0.196201 0.447442 0.194460 0.022233 0.031758 0.024638 0.030596 0.027364 0.015872 
0.002798 0.107295 0.464254 0.177393 0.087338 0.037690 0.044369 0.038902 0.027581 0.012380 
0.007135 0.080917 0.271306 0.201279 0.070700 0.032028 0.208245 0.066780 0.031800 0.029809 
0.011382 0.120460 0.232824 0.242852 0.078712 0.028955 0.206972 0.021895 0.012406 0.043543 
0.010289 0.114824 0.268705 0.177916 0.051499 0.024928 0.222854 0.037944 0.041921 0.049120 
0.005059 0.091898 0.281254 0.201644 0.045653 0.055746 0.211822 0.027944 0.065973 0.013007 
0.000461 0.129352 0.256045 0.259054 0.045472 0.033214 0.185800 0.012352 0.066465 0.011785 
0.005905 0.141801 0.213138 0.248364 0.046955 0.046983 0.199697 0.023833 0.066413 0.006911 
0.006528 0.111029 0.340421 0.226055 0.062870 0.040857 0.127866 0.018021 0.061324 0.005028 
0.003298 0.104959 0.407555 0.181174 0.066934 0.020048 0.125099 0.021000 0.059654 0.010279 
0.010325 0.117364 0.386268 0.213733 0.046905 0.028464 0.118228 0.006793 0.061027 0.010892 
0.008362 0.086217 0.280951 0.233409 0.072352 0.045022 0.146231 0.043715 0.070553 0.013187 
0.001322 0.094757 0.338036 0.261152 0.044682 0.042570 0.133785 0.016341 0.057696 0.009659 
0.003041 0.111484 0.337526 0.182867 0.045228 0.044282 0.191583 0.016223 0.058683 0.009082 
0.004684 0.118858 0.345900 0.172082 0.072016 0.023638 0.173837 0.023356 0.058519 0.007109 
0.008780 0.119403 0.356688 0.245229 0.046935 0.097095 0.064734 0.021153 0.034847 0.005136 
0.011289 0.143960 0.358167 0.300966 0.024384 0.070298 0.036565 0.015847 0.030603 0.007922 
0.012428 0.133045 0.364491 0.289361 0.051867 0.047734 0.036475 0.022102 0.026951 0.015547 
0.011499 0.139464 0.423572 0.271225 0.052070 0.046626 0.015861 0.011766 0.022764 0.005153 
0.008746 0.124532 0.342116 0.229225 0.095320 0.063297 0.043818 0.030950 0.039085 0.022911 
0.032868 0.161589 0.363640 0.240302 0.081420 0.038493 0.040277 0.019367 0.014150 0.007893 
0.017034 0.191387 0.405388 0.214072 0.052942 0.044028 0.019377 0.025877 0.018465 0.011430 
0.018418 0.200722 0.358801 0.236922 0.048015 0.045766 0.033556 0.028771 0.017673 0.011354 
0.007089 0.204119 0.284099 0.185370 0.039201 0.080240 0.063826 0.049039 0.070512 0.016503 
0.028445 0.188300 0.233099 0.200677 0.058602 0.093447 0.029692 0.083339 0.057234 0.027164 
0.030416 0.179246 0.249064 0.197619 0.058006 0.055216 0.021573 0.133198 0.038034 0.037628 
0.004040 0.146519 0.316915 0.190868 0.052077 0.046854 0.044987 0.129899 0.027853 0.039988 
0.003840 0.152544 0.320285 0.213238 0.041198 0.065443 0.042816 0.110970 0.021690 0.027975 
0.002102 0.128103 0.370606 0.218007 0.041775 0.057643 0.020413 0.093414 0.033268 0.034668 
0.005000 0.175549 0.283891 0.236625 0.051557 0.072095 0.030177 0.075705 0.043639 0.025763 
0.011289 0.199807 0.411841 0.205632 0.058087 0.026849 0.029669 0.025414 0.020974 0.010438 
0.030825 0.288431 0.412224 0.150854 0.031091 0.023929 0.026882 0.010991 0.017871 0.006903 
0.034197 0.253953 0.392722 0.190010 0.021194 0.022962 0.030123 0.022032 0.021026 0.011781 
0.005430 0.192165 0.472390 0.149962 0.039239 0.030762 0.024236 0.038378 0.030230 0.017207 
0.019247 0.279918 0.443023 0.096541 0.035234 0.021298 0.020898 0.049184 0.018277 0.016380 
0.008343 0.083032 0.338450 0.207794 0.073294 0.091389 0.025459 0.108592 0.035571 0.028075 
0.004923 0.097146 0.340684 0.149859 0.058421 0.055542 0.031639 0.163998 0.041712 0.056076 
0.013815 0.110251 0.398181 0.118962 0.070041 0.048073 0.023474 0.121840 0.026005 0.069358 
0.011997 0.124530 0.398186 0.128655 0.053327 0.029917 0.023942 0.117346 0.037724 0.074375 
0.001175 0.086081 0.347473 0.134645 0.063609 0.052729 0.044346 0.155392 0.050540 0.064009 
0.006190 0.109849 0.391433 0.134115 0.059683 0.054736 0.018082 0.131461 0.030798 0.063653 
0.026887 0.150247 0.370881 0.149511 0.051999 0.054282 0.011934 0.109915 0.025614 0.048730 
0.028296 0.130443 0.391650 0.155962 0.061691 0.053050 0.016835 0.099926 0.019956 0.042192 
0.011612 0.140525 0.376366 0.137710 0.060949 0.051501 0.017211 0.109509 0.036576 0.058042 
0.018060 0.137052 0.380335 0.141972 0.045435 0.042866 0.017260 0.118924 0.031870 0.066227 
0.005265 0.153335 0.410910 0.151612 0.058158 0.061225 0.007062 0.085727 0.015918 0.050789 
0.019873 0.142178 0.391332 0.189141 0.053593 0.065277 0.013720 0.091765 0.008674 0.024446 
0.017554 0.168052 0.370975 0.181675 0.062243 0.069320 0.016148 0.043240 0.067560 0.003233 
0.010350 0.142124 0.404911 0.199913 0.058690 0.064421 0.010677 0.026945 0.073332 0.008640 
0.009835 0.151149 0.406105 0.211537 0.044180 0.065693 0.014215 0.024910 0.067042 0.005335 
0.011112 0.097114 0.333403 0.255594 0.071514 0.098237 0.018627 0.024629 0.079819 0.009952 
0.014236 0.145316 0.286476 0.199222 0.090949 0.077995 0.052440 0.043268 0.075049 0.015048 
0.007685 0.114893 0.388232 0.153398 0.079609 0.058898 0.035690 0.123853 0.020063 0.017678 
0.015358 0.107122 0.337149 0.136845 0.077608 0.061934 0.048847 0.144739 0.029295 0.041102 
0.012800 0.117403 0.368741 0.136865 0.058529 0.047326 0.040449 0.145986 0.026153 0.045748 
0.016973 0.111563 0.357947 0.131007 0.067298 0.056135 0.037717 0.128368 0.050258 0.042734 
0.012282 0.140325 0.416281 0.143810 0.059872 0.040739 0.019899 0.097146 0.030733 0.038913 
0.019590 0.154753 0.399552 0.199841 0.062634 0.034441 0.010683 0.056647 0.017238 0.044622 
0.023567 0.132679 0.374321 0.194250 0.073225 0.044183 0.031268 0.086136 0.007638 0.032733 
0.020167 0.154074 0.400474 0.152003 0.064867 0.030168 0.016174 0.101229 0.025167 0.035676 
0.021554 0.155302 0.376487 0.175831 0.052743 0.041799 0.017951 0.095873 0.024504 0.037957 
0.008295 0.130614 0.344686 0.199087 0.085125 0.045530 0.020837 0.109235 0.017103 0.039488 
0.012079 0.128946 0.439704 0.194140 0.033891 0.048835 0.028551 0.056827 0.019589 0.037438 
0.016544 0.130418 0.499213 0.183850 0.049951 0.040516 0.011461 0.032161 0.007814 0.028071 
0.012925 0.135151 0.462452 0.159680 0.062470 0.036367 0.031894 0.044797 0.028327 0.025938 
0.013194 0.132895 0.437947 0.173598 0.051385 0.049219 0.027873 0.061918 0.021890 0.030081 
0.007587 0.156579 0.346365 0.213409 0.084387 0.046151 0.023341 0.079277 0.014849 0.028055 
0.006095 0.154037 0.315788 0.230687 0.069154 0.044763 0.026402 0.085173 0.023054 0.044846 
0.002869 0.127082 0.508934 0.145282 0.076820 0.030702 0.024807 0.052974 0.017311 0.013217 
0.022399 0.162448 0.405055 0.163253 0.080030 0.042299 0.028103 0.039673 0.049529 0.007210 
0.022598 0.174708 0.429627 0.169320 0.072990 0.029887 0.017783 0.029428 0.043340 0.010318 
0.002395 0.138385 0.487965 0.156816 0.085426 0.033700 0.024163 0.031068 0.036325 0.003758 
0.005533 0.155794 0.515498 0.142050 0.061593 0.037408 0.016227 0.028570 0.032577 0.004749 
0.027627 0.239211 0.351917 0.189945 0.031293 0.042456 0.027221 0.025703 0.047586 0.017041 
0.023510 0.215197 0.277069 0.240741 0.048053 0.043460 0.020303 0.064518 0.030594 0.036554 
0.007645 0.249073 0.279376 0.200416 0.022217 0.042730 0.030996 0.101860 0.023164 0.042524 
0.012565 0.259975 0.242048 0.194483 0.022822 0.048011 0.035795 0.115402 0.026890 0.042009 
0.022400 0.222586 0.175628 0.233285 0.035268 0.074113 0.045991 0.120359 0.021092 0.049278 
0.018872 0.171050 0.193861 0.328177 0.026673 0.089709 0.029953 0.081848 0.020261 0.039596 
0.012412 0.228298 0.170746 0.321688 0.052982 0.081443 0.038115 0.064513 0.005551 0.024251 
0.016365 0.268471 0.219109 0.263913 0.031307 0.052428 0.013402 0.079672 0.018067 0.037267 
0.007207 0.261480 0.221929 0.220274 0.044427 0.069402 0.023791 0.085261 0.015969 0.050260 
0.004410 0.270872 0.223714 0.221408 0.039387 0.081715 0.022467 0.080373 0.010935 0.044719 
0.002767 0.297204 0.269892 0.161513 0.030026 0.104059 0.024261 0.060504 0.015129 0.034646 
0.001554 0.299169 0.287720 0.153504 0.050503 0.097743 0.018308 0.048085 0.011215 0.032201 
0.000304 0.327704 0.264544 0.148508 0.033155 0.111699 0.030221 0.041700 0.014895 0.027270 
0.004544 0.341328 0.265274 0.171651 0.041679 0.098395 0.021782 0.038008 0.006188 0.011151 
0.004017 0.352271 0.302586 0.156024 0.036371 0.080229 0.016719 0.028459 0.003200 0.020125 
0.013480 0.364871 0.270970 0.154387 0.030808 0.070926 0.021111 0.034343 0.016045 0.023059 
0.018929 0.400375 0.264109 0.168874 0.015277 0.048772 0.018147 0.027105 0.004843 0.033568 
0.009586 0.340936 0.261606 0.215821 0.046322 0.045803 0.019333 0.020270 0.017776 0.022547 
0.001544 0.321202 0.275979 0.262605 0.041163 0.039039 0.018446 0.009822 0.008015 0.022185 
0.006771 0.348749 0.240868 0.260530 0.038567 0.047447 0.017404 0.008463 0.008721 0.022479 
0.008657 0.492422 0.325026 0.089756 0.009423 0.032105 0.017148 0.006258 0.003549 0.015657 
0.004361 0.281333 0.322130 0.209413 0.047633 0.078550 0.009084 0.010742 0.007627 0.029128 
0.018394 0.188692 0.266880 0.246165 0.028729 0.111485 0.049149 0.033590 0.021221 0.035695 
0.006796 0.296995 0.231010 0.223216 0.022400 0.099675 0.045638 0.023671 0.018524 0.032075 
0.003582 0.308125 0.220477 0.250071 0.046686 0.096583 0.023206 0.011478 0.008586 0.031206 
0.002641 0.326339 0.210434 0.264326 0.048536 0.077136 0.024547 0.008519 0.004374 0.033147 
0.001963 0.336634 0.237708 0.254249 0.039029 0.059464 0.023082 0.010579 0.007673 0.029619 
