Over-the-edge,Akon
0.032835 0.086916 0.126475 0.098957 0.149614 0.068233 0.149914 0.092491 0.123982 0.070585 
0.001565 0.009061 0.018299 0.043003 0.136744 0.107010 0.326923 0.225028 0.094076 0.038291 
0.000657 0.007456 0.020616 0.041995 0.100491 0.070984 0.307994 0.257277 0.126791 0.065739 
0.069504 0.293064 0.313929 0.088689 0.082681 0.036469 0.039284 0.029220 0.033377 0.013781 
0.022473 0.555596 0.205897 0.064087 0.030261 0.019550 0.040334 0.034426 0.015917 0.011458 
0.009537 0.701337 0.084171 0.072329 0.022704 0.012817 0.036871 0.033072 0.017086 0.010077 
0.060767 0.526598 0.125581 0.101116 0.054502 0.039068 0.031606 0.026763 0.021153 0.012846 
0.137483 0.455534 0.049712 0.167181 0.032497 0.037756 0.049334 0.028622 0.017098 0.024784 
0.028240 0.179210 0.085971 0.329277 0.049204 0.071537 0.093836 0.073986 0.049217 0.039521 
0.018000 0.066711 0.045913 0.365044 0.051196 0.066606 0.182089 0.113295 0.060463 0.030684 
0.008158 0.027719 0.050937 0.444893 0.050224 0.093158 0.158142 0.119773 0.033693 0.013304 
0.009288 0.040768 0.107049 0.455261 0.053149 0.061852 0.108810 0.095417 0.046271 0.022135 
0.002067 0.020354 0.120364 0.511008 0.114702 0.048644 0.082913 0.046503 0.029577 0.023867 
0.010749 0.046773 0.149702 0.472608 0.098402 0.042256 0.087001 0.036045 0.032466 0.023998 
0.008036 0.037958 0.131819 0.438402 0.063820 0.075264 0.147562 0.040727 0.027017 0.029396 
0.002033 0.011013 0.122651 0.447338 0.073297 0.109665 0.081014 0.079695 0.040617 0.032677 
0.012653 0.042948 0.138587 0.462420 0.088889 0.058945 0.072145 0.070966 0.028737 0.023709 
0.010368 0.032934 0.101269 0.511473 0.071373 0.056670 0.069144 0.064980 0.048153 0.033636 
0.000607 0.015270 0.070012 0.550691 0.049678 0.054017 0.125772 0.059657 0.034853 0.039443 
0.002826 0.029955 0.251797 0.253605 0.109590 0.079804 0.048538 0.058784 0.074930 0.090173 
0.001249 0.037767 0.254895 0.220883 0.106987 0.140754 0.093829 0.057758 0.057146 0.028732 
0.010421 0.090720 0.232380 0.297437 0.097247 0.084482 0.055646 0.064316 0.045546 0.021804 
0.011936 0.049976 0.284461 0.297570 0.065878 0.114281 0.055907 0.038006 0.047128 0.034856 
0.014446 0.084373 0.357113 0.215287 0.071816 0.100179 0.065881 0.041215 0.018609 0.031082 
0.001169 0.060319 0.101684 0.102667 0.113565 0.105351 0.082166 0.191913 0.127629 0.113537 
0.009566 0.029533 0.188475 0.134350 0.082808 0.056569 0.098095 0.125364 0.131883 0.143358 
0.053395 0.033659 0.264204 0.103703 0.077865 0.067482 0.084628 0.084515 0.130065 0.100483 
0.070755 0.085281 0.318446 0.118614 0.042661 0.063098 0.073025 0.059879 0.094357 0.073885 
0.049462 0.056493 0.374604 0.091428 0.045932 0.057397 0.032046 0.102055 0.084800 0.105784 
0.017833 0.081208 0.364588 0.164729 0.042125 0.043428 0.043745 0.070848 0.092550 0.078946 
0.007007 0.050235 0.406530 0.182837 0.074980 0.051501 0.061208 0.048106 0.078504 0.039093 
0.011269 0.081600 0.437086 0.176388 0.058088 0.026653 0.047627 0.042510 0.072280 0.046498 
0.016018 0.073764 0.538403 0.137145 0.053687 0.028756 0.041312 0.035944 0.029680 0.045292 
0.009466 0.068317 0.505654 0.124525 0.051280 0.041821 0.051393 0.044755 0.053829 0.048960 
0.008558 0.033121 0.560588 0.080925 0.061070 0.048924 0.064440 0.052766 0.048180 0.041430 
0.007170 0.066251 0.495786 0.068063 0.045965 0.112953 0.061610 0.047006 0.062987 0.032210 
0.014511 0.060021 0.557490 0.120520 0.041682 0.059057 0.040397 0.030689 0.032186 0.043445 
0.009985 0.065174 0.506744 0.118542 0.046805 0.048021 0.055056 0.052623 0.042432 0.054618 
0.008369 0.051350 0.595987 0.097979 0.029042 0.044519 0.044644 0.043809 0.038436 0.045866 
0.013389 0.060577 0.561826 0.106717 0.071954 0.053950 0.033487 0.023099 0.039581 0.035420 
0.017664 0.088163 0.564480 0.135264 0.047126 0.024322 0.040467 0.040725 0.024320 0.017470 
0.007163 0.055428 0.545732 0.132459 0.073205 0.044318 0.037265 0.038649 0.035100 0.030681 
0.024227 0.101683 0.548458 0.125342 0.055007 0.034598 0.032337 0.033724 0.030730 0.013894 
0.024024 0.113794 0.552416 0.117486 0.049034 0.036478 0.032512 0.037262 0.016862 0.020134 
0.021812 0.506273 0.270503 0.063756 0.042004 0.025263 0.023621 0.019030 0.018545 0.009191 
0.055527 0.578321 0.162767 0.058991 0.040103 0.025349 0.025959 0.022264 0.017623 0.013095 
0.024627 0.566072 0.150832 0.072971 0.051834 0.031561 0.031266 0.029293 0.024025 0.017519 
0.074817 0.498263 0.182035 0.070925 0.047639 0.029638 0.031551 0.026824 0.022315 0.015993 
0.137162 0.381013 0.374502 0.033570 0.017790 0.016942 0.013221 0.010348 0.010490 0.004962 
0.052183 0.518315 0.261842 0.066206 0.031804 0.018493 0.018353 0.014474 0.012059 0.006270 
0.102180 0.720588 0.091865 0.027796 0.017662 0.010961 0.009787 0.007569 0.006973 0.004619 
0.076497 0.640662 0.108901 0.056387 0.033619 0.019856 0.020880 0.016751 0.015978 0.010471 
0.019800 0.501424 0.187526 0.088730 0.056592 0.035379 0.035624 0.030094 0.026183 0.018649 
0.083735 0.270170 0.351403 0.096078 0.054970 0.035154 0.037434 0.030150 0.024077 0.016830 
0.042693 0.135572 0.513432 0.082873 0.041959 0.040504 0.050483 0.056680 0.021383 0.014421 
0.034280 0.130199 0.525053 0.077877 0.044228 0.083458 0.048146 0.039462 0.011999 0.005297 
0.031394 0.136709 0.521796 0.089559 0.063422 0.077861 0.033144 0.023415 0.012360 0.010338 
0.004228 0.071527 0.528442 0.133352 0.073740 0.053988 0.060652 0.030763 0.025767 0.017542 
0.013688 0.112845 0.598482 0.083384 0.055993 0.041385 0.036722 0.027116 0.015511 0.014874 
0.001097 0.028185 0.269709 0.226654 0.121155 0.082573 0.039492 0.046252 0.088527 0.096355 
0.003231 0.026776 0.353908 0.170595 0.092432 0.128086 0.062740 0.067224 0.063329 0.031678 
0.007218 0.051729 0.263179 0.154908 0.133508 0.126120 0.107766 0.075195 0.048204 0.032174 
0.029424 0.059663 0.380885 0.090047 0.072099 0.151910 0.060152 0.066105 0.056999 0.032717 
0.036911 0.062575 0.456022 0.044910 0.078276 0.160738 0.068084 0.044020 0.025261 0.023203 
0.003735 0.073431 0.081203 0.125311 0.102331 0.124570 0.100402 0.193035 0.115278 0.080705 
0.012307 0.022488 0.140371 0.097718 0.096777 0.058238 0.090933 0.157509 0.205193 0.118466 
0.027174 0.099750 0.185477 0.071836 0.083435 0.066099 0.068457 0.186546 0.096850 0.114375 
0.036476 0.160840 0.178316 0.064079 0.058740 0.075270 0.072361 0.089059 0.158213 0.106646 
0.018081 0.098453 0.256437 0.039786 0.070923 0.081181 0.060640 0.123425 0.120943 0.130130 
0.013312 0.116040 0.208081 0.105693 0.094164 0.043306 0.062936 0.102712 0.144561 0.109196 
0.037764 0.120932 0.231162 0.071046 0.094151 0.030332 0.063169 0.070094 0.161689 0.119660 
0.030123 0.126685 0.316920 0.085608 0.053949 0.052272 0.052309 0.077678 0.127138 0.077318 
0.026344 0.172387 0.279887 0.060124 0.047894 0.023424 0.032345 0.124558 0.135204 0.097833 
0.001932 0.095444 0.331272 0.056557 0.076746 0.043242 0.067178 0.078918 0.124832 0.123880 
0.017212 0.117356 0.302900 0.052506 0.074956 0.055759 0.115204 0.083576 0.104683 0.075847 
0.004219 0.083896 0.244263 0.122969 0.088447 0.115172 0.110324 0.078730 0.085219 0.066760 
0.010465 0.062536 0.211662 0.156333 0.111823 0.146805 0.073671 0.068687 0.069761 0.088257 
0.002170 0.063991 0.219552 0.202098 0.170501 0.096089 0.070325 0.061358 0.053654 0.060261 
0.011232 0.103756 0.195330 0.142642 0.211040 0.065808 0.080832 0.074252 0.055003 0.060103 
0.051207 0.444110 0.289327 0.076468 0.041997 0.030291 0.023472 0.014943 0.019571 0.008616 
0.011532 0.695164 0.129098 0.041863 0.037815 0.017150 0.020120 0.020538 0.016757 0.009964 
0.083595 0.734307 0.078474 0.033404 0.025150 0.006799 0.015384 0.009416 0.008195 0.005277 
0.037766 0.665225 0.167479 0.039255 0.032006 0.016394 0.010310 0.013255 0.011317 0.006994 
0.093288 0.732082 0.090954 0.025588 0.023104 0.013309 0.006344 0.006185 0.004109 0.005037 
0.050721 0.557045 0.187537 0.057124 0.045104 0.020365 0.029963 0.016467 0.020156 0.015517 
0.042420 0.686790 0.099758 0.045196 0.028211 0.028852 0.015639 0.017947 0.020266 0.014921 
0.073779 0.653955 0.094290 0.044759 0.030178 0.016937 0.027792 0.027992 0.016148 0.014169 
0.009427 0.576388 0.141045 0.073988 0.053098 0.030069 0.033539 0.031099 0.031068 0.020280 
0.071652 0.372462 0.136966 0.081989 0.091093 0.050219 0.053217 0.039566 0.041291 0.061547 
0.032675 0.164257 0.107321 0.222051 0.083501 0.061561 0.082831 0.140499 0.051388 0.053916 
0.010136 0.067907 0.161191 0.186808 0.158546 0.097910 0.119632 0.094515 0.046119 0.057236 
0.010086 0.084805 0.172137 0.187675 0.160198 0.080137 0.075287 0.068894 0.093348 0.067433 
0.014094 0.087146 0.169071 0.171231 0.147016 0.087090 0.109916 0.094258 0.056241 0.063937 
0.001058 0.110776 0.128361 0.177518 0.153071 0.092992 0.111221 0.091113 0.074870 0.059019 
0.003802 0.102293 0.161192 0.159354 0.128192 0.047048 0.126408 0.116687 0.091502 0.063522 
0.007166 0.111903 0.146438 0.102631 0.134361 0.144005 0.163604 0.081235 0.039446 0.069210 
0.000638 0.080717 0.112054 0.184323 0.157232 0.147751 0.130197 0.056760 0.066752 0.063576 
0.001924 0.100824 0.126899 0.209308 0.156788 0.119451 0.114664 0.058344 0.065504 0.046293 
0.007832 0.124563 0.139996 0.215852 0.147814 0.072463 0.117105 0.077160 0.052331 0.044884 
0.001480 0.040501 0.079064 0.134610 0.194124 0.034661 0.112319 0.072397 0.154909 0.175937 
0.001067 0.021869 0.274245 0.207689 0.104780 0.104746 0.069842 0.084188 0.059385 0.072190 
0.004921 0.045078 0.178190 0.149635 0.165196 0.126215 0.118183 0.076157 0.069145 0.067279 
0.005033 0.088833 0.194233 0.138645 0.105266 0.156959 0.085999 0.115160 0.074301 0.035571 
0.004229 0.070130 0.145782 0.082132 0.174050 0.215368 0.088256 0.096553 0.079100 0.044401 
0.008335 0.050494 0.120707 0.121116 0.158372 0.108834 0.090238 0.161966 0.120217 0.059720 
0.009679 0.060145 0.104224 0.083301 0.117494 0.095361 0.130224 0.180192 0.149129 0.070250 
0.000044 0.023093 0.086992 0.119596 0.107101 0.096302 0.121982 0.142527 0.184637 0.117726 
0.026024 0.085210 0.141128 0.116000 0.113114 0.088419 0.133193 0.082186 0.082364 0.132363 
0.050236 0.080660 0.114395 0.102855 0.142172 0.073351 0.135606 0.071457 0.123580 0.105688 
0.041254 0.107484 0.096001 0.106289 0.093307 0.089445 0.137815 0.113213 0.132464 0.082729 
0.039417 0.092413 0.152968 0.140264 0.088255 0.061055 0.087363 0.151017 0.099016 0.088233 
0.023482 0.106393 0.144534 0.137950 0.124803 0.092460 0.101057 0.084794 0.093392 0.091135 
0.002495 0.055630 0.146538 0.118743 0.096168 0.090458 0.111484 0.149339 0.118496 0.110648 
0.004446 0.109984 0.066560 0.129205 0.138828 0.084321 0.141308 0.144698 0.075618 0.105032 
0.007306 0.108388 0.093820 0.140811 0.107555 0.052259 0.120077 0.127712 0.138096 0.103976 
0.000904 0.142845 0.070775 0.106561 0.085336 0.133309 0.129800 0.121119 0.108590 0.100762 
0.013444 0.092375 0.077048 0.132717 0.129370 0.195739 0.105128 0.064512 0.095800 0.093867 
0.003637 0.090372 0.113758 0.168059 0.102624 0.132291 0.132969 0.085466 0.082955 0.087870 
0.005543 0.089835 0.085407 0.186246 0.110663 0.106172 0.104357 0.072840 0.097238 0.141699 
0.001285 0.118327 0.093347 0.167762 0.109005 0.110273 0.101109 0.106978 0.083549 0.108365 
0.004953 0.065234 0.091557 0.130575 0.170072 0.151245 0.092498 0.105189 0.089951 0.098726 
0.003698 0.050910 0.110014 0.173512 0.259087 0.117895 0.082228 0.051763 0.076411 0.074484 
0.012783 0.070917 0.118450 0.143028 0.190873 0.129202 0.073807 0.101407 0.094977 0.064555 
0.009929 0.087863 0.101993 0.110649 0.222446 0.103348 0.081570 0.127888 0.088054 0.066260 
0.029527 0.119313 0.152669 0.146586 0.164460 0.114963 0.120736 0.078918 0.059352 0.013475 
0.047941 0.655356 0.182448 0.055356 0.010614 0.015814 0.008548 0.008096 0.012157 0.003671 
0.000462 0.707761 0.094639 0.049144 0.040159 0.023932 0.028103 0.024962 0.015089 0.015748 
0.071049 0.614750 0.102411 0.059984 0.044232 0.024552 0.029285 0.017548 0.022566 0.013622 
0.014412 0.523476 0.166147 0.082163 0.048733 0.036960 0.049382 0.029302 0.024784 0.024642 
0.046608 0.332729 0.136528 0.124517 0.061667 0.080579 0.056856 0.070436 0.037971 0.052110 
0.017317 0.555648 0.218031 0.079054 0.050932 0.022195 0.016325 0.008733 0.017449 0.014316 
0.034618 0.642830 0.121351 0.066564 0.035609 0.024782 0.024673 0.019311 0.019539 0.010724 
0.115482 0.698238 0.069914 0.032695 0.024315 0.014592 0.013914 0.013842 0.009745 0.007263 
0.040778 0.520250 0.145085 0.083482 0.061104 0.038285 0.038254 0.029507 0.026109 0.017145 
0.002075 0.488119 0.159563 0.079408 0.078766 0.045263 0.052591 0.033283 0.035319 0.025614 
0.002387 0.229138 0.062145 0.057651 0.104142 0.144043 0.168822 0.146458 0.040473 0.044741 
0.003464 0.056311 0.064999 0.090591 0.149164 0.284309 0.173436 0.097474 0.030286 0.049965 
0.000866 0.061484 0.081981 0.128164 0.117158 0.284840 0.148541 0.098288 0.047826 0.030852 
0.006706 0.075311 0.109019 0.173733 0.141455 0.188201 0.091359 0.125267 0.041513 0.047435 
0.000017 0.061937 0.119220 0.160000 0.154099 0.167933 0.141513 0.108336 0.046459 0.040486 
0.003848 0.028616 0.274026 0.196441 0.123299 0.082877 0.046941 0.068913 0.078743 0.096295 
0.008211 0.037183 0.286855 0.165171 0.097528 0.121521 0.089734 0.061885 0.063273 0.068639 
0.015630 0.063125 0.204659 0.142727 0.156450 0.104518 0.110910 0.108914 0.059259 0.033808 
0.012319 0.071385 0.177494 0.100538 0.083201 0.236100 0.111851 0.067861 0.081649 0.057601 
0.014597 0.142624 0.133405 0.080375 0.115116 0.235198 0.064603 0.100141 0.065235 0.048707 
0.000110 0.066893 0.062544 0.113760 0.116832 0.117478 0.096006 0.189841 0.134722 0.101814 
0.006548 0.021781 0.044172 0.113126 0.094016 0.075035 0.131962 0.181520 0.174366 0.157475 
0.073532 0.055645 0.071174 0.073858 0.087420 0.083321 0.121376 0.179717 0.120367 0.133589 
0.099575 0.128790 0.070274 0.057249 0.089963 0.089820 0.103864 0.078218 0.154759 0.127488 
0.073220 0.104064 0.040934 0.040964 0.058849 0.108342 0.093017 0.165260 0.134369 0.180981 
0.039222 0.168298 0.079688 0.094745 0.077204 0.066620 0.056922 0.146674 0.180721 0.089904 
0.002014 0.144824 0.089936 0.054671 0.077930 0.056333 0.122074 0.141319 0.162446 0.148454 
0.015956 0.076925 0.082032 0.052372 0.076992 0.073735 0.104144 0.140461 0.207874 0.169509 
0.005754 0.103616 0.053297 0.088657 0.083248 0.068177 0.095654 0.216826 0.146180 0.138591 
0.003606 0.099331 0.058489 0.039318 0.052631 0.056246 0.125303 0.149502 0.180744 0.234832 
0.008375 0.101107 0.097210 0.044999 0.092672 0.068819 0.088877 0.115997 0.194825 0.187118 
0.010733 0.130017 0.060236 0.055036 0.045313 0.069878 0.133246 0.146282 0.202879 0.146380 
0.001388 0.110508 0.081096 0.085402 0.091865 0.051388 0.092215 0.105107 0.186730 0.194300 
0.013533 0.138302 0.056817 0.073489 0.098280 0.055856 0.069840 0.118969 0.159583 0.215332 
0.001390 0.127069 0.072772 0.061226 0.064043 0.039846 0.108362 0.173398 0.187223 0.164670 
0.011994 0.086674 0.049144 0.043916 0.106184 0.052594 0.115076 0.093631 0.207961 0.232827 
0.003497 0.122667 0.065350 0.122247 0.062417 0.074117 0.080826 0.108299 0.132414 0.228166 
0.015646 0.124323 0.084497 0.093288 0.142048 0.077402 0.058982 0.105889 0.156680 0.141245 
0.014261 0.115384 0.063600 0.081037 0.097833 0.072444 0.099239 0.123385 0.250302 0.082514 
0.007514 0.111853 0.103136 0.118728 0.084124 0.135368 0.101106 0.169992 0.088123 0.080056 
0.012517 0.416908 0.293668 0.066040 0.057134 0.035199 0.038713 0.036312 0.028428 0.015080 
0.032610 0.506907 0.187453 0.069463 0.057000 0.033735 0.032630 0.033047 0.025136 0.022019 
0.087181 0.604219 0.068793 0.043459 0.032811 0.023274 0.044966 0.029408 0.038479 0.027408 
0.054673 0.493717 0.110548 0.042367 0.047431 0.049427 0.074206 0.034779 0.044178 0.048674 
0.007081 0.223313 0.128664 0.145678 0.100592 0.070062 0.133726 0.052463 0.071781 0.066639 
0.004911 0.078541 0.118325 0.100065 0.100156 0.092617 0.150357 0.136181 0.116466 0.102381 
0.002117 0.058255 0.133686 0.113405 0.102787 0.100704 0.161537 0.091567 0.111750 0.124193 
0.004967 0.049749 0.144380 0.105899 0.136271 0.085936 0.187371 0.104025 0.075321 0.106081 
0.004739 0.058620 0.144283 0.125454 0.130671 0.055846 0.195919 0.065434 0.090802 0.128233 
0.000423 0.049466 0.162673 0.110861 0.147983 0.071162 0.179672 0.115380 0.101750 0.060632 
0.000618 0.050723 0.154935 0.129329 0.158203 0.069468 0.182459 0.046071 0.086988 0.121205 
0.000873 0.043609 0.128919 0.128428 0.158170 0.051047 0.188079 0.089405 0.097210 0.114259 
0.004484 0.047966 0.167522 0.101594 0.134080 0.112405 0.138194 0.069152 0.116956 0.107646 
0.006999 0.039988 0.137149 0.142839 0.158418 0.092339 0.138720 0.050593 0.109401 0.123555 
0.006395 0.049881 0.176308 0.136457 0.163032 0.088663 0.118329 0.070727 0.087333 0.102875 
0.015027 0.073344 0.186151 0.213540 0.129821 0.073292 0.058274 0.054151 0.061754 0.134646 
0.015822 0.042800 0.293586 0.176693 0.100099 0.118160 0.053579 0.065603 0.065774 0.067884 
0.002205 0.042889 0.171617 0.178189 0.167227 0.115624 0.099585 0.073744 0.070990 0.077929 
0.016079 0.057441 0.175003 0.153027 0.112011 0.180651 0.060801 0.082095 0.081572 0.081318 
0.008782 0.037925 0.149844 0.173624 0.115734 0.156731 0.110200 0.063212 0.075225 0.108722 
0.005299 0.072494 0.073039 0.111499 0.128625 0.122907 0.092300 0.185258 0.112676 0.095903 
0.016749 0.042922 0.086974 0.108553 0.123073 0.060148 0.101066 0.160320 0.173478 0.126717 
0.017140 0.022689 0.090216 0.077245 0.099872 0.113682 0.120455 0.109777 0.137193 0.211732 
0.007326 0.035604 0.062139 0.165484 0.092454 0.079371 0.149695 0.076728 0.227103 0.104097 
0.000024 0.031780 0.086061 0.312433 0.249599 0.070055 0.100687 0.068933 0.033708 0.046720 
0.010994 0.043167 0.054056 0.504074 0.122136 0.030627 0.072843 0.063409 0.039798 0.058896 
0.014849 0.020482 0.063684 0.309238 0.147182 0.053224 0.177836 0.107064 0.030675 0.075766 
0.007896 0.018221 0.056100 0.212068 0.260204 0.037538 0.077819 0.214178 0.045554 0.070421 
0.003870 0.012402 0.090473 0.202200 0.259135 0.036750 0.079740 0.202690 0.067772 0.044968 
0.001360 0.023416 0.050109 0.202434 0.243368 0.028739 0.088377 0.220528 0.075379 0.066291 
0.000626 0.013598 0.055472 0.279024 0.169478 0.040959 0.192862 0.095380 0.048538 0.104064 
0.001069 0.007091 0.024556 0.075355 0.074481 0.059212 0.316506 0.307256 0.062712 0.071762 
0.001854 0.010469 0.035797 0.089483 0.067165 0.064360 0.267796 0.332047 0.078211 0.052819 
0.001426 0.019343 0.043515 0.112021 0.154350 0.034833 0.092597 0.332239 0.061603 0.148072 
0.001058 0.010784 0.036993 0.114724 0.083307 0.064286 0.357511 0.158732 0.075248 0.097357 
0.006046 0.022190 0.097446 0.124602 0.120005 0.070968 0.203275 0.153471 0.074790 0.127208 
0.003009 0.012940 0.054091 0.157726 0.103874 0.030012 0.315527 0.186009 0.064993 0.071819 
0.003566 0.011913 0.050063 0.139539 0.085114 0.033047 0.363805 0.186977 0.028047 0.097930 
0.001578 0.009413 0.055117 0.138301 0.087625 0.043918 0.226885 0.219086 0.135653 0.082424 
0.005213 0.017881 0.126338 0.122906 0.091417 0.062301 0.142978 0.273529 0.099607 0.057830 
0.012970 0.336588 0.256004 0.066802 0.100964 0.048185 0.051013 0.079409 0.033478 0.014587 
0.040000 0.542954 0.183847 0.052433 0.053718 0.037513 0.036087 0.031600 0.011960 0.009889 
0.013898 0.436894 0.047165 0.071768 0.071397 0.041359 0.189595 0.057742 0.022520 0.047662 
0.063745 0.338232 0.042874 0.044088 0.037038 0.036429 0.187202 0.094298 0.064704 0.091390 
0.027937 0.231859 0.049871 0.061265 0.049468 0.009959 0.147673 0.047876 0.164487 0.209604 
0.026501 0.167018 0.156960 0.105413 0.042441 0.025654 0.108565 0.053544 0.133262 0.180643 
0.059537 0.532681 0.139189 0.035534 0.009027 0.009876 0.059261 0.025479 0.059199 0.070216 
0.016760 0.533013 0.035948 0.031745 0.014582 0.012999 0.116764 0.045063 0.098448 0.094677 
0.087938 0.434684 0.038934 0.050117 0.016838 0.018150 0.136263 0.041285 0.115543 0.060248 
0.065337 0.325152 0.053170 0.067025 0.066744 0.033227 0.071771 0.038231 0.216183 0.063161 
0.008701 0.095920 0.053941 0.076495 0.111073 0.047536 0.083874 0.040747 0.357939 0.123775 
0.000578 0.025245 0.049112 0.049238 0.259292 0.052530 0.092653 0.158779 0.220300 0.092272 
0.000996 0.006307 0.024190 0.068411 0.273167 0.067148 0.133055 0.198423 0.155487 0.072815 
0.002328 0.009379 0.022836 0.050144 0.041922 0.018594 0.263048 0.429325 0.066789 0.095636 
0.001190 0.006017 0.027738 0.043452 0.053079 0.039824 0.102802 0.623186 0.059534 0.043179 
0.002040 0.006006 0.029308 0.047453 0.061018 0.027743 0.124627 0.598305 0.057568 0.045931 
0.000755 0.018332 0.168064 0.129137 0.103181 0.060249 0.045884 0.338279 0.074230 0.061888 
0.003741 0.018843 0.083074 0.076035 0.051900 0.058517 0.156366 0.428958 0.077409 0.045158 
0.000034 0.014300 0.033006 0.061275 0.060567 0.040968 0.212178 0.504905 0.049353 0.023414 
0.000684 0.009556 0.046887 0.055125 0.043057 0.070221 0.140776 0.545514 0.057447 0.030732 
0.005436 0.041909 0.032598 0.048591 0.084419 0.039444 0.117882 0.542986 0.036344 0.050392 
0.002651 0.059341 0.054326 0.095388 0.117921 0.111727 0.106428 0.238554 0.107177 0.106487 
0.002196 0.021691 0.049181 0.114707 0.155235 0.093193 0.174650 0.134462 0.101593 0.153091 
0.021321 0.020444 0.064096 0.060611 0.077882 0.066727 0.370013 0.085642 0.113375 0.119890 
0.030648 0.053793 0.078827 0.089374 0.169669 0.069342 0.116963 0.076028 0.094875 0.220481 
0.009617 0.056627 0.079216 0.092429 0.123252 0.042739 0.087924 0.188283 0.101265 0.218648 
0.013586 0.032957 0.063350 0.078167 0.085621 0.056764 0.147083 0.219718 0.076998 0.225755 
0.007901 0.032379 0.048715 0.031813 0.066058 0.076021 0.194775 0.209619 0.112973 0.219746 
0.000694 0.014025 0.055670 0.058781 0.064014 0.052252 0.247325 0.266159 0.126541 0.114539 
0.000042 0.017736 0.066454 0.068506 0.091068 0.046031 0.121175 0.359236 0.162965 0.066786 
0.001728 0.024238 0.098987 0.037170 0.101760 0.048961 0.143000 0.305566 0.164412 0.074177 
0.002120 0.012930 0.066911 0.038388 0.190522 0.077230 0.222503 0.255990 0.075969 0.057436 
0.000727 0.010686 0.074572 0.112308 0.325582 0.087057 0.102825 0.129775 0.111270 0.045198 
0.000826 0.013035 0.059283 0.111618 0.075418 0.033341 0.241963 0.358178 0.048257 0.058082 
0.000861 0.014991 0.054218 0.101063 0.100921 0.026638 0.088590 0.504884 0.071677 0.036157 
0.000895 0.012201 0.057169 0.101631 0.092727 0.018640 0.121237 0.513063 0.056321 0.026117 
0.006819 0.530623 0.215676 0.037475 0.030093 0.039209 0.031167 0.074364 0.025897 0.008679 
0.048767 0.592643 0.104343 0.048756 0.027833 0.021108 0.039829 0.086460 0.019413 0.010847 
0.033363 0.534696 0.178491 0.041860 0.034704 0.019924 0.059328 0.076274 0.012607 0.008752 
0.038111 0.685200 0.088600 0.037025 0.023907 0.011139 0.025266 0.070617 0.012749 0.007386 
0.074415 0.634524 0.075150 0.050871 0.021064 0.004508 0.035530 0.079903 0.016624 0.007411 
0.032829 0.639802 0.162249 0.033297 0.040120 0.011143 0.029721 0.029538 0.011424 0.009877 
0.080854 0.654686 0.102907 0.045270 0.022839 0.025729 0.018307 0.018884 0.018748 0.011776 
0.103714 0.623975 0.062651 0.054141 0.024050 0.016433 0.040887 0.037826 0.024036 0.012288 
0.108756 0.513064 0.093230 0.081970 0.051054 0.014405 0.037085 0.039178 0.031308 0.029950 
0.042699 0.277906 0.096962 0.147363 0.108458 0.023694 0.070859 0.061655 0.071112 0.099293 
0.014303 0.100772 0.099782 0.273161 0.086601 0.024650 0.148510 0.064048 0.074052 0.114122 
0.003551 0.030611 0.114876 0.261097 0.088642 0.023452 0.182480 0.055798 0.087658 0.151836 
0.002886 0.013097 0.119859 0.272872 0.103531 0.035774 0.207915 0.072147 0.061478 0.110440 
0.005446 0.026364 0.131074 0.285288 0.096369 0.036845 0.176057 0.111557 0.063788 0.067212 
0.005847 0.021926 0.146715 0.322437 0.083806 0.056888 0.179353 0.109762 0.039401 0.033865 
0.006562 0.032801 0.127915 0.292059 0.136687 0.045660 0.139510 0.141043 0.040605 0.037158 
0.011356 0.025600 0.095238 0.217854 0.152028 0.160790 0.169379 0.098298 0.040788 0.028669 
0.002099 0.026062 0.091741 0.170984 0.098336 0.095821 0.222723 0.183480 0.057674 0.051080 
0.004834 0.021087 0.084341 0.190094 0.080351 0.068804 0.125290 0.326905 0.051113 0.047182 
0.000602 0.012210 0.101484 0.196895 0.088271 0.064590 0.112212 0.321401 0.053751 0.048582 
0.007824 0.045533 0.243293 0.224534 0.127407 0.058615 0.051726 0.074880 0.082489 0.083700 
0.014867 0.044689 0.306188 0.156347 0.082211 0.113612 0.087380 0.103884 0.056529 0.034293 
0.000330 0.051375 0.152763 0.125415 0.144052 0.130708 0.133832 0.189942 0.046086 0.025497 
0.010988 0.054324 0.117617 0.106601 0.154741 0.133022 0.109691 0.219750 0.060615 0.032650 
0.016347 0.058327 0.180698 0.133643 0.097977 0.154652 0.102141 0.186854 0.040838 0.028522 
0.001091 0.061621 0.049330 0.199354 0.104931 0.110399 0.091437 0.182917 0.099292 0.099630 
0.009003 0.014888 0.039300 0.138844 0.135912 0.048050 0.168742 0.184260 0.159734 0.101267 
0.024521 0.019392 0.025925 0.058815 0.035953 0.040072 0.216097 0.345200 0.080440 0.153585 
0.022438 0.034337 0.034812 0.103902 0.067905 0.045728 0.196557 0.346463 0.053737 0.094120 
0.032461 0.066423 0.062009 0.121329 0.249217 0.052338 0.111254 0.116905 0.090387 0.097676 
0.019777 0.072672 0.099645 0.119147 0.233706 0.077873 0.094694 0.095867 0.129657 0.056963 
0.006507 0.033817 0.025833 0.051735 0.088970 0.032419 0.073498 0.425633 0.208048 0.053540 
0.009698 0.029018 0.039273 0.072224 0.092695 0.055582 0.111807 0.431093 0.132647 0.025962 
0.003096 0.017053 0.018845 0.053424 0.127496 0.032929 0.058696 0.568767 0.095740 0.023955 
0.002852 0.018925 0.041056 0.102219 0.305092 0.072910 0.105113 0.239982 0.072394 0.039459 
0.006391 0.025730 0.044366 0.096572 0.268610 0.019894 0.065727 0.251860 0.145323 0.075529 
0.000276 0.013614 0.018796 0.040811 0.084058 0.045857 0.042379 0.365859 0.325087 0.063262 
0.001440 0.012027 0.017917 0.041231 0.090904 0.046898 0.078571 0.469589 0.160808 0.080616 
0.002384 0.005833 0.024991 0.045028 0.073948 0.020726 0.082100 0.603945 0.104150 0.036894 
0.003552 0.043398 0.091276 0.234852 0.119232 0.075325 0.110318 0.193736 0.092266 0.036046 
0.000405 0.016061 0.049723 0.092118 0.080690 0.062236 0.265210 0.312907 0.072157 0.048493 
0.000091 0.007221 0.024303 0.051894 0.262750 0.067748 0.066034 0.415952 0.078330 0.025676 
0.002604 0.011604 0.017141 0.073564 0.323633 0.028636 0.036821 0.367731 0.104891 0.033373 
0.002727 0.010166 0.021852 0.160266 0.165445 0.034995 0.062888 0.432641 0.072664 0.036356 
0.000366 0.012176 0.023230 0.073004 0.039558 0.030466 0.080688 0.515749 0.172015 0.052747 
0.012553 0.380465 0.287235 0.057602 0.060061 0.056403 0.038711 0.044154 0.035504 0.027311 
0.044353 0.485873 0.094887 0.054580 0.064841 0.019303 0.012546 0.159338 0.047796 0.016482 
0.007161 0.442515 0.102455 0.043412 0.058455 0.035138 0.047133 0.201912 0.048926 0.012892 
0.058151 0.320479 0.040431 0.025268 0.048305 0.030850 0.049751 0.293154 0.106316 0.027295 
0.031282 0.142663 0.042643 0.051812 0.054500 0.018148 0.010203 0.523957 0.102005 0.022786 
0.020550 0.319249 0.281697 0.070724 0.056342 0.027092 0.042673 0.118092 0.048022 0.015558 
0.031933 0.619596 0.149469 0.042556 0.030842 0.022938 0.022150 0.022275 0.045986 0.012255 
0.053097 0.590104 0.101669 0.058655 0.050930 0.022973 0.018582 0.023760 0.060639 0.019590 
0.064524 0.492447 0.094690 0.042486 0.078147 0.029273 0.027919 0.050250 0.099053 0.021209 
0.078916 0.271991 0.050535 0.050755 0.136466 0.022092 0.014702 0.118065 0.223378 0.033099 
0.025745 0.078733 0.024310 0.067734 0.205731 0.020830 0.030310 0.190129 0.331199 0.025278 
0.003016 0.014049 0.019001 0.057864 0.130667 0.049045 0.071003 0.390396 0.216779 0.048181 
0.004047 0.012196 0.020921 0.039258 0.095986 0.032382 0.069386 0.416739 0.237259 0.071824 
0.000685 0.004486 0.016180 0.041867 0.070083 0.029531 0.063880 0.410578 0.283815 0.078894 
0.004223 0.014536 0.023789 0.064660 0.053686 0.025286 0.063397 0.393880 0.280953 0.075590 
0.000157 0.016527 0.037298 0.173674 0.133730 0.056805 0.045444 0.196073 0.240015 0.100277 
0.002208 0.017787 0.192155 0.137227 0.103507 0.056040 0.080863 0.237387 0.135662 0.037165 
0.001614 0.019371 0.041497 0.134609 0.089465 0.069199 0.175937 0.129640 0.205715 0.132952 
0.003196 0.019106 0.050123 0.090050 0.086911 0.030852 0.115913 0.274135 0.227578 0.102137 
0.006174 0.021962 0.046541 0.129823 0.052494 0.075629 0.094305 0.164498 0.379423 0.029150 
0.020479 0.082592 0.055071 0.133145 0.068616 0.103987 0.105006 0.196036 0.177704 0.057364 
0.021749 0.038103 0.036700 0.107206 0.170564 0.087184 0.065292 0.089786 0.234346 0.149071 
0.002767 0.011069 0.018621 0.022571 0.083084 0.027406 0.059223 0.290212 0.316014 0.169033 
0.001809 0.029241 0.021075 0.046341 0.072389 0.023475 0.034314 0.425555 0.159835 0.185967 
0.004758 0.039660 0.027675 0.048451 0.076129 0.029087 0.055133 0.137299 0.382005 0.199803 
0.009755 0.031655 0.022489 0.026843 0.153357 0.026658 0.030336 0.096668 0.388232 0.214006 
0.013180 0.021818 0.029472 0.033887 0.164512 0.042645 0.043124 0.091194 0.315584 0.244585 
0.007062 0.018618 0.016964 0.040547 0.188549 0.051575 0.045062 0.073266 0.399461 0.158896 
0.006434 0.022046 0.032022 0.062197 0.291096 0.063215 0.026243 0.074606 0.323088 0.099053 
0.005926 0.032312 0.036849 0.067049 0.390240 0.038042 0.015544 0.092006 0.236703 0.085328 
0.003138 0.030779 0.042731 0.070565 0.229776 0.040329 0.047012 0.124615 0.235473 0.175581 
0.006433 0.029627 0.034806 0.063094 0.152381 0.072706 0.058413 0.192707 0.306890 0.082942 
0.004487 0.022688 0.030792 0.046609 0.067935 0.034515 0.064935 0.535529 0.165887 0.026622 
0.005141 0.022550 0.032798 0.043642 0.046417 0.040909 0.085408 0.515385 0.174968 0.032782 
0.006268 0.024734 0.031380 0.036345 0.048256 0.042355 0.084807 0.519422 0.155464 0.050969 
0.003694 0.013176 0.017656 0.026896 0.060693 0.028201 0.058836 0.638746 0.107819 0.044281 
0.000596 0.003489 0.008078 0.016472 0.046169 0.045746 0.213194 0.525289 0.101510 0.039456 
0.001350 0.008617 0.012148 0.021398 0.058447 0.031313 0.109377 0.661289 0.068661 0.027399 
0.004567 0.021821 0.027565 0.025100 0.061705 0.047086 0.144918 0.584675 0.058934 0.023630 
0.004113 0.016072 0.020695 0.019771 0.048939 0.032734 0.100977 0.671267 0.057979 0.027452 
0.041685 0.172783 0.180758 0.052278 0.056477 0.035100 0.106409 0.297899 0.028609 0.028003 
0.029729 0.485828 0.177818 0.063322 0.022377 0.018540 0.046870 0.121636 0.017464 0.016417 
0.006148 0.486877 0.077304 0.029234 0.025430 0.018229 0.057284 0.220816 0.062696 0.015981 
0.036486 0.364902 0.087798 0.056157 0.042177 0.037572 0.078214 0.199744 0.060871 0.036078 
0.050316 0.207527 0.054955 0.054230 0.059709 0.028995 0.160279 0.225330 0.121769 0.036889 
0.021429 0.085144 0.096452 0.070956 0.092431 0.034990 0.149344 0.197666 0.182156 0.069430 
0.004486 0.040055 0.067276 0.069815 0.107315 0.102896 0.150013 0.168829 0.209354 0.079960 
0.001074 0.032212 0.099732 0.079729 0.189710 0.075226 0.083855 0.096590 0.245131 0.096740 
0.000303 0.030750 0.093357 0.089852 0.155515 0.073259 0.135348 0.096186 0.209627 0.115802 
0.003663 0.041737 0.118833 0.079698 0.215620 0.058187 0.148735 0.131032 0.124159 0.078335 
0.005937 0.049843 0.121993 0.070798 0.170148 0.072966 0.160291 0.181314 0.095845 0.070865 
0.003050 0.040141 0.118949 0.099630 0.134880 0.105387 0.178797 0.142281 0.072904 0.103981 
0.002513 0.023237 0.084849 0.070488 0.085539 0.060663 0.096794 0.393559 0.124804 0.057553 
0.001618 0.018480 0.057334 0.066989 0.074726 0.046162 0.069856 0.451386 0.163812 0.049637 
0.002348 0.020387 0.054937 0.057998 0.071347 0.045101 0.085975 0.437273 0.157641 0.066993 
0.000287 0.023787 0.091850 0.079086 0.080930 0.036292 0.050008 0.485519 0.076196 0.076045 
0.001555 0.028577 0.188605 0.177199 0.069902 0.071465 0.049615 0.268233 0.063121 0.081727 
0.003649 0.026112 0.108603 0.159204 0.093116 0.095988 0.169251 0.238661 0.059246 0.046169 
0.003937 0.022249 0.072731 0.136439 0.080358 0.056163 0.231463 0.275754 0.025195 0.095710 
0.001016 0.010996 0.073480 0.079895 0.073580 0.056884 0.080290 0.556816 0.028021 0.039021 
0.003850 0.023874 0.043716 0.037031 0.081509 0.053625 0.223284 0.429748 0.052537 0.050825 
0.000954 0.056126 0.055894 0.110857 0.145308 0.087886 0.084893 0.254182 0.102468 0.101432 
0.003119 0.024998 0.064774 0.085668 0.098831 0.047103 0.109643 0.313254 0.122207 0.130404 
0.018670 0.015426 0.048875 0.096250 0.079816 0.046431 0.119884 0.341477 0.080101 0.153070 
0.024981 0.020312 0.071909 0.127987 0.083424 0.035951 0.233252 0.293037 0.044622 0.064525 
0.037389 0.050248 0.085108 0.093042 0.125273 0.070542 0.222146 0.119027 0.081603 0.115623 
0.021281 0.030925 0.101307 0.104755 0.110346 0.088014 0.133479 0.218416 0.109295 0.082182 
0.002011 0.038332 0.055793 0.161472 0.223207 0.087969 0.119105 0.172658 0.044807 0.094648 
0.009761 0.014590 0.066591 0.153429 0.160768 0.058906 0.096438 0.307331 0.062106 0.070080 
0.009169 0.030622 0.085956 0.191796 0.178598 0.110990 0.113391 0.161853 0.055259 0.062366 
0.005100 0.023806 0.063086 0.218982 0.227304 0.087174 0.128906 0.100770 0.046763 0.098110 
0.005706 0.013175 0.064215 0.145325 0.140378 0.027822 0.114762 0.331174 0.069684 0.087759 
0.000262 0.008285 0.027633 0.063564 0.072267 0.030386 0.132019 0.573679 0.053426 0.038479 
0.001356 0.009943 0.036202 0.069061 0.103298 0.025702 0.112545 0.511836 0.054084 0.075971 
0.000616 0.008051 0.024422 0.065055 0.080136 0.016165 0.500843 0.224833 0.043409 0.036470 
0.005839 0.011841 0.057099 0.234316 0.099656 0.059336 0.177542 0.232616 0.043030 0.078722 
0.002623 0.021676 0.089907 0.106624 0.111011 0.076653 0.172139 0.280256 0.088889 0.050220 
0.004949 0.019379 0.048956 0.208317 0.111638 0.047379 0.204748 0.238531 0.065422 0.050681 
0.007564 0.030512 0.067828 0.117272 0.048455 0.073737 0.352282 0.158120 0.050233 0.093997 
0.000709 0.005593 0.043453 0.107828 0.051231 0.053219 0.433968 0.159421 0.053110 0.091469 
0.004214 0.023241 0.062530 0.078923 0.041914 0.047553 0.423258 0.211628 0.046828 0.059910 
0.018631 0.465573 0.235970 0.067352 0.050198 0.028431 0.064964 0.036334 0.018142 0.014406 
0.047377 0.498225 0.137583 0.048661 0.043942 0.029511 0.055148 0.098126 0.016445 0.024983 
0.018364 0.445234 0.091342 0.072329 0.032465 0.025198 0.071053 0.046948 0.045141 0.151925 
0.042644 0.283015 0.075422 0.061601 0.043032 0.006159 0.063627 0.049438 0.112380 0.262683 
0.022994 0.080561 0.024697 0.060553 0.024115 0.032452 0.123674 0.054599 0.189921 0.386434 
0.030794 0.400771 0.186693 0.055593 0.030368 0.020686 0.052749 0.019206 0.076456 0.126683 
0.077501 0.545545 0.066283 0.036440 0.019379 0.004170 0.035313 0.019195 0.063071 0.133104 
0.044083 0.417870 0.061222 0.058078 0.039318 0.021961 0.048499 0.043548 0.082716 0.182704 
0.015705 0.316963 0.093395 0.069239 0.035786 0.044841 0.111560 0.030428 0.112065 0.170017 
0.028934 0.108169 0.042485 0.082070 0.045520 0.051583 0.265343 0.053740 0.230568 0.091588 
0.008193 0.032181 0.045223 0.083684 0.056734 0.044323 0.070143 0.141261 0.320570 0.197690 
0.006409 0.018883 0.041671 0.097851 0.106534 0.034303 0.116668 0.255625 0.213015 0.109041 
0.002440 0.009754 0.023963 0.057500 0.036992 0.034387 0.125335 0.521917 0.119115 0.068596 
0.000396 0.003162 0.019944 0.049330 0.041577 0.026613 0.128264 0.589435 0.084796 0.056483 
0.000108 0.001565 0.021763 0.048734 0.073874 0.030298 0.099113 0.623847 0.048993 0.051703 
0.001955 0.012192 0.155047 0.143631 0.076366 0.052682 0.043781 0.400784 0.054443 0.059120 
0.004138 0.018556 0.191640 0.107291 0.064802 0.074368 0.058662 0.417813 0.034406 0.028323 
0.004363 0.025349 0.035730 0.067984 0.052163 0.056774 0.233380 0.414669 0.066106 0.043483 
0.008637 0.015451 0.033647 0.062223 0.046551 0.057149 0.197593 0.480249 0.051055 0.047445 
0.005675 0.011876 0.037867 0.045904 0.057344 0.034847 0.140276 0.583640 0.036402 0.046169 
0.007394 0.050060 0.059905 0.088052 0.079219 0.078525 0.138485 0.357408 0.085671 0.055283 
0.012451 0.035336 0.074254 0.070234 0.104225 0.060964 0.087961 0.265755 0.165965 0.122855 
0.008213 0.025761 0.044870 0.045772 0.069373 0.057397 0.206822 0.226690 0.104126 0.210975 
0.007576 0.047352 0.048639 0.075842 0.125903 0.116288 0.087789 0.069120 0.107435 0.314058 
0.005345 0.033134 0.069813 0.076532 0.099878 0.066009 0.133097 0.093507 0.053894 0.368792 
0.000622 0.038654 0.054695 0.066183 0.072105 0.059430 0.110631 0.229030 0.094448 0.274203 
0.003576 0.038389 0.051134 0.030903 0.108434 0.049345 0.105201 0.202875 0.091690 0.318452 
0.000953 0.021583 0.037426 0.056351 0.057739 0.062715 0.162970 0.214531 0.074404 0.311328 
0.000898 0.010059 0.058202 0.043616 0.057199 0.038396 0.140985 0.218087 0.088619 0.343939 
0.001093 0.014024 0.047715 0.055870 0.070261 0.050253 0.264197 0.299751 0.104857 0.091981 
0.003047 0.020695 0.084900 0.070048 0.090073 0.038981 0.108776 0.362362 0.106420 0.114698 
0.006412 0.022857 0.110447 0.126567 0.179160 0.059074 0.141419 0.199669 0.095222 0.059175 
0.000609 0.007885 0.081146 0.114220 0.094583 0.040326 0.153681 0.370270 0.074006 0.063274 
0.003201 0.022673 0.067557 0.108766 0.078728 0.022503 0.087761 0.496045 0.074341 0.038425 
0.001996 0.014099 0.045274 0.093145 0.085529 0.044660 0.141958 0.483749 0.056221 0.033371 
0.043904 0.393099 0.257811 0.084119 0.042741 0.025028 0.024929 0.105183 0.010795 0.012391 
0.012051 0.624259 0.128125 0.036058 0.042191 0.024917 0.032220 0.074113 0.016782 0.009283 
0.067826 0.563588 0.067545 0.041317 0.018512 0.010738 0.054810 0.130408 0.025456 0.019800 
0.033745 0.611318 0.157149 0.040415 0.026368 0.008485 0.038388 0.063083 0.014324 0.006724 
0.082144 0.637072 0.077304 0.039233 0.026570 0.005362 0.023789 0.082578 0.018580 0.007368 
0.047426 0.533875 0.186715 0.058740 0.038062 0.016334 0.035823 0.053528 0.021343 0.008155 
0.041302 0.680004 0.089506 0.033786 0.033642 0.022797 0.027650 0.050089 0.014127 0.007097 
0.070865 0.621701 0.074235 0.045164 0.023566 0.015627 0.066871 0.054520 0.016992 0.010459 
0.007680 0.534635 0.131537 0.084483 0.051020 0.026958 0.044350 0.036768 0.039340 0.043228 
0.075210 0.380021 0.118680 0.102486 0.057757 0.022421 0.072947 0.037171 0.047962 0.085345 
0.032995 0.129710 0.094172 0.176122 0.071350 0.024403 0.133049 0.140454 0.073630 0.124115 
0.010902 0.034643 0.085000 0.200477 0.129384 0.021636 0.155497 0.113847 0.078551 0.170062 
0.004902 0.016810 0.089627 0.219473 0.079846 0.044981 0.174781 0.117375 0.057100 0.195104 
0.000724 0.009004 0.096759 0.238470 0.087936 0.047338 0.180525 0.074996 0.060201 0.204046 
0.000961 0.011925 0.109927 0.240178 0.083948 0.053691 0.257235 0.110302 0.053639 0.078193 
0.002162 0.016848 0.122090 0.290844 0.086020 0.055463 0.177328 0.126690 0.053755 0.068799 
0.002892 0.029165 0.111489 0.264762 0.128915 0.115505 0.171061 0.088658 0.038366 0.049188 
0.002625 0.017636 0.085196 0.216094 0.092358 0.137954 0.139905 0.203778 0.051890 0.052564 
0.005041 0.028500 0.103500 0.187289 0.085010 0.078957 0.132379 0.297479 0.038180 0.043665 
0.003740 0.017049 0.071162 0.167030 0.091265 0.043997 0.148830 0.345831 0.057312 0.053784 
0.002475 0.030340 0.061740 0.139687 0.129947 0.042582 0.132692 0.125701 0.153868 0.180968 
0.002999 0.024552 0.165288 0.204871 0.086080 0.250700 0.066106 0.100888 0.040381 0.058136 
0.005807 0.034084 0.056966 0.143538 0.081899 0.279282 0.080255 0.263522 0.029469 0.025177 
0.003368 0.025451 0.067504 0.106991 0.054782 0.284085 0.060895 0.315726 0.071475 0.009722 
0.003071 0.027109 0.087715 0.169592 0.089670 0.364922 0.068061 0.128294 0.038790 0.022775 
0.011467 0.049384 0.103362 0.152631 0.129951 0.109892 0.106042 0.160234 0.133461 0.043575 
0.006313 0.056942 0.052880 0.127908 0.139390 0.114647 0.094368 0.189960 0.139021 0.078571 
0.004458 0.010018 0.033628 0.124232 0.092108 0.067603 0.162617 0.305198 0.122904 0.077233 
0.013254 0.023370 0.023835 0.066507 0.138089 0.050553 0.150534 0.388323 0.088829 0.056706 
0.026523 0.035138 0.040164 0.055514 0.192197 0.040847 0.091282 0.366298 0.100803 0.051233 
0.024488 0.042351 0.026068 0.069553 0.257330 0.056479 0.076205 0.273216 0.123810 0.050499 
0.029404 0.029965 0.065961 0.097758 0.330117 0.046818 0.061225 0.212237 0.071205 0.055310 
0.007130 0.028092 0.021395 0.083254 0.240473 0.039310 0.053412 0.369730 0.111256 0.045947 
0.005608 0.030760 0.048118 0.069281 0.302155 0.029941 0.067942 0.311070 0.097335 0.037790 
0.000479 0.037601 0.062005 0.249490 0.115406 0.051110 0.150107 0.178777 0.069188 0.085838 
0.003816 0.051950 0.079709 0.181860 0.126830 0.062408 0.150622 0.197538 0.078103 0.067163 
0.001210 0.013034 0.029276 0.112853 0.338533 0.046354 0.061998 0.272833 0.101072 0.022839 
