Partition,Beyonce
0.000000 0.000000 0.000000 0.000000 0.000000 0.000000 0.000000 0.000000 0.000000 0.000000 
0.000000 0.000000 0.000000 0.000000 0.000000 0.000000 0.000000 0.000000 0.000000 0.000000 
0.000000 0.000000 0.000000 0.000000 0.000000 0.000000 0.000000 0.000000 0.000000 0.000000 
0.000000 0.000000 0.000000 0.000000 0.000000 0.000000 0.000000 0.000000 0.000000 0.000000 
0.000000 0.000000 0.000000 0.000000 0.000000 0.000000 0.000000 0.000000 0.000000 0.000000 
0.000000 0.000000 0.000000 0.000000 0.000000 0.000000 0.000000 0.000000 0.000000 0.000000 
0.098043 0.235517 0.166562 0.113095 0.116935 0.059827 0.068211 0.045746 0.049888 0.046176 
0.000785 0.117540 0.265827 0.176128 0.111026 0.044500 0.057029 0.086878 0.094839 0.045449 
0.009206 0.122851 0.202152 0.114149 0.135013 0.082453 0.079355 0.105757 0.075680 0.073385 
0.031899 0.048089 0.178141 0.123431 0.123930 0.118928 0.105876 0.076740 0.101731 0.091234 
0.013498 0.125633 0.181321 0.102411 0.134879 0.077496 0.106152 0.080817 0.083774 0.094019 
0.018361 0.089524 0.143207 0.067521 0.151430 0.090284 0.122567 0.138958 0.097521 0.080628 
0.007005 0.107693 0.145529 0.092581 0.189368 0.100731 0.103688 0.078867 0.127461 0.047075 
0.024024 0.228717 0.087373 0.084087 0.080935 0.081772 0.135409 0.132121 0.077301 0.068263 
0.028335 0.229270 0.080162 0.101722 0.096310 0.068485 0.087607 0.131477 0.101599 0.075034 
0.015048 0.148129 0.121500 0.092392 0.160128 0.065791 0.135224 0.111697 0.063867 0.086224 
0.009209 0.190601 0.099534 0.103544 0.111697 0.133339 0.097823 0.109618 0.080437 0.064198 
0.002124 0.181903 0.145403 0.073756 0.111552 0.058137 0.150315 0.120058 0.103273 0.053477 
0.006249 0.072856 0.203859 0.100554 0.162863 0.125589 0.080857 0.046475 0.117546 0.083152 
0.006051 0.142573 0.138568 0.108608 0.083480 0.101428 0.120396 0.103894 0.090420 0.104584 
0.000803 0.130849 0.091860 0.123631 0.140211 0.077765 0.177243 0.074286 0.075710 0.107642 
0.007417 0.127522 0.179073 0.105243 0.114077 0.079619 0.131506 0.084298 0.108040 0.063207 
0.002303 0.122684 0.131170 0.115016 0.126261 0.096935 0.127416 0.121550 0.079347 0.077318 
0.004763 0.099266 0.114381 0.116931 0.191612 0.154791 0.121659 0.083370 0.050052 0.063176 
0.007039 0.097310 0.130189 0.146017 0.102064 0.093993 0.071772 0.165741 0.083578 0.102296 
0.020609 0.133197 0.155444 0.082202 0.067481 0.108681 0.152602 0.119321 0.085265 0.075197 
0.013938 0.138158 0.123575 0.108603 0.110256 0.133242 0.144702 0.117202 0.064296 0.046028 
0.005534 0.187636 0.091750 0.137172 0.078270 0.077845 0.101653 0.098842 0.096344 0.124954 
0.021373 0.144020 0.089124 0.110887 0.094576 0.124805 0.077198 0.134340 0.096735 0.106941 
0.006358 0.182531 0.108271 0.126590 0.089159 0.138756 0.139528 0.075415 0.065268 0.068124 
0.007877 0.087294 0.131973 0.157620 0.110560 0.120575 0.112047 0.121181 0.073481 0.077392 
0.005752 0.143640 0.211001 0.081689 0.120330 0.078732 0.119876 0.086063 0.080431 0.072485 
0.008476 0.127828 0.173095 0.110723 0.107005 0.094572 0.087284 0.077484 0.114502 0.099031 
0.001255 0.136777 0.101680 0.107793 0.147271 0.149590 0.083968 0.128487 0.081427 0.061752 
0.007124 0.129717 0.165890 0.116616 0.121041 0.079603 0.131483 0.108145 0.100706 0.039676 
0.011292 0.176810 0.178843 0.095697 0.085091 0.096644 0.092511 0.115566 0.088711 0.058834 
0.021096 0.143659 0.178645 0.108987 0.073783 0.111908 0.082164 0.133954 0.091315 0.054490 
0.001404 0.093288 0.158029 0.111521 0.154037 0.107965 0.115553 0.098125 0.092090 0.067989 
0.000718 0.081443 0.220743 0.104321 0.175777 0.068530 0.103203 0.105741 0.071575 0.067948 
0.008104 0.103674 0.324634 0.152039 0.118679 0.063677 0.056796 0.080534 0.060022 0.031842 
0.005695 0.145004 0.242850 0.137687 0.089473 0.070124 0.094358 0.076040 0.085831 0.052940 
0.028590 0.129065 0.189362 0.103935 0.121377 0.077680 0.124455 0.102641 0.050794 0.072101 
0.005653 0.110713 0.173461 0.098105 0.150458 0.073054 0.075221 0.148527 0.126485 0.038322 
0.009254 0.120313 0.164572 0.118202 0.105770 0.146546 0.097778 0.122213 0.054882 0.060470 
0.000828 0.160782 0.166514 0.148829 0.176847 0.086605 0.070069 0.070417 0.055442 0.063667 
0.004106 0.159772 0.218741 0.072438 0.078026 0.113438 0.118922 0.090301 0.069482 0.074774 
0.018563 0.137210 0.180680 0.094395 0.104651 0.132190 0.107708 0.111916 0.090054 0.022634 
0.013139 0.158878 0.165791 0.119689 0.089115 0.078962 0.075540 0.123469 0.101957 0.073461 
0.014610 0.130055 0.129277 0.120525 0.156021 0.084729 0.097784 0.094535 0.098154 0.074309 
0.001696 0.142356 0.131618 0.088165 0.124417 0.120366 0.124994 0.068065 0.111495 0.086828 
0.006131 0.103344 0.186253 0.146114 0.067711 0.068195 0.170168 0.109005 0.073965 0.069115 
0.006059 0.156144 0.079233 0.081626 0.109283 0.175104 0.135241 0.101483 0.085670 0.070156 
0.017008 0.145377 0.066541 0.144280 0.084772 0.100335 0.089356 0.104815 0.159831 0.087684 
0.012806 0.134948 0.178639 0.112246 0.143881 0.086780 0.125152 0.105428 0.056337 0.043784 
0.004512 0.138926 0.129809 0.113359 0.111324 0.111394 0.092237 0.124932 0.110801 0.062705 
0.013701 0.142043 0.152712 0.099620 0.189710 0.090411 0.114035 0.082394 0.070180 0.045194 
0.016738 0.191899 0.109412 0.138531 0.121967 0.139704 0.060784 0.083677 0.090759 0.046530 
0.008634 0.075873 0.106260 0.136896 0.135007 0.139662 0.102111 0.158520 0.081032 0.056004 
0.006086 0.125156 0.134283 0.105012 0.115972 0.087155 0.125005 0.151015 0.082046 0.068270 
0.007262 0.121877 0.093850 0.084603 0.131502 0.095583 0.136033 0.118518 0.099709 0.111063 
0.003783 0.056298 0.163589 0.210889 0.148154 0.090550 0.093125 0.104397 0.074504 0.054711 
0.013278 0.126852 0.134146 0.075369 0.122772 0.113302 0.130192 0.100416 0.085334 0.098339 
0.001899 0.170756 0.151086 0.124939 0.060440 0.086365 0.068426 0.168874 0.074518 0.092697 
0.001978 0.217042 0.094686 0.123223 0.123924 0.120565 0.098641 0.067582 0.079864 0.072495 
0.009629 0.125166 0.168272 0.068501 0.105633 0.074923 0.142408 0.156960 0.076756 0.071754 
0.011228 0.170325 0.127328 0.108159 0.091777 0.096197 0.143535 0.093252 0.114626 0.043571 
0.012390 0.111821 0.095863 0.132727 0.162800 0.147155 0.088277 0.085581 0.113114 0.050273 
0.006343 0.119534 0.145405 0.108165 0.113378 0.120236 0.099145 0.132722 0.075698 0.079374 
0.011855 0.151438 0.159874 0.134671 0.115486 0.080138 0.108710 0.102264 0.103346 0.032217 
0.013264 0.138818 0.149799 0.097241 0.088175 0.101173 0.128874 0.122375 0.106734 0.053547 
0.007840 0.157949 0.188119 0.090166 0.073613 0.141527 0.094104 0.058624 0.100209 0.087849 
0.003637 0.057106 0.149083 0.132989 0.147828 0.063712 0.093178 0.136092 0.089822 0.126552 
0.008441 0.069581 0.306334 0.201231 0.076631 0.044260 0.073471 0.109838 0.055735 0.054479 
0.002481 0.090638 0.262959 0.207596 0.116692 0.060177 0.067269 0.098650 0.057938 0.035600 
0.000935 0.113817 0.378610 0.133360 0.077600 0.068521 0.072080 0.056672 0.047497 0.050909 
0.023279 0.097148 0.240409 0.117660 0.118829 0.062662 0.106659 0.126070 0.070252 0.037032 
0.003660 0.105016 0.237174 0.147285 0.078343 0.087807 0.106784 0.081793 0.080008 0.072129 
0.031862 0.113394 0.172954 0.138260 0.080851 0.075412 0.136580 0.119125 0.072399 0.059162 
0.003833 0.150199 0.209144 0.133893 0.106473 0.078185 0.087069 0.085700 0.067054 0.078449 
0.019338 0.117035 0.214678 0.172340 0.076732 0.058537 0.106601 0.101129 0.096201 0.037410 
0.004303 0.167966 0.147373 0.155164 0.095527 0.105836 0.102319 0.089630 0.064534 0.067347 
0.019022 0.147977 0.125661 0.159102 0.109181 0.081189 0.117009 0.084886 0.097905 0.058070 
0.016636 0.113667 0.132454 0.139387 0.136158 0.110451 0.095923 0.101034 0.091774 0.062516 
0.013830 0.137324 0.143908 0.138220 0.065603 0.111390 0.123231 0.139689 0.070762 0.056042 
0.005425 0.083330 0.163829 0.122022 0.151008 0.074836 0.107259 0.070603 0.132243 0.089446 
0.014309 0.158941 0.144613 0.095040 0.101781 0.110432 0.123293 0.126968 0.083147 0.041476 
0.004447 0.102674 0.152282 0.180301 0.113380 0.109390 0.079999 0.081256 0.107641 0.068631 
0.013321 0.102490 0.123360 0.149885 0.132932 0.085448 0.130178 0.095301 0.087803 0.079281 
0.006570 0.139346 0.159310 0.105713 0.149071 0.084060 0.067630 0.091317 0.106296 0.090687 
0.000099 0.090097 0.117203 0.146906 0.162334 0.064840 0.130960 0.107097 0.107909 0.072554 
0.002205 0.094084 0.137859 0.115934 0.159959 0.083872 0.127734 0.090856 0.113322 0.074175 
0.025408 0.117656 0.095054 0.091602 0.159768 0.087237 0.132386 0.113449 0.098747 0.078693 
0.004188 0.063135 0.121190 0.070987 0.120077 0.178527 0.171494 0.111162 0.094261 0.064980 
0.021484 0.100602 0.128002 0.080634 0.151023 0.091905 0.166667 0.103008 0.084503 0.072173 
0.012313 0.201462 0.081333 0.137795 0.098846 0.119242 0.131614 0.082452 0.067133 0.067811 
0.013640 0.159537 0.127499 0.109650 0.077568 0.095328 0.160272 0.101554 0.079905 0.075047 
0.008039 0.132090 0.192066 0.084585 0.121366 0.120153 0.124259 0.078032 0.061530 0.077880 
0.003286 0.107520 0.145824 0.107418 0.125874 0.097687 0.149462 0.121088 0.083823 0.058018 
0.007290 0.111846 0.153010 0.095298 0.146326 0.145337 0.099140 0.083162 0.067279 0.091311 
0.019629 0.112358 0.175704 0.098251 0.102229 0.049498 0.135638 0.146177 0.083354 0.077162 
0.012650 0.104929 0.180870 0.138261 0.145769 0.098564 0.091495 0.107237 0.090329 0.029896 
0.007867 0.102771 0.158050 0.164477 0.131990 0.124422 0.086056 0.065275 0.087156 0.071936 
0.010711 0.123353 0.233640 0.117796 0.082260 0.099530 0.104967 0.097378 0.066444 0.063922 
0.014219 0.070379 0.156072 0.130294 0.132667 0.074331 0.123400 0.113911 0.138673 0.046054 
0.004208 0.085860 0.198595 0.115528 0.143868 0.089409 0.116566 0.149234 0.075348 0.021385 
0.008113 0.098293 0.370580 0.126018 0.084386 0.051883 0.074044 0.100763 0.069867 0.016053 
0.024267 0.165955 0.284893 0.104074 0.132774 0.037948 0.088255 0.068621 0.042822 0.050391 
0.022295 0.106984 0.355217 0.102317 0.130975 0.059448 0.066932 0.092102 0.042230 0.021498 
0.022233 0.097127 0.256504 0.077427 0.107137 0.082721 0.096323 0.093500 0.097423 0.069605 
0.040560 0.065552 0.216891 0.118495 0.147762 0.043642 0.081244 0.120772 0.066779 0.098303 
0.019450 0.112652 0.238595 0.128317 0.084793 0.073511 0.115452 0.100701 0.073372 0.053157 
0.018580 0.114647 0.207175 0.110485 0.093952 0.043198 0.155519 0.100116 0.074619 0.081709 
0.003505 0.056987 0.265429 0.156372 0.109861 0.079181 0.083499 0.095774 0.076862 0.072531 
0.004486 0.079932 0.165424 0.112056 0.147968 0.067785 0.136442 0.112012 0.085643 0.088253 
0.013658 0.106982 0.203157 0.100915 0.113493 0.123162 0.076882 0.097153 0.091614 0.072984 
0.002594 0.136692 0.186486 0.109492 0.091696 0.128027 0.091077 0.107371 0.076555 0.070009 
0.006019 0.127509 0.137313 0.141486 0.133773 0.119135 0.092925 0.106997 0.059700 0.075144 
0.006113 0.098038 0.148519 0.143446 0.097375 0.102423 0.117951 0.131019 0.068799 0.086318 
0.004964 0.045434 0.201033 0.192222 0.094359 0.077648 0.094198 0.104046 0.120621 0.065475 
0.002732 0.122973 0.138405 0.113319 0.121413 0.110817 0.112320 0.130144 0.090302 0.057575 
0.000074 0.077050 0.147478 0.120589 0.106078 0.093054 0.124257 0.169426 0.095527 0.066466 
0.003782 0.099798 0.138252 0.178082 0.138805 0.109972 0.127083 0.088036 0.071250 0.044939 
0.004334 0.060846 0.133145 0.135384 0.157962 0.078634 0.191073 0.075260 0.111285 0.052076 
0.006083 0.117310 0.197994 0.115064 0.116131 0.067534 0.110969 0.126103 0.072250 0.070562 
0.002107 0.126578 0.201438 0.105209 0.090229 0.098404 0.101018 0.098753 0.109290 0.066973 
0.001957 0.102661 0.188083 0.108241 0.122809 0.099435 0.126242 0.081414 0.099428 0.069729 
0.005999 0.089724 0.206056 0.135999 0.086193 0.099111 0.112657 0.107363 0.081695 0.075203 
0.012090 0.065337 0.131828 0.056443 0.106203 0.132238 0.149265 0.160212 0.097551 0.088834 
0.005817 0.088896 0.149712 0.096893 0.115510 0.102120 0.141843 0.115632 0.119567 0.064011 
0.012374 0.088133 0.192508 0.132099 0.098112 0.098519 0.125955 0.100944 0.086949 0.064407 
0.012648 0.110623 0.170795 0.101741 0.131367 0.110285 0.054324 0.089865 0.141739 0.076612 
0.000672 0.077861 0.133931 0.117477 0.198719 0.095400 0.124702 0.108414 0.082861 0.059963 
0.006170 0.085832 0.204513 0.117070 0.112211 0.098259 0.134956 0.080596 0.105757 0.054636 
0.003277 0.105833 0.204802 0.185149 0.184146 0.076464 0.082280 0.058429 0.055842 0.043779 
0.028493 0.188619 0.187735 0.143473 0.100990 0.057319 0.098446 0.085516 0.061883 0.047525 
0.020970 0.197717 0.244599 0.094522 0.120396 0.071358 0.078584 0.038479 0.093086 0.040290 
0.009408 0.116814 0.101402 0.091482 0.125021 0.073421 0.051748 0.064072 0.096725 0.269906 
0.002589 0.040712 0.226272 0.175549 0.103803 0.045906 0.075816 0.160708 0.065614 0.103031 
0.009802 0.045419 0.341839 0.181921 0.092673 0.057549 0.058560 0.079032 0.072301 0.060904 
0.003753 0.116748 0.255919 0.240210 0.081445 0.058095 0.057583 0.077257 0.073117 0.035872 
0.014535 0.088867 0.330230 0.220415 0.081823 0.043190 0.069183 0.063778 0.051723 0.036255 
0.046829 0.111376 0.206530 0.229466 0.066812 0.086806 0.056519 0.076783 0.066987 0.051891 
0.046347 0.148672 0.279120 0.126366 0.053225 0.077465 0.066910 0.073979 0.059324 0.068593 
0.021170 0.157483 0.141521 0.183047 0.097631 0.106795 0.076934 0.065691 0.092170 0.057558 
0.027148 0.094598 0.279185 0.111691 0.124735 0.058482 0.131033 0.080714 0.040928 0.051487 
0.001047 0.119980 0.232216 0.097135 0.130771 0.080802 0.102027 0.095945 0.061151 0.078926 
0.012679 0.138285 0.195891 0.118218 0.094217 0.064876 0.104098 0.122725 0.086315 0.062696 
0.000275 0.152468 0.118110 0.185580 0.093430 0.111759 0.058111 0.082590 0.090464 0.107214 
0.016960 0.107967 0.222701 0.161224 0.089159 0.097233 0.097670 0.088589 0.067231 0.051266 
0.010235 0.094620 0.202648 0.129104 0.111514 0.106934 0.111093 0.078859 0.095009 0.059984 
0.003021 0.119811 0.192928 0.100014 0.120239 0.115906 0.082490 0.143066 0.066138 0.056387 
0.003812 0.083643 0.180938 0.117152 0.119399 0.093638 0.124244 0.106238 0.099657 0.071280 
0.006977 0.059723 0.173480 0.125240 0.155886 0.094960 0.082398 0.124958 0.115892 0.060488 
0.015989 0.134695 0.175771 0.076342 0.129451 0.110675 0.123716 0.090263 0.088123 0.054974 
0.006030 0.102207 0.146598 0.121249 0.124018 0.096765 0.161203 0.127663 0.073018 0.041249 
0.005657 0.105266 0.171528 0.131205 0.100307 0.084934 0.129246 0.095369 0.099645 0.076844 
0.010322 0.116779 0.133924 0.106893 0.140761 0.142338 0.116342 0.066140 0.082737 0.083763 
0.013466 0.184063 0.160323 0.160820 0.064917 0.119993 0.067721 0.117326 0.068304 0.043066 
0.018287 0.142083 0.088024 0.087081 0.112378 0.054556 0.138632 0.152537 0.106775 0.099647 
0.001960 0.095836 0.129209 0.099491 0.120617 0.102419 0.104735 0.124925 0.116871 0.103937 
0.000692 0.076802 0.156612 0.114432 0.116961 0.128169 0.099886 0.158002 0.086072 0.062371 
0.006426 0.111688 0.142952 0.100449 0.116023 0.090328 0.129668 0.144705 0.107813 0.049948 
0.004797 0.099521 0.175447 0.117652 0.166401 0.107507 0.129367 0.089936 0.076621 0.032750 
0.006404 0.090877 0.090846 0.135495 0.177793 0.094843 0.112461 0.072922 0.118087 0.100273 
0.005347 0.088825 0.116283 0.061197 0.168520 0.119180 0.123319 0.141685 0.094388 0.081255 
0.015412 0.144921 0.102068 0.072961 0.170653 0.111155 0.151216 0.085506 0.065264 0.080844 
0.016779 0.158788 0.167334 0.155573 0.151691 0.076928 0.061298 0.105178 0.056927 0.049504 
0.008411 0.118407 0.293385 0.189291 0.091713 0.077012 0.070078 0.053230 0.052467 0.046005 
0.007859 0.161647 0.203396 0.125298 0.134310 0.058094 0.084580 0.100855 0.090233 0.033729 
0.010004 0.160665 0.110293 0.125362 0.182395 0.088530 0.100774 0.084837 0.098278 0.038862 
0.006502 0.126889 0.187492 0.095298 0.172752 0.075915 0.097382 0.129955 0.073652 0.034163 
0.022691 0.138580 0.411874 0.121288 0.073908 0.032870 0.062840 0.069253 0.046056 0.020642 
0.024682 0.228886 0.307877 0.113456 0.108607 0.043765 0.064325 0.044747 0.045016 0.018638 
0.007721 0.225213 0.445469 0.067873 0.096581 0.038590 0.027370 0.041726 0.038160 0.011295 
0.017055 0.237985 0.270979 0.129827 0.096651 0.039863 0.056714 0.081083 0.046365 0.023478 
0.061652 0.271655 0.212049 0.130876 0.123603 0.037294 0.052219 0.061561 0.028456 0.020635 
0.004793 0.320077 0.283134 0.122283 0.062918 0.052613 0.051091 0.050291 0.037626 0.015173 
0.002056 0.292335 0.324689 0.138235 0.070738 0.049375 0.046991 0.037650 0.020571 0.017360 
0.023671 0.236300 0.366212 0.129098 0.062094 0.032071 0.041714 0.061301 0.021115 0.026423 
0.036639 0.331533 0.197811 0.200078 0.051618 0.041987 0.042559 0.035733 0.021893 0.040148 
0.012324 0.394000 0.184268 0.104315 0.086523 0.043770 0.060556 0.046844 0.039145 0.028256 
0.027417 0.355333 0.233513 0.116776 0.080825 0.046913 0.043386 0.038559 0.031339 0.025939 
0.015629 0.321211 0.161525 0.190869 0.105929 0.049905 0.055816 0.041101 0.040298 0.017718 
0.037768 0.330686 0.150308 0.185561 0.074529 0.049102 0.061997 0.044823 0.048117 0.017108 
0.024013 0.224346 0.366412 0.145888 0.085807 0.024174 0.045453 0.031797 0.037513 0.014596 
0.026116 0.330994 0.261407 0.117016 0.071066 0.054420 0.055568 0.035015 0.022084 0.026315 
0.015329 0.265734 0.258607 0.157875 0.103177 0.050856 0.049348 0.047486 0.027777 0.023811 
0.016100 0.226527 0.263350 0.190035 0.066207 0.042055 0.044932 0.053150 0.059652 0.037992 
0.039206 0.369654 0.173280 0.119420 0.082446 0.034284 0.066316 0.057524 0.036661 0.021208 
0.043062 0.263631 0.284125 0.107087 0.130964 0.033544 0.052437 0.033503 0.025189 0.026458 
0.002083 0.225735 0.240611 0.133044 0.132820 0.053011 0.091429 0.038519 0.032849 0.049897 
0.014046 0.286939 0.191906 0.172910 0.068652 0.055424 0.086715 0.050626 0.042501 0.030280 
0.005223 0.213088 0.250408 0.152549 0.113149 0.080150 0.047392 0.040192 0.057354 0.040495 
0.000089 0.179163 0.281947 0.181349 0.090899 0.065131 0.067497 0.056531 0.037629 0.039766 
0.001948 0.262999 0.240221 0.096257 0.124876 0.059799 0.069219 0.066165 0.052926 0.025591 
0.011150 0.243809 0.226799 0.148314 0.110848 0.060513 0.054334 0.054211 0.037033 0.052990 
0.010310 0.308953 0.185981 0.163312 0.102398 0.073643 0.052945 0.031033 0.042422 0.029005 
0.029153 0.275803 0.182874 0.138330 0.148381 0.065650 0.069476 0.031150 0.028519 0.030664 
0.003507 0.219383 0.233905 0.163900 0.145941 0.051652 0.050084 0.055823 0.040570 0.035235 
0.007819 0.099456 0.274392 0.200885 0.200485 0.064531 0.043994 0.032830 0.045568 0.030039 
0.003595 0.298815 0.210497 0.188732 0.140684 0.046999 0.034371 0.042366 0.019118 0.014822 
0.000071 0.262542 0.298246 0.103127 0.128159 0.044418 0.056953 0.044420 0.038199 0.023864 
0.016223 0.225771 0.325936 0.142573 0.080182 0.051837 0.079950 0.031886 0.020798 0.024844 
0.001002 0.103279 0.130526 0.151343 0.126629 0.060629 0.102524 0.122702 0.067681 0.133686 
0.002791 0.080796 0.260307 0.247205 0.082156 0.035303 0.056784 0.110603 0.064420 0.059634 
0.022876 0.135109 0.412317 0.208778 0.055101 0.018382 0.045402 0.038871 0.038344 0.024820 
0.005138 0.189728 0.276327 0.255751 0.069626 0.021092 0.048579 0.060033 0.032581 0.041146 
0.031387 0.200105 0.362413 0.158057 0.060438 0.039593 0.024335 0.050821 0.037980 0.034870 
0.016167 0.163899 0.386554 0.165984 0.060105 0.022322 0.042148 0.065723 0.030888 0.046210 
0.055882 0.188237 0.237100 0.228768 0.075936 0.038871 0.040178 0.061813 0.037887 0.035328 
0.036449 0.194215 0.306867 0.198069 0.049257 0.058335 0.056940 0.039959 0.031641 0.028268 
0.026520 0.239167 0.284727 0.099371 0.088650 0.056334 0.031456 0.073763 0.043715 0.056297 
0.004803 0.210988 0.263812 0.215049 0.075724 0.035001 0.046014 0.054512 0.044875 0.049221 
0.001693 0.284787 0.279586 0.126932 0.067757 0.045540 0.052501 0.049113 0.049800 0.042291 
0.026003 0.176995 0.324433 0.174233 0.068420 0.049941 0.062859 0.043887 0.042797 0.030432 
0.009550 0.186769 0.263046 0.220445 0.082673 0.050823 0.031031 0.054119 0.044937 0.056608 
0.000891 0.188742 0.307742 0.158511 0.094940 0.064157 0.072977 0.050311 0.029541 0.032188 
0.010222 0.228672 0.250565 0.157167 0.096309 0.059713 0.057973 0.050583 0.038013 0.050783 
0.036400 0.269870 0.267731 0.118890 0.090298 0.046672 0.044461 0.054183 0.034689 0.036804 
0.002903 0.246150 0.266117 0.188016 0.095489 0.075729 0.026394 0.038708 0.034996 0.025499 
0.031078 0.221203 0.289797 0.171388 0.094229 0.045600 0.059646 0.032202 0.033377 0.021480 
0.030671 0.237953 0.252493 0.146312 0.084246 0.098038 0.041383 0.035830 0.046176 0.026898 
0.011110 0.300298 0.242764 0.142499 0.063886 0.069134 0.040906 0.047133 0.041228 0.041042 
0.002828 0.206122 0.296611 0.142219 0.098284 0.092771 0.069949 0.027764 0.044539 0.018912 
0.007692 0.251380 0.179403 0.150354 0.116121 0.075730 0.073801 0.050944 0.045321 0.049252 
0.036927 0.233140 0.205223 0.175552 0.118590 0.071439 0.045133 0.043447 0.042129 0.028420 
0.027247 0.280322 0.198454 0.163488 0.092975 0.045656 0.077984 0.033306 0.047039 0.033529 
0.005460 0.274079 0.214097 0.135240 0.089930 0.049678 0.098060 0.068322 0.025296 0.039839 
0.023621 0.247679 0.242298 0.189315 0.113180 0.038906 0.041714 0.030906 0.033236 0.039144 
0.030245 0.225905 0.242170 0.173961 0.095140 0.073785 0.061969 0.032804 0.030647 0.033374 
0.005066 0.252035 0.252734 0.138397 0.119471 0.057045 0.039054 0.038045 0.055891 0.042262 
0.019355 0.240309 0.303063 0.138837 0.105075 0.050012 0.050669 0.034242 0.037723 0.020713 
0.010572 0.252793 0.270104 0.159166 0.114931 0.062931 0.036414 0.052328 0.030351 0.010410 
0.010258 0.184898 0.220257 0.144246 0.118268 0.117066 0.062047 0.049163 0.051844 0.041954 
0.020882 0.293942 0.283844 0.159828 0.065585 0.040107 0.046643 0.036376 0.028673 0.024120 
0.024581 0.263627 0.259080 0.200125 0.059532 0.036891 0.044167 0.050613 0.032335 0.029050 
0.004415 0.097558 0.130929 0.122432 0.182785 0.090076 0.157910 0.084147 0.083475 0.046273 
0.003084 0.036431 0.243400 0.101857 0.136819 0.070270 0.137881 0.124969 0.094360 0.050929 
0.001429 0.098174 0.423926 0.129988 0.065854 0.027221 0.071502 0.081617 0.066696 0.033592 
0.019373 0.114238 0.384402 0.093942 0.106540 0.036636 0.100370 0.089329 0.041388 0.013782 
0.001998 0.145631 0.447701 0.093511 0.080954 0.041773 0.056982 0.081518 0.028811 0.021119 
0.031652 0.202987 0.391360 0.091753 0.089512 0.019278 0.040885 0.068394 0.035442 0.028736 
0.014860 0.164246 0.350706 0.119018 0.090146 0.039094 0.049281 0.088768 0.039635 0.044248 
0.004282 0.250204 0.297351 0.158855 0.070195 0.034871 0.058497 0.064502 0.044612 0.016631 
0.038357 0.171933 0.396143 0.132525 0.074801 0.036784 0.052389 0.046009 0.040097 0.010960 
0.037199 0.206718 0.285855 0.150205 0.071770 0.061844 0.059504 0.075259 0.036427 0.015220 
0.004790 0.250489 0.304458 0.141075 0.084372 0.053580 0.039215 0.057701 0.047026 0.017294 
0.014650 0.256387 0.232469 0.144207 0.139062 0.037036 0.042659 0.063315 0.048913 0.021302 
0.008151 0.279807 0.276083 0.155256 0.059665 0.035698 0.048243 0.068970 0.038528 0.029599 
0.028643 0.302133 0.237437 0.147577 0.092516 0.034963 0.047622 0.037873 0.041803 0.029431 
0.024310 0.233202 0.372868 0.121906 0.047817 0.027688 0.055312 0.056256 0.042051 0.018590 
0.022476 0.327156 0.258141 0.157778 0.074002 0.024377 0.043099 0.046821 0.032719 0.013431 
0.020398 0.251599 0.326233 0.131407 0.049186 0.045141 0.056964 0.053122 0.042492 0.023458 
0.015111 0.237032 0.248706 0.148855 0.080136 0.065396 0.035042 0.067952 0.046961 0.054810 
0.032456 0.257819 0.181680 0.176237 0.116414 0.052279 0.052862 0.050184 0.039894 0.040176 
0.012935 0.259811 0.290202 0.143776 0.079214 0.059995 0.034679 0.044712 0.035033 0.039644 
0.009804 0.342004 0.164407 0.150005 0.111529 0.047635 0.054103 0.054101 0.040300 0.026112 
0.024102 0.366074 0.161631 0.138513 0.114985 0.045449 0.047196 0.050007 0.034897 0.017145 
0.014334 0.338315 0.236254 0.110941 0.078585 0.051936 0.070776 0.033389 0.034510 0.030959 
0.019770 0.274870 0.278644 0.090985 0.101122 0.050052 0.072387 0.045886 0.042009 0.024275 
0.000569 0.332555 0.226560 0.172872 0.074237 0.046051 0.052658 0.048558 0.027756 0.018184 
0.009430 0.333179 0.232484 0.158620 0.061878 0.051511 0.056736 0.021752 0.039311 0.035098 
0.034322 0.376767 0.231143 0.073414 0.088512 0.052321 0.032528 0.049777 0.024297 0.036920 
0.040276 0.345699 0.222980 0.144981 0.073797 0.032373 0.051681 0.034022 0.027236 0.026954 
0.019546 0.318694 0.273501 0.133067 0.116936 0.032178 0.035999 0.030253 0.022341 0.017486 
0.046317 0.370048 0.155278 0.141182 0.086266 0.054742 0.036659 0.044926 0.035967 0.028614 
0.004082 0.450304 0.134141 0.130135 0.058144 0.058587 0.049819 0.052903 0.029674 0.032212 
0.020406 0.357337 0.209301 0.162365 0.055795 0.057737 0.039771 0.040781 0.033056 0.023452 
0.029622 0.358349 0.213029 0.100326 0.093340 0.052459 0.050079 0.031605 0.048397 0.022794 
0.035203 0.339494 0.231387 0.116966 0.087339 0.036730 0.042995 0.050578 0.027472 0.031836 
0.012183 0.298697 0.246317 0.163079 0.095732 0.040150 0.046382 0.030645 0.036849 0.029964 
0.025561 0.336993 0.220368 0.120014 0.087940 0.049320 0.041804 0.049104 0.040270 0.028626 
0.021029 0.323000 0.242510 0.181248 0.059990 0.051417 0.030476 0.038165 0.022592 0.029573 
0.018421 0.208183 0.303104 0.147563 0.102522 0.051998 0.063666 0.044652 0.032377 0.027514 
0.017868 0.295637 0.223963 0.163435 0.095106 0.054349 0.048025 0.044979 0.020594 0.036043 
0.022557 0.198792 0.158840 0.166336 0.166689 0.080710 0.077436 0.051617 0.037708 0.039313 
0.003467 0.310021 0.167182 0.201036 0.108187 0.041654 0.053242 0.041897 0.043510 0.029805 
0.004431 0.251991 0.202923 0.162741 0.109017 0.093887 0.059124 0.044710 0.038602 0.032574 
0.012711 0.273000 0.184537 0.199621 0.112754 0.065594 0.047620 0.024372 0.050081 0.029711 
0.030588 0.188346 0.267426 0.163095 0.065344 0.069427 0.060365 0.059137 0.064147 0.032126 
0.016025 0.266064 0.280105 0.119320 0.089834 0.042682 0.064019 0.056598 0.038091 0.027261 
0.012798 0.210697 0.353848 0.106638 0.105281 0.059708 0.051553 0.034033 0.030641 0.034803 
0.008274 0.212037 0.278158 0.142612 0.117961 0.081276 0.044374 0.044687 0.043096 0.027525 
0.001911 0.159204 0.365064 0.122772 0.112231 0.035556 0.049884 0.039427 0.053240 0.060711 
0.003448 0.192532 0.252385 0.212513 0.111493 0.043888 0.073055 0.050623 0.035236 0.024826 
0.014656 0.179516 0.292466 0.156566 0.079420 0.081358 0.055309 0.049216 0.059224 0.032268 
0.000784 0.152157 0.336588 0.101468 0.092498 0.073150 0.071153 0.056828 0.062945 0.052428 
0.009716 0.214690 0.289048 0.134257 0.097752 0.072159 0.060231 0.054246 0.026300 0.041600 
0.014851 0.304107 0.208165 0.122738 0.121558 0.068602 0.046325 0.023369 0.061448 0.028836 
0.012797 0.218952 0.214593 0.154841 0.136311 0.074500 0.064365 0.029278 0.059210 0.035153 
0.007622 0.227968 0.260681 0.179557 0.082400 0.050575 0.041750 0.060266 0.041445 0.047736 
0.001772 0.272874 0.225073 0.181729 0.089064 0.033089 0.064219 0.049872 0.056445 0.025863 
0.024899 0.241025 0.216536 0.173812 0.105697 0.077754 0.036394 0.035696 0.060571 0.027616 
0.003109 0.246253 0.249847 0.163340 0.089340 0.077315 0.044596 0.060096 0.042382 0.023721 
0.037560 0.273836 0.244103 0.112910 0.094386 0.052668 0.051103 0.055050 0.050196 0.028187 
0.011388 0.321206 0.183463 0.158585 0.106572 0.041641 0.046422 0.052238 0.047189 0.031297 
0.004877 0.285058 0.183114 0.151441 0.113636 0.052019 0.060295 0.038848 0.072840 0.037871 
0.017367 0.184035 0.102548 0.075843 0.089178 0.019856 0.115864 0.107308 0.142413 0.145588 
0.027682 0.220766 0.106686 0.081841 0.087235 0.076101 0.097871 0.119060 0.085540 0.097218 
0.000179 0.199636 0.086855 0.192578 0.120632 0.066911 0.103219 0.081567 0.103692 0.044731 
0.031239 0.299593 0.180880 0.076464 0.060435 0.068233 0.088645 0.043375 0.084965 0.066171 
0.015092 0.349989 0.206626 0.090217 0.082069 0.057457 0.078677 0.040796 0.052464 0.026613 
0.030021 0.198857 0.243239 0.135622 0.104583 0.074421 0.086456 0.055973 0.038832 0.031995 
0.026359 0.299543 0.202832 0.108700 0.095261 0.074875 0.068571 0.044759 0.031776 0.047325 
0.009950 0.227669 0.290487 0.138203 0.077103 0.040459 0.070079 0.059073 0.049655 0.037321 
0.008854 0.227932 0.157544 0.206957 0.118243 0.065023 0.046248 0.062920 0.050718 0.055560 
0.001559 0.099945 0.166708 0.083826 0.075245 0.093998 0.130885 0.124736 0.140134 0.082962 
0.007403 0.177553 0.150157 0.132970 0.082524 0.071922 0.113913 0.126431 0.087876 0.049248 
0.006138 0.264985 0.241173 0.095964 0.096547 0.058695 0.064974 0.076612 0.051999 0.042912 
0.010056 0.165356 0.159048 0.105567 0.080053 0.041772 0.102327 0.066862 0.120727 0.148233 
0.007453 0.143011 0.182547 0.141790 0.117644 0.057602 0.124337 0.077520 0.107742 0.040355 
0.002817 0.114622 0.208736 0.236301 0.108299 0.073622 0.067611 0.073265 0.066739 0.047987 
0.011060 0.114490 0.245941 0.192490 0.117008 0.069844 0.078826 0.044885 0.069944 0.055513 
0.023215 0.250301 0.182737 0.108154 0.092395 0.055667 0.073597 0.043731 0.098246 0.071957 
0.028645 0.182593 0.168389 0.156585 0.075565 0.078830 0.083455 0.086409 0.079503 0.060026 
0.017458 0.176259 0.303884 0.100595 0.065788 0.069166 0.070615 0.081607 0.060536 0.054092 
0.000282 0.243035 0.320537 0.079163 0.086089 0.052698 0.057016 0.056595 0.067615 0.036969 
0.017796 0.227311 0.216441 0.224938 0.091913 0.039072 0.073070 0.026850 0.049812 0.032799 
0.030723 0.210481 0.218982 0.127822 0.066481 0.049874 0.056749 0.088551 0.083389 0.066947 
0.006221 0.269521 0.195637 0.123960 0.068073 0.073455 0.089663 0.070106 0.043056 0.060307 
0.001803 0.186962 0.122446 0.105593 0.098509 0.056330 0.093044 0.127322 0.088080 0.119911 
0.012835 0.119321 0.053418 0.107362 0.116203 0.089820 0.100319 0.113674 0.125834 0.161214 
0.009830 0.114679 0.093040 0.093529 0.073675 0.125427 0.090202 0.168536 0.124815 0.106267 
0.010201 0.202049 0.129862 0.114089 0.085566 0.090485 0.081393 0.145291 0.086629 0.054435 
0.011791 0.200638 0.097870 0.107413 0.112565 0.069940 0.101304 0.112487 0.123159 0.062833 
0.017633 0.270300 0.154176 0.119935 0.078142 0.046911 0.082671 0.073441 0.078176 0.078615 
0.005774 0.268219 0.179190 0.097901 0.101438 0.061210 0.084995 0.057341 0.081112 0.062819 
0.056763 0.332084 0.186418 0.095321 0.073344 0.056758 0.053350 0.048732 0.039259 0.057972 
0.021795 0.338507 0.187626 0.165889 0.085376 0.061117 0.026892 0.045936 0.041701 0.025163 
0.028170 0.360855 0.165648 0.136501 0.098895 0.050178 0.041911 0.043084 0.040495 0.034262 
0.003653 0.329490 0.258646 0.130581 0.067027 0.051757 0.042239 0.030055 0.054128 0.032425 
0.023572 0.352077 0.241165 0.091003 0.110684 0.027676 0.053441 0.034761 0.040130 0.025491 
0.016458 0.403401 0.224952 0.084127 0.069176 0.038461 0.039838 0.044536 0.050813 0.028240 
0.017871 0.250902 0.171814 0.141166 0.093266 0.044540 0.072102 0.071258 0.073270 0.063812 
0.011826 0.327285 0.199945 0.152170 0.075573 0.035077 0.053594 0.037055 0.059662 0.047815 
0.014353 0.325495 0.187164 0.163255 0.083197 0.056505 0.053685 0.034602 0.044444 0.037302 
0.000677 0.331545 0.199198 0.133799 0.077150 0.077131 0.051461 0.061230 0.047945 0.019865 
0.019892 0.309999 0.216601 0.140328 0.097235 0.058506 0.062923 0.022355 0.044264 0.027897 
0.039541 0.285618 0.215576 0.110824 0.093438 0.051181 0.041403 0.068822 0.044454 0.049143 
0.006329 0.371543 0.311038 0.096655 0.056809 0.032161 0.038502 0.018336 0.039803 0.028823 
0.011855 0.365894 0.237060 0.125698 0.055554 0.036291 0.056960 0.033876 0.045077 0.031735 
0.005174 0.316625 0.225213 0.110836 0.081130 0.065349 0.052770 0.057332 0.038990 0.046581 
0.003816 0.272224 0.292701 0.141421 0.093108 0.058995 0.040086 0.032684 0.041150 0.023815 
0.017439 0.263466 0.194228 0.181779 0.098824 0.058605 0.079559 0.031517 0.032898 0.041686 
0.006830 0.396986 0.183744 0.122710 0.070802 0.062464 0.044606 0.056730 0.026182 0.028944 
0.002753 0.283784 0.214542 0.167942 0.080751 0.069991 0.067046 0.040664 0.039840 0.032687 
0.045705 0.298839 0.225648 0.151881 0.076577 0.054244 0.059018 0.030190 0.035225 0.022674 
0.056456 0.383945 0.195806 0.120057 0.053519 0.058001 0.037811 0.042080 0.030662 0.021663 
0.012620 0.293977 0.263199 0.170660 0.070890 0.046717 0.051048 0.022882 0.043722 0.024286 
0.008521 0.353930 0.182396 0.144489 0.110094 0.033787 0.071075 0.033360 0.035135 0.027213 
0.025317 0.344167 0.165013 0.166633 0.076193 0.049093 0.050963 0.036071 0.055875 0.030675 
0.006537 0.367258 0.231947 0.118119 0.085780 0.041735 0.037978 0.034433 0.037285 0.038928 
0.056700 0.356601 0.184096 0.162635 0.050888 0.039122 0.052325 0.039148 0.023662 0.034823 
0.014642 0.293656 0.271469 0.129984 0.052575 0.057757 0.049264 0.064506 0.030599 0.035547 
0.017946 0.391546 0.175919 0.147408 0.056638 0.056083 0.030494 0.047846 0.032048 0.044071 
0.005948 0.427014 0.153660 0.117924 0.088065 0.066400 0.037500 0.045230 0.030649 0.027609 
0.037459 0.355810 0.178776 0.111896 0.105572 0.048211 0.059176 0.035062 0.038710 0.029328 
0.004365 0.328223 0.188742 0.111502 0.121224 0.065628 0.056349 0.041919 0.046073 0.035976 
0.014946 0.272932 0.205697 0.185370 0.105614 0.051987 0.038264 0.057404 0.035047 0.032738 
0.030767 0.352513 0.165810 0.189964 0.056969 0.059470 0.049700 0.041697 0.035857 0.017254 
0.046857 0.326046 0.158843 0.164931 0.107151 0.057628 0.040658 0.043860 0.031354 0.022672 
0.025215 0.280279 0.173024 0.143143 0.112190 0.074930 0.071418 0.051492 0.045418 0.022890 
0.007167 0.208355 0.282288 0.149453 0.095688 0.057508 0.076379 0.055799 0.038485 0.028880 
0.023693 0.181222 0.366785 0.119724 0.090179 0.038382 0.051704 0.056897 0.055054 0.016360 
0.010310 0.205668 0.218228 0.143636 0.103414 0.108595 0.070786 0.061918 0.044555 0.032889 
0.012629 0.201052 0.187799 0.135312 0.095807 0.051949 0.097262 0.076172 0.093619 0.048399 
0.027716 0.214492 0.166114 0.129292 0.106002 0.059801 0.087457 0.104919 0.073231 0.030976 
0.009862 0.209594 0.175889 0.165520 0.091647 0.068895 0.096139 0.067903 0.073293 0.041257 
0.019580 0.140589 0.096751 0.126971 0.091586 0.103531 0.108988 0.090146 0.097509 0.124349 
0.010885 0.059630 0.150338 0.311836 0.134268 0.056065 0.083920 0.061603 0.083902 0.047554 
0.010771 0.099989 0.165532 0.093164 0.122417 0.164641 0.087977 0.071132 0.144844 0.039532 
0.027563 0.160655 0.205580 0.145971 0.090416 0.093141 0.070852 0.050444 0.084006 0.071371 
0.008245 0.187330 0.256802 0.153126 0.061975 0.087442 0.085989 0.073118 0.058811 0.027163 
0.017461 0.177051 0.154806 0.123487 0.111728 0.081168 0.077562 0.095190 0.069480 0.092069 
0.018359 0.091759 0.123625 0.078843 0.112670 0.051333 0.134600 0.147416 0.135593 0.105801 
0.002303 0.121966 0.168320 0.155392 0.100786 0.043826 0.089792 0.150321 0.074566 0.092728 
0.012174 0.112361 0.101907 0.070051 0.061918 0.067697 0.112518 0.109183 0.205874 0.146318 
0.001770 0.106943 0.117794 0.067658 0.103143 0.077624 0.136198 0.187156 0.062684 0.139030 
0.016788 0.086661 0.116585 0.065379 0.093987 0.106751 0.163720 0.192187 0.084728 0.073213 
0.010875 0.250551 0.116115 0.127978 0.078174 0.053086 0.078183 0.133117 0.089098 0.062823 
0.004351 0.279623 0.191113 0.107517 0.078770 0.032272 0.107186 0.095034 0.062833 0.041302 
0.000318 0.291193 0.202535 0.126680 0.073201 0.060468 0.098274 0.048003 0.056047 0.043280 
0.018875 0.251681 0.261350 0.145186 0.102553 0.016463 0.060335 0.053183 0.055345 0.035030 
0.050588 0.338390 0.224252 0.111451 0.064473 0.042044 0.050900 0.037486 0.044216 0.036200 
0.033181 0.298772 0.264136 0.112540 0.069377 0.059343 0.060489 0.039881 0.031873 0.030409 
0.009024 0.303096 0.206145 0.111189 0.077830 0.104177 0.037092 0.041956 0.076499 0.032993 
0.009206 0.367679 0.234159 0.076207 0.100052 0.054407 0.050738 0.039986 0.033371 0.034196 
0.064610 0.253992 0.148975 0.131127 0.146889 0.068549 0.050702 0.043603 0.050315 0.041237 
0.014032 0.398620 0.206559 0.112939 0.052058 0.061644 0.058920 0.038836 0.028581 0.027811 
0.050371 0.334497 0.169409 0.102057 0.102447 0.049339 0.052903 0.060885 0.040560 0.037532 
0.038339 0.356138 0.138079 0.113639 0.106817 0.080469 0.073257 0.042140 0.032814 0.018308 
0.016356 0.250374 0.253991 0.176838 0.059405 0.036244 0.093194 0.054089 0.043632 0.015877 
0.044530 0.285000 0.179287 0.118041 0.073065 0.135513 0.039524 0.037222 0.052507 0.035312 
0.034414 0.231948 0.227499 0.154131 0.085049 0.081080 0.063996 0.050907 0.033828 0.037150 
0.020063 0.156192 0.345454 0.142669 0.080894 0.084097 0.056716 0.048343 0.032240 0.033333 
0.040771 0.277628 0.191735 0.161751 0.091907 0.050900 0.067734 0.047240 0.035491 0.034843 
0.047195 0.294073 0.216649 0.174776 0.079150 0.036839 0.051326 0.033715 0.046893 0.019386 
0.001986 0.328781 0.152425 0.124076 0.137863 0.091070 0.074825 0.044476 0.028565 0.015933 
0.026476 0.201565 0.161234 0.128567 0.084202 0.154103 0.080177 0.072468 0.023942 0.067268 
0.015246 0.334611 0.183544 0.109147 0.105929 0.071033 0.051698 0.034466 0.045227 0.049098 
0.054953 0.206367 0.241159 0.123859 0.105087 0.045381 0.098623 0.059201 0.032152 0.033218 
0.035603 0.294561 0.158020 0.174999 0.098603 0.080320 0.048071 0.039941 0.043213 0.026669 
0.009281 0.265238 0.208666 0.162059 0.114824 0.097421 0.040841 0.021717 0.056467 0.023487 
0.011235 0.332156 0.258709 0.076974 0.093367 0.046603 0.065499 0.043044 0.040320 0.032094 
0.037153 0.299775 0.204583 0.109837 0.093660 0.087065 0.053683 0.054258 0.022860 0.037125 
0.042626 0.308359 0.185938 0.152532 0.049668 0.079258 0.082692 0.029845 0.041822 0.027260 
0.016544 0.280813 0.202582 0.191739 0.079850 0.059649 0.066485 0.026218 0.041954 0.034167 
0.002621 0.288909 0.160606 0.199283 0.112252 0.045530 0.100294 0.036489 0.033535 0.020481 
0.001328 0.271714 0.245624 0.167930 0.092451 0.069871 0.044112 0.027478 0.048385 0.031107 
0.064000 0.404484 0.121418 0.120733 0.076621 0.050688 0.042765 0.032443 0.048690 0.038158 
0.036894 0.379883 0.127329 0.136997 0.082788 0.067948 0.042584 0.041573 0.053000 0.031004 
0.033895 0.435596 0.133659 0.101092 0.073056 0.099484 0.043984 0.040332 0.016722 0.022181 
0.020531 0.314175 0.217780 0.133321 0.064677 0.078293 0.062251 0.052367 0.029631 0.026976 
0.056802 0.317329 0.139480 0.128334 0.110476 0.057143 0.057722 0.062521 0.040196 0.029995 
0.091554 0.387063 0.151075 0.121438 0.058602 0.040711 0.038379 0.056730 0.036359 0.018089 
0.025731 0.457311 0.125309 0.128427 0.044689 0.045400 0.062413 0.043332 0.036944 0.030443 
0.035811 0.378312 0.200287 0.110429 0.064926 0.069286 0.062303 0.034026 0.021729 0.022892 
0.071827 0.322051 0.185515 0.141195 0.083346 0.070787 0.048498 0.023793 0.031474 0.021514 
0.092279 0.224373 0.232871 0.128130 0.102333 0.092729 0.037840 0.024226 0.039725 0.025494 
0.060291 0.330521 0.186084 0.103747 0.080735 0.077694 0.058643 0.043256 0.028709 0.030320 
0.052281 0.312354 0.161106 0.152049 0.079515 0.052597 0.058564 0.033628 0.061158 0.036748 
0.074629 0.359488 0.131282 0.151430 0.091733 0.067781 0.028518 0.030050 0.018741 0.046349 
0.116985 0.321128 0.116496 0.116017 0.083280 0.081844 0.057887 0.046892 0.030536 0.028934 
0.087924 0.293460 0.217161 0.120991 0.069314 0.066461 0.042896 0.032182 0.039683 0.029930 
0.066675 0.313727 0.165391 0.141872 0.090830 0.083115 0.050825 0.043909 0.018834 0.024822 
0.077832 0.282359 0.205610 0.113305 0.086008 0.069045 0.036076 0.050282 0.033273 0.046209 
0.090864 0.309338 0.150115 0.170397 0.042828 0.102359 0.041681 0.041094 0.027230 0.024094 
0.118764 0.236834 0.219424 0.105800 0.115147 0.080550 0.036292 0.030159 0.034764 0.022267 
0.114033 0.274632 0.209653 0.142193 0.066421 0.066557 0.035621 0.036001 0.020288 0.034602 
0.077315 0.334072 0.162624 0.132778 0.094697 0.074086 0.040503 0.042791 0.021633 0.019502 
0.076684 0.286255 0.219830 0.133563 0.093191 0.072637 0.026407 0.025964 0.037972 0.027497 
0.100047 0.257873 0.188117 0.139285 0.083003 0.086842 0.047557 0.043690 0.037205 0.016381 
0.123638 0.253556 0.180033 0.163502 0.071824 0.049481 0.040925 0.042533 0.038958 0.035550 
0.104395 0.357296 0.151171 0.109691 0.061134 0.087750 0.037780 0.030461 0.032618 0.027704 
0.046433 0.343541 0.158834 0.123632 0.097734 0.070288 0.063376 0.035153 0.033266 0.027743 
0.086901 0.311480 0.204879 0.128370 0.072398 0.046102 0.060835 0.037813 0.027635 0.023588 
0.128661 0.368886 0.156133 0.105338 0.074015 0.045749 0.052212 0.020282 0.025170 0.023555 
0.093239 0.256447 0.217083 0.112187 0.091052 0.064704 0.047167 0.051239 0.040872 0.026011 
0.065200 0.340650 0.231246 0.103437 0.068078 0.064019 0.045587 0.027401 0.036501 0.017882 
