Problem, Ariana Grande
0.000000 0.000000 0.000000 0.000000 0.000000 0.000000 0.000000 0.000000 0.000000 0.000000 
0.000000 0.000000 0.000000 0.000000 0.000000 0.000000 0.000000 0.000000 0.000000 0.000000 
0.000000 0.000000 0.000000 0.000000 0.000000 0.000000 0.000000 0.000000 0.000000 0.000000 
0.000000 0.000000 0.000000 0.000000 0.000000 0.000000 0.000000 0.000000 0.000000 0.000000 
0.000000 0.000000 0.000000 0.000000 0.000000 0.000000 0.000000 0.000000 0.000000 0.000000 
0.000000 0.000000 0.000000 0.000000 0.000000 0.000000 0.000000 0.000000 0.000000 0.000000 
0.000000 0.000000 0.000000 0.000000 0.000000 0.000000 0.000000 0.000000 0.000000 0.000000 
0.000000 0.000000 0.000000 0.000000 0.000000 0.000000 0.000000 0.000000 0.000000 0.000000 
0.000000 0.000000 0.000000 0.000000 0.000000 0.000000 0.000000 0.000000 0.000000 0.000000 
0.000000 0.000000 0.000000 0.000000 0.000000 0.000000 0.000000 0.000000 0.000000 0.000000 
0.000000 0.000000 0.000000 0.000000 0.000000 0.000000 0.000000 0.000000 0.000000 0.000000 
0.000000 0.000000 0.000000 0.000000 0.000000 0.000000 0.000000 0.000000 0.000000 0.000000 
0.000000 0.000000 0.000000 0.000000 0.000000 0.000000 0.000000 0.000000 0.000000 0.000000 
0.000000 0.000000 0.000000 0.000000 0.000000 0.000000 0.000000 0.000000 0.000000 0.000000 
0.212958 0.121578 0.044683 0.074932 0.106524 0.049110 0.109824 0.107758 0.093850 0.078783 
0.297554 0.359436 0.108601 0.048340 0.026000 0.033258 0.028072 0.025523 0.043640 0.029576 
0.484427 0.197262 0.044586 0.025016 0.034529 0.042879 0.054653 0.042875 0.039013 0.034760 
0.452558 0.227886 0.076532 0.044646 0.042104 0.018160 0.040190 0.030752 0.038112 0.029059 
0.185518 0.113943 0.052070 0.037825 0.145315 0.083060 0.025807 0.050651 0.190393 0.115417 
0.099800 0.061480 0.031190 0.022776 0.178875 0.080331 0.080098 0.052747 0.268672 0.124030 
0.037591 0.036150 0.020600 0.038756 0.210665 0.141101 0.065624 0.057587 0.241429 0.150496 
0.022016 0.019402 0.021658 0.028779 0.271253 0.063885 0.051984 0.058413 0.315763 0.146848 
0.020235 0.023214 0.044956 0.031300 0.265474 0.152696 0.046208 0.024827 0.275205 0.115886 
0.001194 0.036657 0.050217 0.021687 0.322981 0.081145 0.052795 0.090358 0.248885 0.094082 
0.009546 0.012739 0.044309 0.037260 0.146553 0.073187 0.056868 0.093721 0.430907 0.094909 
0.006475 0.025145 0.019590 0.022868 0.203765 0.081948 0.054668 0.040451 0.359892 0.185199 
0.009012 0.023280 0.042003 0.061443 0.163207 0.094811 0.052852 0.080002 0.372030 0.101360 
0.003167 0.021850 0.045393 0.035154 0.150577 0.117883 0.052568 0.066481 0.237478 0.269448 
0.001501 0.014957 0.030945 0.045714 0.249878 0.101347 0.061463 0.052868 0.168498 0.272829 
0.001835 0.023732 0.027675 0.044259 0.146856 0.072633 0.047585 0.043359 0.408118 0.183948 
0.004755 0.024279 0.025568 0.034731 0.298874 0.083724 0.053431 0.035993 0.273193 0.165453 
0.000216 0.020822 0.031853 0.034480 0.162770 0.121623 0.053704 0.092950 0.368659 0.112923 
0.002980 0.012221 0.027424 0.024646 0.142078 0.141968 0.059881 0.058545 0.329049 0.201208 
0.002448 0.023244 0.037415 0.039201 0.328888 0.139335 0.062351 0.053783 0.143752 0.169582 
0.000874 0.035385 0.028787 0.050055 0.110731 0.150608 0.082825 0.065639 0.354977 0.120117 
0.000294 0.027941 0.030962 0.055309 0.160204 0.096209 0.064842 0.078727 0.250427 0.235085 
0.003278 0.083051 0.043391 0.037639 0.216450 0.095408 0.090412 0.071040 0.183984 0.175346 
0.002971 0.057404 0.065481 0.056237 0.235950 0.080671 0.082631 0.059823 0.238909 0.119923 
0.015315 0.065909 0.079806 0.069231 0.240511 0.087273 0.080314 0.066708 0.178093 0.116838 
0.012514 0.085284 0.084673 0.068433 0.134369 0.119467 0.036643 0.043575 0.325497 0.089545 
0.000400 0.047378 0.059587 0.057716 0.213497 0.096202 0.083947 0.064343 0.240932 0.135997 
0.003136 0.066930 0.050463 0.049970 0.151168 0.143153 0.064885 0.051501 0.179287 0.239506 
0.007976 0.090467 0.060128 0.070322 0.165694 0.104597 0.051481 0.067538 0.172799 0.208998 
0.010848 0.106904 0.057066 0.054389 0.242061 0.076768 0.050036 0.038723 0.214744 0.148461 
0.005131 0.052526 0.041286 0.035034 0.252644 0.055127 0.082678 0.063821 0.343077 0.068676 
0.004819 0.037806 0.023315 0.059445 0.240964 0.138072 0.053068 0.050732 0.150672 0.241106 
0.004879 0.017488 0.012630 0.050654 0.144015 0.240155 0.051764 0.082069 0.141057 0.255290 
0.005925 0.018901 0.029227 0.013610 0.161398 0.121325 0.060543 0.094774 0.237651 0.256644 
0.000485 0.027763 0.018821 0.043990 0.178564 0.222144 0.058057 0.065926 0.095027 0.289223 
0.003413 0.016416 0.014252 0.075690 0.103909 0.334920 0.031021 0.044890 0.044707 0.330782 
0.002208 0.052577 0.048447 0.101424 0.208794 0.293554 0.086804 0.058634 0.060850 0.086709 
0.017005 0.161283 0.042612 0.062717 0.026658 0.152688 0.041171 0.059276 0.215567 0.221023 
0.008225 0.105214 0.024048 0.027737 0.140600 0.166463 0.036901 0.042350 0.145016 0.303446 
0.003434 0.046582 0.040653 0.044007 0.240988 0.209471 0.062832 0.041805 0.175425 0.134802 
0.002221 0.056875 0.048270 0.059142 0.238746 0.135200 0.021878 0.036396 0.139098 0.262173 
0.005383 0.046246 0.037703 0.058925 0.195669 0.206801 0.036427 0.035011 0.099279 0.278557 
0.008668 0.038132 0.019757 0.047561 0.187952 0.183192 0.067502 0.033586 0.215944 0.197706 
0.005353 0.031966 0.022066 0.040627 0.209057 0.194953 0.087670 0.061268 0.143528 0.203513 
0.001309 0.034404 0.120181 0.205748 0.094564 0.105618 0.119870 0.038467 0.117091 0.162748 
0.010726 0.038100 0.135561 0.468519 0.050620 0.151571 0.034911 0.027750 0.026457 0.055786 
0.023645 0.092602 0.403373 0.161420 0.073644 0.036290 0.045501 0.034745 0.050188 0.078591 
0.010763 0.028743 0.089016 0.176812 0.182998 0.134997 0.100800 0.063415 0.053815 0.158641 
0.005503 0.047492 0.108477 0.139001 0.188736 0.173144 0.081898 0.061995 0.104281 0.089472 
0.004196 0.024516 0.055252 0.320644 0.147739 0.099389 0.104086 0.039403 0.152066 0.052709 
0.010041 0.031143 0.068014 0.279647 0.133028 0.151081 0.095221 0.035264 0.059150 0.137411 
0.001626 0.012615 0.024905 0.437134 0.081072 0.101072 0.058991 0.044312 0.061622 0.176652 
0.011436 0.024949 0.082675 0.172962 0.073883 0.123531 0.051908 0.087962 0.094514 0.276180 
0.000495 0.028214 0.044496 0.315749 0.068590 0.148864 0.049466 0.050288 0.114496 0.179343 
0.002859 0.087045 0.059267 0.191142 0.154220 0.167985 0.047703 0.043083 0.135452 0.111242 
0.011746 0.045808 0.059818 0.138391 0.101777 0.112546 0.070290 0.063242 0.143848 0.252533 
0.001882 0.073839 0.045594 0.117979 0.097471 0.179867 0.077712 0.069148 0.104696 0.231812 
0.009383 0.055315 0.043914 0.103612 0.096535 0.153017 0.098237 0.107246 0.183682 0.149059 
0.010173 0.030866 0.044343 0.126015 0.089255 0.113172 0.077251 0.070697 0.154006 0.284221 
0.010609 0.031630 0.099677 0.084419 0.128547 0.114921 0.095679 0.103341 0.169509 0.161668 
0.008301 0.040829 0.044262 0.042074 0.080226 0.135798 0.261337 0.199217 0.091940 0.096019 
0.021527 0.056471 0.132395 0.070272 0.152651 0.061096 0.141660 0.104486 0.194731 0.064710 
0.013866 0.030914 0.085172 0.148583 0.069105 0.108535 0.160409 0.212387 0.080700 0.090330 
0.002748 0.039287 0.066551 0.242585 0.095000 0.107073 0.106686 0.231821 0.073779 0.034470 
0.002245 0.039947 0.093524 0.191357 0.115660 0.075094 0.067241 0.288122 0.089525 0.037284 
0.002189 0.016949 0.015874 0.276103 0.259805 0.025385 0.117481 0.204737 0.041460 0.040016 
0.006164 0.039924 0.019598 0.223987 0.107279 0.046678 0.282900 0.111390 0.114377 0.047703 
0.001304 0.023749 0.037344 0.250575 0.110588 0.067247 0.262571 0.068899 0.138248 0.039476 
0.009951 0.031555 0.056079 0.360357 0.090985 0.021382 0.216010 0.038614 0.118513 0.056554 
0.001203 0.017345 0.019862 0.276489 0.136580 0.028541 0.063801 0.322957 0.066927 0.066296 
0.003032 0.022215 0.027957 0.478507 0.087236 0.052651 0.079072 0.079824 0.094772 0.074733 
0.008042 0.065568 0.110381 0.179090 0.207164 0.043494 0.115314 0.119058 0.076743 0.075146 
0.005269 0.028036 0.037771 0.128147 0.169454 0.027989 0.142961 0.311697 0.101900 0.046777 
0.010371 0.022770 0.050656 0.091304 0.215951 0.022827 0.061207 0.292960 0.194038 0.037917 
0.011822 0.040966 0.059461 0.266878 0.241715 0.020427 0.055593 0.052357 0.190274 0.060507 
0.002517 0.030498 0.055285 0.069281 0.386230 0.062320 0.058395 0.164046 0.122767 0.048660 
0.001801 0.010547 0.040600 0.155064 0.231948 0.043570 0.147924 0.165020 0.154490 0.049036 
0.006770 0.040208 0.057918 0.206842 0.206374 0.066049 0.129093 0.041685 0.142479 0.102581 
0.011281 0.044414 0.049960 0.185047 0.278231 0.045642 0.035056 0.230582 0.076205 0.043581 
0.009350 0.096227 0.057642 0.151839 0.199041 0.056823 0.139263 0.160804 0.095410 0.033603 
0.003134 0.087950 0.058617 0.087808 0.262111 0.075849 0.066951 0.074201 0.236138 0.047240 
0.002214 0.035995 0.019190 0.031170 0.205989 0.062476 0.068830 0.085758 0.379545 0.108833 
0.001029 0.023125 0.015159 0.067370 0.146985 0.119053 0.080193 0.101189 0.144629 0.301268 
0.001744 0.020450 0.025797 0.019955 0.102072 0.078490 0.042507 0.098962 0.317049 0.292973 
0.004163 0.028284 0.033428 0.031425 0.094754 0.029725 0.064104 0.065416 0.481395 0.167306 
0.001364 0.025435 0.033364 0.046636 0.076296 0.190933 0.056804 0.069336 0.203277 0.296556 
0.004257 0.021003 0.023320 0.037778 0.066726 0.356840 0.102292 0.055042 0.074903 0.257840 
0.002915 0.023405 0.030089 0.023777 0.081920 0.043790 0.149920 0.184714 0.369608 0.089863 
0.001099 0.029610 0.059166 0.040958 0.084091 0.084340 0.094957 0.245978 0.262015 0.097787 
0.001637 0.050333 0.039401 0.043178 0.218275 0.222089 0.084504 0.202526 0.093478 0.044579 
0.007903 0.073534 0.045325 0.076784 0.043737 0.146105 0.324373 0.076361 0.153819 0.052059 
0.011348 0.103400 0.042948 0.050330 0.061573 0.140777 0.324779 0.045892 0.116529 0.102424 
0.005207 0.033188 0.037449 0.056352 0.057135 0.127215 0.227918 0.106834 0.151193 0.197509 
0.005461 0.043683 0.052069 0.052330 0.029679 0.119478 0.367240 0.039960 0.163569 0.126531 
0.006474 0.028247 0.017740 0.069810 0.051537 0.297865 0.225839 0.044349 0.157111 0.101028 
0.000458 0.029482 0.020830 0.054792 0.061824 0.412659 0.152601 0.048923 0.079891 0.138540 
0.008979 0.032452 0.036874 0.039546 0.134556 0.138878 0.049982 0.080635 0.319028 0.159069 
0.000563 0.045949 0.018028 0.035326 0.075699 0.166963 0.032872 0.085658 0.244997 0.293946 
0.011385 0.058700 0.035714 0.051521 0.114008 0.193031 0.088131 0.108790 0.211903 0.126817 
0.000333 0.055202 0.050096 0.143202 0.219802 0.083946 0.113887 0.075286 0.201889 0.056357 
0.030488 0.065779 0.044470 0.044787 0.159791 0.077721 0.052701 0.081024 0.289659 0.153580 
0.005279 0.037098 0.018562 0.030206 0.165617 0.158277 0.083663 0.105009 0.131236 0.265053 
0.007039 0.024475 0.022309 0.053771 0.155878 0.082902 0.045532 0.100473 0.150965 0.356657 
0.014238 0.040450 0.033993 0.031848 0.108257 0.135313 0.056566 0.075649 0.258737 0.244949 
0.000063 0.085735 0.015729 0.028504 0.090942 0.134107 0.051574 0.076267 0.284356 0.232723 
0.005727 0.041112 0.016704 0.026572 0.079334 0.093909 0.052647 0.090811 0.237653 0.355530 
0.011065 0.029854 0.025476 0.042425 0.095969 0.101125 0.037781 0.066200 0.205506 0.384598 
0.009083 0.037384 0.033107 0.031847 0.104091 0.125629 0.052150 0.091102 0.284723 0.230883 
0.014931 0.100344 0.155135 0.214209 0.132589 0.062135 0.093255 0.079567 0.092402 0.055432 
0.005122 0.015376 0.138750 0.280303 0.233609 0.155585 0.090058 0.047536 0.022438 0.011225 
0.003721 0.069909 0.046692 0.225252 0.176018 0.069661 0.092971 0.074236 0.136953 0.104588 
0.009238 0.024882 0.076525 0.295915 0.077269 0.207895 0.136737 0.079229 0.043615 0.048694 
0.001535 0.025069 0.060179 0.163188 0.065706 0.353071 0.133218 0.084702 0.061738 0.051594 
0.011981 0.051657 0.109323 0.169284 0.056275 0.235242 0.120208 0.177379 0.038356 0.030296 
0.000186 0.026047 0.198663 0.127755 0.180767 0.062769 0.053047 0.248335 0.072230 0.030201 
0.003969 0.035007 0.082788 0.301569 0.136190 0.164035 0.040995 0.169183 0.034590 0.031674 
0.005102 0.057532 0.017566 0.211038 0.254439 0.142276 0.042579 0.164807 0.052161 0.052502 
0.019881 0.033682 0.028745 0.130792 0.213649 0.153835 0.085878 0.239681 0.060915 0.032942 
0.002083 0.013993 0.016411 0.179266 0.176181 0.284366 0.217444 0.040125 0.055035 0.015094 
0.002221 0.013106 0.034914 0.297774 0.081260 0.067826 0.348409 0.053743 0.074938 0.025808 
0.005214 0.024881 0.038648 0.234618 0.064053 0.074560 0.418163 0.044404 0.059395 0.036064 
0.002378 0.019466 0.059344 0.115781 0.099582 0.166088 0.402257 0.033990 0.074345 0.026769 
0.011054 0.028966 0.036444 0.073171 0.122583 0.419928 0.161920 0.050794 0.068584 0.026557 
0.003382 0.024021 0.052453 0.073028 0.164800 0.432898 0.091538 0.066746 0.071116 0.020020 
0.006755 0.018195 0.081207 0.036181 0.496048 0.146637 0.049703 0.035689 0.112057 0.017528 
0.001407 0.032938 0.071310 0.029177 0.417484 0.073443 0.091190 0.121879 0.122638 0.038536 
0.005460 0.023319 0.065039 0.045107 0.351898 0.091926 0.094753 0.090589 0.163461 0.068447 
0.001077 0.051503 0.052306 0.064172 0.346746 0.088830 0.095810 0.047889 0.218258 0.033409 
0.005033 0.030370 0.042265 0.077407 0.366893 0.050991 0.045980 0.228781 0.121441 0.030839 
0.004425 0.124321 0.073871 0.134477 0.177917 0.062894 0.120461 0.193429 0.057238 0.050965 
0.016631 0.061129 0.039325 0.111393 0.273957 0.083998 0.038310 0.062099 0.250629 0.062529 
0.009630 0.033997 0.027748 0.036295 0.188881 0.093064 0.051806 0.084417 0.282587 0.191574 
0.011149 0.030916 0.046309 0.044401 0.186675 0.211999 0.063849 0.067148 0.093801 0.243753 
0.002178 0.024431 0.019710 0.052728 0.179505 0.177999 0.028443 0.126148 0.143739 0.245119 
0.003798 0.030548 0.023589 0.056430 0.204626 0.118207 0.034136 0.046035 0.158651 0.323981 
0.003903 0.017197 0.012244 0.063566 0.073994 0.300087 0.029325 0.070968 0.137830 0.290886 
0.001383 0.028188 0.029744 0.066936 0.132311 0.337335 0.046389 0.047866 0.088781 0.221065 
0.000831 0.133620 0.042763 0.079431 0.143099 0.172912 0.038080 0.057384 0.084466 0.247414 
0.030043 0.106120 0.016402 0.023684 0.083702 0.189299 0.018703 0.034912 0.160565 0.336571 
0.005774 0.020956 0.028605 0.056647 0.247587 0.249789 0.090843 0.029985 0.131772 0.138043 
0.002253 0.056119 0.024444 0.054740 0.195748 0.131517 0.066432 0.064138 0.215235 0.189373 
0.003331 0.026640 0.037073 0.041244 0.222590 0.227395 0.052464 0.063465 0.088332 0.237467 
0.004826 0.046084 0.048032 0.077733 0.220081 0.168878 0.055044 0.031802 0.102817 0.244703 
0.013954 0.050791 0.040513 0.067295 0.255441 0.196633 0.060793 0.043056 0.087639 0.183885 
0.013207 0.034225 0.039119 0.031345 0.136308 0.126359 0.051105 0.033447 0.241011 0.293873 
0.010076 0.046813 0.013448 0.027506 0.096524 0.196176 0.040528 0.061596 0.163885 0.343448 
0.020096 0.056822 0.032302 0.060511 0.097952 0.108732 0.043299 0.062815 0.215214 0.302257 
0.011818 0.061248 0.023909 0.035626 0.138328 0.193569 0.055661 0.079781 0.103662 0.296398 
0.002270 0.016325 0.029368 0.142342 0.238394 0.168816 0.218449 0.119297 0.026150 0.038590 
0.001582 0.028378 0.041735 0.067483 0.252907 0.086588 0.275684 0.123445 0.096205 0.025993 
0.009844 0.027663 0.033025 0.230308 0.279880 0.141630 0.047540 0.051654 0.058786 0.119670 
0.001830 0.013715 0.052771 0.130326 0.040072 0.340264 0.181022 0.061380 0.065957 0.112663 
0.003547 0.020412 0.025664 0.098897 0.049742 0.155933 0.192918 0.045055 0.298046 0.109787 
0.004578 0.026182 0.021384 0.060312 0.044177 0.176401 0.125059 0.082721 0.281233 0.177954 
0.000037 0.017422 0.016427 0.089897 0.022692 0.167691 0.191899 0.108460 0.308278 0.077195 
0.005463 0.023256 0.036459 0.143740 0.027096 0.200219 0.304746 0.080754 0.152138 0.026128 
0.006808 0.027671 0.042645 0.219317 0.037697 0.124394 0.339729 0.058555 0.119024 0.024158 
0.004994 0.020941 0.042715 0.202912 0.054851 0.069305 0.381450 0.029266 0.107754 0.085812 
0.001864 0.010918 0.030936 0.208716 0.037273 0.049681 0.305363 0.056500 0.215659 0.083089 
0.001161 0.005827 0.005388 0.154507 0.056434 0.071001 0.254522 0.063055 0.242616 0.145490 
0.001233 0.014555 0.047502 0.413587 0.109862 0.082202 0.179252 0.020625 0.075217 0.055967 
0.000432 0.016734 0.070072 0.502242 0.134858 0.060142 0.060496 0.048424 0.063480 0.043119 
0.000144 0.021240 0.069686 0.364372 0.081879 0.033650 0.223235 0.095174 0.081691 0.028928 
0.000595 0.035435 0.051761 0.118366 0.053699 0.061291 0.275783 0.167297 0.044204 0.191568 
0.002314 0.033006 0.049397 0.087213 0.070521 0.057709 0.205677 0.164319 0.064504 0.265339 
0.003060 0.012270 0.052114 0.136350 0.050630 0.068554 0.246353 0.193198 0.067054 0.170418 
0.004206 0.039449 0.029477 0.270540 0.258604 0.059158 0.098697 0.137777 0.064134 0.037958 
0.000652 0.020692 0.040690 0.216380 0.160525 0.258324 0.162649 0.082675 0.035833 0.021579 
0.003174 0.009978 0.040139 0.265165 0.239507 0.213355 0.050852 0.071818 0.036117 0.069894 
0.002087 0.011226 0.023955 0.125336 0.255102 0.036732 0.273124 0.184283 0.027170 0.060984 
0.003825 0.011450 0.015843 0.092221 0.064554 0.025175 0.225526 0.072704 0.042576 0.446126 
0.000304 0.017011 0.056608 0.090179 0.061648 0.047641 0.193814 0.060391 0.130215 0.342190 
0.004290 0.028440 0.030897 0.156769 0.131628 0.022769 0.208124 0.090878 0.108801 0.217403 
0.009104 0.028374 0.054035 0.312464 0.120275 0.039667 0.223444 0.027441 0.080224 0.104972 
0.007981 0.041960 0.072246 0.418730 0.149051 0.021844 0.119165 0.042288 0.102265 0.024471 
0.004319 0.013132 0.025387 0.346367 0.134944 0.061738 0.232043 0.043123 0.090298 0.048649 
0.005679 0.024828 0.053109 0.284096 0.143609 0.032118 0.257575 0.059727 0.101616 0.037642 
0.008799 0.036885 0.031801 0.226116 0.296951 0.070655 0.094906 0.049213 0.160652 0.024022 
0.006474 0.028812 0.074073 0.176497 0.320145 0.034545 0.091232 0.090225 0.128452 0.049545 
0.010351 0.070275 0.074043 0.258130 0.184525 0.044887 0.064869 0.190247 0.070187 0.032486 
0.000483 0.019965 0.027297 0.066939 0.482572 0.118952 0.037598 0.129871 0.061495 0.054827 
0.005481 0.021980 0.023357 0.040281 0.179163 0.083222 0.053641 0.347132 0.137635 0.108108 
0.001884 0.015445 0.016468 0.024818 0.139774 0.098587 0.049516 0.304826 0.220378 0.128305 
0.001424 0.009022 0.020787 0.109720 0.298414 0.051722 0.018183 0.169157 0.192349 0.129222 
0.001571 0.009181 0.015544 0.349600 0.047835 0.054030 0.082852 0.077006 0.219660 0.142721 
0.004820 0.020292 0.040333 0.311383 0.117452 0.123097 0.024504 0.047225 0.172016 0.138877 
0.002162 0.011335 0.016384 0.128303 0.141001 0.130231 0.065823 0.373633 0.060819 0.070310 
0.000833 0.010392 0.015804 0.040694 0.087927 0.081343 0.085128 0.216172 0.357213 0.104494 
0.004689 0.017428 0.013912 0.033715 0.118188 0.031520 0.053436 0.187731 0.436207 0.103174 
0.004884 0.031306 0.046092 0.046919 0.119175 0.147913 0.091905 0.127993 0.320493 0.063320 
0.011346 0.059628 0.025450 0.039623 0.085317 0.132745 0.083483 0.234640 0.234651 0.093117 
0.002897 0.053033 0.013151 0.034295 0.076017 0.061728 0.215240 0.275817 0.109021 0.158801 
0.005515 0.017574 0.016812 0.051055 0.115509 0.091897 0.205929 0.337627 0.080526 0.077555 
0.000643 0.007482 0.007758 0.060607 0.091517 0.202424 0.130937 0.233242 0.102375 0.163015 
0.000546 0.010052 0.008541 0.075319 0.100133 0.096019 0.103629 0.149396 0.375791 0.080574 
0.003522 0.017393 0.010259 0.025834 0.072941 0.124090 0.140629 0.140774 0.308685 0.155873 
0.001176 0.014292 0.007447 0.033958 0.089402 0.158118 0.085342 0.124039 0.301159 0.185067 
0.001897 0.036875 0.019363 0.058883 0.124002 0.163388 0.059856 0.121182 0.323263 0.091291 
0.001827 0.027641 0.030368 0.064200 0.119167 0.290677 0.048600 0.092776 0.168988 0.155757 
0.002544 0.027134 0.029323 0.045196 0.177379 0.151997 0.085125 0.121174 0.172291 0.187837 
0.001591 0.038109 0.032816 0.056709 0.123335 0.062451 0.102050 0.096987 0.411988 0.073964 
0.003202 0.028197 0.012702 0.039074 0.124414 0.070047 0.029465 0.126090 0.366401 0.200410 
0.002677 0.015086 0.021536 0.044093 0.138065 0.114981 0.062869 0.172600 0.283104 0.144988 
0.002064 0.028685 0.024904 0.023381 0.169005 0.098869 0.036338 0.166608 0.232096 0.218051 
0.007922 0.044407 0.018723 0.076100 0.069016 0.054650 0.248785 0.168016 0.134839 0.177543 
0.007948 0.022967 0.039996 0.094413 0.192997 0.286653 0.170183 0.056146 0.083645 0.045053 
0.005040 0.031944 0.080258 0.253157 0.181765 0.078375 0.066614 0.130171 0.065635 0.107040 
0.005850 0.028163 0.047515 0.097390 0.035739 0.051208 0.077332 0.085655 0.468897 0.102251 
0.006389 0.024534 0.048595 0.041649 0.038675 0.060215 0.058633 0.149675 0.398104 0.173531 
0.006047 0.025963 0.034176 0.039985 0.051960 0.088047 0.056686 0.138199 0.438980 0.119958 
0.005528 0.020190 0.026747 0.044733 0.062874 0.104248 0.051059 0.134595 0.358254 0.191773 
0.007334 0.030433 0.043385 0.038774 0.055907 0.111672 0.098118 0.180007 0.330693 0.103676 
0.003906 0.027480 0.087064 0.148664 0.093417 0.067201 0.153471 0.159046 0.111080 0.148670 
0.003893 0.035297 0.095569 0.106763 0.076482 0.046154 0.243541 0.167135 0.114735 0.110431 
0.005707 0.052485 0.054913 0.088079 0.110633 0.097226 0.082820 0.291309 0.093372 0.123458 
0.002651 0.033920 0.081391 0.089979 0.129928 0.129104 0.063903 0.293483 0.088682 0.086960 
0.004833 0.051548 0.036225 0.103042 0.234579 0.082910 0.079730 0.243891 0.102776 0.060464 
0.015619 0.051424 0.026154 0.137327 0.220598 0.104066 0.207381 0.109850 0.063804 0.063778 
0.004685 0.018698 0.019638 0.065986 0.152978 0.148234 0.103895 0.154181 0.102907 0.228800 
0.000983 0.011633 0.003749 0.047893 0.072216 0.139852 0.149843 0.305092 0.100292 0.168448 
0.001920 0.004828 0.004000 0.037809 0.046722 0.050273 0.163050 0.340174 0.219864 0.131360 
0.002661 0.014907 0.029723 0.024263 0.034528 0.096392 0.111834 0.432547 0.126159 0.126987 
0.004118 0.025393 0.035770 0.043509 0.122229 0.046055 0.156154 0.315799 0.191151 0.059824 
0.002882 0.020446 0.028091 0.028775 0.114766 0.083911 0.249912 0.255607 0.178265 0.037346 
0.000703 0.010824 0.032201 0.023639 0.176826 0.141228 0.213234 0.217559 0.123289 0.060496 
0.003729 0.014941 0.028428 0.025260 0.172572 0.127099 0.177924 0.196612 0.153832 0.099603 
0.003466 0.010015 0.037594 0.024929 0.171720 0.155292 0.198604 0.244991 0.110838 0.042552 
0.004177 0.026229 0.030007 0.032057 0.196024 0.161641 0.172304 0.248118 0.096985 0.032458 
0.005596 0.016544 0.031398 0.024814 0.148647 0.129225 0.302160 0.181405 0.099967 0.060243 
0.007800 0.042865 0.038718 0.071054 0.099630 0.106176 0.320261 0.177455 0.052339 0.083703 
0.013189 0.296887 0.342629 0.060201 0.092511 0.039782 0.051150 0.045493 0.028453 0.029705 
0.010557 0.492257 0.163913 0.076827 0.042383 0.066194 0.034259 0.057928 0.030673 0.025008 
0.001017 0.440004 0.176500 0.097095 0.036740 0.087574 0.038574 0.080429 0.023640 0.018428 
0.033586 0.283079 0.144391 0.110744 0.115182 0.066507 0.024641 0.053633 0.100735 0.067503 
0.029848 0.351921 0.121998 0.089804 0.083187 0.115379 0.028285 0.064086 0.036441 0.079052 
0.061333 0.393813 0.222869 0.097014 0.063907 0.030474 0.033946 0.054322 0.030324 0.011998 
0.009119 0.337342 0.206540 0.093032 0.048427 0.103754 0.091604 0.040518 0.030676 0.038989 
0.027005 0.356825 0.220905 0.062879 0.025914 0.120749 0.057737 0.029567 0.040189 0.058230 
0.010237 0.291480 0.295764 0.054698 0.034330 0.090766 0.072097 0.024601 0.051913 0.074113 
0.026074 0.343423 0.244491 0.073205 0.044288 0.138560 0.048046 0.025959 0.021748 0.034204 
0.014425 0.348699 0.195253 0.066593 0.067346 0.171105 0.044406 0.016765 0.027753 0.047655 
0.009560 0.356561 0.247119 0.043158 0.028493 0.177632 0.040960 0.028844 0.023957 0.043716 
0.029726 0.212870 0.175738 0.120920 0.080877 0.164609 0.078970 0.055955 0.040127 0.040209 
0.034321 0.208065 0.233041 0.120861 0.074468 0.136525 0.069430 0.039097 0.049928 0.034266 
0.012317 0.158523 0.214730 0.111794 0.048313 0.302234 0.044522 0.026228 0.038003 0.043335 
0.006418 0.034717 0.036967 0.029015 0.079591 0.492443 0.199792 0.043569 0.033585 0.043903 
0.014470 0.036242 0.048217 0.069173 0.101654 0.366815 0.198158 0.046319 0.047074 0.071878 
0.004122 0.017830 0.040229 0.057755 0.062309 0.626631 0.042753 0.042551 0.041177 0.064644 
0.011410 0.050169 0.062882 0.061084 0.111505 0.369379 0.217813 0.048723 0.030045 0.036990 
0.004430 0.015294 0.038074 0.028591 0.072383 0.327260 0.308373 0.075793 0.063291 0.066510 
0.009514 0.019008 0.025318 0.081926 0.078606 0.462290 0.077418 0.057357 0.090500 0.098062 
0.000214 0.017968 0.051560 0.030400 0.037262 0.284212 0.140866 0.090763 0.135960 0.210796 
0.022165 0.307928 0.275562 0.131399 0.091763 0.044114 0.060419 0.028822 0.027471 0.010357 
0.033621 0.484954 0.158380 0.077919 0.055883 0.034736 0.049860 0.035608 0.036150 0.032887 
0.017532 0.429993 0.231186 0.082958 0.047993 0.047639 0.017912 0.010647 0.011181 0.102959 
0.004572 0.418312 0.150582 0.037134 0.035144 0.081574 0.019215 0.021272 0.028789 0.203406 
0.059544 0.508689 0.073751 0.023354 0.040315 0.093116 0.054469 0.036864 0.048435 0.061463 
0.039954 0.435591 0.135297 0.062135 0.052787 0.100762 0.059395 0.038542 0.042662 0.032876 
0.035091 0.252664 0.320553 0.144427 0.059634 0.047225 0.052963 0.023403 0.030661 0.033380 
0.020701 0.403665 0.179528 0.115700 0.063262 0.082208 0.048951 0.026836 0.032192 0.026958 
0.002713 0.424250 0.207741 0.045428 0.019852 0.191330 0.065118 0.009977 0.009240 0.024351 
0.008839 0.147006 0.276036 0.216460 0.102408 0.044993 0.088247 0.032571 0.052288 0.031153 
0.029262 0.440788 0.161251 0.081517 0.040730 0.096045 0.055313 0.028681 0.028566 0.037847 
0.014001 0.331990 0.189036 0.082188 0.061839 0.105771 0.052851 0.013889 0.050500 0.097935 
0.007604 0.369291 0.184010 0.061241 0.049581 0.015996 0.040112 0.025171 0.113676 0.133317 
0.004086 0.339597 0.249238 0.039399 0.048969 0.052790 0.049518 0.025622 0.064159 0.126622 
0.022366 0.469541 0.173274 0.084841 0.036125 0.044575 0.053555 0.030213 0.057167 0.028342 
0.008480 0.314198 0.246017 0.126595 0.076084 0.062283 0.053490 0.027214 0.051299 0.034341 
0.004277 0.212209 0.370196 0.137042 0.089819 0.053066 0.034373 0.034427 0.023739 0.040853 
0.027346 0.111507 0.304710 0.079573 0.074680 0.066893 0.053195 0.087976 0.096946 0.097175 
0.002128 0.045632 0.322208 0.228721 0.186144 0.037259 0.046567 0.027749 0.063023 0.040569 
0.023989 0.399162 0.292559 0.098157 0.038224 0.020837 0.070705 0.026849 0.015008 0.014509 
0.018214 0.401770 0.234069 0.046212 0.034462 0.098570 0.046741 0.019721 0.037179 0.063060 
0.027810 0.404268 0.190267 0.085970 0.037431 0.142145 0.048464 0.026576 0.021803 0.015265 
0.077729 0.437524 0.097672 0.034283 0.024434 0.207317 0.060866 0.017302 0.018007 0.024868 
0.019544 0.459733 0.110889 0.057054 0.036196 0.102737 0.144913 0.016453 0.016832 0.035648 
0.091828 0.495680 0.064981 0.018762 0.022102 0.106470 0.111533 0.019998 0.032949 0.035695 
0.074413 0.109981 0.113536 0.079862 0.073261 0.149330 0.169639 0.112001 0.059736 0.058242 
0.015517 0.062508 0.046410 0.046688 0.081042 0.249401 0.218230 0.147646 0.060009 0.072548 
0.014521 0.075734 0.061582 0.033855 0.033176 0.317071 0.176248 0.182048 0.044598 0.061166 
0.006502 0.286191 0.313706 0.068440 0.094645 0.089778 0.046878 0.030821 0.044211 0.018829 
0.005035 0.474725 0.165849 0.075734 0.052406 0.089313 0.038299 0.040811 0.032579 0.025249 
0.001947 0.458349 0.166286 0.080697 0.055271 0.082462 0.038959 0.058569 0.032701 0.024758 
0.009509 0.425210 0.148472 0.105246 0.052584 0.061014 0.043808 0.059722 0.047678 0.046758 
0.022777 0.450180 0.158228 0.082380 0.050548 0.060945 0.032945 0.055265 0.040974 0.045759 
0.013931 0.415313 0.160758 0.108264 0.054678 0.089836 0.035763 0.055070 0.040269 0.026118 
0.011958 0.430014 0.225668 0.111692 0.045101 0.061887 0.028493 0.037098 0.036989 0.011101 
0.024532 0.312036 0.222431 0.097104 0.047259 0.181422 0.052096 0.023467 0.021673 0.017979 
0.036517 0.188105 0.065746 0.048735 0.019291 0.216947 0.058933 0.044521 0.060536 0.260670 
0.018383 0.129233 0.010456 0.019273 0.085361 0.060754 0.023291 0.027939 0.191454 0.433856 
0.003826 0.035845 0.019585 0.025500 0.084304 0.036660 0.070260 0.073392 0.424072 0.226557 
0.005455 0.021026 0.023110 0.049747 0.139979 0.094993 0.031338 0.044609 0.121380 0.468362 
0.012806 0.050366 0.176635 0.107809 0.151716 0.098040 0.095147 0.040563 0.133933 0.132984 
0.004376 0.137003 0.356925 0.106496 0.074296 0.060350 0.081435 0.047371 0.078145 0.053603 
0.021646 0.116548 0.338880 0.097913 0.066928 0.100076 0.059865 0.059613 0.067830 0.070701 
0.001147 0.035296 0.096436 0.097177 0.075009 0.160879 0.071613 0.048952 0.115613 0.297876 
0.012242 0.033723 0.050786 0.040349 0.097348 0.074233 0.088104 0.111733 0.273654 0.217828 
0.001936 0.017809 0.021722 0.021815 0.093366 0.038318 0.044278 0.188839 0.407525 0.164391 
0.004581 0.039034 0.033601 0.027259 0.145228 0.042933 0.069630 0.185184 0.332651 0.119899 
0.001117 0.024781 0.031367 0.039045 0.128507 0.032631 0.064044 0.146381 0.466080 0.066046 
0.007197 0.028181 0.035101 0.055146 0.165806 0.029265 0.033644 0.069292 0.507335 0.069033 
0.000399 0.022109 0.019989 0.035038 0.206253 0.030685 0.018145 0.116210 0.451908 0.099265 
0.023092 0.244288 0.266837 0.151064 0.100793 0.053876 0.065350 0.035227 0.040014 0.019458 
0.050425 0.424629 0.265775 0.066425 0.046266 0.018308 0.042050 0.033101 0.031316 0.021706 
0.002510 0.499621 0.309544 0.076443 0.027325 0.010597 0.014185 0.019214 0.025079 0.015483 
0.054295 0.604847 0.170238 0.049166 0.028005 0.020886 0.019698 0.017115 0.021439 0.014310 
0.005746 0.433034 0.169139 0.065873 0.067888 0.114198 0.029078 0.026843 0.048454 0.039749 
0.084040 0.424952 0.080923 0.031864 0.076364 0.108696 0.018164 0.018225 0.085008 0.071763 
0.030313 0.254069 0.297617 0.163005 0.074501 0.039709 0.050416 0.016517 0.049108 0.024746 
0.001731 0.407135 0.274085 0.088356 0.049096 0.032359 0.063289 0.028246 0.038116 0.017589 
0.009258 0.470344 0.252358 0.048553 0.068190 0.047525 0.026558 0.025398 0.029209 0.022607 
0.006026 0.111570 0.274341 0.247696 0.076437 0.059969 0.088057 0.061806 0.043212 0.030886 
0.034232 0.335273 0.217046 0.118106 0.068422 0.065782 0.066480 0.026549 0.052316 0.015794 
0.018934 0.421798 0.233181 0.056179 0.050390 0.073406 0.054505 0.041683 0.037982 0.011942 
0.014277 0.365762 0.297066 0.049959 0.064730 0.100067 0.045460 0.032512 0.020581 0.009586 
0.023146 0.368603 0.213600 0.084937 0.065387 0.113373 0.025198 0.054372 0.028388 0.022996 
0.044627 0.452467 0.250836 0.055173 0.030239 0.052083 0.036472 0.038457 0.025973 0.013672 
0.020908 0.361611 0.227856 0.090647 0.058013 0.071667 0.058346 0.042595 0.031593 0.036763 
0.015694 0.191677 0.297719 0.096863 0.076976 0.043623 0.131694 0.054640 0.050842 0.040271 
0.014510 0.090684 0.208537 0.070073 0.042335 0.039670 0.373522 0.046527 0.039505 0.074637 
0.003640 0.037144 0.081592 0.034937 0.061266 0.058163 0.591022 0.040400 0.053381 0.038455 
0.004890 0.016009 0.026308 0.021482 0.035135 0.056446 0.710076 0.064247 0.031671 0.033737 
0.007640 0.026359 0.046386 0.025128 0.065478 0.040798 0.584988 0.123554 0.053154 0.026514 
0.004533 0.011381 0.039576 0.040382 0.047738 0.051741 0.191917 0.532535 0.061244 0.018954 
0.012520 0.208644 0.196427 0.072246 0.045428 0.046924 0.102945 0.216248 0.066739 0.031880 
0.025998 0.257518 0.172879 0.056413 0.035700 0.032894 0.111661 0.210726 0.062335 0.033875 
0.006911 0.378315 0.171652 0.071996 0.030825 0.034154 0.043307 0.163478 0.061202 0.038159 
0.005148 0.237200 0.253459 0.116134 0.069351 0.042744 0.130116 0.079346 0.048213 0.018290 
0.014392 0.371392 0.248876 0.080772 0.034866 0.032184 0.138355 0.032528 0.026255 0.020380 
0.008549 0.466456 0.220190 0.077771 0.017324 0.022395 0.088652 0.036655 0.041086 0.020922 
0.029750 0.268713 0.382563 0.074310 0.084088 0.030346 0.031730 0.059213 0.024153 0.015136 
0.062702 0.458233 0.163334 0.054135 0.047725 0.049400 0.035959 0.083123 0.022119 0.023270 
0.030943 0.368793 0.163859 0.077051 0.069084 0.055418 0.076922 0.097170 0.038167 0.022592 
0.028915 0.375053 0.133348 0.108730 0.057931 0.038215 0.065055 0.081846 0.036886 0.074021 
0.017048 0.346483 0.114792 0.075214 0.072311 0.068662 0.059922 0.101968 0.061128 0.082471 
0.065504 0.409884 0.139244 0.040815 0.064257 0.066840 0.080061 0.081993 0.030568 0.020834 
0.041639 0.401465 0.140511 0.070870 0.044428 0.133326 0.097567 0.026735 0.022737 0.020723 
0.029147 0.377273 0.202447 0.055746 0.042537 0.119406 0.057407 0.064892 0.029366 0.021778 
0.005988 0.281739 0.262730 0.048181 0.024280 0.140832 0.064267 0.111160 0.042011 0.018812 
0.012523 0.299614 0.208565 0.050466 0.028207 0.164682 0.090794 0.087960 0.030977 0.026213 
0.054125 0.341376 0.196564 0.055500 0.036703 0.163281 0.076984 0.021198 0.014251 0.040019 
0.045756 0.338516 0.172475 0.068811 0.027636 0.166597 0.086435 0.053256 0.024566 0.015952 
0.018617 0.263184 0.180052 0.042781 0.059971 0.187238 0.117028 0.063050 0.036995 0.031084 
0.002269 0.178346 0.260892 0.107808 0.098018 0.100520 0.101813 0.055354 0.037772 0.057207 
0.014527 0.160518 0.301420 0.070148 0.044356 0.192331 0.068572 0.073295 0.035939 0.038896 
0.008214 0.063611 0.085231 0.057617 0.045863 0.408777 0.146010 0.054492 0.059174 0.071011 
0.019067 0.027474 0.061891 0.027419 0.082859 0.375810 0.177615 0.110840 0.058013 0.059011 
0.005712 0.024443 0.035695 0.052366 0.088617 0.389787 0.120266 0.152747 0.065424 0.064944 
0.004382 0.028011 0.061413 0.054373 0.199857 0.267683 0.182462 0.089588 0.036426 0.075807 
0.000616 0.014551 0.033085 0.031737 0.103588 0.452114 0.238917 0.058391 0.038094 0.028907 
0.002378 0.018705 0.037821 0.033892 0.101916 0.506780 0.114017 0.065566 0.063329 0.055597 
0.005570 0.022938 0.030867 0.044347 0.105818 0.488587 0.082236 0.047397 0.059736 0.112504 
0.034594 0.206620 0.273267 0.143672 0.114673 0.072109 0.076430 0.032310 0.033532 0.012793 
0.066081 0.452135 0.240391 0.083038 0.031608 0.043532 0.037459 0.024887 0.012306 0.008564 
0.008351 0.419777 0.256353 0.067957 0.062348 0.117239 0.029633 0.022083 0.009955 0.006304 
0.056684 0.533972 0.187732 0.060534 0.064275 0.032913 0.019082 0.022633 0.014439 0.007735 
0.040533 0.318824 0.066266 0.027267 0.036410 0.310742 0.137955 0.025630 0.010475 0.025898 
0.026577 0.438178 0.107864 0.052021 0.038603 0.158468 0.090906 0.032133 0.030248 0.025003 
0.005816 0.254648 0.294435 0.127523 0.087497 0.084396 0.069320 0.025123 0.027549 0.023691 
0.001676 0.386817 0.220073 0.127143 0.054417 0.075170 0.074394 0.030687 0.015010 0.014612 
0.006377 0.406580 0.232169 0.044513 0.022514 0.116330 0.075392 0.042453 0.031583 0.022090 
0.003181 0.183097 0.237006 0.233484 0.098287 0.116645 0.042781 0.024340 0.025074 0.036105 
0.002735 0.386558 0.117179 0.119983 0.054643 0.110317 0.082253 0.030833 0.057795 0.037704 
0.019121 0.391810 0.096971 0.058109 0.043564 0.102119 0.053816 0.023417 0.055352 0.155723 
0.016712 0.369233 0.110829 0.040384 0.046444 0.046781 0.055867 0.030365 0.092088 0.191296 
0.015925 0.391538 0.178021 0.026659 0.038714 0.029203 0.057743 0.015512 0.062522 0.184164 
0.025278 0.382942 0.161064 0.087537 0.053936 0.024259 0.057275 0.032337 0.104425 0.070948 
0.044085 0.452140 0.217699 0.065002 0.042051 0.045955 0.031378 0.026683 0.035051 0.039955 
0.004386 0.159314 0.307648 0.161219 0.098815 0.089993 0.054070 0.028174 0.047136 0.049244 
0.017341 0.154808 0.328127 0.117186 0.048958 0.058142 0.063727 0.061007 0.061141 0.089562 
0.001276 0.045395 0.087713 0.101872 0.134705 0.098611 0.060663 0.056357 0.172992 0.240416 
0.006253 0.294560 0.280884 0.165758 0.110291 0.022183 0.061276 0.028380 0.014962 0.015455 
0.043143 0.425496 0.184232 0.062902 0.040363 0.046320 0.030735 0.044745 0.063527 0.058536 
0.020855 0.429743 0.247717 0.052662 0.029236 0.117620 0.050728 0.010714 0.020059 0.020665 
0.051649 0.379729 0.192500 0.038125 0.041387 0.183582 0.042399 0.021554 0.027893 0.021182 
0.036645 0.481899 0.058687 0.044600 0.035899 0.157005 0.135396 0.016464 0.018377 0.015028 
0.063856 0.415165 0.098314 0.051085 0.036332 0.127789 0.112224 0.027660 0.032187 0.035388 
0.052432 0.342063 0.065910 0.047105 0.073066 0.136374 0.117742 0.092932 0.032621 0.039754 
0.004674 0.038347 0.093431 0.062206 0.077010 0.350132 0.168205 0.129133 0.045069 0.031794 
0.014478 0.022770 0.060652 0.044815 0.086638 0.370220 0.182206 0.132241 0.033434 0.052546 
0.030175 0.173612 0.350858 0.067356 0.113430 0.095143 0.087947 0.035596 0.029764 0.016118 
0.062741 0.392256 0.182717 0.103273 0.070900 0.062447 0.022177 0.037878 0.042903 0.022709 
0.022701 0.453393 0.203571 0.078784 0.041008 0.063668 0.037644 0.024070 0.048632 0.026529 
0.037936 0.405761 0.142152 0.075942 0.084596 0.063108 0.040034 0.018697 0.071116 0.060659 
0.010097 0.350946 0.220752 0.104606 0.095144 0.074715 0.042835 0.032540 0.051245 0.017120 
0.006383 0.408681 0.219278 0.086598 0.052976 0.070465 0.066368 0.032805 0.034595 0.021850 
0.051063 0.292146 0.309850 0.097670 0.058546 0.057167 0.041851 0.031226 0.037548 0.022934 
0.035286 0.394985 0.291243 0.089490 0.057407 0.036980 0.037709 0.019109 0.022752 0.015037 
0.023822 0.217733 0.082409 0.061122 0.134084 0.272728 0.045884 0.033395 0.034554 0.094270 
0.025924 0.179573 0.065167 0.024434 0.050907 0.167721 0.052720 0.044220 0.109084 0.280251 
0.010829 0.078715 0.020659 0.017289 0.116337 0.084446 0.033607 0.052552 0.191783 0.393783 
0.007036 0.014892 0.010489 0.035506 0.101722 0.137623 0.047575 0.037699 0.121756 0.485702 
0.000016 0.004046 0.007819 0.008205 0.087404 0.059572 0.041655 0.074402 0.461884 0.254998 
0.007791 0.056421 0.215343 0.100508 0.115776 0.089660 0.059300 0.033235 0.186052 0.135914 
0.004354 0.074850 0.267614 0.084158 0.088076 0.078704 0.075227 0.053825 0.194607 0.078583 
0.002056 0.069156 0.159322 0.178025 0.074470 0.102166 0.099006 0.106787 0.105675 0.103337 
0.012999 0.036428 0.109243 0.065508 0.114299 0.130864 0.064668 0.054613 0.200165 0.211213 
0.002321 0.009530 0.014125 0.023937 0.114097 0.096728 0.047490 0.176344 0.362412 0.153015 
0.000589 0.011061 0.019241 0.010225 0.080382 0.042427 0.062354 0.141586 0.544065 0.088070 
0.002518 0.033156 0.025703 0.040178 0.148323 0.095241 0.071472 0.115578 0.422199 0.045631 
0.004470 0.019919 0.018454 0.044299 0.193973 0.040842 0.078043 0.124553 0.410060 0.065387 
0.004553 0.018600 0.021139 0.024337 0.178552 0.037489 0.058013 0.151328 0.440311 0.065678 
0.004566 0.075941 0.280156 0.177040 0.156342 0.093655 0.055407 0.046162 0.085416 0.025315 
0.003124 0.419963 0.275514 0.097755 0.043597 0.017992 0.064582 0.019035 0.043739 0.014699 
0.007306 0.419713 0.254106 0.107967 0.058716 0.026296 0.034310 0.023545 0.046317 0.021724 
0.002376 0.502659 0.219346 0.055557 0.048662 0.020040 0.020276 0.029050 0.083264 0.018770 
0.048344 0.401492 0.135916 0.047776 0.107061 0.115578 0.044342 0.039930 0.032281 0.027280 
0.042979 0.341273 0.095496 0.018265 0.113500 0.148355 0.047048 0.033058 0.058356 0.101670 
0.059821 0.269852 0.218216 0.120191 0.147698 0.033706 0.034901 0.022577 0.063286 0.029752 
0.056851 0.350297 0.254072 0.103960 0.052582 0.044776 0.068665 0.028005 0.021368 0.019424 
0.025658 0.388632 0.300104 0.086813 0.085806 0.024668 0.018105 0.016770 0.030986 0.022458 
0.037014 0.229936 0.172080 0.200632 0.084495 0.044838 0.090947 0.057750 0.051073 0.031234 
0.031959 0.358780 0.234112 0.156249 0.042941 0.042717 0.047176 0.034565 0.029199 0.022301 
0.039276 0.430172 0.223172 0.047105 0.030797 0.086617 0.038516 0.026223 0.048073 0.030050 
0.035804 0.434712 0.129148 0.074260 0.024096 0.111314 0.044175 0.039933 0.053192 0.053365 
0.018761 0.390755 0.210735 0.093702 0.054846 0.067551 0.037804 0.036179 0.061927 0.027739 
0.071635 0.401313 0.187478 0.105715 0.037132 0.036188 0.041084 0.049785 0.043806 0.025864 
0.033649 0.436322 0.199000 0.082167 0.037952 0.064265 0.039869 0.043463 0.036667 0.026647 
0.015547 0.146879 0.307791 0.094981 0.105329 0.110043 0.088978 0.037896 0.046767 0.045790 
0.036531 0.128128 0.218599 0.070650 0.041253 0.064940 0.256056 0.051905 0.048342 0.083595 
0.005329 0.091176 0.098204 0.080019 0.067070 0.078652 0.380154 0.079483 0.059897 0.060017 
0.005741 0.023420 0.043475 0.043581 0.050610 0.053324 0.597839 0.096647 0.052985 0.032378 
0.001646 0.011092 0.034052 0.029457 0.040410 0.026616 0.652094 0.106304 0.053489 0.044840 
0.004178 0.021306 0.031301 0.020969 0.033703 0.033114 0.474698 0.319818 0.038058 0.022856 
0.009390 0.070509 0.118631 0.095838 0.076891 0.091280 0.134280 0.305333 0.041857 0.055990 
