Radioactive,ImagineDragons
0.000000 0.000000 0.000000 0.000000 0.000000 0.000000 0.000000 0.000000 0.000000 0.000000 
0.000000 0.000000 0.000000 0.000000 0.000000 0.000000 0.000000 0.000000 0.000000 0.000000 
0.000000 0.000000 0.000000 0.000000 0.000000 0.000000 0.000000 0.000000 0.000000 0.000000 
0.000000 0.000000 0.000000 0.000000 0.000000 0.000000 0.000000 0.000000 0.000000 0.000000 
0.000000 0.000000 0.000000 0.000000 0.000000 0.000000 0.000000 0.000000 0.000000 0.000000 
0.000000 0.000000 0.000000 0.000000 0.000000 0.000000 0.000000 0.000000 0.000000 0.000000 
0.000000 0.000000 0.000000 0.000000 0.000000 0.000000 0.000000 0.000000 0.000000 0.000000 
0.075147 0.173738 0.146366 0.181193 0.081661 0.047182 0.048116 0.084415 0.106770 0.055410 
0.008671 0.108513 0.199507 0.178437 0.122088 0.225761 0.063260 0.035011 0.033730 0.025022 
0.009158 0.096484 0.298973 0.271965 0.101071 0.036822 0.055320 0.052395 0.049378 0.028435 
0.010324 0.184118 0.253781 0.181424 0.128103 0.068987 0.074200 0.038260 0.042886 0.017917 
0.013405 0.100263 0.265197 0.138601 0.138903 0.148040 0.080679 0.030733 0.053008 0.031171 
0.009243 0.101345 0.228523 0.144142 0.139996 0.186849 0.090366 0.028502 0.044157 0.026876 
0.008617 0.119723 0.202749 0.125572 0.116182 0.274700 0.071059 0.042532 0.022289 0.016578 
0.010343 0.112070 0.159194 0.104583 0.090601 0.323260 0.062306 0.039701 0.032681 0.065259 
0.004616 0.070919 0.163539 0.152030 0.174658 0.172453 0.090017 0.051499 0.035650 0.084619 
0.003416 0.049622 0.132888 0.141869 0.112748 0.390730 0.052670 0.016810 0.042760 0.056487 
0.004045 0.054385 0.113014 0.102963 0.113845 0.442559 0.048306 0.024286 0.038434 0.058163 
0.002217 0.039512 0.143393 0.131315 0.141308 0.362889 0.054860 0.029013 0.037819 0.057674 
0.011155 0.064828 0.320562 0.166117 0.096517 0.169729 0.055728 0.040366 0.053932 0.021067 
0.004871 0.044857 0.194862 0.212042 0.114479 0.215074 0.124713 0.033991 0.032909 0.022201 
0.012629 0.096241 0.158986 0.217722 0.104564 0.225620 0.096330 0.042974 0.025387 0.019547 
0.011801 0.080969 0.104851 0.188605 0.112930 0.303296 0.101950 0.045463 0.029068 0.021068 
0.001010 0.008973 0.112347 0.198285 0.107917 0.428840 0.078464 0.028406 0.015054 0.020704 
0.002757 0.022195 0.163176 0.253750 0.146335 0.232110 0.081763 0.032253 0.043234 0.022425 
0.004682 0.039076 0.143404 0.185659 0.096857 0.252586 0.159602 0.036126 0.063130 0.018878 
0.007626 0.046360 0.116549 0.188623 0.105254 0.217764 0.175754 0.042674 0.070431 0.028966 
0.002809 0.025738 0.130881 0.213256 0.111279 0.205643 0.157992 0.051998 0.067783 0.032620 
0.003522 0.023972 0.132608 0.222429 0.109390 0.266634 0.165608 0.023965 0.037241 0.014631 
0.003828 0.024660 0.147004 0.229312 0.127946 0.234241 0.112144 0.042430 0.045238 0.033197 
0.000468 0.007731 0.172643 0.220458 0.136216 0.218493 0.112978 0.040580 0.063165 0.027269 
0.000603 0.038784 0.147250 0.244486 0.153505 0.174948 0.106735 0.043193 0.065088 0.025407 
0.004311 0.035242 0.157456 0.251949 0.154507 0.126928 0.151161 0.056845 0.036063 0.025537 
0.002181 0.018866 0.134416 0.231480 0.104145 0.254459 0.136745 0.054167 0.049354 0.014187 
0.005261 0.077076 0.168731 0.191468 0.117479 0.210201 0.124433 0.034519 0.038811 0.032021 
0.001478 0.079612 0.163057 0.147562 0.160008 0.269236 0.084710 0.021059 0.034065 0.039213 
0.010026 0.050907 0.132193 0.164512 0.167276 0.227636 0.104014 0.038976 0.055929 0.048530 
0.014928 0.078035 0.142435 0.146086 0.125213 0.280677 0.098753 0.055084 0.029002 0.029786 
0.007238 0.040383 0.165738 0.133743 0.122095 0.276587 0.120150 0.064266 0.040975 0.028827 
0.000804 0.024856 0.233584 0.218538 0.105798 0.169675 0.094762 0.043145 0.071372 0.037465 
0.001056 0.054655 0.202910 0.217797 0.117313 0.143594 0.083663 0.052812 0.092536 0.033664 
0.007987 0.084188 0.194332 0.203042 0.099929 0.174412 0.075920 0.033528 0.093305 0.033357 
0.014787 0.073439 0.129460 0.112800 0.100539 0.353298 0.076332 0.041279 0.069688 0.028377 
0.011506 0.045883 0.142260 0.095584 0.058538 0.393453 0.106383 0.067776 0.050424 0.028194 
0.004743 0.043036 0.237684 0.143583 0.136360 0.167673 0.062306 0.129096 0.051507 0.024012 
0.003758 0.037779 0.201794 0.121969 0.150289 0.233425 0.045238 0.160760 0.020636 0.024353 
0.003386 0.044762 0.139906 0.119773 0.115001 0.296018 0.076224 0.145956 0.042189 0.016783 
0.002154 0.020628 0.182877 0.136325 0.165640 0.203838 0.090703 0.148408 0.033559 0.015869 
0.014739 0.080157 0.290879 0.130961 0.086611 0.164295 0.064993 0.112655 0.035998 0.018712 
0.017767 0.124599 0.156835 0.235689 0.061288 0.202526 0.049619 0.086472 0.047041 0.018164 
0.000870 0.034811 0.144484 0.256921 0.096392 0.230956 0.074570 0.088712 0.053811 0.018474 
0.006798 0.044725 0.174882 0.229484 0.088494 0.232734 0.044705 0.106175 0.056338 0.015667 
0.001831 0.037422 0.150228 0.287358 0.100318 0.185058 0.082045 0.114297 0.031758 0.009685 
0.004001 0.019636 0.170076 0.272766 0.097998 0.196414 0.067861 0.063692 0.063586 0.043971 
0.000126 0.015500 0.115402 0.265841 0.114929 0.235723 0.069832 0.067866 0.062904 0.051878 
0.000468 0.003696 0.124280 0.258784 0.141876 0.218537 0.046725 0.064879 0.074734 0.066023 
0.001233 0.022461 0.097111 0.253694 0.149656 0.231704 0.066189 0.060594 0.068342 0.049017 
0.002476 0.019842 0.301399 0.213606 0.064775 0.192171 0.065785 0.063750 0.027600 0.048595 
0.006381 0.032523 0.239722 0.297432 0.079885 0.176257 0.045509 0.051085 0.038402 0.032804 
0.002531 0.013467 0.226804 0.273918 0.143316 0.181270 0.054119 0.045012 0.032800 0.026763 
0.012304 0.053069 0.182111 0.222270 0.087866 0.275300 0.060723 0.049077 0.034578 0.022702 
0.007963 0.026280 0.176766 0.272336 0.079436 0.289364 0.055619 0.044291 0.039424 0.008521 
0.013384 0.065514 0.186753 0.288222 0.100040 0.173597 0.061235 0.036689 0.056331 0.018235 
0.009466 0.035790 0.198659 0.262474 0.108685 0.150092 0.053353 0.046503 0.123666 0.011310 
0.006180 0.027421 0.134573 0.231990 0.119966 0.201219 0.060428 0.048695 0.147311 0.022217 
0.006010 0.023677 0.192134 0.191414 0.106377 0.145221 0.064433 0.058901 0.174635 0.037198 
0.007706 0.032791 0.170718 0.222059 0.105479 0.168785 0.036773 0.045083 0.159366 0.051240 
0.003503 0.021641 0.161122 0.211372 0.114568 0.195909 0.053379 0.054881 0.147813 0.035813 
0.010842 0.046942 0.140280 0.215900 0.110900 0.099755 0.103479 0.066331 0.176128 0.029444 
0.002262 0.017540 0.166576 0.222460 0.102369 0.079562 0.139220 0.070074 0.174634 0.025303 
0.012680 0.054994 0.149553 0.190690 0.102886 0.081349 0.175948 0.057265 0.155413 0.019221 
0.005130 0.016678 0.198004 0.191178 0.102884 0.129001 0.123337 0.048666 0.145137 0.039986 
0.000295 0.012049 0.136532 0.303036 0.126836 0.072938 0.143984 0.047504 0.118416 0.038412 
0.005786 0.026759 0.114505 0.254399 0.074828 0.120631 0.158195 0.070160 0.136503 0.038234 
0.006166 0.028396 0.090425 0.287212 0.103757 0.112922 0.102466 0.062266 0.166560 0.039830 
0.005194 0.027234 0.144405 0.279280 0.098844 0.097982 0.080643 0.058045 0.161967 0.046407 
0.015913 0.054468 0.130957 0.242613 0.131527 0.120014 0.067894 0.034874 0.158238 0.043502 
0.009822 0.048405 0.205291 0.288326 0.100671 0.077218 0.021855 0.135847 0.068495 0.044070 
0.001565 0.018937 0.131717 0.270942 0.118953 0.067003 0.105981 0.172618 0.084266 0.028019 
0.001539 0.005539 0.175210 0.263168 0.132217 0.076218 0.077317 0.179350 0.071803 0.017640 
0.001329 0.024658 0.044579 0.219095 0.177600 0.109056 0.150345 0.172330 0.070261 0.030746 
0.002853 0.027922 0.136930 0.134239 0.113479 0.098648 0.130764 0.238464 0.080718 0.035985 
0.004626 0.034581 0.172070 0.145292 0.080880 0.113896 0.146493 0.187530 0.082882 0.031751 
0.003724 0.024204 0.155779 0.098326 0.112356 0.128142 0.158731 0.192609 0.087235 0.038893 
0.004917 0.039912 0.112054 0.121854 0.141690 0.167681 0.123071 0.180354 0.087626 0.020841 
0.001926 0.037501 0.123773 0.117667 0.120969 0.228844 0.071769 0.169755 0.103841 0.023954 
0.000707 0.029162 0.175668 0.187570 0.114436 0.133314 0.047767 0.202123 0.057861 0.051392 
0.004576 0.047303 0.183833 0.221805 0.153192 0.161728 0.039146 0.116386 0.036114 0.035918 
0.005214 0.022748 0.193764 0.238801 0.149384 0.181982 0.057496 0.085896 0.024821 0.039893 
0.010138 0.068942 0.119565 0.208743 0.126875 0.208656 0.059147 0.133441 0.038279 0.026216 
0.000852 0.021614 0.117181 0.221562 0.129700 0.197937 0.057128 0.177841 0.051278 0.024907 
0.005532 0.031034 0.145430 0.227253 0.164867 0.143629 0.073195 0.093443 0.078824 0.036792 
0.000219 0.026114 0.134458 0.223513 0.182945 0.146912 0.070074 0.083355 0.113026 0.019385 
0.002623 0.030777 0.154106 0.199945 0.176306 0.199225 0.068554 0.052363 0.074412 0.041688 
0.006268 0.040781 0.132995 0.180262 0.171212 0.225832 0.064627 0.086294 0.044372 0.047357 
0.011263 0.066446 0.204037 0.139008 0.134490 0.223295 0.043429 0.087443 0.050451 0.040138 
0.010100 0.048617 0.264608 0.235258 0.094877 0.163436 0.065383 0.051840 0.031645 0.034236 
0.000917 0.016971 0.174333 0.227972 0.150224 0.239214 0.057355 0.051854 0.040364 0.040796 
0.008391 0.044740 0.141497 0.238339 0.174495 0.252096 0.036151 0.026564 0.038031 0.039694 
0.003956 0.032691 0.097293 0.253806 0.158430 0.271809 0.046033 0.029319 0.076979 0.029684 
0.004916 0.050808 0.110301 0.254422 0.141304 0.251988 0.059361 0.060451 0.043194 0.023254 
0.006149 0.039544 0.097257 0.204827 0.180939 0.211508 0.126132 0.053371 0.057779 0.022494 
0.000724 0.018656 0.088647 0.221522 0.195348 0.164011 0.150174 0.077652 0.060019 0.023247 
0.000887 0.013897 0.060586 0.241510 0.199872 0.215720 0.135089 0.066691 0.041682 0.024065 
0.005399 0.033751 0.100138 0.250123 0.173859 0.199813 0.101821 0.069871 0.042313 0.022911 
0.005784 0.019303 0.109283 0.299226 0.158307 0.147966 0.118028 0.079340 0.036003 0.026760 
0.000836 0.026453 0.086539 0.291403 0.161811 0.155142 0.159462 0.052286 0.033739 0.032331 
0.003776 0.024243 0.103837 0.287475 0.145340 0.130355 0.174401 0.049529 0.039701 0.041343 
0.009542 0.039893 0.115960 0.268076 0.115052 0.157067 0.146955 0.034928 0.056329 0.056197 
0.008924 0.063569 0.130173 0.242124 0.102951 0.148847 0.148156 0.043474 0.049116 0.062667 
0.000943 0.024262 0.259123 0.196248 0.132880 0.155867 0.078387 0.056791 0.065208 0.030290 
0.002700 0.029278 0.189695 0.169162 0.145593 0.259312 0.049663 0.056864 0.057694 0.040040 
0.000767 0.026172 0.137863 0.201226 0.157517 0.279763 0.039483 0.063889 0.050739 0.042581 
0.006671 0.064114 0.109323 0.232082 0.163478 0.192307 0.052876 0.062461 0.048887 0.067801 
0.002746 0.021742 0.146165 0.212978 0.136154 0.205737 0.091958 0.061270 0.047783 0.073467 
0.012344 0.060310 0.170291 0.131060 0.192058 0.202249 0.096535 0.051850 0.047805 0.035498 
0.008644 0.036278 0.125120 0.122650 0.192541 0.343620 0.052362 0.034870 0.056058 0.027856 
0.001593 0.017374 0.072818 0.138952 0.170453 0.370441 0.091217 0.029386 0.070294 0.037471 
0.007576 0.031602 0.080319 0.157718 0.177589 0.362552 0.068625 0.027377 0.050679 0.035964 
0.009935 0.063789 0.184061 0.124374 0.161367 0.293059 0.054466 0.032666 0.044382 0.031902 
0.004488 0.048978 0.137065 0.170588 0.115507 0.262236 0.046236 0.112501 0.061651 0.040750 
0.012572 0.076711 0.074770 0.150819 0.120896 0.284866 0.054845 0.126965 0.061631 0.035924 
0.007876 0.050750 0.061754 0.172726 0.155961 0.322846 0.022869 0.135460 0.054998 0.014759 
0.006507 0.046593 0.069726 0.184397 0.165313 0.280973 0.023938 0.141664 0.064700 0.016189 
0.010220 0.101895 0.280180 0.200746 0.068584 0.177871 0.028316 0.072628 0.034525 0.025035 
0.024591 0.140183 0.147395 0.231351 0.104775 0.201615 0.034620 0.069502 0.030393 0.015575 
0.010413 0.107805 0.124921 0.250109 0.136779 0.203529 0.024737 0.087277 0.035758 0.018673 
0.007700 0.039514 0.126035 0.269717 0.146122 0.205201 0.022148 0.108970 0.035670 0.038921 
0.001343 0.040168 0.141644 0.274792 0.133554 0.185296 0.065522 0.110185 0.031050 0.016446 
0.010573 0.059661 0.116426 0.291699 0.156011 0.197737 0.048979 0.046111 0.045990 0.026814 
0.005868 0.051562 0.124711 0.247165 0.133789 0.250298 0.022718 0.071506 0.050931 0.041452 
0.011929 0.089318 0.115485 0.230162 0.139279 0.224850 0.050153 0.067181 0.046747 0.024895 
0.004172 0.063122 0.121276 0.266436 0.157186 0.240003 0.034139 0.060814 0.029958 0.022893 
0.004626 0.031011 0.287706 0.234169 0.169506 0.091438 0.032520 0.053773 0.066294 0.028957 
0.012143 0.054479 0.179613 0.236904 0.189874 0.168173 0.038783 0.051169 0.048321 0.020540 
0.005777 0.027559 0.128350 0.278522 0.185780 0.193370 0.053262 0.065384 0.047225 0.014771 
0.003196 0.024306 0.134247 0.316485 0.179358 0.134055 0.026948 0.075565 0.077685 0.028156 
0.002624 0.030884 0.101133 0.375192 0.137384 0.194986 0.015863 0.057758 0.036416 0.047760 
0.000028 0.029121 0.088917 0.328019 0.154205 0.155682 0.085764 0.097678 0.020948 0.039638 
0.007710 0.042219 0.098032 0.292921 0.120845 0.148346 0.136579 0.082097 0.034514 0.036737 
0.007625 0.041786 0.121407 0.288518 0.134393 0.133181 0.153867 0.061747 0.023901 0.033574 
0.000183 0.025377 0.074554 0.308169 0.162274 0.195060 0.163577 0.046773 0.009148 0.014885 
0.005825 0.023272 0.125326 0.309923 0.136710 0.155233 0.171368 0.031854 0.026248 0.014242 
0.003670 0.031437 0.091106 0.299650 0.161909 0.153601 0.149792 0.063041 0.024123 0.021671 
0.003939 0.028966 0.095784 0.275924 0.130779 0.201617 0.167489 0.048329 0.026256 0.020916 
0.000076 0.025378 0.067024 0.281427 0.147614 0.182381 0.191228 0.049842 0.027636 0.027394 
0.002838 0.029523 0.098980 0.281877 0.155269 0.169309 0.148074 0.057607 0.029776 0.026748 
0.000829 0.032794 0.201166 0.292199 0.087772 0.122742 0.116045 0.037018 0.066886 0.042550 
0.013536 0.106366 0.136741 0.270501 0.100921 0.169026 0.069295 0.049935 0.045745 0.037935 
0.017365 0.086528 0.121758 0.248331 0.082925 0.266223 0.086311 0.024521 0.040651 0.025386 
0.004153 0.051815 0.143950 0.243972 0.104786 0.270892 0.078886 0.044814 0.040381 0.016352 
0.006158 0.039270 0.097964 0.303351 0.110958 0.259605 0.061222 0.060187 0.035366 0.025919 
0.018155 0.089530 0.192470 0.217030 0.063141 0.148853 0.115356 0.057728 0.040708 0.057028 
0.013574 0.084828 0.178492 0.243830 0.067402 0.274043 0.065453 0.015456 0.017003 0.039918 
0.003246 0.024164 0.124450 0.215986 0.103843 0.359712 0.080906 0.016702 0.015375 0.055616 
0.003944 0.028165 0.103993 0.224251 0.064206 0.393768 0.087766 0.027102 0.027311 0.039495 
0.009091 0.054572 0.130635 0.183500 0.077626 0.374952 0.077335 0.036811 0.037152 0.018324 
0.003787 0.111343 0.149689 0.167149 0.116756 0.327836 0.027501 0.027915 0.036471 0.031552 
0.006140 0.084397 0.129411 0.122799 0.118384 0.404827 0.057422 0.017431 0.028178 0.031013 
0.000374 0.053500 0.157903 0.118528 0.120581 0.439143 0.052533 0.013595 0.015927 0.027917 
0.005132 0.063300 0.141600 0.144973 0.100481 0.410202 0.050903 0.024100 0.037447 0.021862 
0.004579 0.030026 0.172267 0.181742 0.081590 0.310565 0.067222 0.043649 0.081389 0.026970 
0.008598 0.099325 0.266121 0.127242 0.090238 0.236942 0.041094 0.033659 0.078322 0.018458 
0.011529 0.072410 0.112183 0.184456 0.125301 0.241559 0.065700 0.055361 0.113831 0.017670 
0.002134 0.039215 0.098300 0.167928 0.078974 0.308072 0.060080 0.057172 0.159507 0.028619 
0.000926 0.007123 0.086530 0.213791 0.069484 0.286966 0.089262 0.061776 0.148718 0.035424 
0.000681 0.017523 0.102973 0.254893 0.082694 0.274194 0.085500 0.056681 0.096296 0.028565 
0.003423 0.031859 0.105205 0.308014 0.106619 0.210777 0.100692 0.028172 0.062294 0.042945 
0.002324 0.018692 0.075402 0.289373 0.091755 0.329838 0.068343 0.032315 0.068118 0.023839 
0.001392 0.018343 0.087269 0.269269 0.096334 0.349453 0.069163 0.015404 0.071639 0.021734 
0.001324 0.017084 0.095263 0.255923 0.075375 0.318602 0.114093 0.038275 0.061459 0.022601 
0.001222 0.049339 0.324697 0.200089 0.131707 0.091788 0.070901 0.028535 0.083221 0.018501 
0.007504 0.066248 0.156184 0.186891 0.151156 0.187207 0.076552 0.028493 0.112551 0.027214 
0.004186 0.022995 0.169434 0.214822 0.162963 0.119440 0.099849 0.024333 0.138150 0.043826 
0.000789 0.019837 0.161552 0.185119 0.152148 0.242005 0.095985 0.027395 0.087614 0.027556 
0.006709 0.068977 0.158909 0.222866 0.128218 0.216538 0.118649 0.022889 0.030097 0.026149 
0.014159 0.055929 0.127853 0.156907 0.163937 0.189126 0.152938 0.045692 0.075892 0.017569 
0.004415 0.027869 0.157433 0.164843 0.135998 0.138440 0.197747 0.053931 0.098150 0.021174 
0.003883 0.034050 0.151659 0.187907 0.120511 0.151846 0.163937 0.066594 0.089860 0.029753 
0.002501 0.022881 0.167263 0.197100 0.102701 0.248495 0.166151 0.021930 0.045660 0.025317 
0.011625 0.059897 0.142274 0.188564 0.089145 0.189510 0.142969 0.062757 0.076603 0.036656 
0.000533 0.035384 0.169187 0.187855 0.082578 0.156088 0.176212 0.063590 0.100662 0.027911 
0.007438 0.040796 0.211687 0.225859 0.047581 0.068143 0.176574 0.069664 0.113943 0.038315 
0.006196 0.037809 0.222529 0.202867 0.081225 0.118580 0.194555 0.040888 0.073886 0.021464 
0.012745 0.064600 0.174520 0.220753 0.140767 0.118713 0.162321 0.041365 0.039405 0.024811 
0.008462 0.067717 0.228704 0.177368 0.148662 0.130364 0.113731 0.035617 0.049355 0.040018 
0.012782 0.092620 0.147580 0.149051 0.138471 0.233861 0.086377 0.033786 0.058062 0.047409 
0.000586 0.018009 0.144035 0.210674 0.179545 0.249346 0.072753 0.033986 0.056483 0.034583 
0.000966 0.017892 0.150076 0.199399 0.118393 0.308221 0.078646 0.037707 0.048330 0.040371 
0.006643 0.057898 0.134294 0.183270 0.095000 0.338750 0.073887 0.025658 0.053114 0.031485 
0.006389 0.024277 0.298334 0.209049 0.090485 0.158101 0.068670 0.015564 0.094490 0.034641 
0.009327 0.040803 0.205838 0.201298 0.157265 0.164754 0.064189 0.046854 0.076181 0.033490 
0.015159 0.067120 0.201732 0.243282 0.156888 0.164942 0.031401 0.033681 0.053170 0.032624 
0.008083 0.063981 0.259285 0.189425 0.169512 0.074787 0.049568 0.034601 0.112491 0.038266 
0.004808 0.059059 0.198008 0.107475 0.093612 0.261972 0.122740 0.071857 0.060018 0.020451 
0.003698 0.033638 0.208234 0.154493 0.078223 0.294905 0.058852 0.066652 0.074543 0.026761 
0.002560 0.037213 0.075287 0.214281 0.128147 0.242866 0.045418 0.125353 0.112432 0.016444 
0.004826 0.059383 0.102425 0.158036 0.146864 0.199986 0.054139 0.114379 0.136829 0.023131 
0.004891 0.044168 0.099130 0.194946 0.175913 0.182920 0.063072 0.145891 0.065077 0.023993 
0.009876 0.060000 0.203966 0.229551 0.093418 0.191161 0.072117 0.101634 0.017694 0.020583 
0.003747 0.040617 0.217157 0.223605 0.116239 0.195644 0.079997 0.068047 0.037803 0.017142 
0.003793 0.049471 0.120507 0.320550 0.104068 0.137122 0.096605 0.083157 0.061891 0.022837 
0.007885 0.053679 0.148268 0.336274 0.098956 0.147061 0.065789 0.083161 0.035281 0.023646 
0.007663 0.045242 0.091074 0.295514 0.089218 0.227428 0.101840 0.086590 0.036383 0.019047 
0.000330 0.015763 0.102431 0.331974 0.088213 0.271756 0.043790 0.090441 0.039680 0.015622 
0.007899 0.047807 0.089871 0.314230 0.149741 0.151786 0.112065 0.075309 0.035866 0.015425 
0.000512 0.003453 0.103091 0.315001 0.159129 0.268972 0.047639 0.051285 0.028779 0.022137 
0.009862 0.045077 0.102454 0.266752 0.123374 0.280047 0.040088 0.040968 0.071193 0.020185 
0.017416 0.087419 0.200344 0.189546 0.154865 0.177354 0.049792 0.050849 0.045085 0.027330 
0.011824 0.081850 0.165919 0.322983 0.077888 0.155008 0.053590 0.048095 0.054373 0.028470 
0.002627 0.019619 0.174999 0.323632 0.122523 0.106049 0.090865 0.046058 0.078402 0.035225 
0.001619 0.026629 0.150103 0.364425 0.118794 0.159620 0.065435 0.041075 0.045412 0.026886 
0.003131 0.029698 0.150146 0.338402 0.152313 0.164511 0.063622 0.026971 0.050453 0.020752 
0.006532 0.036624 0.151259 0.326905 0.118567 0.200285 0.068662 0.027453 0.043256 0.020456 
0.002526 0.028220 0.128086 0.290778 0.127983 0.233829 0.064502 0.035071 0.069236 0.019768 
0.003416 0.018398 0.138358 0.269485 0.140893 0.248754 0.060649 0.017054 0.073357 0.029638 
0.000709 0.009840 0.124876 0.331306 0.150462 0.187546 0.078905 0.018839 0.072911 0.024607 
0.008657 0.043145 0.140434 0.296727 0.172844 0.198370 0.052414 0.026835 0.040914 0.019659 
0.002968 0.025942 0.130649 0.301829 0.143277 0.205459 0.047352 0.052652 0.066110 0.023763 
0.001529 0.013149 0.152206 0.361058 0.145000 0.182855 0.079413 0.015613 0.030300 0.018877 
0.001040 0.011605 0.154766 0.347928 0.145740 0.110821 0.159011 0.029610 0.027979 0.011499 
0.000956 0.011919 0.109014 0.320691 0.122034 0.160933 0.194267 0.013153 0.046261 0.020774 
0.002461 0.004139 0.149392 0.268627 0.097118 0.157626 0.185054 0.047214 0.066661 0.021707 
0.000703 0.039504 0.171978 0.276392 0.096490 0.135623 0.158785 0.056162 0.053706 0.010658 
0.003630 0.037384 0.160115 0.298323 0.104423 0.122784 0.175813 0.027255 0.041263 0.029010 
0.000599 0.017497 0.140883 0.320565 0.121330 0.117001 0.141556 0.027122 0.056813 0.056634 
0.001795 0.015063 0.153739 0.257198 0.128211 0.120971 0.197317 0.023926 0.059454 0.042327 
0.004357 0.020873 0.102589 0.305215 0.131324 0.177646 0.143349 0.037354 0.043549 0.033745 
0.008553 0.045781 0.226636 0.242871 0.122854 0.143079 0.096711 0.036466 0.034724 0.042325 
0.004518 0.020903 0.165718 0.247402 0.097290 0.178105 0.098977 0.099727 0.043888 0.043472 
0.003000 0.017719 0.107807 0.172336 0.104813 0.160681 0.244207 0.097562 0.064188 0.027687 
0.004814 0.034803 0.051950 0.143028 0.091485 0.156349 0.324173 0.096870 0.068284 0.028244 
0.006014 0.035940 0.124048 0.092576 0.069927 0.148940 0.317765 0.099058 0.078852 0.026879 
0.004790 0.033835 0.156606 0.140288 0.158760 0.177648 0.128595 0.107939 0.074064 0.017476 
0.002652 0.037356 0.156584 0.199015 0.168683 0.142539 0.133345 0.047578 0.077726 0.034522 
0.003798 0.038256 0.179085 0.201571 0.164003 0.213843 0.073718 0.053560 0.049045 0.023121 
0.006500 0.044300 0.070599 0.157293 0.164814 0.374288 0.050989 0.057022 0.057343 0.016854 
0.014903 0.071878 0.280628 0.096161 0.101556 0.191816 0.071820 0.093338 0.045390 0.032510 
0.017514 0.145269 0.268336 0.124470 0.089032 0.126452 0.050267 0.087022 0.074046 0.017592 
0.019087 0.132169 0.193062 0.135668 0.109783 0.158624 0.086777 0.075556 0.051115 0.038159 
0.011317 0.089958 0.113064 0.150070 0.155676 0.231118 0.075666 0.056267 0.078644 0.038220 
0.001825 0.047146 0.141907 0.159929 0.140186 0.240810 0.060955 0.073043 0.110058 0.024141 
0.006509 0.025868 0.133672 0.174229 0.148846 0.126166 0.086249 0.074990 0.150064 0.073408 
0.004420 0.040031 0.100714 0.134402 0.173876 0.185576 0.081883 0.055248 0.129700 0.094151 
0.003518 0.021316 0.082396 0.112521 0.159883 0.245147 0.131524 0.059748 0.105531 0.078416 
0.000953 0.029131 0.094396 0.160371 0.187567 0.273210 0.096019 0.043977 0.055260 0.059117 
0.005296 0.038278 0.126212 0.117055 0.160686 0.346559 0.065697 0.046201 0.054525 0.039490 
0.008282 0.028109 0.243942 0.262971 0.147331 0.185740 0.034601 0.032399 0.028106 0.028519 
0.004545 0.026117 0.138381 0.250658 0.132426 0.234764 0.063697 0.055565 0.051284 0.042562 
0.012057 0.064517 0.140415 0.257568 0.114054 0.234288 0.043770 0.035678 0.046121 0.051532 
0.011996 0.049249 0.129314 0.269663 0.093221 0.207807 0.039575 0.054137 0.079684 0.065354 
0.001708 0.027294 0.095741 0.300961 0.088508 0.258095 0.052235 0.052922 0.081536 0.041000 
0.003386 0.023128 0.088716 0.303665 0.151393 0.199406 0.033734 0.054835 0.108919 0.032816 
0.000801 0.017120 0.087613 0.268774 0.117517 0.165862 0.142454 0.053349 0.117256 0.029255 
0.005189 0.022500 0.087696 0.276118 0.112622 0.177055 0.117874 0.050922 0.111760 0.038264 
0.003825 0.021978 0.081936 0.270276 0.123512 0.224139 0.146765 0.028644 0.060490 0.038435 
0.008816 0.042344 0.104677 0.256764 0.113041 0.244002 0.137417 0.037047 0.039100 0.016791 
0.000135 0.024199 0.091173 0.239539 0.103747 0.266027 0.154491 0.041416 0.046644 0.032628 
0.002900 0.024896 0.082555 0.206460 0.114069 0.283074 0.133137 0.046229 0.061872 0.044809 
0.003511 0.031502 0.118018 0.276049 0.126392 0.184569 0.138632 0.041377 0.036590 0.043360 
0.005449 0.044087 0.155539 0.255615 0.103313 0.177538 0.114626 0.045521 0.050176 0.048136 
0.000520 0.032459 0.124084 0.293963 0.155683 0.162513 0.091522 0.058637 0.051724 0.028895 
0.004135 0.067074 0.168372 0.167104 0.175827 0.195944 0.111076 0.048816 0.046877 0.014774 
0.005223 0.030927 0.117466 0.184108 0.171940 0.277238 0.122976 0.027132 0.042422 0.020569 
0.000490 0.036865 0.067460 0.188000 0.195752 0.305607 0.103630 0.039276 0.039588 0.023332 
0.009874 0.060332 0.105230 0.177170 0.201675 0.261865 0.088230 0.039248 0.032652 0.023724 
0.013483 0.063565 0.258457 0.107643 0.117810 0.195570 0.073497 0.054577 0.066387 0.049011 
0.009199 0.041755 0.205367 0.131167 0.144658 0.210758 0.070931 0.072518 0.074334 0.039312 
0.001307 0.034572 0.123659 0.123147 0.148299 0.309832 0.093818 0.059191 0.072093 0.034082 
0.003970 0.040846 0.114467 0.124158 0.121550 0.322416 0.076933 0.057119 0.101899 0.036643 
0.003812 0.029409 0.221563 0.177102 0.105368 0.232039 0.046946 0.053513 0.082252 0.047996 
0.010553 0.043322 0.198468 0.142845 0.150289 0.223979 0.042470 0.064840 0.090954 0.032280 
0.005188 0.066591 0.173099 0.094402 0.126519 0.228684 0.043427 0.131799 0.090378 0.039913 
0.001824 0.029345 0.158086 0.110465 0.153128 0.287148 0.030492 0.107501 0.082817 0.039193 
0.007007 0.041184 0.104004 0.128415 0.151622 0.341764 0.046753 0.101471 0.056674 0.021105 
0.008602 0.052898 0.247234 0.163797 0.144796 0.248127 0.024857 0.058529 0.026064 0.025095 
0.003267 0.069817 0.261333 0.184399 0.123534 0.185333 0.032493 0.059962 0.022309 0.057552 
0.004279 0.082666 0.200401 0.186876 0.146066 0.140854 0.043228 0.060365 0.058362 0.076902 
0.010704 0.089614 0.172067 0.228481 0.158581 0.096125 0.015233 0.076197 0.066120 0.086878 
0.001630 0.043504 0.142977 0.243517 0.178867 0.131285 0.032000 0.081009 0.058851 0.086360 
0.010690 0.061913 0.136702 0.260013 0.246249 0.065754 0.019222 0.051310 0.047980 0.100168 
0.004473 0.021159 0.140243 0.169480 0.235354 0.201250 0.048824 0.063541 0.037109 0.078569 
0.006933 0.025274 0.137640 0.189761 0.210966 0.217371 0.055570 0.053973 0.057004 0.045507 
0.006325 0.042855 0.159070 0.221767 0.187805 0.171645 0.039580 0.048000 0.073391 0.049562 
0.013919 0.067686 0.223303 0.193276 0.117017 0.200228 0.039650 0.054728 0.054924 0.035268 
0.002371 0.043601 0.264436 0.251492 0.105424 0.135743 0.024103 0.036529 0.103317 0.032985 
0.003343 0.023403 0.163148 0.256700 0.122796 0.167469 0.032050 0.047164 0.151227 0.032699 
0.010055 0.037925 0.114648 0.250243 0.133610 0.199563 0.053305 0.061532 0.103987 0.035132 
0.002004 0.011528 0.137573 0.229766 0.148876 0.220517 0.065303 0.053971 0.097438 0.033022 
0.011276 0.040784 0.105753 0.229751 0.150677 0.191712 0.046182 0.044970 0.137660 0.041236 
0.002282 0.013136 0.109999 0.177584 0.194576 0.170218 0.116760 0.061805 0.103461 0.050179 
0.007937 0.044453 0.086712 0.177697 0.162079 0.224166 0.114691 0.048553 0.078130 0.055581 
0.001914 0.005264 0.126006 0.201895 0.171511 0.220891 0.111963 0.053480 0.069206 0.037869 
0.014059 0.069521 0.120695 0.196627 0.157708 0.225418 0.103274 0.044954 0.037955 0.029789 
0.008759 0.024844 0.141727 0.242662 0.183256 0.202777 0.088890 0.045107 0.033392 0.028587 
0.012112 0.060101 0.129317 0.236847 0.217994 0.170175 0.081199 0.042046 0.020272 0.029939 
0.006866 0.035573 0.139231 0.206327 0.221304 0.196296 0.097066 0.048200 0.025113 0.024025 
0.004591 0.028757 0.094912 0.215383 0.229168 0.204999 0.118549 0.048605 0.028053 0.026982 
0.003793 0.012956 0.138275 0.234735 0.214131 0.186518 0.128386 0.045884 0.016516 0.018806 
0.007627 0.057747 0.180647 0.188727 0.199975 0.179821 0.101696 0.025651 0.041110 0.016998 
0.004056 0.033208 0.182731 0.236527 0.221194 0.184485 0.050549 0.024274 0.039556 0.023420 
0.000566 0.034461 0.158853 0.228401 0.184256 0.236263 0.054003 0.042007 0.027656 0.033534 
0.004919 0.049493 0.127333 0.258722 0.175629 0.227432 0.073491 0.026991 0.020115 0.035876 
0.018449 0.069012 0.114877 0.309051 0.124680 0.191988 0.049490 0.038313 0.043210 0.040928 
0.020884 0.157543 0.247007 0.191775 0.115771 0.077659 0.062659 0.049716 0.040358 0.036629 
0.013464 0.177952 0.215924 0.217583 0.057331 0.191962 0.044994 0.028197 0.023144 0.029449 
0.000875 0.099740 0.176703 0.308085 0.077085 0.221899 0.032875 0.023707 0.033145 0.025887 
0.006241 0.085835 0.169133 0.306359 0.078705 0.220021 0.046203 0.033255 0.029567 0.024682 
0.015051 0.173147 0.179370 0.150059 0.118697 0.262412 0.043894 0.021806 0.025010 0.010553 
0.019436 0.172265 0.154083 0.167528 0.091336 0.243030 0.072415 0.023185 0.033035 0.023687 
0.000080 0.076173 0.191118 0.156280 0.100693 0.300144 0.098164 0.025262 0.034017 0.018067 
0.010531 0.106002 0.139347 0.187327 0.103010 0.263882 0.073139 0.053161 0.040047 0.023554 
0.016157 0.093158 0.108250 0.213007 0.116403 0.246038 0.092821 0.033358 0.039452 0.041356 
0.018182 0.111325 0.255194 0.149360 0.093497 0.170032 0.058282 0.051794 0.071612 0.020722 
0.013508 0.176825 0.237107 0.050439 0.045834 0.230006 0.077738 0.075569 0.082067 0.010906 
0.002142 0.141478 0.209624 0.097210 0.053041 0.254901 0.081220 0.062091 0.081737 0.016554 
0.016282 0.088423 0.209384 0.147510 0.040275 0.254105 0.103544 0.036733 0.069847 0.033898 
0.019518 0.076396 0.180617 0.157846 0.037006 0.281216 0.091497 0.071132 0.055702 0.029070 
0.002048 0.056039 0.158436 0.194563 0.073363 0.259852 0.068293 0.053190 0.100987 0.033229 
0.025191 0.038072 0.134283 0.192019 0.065441 0.266031 0.075644 0.038797 0.117992 0.046530 
0.042694 0.080556 0.198774 0.193720 0.061022 0.179538 0.052508 0.040999 0.119136 0.031053 
0.006920 0.058372 0.189067 0.196730 0.068976 0.216856 0.101808 0.060722 0.084717 0.015831 
0.027076 0.050190 0.236614 0.191363 0.079492 0.191002 0.111670 0.036241 0.058497 0.017855 
0.001255 0.065598 0.173444 0.145142 0.099819 0.246082 0.110708 0.047819 0.087567 0.022567 
0.016653 0.085064 0.115462 0.136766 0.120699 0.261051 0.056827 0.064490 0.096666 0.046322 
0.005434 0.042745 0.106783 0.134489 0.125273 0.329871 0.100560 0.034755 0.073514 0.046578 
0.003915 0.057402 0.153427 0.186224 0.081001 0.265547 0.099441 0.039073 0.078863 0.035108 
0.005852 0.039811 0.168827 0.225742 0.168419 0.133671 0.120893 0.029894 0.071977 0.034914 
0.003782 0.052756 0.136098 0.184568 0.142273 0.236460 0.086778 0.047510 0.080526 0.029248 
0.007200 0.047886 0.146273 0.199403 0.136281 0.221340 0.071287 0.052393 0.078357 0.039580 
0.003535 0.044984 0.173751 0.253219 0.122644 0.155387 0.068835 0.037036 0.092783 0.047826 
0.004592 0.055111 0.121502 0.254070 0.112882 0.248437 0.062063 0.038569 0.064161 0.038614 
0.000703 0.060682 0.125884 0.210828 0.079702 0.319240 0.083195 0.031478 0.051812 0.036476 
0.008968 0.059816 0.099848 0.186567 0.062708 0.324452 0.148028 0.030402 0.057118 0.022093 
0.004231 0.051862 0.092580 0.162463 0.080819 0.342721 0.143583 0.054137 0.045052 0.022552 
0.007269 0.069679 0.121936 0.166044 0.130117 0.264053 0.143074 0.051060 0.025573 0.021195 
0.010445 0.090063 0.085486 0.170555 0.099974 0.235965 0.175822 0.048199 0.057880 0.025611 
0.010197 0.075594 0.185027 0.207755 0.131434 0.154761 0.096584 0.032869 0.051623 0.054156 
0.001055 0.080558 0.155908 0.190487 0.146901 0.198702 0.092393 0.036657 0.070537 0.026802 
0.004088 0.078079 0.144782 0.205467 0.122984 0.200354 0.076956 0.031698 0.078918 0.056674 
0.002384 0.075088 0.132608 0.188222 0.123428 0.175025 0.093396 0.045839 0.130007 0.034004 
0.003117 0.085578 0.170586 0.229864 0.122911 0.124093 0.119486 0.037733 0.072486 0.034148 
0.000231 0.161981 0.161322 0.148884 0.099899 0.129282 0.097564 0.054269 0.118683 0.027885 
0.014065 0.097477 0.156270 0.135349 0.060035 0.221560 0.078547 0.069950 0.125172 0.041576 
0.009830 0.095118 0.119006 0.138315 0.094767 0.241744 0.127024 0.036095 0.092318 0.045782 
0.021260 0.132415 0.173166 0.182579 0.059250 0.143576 0.073168 0.070997 0.103017 0.040573 
0.008146 0.092262 0.199760 0.166095 0.131677 0.140176 0.100277 0.062648 0.074330 0.024628 
0.004986 0.061255 0.133254 0.206207 0.122663 0.199759 0.091184 0.099329 0.059936 0.021428 
0.007956 0.078573 0.102286 0.139742 0.136863 0.250002 0.103050 0.083765 0.077229 0.020533 
0.005424 0.066584 0.179179 0.136958 0.131742 0.222591 0.052242 0.088307 0.077217 0.039755 
0.012120 0.065179 0.223829 0.186965 0.106300 0.179904 0.081764 0.065457 0.053934 0.024548 
0.014721 0.100895 0.143526 0.305454 0.086416 0.164696 0.057247 0.037351 0.061029 0.028665 
0.008020 0.050562 0.140673 0.403740 0.104078 0.173291 0.040612 0.037834 0.032997 0.008194 
0.001848 0.032686 0.147331 0.314876 0.129904 0.197977 0.074162 0.049690 0.039577 0.011949 
0.006273 0.038297 0.160272 0.373803 0.077468 0.172680 0.059923 0.049846 0.042974 0.018464 
0.002024 0.035752 0.147851 0.397672 0.118006 0.119216 0.105096 0.036827 0.029049 0.008507 
0.005242 0.039585 0.167011 0.281302 0.120394 0.162022 0.111799 0.052598 0.038180 0.021868 
0.010451 0.048412 0.134812 0.304976 0.132223 0.151457 0.105496 0.065467 0.035238 0.011468 
0.009446 0.075825 0.166662 0.293593 0.133895 0.141706 0.093827 0.030639 0.038093 0.016313 
0.003866 0.071179 0.124896 0.317674 0.116005 0.146183 0.112913 0.044606 0.033359 0.029319 
0.005019 0.060865 0.235047 0.275973 0.099060 0.111467 0.109095 0.036908 0.045163 0.021405 
0.005488 0.054717 0.165878 0.263886 0.133123 0.182883 0.083255 0.041683 0.051330 0.017758 
0.008503 0.055815 0.188381 0.276022 0.116268 0.199939 0.065985 0.030312 0.040674 0.018101 
0.000586 0.039386 0.126575 0.341208 0.137251 0.198020 0.076258 0.023926 0.028132 0.028658 
0.005864 0.033533 0.129120 0.386916 0.111933 0.118169 0.099278 0.021476 0.047751 0.045961 
0.006879 0.024980 0.114130 0.271867 0.117886 0.119449 0.211530 0.051976 0.054524 0.026781 
0.000785 0.019666 0.089193 0.227585 0.111774 0.161651 0.230981 0.077441 0.063838 0.017085 
0.011262 0.061823 0.079007 0.226093 0.103264 0.154567 0.217475 0.080266 0.053406 0.012838 
0.002811 0.056942 0.132288 0.197214 0.098776 0.175136 0.171913 0.066568 0.078669 0.019681 
0.011471 0.095248 0.086380 0.215052 0.098322 0.120835 0.208947 0.055917 0.089706 0.018121 
0.014637 0.093095 0.122603 0.229579 0.101912 0.088311 0.190757 0.045748 0.083705 0.029654 
0.009702 0.076464 0.098851 0.261800 0.136497 0.070650 0.189412 0.066675 0.070545 0.019404 
0.001720 0.055037 0.133705 0.258193 0.140719 0.035542 0.274861 0.058737 0.035362 0.006123 
0.003159 0.044226 0.120595 0.194820 0.138711 0.066180 0.246048 0.107299 0.053577 0.025386 
0.000562 0.034684 0.214576 0.230316 0.083198 0.045803 0.263073 0.054508 0.043198 0.030080 
0.005800 0.046784 0.149601 0.216030 0.092665 0.139615 0.220952 0.060802 0.038086 0.029666 
0.001200 0.045154 0.141680 0.229193 0.094762 0.112005 0.245224 0.052255 0.059385 0.019142 
0.007082 0.039448 0.165815 0.242310 0.089924 0.077567 0.171531 0.119606 0.057752 0.028965 
0.002467 0.026115 0.133605 0.217489 0.142585 0.099225 0.177291 0.083333 0.074194 0.043697 
0.003000 0.097402 0.192983 0.169831 0.112475 0.078714 0.107541 0.137577 0.062492 0.037985 
0.006644 0.104409 0.155190 0.175058 0.117120 0.113801 0.150680 0.127413 0.034018 0.015668 
0.009464 0.053264 0.136430 0.170702 0.145962 0.055930 0.220977 0.084983 0.094324 0.027964 
0.006019 0.080772 0.125235 0.122973 0.143614 0.082766 0.176563 0.141996 0.090602 0.029461 
0.004141 0.085225 0.060198 0.187111 0.119432 0.064345 0.247927 0.133438 0.057809 0.040376 
0.006701 0.073922 0.238782 0.181200 0.094698 0.054420 0.167009 0.087808 0.053904 0.041558 
0.004382 0.079447 0.133229 0.114274 0.145370 0.048279 0.259983 0.114359 0.058963 0.041714 
0.009344 0.070455 0.165493 0.204441 0.162209 0.102250 0.165138 0.048681 0.048679 0.023312 
0.001836 0.036727 0.140941 0.267787 0.152229 0.169066 0.117695 0.065493 0.028179 0.020047 
0.006437 0.052316 0.074276 0.229168 0.183712 0.169841 0.136475 0.098334 0.025897 0.023544 
0.006488 0.079415 0.329986 0.123447 0.079855 0.143969 0.095725 0.041324 0.077133 0.022658 
0.009808 0.142394 0.296359 0.111039 0.067866 0.091309 0.111188 0.083376 0.066021 0.020638 
0.011423 0.126714 0.224733 0.152767 0.095497 0.125395 0.084373 0.091566 0.062289 0.025243 
0.007985 0.077678 0.187355 0.158917 0.080719 0.187483 0.067325 0.065361 0.126273 0.040904 
0.009088 0.077882 0.178750 0.157482 0.099658 0.164962 0.082955 0.065639 0.117743 0.045842 
0.000598 0.029125 0.138594 0.201033 0.122195 0.181905 0.142219 0.063921 0.061491 0.058918 
0.001963 0.024005 0.138620 0.177499 0.130387 0.244937 0.115947 0.055425 0.056702 0.054514 
0.005346 0.038009 0.112887 0.169686 0.117016 0.231674 0.139481 0.059629 0.067429 0.058843 
0.001298 0.039944 0.142740 0.173457 0.140175 0.223668 0.072090 0.048942 0.106050 0.051636 
0.003566 0.040119 0.311229 0.171285 0.094218 0.210713 0.030007 0.042744 0.059377 0.036742 
0.000967 0.032897 0.155153 0.210250 0.124456 0.243943 0.039433 0.041373 0.104197 0.047331 
0.004201 0.033506 0.103811 0.222735 0.137993 0.272457 0.039666 0.041498 0.099151 0.044982 
0.000844 0.033927 0.103813 0.224421 0.121748 0.299319 0.082540 0.064992 0.046007 0.022388 
0.009206 0.069249 0.113191 0.246285 0.158763 0.212153 0.076486 0.034790 0.057586 0.022291 
0.013486 0.049398 0.153732 0.268673 0.153329 0.153732 0.067094 0.045180 0.070438 0.024937 
0.006404 0.030274 0.112577 0.226870 0.152639 0.202609 0.122810 0.051679 0.075936 0.018203 
0.001178 0.014164 0.138041 0.243559 0.147692 0.219886 0.130217 0.028467 0.059572 0.017225 
0.001412 0.021042 0.109443 0.285295 0.142914 0.210372 0.121002 0.044041 0.042039 0.022442 
0.002816 0.018349 0.115479 0.293607 0.168800 0.135537 0.134978 0.039699 0.051976 0.038758 
0.002255 0.039237 0.105858 0.243729 0.154833 0.177109 0.158614 0.047958 0.040776 0.029631 
0.004948 0.023493 0.109157 0.242274 0.160037 0.127330 0.229030 0.032790 0.045111 0.025830 
0.002925 0.013987 0.120604 0.232239 0.153669 0.070582 0.281684 0.047513 0.044654 0.032141 
0.007022 0.028388 0.159204 0.196496 0.119741 0.119581 0.216919 0.082157 0.048739 0.021753 
0.004018 0.048036 0.207455 0.270763 0.096899 0.109200 0.136832 0.042902 0.046465 0.037432 
0.003379 0.042244 0.193894 0.272876 0.126602 0.168015 0.066089 0.032125 0.044473 0.050303 
0.007452 0.045696 0.126700 0.230421 0.172183 0.250409 0.056706 0.031935 0.029832 0.048666 
0.003866 0.022673 0.163985 0.227343 0.155588 0.213072 0.093328 0.043449 0.044031 0.032664 
0.001641 0.028846 0.115998 0.259598 0.140984 0.226644 0.077423 0.056436 0.037025 0.055404 
0.001665 0.054412 0.342097 0.167686 0.095791 0.119629 0.068955 0.035519 0.076842 0.037404 
0.003753 0.070712 0.300313 0.182954 0.123114 0.113414 0.069647 0.034028 0.069062 0.033002 
0.001445 0.058346 0.220833 0.156944 0.144444 0.173863 0.089139 0.060852 0.057178 0.036956 
0.005433 0.044525 0.119823 0.127841 0.131790 0.283152 0.103881 0.092018 0.061768 0.029768 
0.006478 0.046912 0.124784 0.173412 0.149663 0.274548 0.074535 0.052112 0.063952 0.033605 
0.006273 0.061404 0.143600 0.220114 0.156332 0.221741 0.051009 0.050198 0.054205 0.035124 
0.002592 0.024951 0.130219 0.256703 0.162855 0.190978 0.056615 0.086193 0.060279 0.028617 
0.006040 0.035177 0.122850 0.193359 0.179847 0.173650 0.078424 0.105890 0.078878 0.025885 
0.002945 0.028288 0.155635 0.208222 0.160738 0.153811 0.064062 0.127923 0.065033 0.033344 
0.005455 0.045593 0.206518 0.212328 0.109585 0.144696 0.054443 0.122014 0.074391 0.024977 
0.008870 0.132670 0.166836 0.239944 0.049828 0.166931 0.064401 0.079394 0.054226 0.036899 
0.009852 0.074613 0.173665 0.232543 0.086444 0.166464 0.056118 0.093686 0.051138 0.055478 
0.011166 0.088223 0.178507 0.255102 0.055164 0.166100 0.071056 0.078219 0.038713 0.057749 
0.014336 0.087965 0.135583 0.236455 0.085151 0.184715 0.062951 0.084510 0.042299 0.066036 
0.007394 0.053184 0.137589 0.227983 0.114374 0.157317 0.039192 0.099267 0.066508 0.097192 
0.010589 0.050127 0.178413 0.241116 0.104007 0.110317 0.060219 0.057765 0.086003 0.101444 
0.008407 0.040292 0.189089 0.266653 0.146740 0.119448 0.063179 0.044091 0.042144 0.079958 
0.008461 0.043034 0.148295 0.278217 0.151408 0.127023 0.037695 0.070672 0.059773 0.075422 
0.001369 0.027052 0.199591 0.275306 0.152045 0.140370 0.038413 0.058819 0.054509 0.052527 
0.005959 0.025826 0.337639 0.215614 0.086373 0.099146 0.029703 0.070509 0.084886 0.044346 
0.002212 0.012146 0.322125 0.237790 0.124022 0.060648 0.039869 0.071732 0.087826 0.041630 
0.010110 0.043791 0.259782 0.185873 0.132637 0.104690 0.026364 0.094699 0.109973 0.032083 
