Right-now-na,ABBA
0.000000 0.000000 0.000000 0.000000 0.000000 0.000000 0.000000 0.000000 0.000000 0.000000 
0.196738 0.469602 0.130262 0.086386 0.029407 0.019980 0.025631 0.018167 0.012335 0.011492 
0.595851 0.142899 0.051609 0.037115 0.021434 0.029055 0.035138 0.015373 0.040728 0.030798 
0.646923 0.116213 0.023367 0.016821 0.032716 0.028163 0.036755 0.025303 0.036520 0.037218 
0.548173 0.069785 0.017283 0.016105 0.031512 0.022234 0.047662 0.046692 0.121495 0.079060 
0.025362 0.063555 0.109074 0.199736 0.153018 0.103488 0.098634 0.083853 0.099481 0.063799 
0.006257 0.158243 0.200749 0.155128 0.102442 0.153153 0.062757 0.073833 0.056553 0.030884 
0.004243 0.222959 0.150811 0.152812 0.129712 0.082454 0.033550 0.093714 0.101716 0.028029 
0.006597 0.196520 0.177528 0.153648 0.200049 0.061301 0.041154 0.076512 0.063351 0.023340 
0.002234 0.208764 0.169237 0.133004 0.191801 0.060224 0.080224 0.073875 0.040325 0.040313 
0.005921 0.197311 0.180994 0.211843 0.111613 0.049423 0.078611 0.052734 0.040406 0.071143 
0.009004 0.203627 0.135828 0.248084 0.169707 0.045950 0.058954 0.027417 0.070005 0.031424 
0.013322 0.197943 0.134979 0.149191 0.207016 0.070164 0.099432 0.040513 0.062742 0.024698 
0.004694 0.169249 0.163724 0.182053 0.160104 0.044977 0.084494 0.096576 0.052203 0.041925 
0.017233 0.173264 0.114155 0.194436 0.189269 0.048034 0.065270 0.091662 0.066926 0.039750 
0.018403 0.151039 0.169484 0.168710 0.160294 0.064572 0.060750 0.089170 0.078635 0.038944 
0.003240 0.168742 0.163261 0.174313 0.140316 0.106127 0.034620 0.104261 0.060564 0.044555 
0.009848 0.188243 0.160236 0.167854 0.126293 0.097055 0.072744 0.074271 0.075963 0.027493 
0.012953 0.154550 0.182667 0.187321 0.105066 0.078553 0.070878 0.090325 0.066826 0.050861 
0.008796 0.100689 0.157706 0.136981 0.108515 0.108398 0.066256 0.093263 0.131956 0.087440 
0.007333 0.106131 0.172855 0.162690 0.098120 0.070560 0.115512 0.138907 0.084278 0.043614 
0.008474 0.164102 0.215073 0.149732 0.148361 0.045010 0.034651 0.103083 0.065999 0.065515 
0.004403 0.181115 0.208200 0.101036 0.150657 0.056357 0.092867 0.078648 0.058381 0.068336 
0.014024 0.198054 0.153053 0.168906 0.107717 0.056954 0.088882 0.092259 0.063484 0.056667 
0.010073 0.157877 0.212144 0.204377 0.058539 0.072450 0.073574 0.121956 0.045576 0.043432 
0.005146 0.181661 0.115736 0.228519 0.170352 0.075096 0.065875 0.047338 0.041015 0.069262 
0.005624 0.094490 0.208357 0.175404 0.187818 0.085830 0.061664 0.078083 0.072648 0.030081 
0.001774 0.158137 0.164029 0.188147 0.157840 0.038112 0.075126 0.125010 0.058611 0.033214 
0.007211 0.117449 0.140692 0.203664 0.103442 0.096989 0.072146 0.060854 0.141228 0.056325 
0.006641 0.132912 0.210510 0.131073 0.126951 0.063691 0.138004 0.055865 0.083293 0.051060 
0.004650 0.139094 0.166622 0.112294 0.092033 0.106042 0.135598 0.123324 0.058383 0.061961 
0.002173 0.067266 0.302314 0.143964 0.105319 0.050821 0.093906 0.099861 0.067912 0.066465 
0.000807 0.118406 0.145849 0.135203 0.158737 0.072180 0.087700 0.132788 0.065804 0.082525 
0.008972 0.135567 0.157774 0.223858 0.059428 0.078852 0.127518 0.111107 0.055236 0.041689 
0.011803 0.144412 0.216530 0.184851 0.144401 0.066497 0.081961 0.054886 0.054822 0.039837 
0.012645 0.163707 0.183642 0.180430 0.140513 0.079791 0.066645 0.070079 0.061569 0.040979 
0.003197 0.156367 0.124457 0.210836 0.200567 0.062106 0.079063 0.055250 0.070618 0.037539 
0.012235 0.108558 0.200302 0.230401 0.169009 0.079251 0.065071 0.038577 0.060151 0.036446 
0.005986 0.043532 0.214771 0.207801 0.165920 0.105175 0.057602 0.032064 0.121922 0.045228 
0.012372 0.096164 0.162294 0.210673 0.188863 0.083305 0.065314 0.048451 0.078574 0.053991 
0.001432 0.035426 0.174535 0.240975 0.223744 0.062495 0.052620 0.038734 0.095447 0.074592 
0.008844 0.041112 0.169773 0.279203 0.206588 0.057325 0.049201 0.019417 0.105391 0.063144 
0.012271 0.093577 0.122169 0.254336 0.178602 0.088840 0.051895 0.039003 0.109494 0.049811 
0.001260 0.053427 0.167560 0.273901 0.128618 0.104193 0.062373 0.026478 0.105416 0.076774 
0.005843 0.042230 0.220749 0.258954 0.162439 0.092682 0.029265 0.024972 0.077009 0.085857 
0.011354 0.071424 0.149510 0.213315 0.222383 0.153337 0.034595 0.047047 0.056835 0.040199 
0.002435 0.033515 0.137253 0.189200 0.287704 0.201582 0.035822 0.048123 0.031951 0.032414 
0.010106 0.072304 0.123905 0.124016 0.301526 0.202523 0.051507 0.052162 0.041504 0.020447 
0.002256 0.042842 0.136566 0.103472 0.283599 0.205393 0.033160 0.049778 0.092114 0.050822 
0.005818 0.038727 0.125588 0.109146 0.261784 0.204747 0.043137 0.047313 0.103288 0.060452 
0.005497 0.035950 0.122526 0.157902 0.203436 0.204336 0.041305 0.068809 0.123243 0.036996 
0.008927 0.062099 0.139647 0.188686 0.175573 0.126532 0.062170 0.076827 0.105326 0.054213 
0.003960 0.042850 0.167408 0.285014 0.103055 0.047516 0.075930 0.105408 0.093584 0.075275 
0.002417 0.032940 0.169503 0.298067 0.108154 0.061621 0.064745 0.121690 0.100484 0.040378 
0.011251 0.081509 0.125510 0.282722 0.111856 0.105490 0.046981 0.118325 0.094964 0.021393 
0.005102 0.047955 0.122575 0.241220 0.155358 0.148383 0.037785 0.089009 0.136948 0.015664 
0.005698 0.047879 0.128975 0.178632 0.191061 0.154676 0.027113 0.075904 0.144713 0.045349 
0.000735 0.056837 0.171696 0.144455 0.218935 0.156848 0.039611 0.052051 0.116674 0.042158 
0.010989 0.084554 0.218905 0.130555 0.197859 0.149032 0.040037 0.077360 0.049492 0.041217 
0.006182 0.043084 0.234099 0.109372 0.145795 0.173914 0.061012 0.079086 0.083138 0.064319 
0.007941 0.049455 0.141772 0.157458 0.117874 0.170978 0.052983 0.073107 0.176551 0.051880 
0.006959 0.037147 0.131495 0.186845 0.108171 0.138465 0.060760 0.087575 0.211064 0.031520 
0.000271 0.021585 0.139303 0.194026 0.082007 0.100003 0.048270 0.165094 0.182195 0.067246 
0.001300 0.026912 0.124889 0.226836 0.082175 0.091102 0.046986 0.141169 0.158332 0.100299 
0.003068 0.035398 0.123385 0.222932 0.126828 0.086655 0.042071 0.065186 0.163627 0.130849 
0.009544 0.065289 0.124947 0.159252 0.161250 0.091323 0.034202 0.067642 0.202004 0.084546 
0.012462 0.080733 0.145864 0.189108 0.173968 0.088637 0.039960 0.057748 0.186408 0.025112 
0.006352 0.059855 0.157865 0.243665 0.161413 0.115191 0.052045 0.041124 0.109243 0.053246 
0.008140 0.054471 0.147263 0.204253 0.131111 0.142087 0.053798 0.070642 0.097036 0.091199 
0.000514 0.020479 0.203586 0.191068 0.152180 0.155188 0.042192 0.052729 0.092805 0.089260 
0.006727 0.040008 0.194348 0.176598 0.186760 0.118184 0.027734 0.066111 0.113366 0.070164 
0.002991 0.039096 0.138052 0.208647 0.225060 0.086363 0.039934 0.057189 0.157793 0.044875 
0.006026 0.043788 0.098125 0.223364 0.207966 0.090608 0.043283 0.065151 0.128135 0.093555 
0.002777 0.019289 0.094792 0.248887 0.200926 0.092539 0.035099 0.086699 0.090532 0.128460 
0.009417 0.054020 0.141885 0.203632 0.150699 0.088761 0.073915 0.054164 0.128933 0.094575 
0.004407 0.016466 0.244304 0.191589 0.197165 0.074431 0.030570 0.099530 0.105959 0.035579 
0.006748 0.052114 0.193383 0.205753 0.282161 0.063620 0.053737 0.054920 0.059256 0.028309 
0.011346 0.068972 0.134792 0.250870 0.276575 0.072906 0.018126 0.021395 0.088260 0.056757 
0.003883 0.032502 0.140042 0.302966 0.246505 0.098986 0.026307 0.033041 0.070841 0.044927 
0.006519 0.048294 0.135684 0.276802 0.227281 0.111135 0.059333 0.034476 0.069601 0.030876 
0.004293 0.028738 0.206107 0.242325 0.190760 0.112377 0.050193 0.059309 0.076304 0.029595 
0.007812 0.031602 0.205936 0.247772 0.177134 0.137934 0.054731 0.036483 0.069283 0.031313 
0.001466 0.033640 0.128917 0.291607 0.211023 0.127691 0.061037 0.036865 0.061778 0.045974 
0.003225 0.042169 0.119727 0.316186 0.212940 0.114741 0.044514 0.039362 0.065384 0.041750 
0.003102 0.054834 0.166711 0.326561 0.207551 0.103169 0.029317 0.032999 0.060824 0.014931 
0.016662 0.092875 0.193639 0.281164 0.192117 0.092087 0.026025 0.046086 0.052082 0.007263 
0.002438 0.034970 0.291615 0.248279 0.145064 0.123436 0.033209 0.039330 0.060126 0.021534 
0.011278 0.062188 0.292754 0.243007 0.133378 0.124620 0.027766 0.045165 0.041628 0.018215 
0.015589 0.099512 0.170014 0.315600 0.168029 0.103433 0.020228 0.051261 0.037397 0.018938 
0.005737 0.055770 0.154875 0.323797 0.240431 0.098665 0.019131 0.050503 0.039987 0.011103 
0.009089 0.057223 0.120573 0.271132 0.322028 0.104404 0.022499 0.028157 0.037390 0.027506 
0.001978 0.029003 0.144643 0.257559 0.306362 0.098542 0.052792 0.028194 0.037788 0.043138 
0.000241 0.007734 0.161219 0.268632 0.258656 0.136459 0.050178 0.043331 0.040121 0.033429 
0.003868 0.039314 0.124138 0.337300 0.198954 0.148751 0.042035 0.037043 0.051687 0.016911 
0.005288 0.045268 0.157131 0.335388 0.171305 0.094074 0.044336 0.058300 0.063088 0.025822 
0.006140 0.057409 0.203865 0.311964 0.141293 0.110789 0.043056 0.054434 0.046392 0.024659 
0.007162 0.075760 0.284293 0.315702 0.095786 0.095995 0.022517 0.036143 0.051906 0.014736 
0.018049 0.135316 0.292032 0.274646 0.048347 0.083998 0.037792 0.048079 0.046486 0.015255 
0.004605 0.074566 0.374888 0.219990 0.089365 0.076944 0.040095 0.052702 0.053885 0.012961 
0.010666 0.086129 0.284633 0.211033 0.146314 0.065391 0.020803 0.091649 0.066150 0.017231 
0.015247 0.090263 0.235063 0.226040 0.153383 0.088411 0.014632 0.071339 0.091950 0.013672 
0.010055 0.076426 0.170064 0.282157 0.200113 0.077207 0.035939 0.066138 0.053567 0.028334 
0.006633 0.055970 0.182579 0.325390 0.221122 0.040405 0.045943 0.024023 0.061943 0.035992 
0.003114 0.030951 0.225310 0.313690 0.195719 0.057984 0.026415 0.017461 0.081318 0.048039 
0.002766 0.046834 0.221354 0.309721 0.138444 0.088340 0.031329 0.030833 0.072174 0.058205 
0.011514 0.088491 0.225319 0.259149 0.104605 0.102883 0.021918 0.053529 0.113007 0.019585 
0.006504 0.083786 0.272327 0.171398 0.083453 0.115455 0.021876 0.037696 0.148578 0.058928 
0.007061 0.081721 0.287175 0.187034 0.105339 0.089047 0.018287 0.029136 0.141377 0.053823 
0.018463 0.108892 0.229675 0.215826 0.093704 0.095088 0.024711 0.022148 0.115577 0.075915 
0.005677 0.066898 0.313460 0.231155 0.107945 0.072933 0.013011 0.036395 0.077520 0.075007 
0.002683 0.060912 0.311710 0.180229 0.067955 0.081127 0.027357 0.052877 0.123443 0.091707 
0.018823 0.121930 0.225216 0.120718 0.084667 0.110527 0.025731 0.073006 0.140769 0.078614 
0.014019 0.167240 0.229417 0.119304 0.096096 0.066957 0.088700 0.064663 0.079805 0.073799 
0.012637 0.217665 0.160057 0.124230 0.086043 0.091820 0.074930 0.135483 0.072572 0.024563 
0.008286 0.190238 0.205781 0.110293 0.076000 0.093179 0.059343 0.106392 0.107485 0.043003 
0.008396 0.196840 0.110454 0.130218 0.073912 0.107368 0.070273 0.125382 0.116694 0.060464 
0.014225 0.214007 0.150077 0.109366 0.065006 0.062711 0.061057 0.092874 0.136207 0.094468 
0.001808 0.193394 0.141823 0.157607 0.087107 0.048870 0.068307 0.094851 0.125559 0.080675 
0.023240 0.262163 0.123156 0.166933 0.101234 0.084208 0.044462 0.065286 0.084982 0.044336 
0.017227 0.232342 0.145437 0.148344 0.089745 0.093494 0.068389 0.086095 0.071102 0.047826 
0.015880 0.225703 0.158198 0.110032 0.071175 0.095199 0.056362 0.120139 0.080570 0.066743 
0.022308 0.276408 0.117710 0.114439 0.077613 0.072000 0.052441 0.108579 0.097538 0.060965 
0.000148 0.242224 0.190257 0.123206 0.092354 0.062467 0.082492 0.073699 0.096027 0.037125 
0.025372 0.318065 0.124935 0.118583 0.075066 0.078379 0.055129 0.092297 0.072592 0.039583 
0.013586 0.266716 0.155745 0.130832 0.166749 0.051122 0.020456 0.097458 0.065675 0.031662 
0.017662 0.256187 0.137018 0.105899 0.154937 0.102606 0.037047 0.067497 0.068183 0.052964 
0.019063 0.239604 0.100556 0.125379 0.163537 0.126543 0.039307 0.081663 0.056023 0.048325 
0.003733 0.201824 0.150748 0.105858 0.154486 0.118242 0.041132 0.100627 0.054732 0.068617 
0.022580 0.271000 0.123642 0.093962 0.132537 0.101036 0.038518 0.085480 0.064631 0.066615 
0.001702 0.235383 0.204029 0.116672 0.135125 0.068173 0.051698 0.070446 0.072947 0.043827 
0.020550 0.260594 0.136455 0.128132 0.105442 0.053213 0.053788 0.101557 0.077269 0.063000 
0.017998 0.250631 0.162000 0.138449 0.079330 0.048219 0.070010 0.129218 0.049620 0.054525 
0.001852 0.226410 0.182407 0.162521 0.115885 0.041292 0.072227 0.113094 0.053795 0.030517 
0.021771 0.270901 0.118436 0.147160 0.153531 0.071557 0.058527 0.072803 0.046526 0.038786 
0.012997 0.239971 0.181412 0.144293 0.171291 0.064852 0.066554 0.050648 0.039027 0.028956 
0.024061 0.280970 0.144628 0.169189 0.178156 0.100864 0.037167 0.017007 0.022247 0.025711 
0.015186 0.239379 0.145925 0.180860 0.160507 0.115101 0.049445 0.025176 0.032367 0.036053 
0.015199 0.234949 0.115345 0.177219 0.164481 0.129597 0.062205 0.027215 0.037519 0.036272 
0.014989 0.211953 0.151491 0.157672 0.163969 0.112261 0.051637 0.046372 0.042229 0.047427 
0.002213 0.187967 0.153588 0.237619 0.162445 0.063258 0.037912 0.068369 0.055107 0.031522 
0.022160 0.255519 0.142851 0.243023 0.111893 0.040123 0.023758 0.080703 0.064030 0.015939 
0.019722 0.257582 0.162605 0.287196 0.066526 0.035443 0.040281 0.076139 0.041384 0.013123 
0.019722 0.252419 0.155111 0.285322 0.087340 0.038407 0.036823 0.065628 0.045298 0.013930 
0.024867 0.270066 0.122322 0.268028 0.108155 0.054561 0.019844 0.060226 0.046534 0.025397 
0.003804 0.203915 0.180994 0.287470 0.103243 0.067398 0.042891 0.058657 0.041560 0.010068 
0.020840 0.266976 0.129846 0.299686 0.089263 0.083791 0.031953 0.043231 0.021017 0.013397 
0.006261 0.220643 0.172299 0.307273 0.093508 0.080143 0.030814 0.025993 0.033324 0.029742 
0.019738 0.264906 0.138566 0.299114 0.085999 0.063887 0.035885 0.023676 0.031421 0.036808 
0.016849 0.251662 0.155344 0.320670 0.077079 0.056413 0.025055 0.050445 0.032254 0.014230 
0.000805 0.194318 0.169357 0.379760 0.089593 0.050191 0.014931 0.059021 0.027639 0.014385 
0.021481 0.245298 0.106358 0.399612 0.053704 0.046424 0.021944 0.063178 0.021625 0.020378 
0.011372 0.191495 0.162462 0.377981 0.057216 0.053858 0.032944 0.060168 0.033892 0.018613 
0.021462 0.228789 0.127890 0.349831 0.074374 0.060436 0.018765 0.049057 0.046341 0.023055 
0.012522 0.197795 0.170705 0.358865 0.073701 0.065058 0.014628 0.040792 0.054395 0.011540 
0.016035 0.209440 0.135855 0.387829 0.076984 0.054013 0.031973 0.038340 0.028064 0.021466 
0.010294 0.176372 0.177238 0.365799 0.078442 0.033048 0.036245 0.036725 0.073980 0.011857 
0.002847 0.161925 0.114128 0.334711 0.093365 0.052371 0.051799 0.060892 0.091235 0.036727 
0.016896 0.207065 0.141898 0.345057 0.082035 0.022324 0.040601 0.041395 0.086358 0.016370 
0.020361 0.205423 0.124940 0.343391 0.060821 0.041032 0.047376 0.051646 0.078695 0.026315 
0.011017 0.162523 0.144428 0.358273 0.073685 0.045417 0.047999 0.048745 0.085370 0.022544 
0.017578 0.190081 0.093492 0.381121 0.080460 0.032879 0.045488 0.034973 0.098884 0.025043 
0.003696 0.142505 0.164612 0.389509 0.064226 0.043132 0.048244 0.037074 0.078428 0.028575 
0.011552 0.163610 0.137822 0.379001 0.065786 0.046874 0.045167 0.038412 0.086066 0.025711 
0.005573 0.144686 0.117499 0.370999 0.090137 0.051684 0.061528 0.066779 0.081963 0.009154 
0.003807 0.135895 0.129065 0.337257 0.096852 0.055933 0.082932 0.058322 0.070044 0.029894 
0.005634 0.122913 0.145704 0.291576 0.126623 0.044564 0.092352 0.061325 0.077101 0.032208 
0.004211 0.126532 0.121703 0.292470 0.128970 0.068652 0.100924 0.071879 0.058305 0.026355 
0.014768 0.157701 0.108764 0.316751 0.128235 0.084831 0.068443 0.058472 0.032273 0.029764 
0.007746 0.103273 0.126843 0.293246 0.099626 0.160277 0.055234 0.068487 0.020632 0.064636 
0.017019 0.133178 0.097576 0.251838 0.075970 0.205118 0.058758 0.065498 0.034717 0.060329 
0.011211 0.122620 0.096860 0.288563 0.104040 0.198943 0.039347 0.033054 0.030299 0.075062 
0.004107 0.088992 0.106805 0.303324 0.116472 0.227409 0.061615 0.031332 0.023620 0.036324 
0.006799 0.093903 0.103638 0.277959 0.111866 0.273854 0.050741 0.026807 0.026854 0.027578 
0.011322 0.098735 0.059694 0.219833 0.131598 0.253263 0.105618 0.048619 0.034180 0.037138 
0.002071 0.083572 0.112241 0.204457 0.098345 0.376749 0.051714 0.030371 0.021915 0.018564 
0.010517 0.108971 0.087343 0.182937 0.106166 0.376556 0.054769 0.034145 0.021010 0.017586 
0.003138 0.069930 0.090191 0.188710 0.107342 0.369830 0.073154 0.038257 0.037140 0.022307 
0.009627 0.087865 0.077772 0.203900 0.117756 0.309558 0.093458 0.045978 0.034153 0.019935 
0.002446 0.057516 0.134877 0.237314 0.123100 0.296659 0.049717 0.055772 0.020574 0.022023 
0.000076 0.062152 0.134541 0.244039 0.136799 0.260638 0.067180 0.055440 0.012574 0.026563 
0.004606 0.081553 0.124158 0.293167 0.121018 0.206539 0.074386 0.051508 0.021356 0.021709 
0.008172 0.071455 0.137641 0.254507 0.099698 0.221659 0.077399 0.050029 0.035171 0.044269 
0.000827 0.051799 0.128302 0.251244 0.219232 0.180407 0.052752 0.035087 0.045791 0.034558 
0.011873 0.067181 0.083049 0.205246 0.332152 0.164850 0.023051 0.035737 0.058610 0.018251 
0.012664 0.087689 0.086013 0.168183 0.331737 0.109003 0.038067 0.052327 0.094550 0.019769 
0.007898 0.072995 0.088371 0.155947 0.328545 0.147729 0.023277 0.040604 0.107171 0.027462 
0.004473 0.067609 0.102153 0.146359 0.305762 0.145406 0.056841 0.047488 0.107689 0.016220 
0.006813 0.049539 0.116554 0.127854 0.261278 0.164693 0.084747 0.075503 0.061516 0.051504 
0.006605 0.040886 0.101636 0.149833 0.292162 0.133654 0.070212 0.074219 0.071049 0.059745 
0.000632 0.048055 0.119389 0.146851 0.307844 0.116884 0.027451 0.053014 0.106487 0.073393 
0.010220 0.060402 0.202379 0.119720 0.239276 0.096352 0.033698 0.053835 0.112312 0.071806 
0.006957 0.077865 0.165770 0.176605 0.216491 0.073959 0.033370 0.064633 0.115892 0.068458 
0.009231 0.044151 0.163496 0.214128 0.255963 0.057293 0.042049 0.087119 0.083216 0.043353 
0.010831 0.078246 0.174688 0.175518 0.242728 0.053345 0.054747 0.072872 0.096628 0.040399 
0.012329 0.097374 0.148622 0.154005 0.240718 0.052272 0.039761 0.062858 0.116231 0.075830 
0.004231 0.089508 0.148011 0.141388 0.248491 0.057657 0.041224 0.067756 0.103884 0.097849 
0.005129 0.087407 0.133152 0.137416 0.238024 0.094644 0.050156 0.069782 0.087669 0.096621 
0.007710 0.065466 0.093661 0.137346 0.284516 0.157487 0.059621 0.054460 0.072267 0.067465 
0.007278 0.087859 0.111773 0.116303 0.269952 0.150824 0.057953 0.040799 0.073668 0.083591 
0.001586 0.054810 0.129555 0.177768 0.288347 0.110580 0.023705 0.042291 0.066994 0.104365 
0.000922 0.058709 0.141516 0.185714 0.240590 0.105787 0.044033 0.062596 0.088736 0.071399 
0.002221 0.061868 0.167610 0.124357 0.286781 0.079515 0.041743 0.050387 0.134815 0.050703 
0.006133 0.063661 0.133267 0.121931 0.308381 0.069537 0.061804 0.046788 0.149535 0.038964 
0.002841 0.060421 0.106300 0.137416 0.301973 0.082371 0.027750 0.081929 0.155431 0.043569 
0.010189 0.082365 0.118924 0.112038 0.297148 0.053739 0.030651 0.078547 0.174391 0.042008 
0.003344 0.078383 0.131707 0.148102 0.274220 0.033890 0.023821 0.114401 0.150624 0.041509 
0.002004 0.104812 0.165199 0.178484 0.210627 0.091206 0.051089 0.123697 0.060282 0.012601 
0.008814 0.126052 0.201820 0.121115 0.147520 0.072600 0.054476 0.132552 0.110366 0.024685 
0.012918 0.141756 0.148777 0.171192 0.143277 0.065556 0.027652 0.140901 0.090940 0.057031 
0.007865 0.153727 0.159866 0.200186 0.187679 0.051243 0.039586 0.121552 0.049672 0.028624 
0.005375 0.141668 0.159386 0.169355 0.191234 0.050841 0.028774 0.118118 0.102382 0.032868 
0.011305 0.174788 0.180596 0.143069 0.142747 0.051303 0.025981 0.138019 0.096099 0.036094 
0.005107 0.171695 0.206690 0.131723 0.149218 0.028004 0.047141 0.163252 0.053910 0.043260 
0.000516 0.172152 0.161567 0.141067 0.147442 0.080384 0.073952 0.146742 0.056311 0.019868 
0.014898 0.188037 0.096395 0.157519 0.186566 0.073945 0.031880 0.164015 0.067914 0.018832 
0.005514 0.134012 0.092567 0.118227 0.221910 0.079513 0.054698 0.117294 0.151591 0.024673 
0.010795 0.113846 0.107773 0.095511 0.171648 0.058874 0.042947 0.083454 0.266522 0.048629 
0.005114 0.104760 0.123367 0.099354 0.176323 0.041899 0.025517 0.090525 0.280508 0.052635 
0.006065 0.100208 0.126806 0.085101 0.216532 0.039949 0.034772 0.072711 0.258456 0.059400 
0.006083 0.094684 0.083791 0.128241 0.226791 0.023640 0.010698 0.109629 0.256387 0.060055 
0.016809 0.124193 0.097858 0.277894 0.077868 0.073224 0.056238 0.082362 0.136468 0.057085 
0.001951 0.112735 0.095990 0.290165 0.107495 0.057815 0.058142 0.072393 0.171579 0.031737 
0.000398 0.122650 0.077549 0.245691 0.144896 0.091036 0.032459 0.105653 0.142608 0.037061 
0.012512 0.143084 0.062211 0.211783 0.147427 0.146322 0.039907 0.096134 0.111293 0.029328 
0.003869 0.129804 0.101440 0.161432 0.150338 0.131619 0.074508 0.104292 0.128536 0.014162 
0.007844 0.140305 0.047250 0.172718 0.235842 0.119142 0.042056 0.091649 0.129224 0.013970 
0.004981 0.132545 0.048909 0.285905 0.222942 0.064669 0.040888 0.080654 0.095654 0.022854 
0.001195 0.123694 0.088798 0.374353 0.179291 0.042233 0.030386 0.067304 0.058324 0.034423 
0.015332 0.141840 0.101620 0.397095 0.117557 0.078917 0.033378 0.046016 0.049471 0.018773 
0.007312 0.118895 0.189808 0.349176 0.128679 0.071208 0.029303 0.053956 0.040334 0.011328 
0.012474 0.130160 0.166823 0.399855 0.146955 0.026009 0.022671 0.032110 0.039769 0.023174 
0.017176 0.131736 0.064015 0.432135 0.149682 0.025108 0.021341 0.055112 0.063389 0.040309 
0.000922 0.104672 0.087393 0.384599 0.151756 0.022056 0.021130 0.084580 0.116414 0.026479 
0.006672 0.130752 0.080427 0.320025 0.179509 0.028483 0.022409 0.089906 0.133217 0.008599 
0.016672 0.181502 0.061018 0.276961 0.228220 0.048134 0.019338 0.076402 0.078692 0.013061 
0.000024 0.168629 0.113203 0.253486 0.219506 0.046883 0.027286 0.067650 0.069319 0.034015 
0.008515 0.177725 0.092211 0.276396 0.168712 0.046877 0.036632 0.080710 0.086589 0.025632 
0.018740 0.187848 0.052007 0.322222 0.125875 0.041453 0.043337 0.087420 0.098214 0.022883 
0.000699 0.130896 0.110290 0.396969 0.091313 0.029144 0.018006 0.113252 0.081515 0.027917 
0.005705 0.126374 0.107112 0.435489 0.104551 0.038948 0.033711 0.091953 0.029211 0.026946 
0.014729 0.129963 0.122812 0.344557 0.148146 0.044031 0.042531 0.092995 0.039251 0.020986 
0.001161 0.095718 0.130009 0.329523 0.173248 0.051226 0.045737 0.101391 0.052329 0.019658 
0.003467 0.109082 0.034282 0.370170 0.183044 0.048228 0.063874 0.095187 0.058716 0.033949 
0.000105 0.112877 0.084541 0.379097 0.149881 0.054832 0.031000 0.109729 0.052653 0.025285 
0.014306 0.162520 0.115366 0.325090 0.151313 0.039383 0.013453 0.082769 0.074398 0.021402 
0.015839 0.172868 0.102800 0.308033 0.151131 0.038056 0.021893 0.089226 0.069504 0.030651 
0.005324 0.162226 0.112560 0.365417 0.102131 0.042042 0.031063 0.085056 0.074607 0.019573 
0.008744 0.168583 0.108296 0.383124 0.066179 0.067382 0.030008 0.060335 0.094884 0.012465 
0.008837 0.170928 0.039458 0.421307 0.078131 0.057358 0.047759 0.077507 0.079260 0.019456 
0.001691 0.152261 0.108496 0.442081 0.088255 0.030390 0.024751 0.064411 0.065357 0.022305 
0.016344 0.175557 0.120717 0.376055 0.113093 0.025077 0.027829 0.057086 0.067759 0.020482 
0.020902 0.190856 0.163474 0.299322 0.108112 0.031883 0.014682 0.062511 0.092941 0.015319 
0.002808 0.150566 0.192585 0.295591 0.072817 0.057307 0.044945 0.062010 0.107401 0.013970 
0.007559 0.168178 0.096549 0.341104 0.078495 0.096436 0.043019 0.069030 0.086252 0.013379 
0.000487 0.148490 0.104919 0.360581 0.127933 0.085106 0.021276 0.064283 0.074588 0.012339 
0.017590 0.159584 0.112313 0.328719 0.139418 0.066370 0.020054 0.052175 0.075779 0.027998 
0.004567 0.122147 0.101545 0.316692 0.146975 0.040355 0.024353 0.058958 0.140583 0.043825 
0.003594 0.114814 0.115943 0.316032 0.096316 0.050708 0.041072 0.068567 0.135941 0.057013 
0.001188 0.118938 0.100865 0.375565 0.031134 0.033993 0.068796 0.057779 0.090241 0.121502 
0.010001 0.125049 0.101946 0.327900 0.059322 0.024291 0.082965 0.044360 0.092430 0.131736 
0.001482 0.129536 0.089523 0.292878 0.084345 0.015353 0.122503 0.029868 0.102070 0.132443 
0.012770 0.166496 0.045624 0.277431 0.093922 0.023162 0.145082 0.044605 0.097952 0.092956 
0.012601 0.079667 0.197749 0.189724 0.109534 0.067010 0.118494 0.119525 0.071172 0.034525 
0.001860 0.046441 0.228112 0.242922 0.152084 0.037725 0.074885 0.133094 0.064206 0.018670 
0.006050 0.054895 0.142989 0.297575 0.174756 0.040080 0.057238 0.110960 0.087530 0.027927 
0.002769 0.025199 0.164748 0.277464 0.174969 0.038194 0.044974 0.141887 0.069991 0.059805 
0.004512 0.024887 0.160891 0.284170 0.161705 0.050876 0.039909 0.101023 0.076664 0.095364 
0.012990 0.079053 0.113639 0.358889 0.139009 0.049592 0.042314 0.044837 0.074958 0.084718 
0.002271 0.023272 0.122285 0.425435 0.151810 0.060063 0.041335 0.035883 0.077150 0.060496 
0.003192 0.020561 0.137494 0.461769 0.146268 0.030764 0.036771 0.046687 0.086476 0.030018 
0.014214 0.060532 0.120345 0.399614 0.173666 0.029910 0.054830 0.071137 0.057514 0.018238 
0.002157 0.014905 0.164313 0.287549 0.227161 0.045222 0.049648 0.095598 0.051973 0.061475 
0.003864 0.037495 0.133020 0.224272 0.257286 0.048893 0.025645 0.115064 0.092536 0.061925 
0.010507 0.057583 0.153741 0.206904 0.244286 0.076966 0.066462 0.063288 0.070812 0.049450 
0.005731 0.036960 0.168331 0.264936 0.218815 0.088203 0.044295 0.068500 0.071248 0.032982 
0.007727 0.047481 0.089117 0.236262 0.241892 0.110679 0.048183 0.095875 0.058809 0.063975 
0.002872 0.028869 0.113517 0.255932 0.287434 0.087541 0.058240 0.062239 0.042071 0.061285 
0.008791 0.048301 0.136488 0.279908 0.258641 0.053160 0.034476 0.105716 0.042401 0.032120 
0.015317 0.085592 0.136215 0.228695 0.233284 0.035626 0.029099 0.127369 0.053580 0.055224 
0.007391 0.034636 0.216023 0.249444 0.168765 0.079435 0.062116 0.087078 0.056120 0.038993 
0.011031 0.050349 0.182658 0.250805 0.139250 0.080322 0.052983 0.137265 0.045755 0.049582 
0.008246 0.042171 0.098650 0.283881 0.199355 0.092650 0.073828 0.127760 0.044079 0.029380 
0.008977 0.053341 0.108981 0.281205 0.256759 0.075620 0.029747 0.118802 0.049475 0.017093 
0.006082 0.039988 0.146273 0.245856 0.353844 0.062716 0.034205 0.050837 0.042703 0.017496 
0.000052 0.012938 0.170555 0.262886 0.352232 0.078705 0.022883 0.039756 0.039216 0.020776 
0.003300 0.026832 0.151779 0.270335 0.298547 0.081652 0.032318 0.059213 0.049680 0.026343 
0.004933 0.041246 0.131022 0.306310 0.261649 0.099245 0.049417 0.039311 0.034685 0.032182 
0.002611 0.029403 0.102241 0.346068 0.229031 0.105366 0.072573 0.055575 0.028416 0.028715 
0.010121 0.055536 0.098097 0.297162 0.255501 0.077426 0.033419 0.102124 0.042504 0.028109 
0.010362 0.049409 0.135986 0.230092 0.291495 0.064855 0.033906 0.103840 0.039116 0.040940 
0.004378 0.016814 0.186083 0.222350 0.259174 0.067602 0.077706 0.082939 0.054585 0.028369 
0.015276 0.077934 0.142893 0.245496 0.184959 0.086397 0.070531 0.093343 0.064172 0.018998 
0.007549 0.046335 0.107932 0.295529 0.196050 0.119125 0.077043 0.073676 0.061348 0.015412 
0.004013 0.035252 0.087426 0.267494 0.265279 0.119805 0.053904 0.095030 0.045384 0.026413 
0.000122 0.023107 0.107336 0.244259 0.312708 0.067608 0.048404 0.089601 0.066447 0.040407 
0.002228 0.017069 0.145753 0.241549 0.303088 0.046470 0.031876 0.105927 0.072104 0.033937 
0.001119 0.020162 0.128900 0.236983 0.296197 0.068609 0.047466 0.106189 0.064905 0.029470 
0.005860 0.034498 0.096862 0.262759 0.273077 0.077913 0.047724 0.094907 0.064608 0.041793 
0.005635 0.026530 0.102141 0.324190 0.243297 0.079633 0.035487 0.089679 0.043611 0.049797 
0.011902 0.054076 0.144145 0.335373 0.134803 0.069991 0.078831 0.056153 0.054891 0.059836 
0.011359 0.127861 0.136582 0.258710 0.111579 0.078791 0.068971 0.090443 0.067810 0.047894 
0.000405 0.105101 0.129170 0.368108 0.058159 0.089767 0.077939 0.067765 0.059692 0.043894 
0.013211 0.145042 0.109309 0.314381 0.059031 0.080003 0.097454 0.064232 0.079142 0.038195 
0.002608 0.091646 0.140770 0.360626 0.072856 0.048660 0.081178 0.075724 0.072975 0.052958 
0.003195 0.096827 0.162457 0.354329 0.066402 0.057571 0.103572 0.066121 0.052487 0.037039 
0.012473 0.113962 0.097856 0.321742 0.116748 0.077689 0.101946 0.064945 0.047124 0.045515 
0.010407 0.108320 0.124158 0.382232 0.088432 0.042223 0.071391 0.060455 0.065556 0.046825 
0.009030 0.107316 0.098911 0.364963 0.130248 0.043153 0.048235 0.065610 0.078768 0.053766 
0.003089 0.110298 0.149294 0.385173 0.087319 0.065085 0.048888 0.041063 0.073157 0.036633 
0.002026 0.129192 0.104717 0.390068 0.084805 0.069977 0.037143 0.057409 0.057141 0.067522 
0.005659 0.129274 0.154049 0.374285 0.078554 0.075269 0.043975 0.053552 0.056265 0.029118 
0.009738 0.141692 0.135739 0.385318 0.064692 0.066585 0.075856 0.046334 0.058459 0.015588 
0.014059 0.163117 0.113901 0.395977 0.031766 0.056091 0.099831 0.045993 0.068315 0.010951 
0.010663 0.139407 0.131542 0.319730 0.079959 0.096131 0.103415 0.035625 0.073603 0.009926 
0.002887 0.094293 0.129048 0.280605 0.128025 0.151737 0.111501 0.036120 0.060842 0.004943 
0.008666 0.144208 0.170466 0.403754 0.036350 0.067741 0.047965 0.032621 0.066702 0.021527 
0.002106 0.132558 0.106267 0.349389 0.117853 0.070481 0.052813 0.037114 0.075233 0.056187 
0.007789 0.134084 0.141593 0.285487 0.100426 0.069478 0.090448 0.026381 0.077648 0.066666 
0.000142 0.066168 0.113038 0.306281 0.098626 0.112920 0.157933 0.050064 0.042164 0.052663 
0.003766 0.055670 0.063682 0.248117 0.041473 0.310255 0.127441 0.018952 0.111980 0.018664 
0.003740 0.061862 0.062478 0.200733 0.073701 0.334592 0.100897 0.026732 0.106457 0.028809 
0.000184 0.081611 0.068328 0.385649 0.068493 0.166563 0.129765 0.030407 0.050474 0.018525 
0.017721 0.180569 0.088175 0.285381 0.037327 0.066813 0.195741 0.037852 0.045908 0.044512 
0.014471 0.144557 0.128938 0.314029 0.040950 0.046440 0.174089 0.047604 0.049640 0.039283 
0.008703 0.121382 0.087925 0.325423 0.074896 0.063928 0.176053 0.058531 0.033708 0.049452 
0.001445 0.052773 0.061762 0.151029 0.048214 0.050432 0.463971 0.042742 0.077653 0.049978 
0.001099 0.053037 0.040780 0.171606 0.070963 0.078313 0.397775 0.054062 0.043880 0.088485 
0.005259 0.070760 0.057803 0.192308 0.050102 0.051964 0.410297 0.047567 0.028225 0.085715 
0.005401 0.068474 0.055501 0.191913 0.087765 0.057694 0.398836 0.018863 0.050921 0.064633 
0.008201 0.070778 0.041491 0.141839 0.046562 0.091188 0.401436 0.072556 0.067146 0.058804 
0.004590 0.063380 0.042113 0.133858 0.038679 0.070254 0.434651 0.078593 0.072368 0.061514 
0.003831 0.067501 0.061871 0.172097 0.044864 0.054838 0.450334 0.059514 0.050749 0.034401 
0.015418 0.160294 0.081232 0.286375 0.047355 0.035177 0.244241 0.063694 0.032029 0.034185 
0.003610 0.073080 0.048393 0.121341 0.026196 0.038465 0.296618 0.105946 0.109217 0.177134 
0.004331 0.072985 0.055724 0.157873 0.007141 0.033392 0.236817 0.050120 0.080783 0.300835 
0.008788 0.103522 0.058650 0.152719 0.029432 0.042399 0.302525 0.076135 0.111016 0.114814 
0.005917 0.117082 0.101388 0.175929 0.023689 0.027612 0.271910 0.041157 0.049148 0.186170 
0.001837 0.021804 0.075487 0.162561 0.067436 0.047525 0.277649 0.080292 0.020203 0.245206 
0.010264 0.045594 0.102877 0.111027 0.101108 0.040817 0.140031 0.312465 0.073107 0.062711 
0.008007 0.054141 0.063452 0.141210 0.120147 0.059967 0.092189 0.240842 0.064918 0.155128 
0.002624 0.021521 0.058444 0.151949 0.133013 0.053817 0.208326 0.256093 0.042369 0.071844 
0.006580 0.036950 0.074960 0.141068 0.086857 0.050311 0.228314 0.257962 0.055593 0.061405 
0.006338 0.024036 0.070411 0.123477 0.173466 0.049194 0.132381 0.296405 0.062490 0.061802 
0.006623 0.036318 0.159896 0.169179 0.140497 0.083389 0.098881 0.093992 0.104865 0.106358 
0.003764 0.039111 0.158034 0.153696 0.141535 0.112519 0.153133 0.087897 0.062326 0.087986 
0.010328 0.067962 0.106358 0.165183 0.201089 0.171004 0.129969 0.049849 0.025288 0.072971 
0.000897 0.031150 0.110027 0.140511 0.264808 0.179620 0.078648 0.060467 0.049228 0.084643 
0.007667 0.056718 0.119182 0.143245 0.264550 0.160163 0.070736 0.090907 0.048700 0.038133 
0.000558 0.044426 0.112804 0.095095 0.202659 0.160294 0.129235 0.113028 0.109465 0.032436 
0.000195 0.013911 0.135810 0.121672 0.184561 0.186979 0.116774 0.119850 0.095451 0.024797 
0.010148 0.046950 0.105326 0.140829 0.199434 0.158204 0.147961 0.061330 0.086835 0.042984 
0.004138 0.030980 0.133534 0.268555 0.162158 0.098495 0.117155 0.045082 0.082714 0.057188 
0.002174 0.011538 0.059870 0.109520 0.040441 0.045314 0.268236 0.087425 0.080621 0.294861 
0.006238 0.040197 0.050815 0.125114 0.055955 0.046303 0.194603 0.058161 0.143190 0.279423 
0.009577 0.040153 0.112987 0.157853 0.094005 0.051481 0.223281 0.092996 0.131003 0.086664 
0.000579 0.013466 0.104591 0.164628 0.118906 0.100979 0.171790 0.082115 0.084360 0.158587 
0.006553 0.043941 0.059032 0.114015 0.104081 0.088576 0.199589 0.103711 0.095774 0.184727 
0.006516 0.057457 0.101234 0.086590 0.120953 0.101003 0.133094 0.243713 0.075753 0.073687 
0.001279 0.023498 0.126273 0.108980 0.099613 0.072785 0.110415 0.276339 0.044172 0.136645 
0.000287 0.017010 0.087168 0.101308 0.117334 0.107604 0.250748 0.207512 0.036301 0.074728 
0.003431 0.020708 0.070728 0.128284 0.102216 0.120363 0.152970 0.242209 0.108501 0.050591 
0.001334 0.014806 0.086562 0.149312 0.136762 0.073975 0.075339 0.244509 0.142789 0.074613 
0.004557 0.041597 0.087944 0.183546 0.091721 0.078461 0.108087 0.119988 0.174152 0.109947 
0.005861 0.026031 0.112548 0.180798 0.085083 0.070456 0.086087 0.188550 0.127622 0.116964 
0.002696 0.027905 0.142843 0.142337 0.145393 0.096119 0.106153 0.081487 0.149257 0.105810 
0.007616 0.055484 0.125826 0.112518 0.173854 0.081886 0.083048 0.102058 0.160079 0.097631 
0.010025 0.068713 0.129555 0.201448 0.145271 0.090682 0.076794 0.114741 0.121091 0.041681 
0.008231 0.066286 0.136545 0.253982 0.139056 0.101995 0.064059 0.045486 0.106910 0.077449 
0.013795 0.075079 0.179924 0.206783 0.110519 0.140162 0.041190 0.038440 0.092609 0.101499 
0.006660 0.021653 0.232445 0.207405 0.122899 0.128501 0.035384 0.047168 0.133460 0.064426 
0.012974 0.063845 0.170081 0.209991 0.139544 0.099987 0.046421 0.086071 0.108376 0.062710 
0.008610 0.055403 0.086617 0.214586 0.140788 0.094042 0.087533 0.082773 0.098601 0.131047 
0.001667 0.025375 0.094197 0.251589 0.210812 0.088917 0.082482 0.044307 0.124528 0.076127 
0.004343 0.025137 0.095178 0.243635 0.194245 0.071065 0.085345 0.071927 0.110290 0.098833 
0.005034 0.041533 0.159924 0.194618 0.148934 0.077020 0.102543 0.064676 0.131813 0.073905 
0.005953 0.044257 0.188254 0.221327 0.200378 0.078325 0.032131 0.069578 0.109292 0.050504 
0.000813 0.040296 0.135095 0.240931 0.248572 0.075345 0.067375 0.081803 0.069064 0.040704 
0.004616 0.038516 0.129762 0.264936 0.225002 0.072892 0.037206 0.082167 0.073648 0.071255 
0.008404 0.054762 0.137727 0.305880 0.210993 0.070793 0.048664 0.067982 0.048218 0.046576 
0.014497 0.078324 0.178636 0.259303 0.205076 0.079396 0.044994 0.047990 0.060357 0.031428 
0.004976 0.032149 0.243296 0.251909 0.178149 0.104997 0.034730 0.051282 0.074778 0.023735 
0.016463 0.066386 0.205663 0.285406 0.178949 0.122771 0.031334 0.027616 0.042731 0.022682 
0.012877 0.065454 0.109599 0.308363 0.200163 0.153351 0.030806 0.019778 0.039475 0.060133 
0.003993 0.050081 0.148773 0.305748 0.221133 0.110659 0.029300 0.025587 0.072247 0.032479 
0.002517 0.021189 0.039487 0.121829 0.074724 0.069507 0.291363 0.265515 0.047093 0.066776 
0.011690 0.056225 0.076004 0.181095 0.128124 0.022038 0.060897 0.324876 0.047101 0.091951 
0.007257 0.028471 0.130215 0.156038 0.142318 0.048690 0.041357 0.281562 0.041739 0.122352 
0.002811 0.016384 0.082327 0.114195 0.131951 0.064618 0.114351 0.342868 0.047835 0.082662 
0.000358 0.022597 0.048648 0.112633 0.113156 0.030387 0.165045 0.379295 0.038737 0.089144 
0.003000 0.031282 0.068618 0.107419 0.103753 0.070258 0.109762 0.366687 0.046263 0.092958 
0.009710 0.037355 0.074894 0.100624 0.147129 0.072175 0.060941 0.296119 0.081718 0.119333 
0.001431 0.011342 0.077350 0.116821 0.217796 0.049434 0.040949 0.223809 0.095115 0.165953 
0.003530 0.021082 0.061070 0.231306 0.131813 0.054900 0.145979 0.096247 0.063578 0.190496 
0.000232 0.012370 0.056869 0.179224 0.195911 0.068708 0.156139 0.254455 0.023536 0.052556 
0.003323 0.016832 0.064667 0.154905 0.178036 0.079434 0.141843 0.309754 0.032039 0.019166 
0.005263 0.041843 0.090840 0.183527 0.125860 0.056562 0.060816 0.237411 0.061226 0.136652 
0.008830 0.055785 0.117630 0.180566 0.094486 0.033900 0.115604 0.314171 0.019253 0.059775 
0.002275 0.018091 0.136293 0.140792 0.059303 0.018949 0.208971 0.276315 0.045770 0.093239 
0.004546 0.065067 0.217786 0.295515 0.115074 0.052570 0.054428 0.118902 0.057259 0.018853 
0.008250 0.033766 0.051066 0.139563 0.135032 0.058895 0.157755 0.362996 0.028018 0.024659 
0.002207 0.015903 0.076954 0.205333 0.173713 0.029721 0.027978 0.412564 0.031018 0.024610 
0.005372 0.034136 0.062653 0.198779 0.143072 0.030123 0.125193 0.313876 0.062970 0.023825 
0.001117 0.015247 0.139020 0.309973 0.228296 0.039265 0.090945 0.098979 0.049384 0.027773 
0.008064 0.052890 0.192723 0.240543 0.138206 0.064716 0.060262 0.126750 0.059872 0.055974 
0.008270 0.061978 0.185063 0.267168 0.126914 0.090637 0.074959 0.048953 0.078864 0.057195 
0.011398 0.096563 0.204425 0.175595 0.086005 0.101387 0.069109 0.086730 0.090919 0.077867 
0.010003 0.052854 0.192715 0.202216 0.155244 0.083734 0.066095 0.102659 0.074869 0.059611 
0.005816 0.016366 0.123570 0.132755 0.409439 0.049930 0.023019 0.174835 0.038385 0.025885 
0.012550 0.063087 0.080073 0.169827 0.322558 0.036541 0.028444 0.223270 0.045401 0.018250 
0.007224 0.035165 0.104903 0.110033 0.295941 0.054436 0.061898 0.261243 0.050084 0.019071 
0.006600 0.040959 0.082112 0.037302 0.413231 0.039990 0.046833 0.245972 0.045490 0.041511 
0.006092 0.016544 0.085365 0.186688 0.325733 0.041771 0.048712 0.215507 0.042333 0.031256 
0.000575 0.034954 0.111994 0.313261 0.242943 0.050427 0.053801 0.144417 0.028865 0.018763 
0.008764 0.056032 0.072903 0.310198 0.260720 0.051786 0.043181 0.153630 0.029222 0.013563 
0.015624 0.107813 0.085327 0.297255 0.218594 0.052317 0.048936 0.129995 0.027094 0.017046 
0.009231 0.081217 0.037590 0.283849 0.260431 0.054455 0.045770 0.161010 0.044811 0.021636 
0.001545 0.069215 0.065656 0.238772 0.274338 0.058500 0.041047 0.158713 0.052544 0.039670 
0.006189 0.074474 0.049835 0.299590 0.235723 0.067319 0.074760 0.123567 0.042904 0.025638 
0.009510 0.091254 0.100692 0.303441 0.191354 0.053353 0.051821 0.147069 0.028541 0.022963 
0.000141 0.075639 0.089786 0.378250 0.206131 0.062556 0.057848 0.088695 0.033351 0.007603 
0.013951 0.115046 0.066726 0.349122 0.173227 0.049513 0.077679 0.076056 0.038064 0.040615 
0.002186 0.095437 0.085060 0.431412 0.102513 0.029314 0.118270 0.050485 0.029964 0.055358 
0.006963 0.084051 0.027749 0.172241 0.059867 0.069679 0.424943 0.072751 0.052695 0.029059 
0.005037 0.056022 0.026530 0.081640 0.059335 0.078652 0.548837 0.080686 0.050482 0.012778 
0.001119 0.046887 0.043910 0.057083 0.087686 0.072183 0.519171 0.071045 0.038552 0.062364 
0.010153 0.080580 0.037322 0.074824 0.058146 0.078236 0.489505 0.083527 0.026926 0.060781 
0.000672 0.052912 0.065599 0.050033 0.068294 0.074885 0.516351 0.070664 0.051508 0.049082 
0.010446 0.085797 0.023744 0.046823 0.078827 0.080357 0.510413 0.084515 0.051532 0.027548 
0.003251 0.055600 0.049981 0.063209 0.045195 0.067696 0.534842 0.089360 0.056530 0.034338 
0.010642 0.083861 0.022870 0.063399 0.066082 0.069266 0.510413 0.079289 0.064052 0.030127 
0.001169 0.045774 0.045000 0.091523 0.040848 0.078513 0.508176 0.084396 0.072842 0.031758 
0.009100 0.070242 0.040828 0.068833 0.073085 0.086026 0.498559 0.061996 0.053351 0.037981 
0.007573 0.072369 0.028610 0.055138 0.052953 0.075255 0.536275 0.082025 0.032912 0.056890 
0.006309 0.064286 0.057285 0.064709 0.081490 0.072544 0.517038 0.060116 0.023173 0.053051 
0.008886 0.093121 0.029896 0.066651 0.058095 0.060952 0.522332 0.075296 0.033890 0.050880 
0.000928 0.069025 0.081299 0.070179 0.084271 0.070172 0.451033 0.083789 0.031725 0.057579 
0.017402 0.192229 0.095641 0.155869 0.118810 0.075027 0.217246 0.046688 0.047772 0.033316 
0.012589 0.181540 0.108299 0.147898 0.136299 0.109821 0.205723 0.036082 0.036486 0.025264 
0.003216 0.155248 0.112540 0.189918 0.146244 0.087080 0.186465 0.059817 0.047483 0.011991 
