Royals,Lorde
0.000000 0.000000 0.000000 0.000000 0.000000 0.000000 0.000000 0.000000 0.000000 0.000000 
0.000000 0.000000 0.000000 0.000000 0.000000 0.000000 0.000000 0.000000 0.000000 0.000000 
0.000000 0.000000 0.000000 0.000000 0.000000 0.000000 0.000000 0.000000 0.000000 0.000000 
0.000000 0.000000 0.000000 0.000000 0.000000 0.000000 0.000000 0.000000 0.000000 0.000000 
0.139438 0.182630 0.076302 0.082736 0.053260 0.085568 0.114630 0.141255 0.083009 0.041171 
0.005071 0.154830 0.493203 0.195343 0.038480 0.049133 0.019754 0.009967 0.018234 0.015984 
0.022774 0.252121 0.358107 0.151068 0.067882 0.037294 0.030975 0.035200 0.025808 0.018771 
0.027676 0.154425 0.424091 0.138706 0.116294 0.038786 0.024505 0.030315 0.028865 0.016337 
0.033792 0.458402 0.317556 0.073281 0.037927 0.022146 0.017086 0.016146 0.013716 0.009948 
0.000316 0.497170 0.316656 0.054838 0.044199 0.016140 0.021850 0.020422 0.016351 0.012060 
0.033091 0.611440 0.211539 0.053593 0.044331 0.015007 0.009129 0.008491 0.009988 0.003392 
0.073247 0.588338 0.232408 0.041653 0.022686 0.007828 0.010509 0.009403 0.009057 0.004871 
0.045937 0.463119 0.251404 0.062269 0.045144 0.033832 0.032742 0.029310 0.021475 0.014769 
0.053785 0.560555 0.192187 0.052112 0.038558 0.026608 0.022059 0.023433 0.018006 0.012699 
0.095280 0.655783 0.130168 0.062991 0.023194 0.009867 0.006888 0.006572 0.005675 0.003582 
0.009353 0.525147 0.201957 0.070738 0.060486 0.024399 0.038496 0.027538 0.023581 0.018303 
0.077363 0.616509 0.202046 0.026049 0.018000 0.015301 0.015350 0.012397 0.010358 0.006626 
0.036838 0.487945 0.213323 0.084072 0.047141 0.033458 0.031300 0.026457 0.023761 0.015705 
0.073484 0.564214 0.116046 0.087414 0.034126 0.036588 0.028427 0.024242 0.021280 0.014180 
0.017314 0.310013 0.497844 0.052824 0.036030 0.019779 0.021699 0.018056 0.015118 0.011323 
0.011804 0.550049 0.219237 0.062283 0.040139 0.030302 0.027808 0.023593 0.020893 0.013890 
0.063153 0.542002 0.217702 0.068548 0.032348 0.020374 0.018458 0.013551 0.014345 0.009519 
0.018616 0.440370 0.305621 0.081424 0.051043 0.033800 0.031147 0.015167 0.010001 0.012811 
0.060245 0.446162 0.182216 0.054685 0.036027 0.031850 0.041406 0.051981 0.052907 0.042520 
0.011054 0.500434 0.216744 0.069436 0.062733 0.020076 0.032733 0.019220 0.036428 0.031141 
0.110934 0.625561 0.083909 0.063568 0.016590 0.021576 0.027612 0.017308 0.018506 0.014436 
0.015911 0.502613 0.159819 0.091971 0.061500 0.040793 0.038423 0.029380 0.034292 0.025299 
0.077109 0.550219 0.198201 0.041459 0.036864 0.021803 0.019184 0.022695 0.021953 0.010513 
0.060324 0.559216 0.140658 0.049783 0.051474 0.026990 0.028438 0.039212 0.025364 0.018541 
0.066620 0.572987 0.148954 0.069903 0.034089 0.017721 0.027343 0.027441 0.014579 0.020362 
0.024035 0.198739 0.632510 0.060106 0.029733 0.014544 0.011882 0.011487 0.010869 0.006096 
0.001289 0.562248 0.244143 0.063658 0.035358 0.023852 0.022521 0.018842 0.015999 0.012092 
0.069791 0.484705 0.288654 0.053775 0.029428 0.018973 0.019241 0.013034 0.016280 0.006118 
0.010006 0.225898 0.527871 0.086567 0.035818 0.032728 0.028486 0.018935 0.016635 0.017057 
0.004325 0.436963 0.396580 0.055849 0.037617 0.020118 0.010184 0.010283 0.012722 0.015358 
0.008829 0.298523 0.538303 0.061624 0.020709 0.016797 0.008974 0.011474 0.016692 0.018075 
0.017045 0.284641 0.399625 0.096834 0.065952 0.035317 0.034052 0.026722 0.020338 0.019475 
0.005807 0.501706 0.303926 0.061090 0.035583 0.022965 0.021587 0.012817 0.014159 0.020360 
0.041619 0.484262 0.327444 0.051862 0.033738 0.020829 0.006273 0.011611 0.007466 0.014895 
0.038615 0.340727 0.386231 0.081905 0.050044 0.019274 0.027371 0.018862 0.022182 0.014789 
0.009290 0.500170 0.285419 0.046148 0.046007 0.030376 0.023213 0.016787 0.020878 0.021712 
0.010757 0.336135 0.506521 0.043570 0.024382 0.017693 0.017221 0.012368 0.010913 0.020439 
0.038572 0.501317 0.294724 0.050333 0.032264 0.020447 0.013495 0.013145 0.019733 0.015970 
0.032555 0.475376 0.305488 0.078716 0.034317 0.015577 0.012041 0.018209 0.012140 0.015582 
0.023653 0.382701 0.338485 0.082793 0.040360 0.031457 0.028196 0.029640 0.023665 0.019050 
0.043475 0.360377 0.352006 0.079947 0.048272 0.029684 0.026893 0.022559 0.021366 0.015421 
0.012924 0.333783 0.399012 0.079059 0.054113 0.029834 0.028092 0.019762 0.024917 0.018504 
0.002196 0.342511 0.481242 0.056693 0.037647 0.018276 0.017948 0.016817 0.012227 0.014445 
0.061043 0.403766 0.390236 0.058326 0.027092 0.012572 0.010424 0.007340 0.012484 0.016716 
0.030366 0.197385 0.629888 0.061039 0.029809 0.013362 0.011487 0.010599 0.009869 0.006197 
0.001077 0.587243 0.222826 0.060501 0.036587 0.022656 0.022122 0.020075 0.015266 0.011647 
0.076447 0.513664 0.282827 0.041113 0.025683 0.014642 0.014966 0.011746 0.011492 0.007420 
0.022129 0.212992 0.603712 0.065707 0.035924 0.020830 0.011736 0.010476 0.009040 0.007455 
0.030613 0.246746 0.250817 0.102326 0.034447 0.027850 0.046379 0.085484 0.094598 0.080741 
0.001472 0.074420 0.407927 0.128466 0.080173 0.054100 0.066526 0.076217 0.045805 0.064893 
0.011468 0.229363 0.448318 0.064590 0.045112 0.037193 0.040048 0.038071 0.038225 0.047611 
0.017059 0.369387 0.299853 0.087135 0.029758 0.039150 0.030968 0.045784 0.047824 0.033082 
0.052228 0.397064 0.325454 0.052957 0.029861 0.047259 0.021255 0.030800 0.022312 0.020810 
0.027000 0.365959 0.342240 0.066210 0.045002 0.030337 0.030435 0.023076 0.043367 0.026373 
0.013546 0.339787 0.339593 0.073968 0.031009 0.013847 0.040000 0.069968 0.036584 0.041699 
0.048513 0.238587 0.245714 0.205797 0.099494 0.026240 0.039953 0.037859 0.029938 0.027904 
0.031688 0.361504 0.460712 0.065741 0.020537 0.019631 0.013611 0.012341 0.010016 0.004219 
0.061979 0.592032 0.204355 0.043356 0.029861 0.017494 0.017979 0.013277 0.012868 0.006799 
0.018071 0.222278 0.495472 0.079483 0.052637 0.032460 0.031390 0.034271 0.017770 0.016167 
0.002272 0.210573 0.575498 0.069606 0.036794 0.031340 0.020736 0.015897 0.019379 0.017906 
0.009071 0.377060 0.456294 0.050352 0.023349 0.020543 0.011308 0.010400 0.018062 0.023561 
0.017078 0.250292 0.522447 0.068587 0.033129 0.018695 0.023957 0.026081 0.021108 0.018626 
0.035233 0.425527 0.335340 0.090615 0.036114 0.013285 0.019331 0.011181 0.014641 0.018732 
0.034724 0.227373 0.459600 0.104042 0.062856 0.035020 0.022471 0.024647 0.015010 0.014257 
0.012096 0.566429 0.279126 0.052767 0.021096 0.018884 0.018437 0.016492 0.006068 0.008604 
0.028363 0.513851 0.336430 0.050392 0.025477 0.014426 0.011875 0.006717 0.008424 0.004045 
0.015612 0.512806 0.235913 0.078709 0.059039 0.021976 0.024067 0.021446 0.016155 0.014277 
0.068184 0.656426 0.141218 0.048320 0.028608 0.017233 0.011434 0.009088 0.011827 0.007662 
0.001692 0.494618 0.215234 0.091519 0.060835 0.030535 0.033537 0.030699 0.024227 0.017105 
0.071951 0.631809 0.202473 0.037273 0.016756 0.010585 0.010374 0.009255 0.005023 0.004499 
0.061044 0.609794 0.151890 0.052847 0.030487 0.024337 0.023870 0.017190 0.015934 0.012608 
0.013506 0.519884 0.212849 0.069790 0.049536 0.036427 0.034793 0.026562 0.021261 0.015392 
0.099336 0.633849 0.174498 0.029119 0.022390 0.008053 0.008940 0.008075 0.010825 0.004915 
0.025309 0.566087 0.119988 0.102570 0.046761 0.034146 0.031293 0.035108 0.022433 0.016305 
0.091235 0.573452 0.125969 0.088999 0.056772 0.012153 0.016054 0.015596 0.013456 0.006316 
0.034457 0.403259 0.392934 0.069295 0.026142 0.022665 0.017753 0.014157 0.012942 0.006395 
0.030224 0.509554 0.241906 0.063547 0.046238 0.023955 0.026929 0.022252 0.020501 0.014893 
0.043749 0.504582 0.225921 0.061048 0.051779 0.027667 0.027552 0.023644 0.020366 0.013692 
0.027612 0.398273 0.326927 0.049285 0.028125 0.014854 0.011058 0.036957 0.049542 0.057366 
0.043367 0.441137 0.212081 0.073074 0.050474 0.030871 0.045410 0.028818 0.024686 0.050082 
0.051991 0.517466 0.189765 0.066722 0.030606 0.027985 0.030337 0.031491 0.031379 0.022257 
0.069658 0.545020 0.159385 0.074462 0.041165 0.018681 0.028677 0.026364 0.020525 0.016064 
0.013028 0.460439 0.209643 0.084893 0.061290 0.041637 0.040702 0.035431 0.033202 0.019733 
0.101813 0.562691 0.197294 0.035019 0.019504 0.015703 0.019802 0.022068 0.016332 0.009774 
0.039240 0.466529 0.135935 0.109046 0.044145 0.052070 0.043195 0.044605 0.031041 0.034194 
0.063657 0.558148 0.200202 0.038286 0.031354 0.024267 0.022796 0.028913 0.016662 0.015716 
0.006815 0.195519 0.669583 0.061513 0.024869 0.013708 0.008519 0.005219 0.008195 0.006060 
0.002091 0.691320 0.220786 0.041914 0.014370 0.004093 0.005980 0.007430 0.007317 0.004700 
0.060789 0.512066 0.253903 0.054496 0.032399 0.018808 0.018724 0.014315 0.023937 0.010562 
0.048717 0.285278 0.419505 0.077797 0.055637 0.028765 0.021243 0.019778 0.026770 0.016510 
0.020752 0.429160 0.336583 0.086348 0.036880 0.020157 0.018514 0.017729 0.017387 0.016490 
0.024733 0.304263 0.508993 0.061101 0.017908 0.022786 0.016751 0.010536 0.016156 0.016773 
0.007012 0.337324 0.392702 0.105577 0.044319 0.026861 0.022560 0.023650 0.018369 0.021625 
0.047130 0.611942 0.226685 0.032954 0.016279 0.017462 0.008479 0.011014 0.010652 0.017402 
0.013881 0.424170 0.450667 0.035490 0.022550 0.015460 0.004600 0.008499 0.009898 0.014785 
0.045561 0.337987 0.382164 0.083549 0.044637 0.028914 0.027623 0.018097 0.019151 0.012317 
0.023544 0.501700 0.246680 0.048768 0.053783 0.031296 0.025562 0.025711 0.020394 0.022562 
0.025867 0.373368 0.429723 0.050899 0.034822 0.023131 0.017200 0.013331 0.016058 0.015602 
0.026145 0.320977 0.369751 0.099723 0.041671 0.032586 0.032935 0.026796 0.023189 0.026225 
0.009404 0.466023 0.360009 0.059189 0.027809 0.016738 0.011176 0.013777 0.016293 0.019581 
0.019616 0.454717 0.295366 0.076729 0.043261 0.025075 0.024071 0.020883 0.023780 0.016502 
0.047334 0.442118 0.379050 0.049552 0.026944 0.010256 0.011892 0.011813 0.012092 0.008949 
0.023189 0.540553 0.283213 0.063272 0.028572 0.010389 0.011853 0.011588 0.014274 0.013099 
0.015590 0.256190 0.477200 0.082478 0.051990 0.024412 0.028775 0.025887 0.024873 0.012604 
0.004154 0.338323 0.439164 0.080854 0.037987 0.019604 0.020138 0.015456 0.018850 0.025469 
0.012271 0.187480 0.676294 0.057397 0.025864 0.013277 0.009082 0.006275 0.006663 0.005396 
0.009329 0.710666 0.194701 0.039541 0.014602 0.006436 0.007488 0.006235 0.006589 0.004414 
0.073556 0.532272 0.261176 0.049543 0.022091 0.016359 0.014034 0.011440 0.012126 0.007403 
0.020977 0.177308 0.545829 0.091111 0.055771 0.029296 0.024634 0.021021 0.021021 0.013032 
0.002432 0.179697 0.288115 0.104167 0.079800 0.049678 0.054220 0.079320 0.074710 0.087861 
0.016859 0.078117 0.443130 0.111595 0.044471 0.049444 0.077437 0.076035 0.043763 0.059149 
0.014129 0.260268 0.408142 0.095985 0.033955 0.035232 0.034994 0.046381 0.037031 0.033884 
0.023031 0.403758 0.276403 0.062182 0.044785 0.029079 0.035882 0.047183 0.053745 0.023951 
0.033720 0.422950 0.344983 0.041310 0.020749 0.038084 0.033063 0.024906 0.024850 0.015384 
0.044014 0.301671 0.367396 0.075607 0.043506 0.029075 0.029671 0.033262 0.038888 0.036908 
0.004322 0.362422 0.263266 0.112784 0.049345 0.030175 0.046789 0.045458 0.064335 0.021106 
0.017057 0.143282 0.516605 0.104532 0.077372 0.033500 0.036080 0.029460 0.025721 0.016392 
0.031770 0.401960 0.379714 0.066005 0.034599 0.021042 0.021110 0.018497 0.015199 0.010102 
0.073099 0.605170 0.232389 0.035454 0.016395 0.006778 0.009518 0.008796 0.007463 0.004939 
0.013844 0.222993 0.542970 0.061824 0.045307 0.026870 0.017450 0.020347 0.030174 0.018222 
0.028641 0.195466 0.610041 0.063252 0.034195 0.016270 0.015897 0.014159 0.013440 0.008642 
0.002262 0.552461 0.249875 0.063894 0.036451 0.024987 0.022323 0.020288 0.015148 0.012310 
0.075261 0.487751 0.305428 0.044771 0.026852 0.015240 0.014829 0.012396 0.011653 0.005818 
0.030978 0.255768 0.539220 0.055116 0.037159 0.019317 0.018915 0.015452 0.013436 0.014639 
0.024085 0.263274 0.474786 0.083509 0.058666 0.031414 0.017755 0.024253 0.011871 0.010387 
0.007876 0.656998 0.235467 0.039593 0.021462 0.011658 0.007785 0.011725 0.002832 0.004605 
0.008444 0.601164 0.238008 0.068832 0.025965 0.017926 0.015137 0.013206 0.006047 0.005269 
0.010643 0.519888 0.196059 0.086011 0.048690 0.037593 0.032847 0.025987 0.026866 0.015416 
0.075086 0.575175 0.245091 0.048557 0.019801 0.009942 0.010335 0.007049 0.006347 0.002618 
0.001245 0.435392 0.264637 0.094918 0.056956 0.038955 0.033681 0.028727 0.026406 0.019083 
0.073371 0.615066 0.166643 0.029291 0.028878 0.019830 0.024228 0.017827 0.014626 0.010241 
0.059114 0.615570 0.143462 0.052159 0.040786 0.025447 0.018892 0.018717 0.015769 0.010084 
0.021190 0.598342 0.148166 0.068099 0.047302 0.025985 0.028241 0.024907 0.021924 0.015843 
0.081379 0.589089 0.207745 0.052513 0.016146 0.013665 0.014215 0.010649 0.009293 0.005308 
0.019150 0.533250 0.208114 0.073976 0.050241 0.022720 0.028700 0.027822 0.021503 0.014523 
0.039199 0.270729 0.431780 0.087217 0.062476 0.026544 0.028538 0.021709 0.020423 0.011386 
0.034909 0.424369 0.329175 0.072745 0.038783 0.023985 0.025791 0.020401 0.017410 0.012431 
0.033042 0.534657 0.364384 0.027517 0.015948 0.007267 0.006568 0.004055 0.003363 0.003199 
0.045079 0.577630 0.250411 0.041007 0.021055 0.016445 0.014258 0.014174 0.012202 0.007738 
0.010959 0.361099 0.336866 0.071542 0.030257 0.016593 0.029525 0.039285 0.050225 0.053648 
0.044420 0.420737 0.225078 0.078203 0.026495 0.029560 0.037429 0.045238 0.053416 0.039424 
0.050653 0.482726 0.220404 0.048479 0.054365 0.040867 0.026969 0.028049 0.026872 0.020615 
0.077132 0.595143 0.136742 0.069164 0.023062 0.022898 0.019844 0.026676 0.017065 0.012274 
0.008468 0.547094 0.199457 0.071270 0.046617 0.028995 0.031466 0.028336 0.020446 0.017850 
0.063189 0.534804 0.259068 0.034481 0.017291 0.015105 0.021490 0.016122 0.023793 0.014657 
0.002279 0.472759 0.218759 0.066977 0.058071 0.028837 0.041734 0.051759 0.031736 0.027089 
0.076444 0.474477 0.234962 0.077830 0.028956 0.027495 0.023370 0.024411 0.019597 0.012458 
0.005608 0.268947 0.557462 0.053231 0.035627 0.018066 0.019961 0.016517 0.014474 0.010107 
0.005059 0.579711 0.222574 0.054921 0.037153 0.024068 0.025447 0.020938 0.018161 0.011968 
0.026368 0.431372 0.356784 0.050509 0.036517 0.022455 0.016788 0.017884 0.025849 0.015475 
0.011801 0.203453 0.618793 0.050322 0.036681 0.020595 0.010959 0.015216 0.014847 0.017333 
0.023914 0.501146 0.352046 0.029835 0.024357 0.014972 0.010982 0.012377 0.016748 0.013623 
0.005593 0.299885 0.484830 0.072904 0.030359 0.029158 0.020481 0.014275 0.018675 0.023841 
0.014328 0.415146 0.279659 0.086632 0.038435 0.052825 0.030004 0.029378 0.029043 0.024549 
0.028279 0.497163 0.237087 0.074957 0.044442 0.028532 0.028455 0.027591 0.015991 0.017503 
0.006173 0.452816 0.412345 0.050353 0.023937 0.011922 0.008090 0.010535 0.008452 0.015376 
0.040097 0.342489 0.463354 0.047041 0.029841 0.024831 0.012469 0.010829 0.014156 0.014894 
0.028655 0.452664 0.353848 0.031094 0.022688 0.017432 0.025880 0.018605 0.020470 0.028664 
0.012797 0.377165 0.461281 0.050073 0.013391 0.027997 0.012557 0.010418 0.016450 0.017870 
0.038335 0.327371 0.413781 0.081243 0.028682 0.029952 0.022334 0.020576 0.014072 0.023656 
0.042483 0.467433 0.391356 0.018148 0.020221 0.015763 0.009530 0.009552 0.011240 0.014275 
0.055203 0.475526 0.331371 0.060270 0.023829 0.012238 0.016901 0.008787 0.009493 0.006382 
0.050038 0.406784 0.389570 0.055171 0.029020 0.017244 0.016414 0.012865 0.011397 0.011497 
0.014932 0.356705 0.425026 0.058266 0.039805 0.023918 0.023334 0.023790 0.017095 0.017129 
0.004378 0.252351 0.584441 0.055540 0.015380 0.020470 0.018344 0.008217 0.015735 0.025143 
0.011234 0.312590 0.499084 0.056057 0.037652 0.018009 0.026177 0.012370 0.012671 0.014155 
0.000656 0.255192 0.569602 0.055803 0.037772 0.019325 0.019925 0.017008 0.014216 0.010500 
0.008725 0.588491 0.212245 0.051590 0.039768 0.024272 0.024537 0.020590 0.017956 0.011826 
0.034234 0.428555 0.379783 0.057324 0.027575 0.018545 0.016609 0.014534 0.012826 0.010014 
0.019498 0.153704 0.607021 0.052379 0.024255 0.011610 0.015650 0.032975 0.050178 0.032730 
0.000300 0.212459 0.354746 0.075533 0.070002 0.040827 0.059594 0.052980 0.072740 0.060820 
0.016867 0.146621 0.416724 0.114739 0.056201 0.047690 0.028354 0.033648 0.077645 0.061510 
0.028888 0.267816 0.315570 0.116610 0.028030 0.039090 0.059436 0.045372 0.054918 0.044271 
0.023959 0.363575 0.299554 0.063525 0.040421 0.039300 0.042461 0.056700 0.046219 0.024287 
0.015794 0.424703 0.341666 0.044889 0.021594 0.029007 0.036765 0.032045 0.037795 0.015743 
0.016104 0.299206 0.420384 0.060715 0.026465 0.026790 0.038838 0.049494 0.027641 0.034363 
0.003082 0.391662 0.370096 0.054820 0.019124 0.019861 0.051715 0.034551 0.024898 0.030191 
0.030340 0.200798 0.633424 0.052699 0.027467 0.014790 0.011932 0.011396 0.011736 0.005419 
0.000228 0.573678 0.236248 0.062853 0.036316 0.021612 0.022520 0.019081 0.015409 0.012054 
0.071420 0.479285 0.305479 0.051335 0.025554 0.017313 0.016505 0.011956 0.015788 0.005363 
0.034423 0.183821 0.575988 0.081847 0.031857 0.026590 0.021376 0.015679 0.014506 0.013912 
0.019068 0.364098 0.455250 0.061239 0.033755 0.017302 0.011659 0.008581 0.011931 0.017117 
0.008653 0.176832 0.633531 0.072188 0.020297 0.022091 0.018128 0.009603 0.019331 0.019345 
0.016290 0.241787 0.488108 0.067882 0.053850 0.035506 0.031646 0.022853 0.019242 0.022837 
0.023776 0.473277 0.293925 0.069343 0.034697 0.029462 0.022802 0.017395 0.013029 0.022295 
0.016374 0.334001 0.392816 0.082416 0.059157 0.024749 0.028332 0.032687 0.014244 0.015225 
0.022551 0.475284 0.261294 0.082247 0.042109 0.030013 0.027841 0.023322 0.020804 0.014534 
0.010914 0.587881 0.253800 0.070177 0.028528 0.014150 0.014051 0.008160 0.006857 0.005483 
0.050236 0.599465 0.197379 0.042359 0.033503 0.021331 0.016430 0.014411 0.015010 0.009877 
0.049544 0.625980 0.186846 0.042506 0.031007 0.018601 0.013269 0.012409 0.011879 0.007957 
0.035959 0.528731 0.159607 0.084175 0.059404 0.029579 0.033047 0.027291 0.024413 0.017796 
0.100255 0.667165 0.129850 0.049220 0.016466 0.012925 0.005501 0.009015 0.006564 0.003039 
0.022324 0.506602 0.192370 0.089783 0.055695 0.031100 0.031709 0.028239 0.025403 0.016776 
0.048563 0.565590 0.196675 0.054650 0.036548 0.025272 0.023704 0.019742 0.016931 0.012326 
0.056597 0.626845 0.168523 0.044884 0.037820 0.021432 0.016027 0.008956 0.012486 0.006430 
0.036512 0.536237 0.179086 0.092197 0.047944 0.028047 0.030140 0.018567 0.019522 0.011748 
0.010607 0.256200 0.601884 0.063640 0.026627 0.013953 0.007958 0.007273 0.007709 0.004149 
0.011356 0.642209 0.245796 0.037941 0.020101 0.011090 0.009895 0.009726 0.006940 0.004946 
0.003992 0.433850 0.363462 0.066166 0.041737 0.020572 0.023322 0.018004 0.017951 0.010943 
0.036325 0.455445 0.245664 0.083688 0.053620 0.032208 0.029174 0.025124 0.023052 0.015702 
0.021370 0.453948 0.186947 0.086800 0.031306 0.019425 0.043145 0.047735 0.055106 0.054217 
0.000831 0.441896 0.216614 0.102011 0.066815 0.038731 0.028798 0.038407 0.031888 0.034008 
0.068850 0.632372 0.160068 0.043879 0.021631 0.015182 0.014685 0.015062 0.015418 0.012853 
0.040916 0.579918 0.162888 0.047944 0.045910 0.022383 0.030772 0.035364 0.023817 0.010088 
0.025865 0.523481 0.225898 0.061626 0.036809 0.038058 0.020762 0.032482 0.018698 0.016321 
0.058361 0.549815 0.259579 0.031407 0.019044 0.014988 0.015697 0.022218 0.016872 0.012018 
0.036208 0.571336 0.126976 0.097294 0.043520 0.027740 0.027906 0.039311 0.011969 0.017740 
0.068661 0.375569 0.211592 0.147945 0.077439 0.021555 0.025578 0.028892 0.021794 0.020975 
0.031293 0.365122 0.454005 0.064108 0.021510 0.019947 0.015022 0.013205 0.010864 0.004925 
0.059676 0.592334 0.211730 0.043523 0.029455 0.016883 0.017149 0.011730 0.011550 0.005972 
0.019979 0.318376 0.352022 0.098841 0.066267 0.034372 0.037621 0.037606 0.020734 0.014182 
0.030433 0.277012 0.476669 0.077971 0.035907 0.030740 0.019177 0.016435 0.019183 0.016471 
0.019092 0.456626 0.352505 0.048713 0.034411 0.014768 0.017917 0.010605 0.019733 0.025632 
0.004170 0.319064 0.503267 0.070663 0.021310 0.013947 0.019331 0.018823 0.016593 0.012833 
0.025588 0.452941 0.313542 0.082075 0.042616 0.017540 0.016996 0.014366 0.017305 0.017031 
0.006426 0.514552 0.255342 0.073168 0.033988 0.030849 0.022119 0.024279 0.015245 0.024033 
0.035654 0.395918 0.434695 0.046595 0.030629 0.015713 0.009658 0.006720 0.010480 0.013938 
0.025599 0.453178 0.369685 0.047216 0.032449 0.021536 0.006304 0.009297 0.015837 0.018900 
0.061944 0.423253 0.386649 0.039694 0.019169 0.016208 0.013184 0.009965 0.010178 0.019756 
0.012611 0.350372 0.438579 0.067821 0.036407 0.024997 0.014810 0.016818 0.019172 0.018412 
0.043081 0.326092 0.364825 0.102334 0.045290 0.023301 0.027713 0.026780 0.014858 0.025726 
0.051250 0.439079 0.354203 0.056597 0.030254 0.013190 0.014589 0.013476 0.011900 0.015461 
0.017605 0.467273 0.423872 0.040031 0.009471 0.009691 0.007541 0.005674 0.010538 0.008304 
0.027133 0.351831 0.479502 0.035978 0.019223 0.022815 0.018998 0.014834 0.013092 0.016594 
0.027207 0.325211 0.434478 0.075657 0.031600 0.025345 0.025023 0.018480 0.021810 0.015190 
0.008315 0.214770 0.334731 0.125210 0.070906 0.036791 0.037519 0.027538 0.102423 0.041797 
0.010138 0.049123 0.099251 0.297247 0.037031 0.133563 0.040161 0.145474 0.047815 0.140197 
0.009692 0.044431 0.083975 0.229091 0.122513 0.205072 0.049811 0.164977 0.033172 0.057267 
0.001518 0.041014 0.397169 0.211139 0.161663 0.056592 0.027270 0.066621 0.023476 0.013536 
0.005249 0.027161 0.074912 0.603933 0.053009 0.186114 0.017865 0.015460 0.007510 0.008788 
0.000269 0.016100 0.118964 0.397048 0.055303 0.252484 0.064950 0.039213 0.032737 0.022932 
0.005388 0.023671 0.076463 0.263152 0.128386 0.323469 0.063736 0.071999 0.026399 0.017339 
0.000232 0.024319 0.030180 0.366792 0.105078 0.323883 0.031240 0.072948 0.019405 0.025922 
0.000103 0.012801 0.078550 0.362516 0.131058 0.294782 0.059852 0.033159 0.010009 0.017170 
0.001282 0.011663 0.084390 0.307661 0.121926 0.382373 0.043028 0.025619 0.014111 0.007946 
0.008204 0.035954 0.281150 0.215935 0.140734 0.141970 0.062128 0.055436 0.036729 0.021759 
0.000479 0.060499 0.133294 0.138262 0.122775 0.291828 0.075725 0.090681 0.066932 0.019525 
0.006522 0.070908 0.085444 0.300673 0.085045 0.231330 0.042590 0.098486 0.044715 0.034287 
0.007070 0.029343 0.076921 0.413612 0.097321 0.293962 0.037738 0.024280 0.013743 0.006010 
0.013967 0.062644 0.154203 0.440200 0.064154 0.208533 0.011285 0.025205 0.012451 0.007358 
0.010628 0.051586 0.140753 0.456909 0.096392 0.189953 0.018526 0.018030 0.008588 0.008635 
0.003083 0.015779 0.073952 0.264054 0.120599 0.364341 0.067651 0.051017 0.019649 0.019876 
0.002553 0.010363 0.050482 0.287804 0.169342 0.331500 0.072766 0.038243 0.020274 0.016673 
0.006655 0.036392 0.434905 0.107125 0.106443 0.197236 0.051769 0.040596 0.011523 0.007355 
0.009501 0.039195 0.499684 0.142911 0.085207 0.121966 0.039531 0.036522 0.015950 0.009533 
0.002439 0.019674 0.057613 0.158862 0.072587 0.314204 0.144186 0.094975 0.108290 0.027169 
0.013401 0.339789 0.301957 0.107102 0.041835 0.037476 0.030126 0.024037 0.090546 0.013730 
0.007416 0.478105 0.156446 0.063155 0.050851 0.042883 0.049614 0.029487 0.103996 0.018046 
0.030944 0.437447 0.196182 0.071576 0.035008 0.009239 0.038501 0.019193 0.055877 0.106033 
0.045127 0.440119 0.169351 0.049242 0.023264 0.015902 0.038631 0.034002 0.026615 0.157748 
0.036677 0.449963 0.145355 0.059625 0.023612 0.019343 0.066749 0.012456 0.025170 0.161049 
0.026495 0.442375 0.199825 0.100780 0.034161 0.030767 0.078639 0.015428 0.018252 0.053278 
0.073894 0.533411 0.102497 0.135150 0.040440 0.015619 0.029697 0.008156 0.023536 0.037600 
0.021381 0.412247 0.139044 0.164000 0.082269 0.034967 0.022850 0.051013 0.035955 0.036274 
0.057570 0.474375 0.095100 0.108662 0.048642 0.009117 0.081834 0.067058 0.022685 0.034958 
0.050667 0.455341 0.151904 0.149580 0.017855 0.012706 0.080052 0.017275 0.031732 0.032887 
0.024859 0.355755 0.133313 0.227903 0.143354 0.017351 0.044352 0.020059 0.020117 0.012935 
0.007585 0.194323 0.497506 0.104620 0.114609 0.023559 0.018749 0.016695 0.010955 0.011397 
0.007349 0.515512 0.154136 0.131952 0.079783 0.024899 0.027020 0.025768 0.020889 0.012694 
0.027057 0.417446 0.167089 0.260788 0.069557 0.010890 0.016972 0.009637 0.010570 0.009994 
0.013276 0.409452 0.239810 0.096798 0.078394 0.047644 0.035595 0.024935 0.030863 0.023232 
0.025756 0.322380 0.135800 0.105916 0.183487 0.062419 0.039893 0.024813 0.055084 0.044450 
0.008646 0.246440 0.136823 0.150508 0.206249 0.071526 0.098886 0.028875 0.027070 0.024977 
0.034625 0.288365 0.046837 0.228862 0.051091 0.047946 0.242578 0.008488 0.023942 0.027266 
0.013773 0.234338 0.069676 0.248128 0.037008 0.056477 0.242380 0.036648 0.051582 0.009991 
0.020588 0.251964 0.074423 0.358888 0.050480 0.047485 0.090269 0.028623 0.067164 0.010116 
0.023375 0.167911 0.112179 0.426427 0.083930 0.045632 0.073060 0.014114 0.039955 0.013416 
0.000824 0.145401 0.074798 0.425799 0.058817 0.015571 0.152385 0.047284 0.061850 0.017270 
0.021986 0.147925 0.444443 0.177921 0.054286 0.042237 0.067729 0.016137 0.015695 0.011641 
0.035847 0.383828 0.356647 0.080146 0.038712 0.022536 0.032143 0.018848 0.018091 0.013202 
0.069054 0.579441 0.221785 0.043041 0.023398 0.012376 0.013655 0.014046 0.013655 0.009549 
0.026581 0.225334 0.437777 0.085314 0.033940 0.033308 0.090071 0.025389 0.028296 0.013990 
0.031336 0.256112 0.362634 0.141204 0.066657 0.036860 0.039495 0.013596 0.030250 0.021856 
0.015221 0.119967 0.148384 0.328079 0.035580 0.249146 0.046848 0.020853 0.019208 0.016715 
0.005523 0.056861 0.090331 0.232182 0.106916 0.382971 0.050441 0.046591 0.009079 0.019104 
0.007099 0.062968 0.084044 0.189527 0.081141 0.352309 0.089583 0.079052 0.028758 0.025518 
0.002275 0.058687 0.083737 0.193957 0.116351 0.343664 0.063779 0.068809 0.034127 0.034613 
0.000312 0.060436 0.100814 0.215413 0.136258 0.344108 0.053513 0.048556 0.016255 0.024335 
0.009012 0.056204 0.061683 0.196919 0.135237 0.352296 0.081284 0.066110 0.013416 0.027838 
0.004893 0.049047 0.081989 0.204411 0.104547 0.424840 0.047157 0.052592 0.009358 0.021166 
0.003641 0.049155 0.115480 0.210910 0.052282 0.415746 0.064856 0.055194 0.011492 0.021246 
0.003763 0.041832 0.067846 0.189334 0.069946 0.428360 0.090743 0.049478 0.034984 0.023714 
0.006315 0.059314 0.073113 0.168185 0.130806 0.380274 0.082802 0.042367 0.032447 0.024378 
0.006688 0.068446 0.096985 0.157474 0.195958 0.292413 0.071555 0.051461 0.034027 0.024994 
0.000471 0.044685 0.082242 0.306452 0.045666 0.435163 0.022724 0.030469 0.018743 0.013385 
0.005402 0.043144 0.113510 0.272301 0.077240 0.435234 0.015934 0.013370 0.011417 0.012448 
0.009074 0.050478 0.174976 0.196109 0.299472 0.159145 0.039322 0.035575 0.020822 0.015027 
0.018964 0.145886 0.437508 0.134079 0.127505 0.057302 0.027031 0.020713 0.020282 0.010730 
0.037600 0.385747 0.332465 0.073898 0.049932 0.056074 0.022409 0.017623 0.014229 0.010022 
0.058084 0.479211 0.173565 0.096970 0.057416 0.116630 0.006033 0.004116 0.003256 0.004719 
0.001829 0.065315 0.286229 0.207390 0.294251 0.078696 0.033759 0.015339 0.010128 0.007064 
0.010903 0.107002 0.283351 0.221761 0.058803 0.181157 0.027019 0.017594 0.037973 0.054436 
0.021505 0.106990 0.253939 0.208426 0.050624 0.157607 0.053712 0.056830 0.048027 0.042341 
0.000810 0.084317 0.244450 0.222211 0.175810 0.170636 0.041675 0.024694 0.019651 0.015747 
0.030193 0.148962 0.242237 0.176047 0.184812 0.069930 0.046754 0.051178 0.024953 0.024935 
0.004141 0.148975 0.215811 0.353166 0.058868 0.122198 0.038117 0.025514 0.022498 0.010713 
0.004993 0.265163 0.306576 0.251707 0.032388 0.040030 0.035804 0.024073 0.022601 0.016663 
0.006215 0.185413 0.188666 0.349366 0.061897 0.051415 0.069439 0.038420 0.020861 0.028310 
0.034063 0.232347 0.269762 0.246254 0.052238 0.071805 0.027922 0.022615 0.021160 0.021834 
0.003624 0.254804 0.578390 0.052984 0.033121 0.018748 0.019346 0.016084 0.014408 0.008491 
0.010350 0.587131 0.219817 0.048857 0.034597 0.024140 0.024725 0.020521 0.017497 0.012365 
0.022034 0.362965 0.447719 0.053115 0.031708 0.024029 0.011680 0.015154 0.018637 0.012959 
0.018880 0.177691 0.637254 0.045467 0.016978 0.039980 0.018850 0.012085 0.010259 0.022557 
0.006565 0.355335 0.425400 0.071553 0.031453 0.039117 0.017536 0.018537 0.018224 0.016279 
0.003456 0.218907 0.537569 0.085895 0.036191 0.041593 0.023696 0.009193 0.014258 0.029242 
0.015758 0.377504 0.278453 0.103759 0.039116 0.047672 0.049553 0.028865 0.027340 0.031981 
0.032155 0.182005 0.403612 0.132201 0.111643 0.039723 0.023255 0.032276 0.027735 0.015394 
0.039786 0.458076 0.325406 0.079128 0.034999 0.020565 0.010310 0.013645 0.011373 0.006712 
0.007778 0.514044 0.325966 0.035005 0.042266 0.016151 0.019547 0.015588 0.014564 0.009093 
0.016753 0.590567 0.259056 0.051480 0.042836 0.008059 0.008856 0.009762 0.008385 0.004247 
0.083615 0.563179 0.198589 0.053113 0.031582 0.015106 0.016837 0.014157 0.016199 0.007621 
0.027296 0.457652 0.236352 0.080010 0.054425 0.035246 0.035822 0.031778 0.024056 0.017362 
0.061638 0.570834 0.186068 0.050850 0.043264 0.021544 0.018507 0.021575 0.015779 0.009941 
0.083554 0.650912 0.128512 0.060604 0.028806 0.014716 0.012637 0.007324 0.008012 0.004923 
0.010137 0.531606 0.214294 0.065164 0.056353 0.021788 0.035594 0.025654 0.022016 0.017393 
0.091999 0.608094 0.224391 0.025845 0.014996 0.010965 0.008470 0.005853 0.006091 0.003296 
0.019053 0.473509 0.212707 0.099615 0.055170 0.036616 0.033366 0.030264 0.024354 0.015346 
0.084974 0.569198 0.154189 0.075336 0.025118 0.029805 0.017801 0.017161 0.015640 0.010776 
0.013778 0.313317 0.490650 0.054398 0.037592 0.021158 0.022300 0.018998 0.015932 0.011877 
0.015979 0.543668 0.228172 0.060134 0.039341 0.029883 0.027141 0.022306 0.019903 0.013472 
0.048381 0.528780 0.212129 0.074298 0.040387 0.025624 0.022583 0.018321 0.017298 0.012199 
0.006465 0.427705 0.334059 0.069961 0.060335 0.030761 0.029761 0.015341 0.011413 0.014198 
0.047642 0.432186 0.199840 0.066872 0.042824 0.032584 0.048942 0.039572 0.048198 0.041341 
0.024407 0.515040 0.195565 0.065770 0.055535 0.020171 0.031503 0.017451 0.040074 0.034484 
0.079355 0.640301 0.064924 0.064442 0.023372 0.025621 0.033396 0.023649 0.026116 0.018824 
0.038862 0.510750 0.165490 0.082943 0.055025 0.037200 0.034314 0.022887 0.031392 0.021138 
0.099350 0.519570 0.230741 0.046082 0.026400 0.020743 0.017990 0.016979 0.015903 0.006241 
0.038854 0.508036 0.207242 0.057746 0.048776 0.023924 0.033635 0.034341 0.026323 0.021123 
0.062122 0.599394 0.154295 0.057342 0.028243 0.015237 0.026717 0.021727 0.018859 0.016065 
0.027490 0.205425 0.628065 0.061513 0.028178 0.013671 0.010959 0.010719 0.009063 0.004917 
0.004135 0.562818 0.242201 0.062229 0.036811 0.021938 0.021775 0.019464 0.016625 0.012003 
0.063635 0.478607 0.290579 0.057114 0.031042 0.020432 0.019819 0.014016 0.017603 0.007152 
0.007974 0.256126 0.523034 0.082061 0.034811 0.028582 0.020494 0.013745 0.015466 0.017707 
0.009189 0.440341 0.378922 0.058338 0.038109 0.018718 0.014051 0.014245 0.011409 0.016678 
0.003748 0.300109 0.540037 0.061990 0.022387 0.015993 0.011063 0.012415 0.016245 0.016014 
0.019294 0.295515 0.381795 0.093755 0.066364 0.038586 0.034684 0.027313 0.020659 0.022035 
0.006102 0.516471 0.293971 0.060141 0.035357 0.024872 0.018657 0.010859 0.011210 0.022359 
0.033691 0.496105 0.327053 0.046501 0.030685 0.019967 0.007704 0.010645 0.011169 0.016480 
0.039191 0.352979 0.392230 0.082417 0.045315 0.018650 0.021734 0.014725 0.019960 0.012800 
0.021924 0.514747 0.274930 0.036049 0.043463 0.027486 0.022211 0.014871 0.021733 0.022585 
0.012967 0.319576 0.520094 0.051613 0.019556 0.016650 0.013027 0.011248 0.015003 0.020267 
0.031176 0.490986 0.310505 0.052742 0.032081 0.022101 0.008528 0.018063 0.022485 0.011333 
0.032991 0.459932 0.321153 0.079525 0.029564 0.017433 0.012497 0.016620 0.012191 0.018094 
0.023373 0.375872 0.336164 0.084761 0.043227 0.029608 0.029455 0.031679 0.025886 0.019974 
0.039018 0.353116 0.343392 0.087307 0.050748 0.031547 0.029312 0.025363 0.022993 0.017205 
0.010050 0.320859 0.403731 0.083038 0.056359 0.030169 0.029240 0.023869 0.024105 0.018579 
0.001987 0.302118 0.442346 0.090819 0.041742 0.015338 0.014114 0.013758 0.044008 0.033769 
0.019368 0.115707 0.116617 0.164355 0.149671 0.078499 0.059108 0.081850 0.115800 0.099025 
0.028445 0.184097 0.563976 0.044350 0.042022 0.027531 0.024106 0.019803 0.044838 0.020832 
0.002064 0.460279 0.177836 0.095859 0.053287 0.045366 0.035728 0.054537 0.040534 0.034511 
0.068691 0.499252 0.256458 0.045006 0.034496 0.018632 0.025152 0.026431 0.016772 0.009110 
0.013484 0.117250 0.247210 0.070582 0.078614 0.104852 0.121793 0.070643 0.088211 0.087362 
0.003297 0.131416 0.157423 0.063315 0.145527 0.113317 0.078931 0.070284 0.111757 0.124734 
0.005603 0.047357 0.197951 0.253662 0.072051 0.187141 0.079764 0.114667 0.024820 0.016984 
0.006620 0.041361 0.071681 0.192921 0.062889 0.242282 0.061797 0.228216 0.030151 0.062084 
0.000551 0.064064 0.066349 0.131943 0.106654 0.159327 0.059937 0.287488 0.052324 0.071363 
0.012728 0.149194 0.116091 0.070686 0.118490 0.173418 0.202505 0.112278 0.023663 0.020948 
0.025180 0.153059 0.188184 0.129016 0.229055 0.096663 0.066090 0.074545 0.014439 0.023770 
0.001913 0.053984 0.112888 0.329039 0.072544 0.228348 0.077425 0.080633 0.025171 0.018056 
0.009259 0.058759 0.097099 0.318026 0.074106 0.195085 0.115471 0.058870 0.048220 0.025106 
0.027157 0.298684 0.370964 0.050110 0.023160 0.086545 0.033006 0.042615 0.014512 0.053248 
0.049387 0.394919 0.135460 0.090701 0.030785 0.114777 0.021043 0.059592 0.018698 0.084639 
0.010041 0.087992 0.183600 0.150674 0.066029 0.206831 0.022311 0.164237 0.028929 0.079357 
0.019454 0.145930 0.535521 0.078452 0.068328 0.041862 0.038673 0.036616 0.019534 0.015629 
0.037078 0.406358 0.368849 0.067938 0.032478 0.021313 0.022124 0.021245 0.014671 0.007946 
0.069364 0.566790 0.258924 0.021312 0.010767 0.024184 0.008888 0.027082 0.006886 0.005803 
0.032100 0.231770 0.362063 0.080222 0.054204 0.084244 0.045878 0.064692 0.009267 0.035560 
0.035496 0.221839 0.476880 0.103851 0.052905 0.037271 0.023050 0.023107 0.012780 0.012821 
0.007015 0.511870 0.251525 0.138540 0.024445 0.013985 0.026570 0.014005 0.006409 0.005636 
0.011352 0.450505 0.255232 0.186675 0.034201 0.011513 0.029304 0.006067 0.008320 0.006831 
0.020485 0.429265 0.175202 0.240061 0.051439 0.021237 0.019433 0.014847 0.013765 0.014266 
0.060779 0.482841 0.145045 0.145015 0.089902 0.022455 0.016992 0.016275 0.012744 0.007952 
0.015290 0.479990 0.203943 0.097263 0.060152 0.037435 0.030475 0.033172 0.025563 0.016716 
0.057829 0.609767 0.188183 0.045871 0.026542 0.016914 0.019892 0.012917 0.010591 0.011493 
0.068916 0.617330 0.109767 0.098173 0.027129 0.025452 0.029272 0.008412 0.009756 0.005793 
0.001020 0.322875 0.140439 0.103630 0.045621 0.020398 0.260005 0.028492 0.023351 0.054170 
0.048675 0.320078 0.131701 0.066570 0.013962 0.014115 0.098222 0.056997 0.050798 0.198883 
0.024747 0.293787 0.058004 0.077863 0.031315 0.020932 0.138945 0.060977 0.050392 0.243038 
0.052981 0.395053 0.084975 0.095671 0.046465 0.011179 0.126732 0.027524 0.032271 0.127149 
0.036189 0.385238 0.363360 0.090655 0.026977 0.024348 0.025645 0.012982 0.014381 0.020226 
0.023960 0.372445 0.164508 0.134958 0.025396 0.010353 0.086052 0.041268 0.042643 0.098417 
0.042494 0.328098 0.123248 0.202848 0.085160 0.023778 0.079364 0.011696 0.016719 0.086593 
0.004565 0.249299 0.178732 0.262434 0.044501 0.015996 0.091919 0.013194 0.032140 0.107220 
0.034380 0.250626 0.105834 0.209984 0.031883 0.033416 0.186321 0.047699 0.019941 0.079918 
0.009741 0.178560 0.063308 0.107397 0.049198 0.046038 0.411857 0.045864 0.035907 0.052129 
0.028427 0.226049 0.069322 0.123743 0.051717 0.089962 0.268369 0.051026 0.067983 0.023402 
0.003841 0.165834 0.082172 0.104858 0.054313 0.135757 0.343603 0.025539 0.062954 0.021128 
0.025648 0.229304 0.098333 0.177697 0.067893 0.180487 0.150989 0.033189 0.021988 0.014474 
0.019772 0.164086 0.040660 0.218907 0.040705 0.098069 0.321285 0.034403 0.041904 0.020209 
0.024735 0.238008 0.117920 0.255263 0.023831 0.052494 0.188698 0.016606 0.062702 0.019743 
0.006448 0.170733 0.595016 0.125320 0.026194 0.010500 0.028022 0.005653 0.022055 0.010060 
0.000980 0.509674 0.159602 0.194208 0.026023 0.009460 0.051172 0.008083 0.028580 0.012219 
0.021062 0.256810 0.190797 0.327262 0.054562 0.016881 0.071903 0.012640 0.029062 0.019020 
0.000423 0.043602 0.191484 0.385027 0.070101 0.031246 0.199555 0.032309 0.026689 0.019563 
0.006987 0.104689 0.110821 0.428372 0.061607 0.022816 0.169581 0.034027 0.036611 0.024491 
0.011396 0.076395 0.120327 0.303578 0.027853 0.067142 0.267687 0.055443 0.046435 0.023742 
0.002163 0.037187 0.055010 0.209665 0.076256 0.372850 0.145445 0.053940 0.031080 0.016403 
0.014665 0.121350 0.095347 0.240168 0.072193 0.382852 0.031767 0.020954 0.007836 0.012868 
0.011674 0.094361 0.132369 0.189746 0.094347 0.335965 0.064159 0.042141 0.021347 0.013890 
0.006395 0.056536 0.134352 0.275301 0.102294 0.304345 0.051736 0.029640 0.021774 0.017627 
0.009959 0.085882 0.115250 0.389146 0.111309 0.222264 0.034250 0.020202 0.007495 0.004242 
0.002521 0.060194 0.132732 0.440208 0.073944 0.167254 0.042933 0.033402 0.025283 0.021529 
0.006229 0.055776 0.138505 0.491865 0.075314 0.124015 0.047126 0.025625 0.022363 0.013182 
0.004537 0.094691 0.111281 0.475304 0.083549 0.136607 0.036562 0.014805 0.030309 0.012354 
0.014541 0.100605 0.156570 0.439269 0.110781 0.115750 0.021563 0.015829 0.014939 0.010153 
0.017681 0.119484 0.338192 0.226513 0.177564 0.065212 0.021043 0.006473 0.020693 0.007146 
0.001097 0.086792 0.126067 0.462877 0.053286 0.164850 0.041034 0.025917 0.020952 0.017129 
0.011978 0.074107 0.191504 0.464564 0.073895 0.089808 0.031292 0.026574 0.020721 0.015558 
0.007784 0.072097 0.216223 0.413596 0.098649 0.115405 0.047908 0.008332 0.010921 0.009083 
0.011922 0.188102 0.678875 0.055383 0.024355 0.012063 0.010041 0.006387 0.007203 0.005667 
0.009267 0.706954 0.203053 0.032386 0.013031 0.009150 0.010788 0.005335 0.005956 0.004081 
0.069075 0.517372 0.271424 0.051444 0.022530 0.025568 0.014549 0.009262 0.011700 0.007076 
0.020495 0.171838 0.565450 0.100084 0.060532 0.021006 0.023604 0.014843 0.010697 0.011451 
0.002360 0.192060 0.299584 0.105362 0.041065 0.055256 0.060480 0.057189 0.093264 0.093380 
0.007456 0.066240 0.441431 0.124008 0.062499 0.059636 0.049271 0.070408 0.053337 0.065714 
0.020947 0.219105 0.368272 0.133061 0.033939 0.047259 0.050696 0.041484 0.040817 0.044420 
0.008896 0.385183 0.281332 0.076679 0.044978 0.028919 0.041982 0.049420 0.056746 0.025866 
0.007982 0.224037 0.207872 0.187892 0.254503 0.057862 0.026876 0.012287 0.013156 0.007533 
0.052993 0.297122 0.325790 0.107054 0.043410 0.044363 0.030633 0.034290 0.031227 0.033118 
0.003663 0.099520 0.110436 0.176702 0.283448 0.227383 0.055096 0.013301 0.023077 0.007373 
0.017499 0.135730 0.425137 0.057327 0.157715 0.069710 0.049711 0.034870 0.033873 0.018429 
0.034245 0.352673 0.362347 0.048241 0.115722 0.020984 0.026250 0.017922 0.012830 0.008786 
0.049780 0.350206 0.251380 0.106563 0.118904 0.049369 0.028671 0.018054 0.015164 0.011909 
0.008208 0.069476 0.388063 0.198447 0.241640 0.048828 0.021430 0.004006 0.016259 0.003642 
0.006842 0.060900 0.299155 0.106667 0.341305 0.112218 0.032376 0.014867 0.021407 0.004263 
0.007295 0.040682 0.348188 0.130609 0.212817 0.091719 0.061567 0.045335 0.043971 0.017818 
0.012373 0.075363 0.374748 0.177767 0.161305 0.081051 0.048640 0.029546 0.020790 0.018418 
0.007286 0.067083 0.280072 0.181340 0.318174 0.076531 0.030720 0.005807 0.026699 0.006286 
0.024344 0.217537 0.419966 0.107705 0.126994 0.039874 0.021455 0.020250 0.010222 0.011650 
0.009616 0.466811 0.229071 0.068790 0.115398 0.045214 0.023572 0.019151 0.015160 0.007218 
0.001186 0.440398 0.241117 0.122648 0.045836 0.100901 0.011385 0.011934 0.007907 0.016686 
0.018244 0.420868 0.191978 0.177737 0.039411 0.092187 0.015521 0.012099 0.007571 0.024385 
0.044589 0.459965 0.177383 0.173547 0.043484 0.059384 0.010607 0.006853 0.008003 0.016185 
0.017728 0.379785 0.186864 0.194885 0.096346 0.045837 0.021322 0.020233 0.020564 0.016437 
