Rude,Magic
0.000000 0.000000 0.000000 0.000000 0.000000 0.000000 0.000000 0.000000 0.000000 0.000000 
0.000000 0.000000 0.000000 0.000000 0.000000 0.000000 0.000000 0.000000 0.000000 0.000000 
0.000000 0.000000 0.000000 0.000000 0.000000 0.000000 0.000000 0.000000 0.000000 0.000000 
0.000000 0.000000 0.000000 0.000000 0.000000 0.000000 0.000000 0.000000 0.000000 0.000000 
0.000000 0.000000 0.000000 0.000000 0.000000 0.000000 0.000000 0.000000 0.000000 0.000000 
0.000000 0.000000 0.000000 0.000000 0.000000 0.000000 0.000000 0.000000 0.000000 0.000000 
0.000000 0.000000 0.000000 0.000000 0.000000 0.000000 0.000000 0.000000 0.000000 0.000000 
0.000000 0.000000 0.000000 0.000000 0.000000 0.000000 0.000000 0.000000 0.000000 0.000000 
0.000000 0.000000 0.000000 0.000000 0.000000 0.000000 0.000000 0.000000 0.000000 0.000000 
0.000000 0.000000 0.000000 0.000000 0.000000 0.000000 0.000000 0.000000 0.000000 0.000000 
0.139670 0.431984 0.114025 0.083975 0.057311 0.045281 0.032134 0.021429 0.035343 0.038847 
0.199168 0.439462 0.098204 0.061642 0.047629 0.031102 0.041739 0.035960 0.016797 0.028297 
0.047886 0.488644 0.173798 0.052240 0.032437 0.030365 0.050658 0.028131 0.049618 0.046224 
0.026801 0.331036 0.218131 0.144394 0.044199 0.056409 0.048133 0.041306 0.043951 0.045641 
0.033565 0.219813 0.241621 0.128999 0.081934 0.090911 0.067327 0.034436 0.041037 0.060357 
0.003032 0.190173 0.276782 0.135910 0.091642 0.096452 0.060735 0.053950 0.049990 0.041334 
0.009381 0.223375 0.270132 0.124871 0.096806 0.065000 0.064224 0.060679 0.041113 0.044420 
0.014719 0.241286 0.309050 0.136609 0.097776 0.040850 0.043809 0.050598 0.040932 0.024370 
0.015804 0.177096 0.343399 0.155603 0.074135 0.073786 0.041818 0.060900 0.037373 0.020085 
0.013857 0.156421 0.336238 0.146499 0.081765 0.069939 0.053051 0.063100 0.050688 0.028442 
0.017815 0.166121 0.375284 0.142864 0.061676 0.043474 0.063591 0.058181 0.038593 0.032399 
0.009167 0.285795 0.239365 0.107340 0.087663 0.066335 0.057309 0.047385 0.059836 0.039805 
0.074773 0.274282 0.220758 0.120764 0.063662 0.061662 0.064407 0.033378 0.041923 0.044391 
0.013019 0.256277 0.252045 0.140415 0.093607 0.060672 0.086654 0.031544 0.046888 0.018880 
0.033778 0.151907 0.369452 0.175365 0.089108 0.036220 0.045869 0.050929 0.031136 0.016235 
0.004836 0.038599 0.075569 0.115981 0.036037 0.125322 0.121211 0.152336 0.178032 0.152077 
0.005029 0.022406 0.043957 0.080083 0.042557 0.140343 0.030057 0.147952 0.104142 0.383473 
0.002739 0.017358 0.075587 0.163473 0.078676 0.106554 0.132180 0.182543 0.095489 0.145400 
0.001559 0.013872 0.056248 0.153267 0.142817 0.078468 0.118461 0.123395 0.096045 0.215867 
0.003538 0.034336 0.060878 0.104090 0.066676 0.097711 0.038425 0.090605 0.095791 0.407951 
0.004429 0.013735 0.033643 0.087306 0.087928 0.058615 0.103192 0.085526 0.186491 0.339134 
0.006610 0.056103 0.111085 0.088469 0.157251 0.131464 0.084886 0.069997 0.094059 0.200077 
0.008025 0.050556 0.135509 0.088775 0.145973 0.168006 0.085103 0.125249 0.084535 0.108268 
0.004189 0.042392 0.142067 0.103676 0.176513 0.182422 0.066738 0.082404 0.118398 0.081202 
0.008263 0.035634 0.162769 0.162497 0.199128 0.135111 0.071940 0.067947 0.094106 0.062604 
0.007055 0.083868 0.208799 0.069132 0.121473 0.045312 0.048659 0.091644 0.182789 0.141269 
0.002961 0.089055 0.124732 0.080019 0.179099 0.092410 0.092016 0.101630 0.119601 0.118477 
0.014054 0.097111 0.049854 0.048335 0.151294 0.115888 0.038224 0.044922 0.109493 0.330825 
0.004693 0.129911 0.079196 0.051415 0.043489 0.076458 0.049253 0.088270 0.135341 0.341973 
0.002619 0.063190 0.036890 0.042542 0.085225 0.092498 0.227915 0.223036 0.149448 0.076638 
0.000344 0.006737 0.034711 0.058843 0.191711 0.314277 0.204070 0.077546 0.070657 0.041103 
0.000239 0.012233 0.019511 0.059272 0.276688 0.231751 0.162844 0.162678 0.051512 0.023271 
0.001664 0.006090 0.012969 0.063606 0.275525 0.262648 0.160602 0.103144 0.057764 0.055989 
0.006636 0.128804 0.121418 0.070524 0.058803 0.047580 0.074259 0.052452 0.111114 0.328410 
0.006611 0.042631 0.147533 0.132552 0.098480 0.060218 0.130893 0.083082 0.239213 0.058787 
0.002876 0.022676 0.159896 0.160001 0.083538 0.098803 0.094634 0.098608 0.234987 0.043981 
0.007591 0.023010 0.233212 0.282706 0.079367 0.124982 0.092986 0.085250 0.047126 0.023770 
0.016138 0.059324 0.288545 0.311298 0.093686 0.083168 0.038986 0.055538 0.035449 0.017868 
0.024270 0.062923 0.178279 0.153462 0.118508 0.138255 0.063378 0.043348 0.140953 0.076625 
0.004376 0.023179 0.205466 0.128287 0.084113 0.023699 0.139777 0.156908 0.188608 0.045588 
0.006586 0.021217 0.056083 0.180154 0.030579 0.123072 0.071665 0.329381 0.109184 0.072081 
0.006081 0.005688 0.032691 0.179625 0.057111 0.087521 0.102540 0.149743 0.286645 0.092354 
0.000911 0.015512 0.027046 0.165070 0.059870 0.087313 0.211450 0.088391 0.292684 0.051752 
0.005921 0.022256 0.036706 0.205235 0.106829 0.156757 0.250862 0.044867 0.136964 0.033603 
0.011112 0.050107 0.112435 0.103511 0.236908 0.147016 0.113840 0.106818 0.094798 0.023454 
0.019369 0.030891 0.095549 0.062354 0.122739 0.078216 0.084737 0.214478 0.197822 0.093846 
0.000359 0.015742 0.055301 0.504797 0.132163 0.064139 0.100960 0.042823 0.053431 0.030286 
0.004806 0.028474 0.069192 0.424572 0.052009 0.084619 0.172452 0.057383 0.058370 0.048123 
0.003139 0.017555 0.032679 0.224706 0.084107 0.110414 0.166214 0.181066 0.091429 0.088691 
0.002080 0.004006 0.020996 0.252360 0.051034 0.130804 0.217655 0.193520 0.049443 0.078102 
0.000406 0.021183 0.043553 0.288957 0.054431 0.141775 0.150670 0.093536 0.130289 0.075199 
0.004444 0.018725 0.043244 0.227361 0.054914 0.165106 0.137575 0.091750 0.151666 0.105217 
0.000807 0.004644 0.021124 0.358269 0.106694 0.111944 0.168256 0.120361 0.066770 0.041132 
0.005634 0.023091 0.037588 0.232924 0.044696 0.106994 0.337850 0.123406 0.069095 0.018722 
0.001416 0.006675 0.011722 0.148459 0.034746 0.145933 0.391141 0.152296 0.078698 0.028914 
0.005655 0.021929 0.032948 0.154747 0.058038 0.130855 0.351051 0.115482 0.101257 0.028038 
0.009161 0.036932 0.061392 0.224427 0.035929 0.102429 0.348460 0.070826 0.092916 0.017528 
0.003770 0.031711 0.066044 0.420880 0.040711 0.069175 0.070662 0.069040 0.091723 0.136283 
0.005533 0.027715 0.075146 0.466829 0.050015 0.085793 0.076337 0.052033 0.078119 0.082480 
0.004254 0.019074 0.043965 0.217954 0.059308 0.306273 0.081281 0.164294 0.043807 0.059792 
0.011736 0.034204 0.066376 0.141311 0.070571 0.312817 0.054846 0.199537 0.057455 0.051147 
0.003824 0.019908 0.040174 0.135754 0.032894 0.283249 0.114984 0.260048 0.042751 0.066414 
0.003504 0.013014 0.033590 0.152675 0.031073 0.413926 0.037408 0.211979 0.038118 0.064713 
0.003929 0.023557 0.043729 0.119144 0.060408 0.323327 0.102847 0.207401 0.050484 0.065174 
0.003314 0.004801 0.031414 0.274991 0.100820 0.201483 0.048663 0.217057 0.054360 0.063097 
0.003184 0.015200 0.045467 0.274811 0.064121 0.197107 0.131992 0.100600 0.118644 0.048873 
0.003943 0.012184 0.037625 0.229698 0.053705 0.208509 0.153507 0.072497 0.174637 0.053695 
0.004489 0.016634 0.041086 0.300663 0.038582 0.206999 0.083500 0.148110 0.111471 0.048466 
0.000119 0.007622 0.029109 0.380178 0.049866 0.236035 0.028133 0.134909 0.072822 0.061207 
0.013130 0.051672 0.108453 0.349049 0.032357 0.257817 0.042356 0.073923 0.036476 0.034767 
0.012279 0.055262 0.158670 0.343952 0.059587 0.160727 0.037572 0.074340 0.034745 0.062866 
0.010484 0.052066 0.134652 0.261272 0.142150 0.179423 0.070134 0.057423 0.038711 0.053685 
0.000176 0.020883 0.218762 0.295814 0.174823 0.089095 0.062044 0.066016 0.040604 0.031783 
0.008148 0.039784 0.277820 0.356766 0.095151 0.055628 0.052460 0.048167 0.043008 0.023068 
0.003986 0.023076 0.434757 0.233995 0.106620 0.042753 0.056302 0.049753 0.034879 0.013879 
0.004015 0.040703 0.191966 0.202427 0.131104 0.057851 0.063843 0.157059 0.085350 0.065680 
0.005573 0.026239 0.057260 0.234096 0.070402 0.341206 0.111288 0.067559 0.053038 0.033338 
0.003995 0.019271 0.046532 0.120598 0.049086 0.371912 0.124377 0.062818 0.167397 0.034015 
0.003021 0.012868 0.030224 0.124800 0.037444 0.094419 0.325049 0.039793 0.277201 0.055180 
0.004572 0.016951 0.032672 0.136542 0.033034 0.096726 0.408054 0.075128 0.165541 0.030779 
0.009958 0.039637 0.037787 0.307926 0.101365 0.096855 0.187154 0.046386 0.124930 0.048001 
0.011713 0.031200 0.034610 0.590525 0.075295 0.090656 0.070358 0.016787 0.063465 0.015390 
0.009574 0.059453 0.218786 0.129567 0.109593 0.100550 0.139997 0.084686 0.077144 0.070651 
0.000072 0.012941 0.022534 0.174527 0.088249 0.065285 0.353937 0.088774 0.145160 0.048522 
0.000364 0.021461 0.030772 0.098907 0.060738 0.083209 0.222666 0.083259 0.191684 0.206941 
0.004959 0.006356 0.022800 0.080381 0.054404 0.066992 0.242609 0.070242 0.240101 0.211156 
0.000667 0.010024 0.019211 0.083624 0.060605 0.051015 0.306173 0.046222 0.209058 0.213401 
0.001778 0.007482 0.007186 0.128247 0.080846 0.074199 0.391455 0.076546 0.140132 0.092129 
0.004757 0.016337 0.018009 0.184697 0.088670 0.088423 0.383274 0.038386 0.130908 0.046540 
0.001530 0.007091 0.017880 0.207701 0.190257 0.092439 0.190264 0.046786 0.209321 0.036731 
0.002968 0.016847 0.050125 0.210062 0.219698 0.149317 0.111689 0.082867 0.075588 0.080839 
0.001848 0.022364 0.033429 0.236372 0.042148 0.144288 0.095836 0.273381 0.084900 0.065435 
0.007248 0.042563 0.059078 0.246593 0.085164 0.122883 0.069759 0.071435 0.183147 0.112131 
0.000349 0.025642 0.038985 0.172921 0.139694 0.242721 0.150362 0.069780 0.081506 0.078041 
0.003780 0.007484 0.026156 0.133490 0.108876 0.436716 0.079780 0.106572 0.063770 0.033375 
0.009099 0.025601 0.041086 0.103660 0.103260 0.377893 0.098249 0.181991 0.050061 0.009101 
0.005517 0.019924 0.044923 0.114798 0.075036 0.365852 0.117032 0.192488 0.020219 0.044210 
0.000540 0.010523 0.034203 0.110274 0.087810 0.367447 0.112374 0.154913 0.071035 0.050880 
0.003160 0.020565 0.019575 0.112471 0.042014 0.514519 0.086939 0.138979 0.030205 0.031573 
0.000672 0.007269 0.005140 0.096520 0.082284 0.478061 0.099000 0.117287 0.069839 0.043927 
0.000525 0.011812 0.031217 0.146359 0.090251 0.363688 0.112500 0.135937 0.051005 0.056707 
0.001603 0.024799 0.028129 0.138257 0.078722 0.337756 0.111543 0.159321 0.059090 0.060780 
0.000064 0.012205 0.024011 0.149799 0.052290 0.378777 0.119291 0.094896 0.054190 0.114479 
0.000490 0.012025 0.040891 0.160971 0.071401 0.321724 0.135042 0.114289 0.065632 0.077535 
0.004338 0.021608 0.032100 0.311617 0.109866 0.223113 0.090222 0.094234 0.055906 0.056997 
0.008134 0.029016 0.082127 0.415833 0.079522 0.141489 0.096771 0.053793 0.059907 0.033408 
0.001730 0.016342 0.033779 0.194173 0.126030 0.094405 0.167118 0.078740 0.103706 0.183977 
0.003638 0.019724 0.034746 0.301293 0.205610 0.106478 0.081772 0.113367 0.050413 0.082956 
0.016693 0.030211 0.082204 0.276883 0.131080 0.145100 0.154825 0.050913 0.049977 0.062115 
0.017866 0.041428 0.099950 0.395877 0.073301 0.123323 0.131583 0.046736 0.039067 0.030869 
0.016916 0.057819 0.076741 0.243721 0.086600 0.107547 0.212881 0.066474 0.066738 0.064564 
0.002790 0.036032 0.045572 0.143681 0.173579 0.051398 0.095895 0.191965 0.097672 0.161415 
0.000416 0.025165 0.018802 0.091623 0.257560 0.052114 0.090830 0.320067 0.092039 0.051383 
0.004383 0.027478 0.024883 0.105016 0.253461 0.031909 0.124880 0.330345 0.072571 0.025072 
0.015043 0.050212 0.053278 0.101504 0.137235 0.102451 0.236049 0.112626 0.094349 0.097253 
0.003019 0.033143 0.034606 0.144069 0.202417 0.177864 0.243164 0.082554 0.055365 0.023800 
0.008689 0.026728 0.047115 0.052492 0.247241 0.203897 0.218603 0.088038 0.072999 0.034197 
0.024913 0.057799 0.061277 0.076443 0.056195 0.077860 0.375951 0.072451 0.116258 0.080851 
0.026812 0.077422 0.072658 0.088599 0.036658 0.083648 0.355147 0.051545 0.081430 0.126079 
0.000687 0.028867 0.052509 0.067396 0.145827 0.151497 0.300483 0.087779 0.107898 0.057057 
0.001018 0.014063 0.026497 0.047618 0.152605 0.103287 0.162231 0.309564 0.073105 0.110012 
0.001842 0.020936 0.033807 0.051646 0.123536 0.077932 0.184562 0.243442 0.203791 0.058508 
0.011771 0.020678 0.025017 0.070173 0.163260 0.032998 0.126583 0.172076 0.249419 0.128023 
0.005321 0.022240 0.027485 0.062755 0.228624 0.019491 0.068027 0.167510 0.240672 0.157876 
0.002854 0.023542 0.027861 0.075564 0.281031 0.045923 0.123476 0.180220 0.115644 0.123886 
0.007994 0.047555 0.179192 0.074007 0.227759 0.040927 0.126195 0.203721 0.064948 0.027703 
0.000153 0.057945 0.223433 0.242421 0.147880 0.028060 0.102316 0.086244 0.045411 0.066137 
0.019143 0.142460 0.156474 0.164045 0.070507 0.036588 0.186665 0.066481 0.123415 0.034223 
0.016481 0.097371 0.184399 0.193554 0.119389 0.026510 0.117775 0.076101 0.103765 0.064655 
0.013404 0.081571 0.233665 0.218027 0.101233 0.093784 0.075649 0.045004 0.072121 0.065543 
0.005942 0.030926 0.287988 0.084438 0.196227 0.183691 0.067205 0.050421 0.044272 0.048890 
0.002686 0.018799 0.201246 0.082252 0.236326 0.059640 0.211029 0.046876 0.065478 0.075668 
0.005634 0.029731 0.200524 0.105527 0.187456 0.131633 0.170603 0.036727 0.049793 0.082373 
0.006870 0.049752 0.257259 0.050979 0.139061 0.128895 0.182243 0.074306 0.042666 0.067969 
0.001520 0.014773 0.198720 0.021303 0.108970 0.097420 0.298493 0.095708 0.035690 0.127403 
0.002941 0.015228 0.188124 0.030271 0.126603 0.024386 0.326675 0.101545 0.024806 0.159422 
0.005385 0.050312 0.369762 0.058303 0.148877 0.053509 0.134665 0.055316 0.053614 0.070257 
0.008229 0.042046 0.330711 0.101883 0.111408 0.057858 0.127335 0.049148 0.085194 0.086188 
0.002805 0.015143 0.189028 0.080692 0.160217 0.057293 0.288909 0.032072 0.104752 0.069090 
0.014199 0.046618 0.134541 0.043776 0.121093 0.048001 0.325236 0.050809 0.160558 0.055169 
0.004551 0.024184 0.148920 0.061271 0.093069 0.036328 0.281249 0.093149 0.166440 0.090839 
0.004816 0.033203 0.187034 0.052803 0.139357 0.063474 0.270528 0.056990 0.161723 0.030071 
0.010495 0.037008 0.166536 0.226894 0.091654 0.064921 0.101129 0.180322 0.084829 0.036213 
0.006926 0.030292 0.060355 0.316908 0.131096 0.090223 0.132416 0.145487 0.060234 0.026064 
0.009807 0.038077 0.078143 0.376991 0.043761 0.116534 0.147773 0.106431 0.051270 0.031211 
0.018825 0.061227 0.110703 0.377343 0.048985 0.108252 0.156012 0.070524 0.036720 0.011408 
0.004382 0.020517 0.091680 0.198253 0.252890 0.240250 0.093184 0.048347 0.024360 0.026139 
0.001853 0.023597 0.061027 0.166083 0.204708 0.269669 0.071315 0.098405 0.048498 0.054844 
0.000373 0.028854 0.091624 0.160867 0.207513 0.193034 0.066047 0.154510 0.048543 0.048635 
0.004869 0.028006 0.129689 0.171993 0.230570 0.130085 0.053351 0.165410 0.027301 0.058725 
0.010707 0.036742 0.160100 0.165552 0.242351 0.113848 0.109448 0.087046 0.034196 0.040010 
0.000684 0.104387 0.148255 0.087060 0.073193 0.108767 0.193610 0.100618 0.103445 0.079980 
0.000888 0.119502 0.154045 0.119463 0.105190 0.094459 0.132851 0.050164 0.060478 0.162960 
0.020580 0.104922 0.062503 0.076884 0.135414 0.078656 0.280982 0.079737 0.041884 0.118438 
0.004312 0.137444 0.116801 0.146247 0.122625 0.066025 0.130519 0.054078 0.072158 0.149792 
0.001665 0.013670 0.067048 0.096292 0.077420 0.201700 0.179900 0.147252 0.129650 0.085404 
0.003398 0.021036 0.065421 0.423502 0.109904 0.129488 0.053630 0.090528 0.052761 0.050333 
0.004009 0.022284 0.070644 0.395349 0.131585 0.179812 0.041555 0.090217 0.036679 0.027866 
0.003304 0.034329 0.075788 0.377701 0.047969 0.222913 0.039696 0.116645 0.058933 0.022721 
0.002853 0.034966 0.026416 0.356603 0.095810 0.175111 0.041271 0.138230 0.083337 0.045403 
0.004054 0.023949 0.080651 0.351160 0.106989 0.081298 0.055370 0.086746 0.117506 0.092276 
0.009714 0.058787 0.096956 0.351184 0.073415 0.077643 0.080803 0.036034 0.160738 0.054727 
0.001952 0.050701 0.051915 0.504498 0.068270 0.050100 0.119148 0.034817 0.098892 0.019707 
0.000194 0.029474 0.054216 0.634599 0.080199 0.050587 0.085979 0.025588 0.030772 0.008392 
0.014656 0.080341 0.112068 0.377578 0.053327 0.072472 0.061921 0.070755 0.122116 0.034766 
0.005277 0.043715 0.164342 0.205779 0.060995 0.123678 0.095698 0.110849 0.169608 0.020059 
0.005009 0.042860 0.179061 0.326826 0.050486 0.171010 0.042508 0.088437 0.064835 0.028969 
0.018499 0.073077 0.153740 0.382231 0.072059 0.087295 0.053935 0.066854 0.046969 0.045340 
0.009199 0.126095 0.118083 0.178114 0.143405 0.097067 0.107930 0.103192 0.057568 0.059346 
0.005357 0.062804 0.074226 0.131274 0.201108 0.083630 0.163469 0.141959 0.113858 0.022316 
0.021799 0.113406 0.065143 0.117351 0.232068 0.076919 0.163654 0.122127 0.059111 0.028424 
0.031796 0.189251 0.122331 0.084045 0.047968 0.070702 0.195535 0.069272 0.102693 0.086408 
0.009040 0.181542 0.147466 0.076102 0.046781 0.090991 0.103431 0.095988 0.172203 0.076454 
0.000030 0.028004 0.024708 0.070980 0.144848 0.170335 0.174283 0.106958 0.223445 0.056410 
0.003908 0.050232 0.125563 0.035301 0.175174 0.084994 0.181565 0.084141 0.185975 0.073146 
0.008041 0.052032 0.052152 0.055572 0.163230 0.090503 0.254583 0.059823 0.208017 0.056047 
0.000476 0.113099 0.055598 0.067580 0.129076 0.120304 0.131150 0.149011 0.131438 0.102268 
0.021350 0.075141 0.109071 0.089000 0.139842 0.091163 0.119788 0.147571 0.133574 0.073499 
0.006890 0.088915 0.149482 0.053355 0.179314 0.049444 0.107055 0.123014 0.206871 0.035660 
0.009398 0.063760 0.152546 0.126961 0.146818 0.084804 0.095161 0.156353 0.116083 0.048117 
0.017590 0.122224 0.219201 0.225248 0.110836 0.080274 0.078289 0.059642 0.042844 0.043854 
0.004470 0.181699 0.213313 0.172668 0.055120 0.044205 0.165095 0.047050 0.049842 0.066538 
0.000474 0.027958 0.061875 0.200446 0.188647 0.296646 0.053966 0.100314 0.045457 0.024216 
0.005140 0.031610 0.051596 0.076156 0.082350 0.229836 0.097443 0.212912 0.166534 0.046424 
0.005187 0.022195 0.067665 0.128701 0.018217 0.072916 0.126026 0.032414 0.471863 0.054815 
0.005613 0.014828 0.027835 0.104579 0.064977 0.060352 0.140400 0.037962 0.472774 0.070680 
0.000464 0.017841 0.015082 0.081309 0.021916 0.032609 0.184474 0.071068 0.514534 0.060703 
0.006928 0.019554 0.037258 0.088609 0.100612 0.074372 0.182461 0.063552 0.369723 0.056930 
0.003961 0.023761 0.015022 0.146894 0.028352 0.129465 0.394555 0.051010 0.173510 0.033470 
0.007326 0.039977 0.046296 0.283553 0.080838 0.069086 0.323579 0.040131 0.067675 0.041539 
0.009100 0.033730 0.037303 0.286825 0.074302 0.074826 0.343235 0.054392 0.066300 0.019987 
0.005517 0.031497 0.060993 0.171467 0.080751 0.105825 0.247719 0.134112 0.133060 0.029058 
0.005908 0.019135 0.045727 0.243959 0.111022 0.135487 0.128980 0.140523 0.107643 0.061618 
0.003843 0.023678 0.056000 0.392373 0.086506 0.131298 0.064146 0.053499 0.111151 0.077505 
0.014968 0.050473 0.067475 0.292878 0.067491 0.079735 0.149347 0.107855 0.108979 0.060798 
0.006845 0.022955 0.014673 0.119091 0.058042 0.133254 0.351188 0.097818 0.169853 0.026282 
0.004106 0.023095 0.020091 0.104581 0.039565 0.119617 0.219850 0.117700 0.289456 0.061940 
0.008612 0.023429 0.031091 0.107340 0.031245 0.146865 0.216192 0.068283 0.297976 0.068966 
0.002251 0.020596 0.017036 0.123941 0.028121 0.221060 0.168504 0.158423 0.168918 0.091150 
0.013764 0.047906 0.035540 0.201536 0.041989 0.181466 0.066591 0.233432 0.103976 0.073799 
0.019767 0.085338 0.102781 0.099565 0.133817 0.087532 0.101908 0.226393 0.058054 0.084845 
0.007493 0.029064 0.178847 0.195744 0.098832 0.078820 0.132513 0.122604 0.068457 0.087626 
0.001719 0.025598 0.075418 0.243013 0.043940 0.164820 0.092811 0.177524 0.116557 0.058599 
0.003480 0.016551 0.036704 0.134439 0.031202 0.173329 0.091954 0.287866 0.144268 0.080206 
0.002809 0.021740 0.014292 0.103295 0.016257 0.181793 0.091468 0.394637 0.125622 0.048088 
0.004809 0.031339 0.029079 0.140296 0.028687 0.201123 0.047238 0.360992 0.105988 0.050449 
0.001583 0.028944 0.026607 0.071793 0.028290 0.204663 0.070083 0.379527 0.114432 0.074078 
0.005999 0.028026 0.029960 0.169116 0.064815 0.178630 0.045792 0.289240 0.068014 0.120407 
0.000376 0.034556 0.020165 0.187809 0.044408 0.132926 0.069512 0.327874 0.123171 0.059203 
0.000066 0.014395 0.036680 0.129047 0.142184 0.129826 0.170323 0.093780 0.222435 0.061264 
0.007042 0.018760 0.029043 0.171047 0.036903 0.197570 0.057901 0.244334 0.151896 0.085502 
0.002477 0.024660 0.038783 0.287995 0.099759 0.160088 0.050576 0.199324 0.089987 0.046350 
0.005018 0.026738 0.039558 0.341329 0.063971 0.174269 0.081562 0.173163 0.062557 0.031835 
0.012117 0.034683 0.069832 0.287401 0.027341 0.181187 0.089051 0.158397 0.086934 0.053057 
0.003846 0.035013 0.099336 0.274915 0.143561 0.075794 0.064038 0.109150 0.091923 0.102425 
0.013645 0.061906 0.166370 0.232011 0.132785 0.079596 0.100479 0.057788 0.106555 0.048865 
0.006208 0.047403 0.211843 0.339886 0.131803 0.032759 0.091742 0.052747 0.041554 0.044053 
0.016196 0.055883 0.226557 0.351541 0.080966 0.072620 0.042510 0.061282 0.043184 0.049261 
0.000728 0.041606 0.255388 0.212688 0.179245 0.042037 0.038003 0.069404 0.059762 0.101138 
0.004228 0.027238 0.030916 0.156230 0.091419 0.320831 0.124062 0.087501 0.104359 0.053216 
0.004286 0.009216 0.015903 0.103925 0.067286 0.483851 0.132630 0.107919 0.055824 0.019161 
0.009201 0.037678 0.055427 0.083102 0.078843 0.183589 0.411848 0.048029 0.068291 0.023993 
0.005853 0.027862 0.036703 0.080358 0.059571 0.142466 0.469590 0.066225 0.074360 0.037013 
0.001863 0.018726 0.046094 0.099683 0.052564 0.177083 0.458018 0.073242 0.033011 0.039715 
0.000347 0.059671 0.069324 0.044460 0.059420 0.193753 0.325645 0.085782 0.109399 0.052199 
0.023036 0.093093 0.069094 0.083183 0.055338 0.232032 0.256378 0.048225 0.087747 0.051874 
0.007552 0.090339 0.074549 0.060472 0.095869 0.184858 0.283469 0.067203 0.084952 0.050738 
0.003303 0.012721 0.047861 0.181097 0.080721 0.092262 0.329820 0.093509 0.101556 0.057150 
0.000773 0.013852 0.036164 0.115845 0.042257 0.083073 0.290985 0.071073 0.260164 0.085816 
0.002670 0.009293 0.034334 0.144467 0.031927 0.071380 0.264352 0.058039 0.178450 0.205088 
0.005859 0.012654 0.038902 0.100755 0.053066 0.077591 0.280704 0.052970 0.200243 0.177257 
0.005013 0.011333 0.051518 0.135281 0.080565 0.118249 0.210987 0.056935 0.233519 0.096599 
0.005370 0.023308 0.060681 0.141390 0.074637 0.074019 0.249427 0.113779 0.195970 0.061418 
0.003641 0.017848 0.048261 0.333528 0.237545 0.064908 0.141170 0.089413 0.037217 0.026468 
0.005593 0.028060 0.060197 0.398261 0.090367 0.038174 0.185863 0.061676 0.085439 0.046370 
0.000465 0.012775 0.029593 0.355851 0.033218 0.050563 0.240495 0.113546 0.137770 0.025725 
0.008686 0.070100 0.058550 0.352649 0.059197 0.049686 0.130642 0.036717 0.093731 0.140042 
0.003719 0.029795 0.034029 0.134825 0.196865 0.036854 0.100221 0.125979 0.144969 0.192744 
0.002373 0.036531 0.046460 0.102450 0.262202 0.021080 0.075710 0.248183 0.120605 0.084406 
0.002876 0.039901 0.031872 0.096392 0.240758 0.050455 0.063768 0.344312 0.084441 0.045223 
0.003023 0.018012 0.078570 0.429830 0.172846 0.121700 0.105744 0.023819 0.032258 0.014198 
0.000749 0.011632 0.043615 0.240940 0.057888 0.386580 0.076754 0.102193 0.043287 0.036361 
0.002337 0.012347 0.029412 0.129486 0.092872 0.450813 0.107313 0.102621 0.049179 0.023620 
0.004532 0.020189 0.032386 0.113047 0.075723 0.389127 0.117291 0.151093 0.067953 0.028658 
0.001806 0.013587 0.038499 0.116476 0.063850 0.410132 0.084482 0.207358 0.044048 0.019761 
0.001358 0.018207 0.013399 0.113228 0.111181 0.253529 0.121128 0.156807 0.062894 0.148269 
0.009556 0.034972 0.056977 0.173610 0.121685 0.121750 0.106526 0.103461 0.072286 0.199177 
0.005162 0.024226 0.056137 0.236726 0.093093 0.164254 0.107022 0.074498 0.118077 0.120806 
0.007148 0.044053 0.074003 0.285887 0.079836 0.260906 0.133820 0.063976 0.041883 0.008487 
0.011660 0.071421 0.064056 0.345264 0.130015 0.159318 0.110056 0.056391 0.042444 0.009374 
0.004285 0.034026 0.055801 0.223782 0.118386 0.252910 0.082675 0.065929 0.038722 0.123482 
0.002155 0.033542 0.022215 0.131756 0.080350 0.388287 0.097030 0.150803 0.039498 0.054363 
0.007148 0.054169 0.019909 0.119186 0.117812 0.364368 0.055782 0.157381 0.068972 0.035275 
0.003332 0.034351 0.026094 0.169828 0.113859 0.357045 0.047961 0.154044 0.065967 0.027520 
0.002247 0.032198 0.047358 0.227139 0.111186 0.145040 0.147505 0.102347 0.066842 0.118137 
0.003093 0.015912 0.036931 0.158994 0.209443 0.028375 0.065727 0.293288 0.111779 0.076459 
0.011159 0.022247 0.025443 0.116117 0.227906 0.039266 0.055168 0.368566 0.112630 0.021498 
0.011613 0.076190 0.079822 0.129753 0.228900 0.045317 0.040322 0.237460 0.126011 0.024613 
0.023370 0.110457 0.075679 0.146305 0.076085 0.111947 0.146366 0.210144 0.045121 0.054525 
0.002567 0.057338 0.082635 0.180847 0.102881 0.133361 0.109810 0.172601 0.098835 0.059125 
0.016485 0.078159 0.075765 0.076635 0.049142 0.237285 0.134080 0.208383 0.075451 0.048615 
0.015496 0.124122 0.073954 0.045794 0.084321 0.218496 0.108961 0.237222 0.056239 0.035397 
0.003341 0.084048 0.114479 0.061902 0.092362 0.197310 0.088364 0.207830 0.106889 0.043476 
0.003031 0.017644 0.037641 0.047278 0.197628 0.059158 0.166781 0.260042 0.085308 0.125489 
0.001627 0.024741 0.019349 0.021686 0.209308 0.053421 0.094586 0.326921 0.115800 0.132561 
0.003531 0.025964 0.028629 0.038437 0.259557 0.068560 0.090588 0.285961 0.094745 0.104028 
0.008670 0.047033 0.026054 0.042440 0.233219 0.036643 0.103772 0.261485 0.112434 0.128251 
0.001308 0.031963 0.042770 0.077207 0.175548 0.082467 0.125869 0.174207 0.205688 0.082974 
0.002677 0.023781 0.064960 0.082346 0.309738 0.085197 0.111644 0.104253 0.180743 0.034662 
0.000257 0.028293 0.068485 0.168547 0.246560 0.099074 0.098824 0.080795 0.119151 0.090014 
0.005195 0.053066 0.038856 0.237534 0.129681 0.066037 0.081704 0.108617 0.170693 0.108616 
0.004635 0.067558 0.046695 0.248228 0.053197 0.128231 0.136218 0.069710 0.117173 0.128355 
0.007776 0.037670 0.076219 0.099625 0.109291 0.079710 0.191419 0.246527 0.115075 0.036687 
0.000759 0.007906 0.122670 0.151658 0.081241 0.139505 0.163452 0.182295 0.109962 0.040551 
0.000062 0.019407 0.115830 0.142904 0.119229 0.062202 0.222529 0.133848 0.072148 0.111841 
0.001918 0.009574 0.115775 0.121294 0.154454 0.100855 0.263631 0.101957 0.025567 0.104976 
0.001246 0.021467 0.185480 0.070516 0.192434 0.060317 0.200187 0.058570 0.092625 0.117159 
0.006960 0.042190 0.311306 0.086093 0.143666 0.074082 0.160104 0.048383 0.062736 0.064481 
0.009289 0.046744 0.250934 0.088741 0.229413 0.096546 0.143911 0.049644 0.040028 0.044749 
0.007629 0.034857 0.229447 0.087889 0.258029 0.089605 0.125994 0.056605 0.020044 0.089901 
0.003339 0.021206 0.285382 0.052308 0.262159 0.045128 0.162609 0.047929 0.028815 0.091126 
0.008880 0.046889 0.285951 0.066078 0.161649 0.099138 0.127291 0.077789 0.046505 0.079829 
0.010400 0.044866 0.265227 0.063485 0.209658 0.057709 0.152676 0.063584 0.073449 0.058946 
0.015403 0.049781 0.251421 0.053100 0.272616 0.069751 0.170828 0.044040 0.030035 0.043024 
0.002309 0.015142 0.262214 0.128345 0.218674 0.031877 0.195426 0.048010 0.062528 0.035474 
0.004715 0.024624 0.208556 0.141102 0.243863 0.079931 0.111661 0.084884 0.074711 0.025952 
0.006138 0.048032 0.118203 0.271806 0.120551 0.094744 0.066029 0.157615 0.084561 0.032320 
0.002443 0.011727 0.099573 0.300148 0.119345 0.077015 0.123603 0.148708 0.054486 0.062952 
0.010008 0.019109 0.113619 0.315594 0.180739 0.094367 0.093758 0.083497 0.052021 0.037288 
0.028591 0.111424 0.157235 0.170096 0.136040 0.065586 0.113498 0.087184 0.076658 0.053688 
0.017895 0.054974 0.189912 0.285009 0.100206 0.074927 0.139736 0.058830 0.049617 0.028895 
0.011538 0.034215 0.113088 0.267629 0.142529 0.224808 0.080550 0.052601 0.035357 0.037685 
0.006064 0.016508 0.149925 0.233871 0.315928 0.083152 0.046700 0.069099 0.031110 0.047643 
0.016616 0.056666 0.252524 0.230523 0.234578 0.016006 0.039953 0.070765 0.053409 0.028960 
0.003839 0.034089 0.064737 0.397126 0.156708 0.059895 0.117745 0.072340 0.055070 0.038451 
0.020129 0.074373 0.078471 0.261894 0.109372 0.139921 0.143879 0.052304 0.067120 0.052536 
0.001837 0.112981 0.139075 0.195171 0.179133 0.164187 0.032424 0.076887 0.045818 0.052486 
0.037555 0.053701 0.179022 0.254971 0.171517 0.112334 0.056927 0.061692 0.051874 0.020406 
0.028575 0.184785 0.309669 0.135333 0.097441 0.061898 0.078051 0.041682 0.040273 0.022294 
0.000899 0.157305 0.171144 0.334638 0.057264 0.058909 0.087912 0.071274 0.039205 0.021451 
0.006752 0.198998 0.197820 0.238775 0.070116 0.098899 0.034786 0.066327 0.044459 0.043069 
0.013737 0.214494 0.197786 0.265276 0.059549 0.119740 0.022784 0.036048 0.026764 0.043822 
0.022466 0.200087 0.248459 0.194085 0.037454 0.101700 0.023196 0.059699 0.032185 0.080668 
0.024427 0.170804 0.243559 0.256826 0.046322 0.054979 0.067215 0.057548 0.049044 0.029278 
0.018404 0.140849 0.241514 0.233329 0.084717 0.114163 0.051731 0.054206 0.042046 0.019041 
0.005407 0.166174 0.374224 0.164110 0.062164 0.042388 0.060551 0.054590 0.029475 0.040917 
0.012438 0.241435 0.450175 0.114935 0.039476 0.020854 0.027319 0.048463 0.028607 0.016298 
0.088256 0.392528 0.168256 0.147908 0.036078 0.041513 0.044684 0.033784 0.026791 0.020202 
0.028176 0.524785 0.170302 0.113871 0.033803 0.037137 0.029729 0.020711 0.026558 0.014928 
0.037703 0.381081 0.242952 0.114018 0.059167 0.046758 0.017937 0.062054 0.029188 0.009143 
0.003329 0.381314 0.317573 0.093454 0.044952 0.049238 0.037462 0.051750 0.011073 0.009855 
0.026385 0.376269 0.364960 0.084408 0.029359 0.023125 0.028487 0.028898 0.022022 0.016087 
0.035152 0.454999 0.361761 0.055621 0.017421 0.011034 0.016798 0.013990 0.021578 0.011645 
0.000685 0.321886 0.333139 0.093366 0.072095 0.044122 0.046262 0.033836 0.034922 0.019687 
0.034655 0.420683 0.278795 0.096939 0.048550 0.030923 0.027846 0.025732 0.021601 0.014275 
0.048825 0.533012 0.282249 0.051273 0.027874 0.015765 0.013232 0.012411 0.009091 0.006268 
0.007954 0.476487 0.279079 0.087585 0.065301 0.022547 0.010812 0.023759 0.013341 0.013134 
0.020091 0.239032 0.121477 0.067714 0.093615 0.085908 0.085692 0.053524 0.075173 0.157772 
0.003670 0.145235 0.080731 0.063014 0.214816 0.081700 0.136958 0.044185 0.092633 0.137058 
0.011715 0.124531 0.070310 0.086285 0.170070 0.128432 0.140596 0.067299 0.110314 0.090448 
0.087045 0.247849 0.142423 0.087430 0.092268 0.036997 0.059100 0.069605 0.095291 0.081990 
0.055150 0.516315 0.251835 0.057746 0.031287 0.013845 0.034172 0.015700 0.011064 0.012886 
0.030912 0.350988 0.293637 0.125965 0.039807 0.038078 0.017233 0.040754 0.056879 0.005748 
0.041073 0.419788 0.266649 0.112958 0.054272 0.026114 0.019918 0.029063 0.016479 0.013686 
0.025571 0.382311 0.288490 0.183347 0.056286 0.013994 0.012161 0.017771 0.012369 0.007700 
0.019176 0.174730 0.119011 0.247051 0.198117 0.027620 0.090251 0.079386 0.022032 0.022626 
0.009409 0.288305 0.086266 0.155510 0.164961 0.058621 0.063713 0.099969 0.052598 0.020647 
0.010111 0.275720 0.153625 0.123772 0.078441 0.055186 0.052011 0.143713 0.073097 0.034324 
0.011768 0.303262 0.182587 0.077771 0.055385 0.043496 0.026829 0.208375 0.067242 0.023285 
0.016837 0.274422 0.224216 0.044665 0.062338 0.023320 0.041608 0.246837 0.042173 0.023584 
0.028305 0.329234 0.296392 0.192999 0.059326 0.032379 0.017819 0.028161 0.008991 0.006394 
0.008447 0.358522 0.369508 0.099683 0.045947 0.024628 0.022201 0.035061 0.027742 0.008261 
0.042586 0.461483 0.258916 0.090730 0.046198 0.018703 0.025320 0.035477 0.011004 0.009582 
0.018238 0.269851 0.229668 0.052117 0.249168 0.018596 0.011220 0.031138 0.106333 0.013671 
0.010486 0.286118 0.195855 0.047690 0.145565 0.040107 0.026308 0.060805 0.164832 0.022234 
0.002578 0.159310 0.202407 0.137822 0.104415 0.101561 0.037925 0.102654 0.123983 0.027345 
0.009554 0.224425 0.219964 0.103730 0.099790 0.099991 0.042681 0.079984 0.098784 0.021097 
0.014214 0.209325 0.183048 0.119331 0.197133 0.062993 0.044425 0.075509 0.078897 0.015124 
0.006671 0.188764 0.203539 0.095471 0.273054 0.043104 0.040734 0.094513 0.031726 0.022424 
0.006682 0.191724 0.186524 0.096632 0.241313 0.045511 0.053314 0.105032 0.047043 0.026225 
0.016712 0.283869 0.161895 0.089139 0.168224 0.039633 0.043768 0.138063 0.029496 0.029200 
0.033736 0.255446 0.247686 0.122459 0.149162 0.039769 0.027209 0.096516 0.012484 0.015532 
0.019176 0.189432 0.384704 0.122713 0.049437 0.050383 0.029272 0.101314 0.039866 0.013703 
0.019013 0.350682 0.294739 0.086527 0.061681 0.047758 0.033273 0.041561 0.029437 0.035327 
0.041221 0.407028 0.165110 0.120174 0.121068 0.016487 0.015829 0.065909 0.021730 0.025444 
0.008941 0.197085 0.121954 0.060779 0.042305 0.022986 0.119906 0.291268 0.073345 0.061432 
0.058550 0.159497 0.083369 0.077279 0.058692 0.038223 0.167406 0.208659 0.102685 0.045641 
0.016036 0.085001 0.050846 0.064673 0.085306 0.027369 0.221258 0.326789 0.060868 0.061853 
0.003932 0.059288 0.050624 0.067851 0.063779 0.027632 0.168065 0.450608 0.059345 0.048875 
0.003468 0.042578 0.041922 0.068462 0.030092 0.033188 0.195329 0.452459 0.070853 0.061649 
0.001214 0.039874 0.031996 0.060972 0.081035 0.056764 0.244555 0.400883 0.052422 0.030285 
0.006282 0.038422 0.030828 0.094356 0.031181 0.039525 0.260605 0.273337 0.086943 0.138522 
0.006353 0.020458 0.074593 0.063819 0.108806 0.030251 0.139787 0.432135 0.063494 0.060305 
0.004466 0.011300 0.049385 0.035933 0.142283 0.089365 0.146888 0.352498 0.099913 0.067968 
0.001847 0.027466 0.019295 0.042796 0.155020 0.074834 0.153933 0.347177 0.152192 0.025441 
0.005820 0.012171 0.023967 0.079005 0.164059 0.055404 0.155170 0.329686 0.106690 0.068028 
0.014229 0.013981 0.015401 0.230884 0.068722 0.027668 0.275430 0.138359 0.047265 0.168061 
0.012004 0.023452 0.082527 0.256420 0.067408 0.038468 0.299870 0.084594 0.064488 0.070769 
0.011937 0.012483 0.051878 0.316384 0.083555 0.078510 0.284981 0.076752 0.043319 0.040202 
0.010733 0.014463 0.025015 0.251311 0.268695 0.108719 0.135376 0.090657 0.055432 0.039599 
0.000782 0.008285 0.032955 0.340772 0.087622 0.087394 0.183963 0.092784 0.103137 0.062307 
0.002968 0.033862 0.098242 0.370508 0.128097 0.063983 0.079649 0.073495 0.076595 0.072602 
0.002780 0.017393 0.054458 0.195910 0.096540 0.082199 0.151821 0.042889 0.121581 0.234429 
0.002016 0.008018 0.029968 0.182474 0.144432 0.082596 0.075157 0.246394 0.098979 0.129967 
0.008778 0.012729 0.047934 0.103101 0.118379 0.033657 0.079758 0.369782 0.155426 0.070455 
0.009720 0.018120 0.022963 0.060730 0.166979 0.065761 0.069628 0.379480 0.135812 0.070808 
0.013917 0.158611 0.193343 0.145666 0.176320 0.076570 0.060070 0.079441 0.065822 0.030239 
0.029127 0.165999 0.312234 0.139883 0.095871 0.054996 0.037008 0.071724 0.063206 0.029953 
0.006323 0.084118 0.423288 0.121084 0.089973 0.010524 0.024016 0.192037 0.023221 0.025416 
0.019543 0.145131 0.459912 0.083289 0.110557 0.014812 0.009233 0.042147 0.102639 0.012736 
0.021576 0.138742 0.385369 0.057803 0.147312 0.036580 0.054764 0.030686 0.087989 0.039180 
0.020992 0.102616 0.253218 0.065406 0.178811 0.070043 0.033494 0.041287 0.183702 0.050432 
0.005526 0.292984 0.172530 0.045205 0.167429 0.078031 0.062994 0.036789 0.119745 0.018766 
0.027201 0.358106 0.121822 0.098099 0.124677 0.070481 0.061543 0.029343 0.082457 0.026270 
0.024909 0.314673 0.088065 0.064020 0.201280 0.061613 0.032844 0.117211 0.080984 0.014403 
0.007420 0.406969 0.206010 0.055020 0.056839 0.024853 0.048486 0.139454 0.037050 0.017899 
0.010326 0.225931 0.279279 0.068117 0.074728 0.034758 0.065879 0.124924 0.081195 0.034864 
0.035900 0.139890 0.380534 0.078970 0.101134 0.050075 0.048625 0.097008 0.041725 0.026140 
0.005149 0.152342 0.320355 0.098001 0.097065 0.057976 0.047576 0.158877 0.039927 0.022733 
0.027262 0.262601 0.355029 0.101175 0.075393 0.045896 0.040088 0.033572 0.031809 0.027175 
0.024197 0.385148 0.231199 0.127892 0.064555 0.015624 0.049149 0.046721 0.031072 0.024443 
0.015815 0.188905 0.251459 0.104119 0.031211 0.009768 0.232387 0.102833 0.011631 0.051872 
0.014018 0.253924 0.194829 0.106856 0.048861 0.043536 0.215764 0.071634 0.023391 0.027188 
0.026041 0.275958 0.194778 0.080132 0.046756 0.049002 0.231401 0.043030 0.034864 0.018038 
0.020017 0.326647 0.215385 0.099013 0.023047 0.015278 0.189940 0.039682 0.043546 0.027444 
0.013861 0.327812 0.210237 0.122600 0.030086 0.029430 0.202537 0.020211 0.018926 0.024299 
0.006658 0.315809 0.189499 0.119121 0.050200 0.039015 0.224720 0.019117 0.010514 0.025348 
0.035700 0.366423 0.158673 0.069786 0.010727 0.029264 0.232466 0.038112 0.037500 0.021350 
0.012199 0.268641 0.142063 0.077141 0.052325 0.042756 0.162616 0.043701 0.078459 0.120099 
0.007294 0.063923 0.065723 0.171537 0.081963 0.071981 0.212347 0.042736 0.056889 0.225606 
0.004409 0.020513 0.033186 0.280512 0.091003 0.042174 0.157497 0.087572 0.088246 0.194887 
0.018417 0.031368 0.037574 0.385547 0.067805 0.060517 0.253784 0.049476 0.054163 0.041348 
0.015529 0.043099 0.027315 0.488157 0.052787 0.040187 0.202722 0.014679 0.092979 0.022546 
0.002685 0.334981 0.349874 0.159295 0.034704 0.022413 0.031172 0.013538 0.019273 0.032066 
0.008262 0.314242 0.248942 0.182436 0.084527 0.032531 0.034111 0.063197 0.016429 0.015322 
0.004611 0.279493 0.258609 0.211177 0.077942 0.044029 0.046826 0.034086 0.025471 0.017754 
0.034268 0.386759 0.291582 0.170067 0.028167 0.020580 0.032940 0.013139 0.009946 0.012552 
0.000035 0.229037 0.186097 0.263964 0.121218 0.050191 0.054971 0.032585 0.036460 0.025441 
0.022132 0.356549 0.168486 0.142394 0.080133 0.051662 0.058715 0.044229 0.033198 0.042502 
0.011599 0.167698 0.416043 0.113511 0.108401 0.032064 0.024832 0.065697 0.029802 0.030354 
0.002883 0.205174 0.434347 0.098589 0.047374 0.028934 0.026199 0.100842 0.038402 0.017256 
0.001395 0.244087 0.564130 0.047161 0.033432 0.020258 0.027903 0.029422 0.018168 0.014045 
0.016855 0.259162 0.328884 0.178634 0.069271 0.036552 0.035718 0.041455 0.021958 0.011513 
0.021464 0.155822 0.453229 0.201008 0.087768 0.022953 0.010844 0.028733 0.012681 0.005499 
0.010342 0.092164 0.536030 0.151276 0.061149 0.024124 0.039090 0.029664 0.039217 0.016944 
0.026543 0.203781 0.462809 0.139152 0.062009 0.026403 0.023234 0.021084 0.020792 0.014194 
0.013854 0.116932 0.417246 0.077932 0.096536 0.072714 0.046854 0.061425 0.043486 0.053022 
0.007471 0.147838 0.225763 0.178191 0.105320 0.049868 0.050907 0.122009 0.054770 0.057864 
0.007603 0.074197 0.281828 0.160498 0.124145 0.035739 0.066286 0.101260 0.076727 0.071717 
0.017396 0.108412 0.290374 0.114612 0.102717 0.041314 0.054225 0.098860 0.081954 0.090136 
0.004742 0.098375 0.298230 0.133029 0.138238 0.025046 0.038942 0.086013 0.087449 0.089937 
0.002484 0.099172 0.378552 0.099362 0.092919 0.061712 0.066266 0.040782 0.064589 0.094161 
0.002383 0.073720 0.267999 0.269675 0.138725 0.045366 0.077142 0.047394 0.028649 0.048947 
0.018294 0.071536 0.280257 0.275298 0.092997 0.057053 0.089422 0.024526 0.021011 0.069606 
0.022946 0.120061 0.304623 0.176239 0.059337 0.071914 0.135862 0.028868 0.033954 0.046195 
0.028253 0.351978 0.232097 0.143215 0.044532 0.048917 0.081130 0.021953 0.022329 0.025595 
0.039558 0.360804 0.143698 0.075169 0.025381 0.029334 0.176736 0.043768 0.061067 0.044484 
0.004919 0.197477 0.173103 0.184996 0.025240 0.029456 0.180601 0.021711 0.027592 0.154906 
0.015685 0.098489 0.079452 0.177516 0.041447 0.061287 0.282023 0.058367 0.096978 0.088755 
0.017873 0.107074 0.061157 0.279279 0.075992 0.083865 0.221528 0.030878 0.045431 0.076923 
0.023736 0.137328 0.155611 0.098453 0.161366 0.088021 0.132445 0.066411 0.062338 0.074291 
0.002534 0.090764 0.139634 0.209998 0.231697 0.118244 0.088413 0.028254 0.032415 0.058047 
0.004079 0.034889 0.069431 0.553713 0.120689 0.046396 0.090828 0.023419 0.032260 0.024297 
0.002782 0.021395 0.048638 0.497571 0.106250 0.048254 0.164989 0.039618 0.060363 0.010140 
0.001619 0.016615 0.036910 0.352538 0.041715 0.072664 0.232306 0.073881 0.088111 0.083641 
0.010065 0.019101 0.045427 0.269716 0.061164 0.076662 0.216673 0.122183 0.053972 0.125035 
0.004983 0.011715 0.020648 0.087689 0.184262 0.049903 0.158218 0.345864 0.082349 0.054371 
0.008744 0.013460 0.019337 0.110108 0.228097 0.062528 0.131031 0.347327 0.049855 0.029513 
0.011364 0.026158 0.032557 0.346947 0.211163 0.042764 0.086034 0.133046 0.045780 0.064187 
