Scar-Tissue,RHCP
0.014897 0.215047 0.453027 0.066188 0.086965 0.042657 0.033100 0.042875 0.018790 0.026456 
0.017864 0.206312 0.399287 0.111390 0.089474 0.035500 0.039215 0.038826 0.043100 0.019032 
0.058335 0.202447 0.425410 0.065723 0.039001 0.038395 0.035370 0.045079 0.051737 0.038504 
0.026550 0.183197 0.355360 0.120796 0.072288 0.050078 0.040601 0.064881 0.045119 0.041129 
0.027229 0.154862 0.420522 0.146605 0.052022 0.032649 0.036940 0.049921 0.061044 0.018205 
0.001736 0.289242 0.315686 0.082298 0.084954 0.082212 0.050374 0.040844 0.030333 0.022321 
0.031182 0.083827 0.245602 0.198966 0.138284 0.043585 0.054010 0.072829 0.092296 0.039420 
0.008321 0.070572 0.404821 0.149397 0.100426 0.019633 0.035545 0.082952 0.093976 0.034356 
0.004819 0.027657 0.553773 0.078740 0.125344 0.026091 0.028439 0.097787 0.034306 0.023043 
0.008810 0.038304 0.541857 0.057618 0.128781 0.024193 0.039282 0.109410 0.033630 0.018115 
0.007939 0.033485 0.587166 0.048383 0.122936 0.021772 0.039035 0.094765 0.023902 0.020618 
0.005870 0.029800 0.612704 0.053567 0.123526 0.013417 0.027907 0.080637 0.031423 0.021149 
0.001167 0.012896 0.632529 0.076695 0.116332 0.010073 0.020324 0.078959 0.029444 0.021581 
0.000166 0.011187 0.645465 0.078396 0.110135 0.013013 0.020126 0.083638 0.022427 0.015446 
0.002488 0.018685 0.658068 0.071556 0.105214 0.004005 0.012959 0.077247 0.032078 0.017701 
0.006749 0.031365 0.646317 0.060062 0.101240 0.017487 0.026439 0.085887 0.016246 0.008208 
0.007372 0.034944 0.661385 0.050891 0.093942 0.016641 0.022352 0.081526 0.021395 0.009553 
0.009986 0.045612 0.694322 0.037376 0.084096 0.008185 0.014924 0.073706 0.023191 0.008601 
0.009664 0.044886 0.687952 0.044485 0.080160 0.016840 0.018722 0.064693 0.023366 0.009232 
0.006398 0.031733 0.688940 0.058715 0.076509 0.024802 0.031582 0.068242 0.007091 0.005988 
0.001173 0.017177 0.706708 0.065356 0.077532 0.019395 0.019000 0.049066 0.029676 0.014917 
0.004042 0.025248 0.708157 0.075725 0.074335 0.018769 0.019807 0.053077 0.014835 0.006004 
0.008137 0.037533 0.488389 0.046679 0.137326 0.138543 0.036840 0.035103 0.019748 0.051702 
0.002860 0.013036 0.452578 0.071264 0.094189 0.222554 0.032019 0.042615 0.023347 0.045539 
0.003150 0.020386 0.482745 0.067972 0.107306 0.219485 0.026871 0.040571 0.020414 0.011101 
0.005816 0.029127 0.489641 0.057276 0.097779 0.206089 0.028928 0.040732 0.028137 0.016474 
0.009693 0.041613 0.508851 0.044720 0.092225 0.196738 0.024232 0.038574 0.026063 0.017292 
0.002127 0.014527 0.519189 0.029731 0.071676 0.207488 0.049881 0.052750 0.026465 0.026167 
0.018245 0.083637 0.483813 0.099352 0.061521 0.158287 0.030929 0.032322 0.013841 0.018052 
0.021887 0.110913 0.238998 0.123987 0.079792 0.177324 0.049896 0.106988 0.058659 0.031557 
0.005119 0.038967 0.491482 0.045859 0.086942 0.110112 0.039726 0.117855 0.038982 0.024956 
0.003354 0.018454 0.471987 0.056116 0.090841 0.114420 0.041330 0.133831 0.037262 0.032406 
0.001393 0.012845 0.489734 0.067676 0.102817 0.105025 0.027196 0.119769 0.039163 0.034381 
0.004055 0.024654 0.436689 0.059696 0.144487 0.115821 0.049197 0.108513 0.019691 0.037198 
0.007625 0.037545 0.415314 0.059026 0.102517 0.186864 0.037391 0.086442 0.022976 0.044300 
0.004671 0.022546 0.423967 0.054998 0.113601 0.199490 0.036665 0.090590 0.021912 0.031562 
0.006065 0.038019 0.529039 0.069182 0.097073 0.103926 0.016700 0.083848 0.041628 0.014519 
0.001101 0.029235 0.469327 0.062501 0.103284 0.119062 0.025600 0.120320 0.048139 0.021432 
0.006364 0.033450 0.466989 0.052416 0.116501 0.120649 0.027563 0.124229 0.037472 0.014367 
0.003879 0.020657 0.481174 0.063043 0.119337 0.116524 0.030648 0.117939 0.032865 0.013933 
0.001668 0.010825 0.491861 0.096799 0.143219 0.035866 0.031081 0.125737 0.039980 0.022963 
0.006416 0.029359 0.369744 0.082702 0.133475 0.185908 0.039011 0.079975 0.027915 0.045494 
0.007917 0.034831 0.425726 0.045440 0.109325 0.199931 0.034052 0.081970 0.033518 0.027289 
0.016719 0.075537 0.434059 0.065885 0.086431 0.175361 0.033850 0.058564 0.030822 0.022773 
0.000615 0.020501 0.509882 0.095978 0.117183 0.159467 0.012886 0.052937 0.016892 0.013658 
0.002845 0.017513 0.449596 0.063210 0.128413 0.194773 0.017444 0.076555 0.032878 0.016772 
0.005646 0.022551 0.473154 0.049403 0.115834 0.185292 0.020416 0.076640 0.034038 0.017027 
0.006584 0.025667 0.492197 0.038608 0.108502 0.180538 0.020095 0.077043 0.032565 0.018200 
0.000016 0.008783 0.489753 0.041431 0.096271 0.182528 0.042976 0.086174 0.029005 0.023064 
0.003700 0.015935 0.491866 0.057491 0.105556 0.168903 0.030874 0.077720 0.022760 0.025195 
0.002777 0.017766 0.543236 0.067457 0.114912 0.106961 0.023715 0.075636 0.025524 0.022015 
0.003138 0.028026 0.357148 0.081186 0.126857 0.210510 0.037429 0.053036 0.023301 0.079369 
0.003526 0.011619 0.397124 0.023346 0.095834 0.254149 0.066305 0.063119 0.035175 0.049802 
0.009149 0.044707 0.425986 0.024396 0.101634 0.248632 0.051297 0.046663 0.031089 0.016447 
0.002885 0.018268 0.439200 0.035684 0.090550 0.241136 0.056334 0.048951 0.036278 0.030713 
0.013042 0.061677 0.514868 0.098646 0.087785 0.116295 0.022885 0.037818 0.014467 0.032516 
0.019636 0.227856 0.528241 0.061864 0.052133 0.022445 0.018279 0.037505 0.017606 0.014436 
0.011906 0.145404 0.508635 0.100087 0.056092 0.027176 0.024670 0.046804 0.062168 0.017057 
0.017176 0.108425 0.549312 0.124719 0.065687 0.033254 0.034712 0.040190 0.018032 0.008493 
0.003154 0.017132 0.554611 0.087987 0.176146 0.021292 0.030265 0.093963 0.009734 0.005715 
0.003839 0.013202 0.483596 0.087455 0.206410 0.016213 0.023221 0.113857 0.036365 0.015841 
0.004209 0.016551 0.468743 0.087445 0.214214 0.017482 0.030416 0.106589 0.035030 0.019320 
0.020214 0.118613 0.528182 0.092845 0.161420 0.005864 0.010827 0.038739 0.012860 0.010437 
0.017170 0.127036 0.455687 0.102991 0.170317 0.030392 0.029133 0.043865 0.011287 0.012121 
0.008930 0.067154 0.714051 0.092846 0.037946 0.015707 0.012178 0.028851 0.015013 0.007322 
0.016547 0.059666 0.253317 0.195321 0.109013 0.080095 0.077873 0.089268 0.079384 0.039516 
0.012263 0.099302 0.481593 0.123132 0.125312 0.026579 0.025889 0.065051 0.025048 0.015831 
0.003187 0.030148 0.464125 0.074376 0.206101 0.033426 0.035637 0.110370 0.028830 0.013800 
0.006160 0.039882 0.450479 0.092367 0.203972 0.027896 0.038433 0.116618 0.017076 0.007117 
0.016400 0.085667 0.503944 0.083958 0.158822 0.014293 0.016192 0.090822 0.014403 0.015499 
0.001431 0.052675 0.535823 0.117258 0.132067 0.030525 0.042362 0.050858 0.018140 0.018862 
0.014280 0.074106 0.535510 0.112372 0.127572 0.027364 0.018113 0.059337 0.016698 0.014647 
0.015402 0.081861 0.541276 0.100376 0.132213 0.025511 0.026878 0.051836 0.010870 0.013776 
0.018161 0.092570 0.550613 0.087850 0.123981 0.025478 0.020282 0.044231 0.023942 0.012892 
0.014123 0.081109 0.545036 0.084838 0.139959 0.029210 0.031339 0.043465 0.021833 0.009087 
0.017313 0.086364 0.556571 0.089586 0.133929 0.023084 0.021379 0.043988 0.015089 0.012697 
0.011091 0.067637 0.569260 0.099891 0.126357 0.027379 0.024438 0.034490 0.024983 0.014474 
0.021767 0.109120 0.592848 0.071068 0.121982 0.017267 0.014523 0.029230 0.009700 0.012495 
0.007652 0.057585 0.591500 0.106013 0.138951 0.021120 0.024247 0.025142 0.013586 0.014205 
0.027174 0.132232 0.671633 0.069904 0.037624 0.026311 0.014783 0.010738 0.005415 0.004185 
0.001177 0.035827 0.462472 0.094080 0.199497 0.052643 0.048636 0.076042 0.016025 0.013602 
0.021767 0.109670 0.486161 0.065451 0.166063 0.018574 0.016941 0.086216 0.013982 0.015176 
0.003280 0.042446 0.477704 0.088851 0.178502 0.038511 0.039843 0.093489 0.013518 0.023857 
0.020594 0.102469 0.519924 0.059663 0.178663 0.017862 0.012554 0.070455 0.006674 0.011142 
0.006556 0.050738 0.511181 0.106958 0.186786 0.015933 0.016366 0.061784 0.022309 0.021388 
0.019376 0.094199 0.509620 0.073484 0.193771 0.018183 0.019239 0.054615 0.010956 0.006559 
0.006736 0.049165 0.522279 0.055664 0.230910 0.031248 0.027531 0.041966 0.023010 0.011493 
0.024526 0.138638 0.390320 0.069047 0.234501 0.037817 0.024150 0.030403 0.025786 0.024811 
0.004017 0.060468 0.512888 0.096275 0.170090 0.038503 0.037589 0.025593 0.024222 0.030354 
0.022237 0.106154 0.560630 0.079249 0.142867 0.021299 0.015370 0.026075 0.011207 0.014912 
0.003246 0.048506 0.547020 0.094621 0.132580 0.036871 0.041169 0.041459 0.029208 0.025320 
0.020887 0.105627 0.663642 0.111290 0.028741 0.014141 0.012896 0.011126 0.020054 0.011596 
0.006931 0.054843 0.531032 0.088335 0.163130 0.014916 0.013038 0.075302 0.034352 0.018121 
0.015220 0.079075 0.478992 0.067172 0.166026 0.026734 0.026255 0.100227 0.024035 0.016264 
0.011810 0.067409 0.520990 0.064468 0.185255 0.016184 0.017840 0.080980 0.019545 0.015518 
0.026848 0.142616 0.182064 0.142767 0.290581 0.021164 0.036661 0.079598 0.033862 0.043841 
0.001076 0.063426 0.524492 0.081465 0.151422 0.034119 0.026167 0.053632 0.033543 0.030659 
0.020928 0.098531 0.548880 0.076582 0.146931 0.025170 0.018107 0.033510 0.011677 0.019685 
0.001328 0.043997 0.530329 0.084553 0.159853 0.042785 0.041071 0.043919 0.032035 0.020131 
0.017896 0.088146 0.531027 0.096383 0.147605 0.016961 0.021043 0.049476 0.019643 0.011819 
0.006168 0.053374 0.493553 0.089086 0.156210 0.041353 0.044358 0.078239 0.016714 0.020945 
0.017226 0.089658 0.527553 0.051692 0.150991 0.025340 0.019602 0.067737 0.026438 0.023762 
0.005214 0.053902 0.541063 0.082551 0.184044 0.019262 0.022264 0.065557 0.013958 0.012185 
0.016211 0.096097 0.530189 0.093357 0.120939 0.040923 0.017010 0.036706 0.022781 0.025787 
0.006270 0.052874 0.574564 0.110390 0.115219 0.036544 0.023589 0.031948 0.025170 0.023431 
0.022248 0.106530 0.598252 0.081365 0.099728 0.025858 0.019531 0.015352 0.017543 0.013595 
0.006616 0.054856 0.573040 0.106042 0.118703 0.028596 0.027361 0.036775 0.026546 0.021464 
0.021032 0.102337 0.591640 0.077615 0.113605 0.021179 0.022629 0.022671 0.011364 0.015928 
0.013584 0.075468 0.580411 0.081776 0.111807 0.032076 0.033380 0.034721 0.024578 0.012199 
0.014003 0.080428 0.655297 0.120638 0.036230 0.021698 0.023747 0.019479 0.017467 0.011015 
0.014409 0.080711 0.534769 0.097890 0.126680 0.028447 0.020788 0.066457 0.016865 0.012985 
0.005015 0.048796 0.500872 0.068377 0.149483 0.039636 0.033919 0.085602 0.040242 0.028058 
0.017059 0.087079 0.500608 0.114292 0.145619 0.015647 0.018838 0.064935 0.020830 0.015095 
0.016874 0.082234 0.441841 0.081128 0.238320 0.008901 0.016416 0.098585 0.008014 0.007687 
0.003220 0.025730 0.120824 0.105762 0.420937 0.054552 0.045864 0.154716 0.043628 0.024767 
0.010486 0.043506 0.074466 0.140699 0.442126 0.052932 0.056023 0.150481 0.019584 0.009697 
0.000412 0.013146 0.151738 0.132385 0.426719 0.042023 0.025232 0.145956 0.042201 0.020188 
0.014946 0.102638 0.465067 0.099206 0.161108 0.025679 0.035748 0.054865 0.026430 0.014314 
0.001521 0.041384 0.531662 0.127078 0.150417 0.023154 0.033890 0.056990 0.025616 0.008288 
0.003807 0.032721 0.564048 0.111532 0.156589 0.028615 0.033069 0.054938 0.010091 0.004590 
0.010338 0.053329 0.571216 0.100589 0.144158 0.011854 0.027798 0.046871 0.022451 0.011397 
0.011055 0.059821 0.601179 0.091066 0.143382 0.014812 0.018933 0.033073 0.020233 0.006446 
0.003697 0.057321 0.561772 0.104992 0.142636 0.031582 0.027601 0.030189 0.022624 0.017587 
0.013116 0.076915 0.189551 0.153580 0.468650 0.028593 0.023343 0.029041 0.006855 0.010356 
0.007015 0.040471 0.205998 0.236249 0.317242 0.052010 0.049251 0.066329 0.021917 0.003517 
0.001198 0.035369 0.542836 0.104447 0.084845 0.026647 0.023427 0.114652 0.035960 0.030617 
0.010240 0.045377 0.483955 0.039112 0.110787 0.028757 0.035256 0.167208 0.045290 0.034019 
0.001877 0.016221 0.499039 0.050998 0.115012 0.030775 0.042313 0.171602 0.043800 0.028360 
0.003865 0.022743 0.511800 0.051007 0.115034 0.025914 0.035415 0.163551 0.046105 0.024566 
0.004034 0.022282 0.537797 0.039067 0.110507 0.018098 0.019239 0.153529 0.064474 0.030972 
0.007271 0.034289 0.543310 0.040928 0.109843 0.020504 0.030636 0.154709 0.040571 0.017939 
0.007264 0.033918 0.567982 0.036003 0.107564 0.018625 0.026913 0.147347 0.039482 0.014901 
0.009223 0.041817 0.587770 0.034735 0.105507 0.011659 0.020176 0.132492 0.041762 0.014858 
0.005418 0.026238 0.594622 0.062665 0.108996 0.012253 0.014951 0.113422 0.044662 0.016773 
0.004271 0.022448 0.607861 0.070709 0.107378 0.016513 0.024792 0.105277 0.027684 0.013068 
0.001604 0.016356 0.645867 0.071937 0.103459 0.004378 0.010486 0.088759 0.038208 0.018947 
0.002605 0.015221 0.648725 0.067506 0.102918 0.014856 0.022220 0.090063 0.021762 0.014125 
0.001890 0.014635 0.653546 0.065283 0.097974 0.017816 0.023526 0.089945 0.021600 0.013785 
0.007399 0.036531 0.667267 0.054580 0.087149 0.011487 0.010897 0.078287 0.031002 0.015402 
0.005877 0.035292 0.456522 0.065392 0.083407 0.186848 0.028846 0.068222 0.021652 0.047940 
0.005350 0.015853 0.432995 0.034774 0.093970 0.215900 0.049537 0.056219 0.032368 0.063035 
0.006429 0.031529 0.442713 0.024595 0.077127 0.218618 0.049991 0.058128 0.025781 0.065089 
0.000998 0.013075 0.455441 0.046143 0.092541 0.212785 0.029464 0.060875 0.021734 0.066945 
0.001593 0.015521 0.457825 0.056789 0.092350 0.199963 0.024237 0.063343 0.031629 0.056750 
0.002132 0.018987 0.471818 0.053466 0.078815 0.199164 0.032527 0.059767 0.036600 0.046723 
0.016620 0.080321 0.458191 0.095409 0.064777 0.163837 0.022396 0.030707 0.030614 0.037127 
0.005793 0.042022 0.480152 0.078215 0.115662 0.139566 0.013193 0.070576 0.019907 0.034915 
0.002557 0.014345 0.458556 0.068943 0.109691 0.150296 0.016134 0.098452 0.041224 0.039802 
0.004857 0.019037 0.468277 0.044367 0.107464 0.155480 0.016893 0.106102 0.042159 0.035363 
0.003784 0.017086 0.519312 0.027331 0.097985 0.126774 0.023714 0.110781 0.046540 0.026693 
0.003766 0.019288 0.369173 0.104395 0.093375 0.217865 0.034665 0.081010 0.018500 0.057964 
0.002376 0.017211 0.353661 0.079973 0.101965 0.245402 0.035343 0.061225 0.044008 0.058835 
0.004039 0.021541 0.379101 0.070757 0.116143 0.246550 0.030030 0.056428 0.025854 0.049558 
0.010534 0.046971 0.406968 0.089800 0.093763 0.225703 0.033833 0.047745 0.014304 0.030378 
0.009947 0.057846 0.510421 0.055014 0.065902 0.139066 0.034024 0.078258 0.034150 0.015371 
0.008268 0.045035 0.448478 0.047557 0.090147 0.152601 0.034426 0.117684 0.038370 0.017436 
0.004689 0.023662 0.485862 0.045890 0.087690 0.157685 0.027908 0.116387 0.036264 0.013962 
0.000950 0.015152 0.422611 0.083477 0.121290 0.161336 0.030691 0.097553 0.025818 0.041122 
0.008461 0.052555 0.359750 0.078532 0.106684 0.204683 0.039649 0.071308 0.037290 0.041088 
0.000292 0.012955 0.393799 0.072999 0.110819 0.217382 0.031344 0.089961 0.032771 0.037678 
0.020425 0.108254 0.440603 0.107473 0.087877 0.135790 0.016408 0.048980 0.016140 0.018051 
0.015278 0.099186 0.492583 0.095003 0.058461 0.105033 0.042388 0.053282 0.023301 0.015484 
0.008875 0.045588 0.455702 0.049507 0.098783 0.160068 0.035179 0.094662 0.031181 0.020455 
0.005270 0.029771 0.486105 0.040820 0.087585 0.157837 0.038043 0.105731 0.031904 0.016935 
0.004668 0.028506 0.422532 0.100056 0.093332 0.146865 0.041972 0.086678 0.024321 0.051071 
0.000845 0.016023 0.428243 0.038039 0.093519 0.193046 0.053206 0.081704 0.029805 0.065570 
0.002400 0.019194 0.410923 0.049505 0.105910 0.205670 0.045834 0.068741 0.027013 0.064811 
0.016972 0.092262 0.427128 0.112506 0.074715 0.137221 0.024203 0.039914 0.029607 0.045474 
0.005203 0.041501 0.474129 0.084541 0.097364 0.081480 0.046694 0.091571 0.037496 0.040021 
0.003834 0.017801 0.576555 0.048535 0.077995 0.010334 0.052202 0.151499 0.043222 0.018022 
0.007016 0.035924 0.567548 0.051979 0.077932 0.015493 0.042212 0.147104 0.040627 0.014164 
0.003488 0.025457 0.438988 0.076340 0.195212 0.043654 0.023702 0.064173 0.110957 0.018028 
0.007330 0.043690 0.385350 0.052517 0.213439 0.016656 0.040058 0.083227 0.141376 0.016356 
0.001957 0.019167 0.398743 0.050524 0.229374 0.013688 0.039598 0.084095 0.138455 0.024398 
0.005627 0.035358 0.397388 0.084927 0.202700 0.026673 0.029732 0.071623 0.129373 0.016598 
0.001725 0.037094 0.482406 0.062181 0.184935 0.034280 0.027345 0.038681 0.110200 0.021153 
0.029207 0.201826 0.379366 0.053908 0.031585 0.067136 0.117635 0.051977 0.057871 0.009488 
0.016038 0.084647 0.280161 0.116721 0.105948 0.070421 0.106601 0.109068 0.074003 0.036390 
0.003863 0.025130 0.321618 0.253946 0.127505 0.050020 0.038166 0.072184 0.097793 0.009775 
0.013379 0.077094 0.325253 0.292575 0.066237 0.087849 0.016764 0.030562 0.035989 0.054298 
0.013814 0.105246 0.427922 0.059608 0.087585 0.160524 0.030411 0.024368 0.025380 0.065140 
0.006613 0.092868 0.332916 0.195463 0.106281 0.051212 0.064621 0.056642 0.060732 0.032651 
0.015045 0.118932 0.495745 0.076545 0.112674 0.025910 0.025949 0.092304 0.021292 0.015605 
0.007738 0.045543 0.512882 0.068185 0.172823 0.029878 0.040617 0.093114 0.019312 0.009907 
0.000604 0.010387 0.544855 0.084467 0.147899 0.019570 0.033823 0.108589 0.032829 0.016978 
0.001081 0.009810 0.522594 0.079286 0.179473 0.021043 0.029341 0.101127 0.037474 0.018771 
0.028346 0.141012 0.492986 0.069829 0.133794 0.026331 0.017687 0.059231 0.021863 0.008919 
0.025507 0.129013 0.506088 0.086930 0.111093 0.025879 0.026271 0.054617 0.012725 0.021877 
0.008379 0.058703 0.493068 0.079902 0.157613 0.036218 0.033311 0.060733 0.037668 0.034406 
0.017275 0.087166 0.512619 0.092593 0.155966 0.019281 0.018683 0.060111 0.017363 0.018943 
0.012053 0.067191 0.516682 0.087947 0.176546 0.026429 0.022427 0.042720 0.030356 0.017648 
0.020682 0.105724 0.536032 0.078647 0.159694 0.018994 0.015466 0.038615 0.010977 0.015169 
0.011252 0.068189 0.536882 0.098817 0.166764 0.024216 0.027498 0.026246 0.020643 0.019493 
0.020072 0.102970 0.550190 0.064859 0.155377 0.028220 0.024699 0.025785 0.018598 0.009230 
0.007681 0.056845 0.532440 0.093933 0.164644 0.033341 0.032760 0.033000 0.026524 0.018832 
0.020513 0.100484 0.561955 0.076573 0.157014 0.016517 0.013991 0.030387 0.012783 0.009781 
0.007501 0.054224 0.536121 0.090049 0.174572 0.032826 0.025174 0.038444 0.027463 0.013628 
0.021406 0.105990 0.555193 0.050213 0.168783 0.022202 0.016990 0.047015 0.005165 0.007044 
0.002274 0.041717 0.544209 0.106609 0.168824 0.023727 0.022720 0.042555 0.027629 0.019736 
0.021665 0.103472 0.549842 0.062100 0.167626 0.017157 0.014486 0.052201 0.007060 0.004390 
0.007926 0.056428 0.533324 0.074266 0.170535 0.034227 0.031779 0.046375 0.028430 0.016710 
0.015957 0.083953 0.547911 0.085538 0.170104 0.017767 0.014855 0.037372 0.017289 0.009253 
0.013391 0.072907 0.548875 0.085802 0.171672 0.020934 0.019235 0.038842 0.017386 0.010956 
0.012516 0.068538 0.535835 0.083251 0.173645 0.029663 0.026264 0.028488 0.025231 0.016570 
0.020420 0.101252 0.580620 0.068496 0.176916 0.011302 0.009903 0.021004 0.004130 0.005958 
0.002616 0.043961 0.563360 0.110370 0.182947 0.021490 0.022455 0.021849 0.018019 0.012932 
0.023632 0.112589 0.578607 0.051336 0.175893 0.020475 0.014993 0.010412 0.007055 0.005007 
0.006313 0.049953 0.530757 0.087191 0.181536 0.036994 0.034760 0.035278 0.022346 0.014873 
0.017343 0.088247 0.562297 0.082989 0.187790 0.013878 0.013451 0.028994 0.002411 0.002600 
0.011952 0.068777 0.527328 0.078157 0.188540 0.029122 0.027019 0.037419 0.018182 0.013504 
0.012508 0.067740 0.531769 0.065003 0.178986 0.036134 0.033910 0.047058 0.014130 0.012761 
0.019125 0.097517 0.556484 0.082183 0.186736 0.007966 0.004266 0.030984 0.009977 0.004763 
0.004744 0.047135 0.546664 0.103757 0.194564 0.018252 0.022561 0.041826 0.010816 0.009680 
0.022173 0.109585 0.542821 0.050373 0.200040 0.018217 0.011563 0.028686 0.011851 0.004690 
0.008328 0.053041 0.531579 0.090483 0.202507 0.026864 0.026726 0.034466 0.015335 0.010670 
0.017657 0.089135 0.554610 0.087986 0.198236 0.006804 0.011004 0.022847 0.006138 0.005584 
0.014812 0.079757 0.514516 0.060620 0.196838 0.040794 0.032041 0.024890 0.020623 0.015110 
0.013884 0.084781 0.594948 0.113350 0.088401 0.031329 0.021108 0.018531 0.021245 0.012423 
0.018966 0.095024 0.409797 0.134475 0.096956 0.087679 0.057717 0.028090 0.038350 0.032946 
0.014438 0.061481 0.360495 0.091645 0.278789 0.049251 0.031093 0.019619 0.065584 0.027604 
0.012351 0.064109 0.299306 0.040812 0.337886 0.061160 0.044795 0.043301 0.083552 0.012728 
0.000153 0.024338 0.339486 0.087457 0.389167 0.037050 0.013022 0.021969 0.067587 0.019771 
0.016246 0.077168 0.309221 0.054944 0.362018 0.045543 0.018345 0.026891 0.071850 0.017774 
0.011799 0.063556 0.398840 0.073770 0.276928 0.032372 0.032169 0.055555 0.035014 0.019998 
0.009855 0.244264 0.402314 0.083520 0.092861 0.032394 0.033887 0.038652 0.043869 0.018385 
0.013825 0.121849 0.431219 0.110895 0.171073 0.053141 0.023071 0.027853 0.040610 0.006464 
0.008043 0.051885 0.479795 0.113767 0.213952 0.033178 0.008343 0.019478 0.059663 0.011896 
0.005811 0.061407 0.457123 0.110488 0.211737 0.024024 0.026054 0.029623 0.051967 0.021766 
0.007197 0.056934 0.471779 0.099255 0.178046 0.045986 0.032627 0.037990 0.046751 0.023436 
0.017280 0.123220 0.298724 0.135053 0.151252 0.047914 0.067993 0.055499 0.057936 0.045129 
0.000903 0.106007 0.205922 0.329359 0.107111 0.044390 0.050813 0.049075 0.085053 0.021367 
0.010130 0.228087 0.287212 0.145524 0.130702 0.031333 0.059571 0.051112 0.044437 0.011893 
0.003489 0.095013 0.162815 0.368959 0.110488 0.035791 0.063398 0.069262 0.072331 0.018454 
0.010307 0.117016 0.197187 0.290985 0.124895 0.024732 0.063088 0.075703 0.054801 0.041286 
0.002403 0.292188 0.153260 0.168642 0.143650 0.026153 0.058350 0.054430 0.051841 0.049082 
0.003768 0.260695 0.163593 0.149013 0.245099 0.022230 0.036158 0.059614 0.026777 0.033052 
0.002439 0.244553 0.190273 0.152970 0.193719 0.052347 0.053436 0.060149 0.019983 0.030131 
0.001383 0.226360 0.275987 0.177934 0.140984 0.022713 0.057166 0.046477 0.029004 0.021992 
0.022303 0.167589 0.257735 0.170355 0.226662 0.038784 0.034527 0.057063 0.019331 0.005651 
0.015276 0.192222 0.502862 0.094323 0.054811 0.028005 0.044488 0.028144 0.020417 0.019451 
0.058795 0.456327 0.233737 0.090755 0.046526 0.018704 0.034624 0.026754 0.021165 0.012612 
0.051833 0.398827 0.313420 0.079295 0.033722 0.022177 0.028380 0.032524 0.025697 0.014124 
0.000549 0.329190 0.394668 0.105582 0.033763 0.016197 0.024264 0.066781 0.020088 0.008919 
0.008319 0.351541 0.379815 0.113953 0.036651 0.014467 0.022176 0.045332 0.018590 0.009157 
0.009156 0.352874 0.366665 0.130001 0.024705 0.022209 0.026566 0.041532 0.011531 0.014761 
0.009399 0.334008 0.411520 0.091093 0.018949 0.015101 0.026593 0.057081 0.024654 0.011601 
0.015976 0.381495 0.351148 0.106387 0.010898 0.018388 0.016026 0.063672 0.025279 0.010731 
0.007650 0.273691 0.250404 0.140272 0.072504 0.134387 0.032222 0.048703 0.024968 0.015198 
0.015234 0.238286 0.222178 0.134485 0.054125 0.094181 0.022309 0.137484 0.023643 0.058076 
0.004999 0.257317 0.287967 0.118057 0.019997 0.050655 0.013803 0.095286 0.033885 0.118033 
0.002395 0.241137 0.303935 0.112086 0.019298 0.038698 0.022472 0.095839 0.023479 0.140662 
0.026941 0.312172 0.402041 0.068893 0.051591 0.029050 0.040227 0.038650 0.012029 0.018407 
0.048069 0.486776 0.276911 0.062386 0.027816 0.022156 0.024087 0.027331 0.014447 0.010021 
0.027023 0.505812 0.319259 0.072761 0.021208 0.012632 0.010890 0.019790 0.007168 0.003457 
0.011747 0.133766 0.191339 0.301793 0.111139 0.052378 0.033167 0.057029 0.087620 0.020022 
0.009607 0.201967 0.292152 0.197854 0.085629 0.057694 0.041526 0.063107 0.029306 0.021159 
0.004425 0.214524 0.294738 0.196775 0.050532 0.080426 0.036711 0.063400 0.043293 0.015178 
0.005458 0.234533 0.353529 0.162675 0.075688 0.042410 0.030964 0.042491 0.031102 0.021148 
0.004801 0.280413 0.372067 0.149753 0.021623 0.050698 0.024967 0.045270 0.031104 0.019305 
0.008299 0.290672 0.352283 0.143274 0.045464 0.042511 0.023978 0.054784 0.015766 0.022969 
0.002633 0.301616 0.349050 0.156966 0.032654 0.045110 0.016879 0.063316 0.021984 0.009793 
0.008926 0.220441 0.304469 0.161291 0.099745 0.107723 0.051718 0.018852 0.016955 0.009880 
0.001117 0.177376 0.216786 0.129107 0.112645 0.195846 0.032247 0.080205 0.030224 0.024447 
0.009503 0.250915 0.110654 0.158697 0.067865 0.107748 0.055723 0.178065 0.031773 0.029056 
0.005421 0.263219 0.094397 0.135201 0.062913 0.059574 0.036263 0.260174 0.028743 0.054095 
0.023206 0.247712 0.174578 0.153141 0.068215 0.067243 0.058460 0.144656 0.029361 0.033427 
0.007255 0.044997 0.244765 0.258238 0.176160 0.055325 0.073689 0.044697 0.057925 0.036950 
0.019664 0.170105 0.392400 0.088487 0.152879 0.057799 0.043114 0.020804 0.031672 0.023077 
0.019051 0.145474 0.508111 0.089742 0.064222 0.065053 0.034993 0.028549 0.023621 0.021184 
0.006019 0.100422 0.380825 0.231521 0.056944 0.097819 0.041533 0.036194 0.023266 0.025456 
0.005956 0.154500 0.440891 0.176274 0.029898 0.105494 0.024517 0.036448 0.011769 0.014253 
0.000260 0.054727 0.414906 0.221802 0.043451 0.160038 0.025801 0.034924 0.019727 0.024366 
0.002584 0.088404 0.496350 0.132928 0.092931 0.097244 0.020597 0.034032 0.014883 0.020049 
0.015453 0.201568 0.468521 0.074957 0.074824 0.063070 0.034865 0.028012 0.015192 0.023538 
0.032532 0.149475 0.535805 0.045006 0.060124 0.101269 0.026657 0.013732 0.018029 0.017370 
0.017326 0.083834 0.450325 0.068383 0.050487 0.160456 0.052041 0.046095 0.038796 0.032257 
0.016447 0.393366 0.336110 0.116255 0.029781 0.025260 0.017945 0.037436 0.009258 0.018144 
0.020560 0.315427 0.338885 0.165669 0.046601 0.020101 0.011552 0.041476 0.023912 0.015816 
0.014200 0.174742 0.441653 0.183196 0.042179 0.024250 0.030944 0.057835 0.018247 0.012755 
0.007596 0.100713 0.536201 0.145609 0.056538 0.034734 0.022882 0.072590 0.015498 0.007639 
0.016494 0.149756 0.537971 0.091126 0.052686 0.030966 0.013118 0.071143 0.025446 0.011292 
0.014119 0.108695 0.554509 0.086528 0.065024 0.042289 0.017719 0.077149 0.021665 0.012302 
0.019009 0.172236 0.511544 0.091023 0.046701 0.039682 0.022156 0.061772 0.020091 0.015786 
0.015231 0.075964 0.266310 0.243517 0.090951 0.097995 0.061528 0.049325 0.068614 0.030566 
0.003071 0.105774 0.259637 0.126780 0.068986 0.127124 0.068109 0.150449 0.029207 0.060863 
0.005546 0.044311 0.194903 0.118969 0.093247 0.043586 0.054585 0.157920 0.075417 0.211516 
0.005849 0.062318 0.209598 0.084587 0.066392 0.086005 0.065492 0.161300 0.080780 0.177679 
0.002718 0.039494 0.203840 0.108456 0.037642 0.051257 0.083626 0.169222 0.095178 0.208568 
0.004665 0.173370 0.345420 0.061163 0.067865 0.021819 0.060581 0.099176 0.109029 0.056913 
0.002899 0.091163 0.237132 0.101089 0.066947 0.027837 0.152020 0.111500 0.163914 0.045499 
0.016587 0.049834 0.155196 0.083524 0.107568 0.074088 0.246449 0.086699 0.151218 0.028835 
0.003200 0.172523 0.398603 0.045545 0.064514 0.021122 0.126124 0.055644 0.095377 0.017347 
0.006490 0.167548 0.362516 0.042541 0.113669 0.023232 0.109373 0.078723 0.081176 0.014731 
0.005242 0.143405 0.346644 0.059691 0.128690 0.024740 0.128576 0.061226 0.082477 0.019308 
0.003436 0.151610 0.356939 0.071444 0.121952 0.018228 0.130759 0.052514 0.076662 0.016456 
0.001735 0.133108 0.374794 0.097944 0.107431 0.025968 0.117969 0.030349 0.095092 0.015609 
0.001543 0.153903 0.398921 0.084546 0.069053 0.027636 0.118731 0.034875 0.097148 0.013645 
0.029911 0.176406 0.433971 0.094055 0.077576 0.024074 0.057187 0.040943 0.045999 0.019878 
0.005816 0.427626 0.354912 0.068962 0.049321 0.014531 0.027172 0.022252 0.022302 0.007107 
0.003539 0.257394 0.460344 0.117916 0.064062 0.015742 0.033635 0.021116 0.018250 0.008003 
0.031556 0.216056 0.473512 0.109597 0.078758 0.019902 0.021955 0.021359 0.020817 0.006487 
0.025730 0.226150 0.468645 0.083782 0.068941 0.031764 0.021433 0.033549 0.027668 0.012338 
0.039408 0.270742 0.300624 0.174151 0.068609 0.036511 0.036449 0.025511 0.033755 0.014239 
0.024818 0.253374 0.433379 0.111344 0.070612 0.032496 0.027335 0.023199 0.016582 0.006861 
0.004875 0.218941 0.511615 0.082572 0.099693 0.025850 0.013334 0.020310 0.014779 0.008033 
0.028054 0.205523 0.251381 0.100304 0.071864 0.172538 0.040820 0.081810 0.019783 0.027924 
0.019040 0.165632 0.271177 0.076129 0.070328 0.045572 0.037577 0.120804 0.051355 0.142386 
0.004435 0.189833 0.311269 0.090492 0.045125 0.028149 0.013190 0.066170 0.052144 0.199192 
0.016899 0.184222 0.351810 0.097059 0.070993 0.028756 0.048428 0.045437 0.058857 0.097540 
0.028187 0.415268 0.387906 0.084890 0.035233 0.007818 0.009252 0.009904 0.011773 0.009769 
0.019417 0.451167 0.341386 0.073833 0.059771 0.012669 0.008339 0.009103 0.012847 0.011467 
0.026890 0.210614 0.223141 0.158058 0.081750 0.052076 0.035823 0.030446 0.112557 0.068645 
0.003539 0.103193 0.309682 0.203555 0.075825 0.071612 0.042263 0.112310 0.048887 0.029135 
0.010891 0.169692 0.218343 0.114896 0.095102 0.045114 0.047821 0.198447 0.052963 0.046733 
0.005732 0.168912 0.268388 0.152681 0.101085 0.030859 0.069825 0.114433 0.041853 0.046233 
0.023514 0.269180 0.328717 0.113884 0.092890 0.032590 0.040704 0.041055 0.033671 0.023796 
0.035241 0.271633 0.340190 0.124223 0.086787 0.024485 0.029005 0.034201 0.032562 0.021674 
0.006336 0.188293 0.450980 0.130010 0.113626 0.019571 0.028196 0.031566 0.021796 0.009627 
0.020267 0.191603 0.441299 0.129167 0.126848 0.014696 0.026157 0.025139 0.017568 0.007256 
0.017117 0.178294 0.266660 0.217007 0.144915 0.058843 0.031998 0.046909 0.015515 0.022743 
0.018609 0.119420 0.389508 0.174081 0.076163 0.122488 0.021046 0.039955 0.025482 0.013247 
0.030359 0.248937 0.435431 0.112142 0.065318 0.016162 0.019951 0.036511 0.024283 0.010904 
0.001164 0.194888 0.557191 0.087834 0.051068 0.018229 0.028980 0.027223 0.022876 0.010546 
0.018476 0.164946 0.326537 0.221867 0.094560 0.029215 0.031692 0.044303 0.037591 0.030814 
0.000066 0.081221 0.434507 0.161330 0.130823 0.028486 0.053036 0.047005 0.034241 0.029285 
0.014838 0.174998 0.418234 0.140718 0.131934 0.019341 0.021195 0.034550 0.019882 0.024310 
0.004004 0.163674 0.278290 0.164454 0.115091 0.134665 0.026087 0.059435 0.019215 0.035085 
0.004961 0.129375 0.265365 0.184609 0.093612 0.155944 0.016423 0.077337 0.023619 0.048755 
0.004028 0.131515 0.287656 0.156757 0.085318 0.140851 0.011703 0.098354 0.016484 0.067332 
0.011204 0.069604 0.306109 0.146692 0.090525 0.117496 0.008252 0.077792 0.042496 0.129830 
0.008593 0.056591 0.274980 0.222792 0.119889 0.147742 0.038894 0.044285 0.032547 0.053686 
0.006191 0.101465 0.313930 0.184083 0.077833 0.174333 0.028826 0.061091 0.021168 0.031080 
0.017053 0.060367 0.253804 0.099120 0.122291 0.287591 0.061321 0.056182 0.019703 0.022570 
0.003682 0.271753 0.345436 0.079202 0.068002 0.137650 0.026023 0.029490 0.020446 0.018316 
0.034796 0.366957 0.263673 0.101530 0.132943 0.023554 0.024774 0.018889 0.018694 0.014190 
0.023051 0.350670 0.303131 0.105780 0.097683 0.034633 0.022399 0.024118 0.024422 0.014115 
0.022390 0.267283 0.389323 0.117519 0.095383 0.027343 0.030287 0.024496 0.016528 0.009448 
0.008623 0.207697 0.435243 0.150502 0.094867 0.033754 0.013693 0.017729 0.025307 0.012583 
0.011598 0.191006 0.483989 0.096696 0.102042 0.030748 0.024124 0.025252 0.024770 0.009776 
0.029453 0.166214 0.539529 0.079464 0.098934 0.027275 0.017195 0.023133 0.010729 0.008074 
0.013686 0.069680 0.264909 0.249196 0.138039 0.057937 0.045931 0.031593 0.088422 0.040604 
0.004561 0.107384 0.175257 0.203082 0.099231 0.047981 0.058779 0.095813 0.094278 0.113635 
0.019560 0.183040 0.128667 0.142092 0.100954 0.066871 0.042099 0.121225 0.027467 0.168026 
0.017377 0.185560 0.126856 0.137546 0.081228 0.058218 0.059022 0.138058 0.035157 0.160978 
0.012505 0.186650 0.182219 0.168363 0.061949 0.048041 0.025310 0.129243 0.034127 0.151593 
0.002990 0.051090 0.217467 0.101884 0.116710 0.049536 0.070526 0.167862 0.028640 0.193295 
0.000393 0.041177 0.160677 0.138807 0.104023 0.034018 0.105946 0.180026 0.155633 0.079301 
0.003018 0.049733 0.220480 0.055926 0.125036 0.057433 0.186551 0.085933 0.186785 0.029106 
0.015614 0.187097 0.376114 0.068619 0.067020 0.025156 0.126271 0.048529 0.064349 0.021232 
0.019948 0.234304 0.148464 0.074429 0.101259 0.040874 0.183605 0.063455 0.078331 0.055330 
0.008537 0.188823 0.162135 0.110408 0.123979 0.038783 0.156371 0.053262 0.113975 0.043726 
0.002064 0.169224 0.252441 0.114033 0.092148 0.038430 0.148939 0.058322 0.092032 0.032367 
0.005389 0.170916 0.440311 0.065217 0.062862 0.036376 0.098917 0.036495 0.069284 0.014234 
0.016387 0.191274 0.354293 0.108735 0.082272 0.035794 0.089540 0.038612 0.073913 0.009180 
0.006662 0.192431 0.281504 0.094262 0.104683 0.027442 0.106776 0.052120 0.108937 0.025184 
0.031371 0.370278 0.379102 0.080239 0.039747 0.020381 0.020621 0.022685 0.020475 0.015101 
0.023946 0.446744 0.268609 0.099403 0.043932 0.026297 0.017998 0.039167 0.026693 0.007212 
0.012228 0.339502 0.226951 0.106727 0.101957 0.048060 0.051466 0.078672 0.018278 0.016158 
0.000735 0.296521 0.243982 0.146725 0.122620 0.040867 0.028636 0.062968 0.034942 0.022003 
0.000112 0.249665 0.255433 0.121148 0.132455 0.101604 0.054706 0.050289 0.023574 0.011014 
0.008971 0.355077 0.190065 0.148104 0.121579 0.040532 0.040423 0.058577 0.024359 0.012314 
0.015802 0.286460 0.236820 0.182570 0.091229 0.067291 0.031669 0.037968 0.033357 0.016833 
0.015760 0.217886 0.085676 0.217884 0.123960 0.211098 0.028107 0.051533 0.028017 0.020080 
0.001270 0.192184 0.088151 0.152393 0.109093 0.288395 0.049288 0.057304 0.032085 0.029838 
0.006364 0.225982 0.111343 0.151349 0.140325 0.251158 0.033225 0.051400 0.009082 0.019772 
0.006429 0.212425 0.202742 0.191795 0.161181 0.120851 0.037663 0.046105 0.011608 0.009200 
0.036290 0.200745 0.506520 0.097378 0.045564 0.038041 0.021076 0.028907 0.014660 0.010819 
0.031712 0.437942 0.278533 0.117302 0.060296 0.018220 0.016673 0.016847 0.017235 0.005241 
0.016999 0.448006 0.266682 0.105999 0.072725 0.022525 0.013096 0.026604 0.022946 0.004416 
0.000513 0.126428 0.215189 0.253954 0.092508 0.135304 0.035604 0.055448 0.065716 0.019336 
0.000307 0.163010 0.217746 0.128564 0.089710 0.088842 0.046825 0.171444 0.029626 0.063925 
0.001099 0.177148 0.252263 0.156445 0.060958 0.032235 0.053966 0.069343 0.042838 0.153707 
0.000567 0.151991 0.220002 0.115540 0.045619 0.079816 0.040068 0.064837 0.053088 0.228472 
0.001161 0.165356 0.222322 0.104994 0.055445 0.061416 0.021101 0.073552 0.074734 0.219919 
0.002919 0.181412 0.213413 0.120767 0.076364 0.102882 0.037222 0.123488 0.050308 0.091225 
0.001968 0.236377 0.359144 0.165913 0.072297 0.070143 0.032345 0.032157 0.017637 0.012019 
0.001998 0.244286 0.302156 0.162451 0.099569 0.078588 0.029293 0.039904 0.025775 0.015980 
0.000711 0.190718 0.418617 0.170888 0.093642 0.026535 0.035276 0.028491 0.023225 0.011897 
0.002683 0.225269 0.407345 0.109716 0.122399 0.030764 0.030932 0.043545 0.018517 0.008831 
0.003069 0.222042 0.331317 0.197094 0.143120 0.022187 0.023255 0.028608 0.019128 0.010181 
0.009784 0.098337 0.241514 0.214454 0.049981 0.184665 0.069804 0.061611 0.032196 0.037654 
0.001015 0.116921 0.299547 0.207718 0.050556 0.085727 0.033309 0.101684 0.064918 0.038605 
0.011232 0.079054 0.420576 0.112265 0.055844 0.071718 0.044304 0.062895 0.040543 0.101569 
0.011493 0.094527 0.424437 0.116305 0.061449 0.041757 0.028193 0.062523 0.064662 0.094653 
0.012471 0.089289 0.423593 0.087298 0.082756 0.043059 0.064169 0.054070 0.123708 0.019586 
0.015136 0.205442 0.434102 0.081894 0.055734 0.074306 0.039993 0.060167 0.020700 0.012526 
0.014605 0.114969 0.440490 0.077390 0.090078 0.093889 0.024370 0.084134 0.043321 0.016754 
0.011029 0.100492 0.430989 0.049400 0.110377 0.109777 0.032301 0.073802 0.045802 0.036030 
0.007320 0.164941 0.506252 0.100439 0.047161 0.068759 0.027713 0.039908 0.015667 0.021840 
0.014143 0.171103 0.385799 0.075532 0.068667 0.129803 0.045595 0.044036 0.022824 0.042498 
0.037544 0.167669 0.281239 0.244307 0.094552 0.081275 0.024643 0.033466 0.016778 0.018528 
0.019866 0.423348 0.283593 0.107317 0.039963 0.056620 0.025676 0.025876 0.008849 0.008892 
0.022596 0.275259 0.363756 0.124355 0.086801 0.058690 0.022219 0.029665 0.008190 0.008469 
0.018675 0.213989 0.408093 0.139874 0.098469 0.028249 0.022549 0.042096 0.018083 0.009922 
0.003344 0.129348 0.604871 0.081272 0.047573 0.036863 0.050507 0.027159 0.011339 0.007723 
0.029068 0.188267 0.450379 0.088368 0.054129 0.027131 0.082085 0.028469 0.038411 0.013693 
0.009633 0.128333 0.593725 0.064336 0.040857 0.016933 0.077375 0.024663 0.028039 0.016107 
0.025912 0.153571 0.423871 0.234796 0.031665 0.041908 0.059988 0.013426 0.009466 0.005398 
0.024876 0.119421 0.171601 0.355296 0.117517 0.045590 0.035821 0.046700 0.059724 0.023454 
0.000221 0.105406 0.178819 0.404304 0.104933 0.042399 0.050292 0.031811 0.057926 0.023889 
0.008319 0.094888 0.163151 0.432964 0.086754 0.084995 0.044650 0.031326 0.030814 0.022138 
0.006071 0.061455 0.203910 0.437551 0.075056 0.097593 0.028365 0.037008 0.014298 0.038693 
0.011129 0.089656 0.329420 0.243581 0.122936 0.041944 0.056378 0.056580 0.028819 0.019556 
0.007115 0.227030 0.509369 0.106810 0.044943 0.027129 0.029145 0.020150 0.018999 0.009309 
0.056998 0.299329 0.275304 0.108261 0.081947 0.039856 0.060047 0.029421 0.022893 0.025944 
0.012760 0.294589 0.309071 0.116721 0.065718 0.030188 0.060496 0.049870 0.039027 0.021559 
0.008668 0.193002 0.258709 0.259579 0.069024 0.119824 0.032167 0.031865 0.019756 0.007407 
0.004412 0.122545 0.384395 0.156537 0.056755 0.196831 0.029959 0.030911 0.008494 0.009162 
0.000127 0.099809 0.312151 0.119517 0.117060 0.239510 0.038352 0.038851 0.015440 0.019182 
0.003951 0.129107 0.425461 0.114927 0.041354 0.191772 0.029685 0.030784 0.010009 0.022950 
0.004398 0.134448 0.250240 0.129813 0.105663 0.249468 0.035535 0.049213 0.011152 0.030069 
0.003868 0.038170 0.171356 0.181943 0.254817 0.207853 0.039115 0.058045 0.021286 0.023547 
0.025395 0.324746 0.311914 0.076431 0.126169 0.047849 0.030143 0.022140 0.025241 0.009971 
0.023505 0.358799 0.281549 0.080981 0.120405 0.032876 0.036936 0.027229 0.024735 0.012985 
0.012966 0.188275 0.323291 0.138716 0.177210 0.067193 0.043265 0.013801 0.031256 0.004029 
0.012513 0.143726 0.425280 0.072650 0.189760 0.053647 0.054242 0.013473 0.028774 0.005934 
0.017889 0.153551 0.374332 0.083371 0.175024 0.063881 0.064776 0.023613 0.032363 0.011199 
0.020742 0.148717 0.401540 0.082101 0.167492 0.061342 0.042855 0.021431 0.038746 0.015036 
0.006539 0.167378 0.550553 0.111566 0.074892 0.040863 0.017460 0.013318 0.010115 0.007317 
0.000769 0.150242 0.479270 0.156385 0.058777 0.047473 0.038325 0.027551 0.024039 0.017169 
0.001404 0.144985 0.499966 0.143244 0.068680 0.064547 0.019189 0.019159 0.020486 0.018340 
0.022844 0.175082 0.346159 0.177822 0.043463 0.139789 0.029285 0.031810 0.019530 0.014216 
0.034170 0.286407 0.463753 0.076560 0.056696 0.038062 0.011784 0.012166 0.012992 0.007411 
0.013360 0.154028 0.480852 0.128766 0.074900 0.046982 0.031058 0.025060 0.025221 0.019773 
0.025076 0.404604 0.397434 0.049311 0.057780 0.028952 0.009900 0.009402 0.011508 0.006031 
0.014920 0.288640 0.505769 0.105292 0.029593 0.022639 0.013501 0.005908 0.007124 0.006614 
0.013827 0.126744 0.263324 0.245052 0.096852 0.055320 0.040877 0.033725 0.094917 0.029362 
0.014908 0.094606 0.315091 0.205982 0.072355 0.134156 0.039831 0.045435 0.044084 0.033553 
0.016793 0.127630 0.372577 0.164633 0.064997 0.121074 0.029970 0.053368 0.029405 0.019553 
0.005989 0.127571 0.366164 0.143984 0.096526 0.142921 0.024654 0.042093 0.030204 0.019893 
0.003702 0.111368 0.385785 0.116386 0.061967 0.165883 0.054365 0.057146 0.016490 0.026909 
0.019545 0.128703 0.356894 0.127931 0.052162 0.156776 0.052773 0.050065 0.023236 0.031915 
0.003375 0.135882 0.457406 0.114309 0.088555 0.107052 0.024338 0.031186 0.014627 0.023269 
0.027004 0.179167 0.541967 0.108904 0.047123 0.031805 0.018050 0.012018 0.014596 0.019366 
0.024087 0.193805 0.383061 0.058041 0.166367 0.068968 0.035933 0.032675 0.015643 0.021422 
0.009973 0.113316 0.310254 0.105236 0.138763 0.030413 0.121630 0.111299 0.041521 0.017595 
0.002363 0.116890 0.284341 0.128950 0.072368 0.045504 0.175217 0.087998 0.057695 0.028674 
0.013172 0.110781 0.395919 0.136528 0.077156 0.029391 0.116579 0.052402 0.040647 0.027424 
0.000239 0.103166 0.252790 0.281781 0.150316 0.060501 0.053416 0.034430 0.042369 0.020993 
