SeeYouSoon,Coldplay
0.000000 0.000000 0.000000 0.000000 0.000000 0.000000 0.000000 0.000000 0.000000 0.000000 
0.000000 0.000000 0.000000 0.000000 0.000000 0.000000 0.000000 0.000000 0.000000 0.000000 
0.000000 0.000000 0.000000 0.000000 0.000000 0.000000 0.000000 0.000000 0.000000 0.000000 
0.023256 0.093023 0.116279 0.116279 0.116279 0.093023 0.116279 0.116279 0.116279 0.093023 
0.004526 0.048900 0.426171 0.192948 0.133056 0.070006 0.046252 0.044253 0.017345 0.016542 
0.010060 0.042567 0.463212 0.155505 0.140991 0.091967 0.015750 0.024084 0.029566 0.026298 
0.004073 0.070036 0.397483 0.152697 0.141901 0.101925 0.036543 0.047195 0.038208 0.009939 
0.012527 0.156163 0.346049 0.169418 0.059140 0.080445 0.044558 0.085030 0.027108 0.019562 
0.014221 0.152285 0.330133 0.141507 0.048866 0.051220 0.031486 0.070419 0.067431 0.092432 
0.006143 0.126784 0.511678 0.089847 0.028498 0.065813 0.037135 0.052221 0.030640 0.051242 
0.018612 0.208151 0.399252 0.064692 0.056039 0.083695 0.012011 0.090298 0.031508 0.035742 
0.028642 0.179818 0.278735 0.107703 0.071286 0.086742 0.016992 0.142694 0.035439 0.051950 
0.011109 0.083541 0.299608 0.068726 0.071986 0.100080 0.059996 0.221197 0.036308 0.047448 
0.002723 0.063285 0.256135 0.103813 0.087298 0.134640 0.059667 0.217730 0.047128 0.027581 
0.013627 0.089116 0.275300 0.121593 0.093554 0.121449 0.041643 0.166938 0.047353 0.029427 
0.012350 0.080468 0.306807 0.130653 0.107702 0.131269 0.029878 0.125977 0.030674 0.044222 
0.016445 0.079949 0.352352 0.144982 0.083798 0.124777 0.018640 0.104125 0.037377 0.037555 
0.015455 0.069761 0.336297 0.154784 0.094214 0.107428 0.022988 0.099318 0.056882 0.042873 
0.012026 0.065926 0.415991 0.093027 0.074547 0.091977 0.047330 0.114895 0.031937 0.052344 
0.013036 0.089035 0.381735 0.138722 0.070109 0.092507 0.044824 0.121466 0.037303 0.011264 
0.012963 0.086669 0.387392 0.114848 0.051735 0.087955 0.046251 0.117843 0.032379 0.061965 
0.000096 0.021558 0.333695 0.164482 0.127219 0.067520 0.036291 0.180210 0.043802 0.025129 
0.000129 0.039476 0.232645 0.070821 0.201685 0.045991 0.058695 0.269524 0.054675 0.026358 
0.003701 0.043706 0.232146 0.116631 0.212531 0.027963 0.028957 0.266484 0.043231 0.024649 
0.008741 0.054616 0.210778 0.111792 0.208063 0.044221 0.051391 0.251645 0.046671 0.012081 
0.008558 0.046776 0.187348 0.088090 0.212439 0.035680 0.049779 0.291787 0.057718 0.021824 
0.000949 0.017521 0.207943 0.108654 0.203613 0.038436 0.056115 0.299681 0.042252 0.024837 
0.008150 0.046636 0.222643 0.077551 0.210261 0.045978 0.056057 0.275779 0.040153 0.016791 
0.002594 0.035268 0.464768 0.088840 0.113064 0.061628 0.037120 0.131983 0.037225 0.027509 
0.006905 0.061587 0.482004 0.110433 0.102805 0.066150 0.029072 0.081383 0.038088 0.021573 
0.015842 0.079634 0.529968 0.114313 0.082811 0.048771 0.009198 0.081166 0.028583 0.009714 
0.017591 0.083338 0.529346 0.112691 0.076612 0.055668 0.023208 0.073619 0.015738 0.012189 
0.016759 0.103118 0.466995 0.094964 0.080468 0.088287 0.033247 0.059000 0.028932 0.028231 
0.011574 0.101216 0.411162 0.119475 0.100776 0.085793 0.043935 0.060348 0.043388 0.022332 
0.005561 0.044144 0.440744 0.094949 0.117718 0.122652 0.047840 0.079202 0.035483 0.011707 
0.011058 0.072550 0.317497 0.117016 0.141179 0.079868 0.047330 0.141226 0.034964 0.037312 
0.015319 0.101368 0.218508 0.102127 0.240893 0.091845 0.037829 0.114682 0.063361 0.014069 
0.010104 0.068118 0.240346 0.049116 0.232901 0.069732 0.079210 0.159100 0.029370 0.062003 
0.002997 0.016492 0.218954 0.057166 0.241695 0.091856 0.051723 0.178907 0.057094 0.083116 
0.021367 0.193998 0.349224 0.123381 0.079053 0.043608 0.029213 0.061806 0.058720 0.039630 
0.015678 0.189383 0.432169 0.089178 0.117772 0.025363 0.015471 0.060560 0.041767 0.012659 
0.004152 0.146460 0.420572 0.120117 0.134805 0.022698 0.018126 0.068872 0.048344 0.015854 
0.010757 0.117299 0.408416 0.064040 0.206244 0.031693 0.010492 0.097489 0.048587 0.004984 
0.005971 0.061795 0.434466 0.078880 0.224987 0.032629 0.039829 0.071848 0.041809 0.007785 
0.012619 0.093527 0.324594 0.038382 0.292604 0.048308 0.031835 0.091310 0.047798 0.019023 
0.002237 0.048386 0.386100 0.129223 0.263108 0.032648 0.013962 0.068457 0.041501 0.014379 
0.012437 0.058852 0.416311 0.120428 0.233688 0.032151 0.021340 0.054372 0.035947 0.014475 
0.009962 0.065955 0.283736 0.089041 0.345265 0.054161 0.023673 0.053096 0.065805 0.009306 
0.007642 0.044088 0.144486 0.095128 0.433711 0.072757 0.029488 0.076241 0.079572 0.016889 
0.001821 0.013978 0.254505 0.166740 0.363051 0.059141 0.021742 0.054112 0.060362 0.004548 
0.003725 0.022773 0.143826 0.131856 0.351351 0.100542 0.049512 0.099464 0.068179 0.028770 
0.003036 0.043251 0.260024 0.101700 0.277810 0.044701 0.039209 0.153774 0.056628 0.019867 
0.009010 0.063317 0.213545 0.103833 0.324041 0.052203 0.029592 0.134488 0.062482 0.007490 
0.010864 0.063828 0.225156 0.104690 0.297430 0.046977 0.036724 0.144358 0.046650 0.023323 
0.004189 0.074376 0.360412 0.104861 0.194764 0.048172 0.045640 0.077066 0.051629 0.038891 
0.000126 0.106445 0.322918 0.080235 0.159628 0.102752 0.035989 0.090806 0.075422 0.025680 
0.005548 0.046362 0.215238 0.082431 0.201404 0.180190 0.047424 0.117681 0.060255 0.043468 
0.005781 0.059797 0.147037 0.073831 0.245649 0.204092 0.014666 0.125470 0.060712 0.062964 
0.010868 0.060930 0.068317 0.053569 0.242304 0.254356 0.051193 0.132773 0.067744 0.057946 
0.000904 0.009456 0.176079 0.082374 0.232243 0.220250 0.011530 0.111196 0.094571 0.061396 
0.013669 0.066730 0.295254 0.058589 0.154486 0.172136 0.034363 0.071813 0.072812 0.060148 
0.009642 0.057301 0.340948 0.154357 0.169837 0.091654 0.023823 0.051086 0.050134 0.051219 
0.010342 0.090930 0.577217 0.078247 0.090021 0.064876 0.018540 0.036313 0.019689 0.013826 
0.010798 0.048093 0.417658 0.109700 0.171912 0.091660 0.022621 0.063284 0.040880 0.023395 
0.015623 0.084036 0.413972 0.127534 0.138379 0.094595 0.025084 0.056680 0.021977 0.022120 
0.007160 0.031690 0.421917 0.128124 0.116002 0.119261 0.042323 0.068573 0.041924 0.023026 
0.016651 0.100475 0.397004 0.126945 0.119719 0.069938 0.040809 0.078094 0.025687 0.024680 
0.013152 0.073792 0.375422 0.140401 0.149549 0.091244 0.024113 0.080612 0.028608 0.023106 
0.011714 0.063588 0.381801 0.132950 0.115710 0.096081 0.034978 0.096404 0.046049 0.020724 
0.022911 0.170835 0.332700 0.089780 0.137295 0.082194 0.034920 0.062691 0.036482 0.030190 
0.022503 0.240837 0.393140 0.088155 0.080872 0.052012 0.016929 0.052936 0.026951 0.025665 
0.004674 0.116423 0.461221 0.142258 0.088041 0.045338 0.024666 0.075296 0.020722 0.021363 
0.013165 0.143455 0.400602 0.120618 0.111355 0.050412 0.016551 0.089423 0.035040 0.019379 
0.003375 0.071967 0.414918 0.129460 0.139750 0.065566 0.013786 0.098566 0.040148 0.022463 
0.007181 0.083721 0.363545 0.124430 0.167113 0.072606 0.029478 0.100628 0.026818 0.024480 
0.004903 0.064374 0.370875 0.143537 0.189465 0.058711 0.030498 0.094976 0.025248 0.017413 
0.017705 0.080861 0.333955 0.116085 0.215204 0.065436 0.018819 0.091289 0.034109 0.026537 
0.003175 0.107784 0.363365 0.112446 0.202754 0.060959 0.033967 0.070237 0.035802 0.009511 
0.007282 0.074883 0.348054 0.113215 0.255357 0.047714 0.014332 0.086834 0.028741 0.023589 
0.001692 0.045360 0.291547 0.132053 0.272568 0.069492 0.031657 0.087421 0.041995 0.026215 
0.003736 0.040195 0.287223 0.166530 0.275268 0.063590 0.028814 0.071982 0.029632 0.033030 
0.005473 0.033866 0.245368 0.144544 0.280170 0.042168 0.018367 0.181279 0.028842 0.019922 
0.001854 0.019564 0.219392 0.164617 0.302866 0.036187 0.040380 0.167299 0.035496 0.012344 
0.010007 0.054555 0.181625 0.151788 0.304690 0.061365 0.042004 0.138337 0.032292 0.023338 
0.013139 0.064196 0.180127 0.154485 0.309722 0.056094 0.017574 0.133426 0.038732 0.032503 
0.003599 0.022707 0.214322 0.177684 0.302850 0.052067 0.049837 0.128150 0.030644 0.018140 
0.016556 0.085010 0.152544 0.159796 0.302594 0.083995 0.050373 0.126176 0.011123 0.011832 
0.000843 0.010199 0.243877 0.202776 0.283950 0.045599 0.022240 0.138468 0.038415 0.013634 
0.011515 0.083574 0.287679 0.178635 0.171799 0.051822 0.046149 0.132280 0.022774 0.013774 
0.007802 0.040680 0.185905 0.180338 0.247212 0.091007 0.070508 0.147143 0.020238 0.009166 
0.001822 0.022186 0.192659 0.220091 0.253855 0.064264 0.064379 0.151098 0.021185 0.008461 
0.010505 0.039400 0.192182 0.157965 0.249381 0.063586 0.054061 0.161594 0.040662 0.030665 
0.012394 0.075499 0.178127 0.214416 0.231090 0.071043 0.048025 0.134048 0.018545 0.016812 
0.003118 0.029698 0.212757 0.237387 0.239731 0.052231 0.027978 0.151976 0.027465 0.017659 
0.003247 0.031820 0.234787 0.231449 0.231328 0.058105 0.029461 0.144960 0.022450 0.012394 
0.013017 0.076590 0.266591 0.220434 0.183198 0.067223 0.037830 0.084003 0.030588 0.020526 
0.015170 0.077730 0.220787 0.241272 0.207408 0.071740 0.030570 0.081860 0.045869 0.007593 
0.001534 0.027455 0.270502 0.255992 0.204100 0.071236 0.027387 0.089511 0.039967 0.012316 
0.007481 0.067728 0.294246 0.221540 0.167259 0.081423 0.046619 0.055184 0.027458 0.031061 
0.000676 0.155344 0.440417 0.117506 0.105521 0.042075 0.032316 0.052263 0.027474 0.026408 
0.006235 0.195516 0.329517 0.125820 0.123062 0.068525 0.031388 0.042969 0.040869 0.036100 
0.007416 0.138247 0.355424 0.126993 0.155876 0.062539 0.024762 0.052400 0.046155 0.030187 
0.002560 0.108484 0.280666 0.193678 0.185579 0.062155 0.024194 0.063947 0.049942 0.028795 
0.000528 0.093226 0.293402 0.116787 0.243360 0.076556 0.041917 0.084337 0.035413 0.014473 
0.003890 0.030696 0.377279 0.135943 0.258341 0.060623 0.026659 0.067221 0.019858 0.019491 
0.016213 0.105994 0.331966 0.126240 0.252776 0.044191 0.017777 0.065741 0.026767 0.012335 
0.003907 0.031088 0.370702 0.230038 0.191342 0.048860 0.027880 0.055791 0.016120 0.024273 
0.012934 0.100699 0.301931 0.198222 0.187117 0.077115 0.028140 0.047490 0.028666 0.017686 
0.016152 0.083537 0.264542 0.194419 0.236118 0.084346 0.030978 0.047470 0.034318 0.008120 
0.005833 0.022028 0.259622 0.204347 0.260644 0.097562 0.045932 0.059077 0.029955 0.015000 
0.003525 0.027445 0.224534 0.212227 0.183330 0.102396 0.057309 0.155429 0.020706 0.013099 
0.003265 0.045560 0.161941 0.262672 0.172849 0.067536 0.046562 0.185924 0.032498 0.021193 
0.003894 0.020571 0.205597 0.275816 0.177065 0.058861 0.042370 0.178731 0.025890 0.011204 
0.002877 0.024236 0.214859 0.240446 0.204735 0.074549 0.039256 0.164954 0.018370 0.015718 
0.002839 0.025789 0.239670 0.242516 0.223449 0.049780 0.015434 0.156371 0.022848 0.021304 
0.005863 0.031189 0.239324 0.202938 0.254784 0.054745 0.048738 0.140960 0.009570 0.011890 
0.005958 0.027907 0.227207 0.159349 0.295891 0.080898 0.054033 0.120595 0.014997 0.013166 
0.001249 0.032252 0.417097 0.176588 0.167457 0.028106 0.042267 0.086528 0.028604 0.019852 
0.007226 0.048713 0.410733 0.157852 0.198914 0.033537 0.020112 0.075915 0.026657 0.020341 
0.014112 0.054074 0.396309 0.160445 0.238508 0.035320 0.010044 0.070432 0.011776 0.008982 
0.009196 0.039684 0.293407 0.211034 0.255553 0.054374 0.016853 0.078421 0.027179 0.014298 
0.000156 0.075838 0.433164 0.184952 0.153908 0.030546 0.031423 0.060112 0.018342 0.011561 
0.000824 0.077721 0.428157 0.122437 0.181531 0.037636 0.035861 0.073615 0.023487 0.018732 
0.010072 0.092228 0.354841 0.187910 0.163934 0.043866 0.043308 0.062097 0.016904 0.024840 
0.002453 0.018556 0.406323 0.150663 0.194893 0.061589 0.069002 0.056490 0.027661 0.012370 
0.021910 0.127728 0.338688 0.128175 0.178166 0.051561 0.042511 0.058543 0.024345 0.028373 
0.012759 0.088024 0.338855 0.146898 0.186968 0.055528 0.038969 0.058483 0.045045 0.028471 
0.010489 0.072620 0.373526 0.158345 0.177106 0.043371 0.042405 0.053569 0.047590 0.020980 
0.005160 0.041897 0.568328 0.173774 0.091137 0.029805 0.024779 0.026475 0.013727 0.024919 
0.007800 0.039379 0.632162 0.109848 0.059708 0.049016 0.021595 0.039898 0.017227 0.023367 
0.018287 0.091387 0.516756 0.134111 0.052499 0.056564 0.032793 0.049898 0.032207 0.015498 
0.026132 0.135280 0.477264 0.121057 0.063246 0.051673 0.026120 0.049509 0.037831 0.011889 
0.026457 0.129969 0.468041 0.106999 0.087039 0.052741 0.020676 0.066157 0.027862 0.014059 
0.014840 0.084451 0.450908 0.116401 0.116651 0.073228 0.038081 0.074386 0.012177 0.018877 
0.000323 0.029436 0.440324 0.129246 0.170317 0.070743 0.030953 0.099820 0.024179 0.004659 
0.005045 0.039884 0.377103 0.137921 0.210029 0.069183 0.019595 0.095086 0.034365 0.011789 
0.007808 0.093671 0.403882 0.115476 0.201569 0.068891 0.018553 0.066718 0.013455 0.009976 
0.004354 0.063802 0.362750 0.107586 0.232339 0.080084 0.026642 0.055184 0.041801 0.025457 
0.014651 0.096518 0.358396 0.080028 0.244945 0.083111 0.033776 0.034783 0.038058 0.015733 
0.022379 0.118304 0.333691 0.077735 0.224196 0.098137 0.038840 0.041926 0.034240 0.010552 
0.023886 0.090012 0.392234 0.066965 0.207058 0.093829 0.026949 0.062485 0.027471 0.009110 
0.015782 0.072905 0.377871 0.043933 0.217215 0.102665 0.036428 0.078605 0.044183 0.010413 
0.006628 0.037867 0.357132 0.077500 0.207958 0.127352 0.053098 0.101469 0.023864 0.007132 
0.006162 0.040341 0.357166 0.106330 0.186663 0.098356 0.039796 0.128885 0.030665 0.005637 
0.012585 0.067706 0.363849 0.113186 0.156977 0.082478 0.025942 0.135487 0.035772 0.006019 
0.014432 0.075342 0.352985 0.117562 0.164865 0.089455 0.030371 0.123430 0.019173 0.012384 
0.002799 0.048394 0.338163 0.090453 0.194884 0.065788 0.026995 0.175801 0.035315 0.021409 
0.002387 0.040261 0.326061 0.053028 0.248461 0.037471 0.016688 0.186372 0.057483 0.031790 
0.005835 0.039176 0.340082 0.074228 0.209290 0.047562 0.030700 0.189659 0.041585 0.021883 
0.002564 0.029549 0.355275 0.094276 0.192720 0.056229 0.066531 0.183389 0.016525 0.002943 
0.013075 0.089332 0.289934 0.086654 0.173858 0.078080 0.075943 0.160187 0.027030 0.005906 
0.013653 0.091041 0.348963 0.076057 0.168033 0.044789 0.044410 0.157654 0.038701 0.016699 
0.000938 0.035934 0.311761 0.114339 0.222219 0.044653 0.031246 0.169949 0.041525 0.027435 
0.004188 0.031767 0.279782 0.129097 0.268431 0.033777 0.029492 0.168900 0.023651 0.030914 
0.005117 0.030540 0.276405 0.088216 0.272084 0.033548 0.037607 0.126015 0.091636 0.038831 
0.003613 0.029672 0.255197 0.125446 0.341757 0.033424 0.022340 0.062762 0.043008 0.082780 
0.003518 0.034047 0.294373 0.091943 0.267085 0.034554 0.059904 0.056683 0.110417 0.047477 
0.002934 0.045563 0.505497 0.082847 0.123812 0.088464 0.024285 0.068539 0.040452 0.017607 
0.003951 0.027135 0.566538 0.089236 0.111216 0.064677 0.040726 0.052878 0.031176 0.012468 
0.010143 0.071503 0.405394 0.109361 0.128897 0.095201 0.027921 0.088029 0.045651 0.017900 
0.017494 0.093684 0.503577 0.141780 0.070279 0.063771 0.018723 0.059939 0.025140 0.005613 
0.016296 0.080463 0.452101 0.129182 0.100240 0.078379 0.015787 0.083144 0.033217 0.011193 
0.009411 0.047831 0.422652 0.069174 0.180622 0.098956 0.021266 0.100919 0.024823 0.024346 
0.002882 0.032757 0.449263 0.081401 0.168511 0.090865 0.018035 0.087859 0.046361 0.022066 
0.021551 0.130074 0.347435 0.112086 0.174397 0.073592 0.037342 0.079298 0.015830 0.008395 
0.002497 0.102518 0.416900 0.088639 0.141383 0.074913 0.021993 0.090513 0.032373 0.028271 
0.010159 0.072915 0.450059 0.045903 0.169690 0.089511 0.043480 0.090845 0.018689 0.008748 
0.009247 0.042612 0.393938 0.060301 0.237904 0.076668 0.018572 0.111469 0.040404 0.008885 
0.004472 0.068105 0.428543 0.100202 0.154864 0.061593 0.038088 0.106777 0.030201 0.007156 
0.017564 0.122528 0.406364 0.097478 0.126483 0.045311 0.032612 0.099828 0.046350 0.005483 
0.002710 0.034348 0.392557 0.124842 0.177538 0.048054 0.015647 0.103911 0.081722 0.018672 
0.010144 0.039926 0.468741 0.129924 0.143852 0.049388 0.026509 0.066618 0.047704 0.017194 
0.007284 0.134736 0.534419 0.091954 0.109203 0.045988 0.012723 0.026184 0.026618 0.010892 
0.005916 0.158159 0.412348 0.087874 0.197296 0.049967 0.014875 0.019522 0.035788 0.018256 
0.005309 0.110397 0.352248 0.095059 0.249773 0.057845 0.020330 0.028672 0.057482 0.022886 
0.010229 0.111125 0.256237 0.143678 0.276918 0.073892 0.025788 0.020022 0.054218 0.027893 
0.009577 0.091867 0.184227 0.156320 0.335238 0.095965 0.024307 0.027266 0.039368 0.035865 
0.011723 0.074567 0.172582 0.150833 0.400959 0.093721 0.024659 0.024617 0.014859 0.031481 
0.012481 0.054691 0.175627 0.117249 0.432250 0.086851 0.039822 0.026119 0.028567 0.026342 
0.013314 0.047893 0.351508 0.103604 0.320035 0.060155 0.027408 0.032076 0.023758 0.020248 
0.009651 0.053991 0.405960 0.110083 0.250682 0.071444 0.019258 0.037263 0.024908 0.016760 
0.004168 0.016124 0.388343 0.114155 0.254534 0.088221 0.032170 0.043014 0.033278 0.025992 
0.004922 0.024940 0.395800 0.145323 0.225693 0.092784 0.027958 0.030631 0.032382 0.019565 
0.007462 0.039706 0.277245 0.154161 0.271675 0.097842 0.052079 0.043291 0.028184 0.028356 
0.017170 0.085219 0.278379 0.103074 0.289780 0.099067 0.025756 0.053462 0.027992 0.020102 
0.014950 0.075923 0.235645 0.093175 0.347190 0.088472 0.048510 0.037511 0.024831 0.033794 
0.011069 0.046694 0.232282 0.161522 0.328638 0.064129 0.028976 0.064676 0.030080 0.031933 
0.015450 0.167883 0.399041 0.080878 0.168496 0.051717 0.028720 0.040130 0.030900 0.016784 
0.015316 0.175929 0.348846 0.129667 0.174691 0.054318 0.025385 0.029034 0.034751 0.012064 
0.014599 0.139180 0.296984 0.151101 0.215112 0.057996 0.023896 0.051594 0.032178 0.017359 
0.009614 0.105839 0.223172 0.175129 0.248495 0.081148 0.056419 0.038197 0.039768 0.022218 
0.008110 0.051513 0.259949 0.220093 0.267777 0.069634 0.021995 0.053656 0.032482 0.014791 
0.006945 0.052692 0.271922 0.222236 0.272133 0.058263 0.024385 0.055482 0.016202 0.019740 
0.010350 0.062147 0.276144 0.172215 0.270773 0.070437 0.039658 0.060157 0.018183 0.019937 
0.000101 0.038766 0.270576 0.132271 0.302157 0.080768 0.067941 0.052131 0.031022 0.024268 
0.007178 0.090189 0.230161 0.131123 0.285884 0.103491 0.033593 0.069218 0.031353 0.017811 
0.005204 0.055178 0.237242 0.164058 0.308059 0.102818 0.026119 0.066535 0.025338 0.009448 
0.001682 0.042075 0.183144 0.180938 0.349323 0.109121 0.026192 0.075369 0.020876 0.011279 
0.001075 0.026788 0.209591 0.160902 0.365662 0.069181 0.009636 0.116755 0.023301 0.017111 
0.004715 0.018054 0.131190 0.111205 0.396022 0.109179 0.058137 0.129529 0.016186 0.025784 
0.001787 0.010027 0.136809 0.152333 0.405006 0.097490 0.051805 0.108220 0.016344 0.020178 
0.006461 0.026054 0.167552 0.190691 0.389671 0.061860 0.011756 0.104866 0.020138 0.020951 
0.000666 0.006299 0.176605 0.182959 0.398749 0.073066 0.051347 0.082525 0.014072 0.013713 
0.014706 0.062299 0.168767 0.173072 0.362563 0.064914 0.027767 0.088856 0.026006 0.011051 
0.014593 0.055700 0.188542 0.150308 0.350386 0.043801 0.018239 0.110192 0.041181 0.027059 
0.000443 0.052656 0.247406 0.171578 0.280256 0.033271 0.062663 0.118185 0.026308 0.007235 
0.005035 0.044374 0.153594 0.164632 0.329541 0.019895 0.053601 0.191935 0.021907 0.015487 
0.000095 0.034302 0.138565 0.191432 0.343019 0.021644 0.051886 0.182379 0.018362 0.018316 
0.004984 0.051722 0.132144 0.238600 0.313459 0.014073 0.045788 0.165377 0.015803 0.018050 
0.002525 0.044896 0.316787 0.183727 0.211969 0.043826 0.045996 0.101233 0.024988 0.024052 
0.003832 0.037192 0.349536 0.168630 0.186379 0.042665 0.029244 0.113838 0.041192 0.027493 
0.005331 0.038959 0.310062 0.172774 0.196030 0.059213 0.066859 0.100601 0.028769 0.021402 
0.004617 0.038402 0.387136 0.147835 0.197047 0.058069 0.049010 0.075197 0.023226 0.019461 
0.026535 0.151532 0.295062 0.134912 0.210570 0.048070 0.024241 0.059517 0.030201 0.019359 
0.016329 0.087371 0.286883 0.152081 0.221889 0.067313 0.039895 0.061690 0.041510 0.025040 
0.007874 0.068623 0.362950 0.155764 0.204744 0.041938 0.045819 0.055025 0.034948 0.022315 
0.003995 0.134751 0.527898 0.111956 0.085040 0.038457 0.038707 0.028473 0.017004 0.013720 
0.009645 0.146348 0.381890 0.151938 0.124598 0.072784 0.035538 0.032431 0.020450 0.024378 
0.007287 0.073309 0.451832 0.115125 0.144762 0.086882 0.031658 0.044081 0.025321 0.019743 
0.006394 0.069154 0.328175 0.160598 0.187226 0.104351 0.045198 0.051969 0.023722 0.023213 
0.012940 0.100139 0.343368 0.163996 0.161319 0.096929 0.020366 0.074002 0.010784 0.016157 
0.011886 0.055763 0.376870 0.157224 0.165463 0.094844 0.010629 0.084835 0.025953 0.016533 
0.008957 0.062153 0.350880 0.159801 0.171853 0.110332 0.038374 0.071849 0.017072 0.008728 
0.033209 0.235337 0.360875 0.119039 0.073517 0.074720 0.025984 0.056292 0.012114 0.008913 
0.037487 0.268443 0.388585 0.080041 0.079209 0.054785 0.007473 0.056140 0.018457 0.009380 
0.012941 0.085306 0.504464 0.127272 0.086743 0.061485 0.011751 0.071581 0.021796 0.016661 
0.007128 0.096453 0.486851 0.097171 0.092275 0.091984 0.019704 0.083506 0.014715 0.010213 
0.002120 0.023438 0.428982 0.126960 0.171537 0.068835 0.041560 0.099222 0.025073 0.012272 
0.012412 0.075605 0.331041 0.127877 0.204685 0.077141 0.037539 0.112631 0.016610 0.004459 
0.005485 0.050565 0.343288 0.177223 0.181331 0.067683 0.011272 0.122992 0.027944 0.012215 
0.025116 0.128011 0.290366 0.120387 0.174039 0.076272 0.028430 0.126797 0.017123 0.013459 
0.009195 0.055278 0.352372 0.163704 0.152747 0.073872 0.026079 0.129260 0.028058 0.009435 
0.018076 0.095077 0.348899 0.129710 0.161032 0.068678 0.011034 0.121375 0.032604 0.013514 
0.010538 0.047883 0.370411 0.078726 0.193157 0.099606 0.021684 0.126993 0.028772 0.022229 
0.004922 0.035876 0.288042 0.247885 0.143014 0.056497 0.046186 0.160226 0.011129 0.006224 
0.005499 0.068247 0.223851 0.155781 0.221152 0.059967 0.058536 0.172321 0.018416 0.016229 
0.000346 0.034698 0.228731 0.179206 0.215914 0.070635 0.071249 0.172413 0.012675 0.014133 
0.003640 0.027399 0.245635 0.257032 0.161480 0.068574 0.071380 0.134546 0.018397 0.011916 
0.014870 0.086110 0.434793 0.174505 0.096454 0.015204 0.065068 0.070374 0.023436 0.019185 
0.004807 0.076151 0.469309 0.163097 0.087512 0.056179 0.050007 0.057180 0.023411 0.012347 
0.014394 0.076919 0.505862 0.102664 0.096500 0.051035 0.046364 0.061159 0.023669 0.021435 
0.004615 0.045563 0.406064 0.211986 0.144953 0.028156 0.079130 0.026509 0.024877 0.028146 
0.010356 0.065837 0.363317 0.198466 0.141656 0.033808 0.089838 0.024342 0.042254 0.030126 
0.012414 0.057198 0.313175 0.223713 0.129239 0.046327 0.096303 0.045791 0.050288 0.025551 
0.013493 0.077840 0.333764 0.250397 0.090445 0.026146 0.088227 0.047235 0.025206 0.047248 
0.008378 0.051213 0.575690 0.116127 0.099865 0.042443 0.014580 0.068315 0.015174 0.008215 
0.022797 0.116593 0.468987 0.133974 0.096581 0.049637 0.010000 0.062512 0.024675 0.014243 
0.022099 0.129524 0.432690 0.159499 0.103713 0.039368 0.012855 0.058761 0.035154 0.006338 
0.020016 0.111676 0.418530 0.158799 0.124006 0.046733 0.020264 0.055787 0.022643 0.021546 
0.015607 0.085821 0.456521 0.113225 0.155044 0.058614 0.032225 0.054577 0.012075 0.016292 
0.011962 0.064937 0.460671 0.154821 0.150167 0.051984 0.014453 0.040064 0.033021 0.017921 
0.004151 0.046887 0.466150 0.157427 0.134262 0.065186 0.035052 0.053088 0.023854 0.013943 
0.012244 0.103848 0.428770 0.164119 0.098592 0.051185 0.024327 0.081176 0.027203 0.008537 
0.013884 0.106995 0.331918 0.185102 0.129387 0.058935 0.032442 0.088647 0.033464 0.019227 
0.009304 0.047913 0.321062 0.211401 0.160969 0.050601 0.018943 0.116899 0.033546 0.029363 
0.004732 0.036210 0.303199 0.160683 0.165426 0.091490 0.018898 0.127988 0.056879 0.034496 
0.004292 0.023617 0.289025 0.169017 0.324111 0.034274 0.023520 0.093539 0.025931 0.012674 
0.002604 0.023852 0.157711 0.220447 0.374436 0.046636 0.034627 0.112110 0.022459 0.005119 
0.012332 0.055928 0.133110 0.176545 0.362124 0.071714 0.047422 0.117344 0.013153 0.010326 
0.014067 0.057211 0.137570 0.200433 0.341597 0.046685 0.022318 0.141969 0.026143 0.012007 
0.005627 0.022054 0.130210 0.178827 0.349598 0.055464 0.051931 0.165960 0.030435 0.009895 
0.006061 0.024502 0.099854 0.199182 0.351223 0.066944 0.051719 0.173069 0.021485 0.005961 
0.002575 0.054503 0.265560 0.149965 0.303190 0.040290 0.039163 0.101371 0.023529 0.019854 
0.007382 0.070986 0.230042 0.100453 0.344005 0.079424 0.034121 0.094925 0.020693 0.017970 
0.005911 0.050915 0.230626 0.167861 0.293009 0.067670 0.020134 0.120785 0.030946 0.012144 
0.006726 0.052164 0.157998 0.099407 0.302443 0.095203 0.066837 0.179058 0.024535 0.015628 
0.002250 0.036473 0.124675 0.090739 0.243317 0.130244 0.077839 0.260120 0.025308 0.009034 
0.003147 0.051271 0.339842 0.075094 0.089317 0.073183 0.063009 0.243602 0.033889 0.027648 
0.001227 0.020991 0.268837 0.070798 0.143421 0.105203 0.066819 0.257711 0.035489 0.029505 
0.004580 0.035090 0.227265 0.086467 0.225615 0.096256 0.039714 0.226160 0.037857 0.020996 
0.002816 0.043567 0.237487 0.098020 0.257199 0.133955 0.045233 0.097492 0.043985 0.040246 
0.001138 0.038797 0.296289 0.140585 0.206372 0.137319 0.018901 0.077531 0.034076 0.048992 
0.000787 0.012331 0.290724 0.084400 0.281958 0.135831 0.025028 0.047265 0.063708 0.057968 
0.008500 0.027769 0.582943 0.128591 0.074902 0.037751 0.044399 0.059093 0.029215 0.006837 
0.011063 0.054677 0.572730 0.118029 0.084060 0.045301 0.033927 0.048521 0.023483 0.008208 
0.025098 0.139556 0.365574 0.092200 0.174662 0.039505 0.026798 0.089307 0.039230 0.008069 
0.023115 0.119145 0.504959 0.091647 0.123946 0.037244 0.024362 0.048896 0.022856 0.003829 
0.018372 0.094302 0.456675 0.098507 0.180444 0.036453 0.008214 0.064250 0.027033 0.015750 
0.005335 0.032223 0.404602 0.107992 0.228114 0.057526 0.034413 0.083973 0.037282 0.008540 
0.002069 0.028018 0.456053 0.144034 0.189467 0.051323 0.014393 0.064651 0.033544 0.016449 
0.007418 0.053294 0.326019 0.072711 0.278622 0.075751 0.035166 0.086667 0.042035 0.022316 
0.004940 0.053129 0.374746 0.135870 0.184049 0.078223 0.035016 0.077577 0.040830 0.015621 
0.000934 0.029208 0.410497 0.162361 0.159984 0.073577 0.021136 0.092949 0.037723 0.011631 
0.005451 0.047267 0.234043 0.104954 0.264228 0.118362 0.028903 0.131773 0.032472 0.032546 
0.014267 0.096937 0.407839 0.063059 0.158149 0.087536 0.037096 0.072204 0.035788 0.027123 
0.015239 0.122806 0.248907 0.113855 0.180682 0.115189 0.037878 0.079744 0.061263 0.024437 
0.005189 0.039020 0.377811 0.138373 0.183518 0.101778 0.022282 0.077261 0.042138 0.012632 
0.008827 0.053278 0.289393 0.109304 0.179229 0.159949 0.048219 0.059510 0.069541 0.022751 
0.000585 0.045985 0.451191 0.051672 0.094088 0.188977 0.043626 0.061749 0.039341 0.022786 
0.002036 0.047823 0.258412 0.052659 0.219721 0.260580 0.027393 0.075151 0.047275 0.008952 
0.005866 0.029600 0.261977 0.055412 0.275458 0.251566 0.024954 0.069205 0.020330 0.005634 
0.001345 0.015719 0.233624 0.093740 0.325897 0.199316 0.024142 0.065667 0.022171 0.018381 
0.003878 0.030665 0.195582 0.103978 0.338856 0.180254 0.034114 0.062968 0.028799 0.020906 
0.004640 0.029496 0.193537 0.094532 0.366781 0.175583 0.010993 0.069555 0.041454 0.013429 
0.009762 0.035197 0.202755 0.059133 0.319896 0.199272 0.052590 0.063582 0.044469 0.013345 
0.004675 0.083596 0.411122 0.127919 0.184011 0.097263 0.032316 0.022650 0.029564 0.006885 
0.002588 0.053486 0.338756 0.142855 0.210686 0.120940 0.022762 0.037728 0.028007 0.042191 
0.003898 0.036968 0.342057 0.086762 0.218660 0.142074 0.026044 0.038751 0.086834 0.017952 
0.000201 0.018007 0.382321 0.155963 0.192232 0.107383 0.035161 0.053564 0.031676 0.023491 
0.011778 0.047534 0.303756 0.137310 0.233030 0.125384 0.033118 0.067479 0.019912 0.020699 
0.018760 0.108538 0.271536 0.119508 0.144448 0.128696 0.061633 0.086387 0.045799 0.014695 
0.006789 0.037983 0.265664 0.163392 0.202517 0.134099 0.060928 0.076989 0.028325 0.023316 
0.013724 0.135061 0.429835 0.131403 0.130815 0.040069 0.041778 0.036820 0.027293 0.013203 
0.017310 0.191184 0.310653 0.090503 0.207006 0.061862 0.021792 0.052087 0.029161 0.018442 
0.007378 0.109002 0.205062 0.175227 0.280985 0.073144 0.039406 0.061638 0.025269 0.022891 
0.003059 0.097166 0.306036 0.187954 0.251764 0.054757 0.025108 0.042052 0.017115 0.014989 
0.012717 0.047170 0.248755 0.199544 0.300454 0.080911 0.022774 0.047342 0.026583 0.013750 
0.001311 0.053740 0.315372 0.185627 0.278168 0.073459 0.026532 0.037110 0.014351 0.014330 
0.000007 0.012951 0.322210 0.184981 0.301522 0.073817 0.034898 0.036319 0.022759 0.010536 
0.010119 0.057130 0.260161 0.135513 0.300990 0.099101 0.040929 0.042439 0.033962 0.019655 
0.016686 0.129668 0.322081 0.147451 0.240930 0.064502 0.022586 0.024903 0.019363 0.011830 
0.003367 0.029041 0.337493 0.188258 0.316177 0.077055 0.016210 0.017225 0.006683 0.008492 
0.017539 0.123608 0.269791 0.158944 0.296831 0.085151 0.015793 0.015491 0.008115 0.008737 
0.006929 0.044667 0.290138 0.143281 0.320214 0.071101 0.029828 0.071575 0.012238 0.010028 
0.015595 0.079660 0.258972 0.093751 0.303438 0.101344 0.052751 0.082639 0.007854 0.003997 
0.002013 0.037495 0.296993 0.147880 0.301818 0.088952 0.014200 0.085588 0.021444 0.003616 
0.010294 0.044147 0.261532 0.102420 0.308088 0.103002 0.047326 0.082915 0.028416 0.011861 
0.000902 0.041275 0.268780 0.114300 0.322780 0.109482 0.051124 0.069808 0.014288 0.007261 
0.009299 0.052967 0.267903 0.130804 0.322208 0.095918 0.013450 0.074371 0.020592 0.012488 
0.002325 0.038238 0.235421 0.084928 0.359195 0.116433 0.047029 0.066010 0.030675 0.019746 
0.001549 0.021103 0.268688 0.191812 0.259373 0.081801 0.044476 0.101705 0.018616 0.010876 
0.009126 0.050950 0.214879 0.191567 0.243621 0.093095 0.056977 0.100517 0.019947 0.019321 
0.013460 0.061328 0.181714 0.174729 0.274684 0.086153 0.056642 0.102791 0.025108 0.023391 
0.001525 0.029634 0.225039 0.215059 0.266211 0.085663 0.039287 0.103764 0.027140 0.006679 
0.018747 0.115480 0.329593 0.161066 0.176748 0.060631 0.034489 0.077311 0.012621 0.013312 
0.009511 0.049874 0.376600 0.177566 0.179578 0.043693 0.027931 0.089653 0.030706 0.014886 
0.017080 0.112871 0.335883 0.174012 0.190396 0.048637 0.046406 0.038519 0.020447 0.015748 
0.013958 0.088153 0.366022 0.133763 0.249265 0.054874 0.026607 0.044570 0.013282 0.009506 
0.002396 0.053522 0.380742 0.169370 0.201830 0.050539 0.050085 0.027628 0.030849 0.033039 
0.002389 0.046872 0.330490 0.208826 0.204443 0.062016 0.057616 0.031902 0.020764 0.034681 
0.005854 0.050327 0.361129 0.194425 0.188660 0.073600 0.051820 0.025674 0.024592 0.023920 
0.022390 0.219327 0.396028 0.156514 0.099887 0.028125 0.025523 0.016194 0.015648 0.020365 
0.022169 0.259783 0.247432 0.164216 0.156345 0.031478 0.015291 0.046507 0.022000 0.034779 
0.009306 0.171729 0.294377 0.176746 0.183882 0.042143 0.017851 0.050012 0.017695 0.036259 
0.001036 0.107418 0.268915 0.212155 0.223969 0.040431 0.036639 0.051583 0.024929 0.032925 
0.002573 0.070544 0.201408 0.194332 0.253539 0.076723 0.043742 0.082536 0.049213 0.025388 
0.005293 0.074335 0.228805 0.232958 0.225797 0.052492 0.039815 0.068919 0.045565 0.026021 
0.000807 0.017749 0.291860 0.298252 0.223053 0.043385 0.023130 0.067840 0.014859 0.019065 
0.005300 0.051544 0.260657 0.254570 0.227195 0.060244 0.027019 0.064595 0.018251 0.030624 
0.001689 0.076241 0.375559 0.267991 0.143729 0.029175 0.018141 0.055674 0.016118 0.015682 
0.012874 0.054687 0.304344 0.236124 0.192144 0.057520 0.049519 0.062382 0.010086 0.020320 
0.018147 0.077560 0.271819 0.208559 0.221655 0.050186 0.036446 0.080741 0.015856 0.019031 
0.006786 0.048061 0.295932 0.232145 0.202070 0.032256 0.041065 0.118099 0.013213 0.010372 
0.002644 0.038397 0.184440 0.149405 0.292882 0.068698 0.063852 0.175519 0.017786 0.006378 
0.010639 0.062409 0.179126 0.171229 0.297649 0.039558 0.024140 0.164423 0.031051 0.019775 
0.015307 0.074231 0.184685 0.153405 0.294304 0.051143 0.035387 0.148113 0.025829 0.017597 
0.001018 0.011657 0.210109 0.181952 0.294231 0.069224 0.054739 0.152859 0.018733 0.005477 
0.009040 0.052062 0.190093 0.181431 0.267961 0.056520 0.034268 0.160231 0.027553 0.020841 
0.004018 0.035044 0.231537 0.184646 0.229274 0.063705 0.012925 0.170352 0.039907 0.028591 
0.004669 0.049317 0.225250 0.253741 0.116442 0.054114 0.089431 0.179664 0.017715 0.009657 
0.003729 0.035501 0.155636 0.215660 0.207083 0.057625 0.098825 0.192203 0.018187 0.015552 
0.000607 0.024720 0.165188 0.195202 0.191341 0.061762 0.131211 0.170914 0.020284 0.038772 
0.003474 0.043948 0.192493 0.162233 0.172720 0.090923 0.092962 0.140279 0.045445 0.055523 
0.016689 0.150376 0.429134 0.116563 0.114552 0.027627 0.026058 0.071897 0.021968 0.025136 
0.009961 0.096623 0.418086 0.117535 0.133744 0.027822 0.031161 0.084178 0.045614 0.035277 
0.003461 0.079820 0.356637 0.145710 0.159418 0.055728 0.050689 0.065869 0.054763 0.027906 
0.011155 0.086136 0.336457 0.145343 0.155037 0.078556 0.062943 0.060231 0.046062 0.018079 
0.002406 0.029959 0.369551 0.171605 0.172204 0.052685 0.062210 0.052995 0.031949 0.054436 
0.003903 0.034486 0.379227 0.150251 0.205217 0.025342 0.082232 0.053835 0.025376 0.040131 
0.005412 0.036067 0.307154 0.152293 0.262433 0.036943 0.113005 0.041206 0.025075 0.020411 
0.008158 0.063467 0.622494 0.054395 0.105688 0.042039 0.031757 0.030655 0.022881 0.018466 
0.012739 0.101613 0.510283 0.099441 0.126371 0.042334 0.031010 0.033028 0.017147 0.026034 
0.001609 0.045612 0.559426 0.110381 0.148261 0.017146 0.029892 0.029202 0.023870 0.034601 
0.001361 0.030615 0.547827 0.097241 0.165689 0.029758 0.032204 0.032396 0.014224 0.048685 
0.008318 0.053495 0.479176 0.114649 0.159262 0.040956 0.035789 0.029621 0.027442 0.051292 
0.014509 0.077326 0.428216 0.088472 0.170003 0.052511 0.038689 0.036194 0.031695 0.062384 
0.012523 0.067755 0.390649 0.093950 0.148559 0.065512 0.041978 0.047133 0.062097 0.069844 
0.009433 0.059241 0.370948 0.093099 0.161399 0.063598 0.042788 0.053551 0.055097 0.090845 
0.007745 0.080769 0.489844 0.077486 0.139649 0.045976 0.034802 0.044468 0.030973 0.048287 
0.006373 0.053275 0.421465 0.136509 0.180311 0.036920 0.028675 0.056985 0.025444 0.054042 
0.008949 0.060539 0.337447 0.113463 0.218174 0.067330 0.032780 0.066071 0.040034 0.055213 
0.003933 0.051000 0.280283 0.133593 0.226327 0.050637 0.025419 0.127087 0.037235 0.064486 
0.000605 0.040618 0.182763 0.134590 0.267337 0.044138 0.040438 0.189571 0.059339 0.040603 
0.007719 0.038307 0.192820 0.087843 0.275993 0.055506 0.043940 0.198375 0.044022 0.055476 
0.013840 0.047266 0.199713 0.063698 0.266198 0.052364 0.045247 0.216911 0.041410 0.053353 
0.009440 0.041538 0.169949 0.089554 0.226746 0.063089 0.046430 0.228846 0.068204 0.056203 
0.000033 0.008835 0.132903 0.111618 0.220186 0.084128 0.062793 0.248241 0.067248 0.064016 
0.010438 0.040510 0.136973 0.094106 0.219569 0.070853 0.047856 0.259162 0.052097 0.068435 
0.010958 0.057158 0.305350 0.121606 0.159547 0.081681 0.025573 0.099791 0.037797 0.100539 
0.016369 0.081528 0.365961 0.117494 0.100626 0.102307 0.023167 0.063254 0.025805 0.103488 
0.010285 0.061478 0.373019 0.152371 0.112576 0.080950 0.029204 0.061543 0.024964 0.093609 
0.003617 0.033672 0.322643 0.159897 0.138687 0.106330 0.027213 0.069260 0.037936 0.100745 
0.012777 0.075060 0.289694 0.159257 0.139102 0.101427 0.030204 0.070011 0.040360 0.082109 
0.016652 0.125463 0.322540 0.172280 0.165698 0.056002 0.020598 0.068322 0.032359 0.020087 
0.017891 0.074802 0.289754 0.208732 0.148838 0.048328 0.030304 0.065353 0.043689 0.072310 
0.007955 0.079554 0.242565 0.201816 0.101018 0.067950 0.033414 0.099330 0.048683 0.117715 
0.008846 0.067723 0.278754 0.188241 0.140146 0.063609 0.062294 0.120371 0.034014 0.036001 
0.000217 0.038108 0.286137 0.183083 0.152748 0.078576 0.038968 0.125916 0.059589 0.036658 
0.013032 0.086677 0.268939 0.157566 0.174346 0.063294 0.030619 0.105964 0.065094 0.034469 
0.004769 0.020583 0.581147 0.071090 0.121268 0.057855 0.051656 0.038812 0.029760 0.023061 
0.008839 0.060235 0.445173 0.105327 0.148675 0.099049 0.033063 0.037737 0.022892 0.039011 
0.004637 0.076396 0.361458 0.124232 0.202591 0.131762 0.028406 0.044761 0.009773 0.015983 
0.004586 0.073001 0.275563 0.164384 0.233127 0.143996 0.009615 0.060752 0.018635 0.016341 
0.006468 0.058461 0.264228 0.141827 0.224453 0.147332 0.028925 0.066202 0.034346 0.027756 
0.006010 0.044810 0.284819 0.079094 0.225924 0.155713 0.049666 0.075257 0.053939 0.024767 
0.004239 0.021015 0.310318 0.074665 0.242482 0.156541 0.032486 0.078483 0.061108 0.018662 
0.020721 0.110906 0.261134 0.100477 0.233922 0.133517 0.040606 0.057270 0.022362 0.019086 
0.017167 0.117596 0.419956 0.099974 0.130058 0.127377 0.009823 0.047167 0.024938 0.005945 
0.001015 0.043207 0.397368 0.118857 0.098934 0.153911 0.015461 0.091619 0.059440 0.020188 
0.013476 0.085752 0.312202 0.074425 0.091174 0.177636 0.015246 0.113487 0.079156 0.037445 
0.015135 0.083747 0.192641 0.141361 0.187922 0.134870 0.036935 0.134383 0.037941 0.035065 
0.011331 0.064795 0.114147 0.089970 0.303736 0.110253 0.036631 0.211678 0.038150 0.019309 
0.003527 0.020348 0.090559 0.127065 0.324683 0.108152 0.041601 0.220396 0.050905 0.012765 
0.003913 0.029456 0.074810 0.079946 0.339584 0.145961 0.075035 0.214976 0.022318 0.014000 
0.007589 0.036692 0.089834 0.105954 0.313008 0.112842 0.043121 0.219572 0.043014 0.028374 
0.006392 0.024454 0.068871 0.128559 0.316916 0.113470 0.036280 0.225021 0.049078 0.030959 
0.002379 0.017642 0.062568 0.128189 0.313375 0.139179 0.073748 0.207029 0.022714 0.033177 
0.004796 0.040788 0.216869 0.091904 0.250797 0.115548 0.019634 0.089732 0.091287 0.078643 
0.001955 0.021373 0.083041 0.078120 0.337713 0.160261 0.049585 0.093498 0.095661 0.078792 
0.007392 0.043113 0.034865 0.070778 0.397841 0.161515 0.054834 0.092122 0.064044 0.073497 
0.007003 0.031828 0.043845 0.081826 0.405435 0.157939 0.024419 0.092177 0.087650 0.067879 
0.000363 0.051192 0.373773 0.047901 0.232268 0.102145 0.051493 0.057746 0.048800 0.034318 
0.002918 0.047739 0.319949 0.064017 0.267100 0.104790 0.047720 0.067573 0.047369 0.030824 
0.001621 0.055656 0.268045 0.060689 0.297479 0.058757 0.032446 0.108904 0.074996 0.041408 
0.009427 0.062456 0.330408 0.108055 0.206194 0.052471 0.051355 0.100654 0.044297 0.034683 
0.001377 0.061503 0.349114 0.064727 0.177701 0.093197 0.058128 0.129258 0.031938 0.033058 
0.001674 0.018890 0.353578 0.097440 0.200653 0.090876 0.067924 0.112936 0.034948 0.021082 
0.010720 0.105211 0.292438 0.092748 0.165278 0.074028 0.032921 0.120853 0.074952 0.030850 
0.003993 0.082261 0.426878 0.119862 0.165785 0.049670 0.057245 0.050375 0.029705 0.014226 
0.001302 0.099642 0.389376 0.120171 0.204546 0.065690 0.036908 0.030605 0.032042 0.019718 
0.007381 0.077357 0.393742 0.163212 0.206806 0.061730 0.013800 0.037994 0.019793 0.018185 
0.002874 0.023813 0.412767 0.163477 0.233037 0.072950 0.023037 0.040218 0.016417 0.011410 
0.005347 0.051628 0.352575 0.175549 0.238486 0.078107 0.010403 0.046163 0.028088 0.013654 
0.001564 0.028175 0.294772 0.163033 0.259161 0.117875 0.048640 0.053239 0.015741 0.017800 
0.012298 0.083920 0.250961 0.155305 0.222849 0.114981 0.031905 0.075750 0.025718 0.026314 
0.006956 0.064423 0.335973 0.152025 0.206558 0.108844 0.034699 0.044430 0.022059 0.024033 
0.002031 0.076638 0.235223 0.232839 0.221984 0.104360 0.021634 0.053957 0.029501 0.021832 
0.013548 0.102042 0.221204 0.216945 0.216221 0.102515 0.029583 0.053034 0.021243 0.023664 
0.008825 0.050362 0.197127 0.215472 0.231470 0.135167 0.030272 0.070779 0.036976 0.023551 
0.005023 0.061842 0.276257 0.182136 0.221944 0.125375 0.033447 0.064325 0.018206 0.011445 
0.000902 0.020228 0.177953 0.161968 0.285166 0.133785 0.029441 0.118258 0.042179 0.030119 
0.006079 0.043839 0.189893 0.137913 0.288400 0.127960 0.047304 0.101555 0.036707 0.020349 
0.000199 0.020230 0.200687 0.167510 0.298783 0.134575 0.033718 0.115571 0.018486 0.010242 
0.003027 0.014658 0.219151 0.163727 0.300801 0.121994 0.008920 0.131489 0.018448 0.017785 
0.003014 0.019862 0.226324 0.151833 0.283468 0.118775 0.018339 0.134426 0.026156 0.017802 
0.008181 0.040730 0.233067 0.137194 0.272627 0.129425 0.031138 0.113915 0.024859 0.008864 
0.001012 0.012140 0.253777 0.214819 0.234726 0.103972 0.039687 0.089821 0.025667 0.024378 
0.009412 0.085914 0.196267 0.178342 0.218456 0.111960 0.021453 0.107141 0.034499 0.036556 
0.008403 0.072789 0.157907 0.184061 0.229812 0.141891 0.060710 0.095706 0.031284 0.017437 
