sexy-back,Justin-Timberlake
0.000000 0.000000 0.000000 0.000000 0.000000 0.000000 0.000000 0.000000 0.000000 0.000000 
0.000000 0.000000 0.000000 0.000000 0.000000 0.000000 0.000000 0.000000 0.000000 0.000000 
0.000000 0.000000 0.000000 0.000000 0.000000 0.000000 0.000000 0.000000 0.000000 0.000000 
0.000000 0.000000 0.000000 0.000000 0.000000 0.000000 0.000000 0.000000 0.000000 0.000000 
0.000000 0.000000 0.000000 0.000000 0.000000 0.000000 0.000000 0.000000 0.000000 0.000000 
0.000000 0.000000 0.000000 0.000000 0.000000 0.000000 0.000000 0.000000 0.000000 0.000000 
0.064246 0.125172 0.051517 0.110530 0.129284 0.062387 0.103046 0.128897 0.121663 0.103258 
0.001154 0.046265 0.088260 0.134484 0.504650 0.115991 0.048706 0.034047 0.013086 0.013357 
0.004667 0.049486 0.072843 0.134969 0.473216 0.134044 0.056245 0.037698 0.018366 0.018465 
0.006760 0.054408 0.059634 0.132273 0.469214 0.128130 0.054699 0.041209 0.029723 0.023952 
0.007375 0.493433 0.184435 0.126911 0.051247 0.025175 0.032558 0.026808 0.029529 0.022529 
0.009677 0.507319 0.163374 0.073311 0.059558 0.047414 0.029094 0.023924 0.041805 0.044524 
0.006239 0.259850 0.271790 0.137025 0.105196 0.059642 0.033476 0.029530 0.037904 0.059348 
0.001748 0.045933 0.053949 0.042226 0.053527 0.099916 0.508088 0.123399 0.045852 0.025363 
0.000195 0.014663 0.029130 0.038334 0.056141 0.104750 0.552595 0.127637 0.048619 0.027936 
0.018817 0.444329 0.120680 0.137229 0.077621 0.031660 0.065089 0.039239 0.047902 0.017433 
0.020820 0.573076 0.235288 0.071803 0.028838 0.013332 0.017834 0.013945 0.011479 0.013586 
0.049372 0.582721 0.212891 0.061457 0.032227 0.016348 0.015029 0.013000 0.008510 0.008446 
0.007463 0.102115 0.075972 0.036376 0.050529 0.086054 0.474392 0.103870 0.038966 0.024263 
0.001932 0.021572 0.037254 0.038859 0.076013 0.126945 0.409269 0.185220 0.070588 0.032348 
0.002038 0.020396 0.021139 0.031853 0.045115 0.090050 0.545724 0.140515 0.061469 0.041701 
0.009367 0.502935 0.192863 0.121294 0.052373 0.021532 0.041286 0.026163 0.019185 0.013003 
0.022000 0.612930 0.169346 0.053654 0.040486 0.029291 0.020602 0.017483 0.020653 0.013554 
0.015282 0.493288 0.378731 0.044581 0.025616 0.014262 0.010466 0.006510 0.006131 0.005134 
0.000806 0.116380 0.132678 0.211587 0.181485 0.153369 0.049675 0.046562 0.046393 0.061065 
0.000826 0.075701 0.117311 0.146678 0.192964 0.185237 0.058055 0.064886 0.072196 0.086148 
0.017560 0.390886 0.156798 0.147716 0.087461 0.026962 0.062583 0.043358 0.033096 0.033580 
0.013887 0.543633 0.194880 0.085946 0.046887 0.023099 0.026508 0.021784 0.024281 0.019095 
0.002437 0.481953 0.227257 0.087683 0.050841 0.042671 0.031333 0.028371 0.026030 0.021424 
0.003856 0.134102 0.096690 0.208806 0.315667 0.140290 0.037734 0.024060 0.026824 0.011971 
0.004935 0.077529 0.080782 0.123390 0.480364 0.114974 0.050214 0.022895 0.022073 0.022844 
0.001147 0.034294 0.080878 0.145413 0.505016 0.111487 0.052484 0.037438 0.015545 0.016298 
0.008368 0.492368 0.177770 0.136814 0.050165 0.022998 0.041545 0.025495 0.029814 0.014661 
0.018827 0.546918 0.164269 0.065467 0.051304 0.049653 0.020636 0.025699 0.027594 0.029633 
0.011125 0.274411 0.195158 0.123981 0.080898 0.070515 0.074725 0.061296 0.038261 0.069630 
0.001233 0.048899 0.037502 0.040163 0.051486 0.092974 0.533245 0.120093 0.047330 0.027076 
0.000517 0.018276 0.034484 0.038416 0.059516 0.101696 0.546739 0.128571 0.046051 0.025733 
0.011256 0.323063 0.176844 0.210418 0.084070 0.028244 0.062923 0.045921 0.033889 0.023371 
0.019597 0.556601 0.196336 0.069051 0.041425 0.030518 0.022331 0.022657 0.024147 0.017338 
0.028936 0.558245 0.242224 0.036302 0.041222 0.016472 0.025273 0.022139 0.014035 0.015154 
0.002128 0.125182 0.101275 0.024238 0.067052 0.108657 0.333874 0.159700 0.053837 0.024056 
0.003630 0.038305 0.028032 0.036156 0.050280 0.096933 0.525519 0.128216 0.057728 0.035202 
0.000337 0.012136 0.032247 0.041434 0.053076 0.102209 0.557549 0.126542 0.047461 0.027010 
0.003405 0.524705 0.160852 0.133719 0.051758 0.024290 0.041396 0.031016 0.018517 0.010342 
0.004223 0.630680 0.244367 0.024649 0.022677 0.019957 0.014986 0.014620 0.012994 0.010849 
0.006080 0.442198 0.299235 0.088321 0.046927 0.033991 0.026954 0.022106 0.018752 0.015435 
0.001191 0.191523 0.147801 0.147953 0.142981 0.146264 0.053604 0.057035 0.049183 0.062464 
0.007541 0.227205 0.125153 0.110429 0.146551 0.137885 0.041793 0.063171 0.045724 0.094547 
0.019009 0.184330 0.274498 0.197258 0.097220 0.052614 0.059544 0.037846 0.042680 0.035002 
0.013179 0.555656 0.175444 0.092980 0.045799 0.022061 0.033791 0.023584 0.015810 0.021696 
0.035825 0.555425 0.207221 0.063428 0.034795 0.028486 0.021425 0.021106 0.018190 0.014099 
0.001776 0.132989 0.094797 0.120941 0.438470 0.105744 0.043626 0.033741 0.016743 0.011173 
0.000433 0.083902 0.064790 0.163087 0.323628 0.134458 0.086328 0.048230 0.059969 0.035175 
0.000631 0.028083 0.068429 0.134409 0.532711 0.110545 0.046173 0.039558 0.017463 0.021998 
0.015421 0.492597 0.161809 0.128556 0.067444 0.041402 0.035028 0.026127 0.021077 0.010540 
0.018946 0.571963 0.172961 0.041977 0.057318 0.043926 0.021246 0.020925 0.024990 0.025748 
0.012027 0.352496 0.214578 0.061404 0.095336 0.075958 0.038885 0.027356 0.061708 0.060251 
0.000392 0.060297 0.047522 0.045029 0.057932 0.103323 0.502602 0.114177 0.042847 0.025879 
0.007005 0.100224 0.181263 0.060779 0.093999 0.086531 0.250396 0.057782 0.092303 0.069717 
0.006470 0.157715 0.369035 0.137100 0.096330 0.044773 0.044748 0.047167 0.047816 0.048846 
0.005972 0.543662 0.165345 0.097858 0.044423 0.032644 0.037215 0.028347 0.028895 0.015637 
0.005311 0.585334 0.219079 0.043391 0.032826 0.026400 0.021877 0.022785 0.023378 0.019620 
0.000499 0.084876 0.085201 0.096797 0.102980 0.093093 0.338362 0.086864 0.047271 0.064056 
0.000655 0.140221 0.196690 0.094512 0.154318 0.119352 0.073981 0.060646 0.066755 0.092870 
0.015863 0.224105 0.160781 0.081529 0.040782 0.080145 0.227819 0.062381 0.056272 0.050322 
0.006045 0.519915 0.164378 0.133436 0.046897 0.026331 0.042868 0.030065 0.019955 0.010111 
0.012307 0.606498 0.204962 0.067476 0.033720 0.018611 0.017884 0.015996 0.012209 0.010336 
0.027575 0.469141 0.235205 0.087383 0.048418 0.034887 0.031355 0.023749 0.022036 0.020250 
0.001129 0.149984 0.203159 0.127233 0.173850 0.091205 0.030808 0.068212 0.064444 0.089975 
0.006208 0.157421 0.230885 0.104273 0.185406 0.127787 0.035060 0.037453 0.028877 0.086631 
0.003722 0.142709 0.302374 0.156573 0.111740 0.055207 0.055998 0.071174 0.043680 0.056824 
0.003440 0.541159 0.166001 0.103241 0.050474 0.024335 0.024310 0.035325 0.028127 0.023590 
0.040668 0.655949 0.175916 0.044368 0.029190 0.015844 0.009277 0.011642 0.009281 0.007865 
0.003308 0.412243 0.291354 0.082838 0.086776 0.064919 0.016457 0.015026 0.012662 0.014416 
0.000435 0.041663 0.068198 0.148680 0.483966 0.139343 0.043422 0.027379 0.023920 0.022993 
0.000732 0.033493 0.076399 0.138680 0.520440 0.119795 0.051456 0.025674 0.020761 0.012570 
0.002058 0.507210 0.148345 0.141160 0.050821 0.027822 0.044034 0.037838 0.024560 0.016154 
0.004638 0.511650 0.159411 0.108541 0.047952 0.046005 0.021481 0.028807 0.037552 0.033964 
0.002696 0.214321 0.213408 0.131971 0.103510 0.114306 0.055694 0.049782 0.054186 0.060127 
0.003386 0.053933 0.058350 0.038360 0.054643 0.097623 0.509403 0.115774 0.044334 0.024193 
0.001791 0.019245 0.033525 0.036071 0.064485 0.102193 0.525093 0.132131 0.053010 0.032458 
0.002786 0.047984 0.059680 0.080929 0.091524 0.089050 0.436585 0.101902 0.051488 0.038073 
0.007504 0.446977 0.200441 0.140439 0.055935 0.033623 0.037874 0.029942 0.034932 0.012332 
0.025127 0.549715 0.162169 0.103056 0.046463 0.027862 0.026227 0.021853 0.020106 0.017421 
0.010773 0.473319 0.376085 0.069962 0.027831 0.015800 0.010629 0.005794 0.004829 0.004977 
0.000213 0.044081 0.043497 0.041960 0.054811 0.099184 0.527491 0.118068 0.044751 0.025944 
0.000278 0.010459 0.032439 0.036168 0.060563 0.103924 0.556906 0.129737 0.047126 0.022401 
0.019372 0.523463 0.142291 0.140096 0.056349 0.023140 0.040069 0.027569 0.019342 0.008308 
0.032786 0.602780 0.232134 0.061681 0.019791 0.015005 0.012323 0.009443 0.007805 0.006252 
0.040189 0.584080 0.276490 0.043483 0.015690 0.011144 0.010982 0.005437 0.006696 0.005809 
0.002343 0.216326 0.128784 0.131678 0.183561 0.120868 0.058876 0.054040 0.038106 0.065417 
0.004381 0.233795 0.189296 0.125842 0.124921 0.118357 0.035522 0.053978 0.047041 0.066866 
0.009034 0.288358 0.213214 0.097228 0.061726 0.081375 0.032942 0.068236 0.069863 0.078024 
0.011359 0.506836 0.173923 0.134986 0.057056 0.014647 0.035202 0.022656 0.032684 0.010651 
0.028333 0.596561 0.207237 0.038274 0.025711 0.028293 0.025227 0.016271 0.018619 0.015473 
0.010240 0.145473 0.098447 0.122274 0.415243 0.097959 0.043090 0.033343 0.020647 0.013284 
0.014374 0.100620 0.075533 0.136601 0.425746 0.088319 0.063649 0.041340 0.030055 0.023762 
0.000426 0.028472 0.074533 0.136137 0.524267 0.107510 0.052043 0.040419 0.020487 0.015707 
0.001385 0.469921 0.207199 0.128991 0.058491 0.028785 0.042355 0.029261 0.021204 0.012407 
0.001026 0.488287 0.203159 0.086562 0.067447 0.039468 0.022064 0.019856 0.037006 0.035125 
0.008450 0.290471 0.219114 0.118097 0.081452 0.060299 0.052336 0.040213 0.055717 0.073851 
0.002790 0.109770 0.108128 0.035696 0.049034 0.088877 0.453171 0.097005 0.033568 0.021961 
0.000171 0.015861 0.031200 0.040684 0.055901 0.108724 0.542208 0.127709 0.047547 0.029995 
0.001574 0.011502 0.015144 0.019954 0.043015 0.103957 0.549931 0.145817 0.070531 0.038576 
0.011006 0.476292 0.229655 0.108217 0.036028 0.022189 0.040520 0.032366 0.029700 0.014028 
0.053684 0.605527 0.224436 0.044075 0.019942 0.011599 0.011452 0.010522 0.010021 0.008741 
0.008865 0.129094 0.116924 0.046436 0.042940 0.088827 0.352462 0.131326 0.051424 0.031701 
0.001358 0.054715 0.039589 0.021880 0.037725 0.082023 0.534141 0.125948 0.061859 0.040761 
0.000061 0.009297 0.027445 0.038387 0.056994 0.105500 0.563564 0.122646 0.046823 0.029282 
0.017559 0.485654 0.198749 0.141146 0.065466 0.018605 0.025284 0.018581 0.011728 0.017228 
0.025818 0.619663 0.216699 0.056383 0.025421 0.015727 0.015856 0.009511 0.008017 0.006906 
0.026772 0.566265 0.190021 0.071718 0.040493 0.025748 0.027151 0.016975 0.018550 0.016306 
0.003728 0.160028 0.190365 0.206636 0.164817 0.110781 0.030092 0.037182 0.036657 0.059714 
0.004443 0.101138 0.140337 0.188340 0.188300 0.165104 0.038732 0.054495 0.060087 0.059024 
0.002112 0.112761 0.139813 0.148643 0.149351 0.197219 0.045961 0.060307 0.061409 0.082425 
0.005253 0.492255 0.151731 0.127849 0.072518 0.025361 0.048672 0.034341 0.022199 0.019821 
0.003859 0.601472 0.218606 0.041491 0.037527 0.025073 0.023428 0.018714 0.016035 0.013795 
0.008786 0.506633 0.349177 0.063743 0.022497 0.018601 0.011302 0.004609 0.007243 0.007409 
0.001231 0.023466 0.081551 0.160249 0.501495 0.128070 0.041862 0.033188 0.015297 0.013591 
0.000629 0.031547 0.066627 0.140552 0.523879 0.122403 0.048548 0.027232 0.019044 0.019540 
0.006755 0.504597 0.134177 0.135758 0.061635 0.034015 0.047286 0.033758 0.024123 0.017897 
0.009522 0.538755 0.208625 0.080030 0.043990 0.034347 0.017749 0.016475 0.028137 0.022370 
0.002969 0.348723 0.180824 0.114915 0.067287 0.077135 0.046834 0.050932 0.055743 0.054638 
0.000945 0.069868 0.080466 0.036343 0.048511 0.095119 0.487779 0.115364 0.037900 0.027707 
0.003145 0.041412 0.035131 0.027109 0.035610 0.103142 0.503075 0.136730 0.067827 0.046819 
0.000513 0.018131 0.032883 0.042058 0.058055 0.105216 0.546332 0.122389 0.047310 0.027113 
0.022026 0.504190 0.169572 0.124138 0.061498 0.016884 0.040292 0.022590 0.023540 0.015271 
0.032750 0.635322 0.157992 0.047900 0.031401 0.026427 0.019965 0.020707 0.014547 0.012989 
0.032145 0.368722 0.309994 0.115734 0.047990 0.034605 0.027672 0.024109 0.020217 0.018814 
0.000190 0.045412 0.044874 0.036832 0.055030 0.102071 0.533641 0.116402 0.040981 0.024566 
0.000683 0.012369 0.031511 0.041121 0.054844 0.104631 0.563750 0.122373 0.047636 0.021083 
0.006776 0.395770 0.276457 0.112107 0.075287 0.032586 0.030713 0.024555 0.026668 0.019080 
0.007842 0.555398 0.195842 0.092815 0.037980 0.027601 0.028568 0.019713 0.018402 0.015838 
0.003836 0.523013 0.230902 0.073760 0.050536 0.034403 0.031254 0.020060 0.016116 0.016120 
0.005068 0.189070 0.143845 0.180469 0.151647 0.124369 0.054851 0.059925 0.050094 0.040662 
0.005360 0.210761 0.136124 0.106154 0.138781 0.174803 0.051472 0.056095 0.046606 0.073844 
0.004822 0.278357 0.131192 0.098516 0.135757 0.118669 0.031415 0.052001 0.050539 0.098732 
0.009639 0.507995 0.147309 0.125981 0.069747 0.019175 0.035917 0.037039 0.028184 0.019015 
0.019670 0.532748 0.180093 0.094720 0.047350 0.030271 0.028141 0.023624 0.023693 0.019690 
0.013159 0.416184 0.309001 0.101542 0.039999 0.033675 0.025091 0.024080 0.023063 0.014207 
0.003335 0.053384 0.055840 0.139954 0.420727 0.102844 0.046821 0.038253 0.049116 0.089726 
0.000379 0.033449 0.074496 0.118980 0.486499 0.104722 0.069113 0.029372 0.037776 0.045214 
0.017431 0.383216 0.269562 0.119993 0.077027 0.032560 0.028768 0.028359 0.024623 0.018462 
0.022333 0.575158 0.169230 0.068050 0.041367 0.043894 0.019548 0.025170 0.020453 0.014796 
0.015740 0.419023 0.207920 0.050040 0.088449 0.074969 0.036432 0.021870 0.041434 0.044122 
0.005126 0.109079 0.098215 0.042487 0.046855 0.086865 0.453298 0.093903 0.039678 0.024495 
0.002287 0.037327 0.018676 0.064870 0.045020 0.170210 0.356779 0.212635 0.041804 0.050392 
0.003285 0.173027 0.216545 0.075856 0.110671 0.058851 0.141828 0.064119 0.090491 0.065327 
0.008479 0.454190 0.181203 0.133235 0.069788 0.021673 0.038449 0.035292 0.037670 0.020022 
0.006057 0.603549 0.180274 0.065944 0.040850 0.032189 0.020050 0.017993 0.019523 0.013571 
0.013745 0.478063 0.273768 0.086407 0.048382 0.030005 0.021038 0.017435 0.016076 0.015081 
0.006340 0.110574 0.150991 0.108221 0.145696 0.088290 0.193533 0.057651 0.067435 0.071268 
0.002013 0.186084 0.180869 0.094342 0.082136 0.065214 0.188807 0.075215 0.063325 0.061995 
0.012575 0.376760 0.199914 0.153811 0.069969 0.040757 0.057209 0.037471 0.030905 0.020628 
0.004787 0.534085 0.194822 0.096378 0.053210 0.029792 0.025216 0.026432 0.020129 0.015149 
0.010250 0.476717 0.224821 0.095940 0.046753 0.041662 0.035077 0.028205 0.021049 0.019526 
0.002889 0.155155 0.206626 0.138679 0.198189 0.087720 0.036046 0.049864 0.045267 0.079565 
0.006114 0.162834 0.206905 0.129748 0.095744 0.137948 0.047190 0.062640 0.064770 0.086108 
0.005726 0.180685 0.236885 0.094842 0.157336 0.149181 0.040620 0.045158 0.036364 0.053202 
0.019481 0.482448 0.165168 0.118578 0.065888 0.018624 0.041647 0.030066 0.034371 0.023730 
0.022958 0.617254 0.167368 0.055366 0.044250 0.031435 0.016371 0.016247 0.015117 0.013636 
0.026607 0.489018 0.287957 0.073818 0.035236 0.024813 0.019690 0.016510 0.013971 0.012380 
0.002379 0.029070 0.022203 0.063216 0.223885 0.134402 0.358281 0.076420 0.051513 0.038630 
0.000735 0.016582 0.041197 0.077564 0.259949 0.167678 0.258783 0.068526 0.044924 0.064063 
0.020348 0.387263 0.186225 0.170069 0.070645 0.033373 0.056033 0.035204 0.028580 0.012260 
0.025520 0.557861 0.189338 0.065235 0.040246 0.034557 0.020087 0.022289 0.019792 0.025075 
0.020038 0.419304 0.175702 0.077325 0.055723 0.081658 0.041544 0.042340 0.041252 0.045113 
0.001275 0.123832 0.074764 0.047424 0.050647 0.094777 0.436366 0.098872 0.041866 0.030177 
0.004414 0.052351 0.034672 0.047736 0.058287 0.103001 0.498402 0.124395 0.047951 0.028790 
0.000140 0.014071 0.031182 0.042107 0.058239 0.106638 0.552071 0.118169 0.049901 0.027484 
0.000433 0.480573 0.156527 0.135661 0.067733 0.031036 0.045144 0.039735 0.026115 0.017040 
0.005656 0.591421 0.178948 0.067956 0.042761 0.032763 0.024911 0.022461 0.017640 0.015482 
0.013363 0.429809 0.348567 0.068430 0.039085 0.030108 0.023265 0.017974 0.014844 0.014557 
0.003009 0.050317 0.052582 0.038795 0.050417 0.096380 0.526998 0.117374 0.042152 0.021975 
0.000607 0.014151 0.030537 0.040962 0.057064 0.103194 0.555175 0.126642 0.045416 0.026250 
0.018296 0.259266 0.161963 0.242743 0.096688 0.038554 0.073645 0.047280 0.042440 0.019125 
0.001051 0.607682 0.202164 0.079309 0.033326 0.030271 0.015986 0.010203 0.010167 0.009842 
0.033894 0.499770 0.193592 0.066988 0.073485 0.028169 0.028528 0.017302 0.024892 0.033379 
0.006741 0.202886 0.086121 0.094047 0.175776 0.059398 0.030004 0.122149 0.086167 0.136710 
0.004764 0.167468 0.207765 0.110903 0.090031 0.099387 0.055962 0.077385 0.068962 0.117371 
0.002283 0.165504 0.337574 0.144438 0.132279 0.059515 0.029512 0.028165 0.042213 0.058517 
0.007096 0.449488 0.153869 0.135550 0.088730 0.039478 0.039443 0.029472 0.033152 0.023721 
0.012137 0.522836 0.167683 0.050969 0.053365 0.085796 0.024534 0.036917 0.017252 0.028512 
0.001093 0.157621 0.299860 0.102720 0.151311 0.091047 0.088971 0.042551 0.039786 0.025039 
0.001124 0.032681 0.306308 0.145664 0.318022 0.053942 0.058916 0.026286 0.035305 0.021752 
0.005067 0.058274 0.344181 0.111301 0.281788 0.068806 0.048348 0.026570 0.030149 0.025516 
0.001561 0.131280 0.216639 0.261082 0.112620 0.083623 0.057407 0.061474 0.046617 0.027697 
0.006096 0.492773 0.185205 0.075432 0.055276 0.067426 0.041924 0.029748 0.023784 0.022336 
0.004097 0.408430 0.176500 0.087243 0.092457 0.058604 0.046309 0.032803 0.041594 0.051963 
0.003645 0.199256 0.237990 0.086253 0.077574 0.042737 0.186420 0.070513 0.047600 0.048011 
0.000620 0.021586 0.259999 0.122810 0.105153 0.230142 0.151585 0.063110 0.017622 0.027374 
0.001819 0.032004 0.385694 0.059192 0.063526 0.057963 0.271643 0.071853 0.032680 0.023625 
0.014247 0.455804 0.179772 0.135264 0.066095 0.035988 0.038545 0.030716 0.025097 0.018471 
0.016154 0.442511 0.132623 0.053037 0.027971 0.079003 0.063992 0.125109 0.033891 0.025708 
0.005985 0.114662 0.124849 0.038607 0.068697 0.028290 0.171310 0.073184 0.324647 0.049769 
0.000616 0.037163 0.087475 0.027218 0.054282 0.061983 0.273838 0.052527 0.358314 0.046583 
0.002721 0.026417 0.162191 0.059312 0.090520 0.078717 0.356101 0.063729 0.124154 0.036138 
0.009279 0.131853 0.227699 0.235407 0.134127 0.043031 0.066141 0.073771 0.060886 0.017807 
0.007220 0.582428 0.183872 0.107942 0.044222 0.017032 0.027177 0.009861 0.012004 0.008244 
0.035542 0.614467 0.179987 0.042037 0.031915 0.029314 0.020970 0.016218 0.017584 0.011965 
0.002173 0.083926 0.192493 0.172716 0.184828 0.109085 0.045007 0.078834 0.050069 0.080870 
0.000172 0.088123 0.154409 0.135771 0.155867 0.186891 0.149895 0.036281 0.046169 0.046422 
0.000678 0.082204 0.086378 0.132979 0.166007 0.116325 0.131571 0.123101 0.068787 0.091970 
0.002314 0.483529 0.130576 0.132231 0.071461 0.021928 0.050147 0.023268 0.030773 0.053773 
0.006830 0.579563 0.250283 0.051719 0.019757 0.014205 0.025027 0.013992 0.024306 0.014318 
0.012700 0.475541 0.302661 0.050412 0.045089 0.035533 0.024549 0.018076 0.018650 0.016790 
0.006651 0.069308 0.094072 0.151550 0.454738 0.100403 0.047683 0.036749 0.022349 0.016497 
0.000891 0.024542 0.071510 0.151990 0.499358 0.126070 0.054697 0.035790 0.020104 0.015048 
0.006411 0.102770 0.127475 0.158190 0.342479 0.080892 0.059192 0.047346 0.037842 0.037403 
0.000471 0.485424 0.181834 0.129707 0.056069 0.039815 0.028768 0.027854 0.027573 0.022484 
0.013116 0.406186 0.164776 0.113583 0.048245 0.081591 0.043799 0.037024 0.039581 0.052099 
0.003526 0.194208 0.127066 0.145798 0.186069 0.062808 0.104084 0.091883 0.049235 0.035324 
0.002888 0.030894 0.043219 0.294584 0.190004 0.047024 0.236370 0.074641 0.020837 0.059540 
0.000991 0.011785 0.034982 0.410217 0.122325 0.059290 0.215729 0.051795 0.018623 0.074263 
0.020606 0.430706 0.203562 0.143844 0.073191 0.031684 0.022934 0.027193 0.023794 0.022486 
0.018108 0.451485 0.177755 0.077932 0.032019 0.026206 0.103475 0.021574 0.057912 0.033532 
0.008047 0.135391 0.087509 0.113711 0.021473 0.245984 0.122664 0.050300 0.190201 0.024721 
0.001485 0.024738 0.099425 0.234954 0.025093 0.230060 0.248665 0.067598 0.045365 0.022616 
0.001813 0.024490 0.281653 0.143122 0.072426 0.099054 0.246989 0.075712 0.031376 0.023367 
0.002550 0.036320 0.406474 0.062023 0.094342 0.047610 0.211025 0.051588 0.033271 0.054798 
0.007944 0.457442 0.174956 0.103938 0.054824 0.100835 0.033797 0.025848 0.029027 0.011389 
0.008474 0.310692 0.108798 0.104389 0.068129 0.114699 0.011628 0.092712 0.024737 0.155743 
0.000868 0.118117 0.156103 0.112818 0.057870 0.106180 0.074038 0.123778 0.051909 0.198320 
0.003984 0.142322 0.185186 0.062416 0.162098 0.134433 0.137071 0.046209 0.068759 0.057524 
0.002803 0.147288 0.203250 0.108558 0.203898 0.114949 0.065963 0.039869 0.048111 0.065310 
0.004100 0.459699 0.187916 0.118739 0.077103 0.035296 0.044466 0.025611 0.032689 0.014380 
0.011522 0.430476 0.164504 0.074788 0.061353 0.116764 0.042626 0.031781 0.030834 0.035353 
0.000560 0.219847 0.398916 0.147957 0.070182 0.033427 0.048910 0.007869 0.059150 0.013182 
0.002857 0.052452 0.400811 0.136223 0.200506 0.048654 0.083654 0.020289 0.040157 0.014397 
0.000545 0.013526 0.187801 0.062258 0.280789 0.064949 0.223392 0.036360 0.087694 0.042685 
0.004995 0.057054 0.262391 0.060038 0.158736 0.050716 0.156681 0.046665 0.137266 0.065459 
0.010311 0.456822 0.219191 0.082994 0.056581 0.036920 0.029835 0.028288 0.029403 0.049655 
0.020523 0.377000 0.161089 0.048914 0.062208 0.044163 0.051616 0.070307 0.084179 0.080001 
0.000030 0.197784 0.150330 0.066055 0.055960 0.031628 0.201251 0.035882 0.209098 0.051983 
0.000429 0.032941 0.221167 0.033425 0.115791 0.074009 0.364611 0.073741 0.068062 0.015823 
0.001235 0.149533 0.161151 0.059553 0.074684 0.075666 0.240665 0.076299 0.096208 0.065006 
0.007482 0.422209 0.153622 0.145588 0.084517 0.031197 0.042518 0.034661 0.048408 0.029799 
0.011683 0.470160 0.185446 0.057305 0.031022 0.040242 0.032229 0.078249 0.027660 0.066005 
0.004587 0.213056 0.112610 0.021760 0.033492 0.051791 0.090245 0.161437 0.102508 0.208514 
0.002116 0.062686 0.136546 0.052095 0.100961 0.046936 0.208161 0.077700 0.252557 0.060242 
0.000663 0.131121 0.190279 0.051742 0.106841 0.072457 0.205410 0.070734 0.100619 0.070134 
0.009814 0.198382 0.272801 0.143917 0.069075 0.058586 0.141882 0.045871 0.040831 0.018842 
0.006411 0.544284 0.167169 0.119053 0.046279 0.026757 0.033571 0.028722 0.015416 0.012339 
0.016082 0.553703 0.186752 0.073203 0.043087 0.040021 0.027164 0.024816 0.019230 0.015942 
0.003464 0.488305 0.341289 0.071625 0.022684 0.020201 0.015906 0.012067 0.009476 0.014984 
0.002608 0.103424 0.156954 0.123748 0.164226 0.131660 0.131902 0.058175 0.051687 0.075616 
0.000655 0.124507 0.202527 0.103672 0.110325 0.125982 0.094692 0.112030 0.044419 0.081190 
0.007640 0.473161 0.102939 0.116374 0.074939 0.021839 0.054278 0.049900 0.018936 0.079994 
0.011877 0.557939 0.226842 0.059737 0.039110 0.017825 0.026184 0.026320 0.017265 0.016901 
0.027822 0.504888 0.237916 0.071775 0.048594 0.029039 0.019717 0.014398 0.014521 0.031331 
0.003031 0.083725 0.119074 0.126112 0.453706 0.097161 0.048645 0.034369 0.020773 0.013404 
0.006793 0.044321 0.050984 0.112092 0.449025 0.134692 0.075153 0.050595 0.041396 0.034950 
0.000788 0.032185 0.071593 0.142126 0.523529 0.109169 0.052661 0.030760 0.023179 0.014010 
0.005146 0.492217 0.187539 0.131257 0.049646 0.018620 0.038708 0.026053 0.030184 0.020630 
0.012016 0.431503 0.189864 0.085849 0.054797 0.074934 0.036535 0.040052 0.035964 0.038486 
0.005747 0.124565 0.210958 0.181680 0.136732 0.129838 0.051541 0.053943 0.061879 0.043117 
0.000937 0.034505 0.046454 0.252917 0.077800 0.049035 0.285097 0.091519 0.015396 0.146339 
0.000117 0.033249 0.067168 0.192189 0.091260 0.110430 0.344764 0.069167 0.042041 0.049615 
0.002202 0.439827 0.127883 0.148939 0.083009 0.036203 0.067994 0.044418 0.025518 0.024008 
0.005070 0.507898 0.157286 0.160873 0.035475 0.018145 0.055204 0.016884 0.024808 0.018356 
0.001636 0.316172 0.218228 0.228535 0.051207 0.024104 0.038361 0.025070 0.031106 0.065580 
0.003247 0.051723 0.071202 0.348573 0.064750 0.094398 0.259404 0.057130 0.019354 0.030218 
0.000118 0.021148 0.172747 0.362016 0.059833 0.104494 0.169523 0.024874 0.066166 0.019082 
0.001090 0.030852 0.042209 0.037744 0.044674 0.098980 0.549395 0.111834 0.050883 0.032339 
0.015649 0.482499 0.159371 0.122888 0.048591 0.070212 0.035243 0.027478 0.028702 0.009366 
0.025054 0.558890 0.186389 0.070257 0.026686 0.056987 0.019601 0.018325 0.018791 0.019019 
0.005960 0.310688 0.326510 0.068471 0.059237 0.059858 0.048166 0.036214 0.047434 0.037461 
0.004878 0.182728 0.123939 0.194533 0.136504 0.165727 0.034587 0.049521 0.036541 0.071042 
0.004821 0.149272 0.129689 0.159059 0.125614 0.204359 0.022196 0.084752 0.032797 0.087441 
0.019210 0.370022 0.171664 0.143508 0.054282 0.076782 0.043415 0.055180 0.026687 0.039250 
0.029380 0.521241 0.173881 0.075403 0.032604 0.068358 0.012302 0.039074 0.012917 0.034841 
0.017760 0.584483 0.185008 0.038486 0.033638 0.039276 0.022473 0.030453 0.020613 0.027812 
0.003189 0.072324 0.093447 0.125068 0.298536 0.166981 0.094516 0.079088 0.036511 0.030340 
0.001854 0.028527 0.224528 0.073019 0.213220 0.104746 0.150138 0.050221 0.105787 0.047959 
0.004926 0.055199 0.221307 0.063678 0.195031 0.106316 0.046287 0.065854 0.079770 0.161631 
0.004245 0.428064 0.215327 0.113638 0.054388 0.038452 0.031582 0.052537 0.024605 0.037161 
0.011954 0.430903 0.123429 0.039433 0.078999 0.050840 0.074086 0.058038 0.094616 0.037701 
0.005581 0.178616 0.318710 0.113351 0.120858 0.054614 0.037388 0.048564 0.061293 0.061026 
0.002088 0.022848 0.209797 0.097442 0.280656 0.114194 0.174897 0.042206 0.030272 0.025599 
0.002380 0.019012 0.315678 0.059980 0.143265 0.056752 0.291927 0.062566 0.027899 0.020540 
0.009693 0.239898 0.290721 0.136751 0.110563 0.047640 0.057175 0.027263 0.047891 0.032405 
0.001924 0.432343 0.150127 0.064542 0.053754 0.044979 0.056529 0.095049 0.041780 0.058974 
0.004123 0.133339 0.119498 0.030213 0.062173 0.024393 0.139406 0.102715 0.270657 0.113483 
0.000277 0.037758 0.132496 0.037042 0.070191 0.032831 0.193372 0.075839 0.336821 0.083372 
0.003595 0.027483 0.185507 0.091796 0.113921 0.092384 0.245649 0.045840 0.160530 0.033294 
0.001314 0.038415 0.231392 0.122988 0.093202 0.058597 0.300251 0.057232 0.052397 0.044211 
0.014890 0.538703 0.169877 0.123224 0.040445 0.020177 0.036456 0.025333 0.021101 0.009795 
0.039233 0.668597 0.160065 0.043509 0.034644 0.013634 0.014567 0.009206 0.009715 0.006830 
0.017042 0.435205 0.308748 0.056352 0.067462 0.030221 0.023671 0.016074 0.023449 0.021777 
0.000816 0.097088 0.118293 0.211493 0.140920 0.264068 0.056042 0.039636 0.028816 0.042828 
0.000480 0.058158 0.085688 0.127060 0.145852 0.126780 0.212010 0.123104 0.050693 0.070175 
0.015526 0.245658 0.261583 0.146602 0.055864 0.036036 0.041685 0.056946 0.042398 0.097703 
0.015543 0.591428 0.185252 0.076202 0.037986 0.013730 0.031546 0.012956 0.012144 0.023212 
0.014006 0.596491 0.170177 0.052766 0.040810 0.026046 0.027361 0.030026 0.023301 0.019016 
0.003164 0.149531 0.136817 0.169761 0.174129 0.163268 0.097817 0.030210 0.030674 0.044628 
0.004760 0.049981 0.050015 0.113037 0.460879 0.150699 0.058614 0.046940 0.037065 0.028009 
0.000542 0.033274 0.074371 0.139516 0.520732 0.107207 0.047423 0.034253 0.020230 0.022453 
0.003248 0.486658 0.178190 0.148384 0.048946 0.031141 0.032851 0.026077 0.023683 0.020822 
0.000923 0.448863 0.207171 0.101479 0.072160 0.055391 0.033350 0.020763 0.029427 0.030472 
0.003517 0.225493 0.187526 0.115407 0.110339 0.120527 0.070507 0.067296 0.042137 0.057252 
0.000822 0.017779 0.036702 0.133813 0.184541 0.087484 0.228561 0.121898 0.085295 0.103105 
0.002070 0.028099 0.084564 0.355204 0.034946 0.066282 0.255766 0.074096 0.061071 0.037902 
0.014597 0.152621 0.288622 0.167650 0.162944 0.028306 0.061695 0.067562 0.030001 0.026003 
0.004314 0.481777 0.123763 0.119107 0.045704 0.050517 0.058768 0.045654 0.041714 0.028683 
0.014868 0.253464 0.071706 0.139019 0.022192 0.074821 0.234592 0.035955 0.115879 0.037503 
0.002392 0.060215 0.068881 0.320903 0.021044 0.176812 0.118746 0.076810 0.133584 0.020612 
0.000124 0.012434 0.032427 0.304486 0.033288 0.205031 0.186229 0.140304 0.025016 0.060661 
0.000515 0.008909 0.027472 0.234859 0.016344 0.240537 0.209498 0.125095 0.022737 0.114035 
0.008312 0.484627 0.150516 0.123587 0.044580 0.035177 0.037417 0.052409 0.022450 0.040925 
0.011607 0.446835 0.144247 0.087781 0.020526 0.053292 0.014203 0.074422 0.086985 0.060100 
0.006048 0.117920 0.084428 0.314863 0.046788 0.100256 0.108852 0.028426 0.170949 0.021470 
0.004055 0.127525 0.107509 0.310271 0.097550 0.174742 0.035473 0.060496 0.039355 0.043023 
0.004834 0.189022 0.126609 0.225726 0.129322 0.133177 0.039112 0.055568 0.027942 0.068689 
0.008395 0.157308 0.341200 0.200109 0.085544 0.069195 0.049076 0.038834 0.023190 0.027149 
0.002912 0.445897 0.149184 0.078741 0.056131 0.060569 0.051219 0.052531 0.033535 0.069281 
0.003018 0.326457 0.175791 0.063208 0.072464 0.053242 0.081263 0.093359 0.044110 0.087088 
0.000273 0.162862 0.244465 0.160567 0.199135 0.071934 0.036324 0.040803 0.030585 0.053051 
0.001611 0.097240 0.340929 0.131409 0.246318 0.086159 0.037084 0.029340 0.016050 0.013860 
0.005792 0.070811 0.244751 0.117641 0.343970 0.093962 0.050485 0.030035 0.030116 0.012438 
0.011053 0.463184 0.143194 0.115741 0.047200 0.113993 0.034872 0.032474 0.021435 0.016855 
0.010888 0.475786 0.138907 0.027480 0.065486 0.064111 0.058933 0.105995 0.020768 0.031646 
0.004384 0.307537 0.207310 0.057803 0.093740 0.076845 0.053093 0.072713 0.056376 0.070199 
0.003807 0.050309 0.256520 0.127607 0.168671 0.082182 0.209081 0.039830 0.034409 0.027584 
0.008770 0.113488 0.264489 0.072832 0.119732 0.060468 0.189674 0.058642 0.059023 0.052881 
0.009466 0.162977 0.281657 0.203081 0.098168 0.044742 0.059208 0.045942 0.050980 0.043779 
0.003236 0.436725 0.156204 0.097176 0.038823 0.063823 0.034993 0.101546 0.039766 0.027707 
0.011744 0.279208 0.093512 0.029184 0.053244 0.028253 0.126183 0.083852 0.191973 0.102847 
0.000948 0.035544 0.104457 0.030926 0.075593 0.024422 0.239470 0.052953 0.393248 0.042439 
0.004919 0.101500 0.159735 0.059699 0.132427 0.074922 0.190625 0.059465 0.147689 0.069020 
0.004959 0.190613 0.175056 0.125559 0.069919 0.061020 0.203713 0.056353 0.055653 0.057155 
0.005604 0.505881 0.175170 0.126732 0.051970 0.024974 0.041406 0.030783 0.017805 0.019676 
0.004614 0.573815 0.203785 0.059754 0.037390 0.028906 0.028612 0.026631 0.022430 0.014062 
0.011020 0.404114 0.208300 0.119883 0.092138 0.047313 0.024452 0.034157 0.028970 0.029654 
0.001326 0.134505 0.165000 0.101442 0.148305 0.199913 0.074388 0.054375 0.054173 0.066573 
0.002222 0.100743 0.209602 0.100559 0.161451 0.103528 0.120421 0.078072 0.053773 0.069629 
0.006776 0.159051 0.187312 0.112202 0.076651 0.067866 0.083222 0.150156 0.064446 0.092318 
0.011933 0.523386 0.170584 0.090066 0.066097 0.028770 0.049018 0.016106 0.023999 0.020041 
0.035402 0.572493 0.167278 0.071506 0.048951 0.029136 0.024773 0.017804 0.014964 0.017694 
0.002789 0.378270 0.258116 0.096738 0.087137 0.058189 0.037094 0.030455 0.014849 0.036363 
0.004226 0.046108 0.072076 0.131696 0.508535 0.121219 0.052142 0.033870 0.015899 0.014229 
0.000499 0.030536 0.081712 0.126682 0.516442 0.117864 0.055491 0.036424 0.015578 0.018772 
0.007142 0.466984 0.182629 0.133362 0.057206 0.035236 0.042386 0.029019 0.023033 0.023002 
0.015136 0.465183 0.187418 0.081261 0.068626 0.056635 0.037961 0.024626 0.029607 0.033546 
0.010846 0.266252 0.234913 0.129141 0.056911 0.104449 0.042077 0.041056 0.060796 0.053559 
0.001161 0.062132 0.057931 0.034739 0.056104 0.099103 0.502376 0.116227 0.043333 0.026895 
0.000155 0.020576 0.038167 0.046620 0.062580 0.104594 0.507775 0.143794 0.044144 0.031594 
0.005887 0.053811 0.065947 0.052618 0.063060 0.099716 0.466099 0.106053 0.041472 0.045338 
0.006764 0.478970 0.167826 0.099173 0.078046 0.060374 0.035045 0.023279 0.025830 0.024692 
0.009422 0.478692 0.162293 0.071441 0.088399 0.037451 0.044754 0.067731 0.023142 0.016674 
0.001448 0.144746 0.111619 0.293171 0.090513 0.043661 0.115193 0.083853 0.073331 0.042464 
0.001956 0.033417 0.118383 0.187439 0.230464 0.175001 0.165191 0.049106 0.019879 0.019164 
0.001189 0.040297 0.127451 0.164762 0.159843 0.096697 0.259625 0.065364 0.041398 0.043376 
0.004173 0.115300 0.155813 0.172327 0.140654 0.033383 0.104145 0.046286 0.074609 0.153310 
0.004404 0.069555 0.084375 0.119877 0.102702 0.074753 0.127917 0.070588 0.095512 0.250318 
0.001667 0.030053 0.046284 0.168630 0.177930 0.136936 0.160542 0.075563 0.103244 0.099151 
0.000284 0.013907 0.039026 0.106555 0.289588 0.361103 0.052464 0.055752 0.045975 0.035347 
0.002961 0.036055 0.042985 0.083299 0.224330 0.431343 0.083480 0.033444 0.032528 0.029577 
0.005518 0.050590 0.111970 0.082480 0.302400 0.223112 0.082178 0.039108 0.044527 0.058116 
0.003680 0.052094 0.170492 0.178041 0.188534 0.113127 0.088833 0.070259 0.083306 0.051636 
0.001681 0.038365 0.110413 0.111119 0.352853 0.095395 0.090018 0.053084 0.050546 0.096527 
0.003719 0.028521 0.106070 0.145065 0.349171 0.120400 0.087929 0.043009 0.045751 0.070366 
0.000523 0.018481 0.044162 0.077474 0.163768 0.183396 0.182520 0.186656 0.086578 0.056441 
0.001806 0.017180 0.054766 0.065520 0.115499 0.212267 0.249565 0.063193 0.055928 0.164276 
0.012212 0.449661 0.132652 0.166075 0.063816 0.052496 0.050551 0.033919 0.025697 0.012921 
0.017023 0.354337 0.121756 0.091949 0.033395 0.035914 0.235810 0.037795 0.020539 0.051482 
0.005223 0.179112 0.101586 0.080632 0.056618 0.038917 0.248034 0.188237 0.047406 0.054237 
0.003337 0.045933 0.045831 0.119406 0.143215 0.061760 0.286159 0.240213 0.029120 0.025025 
0.001982 0.020723 0.046093 0.304554 0.148929 0.049439 0.289657 0.064082 0.018408 0.056135 
0.001089 0.019856 0.109378 0.468844 0.025362 0.043718 0.159230 0.080646 0.059111 0.032766 
0.007683 0.452117 0.140788 0.119956 0.058982 0.022240 0.100713 0.040815 0.033221 0.023485 
0.000971 0.361098 0.172018 0.074693 0.020076 0.020309 0.231807 0.035220 0.019301 0.064507 
0.003662 0.057168 0.041514 0.100247 0.022624 0.073204 0.430359 0.109617 0.058542 0.103064 
0.001994 0.026432 0.026844 0.091598 0.049416 0.066067 0.495540 0.132495 0.040664 0.068952 
0.000741 0.009294 0.008508 0.052308 0.059534 0.059254 0.498802 0.191801 0.051925 0.067832 
0.008604 0.362838 0.103293 0.100351 0.047254 0.035794 0.146034 0.148698 0.023520 0.023614 
0.015678 0.479864 0.186765 0.053710 0.060475 0.016614 0.027097 0.121464 0.023296 0.015036 
0.016760 0.226507 0.084242 0.104536 0.162079 0.050507 0.069008 0.245417 0.024599 0.016345 
0.001864 0.108852 0.133832 0.149067 0.306857 0.083388 0.053677 0.083048 0.038204 0.041209 
0.001042 0.072678 0.131712 0.154419 0.277572 0.142382 0.040436 0.074883 0.050755 0.054121 
0.000197 0.065890 0.057586 0.194157 0.376960 0.101902 0.050449 0.062594 0.038259 0.052006 
0.002043 0.490642 0.147826 0.099828 0.097583 0.019551 0.052917 0.036154 0.036035 0.017422 
0.012601 0.403768 0.182983 0.124766 0.138937 0.025625 0.035069 0.039833 0.021620 0.014799 
0.005911 0.273751 0.170808 0.214054 0.129819 0.038320 0.040484 0.076189 0.026033 0.024632 
0.011341 0.159094 0.128346 0.124686 0.274080 0.036952 0.082969 0.105515 0.042752 0.034266 
0.004770 0.173337 0.169174 0.089092 0.158239 0.045277 0.089155 0.092865 0.070868 0.107222 
0.003230 0.427886 0.112211 0.151619 0.085751 0.039017 0.061945 0.052295 0.037189 0.028859 
0.004310 0.472939 0.200432 0.118291 0.048110 0.036666 0.035866 0.021101 0.038081 0.024204 
0.010323 0.254352 0.221564 0.110813 0.050391 0.071102 0.129426 0.031531 0.056058 0.064440 
0.000873 0.074795 0.057264 0.097985 0.295711 0.066113 0.190340 0.091375 0.051234 0.074310 
0.000330 0.012236 0.065316 0.183100 0.157145 0.105046 0.187584 0.174856 0.040214 0.074173 
0.001329 0.021068 0.110586 0.033389 0.064366 0.187413 0.297603 0.129052 0.088236 0.066957 
0.015439 0.495837 0.149486 0.114499 0.069961 0.026038 0.047753 0.028247 0.029662 0.023079 
0.025235 0.466425 0.125799 0.210218 0.071976 0.018619 0.033542 0.020770 0.010037 0.017379 
0.002524 0.096346 0.102989 0.457347 0.069772 0.048754 0.138187 0.018113 0.009213 0.056756 
0.003085 0.036383 0.049072 0.218801 0.314349 0.053694 0.179506 0.093939 0.032785 0.018386 
0.001354 0.018436 0.027620 0.311888 0.214196 0.059849 0.240459 0.065396 0.028422 0.032379 
0.022344 0.399024 0.261798 0.117872 0.081644 0.035430 0.027569 0.022248 0.019192 0.012878 
0.022914 0.464902 0.180448 0.059695 0.043100 0.015929 0.075295 0.060089 0.019199 0.058428 
0.010276 0.265530 0.154939 0.061017 0.103674 0.032820 0.036175 0.129015 0.143594 0.062960 
0.002380 0.156998 0.145851 0.155930 0.226620 0.096432 0.043044 0.068067 0.054349 0.050330 
0.003856 0.154985 0.114338 0.149068 0.196027 0.133767 0.073045 0.057376 0.035807 0.081733 
0.004073 0.167985 0.101417 0.272304 0.130927 0.091725 0.064195 0.041347 0.046140 0.079887 
0.002806 0.396009 0.150186 0.119753 0.080072 0.027546 0.113829 0.056747 0.024954 0.028098 
0.002671 0.355154 0.127401 0.069150 0.046938 0.036654 0.233161 0.083778 0.012154 0.032939 
0.000594 0.052870 0.048896 0.083299 0.122276 0.036011 0.303053 0.279734 0.036324 0.036944 
0.001542 0.025997 0.051135 0.343013 0.299259 0.072312 0.106908 0.028630 0.007213 0.063991 
0.000930 0.024341 0.042415 0.290530 0.250573 0.065621 0.188042 0.024810 0.014437 0.098300 
0.015478 0.416829 0.132406 0.171740 0.066642 0.036081 0.078489 0.031331 0.021792 0.029212 
0.015990 0.497383 0.186674 0.063145 0.050056 0.044313 0.056375 0.031395 0.014806 0.039862 
0.022323 0.310548 0.130466 0.130074 0.155657 0.065175 0.042589 0.041770 0.035004 0.066394 
0.003316 0.043123 0.028984 0.416198 0.085985 0.035523 0.226568 0.060782 0.024075 0.075446 
0.002988 0.030176 0.043389 0.386260 0.050625 0.083696 0.212283 0.076570 0.030029 0.083983 
0.002944 0.174330 0.192153 0.119323 0.099151 0.077892 0.147809 0.048933 0.093685 0.043779 
0.009277 0.442365 0.133552 0.180991 0.059993 0.032216 0.057637 0.030797 0.034550 0.018622 
0.023921 0.389392 0.110624 0.075292 0.022340 0.023276 0.240932 0.036994 0.015214 0.062015 
0.003826 0.094830 0.051411 0.128772 0.047147 0.034294 0.408137 0.036972 0.032455 0.162157 
0.000329 0.055207 0.078985 0.092299 0.067466 0.073173 0.400947 0.097134 0.037878 0.096581 
0.002403 0.105859 0.116235 0.102747 0.097123 0.076213 0.245785 0.187549 0.025079 0.041007 
0.020221 0.304130 0.208482 0.158886 0.119582 0.015103 0.055816 0.085501 0.013710 0.018569 
0.016656 0.586060 0.183316 0.063122 0.063205 0.016016 0.017987 0.034816 0.010473 0.008348 
0.002414 0.437806 0.150877 0.056533 0.182818 0.039577 0.021635 0.084223 0.011718 0.012399 
0.001547 0.104726 0.136596 0.135992 0.335798 0.077014 0.021405 0.098798 0.035974 0.052150 
0.001898 0.126246 0.175740 0.135701 0.239204 0.095267 0.025048 0.081919 0.055811 0.063165 
0.004746 0.138377 0.191544 0.110185 0.278691 0.101926 0.036185 0.064884 0.027372 0.046089 
0.008638 0.471479 0.130789 0.141021 0.084646 0.036486 0.046399 0.029856 0.028642 0.022044 
0.005839 0.414684 0.134037 0.098239 0.164327 0.054064 0.040735 0.044902 0.019450 0.023723 
0.001922 0.323618 0.197189 0.091471 0.247823 0.043774 0.028493 0.039999 0.010090 0.015621 
0.003086 0.176447 0.156785 0.153241 0.118074 0.035509 0.159887 0.060174 0.080378 0.056418 
0.000478 0.165843 0.145114 0.096572 0.108088 0.065774 0.183907 0.064156 0.076459 0.093609 
0.001637 0.162250 0.268283 0.159952 0.091032 0.051675 0.087800 0.061763 0.068054 0.047553 
0.008231 0.483315 0.239994 0.077077 0.035744 0.040685 0.033687 0.022008 0.031814 0.027443 
0.013071 0.339376 0.195878 0.111988 0.034122 0.053879 0.090605 0.055692 0.050969 0.054422 
0.003983 0.095664 0.097402 0.059389 0.051516 0.053104 0.246245 0.106830 0.167075 0.118792 
0.000780 0.010519 0.039073 0.078635 0.042110 0.059281 0.327625 0.137082 0.114920 0.189974 
0.001457 0.015416 0.024123 0.051914 0.208731 0.162697 0.240227 0.184073 0.049315 0.062047 
0.003523 0.425737 0.142312 0.139000 0.077728 0.018476 0.078219 0.054448 0.029837 0.030720 
0.012369 0.478139 0.138897 0.070591 0.030420 0.013172 0.180922 0.026079 0.015906 0.033506 
0.014687 0.304175 0.203123 0.175039 0.064968 0.035662 0.094908 0.025132 0.025394 0.056912 
0.000078 0.028707 0.043860 0.193168 0.311254 0.056505 0.250325 0.063686 0.030116 0.022300 
