She-will-be-loved,Maroon5
0.000000 0.000000 0.000000 0.000000 0.000000 0.000000 0.000000 0.000000 0.000000 0.000000 
0.000000 0.000000 0.000000 0.000000 0.000000 0.000000 0.000000 0.000000 0.000000 0.000000 
0.000000 0.000000 0.000000 0.000000 0.000000 0.000000 0.000000 0.000000 0.000000 0.000000 
0.000000 0.000000 0.000000 0.000000 0.000000 0.000000 0.000000 0.000000 0.000000 0.000000 
0.000000 0.000000 0.000000 0.000000 0.000000 0.000000 0.000000 0.000000 0.000000 0.000000 
0.000000 0.000000 0.000000 0.000000 0.000000 0.000000 0.000000 0.000000 0.000000 0.000000 
0.000000 0.000000 0.000000 0.000000 0.000000 0.000000 0.000000 0.000000 0.000000 0.000000 
0.000000 0.000000 0.000000 0.000000 0.000000 0.000000 0.000000 0.000000 0.000000 0.000000 
0.127198 0.137569 0.114248 0.089519 0.114412 0.094419 0.100170 0.061411 0.061282 0.099772 
0.402207 0.148123 0.105839 0.095222 0.051818 0.033522 0.027871 0.046065 0.047124 0.042208 
0.522465 0.046928 0.047153 0.036796 0.043133 0.070785 0.065779 0.052209 0.051177 0.063575 
0.446358 0.045822 0.086096 0.049271 0.092339 0.025001 0.060447 0.096349 0.052659 0.045657 
0.163353 0.291315 0.087425 0.164378 0.063117 0.091700 0.044645 0.037147 0.036472 0.020447 
0.018124 0.130049 0.397782 0.156579 0.072589 0.071652 0.047090 0.043583 0.033811 0.028741 
0.008587 0.387195 0.355843 0.107594 0.037750 0.017467 0.037663 0.022138 0.013140 0.012622 
0.010346 0.334924 0.326217 0.135304 0.048862 0.023953 0.047118 0.032882 0.025359 0.015035 
0.021270 0.180716 0.432707 0.174736 0.050102 0.038697 0.040166 0.027019 0.022152 0.012435 
0.000781 0.182529 0.482303 0.185316 0.022274 0.017729 0.067063 0.019584 0.012435 0.009987 
0.008553 0.174464 0.485543 0.208051 0.018685 0.011397 0.064365 0.014534 0.010007 0.004401 
0.010462 0.138892 0.528822 0.207646 0.022555 0.009990 0.056204 0.012423 0.007060 0.005947 
0.001766 0.087229 0.470820 0.237601 0.036937 0.030177 0.053175 0.030392 0.033883 0.018021 
0.004612 0.040484 0.606065 0.193668 0.026227 0.027673 0.045420 0.033620 0.013128 0.009102 
0.011762 0.072114 0.625148 0.191691 0.012157 0.012659 0.049932 0.016829 0.005994 0.001715 
0.015282 0.061178 0.617511 0.189435 0.021989 0.007611 0.051033 0.018897 0.010332 0.006732 
0.004235 0.019404 0.626029 0.197343 0.046243 0.030946 0.040726 0.013571 0.012663 0.008841 
0.001555 0.039951 0.597703 0.191110 0.054864 0.030305 0.041625 0.020475 0.013090 0.009321 
0.019695 0.056313 0.453441 0.110623 0.069017 0.052890 0.073714 0.037583 0.092187 0.034537 
0.010707 0.110858 0.355555 0.203611 0.068255 0.072848 0.060448 0.076353 0.024424 0.016941 
0.006010 0.052144 0.390390 0.288696 0.087087 0.029991 0.055336 0.068694 0.015638 0.006014 
0.003082 0.035490 0.403025 0.242115 0.110658 0.030217 0.031631 0.092816 0.031599 0.019367 
0.003329 0.035603 0.437049 0.266246 0.119132 0.034092 0.042569 0.048685 0.007279 0.006016 
0.016991 0.072293 0.460682 0.222331 0.114260 0.012179 0.030406 0.052043 0.013262 0.005552 
0.038951 0.219691 0.411945 0.202087 0.037648 0.020852 0.023566 0.009646 0.025759 0.009855 
0.019374 0.370749 0.333305 0.100874 0.079428 0.018777 0.029246 0.026017 0.013808 0.008422 
0.009783 0.318474 0.370294 0.137187 0.066916 0.021133 0.029404 0.025256 0.012225 0.009328 
0.004522 0.149571 0.408043 0.255408 0.081744 0.020054 0.028677 0.041852 0.007280 0.002849 
0.003519 0.151002 0.398514 0.241656 0.096875 0.020859 0.020966 0.044974 0.014220 0.007416 
0.009064 0.166879 0.358250 0.230760 0.100734 0.027883 0.024308 0.046332 0.021146 0.014644 
0.020330 0.345289 0.326840 0.093719 0.059438 0.053203 0.040305 0.025368 0.019903 0.015607 
0.002785 0.157870 0.353479 0.171872 0.127482 0.023433 0.047154 0.055949 0.040340 0.019636 
0.012663 0.064112 0.327013 0.223604 0.153341 0.045306 0.044302 0.081631 0.031655 0.016372 
0.002332 0.023763 0.346493 0.336805 0.142264 0.028886 0.048735 0.047915 0.015119 0.007688 
0.007485 0.052676 0.361802 0.303321 0.138727 0.019824 0.030235 0.063102 0.015541 0.007288 
0.012585 0.046386 0.345164 0.269154 0.156697 0.042592 0.055676 0.046312 0.014991 0.010441 
0.008430 0.079431 0.339075 0.209388 0.169703 0.044275 0.060583 0.055583 0.019864 0.013669 
0.014566 0.175530 0.492470 0.164481 0.061684 0.021066 0.026824 0.020824 0.015077 0.007479 
0.034691 0.330457 0.205615 0.234342 0.103878 0.013455 0.022782 0.040496 0.009925 0.004360 
0.007483 0.310496 0.233653 0.260073 0.092663 0.015890 0.034335 0.034786 0.008753 0.001869 
0.003568 0.110661 0.226665 0.283955 0.179311 0.041852 0.046547 0.061554 0.028151 0.017735 
0.004269 0.153879 0.225294 0.329519 0.157857 0.020634 0.029390 0.057326 0.014201 0.007630 
0.014305 0.120784 0.252411 0.314037 0.172700 0.030896 0.046402 0.037415 0.005467 0.005583 
0.001029 0.074841 0.217884 0.284006 0.157554 0.039714 0.034652 0.074869 0.078384 0.037068 
0.018175 0.065104 0.284521 0.249865 0.125173 0.069756 0.089539 0.053978 0.029480 0.014409 
0.032954 0.146305 0.169000 0.072483 0.081286 0.059538 0.084204 0.081789 0.227656 0.044785 
0.012313 0.123164 0.113273 0.082693 0.067473 0.068335 0.039529 0.183432 0.210717 0.099070 
0.006676 0.086896 0.088984 0.143226 0.197901 0.031174 0.098536 0.199324 0.082124 0.065159 
0.012681 0.084486 0.294496 0.092070 0.209566 0.015286 0.050843 0.149128 0.059627 0.031818 
0.016219 0.151568 0.210320 0.107769 0.185514 0.051972 0.087258 0.092427 0.049701 0.047252 
0.009069 0.277350 0.403831 0.170486 0.040832 0.017900 0.024145 0.025343 0.020833 0.010210 
0.025690 0.207905 0.468091 0.201521 0.038156 0.015014 0.015517 0.011715 0.008696 0.007694 
0.033973 0.196139 0.509718 0.187735 0.021819 0.012902 0.015048 0.013591 0.003818 0.005256 
0.010473 0.132616 0.447091 0.211265 0.060617 0.036809 0.035799 0.028368 0.021165 0.015798 
0.005176 0.104359 0.493357 0.198264 0.053950 0.036644 0.039960 0.027160 0.023649 0.017481 
0.016067 0.136571 0.520004 0.177009 0.047264 0.022813 0.025422 0.021590 0.020406 0.012853 
0.027952 0.158169 0.503429 0.165879 0.035871 0.020580 0.026026 0.012117 0.032858 0.017118 
0.025497 0.156956 0.590588 0.132845 0.028461 0.013033 0.019557 0.015667 0.011397 0.006000 
0.019865 0.142335 0.585243 0.145626 0.037012 0.014657 0.019335 0.015517 0.012655 0.007755 
0.015033 0.100983 0.488492 0.156204 0.054923 0.034785 0.044176 0.051420 0.028716 0.025269 
0.010939 0.101588 0.515251 0.166857 0.056390 0.037985 0.038109 0.027669 0.025981 0.019232 
0.015267 0.112209 0.602401 0.142949 0.035724 0.023548 0.021555 0.019590 0.015420 0.011335 
0.017295 0.145907 0.447963 0.109941 0.072082 0.055679 0.053584 0.045039 0.034592 0.017917 
0.030467 0.393916 0.306520 0.133379 0.043584 0.026129 0.026155 0.022512 0.011943 0.005396 
0.029842 0.312101 0.282459 0.192652 0.048678 0.032734 0.046500 0.024637 0.018028 0.012370 
0.008468 0.136215 0.407482 0.250576 0.066057 0.028688 0.065437 0.019039 0.012519 0.005520 
0.000518 0.116348 0.433692 0.288850 0.065545 0.019761 0.060034 0.005168 0.005681 0.004404 
0.008484 0.071653 0.458257 0.297927 0.051787 0.031084 0.064862 0.008853 0.005009 0.002086 
0.009491 0.146935 0.416006 0.287039 0.048340 0.027603 0.051420 0.006959 0.003281 0.002927 
0.016600 0.069557 0.352995 0.245623 0.052896 0.038202 0.083071 0.041294 0.071844 0.027918 
0.041639 0.152599 0.374253 0.095148 0.034497 0.035783 0.124392 0.051389 0.058468 0.031833 
0.039185 0.186365 0.227864 0.109827 0.104942 0.034276 0.093192 0.092897 0.068970 0.042481 
0.005268 0.152545 0.267382 0.136016 0.195064 0.045214 0.048005 0.083245 0.030997 0.036263 
0.028084 0.138070 0.412010 0.098085 0.086059 0.021326 0.071323 0.079140 0.038134 0.027769 
0.036164 0.294534 0.254059 0.085206 0.080091 0.092233 0.052063 0.052101 0.020293 0.033257 
0.011663 0.198031 0.414421 0.230581 0.044009 0.019417 0.026956 0.023422 0.020823 0.010676 
0.030663 0.363252 0.254960 0.208200 0.049996 0.019369 0.042078 0.013004 0.009283 0.009196 
0.016148 0.347241 0.325461 0.183981 0.033753 0.006749 0.055495 0.015067 0.008150 0.007955 
0.033423 0.190754 0.341192 0.284315 0.048567 0.011159 0.055128 0.015828 0.010114 0.009519 
0.017936 0.147305 0.390190 0.256204 0.066316 0.025557 0.055669 0.017918 0.012387 0.010518 
0.006736 0.108256 0.364503 0.230620 0.099900 0.045936 0.073803 0.026147 0.025936 0.018163 
0.004090 0.102509 0.391921 0.235707 0.078252 0.034372 0.056653 0.035330 0.040789 0.020375 
0.006917 0.098830 0.383370 0.305025 0.062926 0.025015 0.057438 0.030040 0.017640 0.012798 
0.021037 0.140852 0.388756 0.297961 0.046310 0.018587 0.057041 0.009916 0.012737 0.006803 
0.027120 0.151133 0.419663 0.251038 0.057634 0.020907 0.048372 0.012058 0.006605 0.005469 
0.021457 0.134511 0.351004 0.243012 0.091337 0.035884 0.061234 0.025975 0.021450 0.014136 
0.014460 0.110039 0.389057 0.246416 0.085434 0.030590 0.046444 0.033620 0.025198 0.018742 
0.004334 0.070748 0.377589 0.257990 0.088827 0.044968 0.073434 0.035563 0.027327 0.019220 
0.017122 0.212904 0.508036 0.128355 0.032931 0.024548 0.028781 0.013222 0.024317 0.009783 
0.001525 0.274459 0.303237 0.246285 0.078325 0.038053 0.026278 0.014748 0.010559 0.006532 
0.013008 0.296438 0.249186 0.266303 0.088184 0.030024 0.026047 0.015626 0.006874 0.008311 
0.008650 0.148469 0.359734 0.243842 0.079840 0.059272 0.036903 0.029008 0.023287 0.010995 
0.013438 0.062263 0.334485 0.259899 0.118084 0.068748 0.060394 0.032663 0.034459 0.015566 
0.011694 0.124872 0.295481 0.266712 0.143273 0.036931 0.047850 0.031918 0.026240 0.015029 
0.007481 0.064541 0.356406 0.240164 0.111875 0.027107 0.062168 0.040270 0.064241 0.025746 
0.003068 0.100074 0.470770 0.144914 0.096782 0.062666 0.056507 0.019952 0.022661 0.022605 
0.008984 0.077267 0.545011 0.190996 0.091932 0.023270 0.026095 0.015530 0.011221 0.009694 
0.016719 0.124005 0.504785 0.192665 0.075634 0.030249 0.018007 0.015680 0.013454 0.008801 
0.000053 0.081355 0.521590 0.162130 0.064957 0.056399 0.039739 0.031235 0.024596 0.017945 
0.011683 0.084231 0.634820 0.144887 0.045964 0.028957 0.018381 0.012693 0.009877 0.008508 
0.007105 0.079650 0.435125 0.207121 0.121683 0.016780 0.058814 0.034502 0.027713 0.011507 
0.013167 0.043229 0.268736 0.388475 0.099776 0.033778 0.097157 0.021540 0.023174 0.010966 
0.003560 0.040950 0.248791 0.400706 0.105521 0.039665 0.079508 0.036365 0.027114 0.017819 
0.002733 0.025955 0.277528 0.380718 0.138939 0.032338 0.097446 0.015005 0.016863 0.012475 
0.001724 0.051261 0.249432 0.320442 0.144672 0.047864 0.098850 0.038533 0.028144 0.019078 
0.008689 0.060026 0.239471 0.378016 0.113377 0.038997 0.076888 0.039746 0.026680 0.018111 
0.003291 0.033568 0.281079 0.383581 0.107893 0.046571 0.101067 0.018393 0.014057 0.010501 
0.020677 0.220474 0.481469 0.141142 0.048554 0.013951 0.039207 0.009780 0.010267 0.014479 
0.004078 0.415234 0.427880 0.097254 0.016697 0.007735 0.016201 0.004170 0.007323 0.003428 
0.052924 0.431476 0.375992 0.064950 0.023629 0.014300 0.018577 0.007135 0.006895 0.004121 
0.010752 0.207926 0.514087 0.105181 0.039039 0.031257 0.034441 0.022915 0.020225 0.014176 
0.024528 0.177299 0.640917 0.068207 0.030223 0.022803 0.019935 0.009413 0.004362 0.002314 
0.000542 0.204707 0.633371 0.077316 0.026354 0.017012 0.019952 0.008560 0.007040 0.005147 
0.011508 0.096633 0.365019 0.120603 0.197425 0.054575 0.031719 0.023957 0.077450 0.021110 
0.004753 0.042170 0.335389 0.087919 0.306163 0.045883 0.021055 0.016670 0.111717 0.028282 
0.003685 0.020227 0.360202 0.064095 0.318076 0.045379 0.025083 0.030622 0.108730 0.023899 
0.004778 0.024577 0.331263 0.070599 0.312487 0.058350 0.037077 0.034011 0.109171 0.017688 
0.004002 0.016496 0.358723 0.071735 0.300496 0.061039 0.037575 0.034380 0.100973 0.014582 
0.006733 0.034096 0.363912 0.064078 0.322682 0.052925 0.028193 0.010193 0.089887 0.027301 
0.014248 0.046133 0.320399 0.079537 0.295006 0.033154 0.037667 0.029331 0.114735 0.029790 
0.004390 0.112958 0.308024 0.170464 0.188085 0.064777 0.040774 0.037590 0.051245 0.021693 
0.009451 0.046227 0.337453 0.178853 0.258824 0.016361 0.029894 0.045827 0.059648 0.017461 
0.003059 0.034478 0.356111 0.207623 0.258024 0.024531 0.032398 0.040096 0.030403 0.013278 
0.009624 0.040904 0.335323 0.225247 0.220896 0.034097 0.047929 0.031318 0.044798 0.009862 
0.002260 0.012960 0.338374 0.213648 0.208393 0.050234 0.047938 0.059003 0.046019 0.021171 
0.020982 0.090589 0.293293 0.121890 0.309193 0.042845 0.025531 0.033917 0.041930 0.019830 
0.007005 0.258654 0.426220 0.117485 0.106323 0.017764 0.019082 0.016425 0.023530 0.007511 
0.016890 0.302155 0.326144 0.119890 0.108157 0.038455 0.030708 0.030934 0.019262 0.007405 
0.039101 0.300116 0.226857 0.135874 0.180850 0.028059 0.039965 0.022723 0.023460 0.002995 
0.016142 0.142110 0.326576 0.189529 0.234023 0.011071 0.015484 0.041069 0.020647 0.003350 
0.001320 0.079698 0.378145 0.177442 0.259596 0.007679 0.033321 0.037394 0.023864 0.001541 
0.000757 0.229510 0.210299 0.099312 0.305605 0.053192 0.049756 0.023166 0.026096 0.002305 
0.033403 0.149030 0.278679 0.181060 0.175259 0.043917 0.037041 0.038856 0.048623 0.014132 
0.021045 0.087495 0.314440 0.208620 0.200162 0.023307 0.050411 0.060849 0.022819 0.010853 
0.000973 0.035099 0.371077 0.221485 0.229720 0.020678 0.049231 0.053144 0.015049 0.003544 
0.007752 0.042445 0.340867 0.217420 0.207290 0.028750 0.044970 0.071829 0.026194 0.012484 
0.007413 0.048371 0.351811 0.250977 0.180214 0.045141 0.057692 0.047437 0.008981 0.001961 
0.006263 0.052240 0.304992 0.154733 0.270714 0.043040 0.039971 0.076591 0.032603 0.018852 
0.030302 0.184656 0.373252 0.132562 0.108341 0.042791 0.045106 0.030760 0.030462 0.021767 
0.024050 0.349989 0.316150 0.140757 0.058883 0.018160 0.032614 0.033232 0.013829 0.012336 
0.001187 0.265041 0.322403 0.144490 0.128008 0.030453 0.022590 0.051744 0.021241 0.012843 
0.015191 0.126818 0.293560 0.263520 0.155220 0.032244 0.058919 0.039888 0.009647 0.004993 
0.003772 0.126667 0.318927 0.220877 0.157258 0.038654 0.029919 0.065226 0.024858 0.013842 
0.013280 0.153937 0.292868 0.238435 0.171635 0.020935 0.040352 0.050217 0.011908 0.006434 
0.000771 0.099206 0.318899 0.251618 0.206999 0.008127 0.040315 0.053393 0.013884 0.006787 
0.010602 0.056594 0.325230 0.182638 0.139645 0.065394 0.076300 0.048572 0.062763 0.032263 
0.026281 0.095347 0.174057 0.080610 0.098677 0.033612 0.083253 0.105768 0.261094 0.041301 
0.009437 0.050458 0.103609 0.036537 0.037382 0.031679 0.058329 0.361552 0.272763 0.038253 
0.012119 0.043039 0.120711 0.019303 0.034174 0.037147 0.077582 0.442798 0.177098 0.036030 
0.004338 0.025917 0.105967 0.042423 0.043567 0.036978 0.074898 0.484571 0.145607 0.035733 
0.006262 0.040200 0.178923 0.050182 0.041706 0.046646 0.076333 0.385741 0.131188 0.042819 
0.013439 0.104487 0.135038 0.081959 0.065275 0.035502 0.059430 0.263943 0.161690 0.079237 
0.004088 0.182002 0.511137 0.166610 0.028699 0.012862 0.026000 0.047983 0.016162 0.004457 
0.015903 0.159499 0.482108 0.177643 0.049654 0.029131 0.033379 0.030176 0.009886 0.012619 
0.011288 0.110301 0.521528 0.164473 0.047775 0.037205 0.039719 0.031856 0.019951 0.015904 
0.012494 0.134737 0.536882 0.149061 0.045972 0.027944 0.025409 0.031839 0.021102 0.014560 
0.026008 0.172587 0.460602 0.166186 0.058064 0.026351 0.030394 0.027051 0.019923 0.012834 
0.033959 0.175434 0.513429 0.144302 0.029311 0.021641 0.025951 0.013571 0.029703 0.012699 
0.030950 0.183361 0.408894 0.193328 0.054237 0.033624 0.036977 0.022928 0.019372 0.016328 
0.013626 0.121191 0.537130 0.151689 0.063135 0.026274 0.029603 0.022934 0.019071 0.015347 
0.002084 0.094103 0.553869 0.134260 0.062695 0.042321 0.026356 0.053317 0.020019 0.010977 
0.011625 0.111696 0.495172 0.181474 0.061703 0.032285 0.041979 0.029190 0.020342 0.014536 
0.035064 0.207522 0.559537 0.113503 0.033235 0.013077 0.015095 0.009145 0.008275 0.005547 
0.031763 0.183169 0.590942 0.128167 0.035734 0.008270 0.009718 0.004914 0.004507 0.002816 
0.012648 0.197731 0.512081 0.147119 0.029581 0.024119 0.041096 0.015644 0.014187 0.005794 
0.002911 0.249984 0.262575 0.210492 0.096865 0.030613 0.072448 0.032039 0.024721 0.017352 
0.017909 0.276334 0.229268 0.222699 0.094751 0.025914 0.070476 0.028264 0.020499 0.013885 
0.008056 0.125608 0.295909 0.312325 0.105859 0.035878 0.089025 0.008593 0.012076 0.006672 
0.001080 0.046444 0.313240 0.390032 0.105272 0.018388 0.077365 0.023106 0.016592 0.008481 
0.004124 0.091303 0.313744 0.350314 0.102431 0.031597 0.084334 0.008474 0.008226 0.005453 
0.006189 0.085408 0.326355 0.273814 0.088489 0.035310 0.078112 0.032140 0.057213 0.016971 
0.001275 0.175502 0.332889 0.068990 0.067629 0.075335 0.092015 0.087486 0.075601 0.023278 
0.025260 0.064861 0.381667 0.103027 0.053510 0.037846 0.094206 0.135315 0.071756 0.032553 
0.000438 0.080467 0.559113 0.121354 0.038379 0.019349 0.045001 0.067400 0.043581 0.024918 
0.009723 0.024254 0.684895 0.080710 0.057075 0.014298 0.040244 0.038179 0.030170 0.020452 
0.004064 0.046092 0.663807 0.086922 0.060277 0.029442 0.042120 0.035714 0.021209 0.010353 
0.024375 0.182130 0.491150 0.131861 0.068991 0.021380 0.024117 0.022556 0.020777 0.012661 
0.003115 0.389448 0.347623 0.138869 0.020280 0.010501 0.060513 0.015075 0.007314 0.007262 
0.024904 0.310483 0.286555 0.165041 0.068194 0.023373 0.053979 0.032940 0.018624 0.015905 
0.006435 0.127103 0.301178 0.322296 0.078527 0.033730 0.082263 0.018337 0.015675 0.014457 
0.003055 0.125004 0.333114 0.319698 0.075786 0.028313 0.070874 0.019125 0.016608 0.008424 
0.002077 0.097595 0.403077 0.327581 0.065965 0.017069 0.069294 0.006574 0.005060 0.005708 
0.012273 0.138939 0.363093 0.287407 0.068601 0.027962 0.048512 0.027214 0.017144 0.008855 
0.011813 0.105135 0.313540 0.295062 0.096578 0.037971 0.058349 0.029927 0.033778 0.017848 
0.001459 0.084092 0.312425 0.255756 0.119270 0.053202 0.076916 0.039798 0.035038 0.022043 
0.000939 0.072157 0.358385 0.260725 0.113560 0.044147 0.055487 0.039848 0.031214 0.023539 
0.016678 0.102541 0.346250 0.307501 0.089487 0.032322 0.061699 0.015612 0.017687 0.010223 
0.017196 0.118739 0.340312 0.339172 0.065958 0.021365 0.065152 0.012309 0.014105 0.005691 
0.013157 0.098402 0.398022 0.301974 0.080268 0.027165 0.055924 0.009282 0.008631 0.007174 
0.000946 0.176223 0.505008 0.193607 0.042160 0.023712 0.026108 0.011731 0.011619 0.008886 
0.023347 0.363215 0.170336 0.282706 0.046346 0.038772 0.042585 0.013803 0.009094 0.009795 
0.015583 0.322363 0.257736 0.256064 0.087870 0.015877 0.027679 0.005935 0.007886 0.003006 
0.027753 0.147193 0.255595 0.310471 0.117242 0.037855 0.047349 0.025483 0.019586 0.011474 
0.018563 0.182666 0.285211 0.328338 0.059555 0.043363 0.037447 0.019429 0.012112 0.013318 
0.000855 0.116183 0.380296 0.321772 0.098821 0.028029 0.038497 0.005660 0.003334 0.006554 
0.012832 0.076123 0.334565 0.261549 0.101558 0.033478 0.057397 0.027540 0.066720 0.028237 
0.014688 0.102447 0.385542 0.194745 0.075411 0.067994 0.063310 0.036624 0.031444 0.027794 
0.014142 0.092343 0.504577 0.175300 0.081790 0.043139 0.033667 0.025001 0.015635 0.014405 
0.007079 0.065678 0.620111 0.169230 0.091323 0.015271 0.008008 0.011052 0.006785 0.005462 
0.020223 0.112151 0.585202 0.139385 0.096828 0.017064 0.005255 0.011218 0.007592 0.005082 
0.013532 0.083794 0.455335 0.221122 0.099770 0.031915 0.031335 0.027105 0.020129 0.015963 
0.005442 0.079986 0.469182 0.244428 0.082176 0.026846 0.044398 0.033481 0.009648 0.004413 
0.017448 0.229850 0.452279 0.155479 0.054176 0.013712 0.037580 0.011932 0.017813 0.009732 
0.005310 0.263008 0.328420 0.225601 0.075814 0.012638 0.055417 0.018946 0.009487 0.005358 
0.013599 0.278157 0.197501 0.288493 0.105381 0.020777 0.065665 0.010529 0.011233 0.008665 
0.025488 0.192798 0.298821 0.283234 0.087303 0.023400 0.054790 0.017439 0.010627 0.006099 
0.014811 0.081445 0.321485 0.347935 0.107483 0.025986 0.067056 0.020454 0.009310 0.004034 
0.003146 0.105752 0.332421 0.319009 0.104357 0.025196 0.071567 0.016446 0.012110 0.009996 
0.009635 0.226461 0.430226 0.127058 0.069873 0.022648 0.030128 0.040055 0.032841 0.011074 
0.009615 0.269411 0.384734 0.137556 0.050248 0.025626 0.045019 0.031540 0.024607 0.021644 
0.009937 0.411064 0.317849 0.149057 0.020472 0.012110 0.040629 0.018364 0.010530 0.009988 
0.002763 0.141134 0.493251 0.202975 0.035293 0.012182 0.057055 0.021978 0.020392 0.012976 
0.005824 0.178313 0.493765 0.188622 0.025446 0.024464 0.053874 0.011338 0.009176 0.009178 
0.025957 0.175371 0.506464 0.179902 0.025384 0.021028 0.043862 0.007015 0.010763 0.004254 
0.000846 0.149582 0.486771 0.149285 0.046641 0.022879 0.043437 0.017223 0.053567 0.029769 
0.014232 0.080979 0.516359 0.185418 0.057259 0.025903 0.061482 0.022703 0.019998 0.015666 
0.011476 0.044071 0.580131 0.183090 0.047855 0.034773 0.052865 0.021334 0.012935 0.011470 
0.017758 0.071202 0.583796 0.186616 0.034271 0.011544 0.054740 0.022161 0.010023 0.007889 
0.015074 0.069092 0.591461 0.184593 0.035122 0.006073 0.053794 0.019540 0.015257 0.009996 
0.016959 0.059009 0.606736 0.189917 0.038863 0.029886 0.035243 0.010739 0.007361 0.005287 
0.001288 0.030471 0.629494 0.197886 0.030931 0.025098 0.039449 0.019889 0.015214 0.010281 
0.003304 0.069423 0.321974 0.322019 0.081255 0.063306 0.051145 0.028499 0.051034 0.008039 
0.015013 0.089867 0.249162 0.368765 0.094771 0.028938 0.062799 0.051438 0.026521 0.012725 
0.004944 0.017330 0.214512 0.498274 0.096061 0.041292 0.075952 0.029141 0.010247 0.012247 
0.010970 0.047237 0.250806 0.331638 0.169973 0.045488 0.077520 0.048719 0.012680 0.004970 
0.005888 0.025315 0.248914 0.305871 0.246191 0.035523 0.044952 0.070078 0.009299 0.007968 
0.004128 0.020083 0.214892 0.272986 0.273081 0.027453 0.019496 0.130911 0.023078 0.013891 
0.002191 0.188574 0.374906 0.163687 0.126187 0.033290 0.026738 0.050072 0.020852 0.013504 
0.018640 0.210713 0.168012 0.168104 0.214604 0.045380 0.031456 0.089473 0.032263 0.021356 
0.019932 0.219240 0.203171 0.213368 0.156726 0.030441 0.023217 0.104726 0.017396 0.011784 
0.007574 0.123260 0.332810 0.251058 0.123412 0.029771 0.069009 0.042254 0.011916 0.008936 
0.016448 0.138835 0.406869 0.239745 0.084689 0.022459 0.027215 0.046735 0.010891 0.006115 
0.027290 0.201909 0.334082 0.160635 0.100608 0.041254 0.038630 0.051492 0.026803 0.017298 
0.003065 0.121877 0.137322 0.201431 0.204763 0.081418 0.060734 0.061457 0.070524 0.057409 
0.011664 0.142711 0.287048 0.191723 0.064487 0.022983 0.049051 0.192081 0.025141 0.013111 
0.002817 0.026205 0.271580 0.224089 0.084448 0.027480 0.106958 0.214662 0.025023 0.016739 
0.008111 0.052360 0.225304 0.291990 0.082079 0.019913 0.149249 0.124603 0.027212 0.019177 
0.004582 0.016995 0.193435 0.325239 0.182841 0.046899 0.094474 0.092704 0.028238 0.014593 
0.011511 0.036148 0.241261 0.332489 0.196084 0.033767 0.061356 0.078181 0.004591 0.004611 
0.003761 0.022665 0.080668 0.325076 0.205813 0.052338 0.105663 0.126326 0.040861 0.036830 
0.006584 0.157858 0.401324 0.166292 0.092513 0.015315 0.031556 0.097317 0.014523 0.016716 
0.008025 0.255642 0.250138 0.104246 0.019929 0.020869 0.122542 0.168020 0.030215 0.020374 
0.020702 0.225662 0.166366 0.104003 0.035592 0.021392 0.151283 0.208244 0.042522 0.024232 
0.002937 0.101024 0.204533 0.134656 0.042184 0.024171 0.121931 0.293922 0.040888 0.033754 
0.001812 0.051622 0.246769 0.136743 0.026934 0.019519 0.110749 0.303371 0.048307 0.054174 
0.003573 0.094421 0.177658 0.139082 0.062551 0.029747 0.163088 0.216574 0.045212 0.068095 
0.015406 0.056950 0.189474 0.183107 0.162049 0.037736 0.084729 0.176781 0.063409 0.030360 
0.005080 0.035283 0.219552 0.262670 0.110685 0.076822 0.092668 0.132793 0.038764 0.025682 
0.013578 0.038029 0.079902 0.108513 0.336574 0.038079 0.043009 0.200998 0.106843 0.034474 
0.008441 0.035551 0.040672 0.310739 0.135890 0.017052 0.105805 0.227081 0.056275 0.062493 
0.007462 0.041677 0.068383 0.335503 0.158145 0.035366 0.088825 0.145529 0.027043 0.092067 
0.006832 0.054064 0.187266 0.080758 0.154118 0.039251 0.142556 0.224276 0.043771 0.067107 
0.008854 0.079105 0.104962 0.064893 0.104262 0.172387 0.193040 0.106082 0.095255 0.071160 
0.003618 0.094046 0.250314 0.139686 0.079109 0.022946 0.033754 0.185420 0.130637 0.060468 
0.010538 0.079667 0.286546 0.135036 0.131183 0.048771 0.041473 0.171589 0.066647 0.028550 
0.018421 0.111835 0.315156 0.113359 0.125798 0.022337 0.026241 0.203045 0.042149 0.021657 
0.024041 0.129742 0.256049 0.103389 0.113765 0.018684 0.019427 0.216457 0.090684 0.027763 
0.022209 0.104269 0.254471 0.108410 0.108449 0.020603 0.033387 0.225528 0.090009 0.032665 
0.015190 0.096921 0.272507 0.104754 0.139277 0.043129 0.058954 0.225520 0.034641 0.009107 
0.004265 0.078083 0.380276 0.201740 0.058186 0.023429 0.123728 0.065332 0.031209 0.033752 
0.025785 0.105818 0.437924 0.206586 0.059391 0.017904 0.077935 0.027131 0.017256 0.024269 
0.018383 0.114472 0.413683 0.236443 0.070658 0.025358 0.081778 0.015593 0.012160 0.011471 
0.020030 0.129797 0.424097 0.234137 0.051478 0.017506 0.069169 0.030272 0.011644 0.011870 
0.014116 0.088093 0.376205 0.259624 0.079249 0.022239 0.070812 0.047885 0.021918 0.019861 
0.000193 0.059691 0.410175 0.230040 0.074594 0.025779 0.107748 0.048170 0.028783 0.014829 
0.017156 0.201570 0.454965 0.153646 0.023811 0.017117 0.085625 0.025111 0.013837 0.007163 
0.029938 0.260817 0.299845 0.144699 0.057688 0.026441 0.106332 0.042841 0.016238 0.015161 
0.013467 0.210397 0.198972 0.247190 0.075709 0.021923 0.164000 0.040248 0.014235 0.013860 
0.005929 0.083947 0.288747 0.293998 0.070409 0.025342 0.127721 0.054571 0.028550 0.020785 
0.000402 0.118280 0.270614 0.273842 0.090048 0.023544 0.168679 0.033915 0.010704 0.009973 
0.023413 0.121763 0.290667 0.275780 0.107675 0.052276 0.077500 0.013529 0.018323 0.019072 
0.015296 0.145389 0.311360 0.240659 0.074770 0.049551 0.066310 0.022415 0.056475 0.017773 
0.009506 0.131303 0.338726 0.182517 0.078812 0.026498 0.107800 0.047206 0.047805 0.029826 
0.002689 0.126924 0.294336 0.087413 0.102326 0.055289 0.146425 0.069931 0.079948 0.034721 
0.025752 0.121443 0.160283 0.100939 0.097456 0.042853 0.159911 0.071619 0.074920 0.144825 
0.001539 0.141465 0.267797 0.085131 0.167387 0.038161 0.117682 0.105175 0.041146 0.034517 
0.013229 0.351671 0.307568 0.067223 0.074672 0.024647 0.081743 0.043768 0.012015 0.023464 
0.002706 0.024456 0.036065 0.090539 0.052218 0.111752 0.434505 0.122774 0.074919 0.050067 
0.021072 0.185320 0.272043 0.163727 0.047711 0.021346 0.217018 0.025906 0.026180 0.019676 
0.008130 0.229624 0.226101 0.188063 0.050799 0.028059 0.214191 0.022937 0.020969 0.011126 
0.013404 0.192133 0.272960 0.237789 0.056300 0.034712 0.142608 0.017864 0.024387 0.007844 
0.003276 0.091969 0.241985 0.311475 0.082178 0.055814 0.127510 0.031477 0.032859 0.021455 
0.011703 0.112894 0.349410 0.311967 0.050355 0.047311 0.067532 0.021205 0.017828 0.009796 
0.030684 0.203908 0.304707 0.270583 0.067786 0.036378 0.050954 0.014764 0.012767 0.007470 
0.021243 0.147430 0.358711 0.282597 0.052818 0.041780 0.057186 0.008860 0.022779 0.006597 
0.002194 0.089150 0.382129 0.357563 0.050314 0.025690 0.051599 0.015815 0.015432 0.010115 
0.002753 0.084878 0.414597 0.303654 0.053381 0.030589 0.063567 0.015414 0.018294 0.012873 
0.020787 0.129399 0.388305 0.256305 0.075482 0.023125 0.048271 0.025748 0.019710 0.012869 
0.030251 0.164760 0.352128 0.230597 0.086281 0.035498 0.055418 0.018921 0.016252 0.009895 
0.026134 0.157343 0.388652 0.270796 0.058048 0.018938 0.056468 0.011466 0.007728 0.004427 
0.028057 0.196952 0.478748 0.164175 0.026744 0.014602 0.045452 0.019233 0.016083 0.009955 
0.004907 0.328927 0.310827 0.190638 0.050866 0.061295 0.022990 0.011369 0.008377 0.009803 
0.022305 0.300176 0.216614 0.237073 0.076447 0.073017 0.034722 0.019756 0.009978 0.009911 
0.014762 0.164114 0.255694 0.291890 0.119759 0.073400 0.039369 0.020785 0.008897 0.011329 
0.024444 0.133162 0.291658 0.302843 0.082404 0.082806 0.029216 0.021770 0.016978 0.014720 
0.020686 0.135921 0.352239 0.281270 0.057055 0.105140 0.023017 0.011009 0.008279 0.005384 
0.006146 0.104887 0.380326 0.279996 0.082020 0.070110 0.026376 0.023776 0.013394 0.012969 
0.006703 0.127965 0.322893 0.263691 0.091971 0.063998 0.042046 0.022582 0.040649 0.017502 
0.021810 0.128686 0.504614 0.133458 0.087745 0.037816 0.033711 0.024373 0.015640 0.012147 
0.013940 0.092757 0.628256 0.113486 0.064534 0.031889 0.021969 0.013027 0.010205 0.009937 
0.015100 0.096036 0.637312 0.144797 0.051611 0.029032 0.008385 0.007503 0.005405 0.004820 
0.015158 0.131542 0.423458 0.202454 0.108034 0.026106 0.030154 0.025816 0.023105 0.014173 
0.003435 0.055988 0.538905 0.202921 0.097830 0.018800 0.030056 0.021218 0.018089 0.012756 
0.002086 0.038456 0.364833 0.231562 0.144184 0.060845 0.098163 0.032853 0.022439 0.004580 
0.014063 0.083078 0.209769 0.325172 0.189488 0.043485 0.101610 0.013546 0.013990 0.005800 
0.016667 0.090246 0.248727 0.340821 0.150814 0.038423 0.089313 0.012444 0.007351 0.005194 
0.010379 0.063454 0.260541 0.351290 0.169670 0.036013 0.077362 0.015610 0.008916 0.006766 
0.013334 0.075933 0.264656 0.342288 0.140491 0.055239 0.079930 0.017435 0.007694 0.003000 
0.000238 0.035015 0.285999 0.366949 0.169028 0.028480 0.079757 0.019079 0.010167 0.005288 
0.033178 0.180424 0.409219 0.211914 0.059829 0.023494 0.046968 0.013045 0.014974 0.006954 
0.015582 0.445692 0.340983 0.103825 0.032777 0.015515 0.017409 0.012294 0.007260 0.008662 
0.023721 0.437189 0.423726 0.048655 0.022018 0.005385 0.020349 0.009268 0.004715 0.004974 
0.005961 0.189890 0.452482 0.164061 0.043766 0.037864 0.037861 0.026928 0.024378 0.016809 
0.015452 0.190446 0.531570 0.134115 0.064010 0.022496 0.025101 0.006974 0.005199 0.004637 
0.023965 0.228520 0.570584 0.081810 0.044239 0.011892 0.018160 0.007068 0.008698 0.005065 
0.003558 0.101058 0.642013 0.140946 0.026528 0.017560 0.019486 0.021590 0.010538 0.016724 
0.002549 0.083342 0.331640 0.083267 0.308751 0.038234 0.020732 0.027445 0.097702 0.006338 
0.002902 0.022805 0.343567 0.075629 0.286613 0.050583 0.036317 0.043942 0.122819 0.014824 
0.004132 0.014723 0.332715 0.083117 0.316941 0.055438 0.029995 0.035565 0.113115 0.014259 
0.000607 0.014842 0.360016 0.096913 0.325143 0.037208 0.022837 0.022957 0.104896 0.014581 
0.001592 0.011361 0.377935 0.075169 0.335230 0.037159 0.018200 0.016783 0.104713 0.021858 
0.001772 0.027849 0.343384 0.091805 0.331394 0.037473 0.035476 0.013951 0.094453 0.022443 
0.005162 0.054118 0.112526 0.194584 0.168729 0.078518 0.060099 0.087774 0.077389 0.161101 
0.005949 0.082033 0.200172 0.157960 0.119233 0.059987 0.145572 0.027613 0.145612 0.055869 
0.002882 0.019512 0.205378 0.191703 0.108216 0.023433 0.143880 0.060127 0.059474 0.185394 
0.005932 0.031358 0.190650 0.172477 0.103792 0.037184 0.225492 0.039072 0.039042 0.155001 
0.003421 0.033336 0.222275 0.163210 0.169742 0.032913 0.228962 0.060038 0.047421 0.038683 
0.018160 0.063325 0.325998 0.165368 0.306748 0.013063 0.036131 0.020461 0.036941 0.013804 
0.032383 0.204357 0.415189 0.102719 0.124592 0.033519 0.024455 0.024735 0.024609 0.013442 
0.003015 0.337866 0.295405 0.111635 0.104438 0.025271 0.039099 0.064960 0.014784 0.003527 
0.012720 0.280936 0.249150 0.131283 0.144828 0.012115 0.019334 0.116762 0.018631 0.014242 
0.007047 0.110830 0.243435 0.183015 0.215908 0.017032 0.073080 0.122545 0.018529 0.008579 
0.006458 0.114648 0.281292 0.205486 0.191448 0.041067 0.067931 0.065821 0.020139 0.005711 
0.001520 0.130477 0.297845 0.177234 0.252855 0.033254 0.028736 0.043940 0.025605 0.008533 
0.006059 0.172832 0.208606 0.079225 0.328664 0.073456 0.050898 0.025874 0.034700 0.019684 
0.003630 0.103420 0.230146 0.141418 0.190502 0.038382 0.080387 0.163606 0.033830 0.014679 
0.011996 0.038879 0.253444 0.134773 0.115643 0.015854 0.056483 0.327184 0.022380 0.023365 
0.001555 0.018588 0.179450 0.099900 0.093026 0.051096 0.225575 0.268351 0.047690 0.014768 
0.003937 0.016930 0.165072 0.122384 0.111011 0.027264 0.197889 0.284976 0.046876 0.023661 
0.002659 0.022330 0.185061 0.154956 0.125949 0.037737 0.187350 0.211956 0.031043 0.040959 
0.007709 0.019087 0.121517 0.329012 0.328249 0.037525 0.061901 0.047589 0.032910 0.014501 
0.019201 0.159044 0.420865 0.154647 0.080790 0.017187 0.061758 0.055748 0.014126 0.016635 
0.011150 0.174380 0.165521 0.187180 0.097392 0.030362 0.127210 0.159873 0.029317 0.017616 
0.010412 0.177906 0.145694 0.134524 0.104526 0.039716 0.147287 0.187551 0.033191 0.019194 
0.009233 0.063999 0.150291 0.177491 0.121291 0.023139 0.134179 0.255955 0.038710 0.025711 
0.004492 0.088607 0.184523 0.200975 0.177327 0.022873 0.051503 0.212263 0.024570 0.032867 
0.005341 0.048711 0.135334 0.206012 0.140652 0.019025 0.124686 0.257732 0.044147 0.018360 
0.007750 0.029558 0.141522 0.202561 0.121245 0.028768 0.148082 0.215373 0.064344 0.040796 
0.010112 0.052048 0.193174 0.088761 0.192891 0.032841 0.091659 0.289408 0.037178 0.011929 
0.000828 0.037054 0.044975 0.140840 0.062096 0.023097 0.208738 0.304308 0.102835 0.075229 
0.003772 0.009569 0.031775 0.117385 0.099604 0.055903 0.238784 0.258326 0.070454 0.114427 
0.007884 0.038378 0.082968 0.162295 0.114532 0.032074 0.120781 0.354550 0.058025 0.028513 
0.007385 0.023043 0.052329 0.195659 0.067140 0.030569 0.209923 0.319356 0.048554 0.046042 
0.000302 0.034558 0.069923 0.216565 0.149586 0.044170 0.152431 0.245668 0.053737 0.033061 
0.018418 0.169719 0.190545 0.133895 0.262214 0.023101 0.028701 0.112502 0.039037 0.021867 
0.022237 0.103194 0.293432 0.109717 0.210687 0.020342 0.029295 0.151242 0.045788 0.014066 
0.016457 0.099907 0.230255 0.120796 0.223106 0.022978 0.037793 0.187656 0.050410 0.010641 
0.015174 0.095981 0.266587 0.104396 0.214100 0.024067 0.029477 0.178975 0.053793 0.017451 
0.010892 0.086329 0.269484 0.120925 0.192582 0.020917 0.026899 0.179327 0.066404 0.026243 
0.001113 0.065040 0.295044 0.108207 0.190668 0.028751 0.027770 0.193911 0.062689 0.026807 
0.005840 0.095882 0.363559 0.109642 0.166826 0.015350 0.021274 0.160547 0.045702 0.015379 
0.023754 0.172782 0.488058 0.149149 0.068255 0.020123 0.019125 0.028705 0.019385 0.010664 
0.029681 0.180758 0.541825 0.123560 0.054292 0.018310 0.014491 0.022499 0.008670 0.005914 
0.019597 0.123523 0.541021 0.140475 0.062763 0.017609 0.028799 0.042585 0.016122 0.007505 
0.008491 0.092063 0.610137 0.114530 0.055596 0.023255 0.040750 0.022413 0.018108 0.014657 
0.012579 0.093158 0.496716 0.152004 0.066373 0.044999 0.047704 0.031217 0.035656 0.019594 
0.021337 0.150714 0.450102 0.124707 0.042079 0.023764 0.066069 0.045588 0.031103 0.044537 
0.007608 0.281449 0.233490 0.106567 0.042500 0.022543 0.155784 0.033298 0.020564 0.096197 
0.001521 0.238271 0.151855 0.077780 0.035541 0.029463 0.274951 0.065126 0.012387 0.113106 
0.011915 0.085397 0.184662 0.173513 0.046016 0.023483 0.233519 0.086096 0.037545 0.117854 
0.001208 0.070524 0.160306 0.228677 0.068199 0.041871 0.238823 0.057181 0.021643 0.111569 
0.005413 0.084915 0.151202 0.247661 0.068399 0.020244 0.242140 0.042431 0.031763 0.105832 
0.013266 0.084490 0.200235 0.212823 0.055418 0.038272 0.227387 0.061547 0.032598 0.073964 
0.002595 0.096607 0.255862 0.204258 0.104451 0.037249 0.134592 0.048904 0.090452 0.025029 
0.043233 0.119451 0.206445 0.069303 0.060776 0.028449 0.190997 0.127426 0.109241 0.044679 
0.007872 0.061928 0.358642 0.092239 0.043061 0.018713 0.134095 0.164807 0.049303 0.069338 
0.006312 0.045550 0.354937 0.112754 0.063205 0.039336 0.206944 0.083226 0.053414 0.034322 
0.001229 0.038335 0.401094 0.074105 0.051146 0.032351 0.282128 0.048739 0.028661 0.042212 
0.017532 0.046800 0.331683 0.152627 0.071859 0.013189 0.127474 0.112084 0.062952 0.063802 
0.013334 0.266697 0.355002 0.095136 0.024889 0.030491 0.160864 0.010622 0.032998 0.009969 
0.022120 0.209956 0.243260 0.146894 0.036789 0.033838 0.200250 0.032222 0.059486 0.015187 
0.006662 0.197428 0.177358 0.185144 0.038998 0.040604 0.200312 0.055229 0.087080 0.011185 
0.006331 0.082566 0.180206 0.217658 0.033477 0.061310 0.260507 0.038996 0.093862 0.025086 
0.001686 0.072451 0.203178 0.208494 0.032541 0.070195 0.259709 0.023108 0.113243 0.015395 
0.018031 0.102807 0.212611 0.192630 0.023128 0.053064 0.198757 0.046906 0.137523 0.014543 
0.022974 0.113308 0.163614 0.186198 0.034230 0.042438 0.229713 0.039612 0.138606 0.029307 
0.019505 0.084408 0.168416 0.194959 0.041731 0.064426 0.244225 0.040770 0.128220 0.013339 
0.009311 0.066594 0.182590 0.237456 0.026971 0.048678 0.272147 0.033284 0.115776 0.007194 
0.000417 0.024520 0.228393 0.182331 0.061758 0.070693 0.251844 0.040082 0.125765 0.014198 
0.003650 0.036829 0.184483 0.206992 0.061636 0.072353 0.250390 0.011309 0.141414 0.030944 
0.005506 0.050929 0.173328 0.189880 0.034056 0.062114 0.254955 0.045110 0.153824 0.030298 
0.019372 0.086192 0.168604 0.198725 0.036802 0.063351 0.229865 0.063515 0.123033 0.010542 
0.008430 0.182092 0.331225 0.129570 0.062574 0.040341 0.150326 0.027899 0.051239 0.016304 
0.008575 0.273341 0.139325 0.142643 0.063670 0.058997 0.167914 0.012239 0.099927 0.033369 
0.007873 0.105742 0.228429 0.196327 0.036680 0.067921 0.186991 0.043678 0.108865 0.017494 
0.007364 0.080745 0.235770 0.187868 0.114739 0.021875 0.175048 0.022224 0.123854 0.030512 
0.014280 0.071083 0.225322 0.252177 0.047033 0.024137 0.190290 0.029934 0.133380 0.012364 
0.009112 0.101960 0.220989 0.259317 0.068360 0.036955 0.163511 0.020666 0.114737 0.004393 
0.011793 0.099813 0.239615 0.211815 0.053919 0.036258 0.169782 0.029626 0.124017 0.023361 
0.005374 0.081152 0.382927 0.163035 0.093175 0.034799 0.129727 0.017402 0.066638 0.025771 
0.002046 0.047419 0.416853 0.207281 0.096248 0.049717 0.075645 0.014829 0.072222 0.017741 
0.003144 0.045784 0.490998 0.167982 0.095393 0.035966 0.084611 0.017973 0.041638 0.016513 
0.006417 0.059140 0.452924 0.203339 0.074018 0.043153 0.073248 0.019671 0.050444 0.017646 
0.020165 0.105467 0.567389 0.163953 0.082198 0.014367 0.015813 0.010827 0.016727 0.003093 
0.012157 0.129534 0.464857 0.195529 0.062728 0.016414 0.057165 0.023168 0.022724 0.015724 
0.013394 0.375104 0.303462 0.192258 0.028432 0.016737 0.035460 0.013601 0.011926 0.009628 
0.016917 0.291374 0.217173 0.221917 0.089217 0.031600 0.058435 0.031541 0.023005 0.018822 
0.013345 0.118364 0.239531 0.349552 0.129945 0.019470 0.073467 0.023470 0.020794 0.012061 
0.012069 0.101757 0.281814 0.333217 0.103541 0.039183 0.082037 0.017539 0.016082 0.012763 
0.011074 0.122481 0.286587 0.355878 0.080614 0.021882 0.066438 0.028288 0.015680 0.011077 
0.009745 0.067580 0.320280 0.377298 0.101099 0.022225 0.073952 0.009786 0.012198 0.005837 
0.007612 0.269643 0.454525 0.126299 0.043775 0.018564 0.028378 0.020841 0.017364 0.012998 
0.017915 0.357665 0.354605 0.127212 0.040751 0.023771 0.026538 0.023914 0.018193 0.009435 
0.013963 0.390634 0.334341 0.132612 0.041570 0.015680 0.031585 0.017567 0.013857 0.008192 
0.000068 0.376964 0.402002 0.116531 0.028373 0.012257 0.033482 0.013417 0.011975 0.004932 
0.017992 0.386129 0.361554 0.127618 0.028848 0.023873 0.039589 0.006587 0.004597 0.003212 
0.003238 0.378900 0.360001 0.130406 0.038666 0.028656 0.034397 0.010142 0.010003 0.005591 
0.000059 0.374003 0.349704 0.126940 0.029161 0.016093 0.046310 0.019163 0.029337 0.009229 
0.003650 0.378766 0.376179 0.138883 0.024237 0.016992 0.033366 0.013308 0.009494 0.005124 
0.007457 0.362805 0.383832 0.140839 0.018103 0.014251 0.035357 0.016507 0.013342 0.007506 
0.013373 0.358350 0.422742 0.144579 0.012539 0.010016 0.027692 0.007584 0.002102 0.001021 
0.011038 0.407369 0.396110 0.128521 0.008449 0.010437 0.028456 0.007465 0.001167 0.000988 
0.016349 0.388693 0.403812 0.136427 0.011857 0.003138 0.023559 0.008620 0.004596 0.002948 
0.004961 0.290354 0.366704 0.114723 0.036833 0.024322 0.028609 0.036320 0.063307 0.033868 
0.028087 0.265890 0.226212 0.237112 0.051016 0.070629 0.043900 0.041975 0.018810 0.016370 
0.018225 0.213506 0.256735 0.330180 0.026137 0.017119 0.076283 0.030876 0.025293 0.005646 
0.000564 0.205386 0.178388 0.360395 0.074691 0.035229 0.080105 0.031884 0.022630 0.010728 
0.007361 0.269176 0.193444 0.277641 0.055403 0.015696 0.117762 0.041394 0.010497 0.011627 
0.003962 0.137818 0.280895 0.325159 0.061690 0.018388 0.099378 0.036603 0.019025 0.017084 
0.011107 0.039216 0.093969 0.329809 0.085234 0.034130 0.229760 0.100327 0.038186 0.038263 
0.003606 0.245295 0.346838 0.156267 0.075771 0.016243 0.055832 0.074943 0.020373 0.004833 
