Sing,Ed-Sheeran
0.000000 0.000000 0.000000 0.000000 0.000000 0.000000 0.000000 0.000000 0.000000 0.000000 
0.000000 0.000000 0.000000 0.000000 0.000000 0.000000 0.000000 0.000000 0.000000 0.000000 
0.000000 0.000000 0.000000 0.000000 0.000000 0.000000 0.000000 0.000000 0.000000 0.000000 
0.085520 0.200332 0.058999 0.124222 0.113212 0.058785 0.165225 0.051018 0.090241 0.052447 
0.001266 0.014135 0.058353 0.145485 0.095841 0.052195 0.218623 0.207924 0.080911 0.125267 
0.006452 0.173760 0.501776 0.097615 0.061017 0.044139 0.036245 0.046938 0.022300 0.009759 
0.008457 0.605404 0.116517 0.112801 0.046843 0.029714 0.025829 0.023128 0.017569 0.013738 
0.055015 0.381969 0.244131 0.103520 0.047668 0.039894 0.036395 0.036811 0.030675 0.023921 
0.015807 0.356460 0.212284 0.148179 0.069774 0.035358 0.054092 0.042930 0.052876 0.012240 
0.017857 0.239535 0.146560 0.230024 0.077426 0.048432 0.077280 0.076924 0.049163 0.036799 
0.019539 0.288927 0.211585 0.210858 0.047980 0.035293 0.048391 0.056973 0.060627 0.019827 
0.001716 0.233906 0.163732 0.251658 0.082652 0.059117 0.079898 0.038244 0.057274 0.031804 
0.024271 0.325105 0.166699 0.217696 0.065326 0.059360 0.043602 0.039671 0.035880 0.022390 
0.017144 0.298957 0.252455 0.252865 0.084060 0.021525 0.020983 0.020629 0.022178 0.009203 
0.031390 0.364342 0.208997 0.138211 0.067483 0.048560 0.048818 0.043231 0.027682 0.021286 
0.002646 0.051572 0.115037 0.200305 0.132647 0.053734 0.150452 0.111865 0.154546 0.027195 
0.008881 0.060770 0.173777 0.336937 0.090611 0.076882 0.100867 0.044962 0.056263 0.050050 
0.000177 0.049369 0.121190 0.481481 0.086234 0.094755 0.075146 0.028542 0.049817 0.013288 
0.000257 0.115312 0.112641 0.290285 0.157426 0.126780 0.052631 0.079221 0.052141 0.013306 
0.038696 0.141933 0.179696 0.218292 0.152630 0.107820 0.054496 0.069073 0.018777 0.018587 
0.033894 0.369817 0.181214 0.067618 0.177440 0.065167 0.033034 0.038951 0.021430 0.011435 
0.019500 0.287553 0.249090 0.082142 0.199200 0.040731 0.025745 0.046229 0.028946 0.020864 
0.025921 0.458100 0.186668 0.129782 0.086159 0.043902 0.022635 0.018852 0.014772 0.013208 
0.089866 0.268608 0.187463 0.163712 0.174409 0.033832 0.031322 0.023292 0.014769 0.012727 
0.013942 0.469017 0.132475 0.091145 0.205443 0.028121 0.020566 0.013341 0.014855 0.011095 
0.018543 0.361332 0.256480 0.083575 0.106323 0.044160 0.042994 0.036148 0.030082 0.020364 
0.035363 0.196266 0.478271 0.097803 0.056470 0.017984 0.028037 0.061200 0.019129 0.009477 
0.041203 0.371910 0.398234 0.085206 0.040133 0.024405 0.014711 0.008292 0.010701 0.005207 
0.025246 0.547686 0.228121 0.070937 0.037144 0.022015 0.022858 0.020127 0.014873 0.010992 
0.021034 0.561919 0.249129 0.047432 0.044071 0.019227 0.016438 0.017098 0.013131 0.010520 
0.007921 0.649824 0.229338 0.052387 0.021806 0.009716 0.009957 0.007913 0.006493 0.004646 
0.043629 0.421688 0.312517 0.079446 0.044372 0.021667 0.024430 0.022227 0.017098 0.012926 
0.035269 0.516725 0.287179 0.044906 0.045215 0.018963 0.015973 0.011706 0.012766 0.011297 
0.011767 0.364321 0.329608 0.097125 0.057898 0.023293 0.031559 0.021706 0.031384 0.031339 
0.052888 0.344681 0.281086 0.068433 0.049504 0.035068 0.026920 0.044113 0.044831 0.052475 
0.008778 0.409478 0.267995 0.066574 0.078791 0.032884 0.019551 0.023544 0.040450 0.051957 
0.037132 0.346701 0.259527 0.089126 0.079503 0.036509 0.026907 0.047244 0.044929 0.032421 
0.006343 0.042823 0.158596 0.257427 0.120336 0.063662 0.130788 0.083015 0.096639 0.040372 
0.003153 0.059114 0.141020 0.472529 0.089917 0.065521 0.061074 0.044414 0.054100 0.009158 
0.011730 0.088607 0.125677 0.311944 0.133081 0.087992 0.095036 0.051018 0.063979 0.030937 
0.012733 0.111784 0.139218 0.263775 0.177057 0.118394 0.061049 0.068641 0.027302 0.020048 
0.063953 0.234732 0.192124 0.141828 0.147519 0.105253 0.025953 0.055265 0.021715 0.011657 
0.023253 0.092389 0.092683 0.260484 0.097990 0.092217 0.119688 0.090570 0.091195 0.039531 
0.000988 0.126317 0.085160 0.357455 0.094297 0.040710 0.087437 0.099118 0.072491 0.036027 
0.001059 0.136884 0.213230 0.255065 0.085226 0.052835 0.064596 0.100966 0.058392 0.031747 
0.013726 0.113185 0.153536 0.253389 0.168650 0.063483 0.053941 0.090425 0.064568 0.025096 
0.000001 0.042616 0.251437 0.252201 0.169475 0.085719 0.029533 0.048497 0.083407 0.037114 
0.021862 0.111009 0.173156 0.229877 0.188742 0.096915 0.050106 0.024660 0.094314 0.009359 
0.013972 0.178091 0.492482 0.125585 0.055876 0.032402 0.030541 0.042808 0.018669 0.009574 
0.019899 0.486931 0.165609 0.156578 0.056635 0.024605 0.030680 0.022634 0.024252 0.012178 
0.018596 0.379226 0.254018 0.129000 0.058562 0.039399 0.037662 0.032423 0.035328 0.015785 
0.020181 0.440151 0.154820 0.185038 0.066296 0.019193 0.023556 0.043621 0.032027 0.015118 
0.016829 0.291153 0.278813 0.202300 0.060969 0.016108 0.039608 0.037834 0.036372 0.020014 
0.003532 0.259065 0.131114 0.276831 0.076544 0.048914 0.054953 0.055422 0.064764 0.028861 
0.011468 0.311354 0.266943 0.123850 0.072997 0.041559 0.070062 0.034776 0.043990 0.023002 
0.001412 0.289119 0.277295 0.156653 0.085871 0.057629 0.043581 0.045414 0.035773 0.007253 
0.047491 0.278959 0.356382 0.078717 0.062876 0.042840 0.051886 0.033023 0.026687 0.021138 
0.003161 0.423085 0.260026 0.081014 0.106110 0.019433 0.037741 0.033638 0.025872 0.009920 
0.014372 0.096908 0.101088 0.076673 0.063728 0.040182 0.196580 0.200749 0.157116 0.052605 
0.000778 0.074319 0.203896 0.271869 0.129486 0.075687 0.096306 0.064612 0.059036 0.024011 
0.006078 0.064039 0.126572 0.476923 0.114314 0.062084 0.064606 0.033288 0.042637 0.009459 
0.002967 0.113000 0.109054 0.297686 0.170172 0.121209 0.056312 0.066066 0.053203 0.010330 
0.027398 0.135968 0.150103 0.265516 0.176612 0.095432 0.039104 0.069683 0.025141 0.015044 
0.003322 0.371535 0.186334 0.071723 0.190767 0.067256 0.022402 0.044423 0.019019 0.023218 
0.016325 0.056745 0.526266 0.158510 0.089557 0.041709 0.041788 0.029011 0.024621 0.015469 
0.011778 0.118194 0.530005 0.186593 0.053924 0.025165 0.025763 0.019896 0.016166 0.012515 
0.025754 0.056843 0.387300 0.069212 0.143514 0.113216 0.079318 0.030923 0.062529 0.031390 
0.001011 0.050337 0.556908 0.182807 0.068738 0.036853 0.035295 0.028264 0.022893 0.016894 
0.003607 0.048185 0.500186 0.204426 0.078263 0.042241 0.041539 0.033353 0.028310 0.019890 
0.003625 0.100482 0.510912 0.123776 0.090632 0.033402 0.029332 0.056438 0.031323 0.020078 
0.036229 0.388466 0.412179 0.076726 0.029725 0.022370 0.014762 0.006762 0.008129 0.004653 
0.019835 0.594106 0.212972 0.059700 0.032246 0.020596 0.018888 0.017475 0.014379 0.009803 
0.038734 0.599651 0.236674 0.034980 0.028608 0.016231 0.015051 0.011851 0.010251 0.007969 
0.006323 0.663314 0.231851 0.045536 0.010849 0.009108 0.010920 0.009608 0.007339 0.005152 
0.004963 0.222506 0.213836 0.083566 0.080673 0.064571 0.086542 0.088417 0.088741 0.066184 
0.010803 0.058968 0.071778 0.609618 0.121096 0.047035 0.030797 0.022804 0.015958 0.011143 
0.000909 0.086045 0.090668 0.538265 0.131541 0.047272 0.040438 0.028750 0.021022 0.015091 
0.060971 0.144478 0.129855 0.385481 0.084911 0.039831 0.026588 0.039386 0.045343 0.043157 
0.049485 0.373194 0.237150 0.099419 0.055419 0.047954 0.028847 0.032024 0.039484 0.037023 
0.031291 0.439548 0.168043 0.045688 0.059608 0.034801 0.072425 0.048710 0.047699 0.052187 
0.023185 0.057527 0.148427 0.231525 0.112250 0.080521 0.119755 0.083250 0.103995 0.039564 
0.011871 0.078976 0.206093 0.361912 0.109463 0.074935 0.049909 0.046587 0.045589 0.014665 
0.005176 0.092107 0.143459 0.373850 0.117350 0.067987 0.087134 0.056339 0.045471 0.011126 
0.038867 0.116170 0.143248 0.239833 0.139347 0.164970 0.046764 0.068880 0.024642 0.017280 
0.052256 0.233251 0.151485 0.153731 0.164964 0.071129 0.052251 0.056289 0.024289 0.040354 
0.032426 0.359999 0.197345 0.065304 0.159748 0.049409 0.037843 0.041995 0.032308 0.023623 
0.044576 0.377274 0.216265 0.078199 0.096508 0.056364 0.039705 0.036610 0.028813 0.025687 
0.004904 0.328485 0.201351 0.190529 0.102859 0.041909 0.043264 0.030211 0.034484 0.022003 
0.022205 0.248108 0.121232 0.060787 0.202472 0.032831 0.079583 0.150055 0.061330 0.021398 
0.057321 0.188144 0.170208 0.081944 0.068494 0.036073 0.148069 0.158939 0.056516 0.034291 
0.012832 0.070911 0.049969 0.096458 0.062047 0.080092 0.232005 0.230459 0.110627 0.054600 
0.001929 0.140959 0.517369 0.119899 0.045123 0.040755 0.042087 0.057279 0.019208 0.015392 
0.070052 0.466320 0.206709 0.095137 0.037424 0.017376 0.023731 0.028026 0.039853 0.015373 
0.065577 0.476760 0.197445 0.080907 0.045761 0.018569 0.020323 0.041536 0.026565 0.026557 
0.021263 0.437298 0.141559 0.141380 0.034895 0.040950 0.041453 0.026774 0.061300 0.053127 
0.019031 0.259546 0.230232 0.193381 0.073626 0.052966 0.030599 0.036098 0.070946 0.033575 
0.002254 0.280387 0.133293 0.216599 0.081574 0.067003 0.063799 0.047300 0.081557 0.026234 
0.029029 0.290344 0.244658 0.140485 0.069678 0.049193 0.075947 0.022624 0.057504 0.020538 
0.038292 0.335858 0.286085 0.093799 0.048123 0.022119 0.048976 0.046095 0.056774 0.023880 
0.033311 0.293098 0.197974 0.113517 0.110399 0.044844 0.052154 0.089609 0.052872 0.012223 
0.022444 0.365568 0.185474 0.058726 0.061419 0.042153 0.076874 0.118483 0.042747 0.026112 
0.007614 0.103096 0.111845 0.034569 0.059171 0.097888 0.167100 0.122042 0.146408 0.150267 
0.019737 0.041704 0.161966 0.274857 0.126583 0.071297 0.106994 0.046458 0.096786 0.053618 
0.026734 0.071690 0.117211 0.464976 0.095183 0.074319 0.056291 0.036541 0.042543 0.014511 
0.011214 0.133231 0.090689 0.290125 0.164572 0.108813 0.053359 0.073408 0.055051 0.019537 
0.032697 0.134369 0.137151 0.248567 0.180924 0.115222 0.040080 0.077466 0.021965 0.011560 
0.028815 0.318521 0.200555 0.081060 0.178209 0.060181 0.037661 0.055177 0.024531 0.015290 
0.050547 0.338497 0.184435 0.071979 0.160110 0.058817 0.033306 0.058343 0.029022 0.014944 
0.026628 0.454554 0.173428 0.109455 0.104083 0.034700 0.025309 0.027842 0.031135 0.012866 
0.011713 0.329049 0.174769 0.155483 0.172758 0.025450 0.046204 0.038771 0.033240 0.012563 
0.041641 0.357899 0.170880 0.040578 0.171610 0.021727 0.065210 0.080210 0.032961 0.017285 
0.029478 0.313642 0.226570 0.082230 0.057215 0.027524 0.056763 0.143155 0.049205 0.014218 
0.012261 0.119404 0.488892 0.116193 0.065464 0.034469 0.032229 0.080332 0.032169 0.018587 
0.042031 0.294588 0.376808 0.122944 0.057980 0.030761 0.024206 0.022412 0.015834 0.012436 
0.033269 0.658975 0.195840 0.042603 0.027537 0.014256 0.008301 0.009189 0.006512 0.003517 
0.001754 0.622959 0.224476 0.024117 0.039324 0.022677 0.020861 0.019021 0.014932 0.009879 
0.040480 0.613008 0.204061 0.053005 0.021185 0.019447 0.015336 0.013246 0.011746 0.008486 
0.014136 0.528710 0.306236 0.066251 0.034868 0.011995 0.014086 0.010416 0.008109 0.005193 
0.004348 0.450127 0.281617 0.088681 0.049848 0.028600 0.026926 0.024860 0.027685 0.017309 
0.035826 0.359675 0.308527 0.112231 0.050415 0.032862 0.030839 0.023418 0.027490 0.018716 
0.004442 0.493823 0.215188 0.058044 0.055497 0.028039 0.021476 0.029890 0.040318 0.053283 
0.005691 0.365482 0.229464 0.090930 0.083974 0.035634 0.034402 0.051365 0.052125 0.050933 
0.096089 0.210242 0.271813 0.085609 0.076745 0.038053 0.039030 0.062432 0.039419 0.080567 
0.010282 0.044778 0.148127 0.226024 0.113122 0.070017 0.139990 0.091514 0.114950 0.041197 
0.017265 0.070112 0.175013 0.401358 0.114107 0.064583 0.056368 0.033496 0.055963 0.011733 
0.029656 0.099054 0.105737 0.397703 0.092006 0.077388 0.080018 0.046028 0.048919 0.023491 
0.019663 0.121311 0.108739 0.270000 0.169675 0.131621 0.059996 0.068340 0.033677 0.016978 
0.097232 0.186060 0.137661 0.165160 0.165456 0.096422 0.032234 0.058442 0.037109 0.024224 
0.062388 0.357524 0.189734 0.091423 0.156749 0.045099 0.028115 0.035402 0.020805 0.012762 
0.023673 0.083056 0.103114 0.395434 0.100997 0.069546 0.104872 0.053086 0.048550 0.017672 
0.019763 0.120055 0.133783 0.390896 0.116275 0.060950 0.018819 0.038812 0.071004 0.029643 
0.002798 0.093056 0.195840 0.348046 0.094107 0.101815 0.041259 0.028144 0.062283 0.032652 
0.000123 0.046640 0.189181 0.339411 0.086660 0.129666 0.068162 0.054932 0.065437 0.019788 
0.004870 0.068326 0.125358 0.340369 0.060082 0.168242 0.059082 0.065923 0.089233 0.018515 
0.006684 0.020931 0.108323 0.299348 0.132572 0.152643 0.102886 0.089208 0.064078 0.023328 
0.006711 0.017036 0.102177 0.401328 0.130669 0.060123 0.087743 0.126074 0.040888 0.027252 
0.003889 0.035952 0.136748 0.354590 0.092691 0.041964 0.096007 0.084516 0.093885 0.059759 
0.001607 0.011268 0.078918 0.435851 0.133602 0.071025 0.067335 0.089947 0.087284 0.023163 
0.004507 0.033358 0.072740 0.398296 0.107884 0.073909 0.085015 0.113957 0.081070 0.029264 
0.012244 0.061024 0.096760 0.376702 0.121386 0.059146 0.068355 0.091423 0.081341 0.031620 
0.004373 0.041094 0.074754 0.322803 0.174869 0.098849 0.068262 0.061617 0.111225 0.042155 
0.001239 0.075591 0.183909 0.204732 0.204792 0.076836 0.074540 0.097794 0.052790 0.027778 
0.025603 0.281394 0.177280 0.152770 0.089831 0.044679 0.069476 0.070088 0.064244 0.024635 
0.005812 0.281649 0.318615 0.090806 0.057029 0.044612 0.068905 0.078259 0.038341 0.015971 
0.099728 0.122342 0.162534 0.043262 0.025074 0.026720 0.123035 0.262527 0.114697 0.020080 
0.794428 0.027943 0.016595 0.022170 0.019280 0.021254 0.037489 0.010611 0.019329 0.030902 
0.856632 0.034135 0.011069 0.015376 0.014314 0.005373 0.019301 0.015048 0.015321 0.013432 
0.872548 0.033082 0.007651 0.020687 0.005757 0.012079 0.015757 0.014334 0.008055 0.010050 
0.858978 0.031699 0.008845 0.015159 0.015006 0.013344 0.016381 0.008824 0.020516 0.011247 
0.327555 0.028277 0.064759 0.123498 0.144828 0.062400 0.060077 0.030367 0.092575 0.065665 
0.080353 0.041207 0.207029 0.088774 0.162892 0.063593 0.077963 0.084401 0.098231 0.095558 
0.104298 0.053901 0.199749 0.126470 0.066608 0.033651 0.116951 0.097278 0.117689 0.083405 
0.042745 0.117452 0.316797 0.205227 0.093014 0.025633 0.063120 0.034580 0.050805 0.050627 
0.010943 0.042208 0.114537 0.135649 0.193052 0.131353 0.107094 0.109863 0.082512 0.072789 
0.000711 0.049163 0.097230 0.108734 0.110141 0.104676 0.152113 0.158093 0.128369 0.090771 
0.001431 0.029601 0.284325 0.289584 0.191866 0.040127 0.066494 0.050144 0.024903 0.021525 
0.007288 0.033119 0.237145 0.201316 0.242023 0.076856 0.107625 0.045107 0.039116 0.010405 
0.012318 0.072554 0.314176 0.176751 0.088707 0.112398 0.154120 0.024435 0.024491 0.020050 
0.006479 0.033997 0.206952 0.211868 0.143552 0.243664 0.103813 0.014475 0.023830 0.011370 
0.005498 0.026430 0.196344 0.220331 0.166508 0.297665 0.045770 0.015283 0.011223 0.014947 
0.013034 0.059625 0.294847 0.188535 0.233033 0.124758 0.028034 0.031544 0.018503 0.008089 
0.019196 0.085313 0.284726 0.169842 0.274385 0.097157 0.025787 0.023873 0.012928 0.006794 
0.011871 0.051608 0.281190 0.209276 0.270710 0.085347 0.029249 0.035469 0.016480 0.008801 
0.000978 0.012966 0.343430 0.251173 0.236352 0.072538 0.019243 0.029127 0.018257 0.015936 
0.012029 0.050680 0.330382 0.129220 0.336680 0.062928 0.030404 0.020739 0.010498 0.016441 
0.009572 0.043722 0.362330 0.057822 0.301696 0.054933 0.107425 0.024606 0.028323 0.009572 
0.003826 0.031746 0.458559 0.180374 0.127584 0.061363 0.057515 0.031932 0.030835 0.016265 
0.005563 0.029777 0.303323 0.271153 0.152961 0.089307 0.055643 0.038776 0.027104 0.026393 
0.012068 0.054247 0.165595 0.329964 0.157539 0.153822 0.047238 0.032552 0.017731 0.029245 
0.013409 0.055912 0.224568 0.342792 0.206395 0.072929 0.023479 0.027805 0.020034 0.012678 
0.004676 0.017098 0.069614 0.466309 0.155158 0.203216 0.022654 0.027304 0.010284 0.023687 
0.012265 0.056304 0.293068 0.313877 0.170005 0.033933 0.034612 0.041072 0.028317 0.016546 
0.002639 0.017810 0.153978 0.361823 0.148126 0.158833 0.045958 0.046619 0.033263 0.030952 
0.002938 0.014126 0.086473 0.501856 0.100632 0.214098 0.009893 0.033616 0.006655 0.029714 
0.017162 0.072187 0.303534 0.286172 0.224324 0.033660 0.014321 0.023458 0.016085 0.009096 
0.016380 0.077680 0.323414 0.264966 0.207594 0.029642 0.018039 0.029097 0.021992 0.011197 
0.010651 0.046319 0.201155 0.369179 0.199293 0.105491 0.014492 0.024699 0.012836 0.015886 
0.005811 0.027495 0.256018 0.315676 0.163160 0.064838 0.053804 0.054932 0.038305 0.019962 
0.014154 0.058717 0.219009 0.253011 0.110021 0.128924 0.065047 0.044496 0.062491 0.044131 
0.005894 0.025944 0.258420 0.215897 0.202679 0.107504 0.021094 0.065491 0.067230 0.029847 
0.000597 0.017599 0.250489 0.197687 0.180499 0.108542 0.044015 0.093584 0.075413 0.031575 
0.005155 0.030031 0.323011 0.156848 0.194406 0.128270 0.028283 0.072827 0.036702 0.024467 
0.003738 0.046237 0.254334 0.215796 0.122265 0.140790 0.049664 0.071340 0.059487 0.036349 
0.000989 0.025096 0.376428 0.188385 0.146408 0.060510 0.072583 0.039224 0.062676 0.027701 
0.002014 0.030157 0.295617 0.253040 0.113386 0.074376 0.083390 0.048714 0.062022 0.037283 
0.006607 0.050919 0.246769 0.272469 0.147197 0.061769 0.054202 0.041331 0.062882 0.055854 
0.008797 0.053688 0.299523 0.269173 0.134672 0.065337 0.051429 0.037448 0.030864 0.049071 
0.010597 0.050715 0.235117 0.240183 0.122521 0.098140 0.060099 0.035921 0.083894 0.062814 
0.001891 0.028848 0.212602 0.280035 0.148745 0.059169 0.052841 0.090838 0.083298 0.041734 
0.009749 0.059378 0.166975 0.198392 0.196895 0.081594 0.040744 0.101629 0.075234 0.069411 
0.011390 0.048248 0.144688 0.191709 0.223907 0.082582 0.027706 0.080775 0.113591 0.075402 
0.000313 0.003551 0.156735 0.291033 0.228083 0.075159 0.016227 0.062806 0.106264 0.059829 
0.008616 0.053038 0.183562 0.311511 0.217650 0.082493 0.023680 0.033047 0.053801 0.032604 
0.012230 0.055495 0.240307 0.199276 0.159576 0.056688 0.072253 0.097422 0.075091 0.031664 
0.006618 0.052436 0.159685 0.365270 0.149827 0.051291 0.041858 0.076206 0.070224 0.026584 
0.013094 0.070226 0.178910 0.268101 0.142685 0.084812 0.068162 0.068298 0.085046 0.020666 
0.005471 0.040520 0.177876 0.241391 0.156001 0.104633 0.061314 0.083918 0.103595 0.025281 
0.002766 0.027485 0.183204 0.246857 0.220984 0.073919 0.072362 0.084234 0.072421 0.015769 
0.000303 0.041340 0.294412 0.209737 0.199556 0.063330 0.046856 0.076033 0.053810 0.014624 
0.002282 0.022458 0.227764 0.199138 0.138563 0.046374 0.172615 0.101289 0.059948 0.029569 
0.006758 0.022164 0.174953 0.161863 0.096321 0.034651 0.101516 0.249819 0.104151 0.047804 
0.010511 0.050821 0.167997 0.146828 0.055029 0.028680 0.143335 0.219318 0.094280 0.083202 
0.006029 0.026026 0.160819 0.141869 0.086412 0.088051 0.081481 0.196529 0.131821 0.080964 
0.000720 0.007299 0.219742 0.132766 0.101681 0.123068 0.034267 0.211540 0.088912 0.080005 
0.001655 0.021739 0.250341 0.138027 0.118136 0.121643 0.043765 0.177699 0.068041 0.058953 
0.006150 0.043478 0.210023 0.108596 0.152291 0.138902 0.057899 0.141356 0.089296 0.052009 
0.000361 0.032204 0.129139 0.123882 0.142320 0.157731 0.048894 0.175288 0.124414 0.065767 
0.002311 0.021667 0.228405 0.095640 0.096536 0.097851 0.182831 0.114965 0.127588 0.032206 
0.002708 0.018054 0.289066 0.107580 0.087331 0.078148 0.146293 0.111924 0.127429 0.031468 
0.017820 0.053331 0.326497 0.188350 0.107441 0.063660 0.070267 0.049434 0.078965 0.044235 
0.001546 0.024337 0.153013 0.308135 0.212106 0.094117 0.052032 0.033544 0.038190 0.082978 
0.008436 0.031238 0.139390 0.351648 0.182911 0.053868 0.052647 0.036373 0.077925 0.065565 
0.009898 0.036763 0.145833 0.374589 0.126140 0.079935 0.053349 0.063666 0.071712 0.038115 
0.020885 0.098399 0.270521 0.316725 0.083881 0.036094 0.047887 0.047874 0.056018 0.021716 
0.003824 0.023532 0.214595 0.214847 0.128005 0.082279 0.072813 0.070726 0.116490 0.072889 
0.000537 0.008725 0.168658 0.164984 0.099765 0.183129 0.083478 0.197580 0.051711 0.041432 
0.000223 0.006162 0.086436 0.120062 0.073062 0.043628 0.067314 0.217240 0.231591 0.154281 
0.003038 0.023619 0.160663 0.188921 0.088805 0.058832 0.107752 0.040972 0.259624 0.067775 
0.000880 0.011131 0.115240 0.316994 0.099179 0.058041 0.039363 0.067536 0.157723 0.133914 
0.001945 0.008553 0.135393 0.299181 0.124425 0.045773 0.026351 0.092330 0.189736 0.076313 
0.008800 0.034846 0.067436 0.171180 0.108130 0.070438 0.106936 0.082759 0.247999 0.101476 
0.001913 0.011506 0.079522 0.136163 0.066743 0.110657 0.071247 0.193858 0.103191 0.225200 
0.001820 0.015359 0.118148 0.249382 0.091039 0.040795 0.031855 0.231869 0.066770 0.152964 
0.008270 0.044223 0.178923 0.266262 0.067615 0.025245 0.083167 0.228103 0.049834 0.048360 
0.015018 0.046687 0.203317 0.290243 0.047107 0.037710 0.064340 0.216420 0.050594 0.028564 
0.001608 0.007054 0.186392 0.289600 0.095237 0.024454 0.083857 0.200742 0.092545 0.018511 
0.001302 0.014375 0.223177 0.136258 0.159290 0.054608 0.125077 0.169850 0.090792 0.025271 
0.005750 0.032531 0.106958 0.137551 0.094085 0.048744 0.049093 0.197542 0.100324 0.227421 
0.006102 0.022643 0.188552 0.161834 0.078414 0.037427 0.057192 0.094554 0.171162 0.182120 
0.004435 0.021265 0.155682 0.236678 0.082646 0.053654 0.077243 0.138353 0.064426 0.165619 
0.000622 0.010036 0.222271 0.226650 0.141104 0.041236 0.093977 0.119218 0.084552 0.060335 
0.001188 0.018941 0.219841 0.214068 0.100951 0.057543 0.075813 0.091502 0.159759 0.060393 
0.003568 0.019187 0.158939 0.349455 0.119623 0.066126 0.044321 0.048447 0.122643 0.067691 
0.005073 0.026080 0.088002 0.269323 0.190590 0.095244 0.050782 0.055368 0.147926 0.071610 
0.005962 0.037670 0.141351 0.375028 0.203991 0.054886 0.045576 0.029525 0.076627 0.029384 
0.012925 0.060767 0.158489 0.355666 0.143122 0.076747 0.024047 0.040083 0.074856 0.053297 
0.003617 0.051261 0.209298 0.263676 0.151386 0.083955 0.067967 0.064086 0.080077 0.024678 
0.003303 0.035269 0.200699 0.268335 0.103372 0.153856 0.037368 0.069983 0.088468 0.039347 
0.006984 0.043135 0.220595 0.320686 0.103036 0.074623 0.020864 0.058472 0.077817 0.073789 
0.007205 0.028678 0.199827 0.300071 0.129035 0.089614 0.052272 0.094002 0.047189 0.052106 
0.002140 0.020642 0.370701 0.184255 0.154191 0.038418 0.030571 0.087852 0.076516 0.034714 
0.007195 0.026513 0.250712 0.194655 0.192688 0.052472 0.057579 0.082603 0.088014 0.047569 
0.009230 0.036436 0.147825 0.232572 0.081583 0.049186 0.243033 0.096771 0.052691 0.050673 
0.006665 0.029935 0.086161 0.241161 0.060294 0.038285 0.216458 0.117149 0.083098 0.120793 
0.000124 0.013768 0.041336 0.198450 0.054316 0.066226 0.173085 0.077204 0.109809 0.265681 
0.007998 0.023502 0.114285 0.178918 0.059778 0.098837 0.133448 0.126759 0.164106 0.092368 
0.005396 0.021448 0.125247 0.160741 0.064888 0.088706 0.116722 0.203065 0.123805 0.089982 
0.004595 0.008914 0.030694 0.162381 0.057051 0.057036 0.287459 0.122327 0.097900 0.171644 
0.011432 0.022713 0.081936 0.415802 0.115987 0.084269 0.072457 0.055238 0.061444 0.078722 
0.002547 0.009809 0.033342 0.472634 0.088795 0.050620 0.068897 0.066893 0.067012 0.139451 
0.006822 0.026931 0.048081 0.337270 0.200860 0.026603 0.133220 0.113499 0.041758 0.064958 
0.008887 0.036430 0.062417 0.291353 0.065817 0.039348 0.297018 0.100518 0.028295 0.069917 
0.007832 0.031161 0.160631 0.235099 0.082779 0.054790 0.284565 0.062512 0.030640 0.049992 
0.000846 0.009690 0.148384 0.439676 0.047154 0.032374 0.174633 0.022515 0.089809 0.034919 
0.001281 0.016606 0.093362 0.493080 0.055671 0.096115 0.139602 0.037962 0.046965 0.019355 
0.012431 0.055363 0.117405 0.488721 0.069177 0.058504 0.092357 0.023524 0.064453 0.018066 
0.013963 0.059206 0.101702 0.551050 0.060194 0.096196 0.038528 0.019272 0.038613 0.021274 
0.015028 0.059803 0.126674 0.591358 0.095951 0.046969 0.018508 0.009733 0.026988 0.008989 
0.004753 0.018907 0.081926 0.459889 0.137262 0.044396 0.141104 0.042706 0.022537 0.046521 
0.003107 0.014810 0.048664 0.431217 0.146079 0.036716 0.158798 0.061806 0.029895 0.068909 
0.002796 0.011908 0.064089 0.406091 0.119555 0.017404 0.160478 0.127697 0.039306 0.050677 
0.011795 0.058039 0.168571 0.259799 0.270476 0.037345 0.039771 0.117345 0.020290 0.016567 
0.013717 0.070005 0.137509 0.284907 0.221257 0.044764 0.041903 0.131775 0.023863 0.030298 
0.002772 0.013450 0.170309 0.238033 0.147788 0.117363 0.053810 0.135364 0.085547 0.035565 
0.005355 0.029252 0.229155 0.198385 0.051828 0.146160 0.124987 0.058406 0.102976 0.053496 
0.002727 0.016320 0.181545 0.202810 0.064447 0.205716 0.097651 0.040607 0.125673 0.062504 
0.006614 0.033779 0.203572 0.078799 0.141556 0.260570 0.036489 0.062345 0.138214 0.038062 
0.003639 0.015865 0.208404 0.129289 0.067291 0.202846 0.070684 0.089138 0.183740 0.029106 
0.001259 0.011969 0.286431 0.176351 0.084570 0.170790 0.046245 0.088821 0.106972 0.026591 
0.000332 0.019286 0.251732 0.221947 0.111544 0.111486 0.064050 0.071599 0.113381 0.034642 
0.005125 0.029522 0.315164 0.197344 0.123384 0.070326 0.070514 0.076961 0.075984 0.035676 
0.012534 0.063581 0.266772 0.184266 0.154160 0.060851 0.085446 0.063029 0.079603 0.029758 
0.016911 0.085813 0.314375 0.173197 0.108447 0.107813 0.080758 0.047372 0.032103 0.033210 
0.000718 0.023850 0.251488 0.224665 0.105049 0.107134 0.109127 0.079912 0.051981 0.046076 
0.000816 0.012545 0.202185 0.257831 0.085206 0.072721 0.063614 0.066411 0.196306 0.042365 
0.003845 0.030865 0.150164 0.247294 0.102248 0.095999 0.031880 0.125487 0.170261 0.041958 
0.012599 0.060197 0.124329 0.271568 0.158918 0.087840 0.047506 0.089716 0.132139 0.015188 
0.007533 0.030112 0.153360 0.317316 0.173743 0.087538 0.050804 0.065039 0.093784 0.020773 
0.001560 0.024729 0.285731 0.322400 0.144712 0.047081 0.051387 0.071733 0.032611 0.018056 
0.003754 0.036022 0.296310 0.149960 0.192398 0.040812 0.042888 0.102543 0.098518 0.036795 
0.004362 0.027415 0.156453 0.283533 0.186241 0.054621 0.077501 0.081893 0.093153 0.034827 
0.012692 0.058654 0.141197 0.201050 0.252339 0.038795 0.054297 0.099994 0.125564 0.015418 
0.003540 0.026296 0.249188 0.194558 0.177023 0.088189 0.055182 0.091991 0.075622 0.038410 
0.007618 0.033893 0.390387 0.202499 0.142450 0.039990 0.056706 0.054036 0.060218 0.012201 
0.006719 0.039029 0.299434 0.289697 0.132702 0.048002 0.062040 0.052086 0.053074 0.017218 
0.007092 0.023059 0.118752 0.288014 0.115994 0.045119 0.235218 0.032391 0.097100 0.037260 
0.001880 0.024793 0.157466 0.267743 0.110094 0.054774 0.190237 0.033214 0.118109 0.041691 
0.007299 0.015740 0.059171 0.292475 0.099882 0.048856 0.226660 0.059590 0.088447 0.101880 
0.007336 0.023813 0.085616 0.279076 0.125818 0.032910 0.166320 0.068483 0.092242 0.118385 
0.008528 0.032755 0.150417 0.285759 0.055509 0.033141 0.222307 0.069675 0.074270 0.067639 
0.013320 0.056472 0.198347 0.212417 0.141934 0.054407 0.053770 0.085140 0.131069 0.053122 
0.011783 0.060928 0.099089 0.210840 0.161065 0.091678 0.096781 0.077879 0.155800 0.034157 
0.009756 0.059655 0.082584 0.205472 0.175629 0.163938 0.079206 0.077752 0.110684 0.035324 
0.001837 0.016311 0.044810 0.166458 0.212998 0.074432 0.294572 0.089488 0.047788 0.051306 
0.001040 0.010699 0.013708 0.110724 0.064403 0.073266 0.332400 0.134314 0.052340 0.207107 
0.001060 0.016525 0.124607 0.155915 0.106045 0.077593 0.217197 0.068012 0.056605 0.176440 
0.003769 0.026497 0.205477 0.285688 0.085855 0.108205 0.051356 0.094485 0.093652 0.045016 
0.006446 0.023844 0.166768 0.345152 0.090767 0.080794 0.045966 0.099013 0.066767 0.074483 
0.000910 0.011696 0.067811 0.237737 0.260114 0.155764 0.066537 0.074067 0.068852 0.056511 
0.005319 0.017049 0.198991 0.332171 0.112726 0.106377 0.085935 0.052191 0.051109 0.038132 
0.002069 0.023953 0.257582 0.225952 0.110342 0.020756 0.062866 0.054250 0.115389 0.126841 
0.008070 0.034339 0.126260 0.192807 0.059716 0.102116 0.083609 0.234554 0.071838 0.086691 
0.004710 0.024379 0.076428 0.231990 0.020577 0.116448 0.014488 0.248878 0.034848 0.227255 
0.007251 0.042310 0.239087 0.174828 0.106470 0.063961 0.096890 0.098555 0.128577 0.042072 
0.017916 0.050640 0.262809 0.233340 0.113395 0.049719 0.075732 0.069332 0.095186 0.031930 
0.002462 0.028065 0.116528 0.344987 0.067771 0.061436 0.032430 0.161560 0.083854 0.100909 
0.006356 0.031817 0.235423 0.364286 0.079247 0.034819 0.022228 0.114644 0.088966 0.022212 
0.013925 0.059192 0.278161 0.300546 0.056878 0.030758 0.050394 0.090116 0.047253 0.072777 
0.001299 0.018222 0.179231 0.463654 0.052947 0.076294 0.060867 0.053680 0.033101 0.060705 
0.007068 0.049172 0.261932 0.280100 0.122379 0.081212 0.023818 0.050752 0.073956 0.049613 
0.002865 0.021094 0.138626 0.372852 0.088247 0.071415 0.037800 0.046454 0.121453 0.099194 
0.006207 0.030603 0.111795 0.306036 0.207251 0.048492 0.047864 0.076093 0.076812 0.088847 
0.005214 0.034247 0.274918 0.202918 0.106187 0.071149 0.057664 0.075601 0.133397 0.038705 
0.011638 0.041657 0.301615 0.251368 0.062686 0.054483 0.064114 0.088808 0.094947 0.028684 
0.003128 0.029804 0.235300 0.160160 0.176776 0.101859 0.093699 0.072447 0.096909 0.029917 
0.003290 0.018405 0.286430 0.195817 0.163378 0.079279 0.079017 0.045159 0.074817 0.054408 
0.011606 0.062691 0.279649 0.154977 0.126979 0.069039 0.068388 0.092711 0.087393 0.046568 
0.008610 0.059088 0.167300 0.223237 0.128573 0.074858 0.055182 0.140173 0.118873 0.024107 
0.009016 0.048073 0.117722 0.234549 0.130275 0.063349 0.050962 0.155684 0.151412 0.038958 
0.001596 0.010719 0.050041 0.295683 0.142005 0.101796 0.062857 0.065276 0.190382 0.079645 
0.001558 0.017070 0.136569 0.450079 0.136231 0.094281 0.042427 0.049527 0.043297 0.028961 
0.009884 0.040258 0.173427 0.364194 0.144102 0.085363 0.045216 0.042262 0.066020 0.029273 
0.009025 0.027556 0.297646 0.238527 0.109202 0.077385 0.071654 0.053195 0.077419 0.038391 
0.003808 0.027648 0.310268 0.147824 0.122886 0.082553 0.068797 0.068138 0.134346 0.033732 
0.012773 0.065077 0.329536 0.118765 0.106207 0.094558 0.055306 0.092174 0.068982 0.056623 
0.009898 0.059660 0.289415 0.183042 0.117967 0.092222 0.048500 0.087104 0.070524 0.041668 
0.003414 0.029339 0.328027 0.166297 0.127858 0.074475 0.045854 0.105527 0.075145 0.044066 
0.006086 0.023221 0.331632 0.194362 0.128772 0.045115 0.082642 0.072311 0.076730 0.039129 
0.008445 0.045477 0.168406 0.285027 0.133482 0.071892 0.062611 0.066184 0.121663 0.036813 
0.008711 0.052818 0.190883 0.272891 0.132974 0.080025 0.051460 0.047738 0.111682 0.050819 
0.003945 0.013891 0.075310 0.344235 0.125301 0.112348 0.056593 0.069433 0.131731 0.067213 
0.003369 0.010354 0.183680 0.303723 0.114905 0.084196 0.075696 0.041604 0.117352 0.065120 
0.002103 0.010007 0.226175 0.271633 0.057371 0.115950 0.060989 0.051280 0.153142 0.051351 
0.010007 0.045474 0.083417 0.198486 0.180211 0.313783 0.050465 0.060807 0.039742 0.017609 
0.013177 0.058807 0.183790 0.373511 0.038756 0.192233 0.053554 0.047712 0.027680 0.010780 
0.016311 0.074304 0.387377 0.216375 0.074829 0.089057 0.048570 0.018753 0.050872 0.023551 
0.004621 0.027470 0.591093 0.098497 0.104872 0.062127 0.058826 0.028664 0.019002 0.004827 
0.008778 0.055809 0.485035 0.179553 0.074731 0.057033 0.053531 0.041338 0.027932 0.016261 
0.004990 0.012718 0.221826 0.444615 0.042417 0.068148 0.111706 0.036319 0.048724 0.008537 
0.004774 0.024500 0.136601 0.416474 0.040769 0.045452 0.232916 0.013751 0.049753 0.035009 
0.004747 0.028862 0.115254 0.321765 0.038744 0.036437 0.299683 0.023212 0.028699 0.102596 
0.004586 0.020123 0.029751 0.264775 0.029199 0.026556 0.362613 0.081929 0.032248 0.148220 
0.001681 0.009095 0.062559 0.204522 0.029059 0.052919 0.394241 0.059809 0.037710 0.148403 
0.005856 0.024617 0.046878 0.387270 0.059753 0.022300 0.258276 0.053787 0.077698 0.063563 
0.002792 0.017821 0.094698 0.214650 0.300095 0.046610 0.084769 0.195253 0.019531 0.023781 
0.008694 0.043129 0.057751 0.188350 0.230602 0.047909 0.124560 0.247305 0.023546 0.028154 
0.002302 0.015736 0.074177 0.210460 0.063231 0.029435 0.293370 0.156912 0.063631 0.090746 
0.009515 0.048668 0.179945 0.221753 0.152919 0.025527 0.037740 0.260391 0.030034 0.033508 
0.007371 0.036928 0.087029 0.395503 0.165498 0.037885 0.097814 0.118625 0.036644 0.016704 
0.012236 0.058129 0.109338 0.188386 0.176944 0.060144 0.105737 0.174062 0.064804 0.050221 
0.007148 0.050016 0.175326 0.280276 0.041227 0.036991 0.087597 0.209594 0.037315 0.074510 
0.002431 0.008328 0.090121 0.254564 0.119900 0.027648 0.145457 0.235048 0.072366 0.044138 
0.003571 0.016210 0.097079 0.204547 0.150837 0.063581 0.081904 0.281589 0.076244 0.024440 
0.004255 0.018770 0.094808 0.289753 0.193888 0.058812 0.089095 0.158052 0.059592 0.032976 
0.005027 0.022323 0.095299 0.237556 0.312748 0.050139 0.087148 0.098314 0.037235 0.054212 
0.004099 0.023385 0.201200 0.319483 0.239539 0.046568 0.038579 0.075509 0.032974 0.018664 
0.003223 0.021157 0.184822 0.361695 0.172207 0.045672 0.055468 0.067777 0.072905 0.015074 
0.004025 0.024303 0.103836 0.285505 0.218385 0.047248 0.086572 0.136987 0.059306 0.033831 
0.005676 0.022123 0.077202 0.150329 0.219249 0.061393 0.072157 0.291299 0.075533 0.025040 
0.001580 0.008824 0.035864 0.121600 0.161850 0.051228 0.121583 0.405896 0.062559 0.029016 
0.001554 0.009212 0.099494 0.178499 0.187973 0.045369 0.115187 0.291346 0.053491 0.017877 
0.004230 0.015642 0.134747 0.089776 0.351457 0.058129 0.056238 0.094248 0.104061 0.091473 
0.003095 0.022839 0.121139 0.091554 0.293853 0.049418 0.057934 0.128730 0.114690 0.116748 
0.002185 0.012445 0.130405 0.143957 0.250601 0.049368 0.066037 0.181231 0.100137 0.063634 
0.000373 0.011393 0.098316 0.148828 0.165133 0.056151 0.100871 0.216122 0.115542 0.087271 
0.013488 0.077005 0.198435 0.213996 0.132388 0.078119 0.064668 0.105333 0.082779 0.033789 
0.013056 0.062108 0.143442 0.357651 0.130836 0.034772 0.120482 0.040750 0.076297 0.020605 
0.012058 0.065844 0.143433 0.313000 0.135090 0.036496 0.182934 0.028640 0.066222 0.016284 
0.004407 0.026817 0.166508 0.239650 0.071241 0.029777 0.243804 0.077603 0.083326 0.056868 
0.004681 0.031597 0.172433 0.276407 0.071325 0.028633 0.190328 0.101020 0.064207 0.059370 
0.003789 0.021875 0.167588 0.284415 0.057112 0.050321 0.230576 0.052049 0.076875 0.055400 
0.005782 0.024324 0.131076 0.233798 0.099805 0.054737 0.187468 0.095671 0.064886 0.102453 
0.004779 0.016160 0.174347 0.246915 0.073738 0.063558 0.196601 0.137767 0.037487 0.048650 
0.005051 0.026266 0.158979 0.280383 0.128235 0.030659 0.141259 0.150150 0.039187 0.039831 
0.011357 0.055853 0.157052 0.332568 0.068267 0.029721 0.088313 0.147490 0.033966 0.075411 
0.003906 0.021499 0.175296 0.224820 0.157877 0.054588 0.085997 0.167292 0.048151 0.060572 
0.003433 0.014353 0.154406 0.110636 0.180232 0.119877 0.088896 0.209259 0.040009 0.078899 
0.003645 0.024124 0.069552 0.266736 0.217900 0.096403 0.070628 0.122590 0.062009 0.066414 
0.005192 0.019054 0.056384 0.356310 0.093759 0.125662 0.108822 0.097238 0.063363 0.074217 
0.000850 0.020558 0.075256 0.375682 0.138993 0.127904 0.077777 0.081775 0.044717 0.056488 
0.004450 0.036985 0.080279 0.342904 0.178676 0.103185 0.065601 0.084585 0.018196 0.085139 
0.003960 0.028470 0.036465 0.416290 0.205609 0.065991 0.097961 0.065354 0.021768 0.058133 
0.003842 0.043392 0.223877 0.210920 0.115306 0.062868 0.115704 0.101141 0.062225 0.060726 
0.010441 0.062063 0.177086 0.243619 0.146745 0.041420 0.087402 0.176462 0.021179 0.033582 
0.008138 0.047468 0.135680 0.316424 0.075333 0.031860 0.080102 0.173571 0.071904 0.059520 
0.006332 0.036546 0.122640 0.330363 0.051961 0.095106 0.087291 0.093510 0.125045 0.051205 
0.003338 0.015082 0.127757 0.329613 0.065512 0.208740 0.075017 0.077216 0.074256 0.023469 
0.002581 0.017478 0.076070 0.399605 0.094607 0.210836 0.066865 0.049571 0.062754 0.019634 
0.004225 0.020771 0.055493 0.486191 0.085095 0.134162 0.078758 0.027188 0.071732 0.036386 
0.028976 0.118287 0.237742 0.239159 0.097920 0.050348 0.070576 0.047953 0.073428 0.035610 
0.000309 0.012600 0.227909 0.331969 0.101334 0.087655 0.049825 0.090799 0.050090 0.047511 
0.008689 0.041031 0.209699 0.250782 0.079502 0.065888 0.071331 0.154283 0.058115 0.060680 
0.009787 0.037613 0.203262 0.199298 0.133914 0.045848 0.055879 0.204367 0.080561 0.029471 
0.003383 0.022906 0.107448 0.186169 0.073920 0.061884 0.330843 0.126461 0.030230 0.056756 
0.001595 0.011242 0.059497 0.305145 0.061910 0.038408 0.342416 0.069116 0.042527 0.068143 
0.011419 0.049187 0.148870 0.304128 0.116780 0.064499 0.132153 0.065616 0.056589 0.050759 
0.015597 0.078723 0.191746 0.234405 0.162146 0.071479 0.071880 0.114706 0.032974 0.026344 
0.012258 0.058608 0.134282 0.347177 0.095087 0.027045 0.122600 0.098786 0.031281 0.072876 
0.003709 0.018205 0.167171 0.265109 0.200162 0.035301 0.078946 0.106515 0.077139 0.047743 
0.000654 0.029142 0.272155 0.224954 0.158454 0.059221 0.039651 0.095097 0.093259 0.027414 
0.011383 0.051663 0.318049 0.182100 0.130365 0.082280 0.076638 0.062556 0.038854 0.046112 
0.005699 0.031853 0.161413 0.310907 0.144381 0.051395 0.141074 0.049747 0.058042 0.045488 
0.007881 0.029445 0.188331 0.251286 0.078122 0.045015 0.234506 0.058659 0.053145 0.053609 
0.006545 0.034019 0.217774 0.250359 0.083208 0.061735 0.131800 0.071242 0.102298 0.041020 
0.005409 0.046526 0.243205 0.144690 0.111673 0.090979 0.116448 0.134863 0.075427 0.030780 
0.006852 0.044689 0.253415 0.132925 0.115338 0.063565 0.099043 0.141146 0.104853 0.038175 
0.001154 0.026551 0.233446 0.308416 0.120525 0.048305 0.076873 0.097571 0.052588 0.034573 
0.001481 0.033692 0.348290 0.271328 0.118585 0.040450 0.056615 0.071560 0.026730 0.031269 
0.014099 0.081847 0.343611 0.210599 0.149456 0.069085 0.034474 0.040440 0.030272 0.026117 
0.015405 0.063012 0.435684 0.226018 0.070185 0.032323 0.024892 0.044130 0.030981 0.057369 
0.001736 0.027903 0.284174 0.244583 0.085868 0.046566 0.134134 0.054615 0.057094 0.063327 
0.017365 0.042949 0.346995 0.209447 0.068067 0.118056 0.056669 0.064128 0.052440 0.023884 
0.002252 0.031952 0.378000 0.223965 0.067635 0.108127 0.064633 0.069630 0.031922 0.021883 
0.006177 0.019855 0.249714 0.231653 0.075254 0.143644 0.113599 0.065350 0.061854 0.032901 
0.004635 0.021156 0.150938 0.290298 0.091541 0.147303 0.121855 0.079250 0.064300 0.028724 
0.010035 0.030512 0.126686 0.303880 0.085334 0.112047 0.080705 0.137872 0.080627 0.032302 
0.009789 0.027608 0.088851 0.243250 0.205265 0.045227 0.100170 0.166471 0.065006 0.048363 
0.000995 0.035622 0.119429 0.329154 0.152635 0.053740 0.063956 0.150611 0.071565 0.022292 
0.010613 0.028172 0.184638 0.354723 0.087655 0.091716 0.046725 0.120322 0.054520 0.020916 
0.011709 0.048915 0.091665 0.501934 0.109683 0.056018 0.066049 0.054696 0.035585 0.023746 
0.017271 0.043829 0.061730 0.524693 0.106510 0.107584 0.047429 0.050389 0.014238 0.026327 
0.001583 0.016401 0.066771 0.385765 0.170639 0.129760 0.068365 0.075737 0.023812 0.061166 
0.007034 0.021540 0.073097 0.315869 0.093554 0.225665 0.037726 0.078672 0.055949 0.090894 
0.064855 0.053310 0.187543 0.248079 0.064407 0.121958 0.068944 0.049815 0.081291 0.059798 
0.011737 0.043109 0.123210 0.371674 0.118772 0.040839 0.081817 0.067124 0.075965 0.065753 
0.018776 0.034004 0.113642 0.471648 0.087209 0.037891 0.071950 0.055817 0.039561 0.069501 
0.003671 0.028752 0.087761 0.535225 0.069449 0.047478 0.065482 0.045344 0.067696 0.049141 
0.015321 0.052255 0.263880 0.346972 0.122781 0.040729 0.027647 0.039688 0.035312 0.055416 
0.000353 0.045965 0.296374 0.390563 0.070338 0.056145 0.045924 0.037515 0.032204 0.024618 
0.010240 0.036278 0.200108 0.286192 0.231296 0.068280 0.091825 0.043030 0.024544 0.008207 
0.004818 0.015414 0.299883 0.136524 0.270713 0.055718 0.141427 0.032886 0.032256 0.010361 
0.006720 0.046133 0.291450 0.249050 0.276270 0.046725 0.041759 0.011693 0.021841 0.008360 
0.017414 0.055015 0.372095 0.243748 0.192905 0.046839 0.024336 0.018836 0.019780 0.009033 
0.000839 0.039320 0.409654 0.261036 0.163838 0.038241 0.031670 0.015732 0.030978 0.008692 
0.007356 0.055521 0.358228 0.300331 0.155273 0.031104 0.034517 0.011335 0.032714 0.013620 
0.008259 0.022001 0.386175 0.180976 0.162554 0.080945 0.054194 0.042478 0.042067 0.020351 
0.007190 0.028342 0.281374 0.226457 0.117171 0.045177 0.051415 0.096539 0.064418 0.081917 
0.002980 0.011358 0.071089 0.491588 0.097959 0.089227 0.041693 0.049688 0.081665 0.062753 
0.002510 0.005032 0.074095 0.484955 0.129067 0.098576 0.047414 0.039016 0.077081 0.042253 
