Snow-Hey-Oh,RHCP
0.000000 0.000000 0.000000 0.000000 0.000000 0.000000 0.000000 0.000000 0.000000 0.000000 
0.000000 0.000000 0.000000 0.000000 0.000000 0.000000 0.000000 0.000000 0.000000 0.000000 
0.000000 0.000000 0.000000 0.000000 0.000000 0.000000 0.000000 0.000000 0.000000 0.000000 
0.000000 0.000000 0.000000 0.000000 0.000000 0.000000 0.000000 0.000000 0.000000 0.000000 
0.047160 0.179866 0.225735 0.120293 0.047436 0.084313 0.135747 0.056447 0.066984 0.036019 
0.026178 0.137313 0.243156 0.246841 0.113673 0.041812 0.084347 0.050939 0.029914 0.025827 
0.010547 0.053129 0.214934 0.157050 0.189719 0.059552 0.079197 0.167128 0.045683 0.023061 
0.008552 0.048184 0.361563 0.126517 0.152379 0.043017 0.059713 0.087745 0.083960 0.028370 
0.004074 0.033611 0.373883 0.106789 0.191134 0.061427 0.046140 0.086491 0.065226 0.031225 
0.016626 0.076097 0.392118 0.161300 0.158978 0.043456 0.017800 0.068415 0.049104 0.016106 
0.004624 0.025685 0.350998 0.220760 0.161302 0.086957 0.012831 0.061955 0.046822 0.028066 
0.011925 0.056245 0.267243 0.258373 0.197304 0.067409 0.024980 0.050901 0.033761 0.031859 
0.001980 0.015905 0.327741 0.225723 0.226731 0.069276 0.024484 0.043380 0.038872 0.025909 
0.005919 0.031614 0.226592 0.328936 0.142099 0.158382 0.018135 0.030305 0.034851 0.023167 
0.004683 0.027008 0.221054 0.358689 0.134882 0.133056 0.030329 0.027382 0.037452 0.025464 
0.014227 0.066533 0.264244 0.235653 0.106989 0.154000 0.051634 0.040177 0.043814 0.022728 
0.010617 0.046543 0.244456 0.263792 0.128445 0.186139 0.013627 0.030672 0.042790 0.032918 
0.005797 0.023832 0.250699 0.274348 0.176470 0.160539 0.023563 0.024697 0.038582 0.021474 
0.004536 0.028200 0.224798 0.193812 0.185390 0.154623 0.090333 0.031558 0.061428 0.025321 
0.001443 0.018764 0.088859 0.346393 0.056316 0.202072 0.160477 0.031156 0.070827 0.023693 
0.006479 0.029632 0.070343 0.381607 0.083238 0.190871 0.091486 0.038382 0.088039 0.019922 
0.003714 0.014306 0.042718 0.512761 0.027034 0.051287 0.250988 0.033458 0.023544 0.040189 
0.007801 0.031430 0.049456 0.475935 0.031380 0.088397 0.211721 0.032162 0.028552 0.043165 
0.009829 0.045127 0.110710 0.404593 0.056081 0.141064 0.087814 0.050253 0.060479 0.034049 
0.011249 0.041048 0.098878 0.491226 0.037124 0.087619 0.101458 0.044157 0.056072 0.031170 
0.006225 0.029365 0.203265 0.271257 0.171642 0.122049 0.058988 0.039005 0.066110 0.032093 
0.000845 0.015854 0.162104 0.304832 0.186979 0.132180 0.053834 0.050423 0.054466 0.038484 
0.007799 0.033058 0.261735 0.278655 0.147165 0.114874 0.042266 0.031220 0.056594 0.026632 
0.007752 0.034297 0.127308 0.434040 0.055515 0.150759 0.108796 0.018868 0.043409 0.019258 
0.014108 0.061814 0.135416 0.508873 0.062684 0.159139 0.015830 0.006657 0.025519 0.009961 
0.012995 0.049116 0.134255 0.494698 0.061299 0.141928 0.047683 0.021135 0.023736 0.013156 
0.000456 0.006737 0.285667 0.351918 0.110644 0.059108 0.046129 0.093252 0.019768 0.026323 
0.006387 0.034048 0.319098 0.320188 0.134678 0.033122 0.010274 0.084355 0.040584 0.017268 
0.005821 0.029394 0.321452 0.267201 0.150483 0.041185 0.024976 0.093447 0.048841 0.017201 
0.017352 0.072259 0.314927 0.244698 0.136904 0.070812 0.029888 0.072513 0.028852 0.011795 
0.015582 0.076040 0.258695 0.303047 0.182926 0.044674 0.015789 0.063613 0.017845 0.021789 
0.003722 0.027978 0.231377 0.346807 0.203793 0.043478 0.020029 0.064107 0.028890 0.029819 
0.015390 0.070116 0.267058 0.258198 0.134968 0.130446 0.038272 0.032091 0.038219 0.015243 
0.004851 0.034471 0.215760 0.322998 0.171135 0.129939 0.031675 0.030250 0.037963 0.020958 
0.012138 0.058575 0.238021 0.314697 0.176722 0.119593 0.023909 0.014399 0.029532 0.012414 
0.016879 0.083851 0.290004 0.259664 0.123419 0.133919 0.018656 0.030160 0.021197 0.022252 
0.013790 0.061903 0.273200 0.288061 0.162634 0.127973 0.013129 0.020859 0.012658 0.025794 
0.013830 0.059641 0.217734 0.321671 0.129385 0.138907 0.040513 0.021745 0.030491 0.026083 
0.005813 0.047030 0.169936 0.241281 0.079427 0.181734 0.148836 0.032330 0.071574 0.022039 
0.012617 0.055760 0.102073 0.369792 0.032177 0.195542 0.107275 0.048840 0.068552 0.007371 
0.002066 0.015543 0.045234 0.483345 0.034555 0.060631 0.240122 0.032948 0.028112 0.057443 
0.006289 0.024695 0.042332 0.479756 0.049500 0.040610 0.248919 0.031712 0.020873 0.055314 
0.009236 0.040224 0.104722 0.494255 0.083421 0.159023 0.050904 0.021468 0.025648 0.011100 
0.009554 0.039915 0.106797 0.487116 0.093895 0.120712 0.048520 0.040599 0.036426 0.016466 
0.011810 0.051844 0.117749 0.472192 0.083306 0.125046 0.050799 0.036365 0.031784 0.019104 
0.012509 0.052671 0.206066 0.356513 0.120729 0.113552 0.045807 0.029560 0.036612 0.025981 
0.012103 0.053249 0.159350 0.391865 0.179544 0.104000 0.016334 0.022538 0.025036 0.035981 
0.000296 0.007021 0.136921 0.344772 0.095363 0.207292 0.103537 0.019327 0.071892 0.013579 
0.015147 0.063483 0.093749 0.423090 0.046647 0.199259 0.045405 0.019375 0.079588 0.014258 
0.013442 0.058003 0.118665 0.450895 0.063141 0.186593 0.014165 0.010649 0.069288 0.015160 
0.013965 0.064017 0.123660 0.461042 0.067529 0.167759 0.022856 0.016516 0.050517 0.012138 
0.004608 0.027643 0.291956 0.325022 0.047088 0.106089 0.069951 0.036972 0.039482 0.051188 
0.017469 0.107530 0.460856 0.132045 0.055833 0.082200 0.038941 0.038509 0.022030 0.044587 
0.007916 0.069406 0.473908 0.182108 0.034809 0.066588 0.043269 0.037392 0.040828 0.043775 
0.012804 0.080800 0.451301 0.190362 0.083353 0.050846 0.013799 0.030513 0.051947 0.034275 
0.006788 0.053961 0.500680 0.192703 0.071195 0.030224 0.033572 0.024665 0.048965 0.037247 
0.016420 0.090132 0.509850 0.172090 0.070785 0.030177 0.021619 0.017976 0.040025 0.030927 
0.011411 0.050630 0.474157 0.121858 0.180104 0.045464 0.031073 0.027545 0.041784 0.015975 
0.003583 0.022647 0.449360 0.147076 0.219131 0.049049 0.030288 0.024231 0.042828 0.011805 
0.016763 0.084866 0.399931 0.119131 0.216687 0.040133 0.026857 0.025081 0.048682 0.021870 
0.009490 0.045715 0.425581 0.149521 0.227937 0.020546 0.027843 0.047996 0.034574 0.010797 
0.008162 0.048011 0.412597 0.154153 0.242230 0.021322 0.030928 0.050797 0.020604 0.011195 
0.017738 0.101073 0.402144 0.076594 0.240242 0.042963 0.041919 0.022333 0.023164 0.031830 
0.005568 0.027214 0.317794 0.090033 0.304373 0.082935 0.070620 0.038354 0.039788 0.023321 
0.013005 0.061629 0.265826 0.287900 0.215224 0.052293 0.040265 0.038773 0.010937 0.014147 
0.008262 0.039636 0.180403 0.348458 0.247072 0.096101 0.021095 0.032523 0.012932 0.013517 
0.006466 0.032129 0.321139 0.147955 0.270209 0.075833 0.060960 0.025404 0.042344 0.017563 
0.017798 0.076079 0.446767 0.120796 0.208406 0.020614 0.028054 0.017564 0.043233 0.020688 
0.004241 0.032332 0.401907 0.156948 0.264192 0.023262 0.035320 0.023442 0.036192 0.022163 
0.001642 0.014566 0.412455 0.107237 0.257105 0.046923 0.046606 0.031658 0.057145 0.024664 
0.006082 0.026360 0.376271 0.175107 0.216418 0.042092 0.038120 0.029228 0.068623 0.021699 
0.007757 0.042448 0.359679 0.194935 0.218725 0.040741 0.030339 0.041712 0.048474 0.015189 
0.006219 0.028628 0.380249 0.036580 0.341857 0.037402 0.068671 0.034420 0.050462 0.015511 
0.009025 0.042847 0.333484 0.136804 0.268400 0.060000 0.060004 0.039656 0.038523 0.011258 
0.012691 0.066014 0.406082 0.145744 0.257459 0.016857 0.037109 0.014064 0.039665 0.004315 
0.016407 0.071629 0.380802 0.124605 0.162341 0.021836 0.020187 0.134295 0.046942 0.020955 
0.001090 0.017356 0.380337 0.144635 0.176044 0.031296 0.075283 0.131515 0.026120 0.016324 
0.010162 0.051870 0.454838 0.172258 0.135424 0.022781 0.046707 0.014437 0.066651 0.024873 
0.004599 0.033663 0.387479 0.239763 0.122083 0.072639 0.034050 0.028426 0.058730 0.018568 
0.010296 0.052321 0.412870 0.204561 0.094047 0.081541 0.044808 0.035054 0.050284 0.014217 
0.009098 0.044790 0.395378 0.252688 0.089402 0.095046 0.038140 0.027511 0.033270 0.014678 
0.002676 0.012002 0.088506 0.411518 0.113151 0.099459 0.178656 0.042838 0.022628 0.028565 
0.000398 0.006418 0.053097 0.573694 0.027751 0.063819 0.213234 0.018495 0.007824 0.035269 
0.000577 0.007830 0.047852 0.587482 0.019589 0.069047 0.181867 0.024909 0.024022 0.036825 
0.009690 0.048873 0.115409 0.514784 0.058330 0.086382 0.121529 0.016952 0.008577 0.019473 
0.001485 0.007483 0.032992 0.599005 0.068448 0.117753 0.101491 0.026762 0.018932 0.025647 
0.002584 0.012951 0.046294 0.612879 0.053168 0.114747 0.103238 0.032696 0.004986 0.016458 
0.016069 0.073463 0.092501 0.295678 0.153340 0.094120 0.157904 0.071635 0.029440 0.015849 
0.007723 0.038339 0.042607 0.394640 0.182325 0.049509 0.137440 0.095668 0.030926 0.020823 
0.008041 0.032006 0.053587 0.328640 0.322230 0.056462 0.044369 0.142188 0.007388 0.005090 
0.008627 0.039150 0.079404 0.385257 0.226230 0.067095 0.076619 0.062228 0.025446 0.029944 
0.005774 0.026098 0.055629 0.600585 0.103453 0.064969 0.097942 0.020249 0.007782 0.017519 
0.005255 0.022984 0.073481 0.654063 0.033084 0.055129 0.097653 0.035696 0.006033 0.016624 
0.001608 0.008343 0.038993 0.644229 0.070336 0.039672 0.135749 0.025631 0.021228 0.014211 
0.000298 0.010630 0.097413 0.577100 0.040558 0.097148 0.093668 0.036623 0.024227 0.022336 
0.007828 0.031728 0.063556 0.579199 0.037211 0.099113 0.108343 0.025071 0.024608 0.023343 
0.000541 0.014960 0.079284 0.444661 0.152909 0.115202 0.053974 0.052401 0.047243 0.038826 
0.000536 0.013776 0.067707 0.512816 0.028191 0.057319 0.192799 0.055315 0.031718 0.039824 
0.002840 0.016839 0.070800 0.523871 0.084855 0.041243 0.156534 0.050814 0.039162 0.013042 
0.015627 0.071163 0.134097 0.486847 0.064740 0.081271 0.075868 0.030927 0.027793 0.011667 
0.016610 0.085727 0.282237 0.257797 0.109652 0.078049 0.027966 0.063971 0.069850 0.008142 
0.020175 0.091324 0.303267 0.252634 0.126417 0.053785 0.029006 0.051841 0.064947 0.006604 
0.006485 0.034021 0.332266 0.280585 0.133330 0.055098 0.022133 0.055222 0.066744 0.014115 
0.002149 0.018065 0.329979 0.263985 0.142769 0.076912 0.028458 0.051468 0.057272 0.028943 
0.011354 0.054586 0.247294 0.283136 0.176159 0.075417 0.037115 0.038377 0.055427 0.021135 
0.006885 0.031131 0.284934 0.310668 0.186596 0.055297 0.016289 0.028439 0.050993 0.028768 
0.007732 0.040731 0.245520 0.299796 0.118492 0.126959 0.049530 0.044903 0.027606 0.038731 
0.004641 0.023607 0.205520 0.378033 0.118921 0.150516 0.029350 0.026880 0.039991 0.022540 
0.010998 0.050462 0.238747 0.352565 0.112633 0.135844 0.024089 0.019799 0.034170 0.020691 
0.011227 0.050447 0.239693 0.324150 0.100055 0.125675 0.045003 0.034736 0.051169 0.017844 
0.011371 0.049451 0.197924 0.356097 0.173677 0.109570 0.018820 0.021724 0.034733 0.026632 
0.014135 0.061028 0.233542 0.348559 0.125942 0.120561 0.020794 0.024424 0.031176 0.019839 
0.007427 0.037019 0.160655 0.247698 0.075850 0.198545 0.159901 0.029149 0.060023 0.023732 
0.009637 0.043690 0.083477 0.360892 0.070970 0.225754 0.077473 0.029413 0.077639 0.021054 
0.008926 0.039494 0.068395 0.401441 0.092910 0.132964 0.161707 0.035891 0.046798 0.011474 
0.001670 0.015465 0.036063 0.612681 0.026161 0.036232 0.190777 0.018773 0.016097 0.046081 
0.000027 0.003466 0.046723 0.447284 0.100858 0.141686 0.166719 0.038702 0.025044 0.029492 
0.013309 0.061001 0.129151 0.475539 0.058168 0.180589 0.033575 0.007382 0.032050 0.009236 
0.012851 0.052947 0.140443 0.499779 0.084851 0.124133 0.026253 0.017720 0.029354 0.011671 
0.007602 0.037674 0.091686 0.497486 0.133813 0.133379 0.020586 0.017263 0.029432 0.031080 
0.007851 0.033074 0.058247 0.530053 0.108947 0.150508 0.030312 0.015376 0.039603 0.026028 
0.007220 0.029838 0.109328 0.328956 0.201080 0.100224 0.068327 0.060499 0.048855 0.045673 
0.004131 0.017005 0.114570 0.428481 0.108627 0.214108 0.011725 0.021636 0.062545 0.017170 
0.007435 0.035285 0.133806 0.399457 0.125114 0.153320 0.039111 0.036522 0.058328 0.011623 
0.001838 0.016743 0.120527 0.412797 0.125155 0.182301 0.034129 0.035131 0.050270 0.021109 
0.003978 0.028674 0.211023 0.334932 0.099175 0.133202 0.040324 0.077164 0.044454 0.027075 
0.004927 0.032167 0.218969 0.312178 0.105499 0.143920 0.041436 0.076555 0.040978 0.023371 
0.002657 0.023038 0.225178 0.322281 0.131693 0.119457 0.054644 0.071528 0.035596 0.013928 
0.002176 0.013955 0.252511 0.346947 0.140669 0.122117 0.006610 0.062475 0.028798 0.023740 
0.007274 0.034759 0.243437 0.338423 0.165284 0.094494 0.016127 0.053133 0.022410 0.024659 
0.016280 0.073633 0.256288 0.312768 0.126048 0.115480 0.013097 0.058187 0.012341 0.015878 
0.007085 0.036751 0.252071 0.273689 0.156942 0.095971 0.057143 0.066039 0.032646 0.021661 
0.013623 0.064292 0.251916 0.287918 0.180832 0.108369 0.015148 0.038085 0.023677 0.016140 
0.018871 0.084417 0.254214 0.274876 0.124626 0.124650 0.029920 0.043339 0.018397 0.026692 
0.005329 0.026521 0.304291 0.292303 0.141443 0.126740 0.004944 0.053208 0.024228 0.020993 
0.008002 0.035981 0.313572 0.272180 0.152577 0.099652 0.016606 0.052256 0.025655 0.023519 
0.007918 0.038114 0.224195 0.314869 0.124569 0.141215 0.046393 0.055714 0.023796 0.023216 
0.006880 0.035248 0.159146 0.262068 0.082805 0.173990 0.162535 0.038917 0.050929 0.027482 
0.010071 0.043388 0.088605 0.399346 0.064631 0.200510 0.087967 0.031370 0.065718 0.008394 
0.000388 0.003972 0.066004 0.477087 0.098176 0.071162 0.190515 0.030754 0.032924 0.029017 
0.003655 0.015880 0.035894 0.549078 0.066820 0.062042 0.175238 0.032810 0.025266 0.033318 
0.013355 0.054880 0.118718 0.471746 0.093246 0.056563 0.085807 0.048901 0.039688 0.017096 
0.009502 0.041297 0.116973 0.549057 0.110853 0.051022 0.044657 0.032128 0.026459 0.018052 
0.013153 0.047852 0.115294 0.488660 0.101092 0.104685 0.036834 0.035195 0.035956 0.021278 
0.009777 0.040954 0.185799 0.453795 0.111945 0.088381 0.029341 0.024789 0.030414 0.024805 
0.002089 0.004576 0.061810 0.532873 0.147935 0.118860 0.033918 0.036751 0.032069 0.029119 
0.000883 0.008363 0.151573 0.290610 0.126824 0.184397 0.119114 0.041681 0.055730 0.020824 
0.009544 0.039505 0.117154 0.421116 0.070588 0.200657 0.030750 0.011911 0.072305 0.026472 
0.010814 0.047531 0.126615 0.447021 0.067478 0.193958 0.016212 0.010128 0.065596 0.014647 
0.009947 0.044265 0.148878 0.437584 0.085636 0.179165 0.010051 0.010382 0.054499 0.019593 
0.012003 0.052467 0.310391 0.310658 0.048514 0.124165 0.051945 0.033563 0.024553 0.031741 
0.019076 0.104278 0.377359 0.191174 0.081005 0.109418 0.029788 0.030249 0.021123 0.036530 
0.007181 0.068856 0.393920 0.202587 0.095937 0.065216 0.047283 0.037808 0.042338 0.038874 
0.022890 0.119826 0.434651 0.144710 0.124513 0.039295 0.036628 0.029034 0.036003 0.012449 
0.016191 0.085579 0.487474 0.134982 0.134878 0.044957 0.018121 0.029023 0.034593 0.014203 
0.017491 0.093585 0.461332 0.187743 0.110964 0.045471 0.007355 0.034099 0.027237 0.014725 
0.000162 0.018473 0.463667 0.175946 0.188345 0.038776 0.026258 0.048508 0.027613 0.012252 
0.025837 0.131316 0.367170 0.159419 0.207484 0.025337 0.025863 0.026861 0.023009 0.007704 
0.010636 0.059239 0.449815 0.125238 0.210430 0.037760 0.025118 0.040481 0.025301 0.015981 
0.012166 0.068525 0.416100 0.186733 0.159597 0.038308 0.011861 0.060831 0.035038 0.010841 
0.007649 0.049978 0.428394 0.213544 0.171453 0.035852 0.013315 0.038322 0.031784 0.009709 
0.000645 0.021430 0.376786 0.163740 0.272624 0.025751 0.042416 0.039731 0.030829 0.026048 
0.006225 0.029690 0.332885 0.056744 0.287864 0.069248 0.066142 0.042887 0.078469 0.029846 
0.015660 0.073508 0.333849 0.128628 0.213149 0.064062 0.039336 0.030553 0.057833 0.043422 
0.016381 0.074734 0.214541 0.282511 0.154865 0.108224 0.038157 0.037428 0.032485 0.040676 
0.003121 0.016106 0.353085 0.151229 0.275066 0.041154 0.055972 0.030868 0.054233 0.019165 
0.014097 0.063540 0.407636 0.165257 0.205764 0.026278 0.031087 0.018715 0.058325 0.009301 
0.008722 0.042947 0.414504 0.121919 0.185235 0.049005 0.056822 0.030920 0.066674 0.023251 
0.010293 0.059101 0.418695 0.141644 0.171502 0.039905 0.046238 0.035335 0.067747 0.009540 
0.006105 0.031760 0.346410 0.156308 0.212727 0.044263 0.054266 0.058987 0.071846 0.017327 
0.007517 0.045815 0.353712 0.176894 0.221144 0.036104 0.025264 0.058740 0.066013 0.008796 
0.003676 0.015652 0.363616 0.112961 0.314329 0.044019 0.056893 0.032588 0.043654 0.012612 
0.007727 0.041315 0.383465 0.132062 0.322133 0.010767 0.043765 0.016088 0.032609 0.010068 
0.000148 0.022437 0.354950 0.121479 0.285779 0.054966 0.065439 0.044811 0.033869 0.016122 
0.007854 0.048199 0.336587 0.132528 0.237529 0.054866 0.074139 0.055769 0.044607 0.007921 
0.013802 0.102240 0.346284 0.209969 0.121586 0.050243 0.048958 0.035418 0.048148 0.023352 
0.022300 0.147281 0.435211 0.180053 0.045483 0.036480 0.039620 0.028812 0.040463 0.024297 
0.032311 0.185987 0.411264 0.184341 0.045204 0.033015 0.032109 0.032528 0.026249 0.016992 
0.030670 0.176744 0.401421 0.181731 0.042486 0.019182 0.026426 0.065316 0.016357 0.039666 
0.013838 0.081999 0.393003 0.201118 0.093278 0.022957 0.036931 0.077396 0.039035 0.040444 
0.007892 0.072019 0.428563 0.212799 0.083825 0.016791 0.033986 0.087439 0.023799 0.032886 
0.003584 0.042588 0.451133 0.137006 0.169461 0.045096 0.037937 0.048746 0.039802 0.024647 
0.002296 0.022429 0.463035 0.142164 0.181806 0.046635 0.034509 0.039637 0.033828 0.033660 
0.008646 0.033050 0.425840 0.165087 0.206182 0.018250 0.029008 0.047386 0.044539 0.022010 
0.000788 0.020232 0.099800 0.309697 0.131398 0.103711 0.135133 0.124149 0.045315 0.029776 
0.007507 0.026607 0.106322 0.325030 0.199816 0.060669 0.075199 0.080227 0.073008 0.045616 
0.005313 0.055194 0.379941 0.166563 0.146325 0.044436 0.097424 0.048568 0.039648 0.016587 
0.012122 0.097664 0.226946 0.209629 0.121907 0.046239 0.172006 0.022790 0.059481 0.031215 
0.017245 0.090791 0.245619 0.198491 0.089126 0.048465 0.150781 0.025749 0.077240 0.056492 
0.011645 0.072719 0.320618 0.186075 0.084897 0.037021 0.140614 0.031069 0.067107 0.048236 
0.003414 0.057398 0.316827 0.174439 0.079764 0.057676 0.157825 0.032741 0.070521 0.049395 
0.001095 0.039723 0.282431 0.167081 0.078959 0.056241 0.185900 0.024417 0.093140 0.071012 
0.004549 0.072538 0.218324 0.169808 0.126904 0.064839 0.176853 0.036121 0.082742 0.047322 
0.013311 0.095612 0.282769 0.138324 0.125206 0.038347 0.176593 0.044599 0.031945 0.053294 
0.012272 0.072331 0.258897 0.056062 0.146582 0.055694 0.240501 0.052698 0.079349 0.025614 
0.014129 0.071248 0.249153 0.098243 0.138592 0.048591 0.184372 0.041964 0.089353 0.064356 
0.008229 0.065703 0.281793 0.148893 0.115135 0.082833 0.217587 0.020951 0.034123 0.024754 
0.005777 0.051795 0.240747 0.157737 0.158484 0.046910 0.187630 0.042247 0.037699 0.070973 
0.010254 0.063730 0.181500 0.145992 0.150860 0.052123 0.204238 0.050018 0.054668 0.086617 
0.007475 0.052964 0.204284 0.167553 0.195821 0.057923 0.163726 0.027204 0.066846 0.056203 
0.003989 0.032906 0.201311 0.195525 0.180013 0.048412 0.180092 0.043918 0.054939 0.058896 
0.002068 0.034033 0.265596 0.180603 0.097868 0.064889 0.216217 0.045484 0.045107 0.048136 
0.007247 0.052410 0.253718 0.143899 0.103117 0.037197 0.238995 0.055206 0.039213 0.068997 
0.008470 0.061402 0.194947 0.160075 0.213402 0.059152 0.174694 0.018062 0.051880 0.057915 
0.000320 0.031176 0.176237 0.113631 0.192942 0.079360 0.201395 0.038213 0.098019 0.068707 
0.007255 0.043271 0.194830 0.069574 0.192947 0.080128 0.178370 0.043898 0.104803 0.084924 
0.011651 0.070648 0.213543 0.075091 0.171762 0.065506 0.273256 0.038646 0.037029 0.042869 
0.006196 0.041080 0.281802 0.075745 0.210328 0.067917 0.183366 0.039866 0.038486 0.055215 
0.004073 0.035983 0.218521 0.112230 0.205889 0.031707 0.237275 0.044816 0.049246 0.060260 
0.000301 0.037198 0.208610 0.172573 0.165503 0.032496 0.235405 0.057637 0.032228 0.058049 
0.012977 0.059456 0.186773 0.192811 0.114228 0.041346 0.200385 0.034516 0.079870 0.077638 
0.010662 0.059989 0.148433 0.194405 0.098721 0.065861 0.229634 0.010887 0.085519 0.095889 
0.001910 0.033359 0.247909 0.148267 0.079238 0.088263 0.248330 0.039923 0.062828 0.049974 
0.002714 0.030809 0.207107 0.139204 0.110489 0.070292 0.250316 0.038233 0.100375 0.050461 
0.004539 0.047693 0.156927 0.167200 0.074353 0.055905 0.206714 0.050326 0.134437 0.101906 
0.000769 0.034535 0.185720 0.196777 0.074993 0.026509 0.186556 0.060118 0.151683 0.082340 
0.000138 0.032630 0.209067 0.142074 0.087578 0.029104 0.220417 0.068746 0.111671 0.098574 
0.001257 0.052265 0.211220 0.063745 0.165382 0.060162 0.270883 0.066345 0.068742 0.040000 
0.006411 0.048500 0.176583 0.085923 0.177499 0.108573 0.267083 0.030487 0.033713 0.065228 
0.001400 0.037785 0.140726 0.121135 0.199027 0.064512 0.232587 0.061608 0.075380 0.065840 
0.000302 0.038911 0.147926 0.129431 0.232197 0.069147 0.212019 0.040725 0.088033 0.041308 
0.003367 0.033547 0.182986 0.137767 0.176235 0.072766 0.212070 0.048915 0.073809 0.058537 
0.001710 0.054664 0.121196 0.154047 0.133173 0.046029 0.228720 0.069854 0.096673 0.093934 
0.000788 0.041108 0.121436 0.215906 0.182839 0.051344 0.193481 0.042895 0.070030 0.080173 
0.003425 0.029360 0.174317 0.223789 0.205575 0.067017 0.190128 0.047467 0.020675 0.038246 
0.003752 0.038229 0.138137 0.220387 0.195123 0.106853 0.207878 0.025518 0.035009 0.029113 
0.004992 0.030683 0.154980 0.165076 0.226597 0.061850 0.194313 0.051386 0.066571 0.043552 
0.003963 0.037896 0.119468 0.158325 0.221256 0.096894 0.200992 0.054071 0.067962 0.039173 
0.006502 0.037300 0.122244 0.166559 0.221266 0.049178 0.217273 0.044933 0.075214 0.059531 
0.002970 0.021089 0.157438 0.165374 0.164301 0.044419 0.205944 0.048876 0.114816 0.074772 
0.003616 0.040040 0.144542 0.132442 0.189001 0.054874 0.248712 0.061103 0.087996 0.037673 
0.007152 0.047825 0.162325 0.064787 0.182908 0.072126 0.305874 0.054509 0.051721 0.050772 
0.005096 0.035605 0.141188 0.079177 0.181920 0.052398 0.296578 0.067996 0.087369 0.052674 
0.004054 0.034744 0.117562 0.154086 0.179242 0.088252 0.280487 0.055602 0.031593 0.054378 
0.005792 0.039942 0.138451 0.162698 0.162000 0.078165 0.230868 0.035090 0.071210 0.075784 
0.003701 0.033210 0.162247 0.143954 0.121595 0.042134 0.243636 0.047504 0.119228 0.082791 
0.002390 0.039379 0.133048 0.141054 0.075711 0.077432 0.281750 0.060444 0.111228 0.077564 
0.003397 0.031496 0.134283 0.183829 0.069218 0.066948 0.299582 0.069365 0.075258 0.066624 
0.001227 0.027063 0.087725 0.218724 0.125299 0.048160 0.295472 0.076568 0.055460 0.064303 
0.008476 0.046980 0.091459 0.172143 0.148088 0.100292 0.220651 0.053281 0.108371 0.050259 
0.004632 0.028977 0.100794 0.152912 0.193171 0.088032 0.232671 0.041099 0.090074 0.067637 
0.006686 0.038034 0.109983 0.139805 0.248822 0.052436 0.259127 0.049217 0.051173 0.044716 
0.008081 0.043801 0.082210 0.151884 0.172628 0.096729 0.278217 0.047440 0.051014 0.067996 
0.000204 0.026032 0.059044 0.157522 0.176178 0.055537 0.267251 0.080053 0.104011 0.074169 
0.002395 0.022834 0.041865 0.137186 0.282644 0.103930 0.230333 0.044398 0.074317 0.060098 
0.001716 0.023441 0.067097 0.072096 0.257745 0.162341 0.276140 0.033638 0.044637 0.061149 
0.003347 0.024086 0.080780 0.062132 0.276278 0.079626 0.314350 0.064717 0.041867 0.052816 
0.000031 0.022720 0.068240 0.105035 0.256187 0.108040 0.294030 0.051740 0.023266 0.070711 
0.004382 0.019614 0.094284 0.132556 0.234896 0.101472 0.287124 0.035298 0.043293 0.047081 
0.001509 0.024198 0.057069 0.150591 0.267038 0.053234 0.274383 0.041228 0.065363 0.065386 
0.003094 0.030771 0.106748 0.093481 0.224268 0.073694 0.274638 0.066903 0.080057 0.046346 
0.000932 0.017033 0.062641 0.145979 0.255772 0.088031 0.271379 0.044532 0.051260 0.062443 
0.004884 0.030420 0.070153 0.177726 0.230584 0.046154 0.256769 0.060598 0.044055 0.078657 
0.004621 0.023552 0.055758 0.189119 0.235237 0.077216 0.288270 0.049312 0.061888 0.015028 
0.002065 0.020291 0.072154 0.136670 0.254852 0.034359 0.268815 0.076487 0.086093 0.048214 
0.002628 0.018221 0.104758 0.090186 0.249390 0.093794 0.270593 0.051779 0.047510 0.071140 
0.001611 0.018063 0.093079 0.145060 0.297874 0.063390 0.240857 0.043679 0.042150 0.054237 
0.004527 0.026812 0.101373 0.163812 0.241050 0.048981 0.229508 0.041315 0.056524 0.086098 
0.005628 0.027556 0.109692 0.143968 0.244436 0.079363 0.251703 0.034203 0.052873 0.050578 
0.003714 0.030089 0.135003 0.107914 0.283882 0.048901 0.266913 0.049512 0.027908 0.046165 
0.000643 0.019927 0.155044 0.090442 0.270726 0.064403 0.243786 0.071051 0.057061 0.026917 
0.002664 0.019432 0.164863 0.134089 0.278318 0.043977 0.220320 0.034754 0.034204 0.067378 
0.000788 0.023773 0.178036 0.119453 0.262462 0.068115 0.206758 0.025601 0.054080 0.060935 
0.010667 0.052059 0.177243 0.100451 0.270299 0.041649 0.209042 0.029261 0.049261 0.060067 
0.007237 0.039461 0.154952 0.095538 0.283773 0.035891 0.234169 0.030954 0.053093 0.064931 
0.011563 0.059072 0.187399 0.063662 0.297447 0.057021 0.227360 0.029788 0.011027 0.055661 
0.007574 0.037511 0.185742 0.096851 0.293025 0.080360 0.207639 0.009783 0.021764 0.059752 
0.003437 0.021617 0.134514 0.123270 0.302003 0.049239 0.230101 0.022076 0.051770 0.061973 
0.003363 0.018060 0.137995 0.085887 0.334038 0.056758 0.276729 0.020666 0.033661 0.032844 
0.009400 0.035952 0.145149 0.070666 0.330924 0.051167 0.249347 0.035618 0.035762 0.036014 
0.006915 0.043653 0.109148 0.086552 0.367828 0.073765 0.223209 0.017661 0.017877 0.053392 
0.006447 0.029747 0.116698 0.063774 0.329834 0.080378 0.228106 0.031664 0.024185 0.089168 
0.003321 0.022019 0.090578 0.089321 0.257118 0.109743 0.304117 0.040071 0.041447 0.042266 
0.000661 0.019502 0.093156 0.092520 0.355025 0.063535 0.245980 0.022133 0.042028 0.065460 
0.000002 0.015770 0.100061 0.099547 0.383599 0.065019 0.250135 0.020393 0.020836 0.044638 
0.005188 0.032964 0.107100 0.046857 0.299740 0.057651 0.261255 0.084068 0.043480 0.061698 
0.004417 0.024603 0.075201 0.074391 0.281042 0.073938 0.289013 0.060661 0.060202 0.056532 
0.000012 0.014648 0.074854 0.078732 0.317788 0.036554 0.286113 0.069478 0.079516 0.042305 
0.002077 0.025010 0.098131 0.080925 0.370729 0.066025 0.224541 0.051628 0.032500 0.048432 
0.000331 0.020406 0.079178 0.069144 0.406291 0.037051 0.257827 0.046976 0.029167 0.053630 
0.003103 0.025611 0.095538 0.075604 0.404789 0.020022 0.252135 0.029780 0.025271 0.068147 
0.002023 0.018089 0.072154 0.097977 0.394994 0.019403 0.211558 0.050462 0.078122 0.055218 
0.000589 0.018699 0.052752 0.062108 0.402377 0.031821 0.269674 0.058796 0.053514 0.049671 
0.003210 0.026451 0.066075 0.088924 0.421356 0.035891 0.236960 0.030526 0.027364 0.063242 
0.003227 0.031242 0.060395 0.061638 0.449818 0.027404 0.223423 0.056669 0.032228 0.053958 
0.004307 0.032064 0.074483 0.098028 0.431978 0.039908 0.205563 0.047362 0.019268 0.047040 
0.000129 0.021836 0.056984 0.076102 0.389533 0.059125 0.272568 0.045675 0.037190 0.040857 
0.004145 0.040040 0.064226 0.064603 0.495930 0.011365 0.215623 0.010082 0.040630 0.053355 
0.007585 0.043562 0.068096 0.052707 0.459715 0.042343 0.231254 0.035860 0.027296 0.031582 
0.002159 0.024334 0.053489 0.051861 0.409956 0.067566 0.277209 0.048808 0.031004 0.033614 
0.002281 0.028931 0.053210 0.061714 0.469748 0.054535 0.232674 0.025413 0.019669 0.051825 
0.001808 0.026883 0.059432 0.067839 0.401975 0.059259 0.279475 0.047734 0.026275 0.029319 
0.000738 0.024064 0.058305 0.056404 0.403251 0.031011 0.296394 0.063922 0.049813 0.016098 
0.002097 0.025148 0.080014 0.055487 0.413735 0.022209 0.303094 0.063843 0.014396 0.019977 
0.004177 0.027384 0.043873 0.042402 0.385689 0.053536 0.329666 0.066634 0.029964 0.016675 
0.002360 0.025135 0.060039 0.059553 0.351901 0.038697 0.353739 0.065527 0.028068 0.014982 
0.002271 0.025033 0.084924 0.049549 0.454444 0.047756 0.301410 0.017585 0.009316 0.007712 
0.000150 0.022682 0.071122 0.038074 0.349243 0.058307 0.339696 0.064338 0.035369 0.021021 
0.003348 0.018100 0.091983 0.047579 0.344650 0.045995 0.335454 0.061351 0.033171 0.018369 
0.003671 0.021985 0.084690 0.040941 0.326268 0.056867 0.350071 0.061919 0.033123 0.020464 
0.002670 0.021572 0.068265 0.042251 0.355875 0.072863 0.352749 0.049217 0.022109 0.012430 
0.003133 0.021142 0.060252 0.072175 0.337875 0.064856 0.352882 0.049905 0.027062 0.010718 
0.004114 0.020002 0.061616 0.039755 0.329084 0.071590 0.367680 0.062108 0.029541 0.014509 
0.007393 0.034138 0.057791 0.051695 0.292841 0.067954 0.384345 0.059160 0.028451 0.016233 
0.004207 0.020344 0.068282 0.037204 0.310598 0.065186 0.405865 0.048697 0.024414 0.015203 
0.000100 0.014895 0.075234 0.039727 0.364975 0.046931 0.357248 0.046766 0.035057 0.019066 
0.003290 0.022343 0.060729 0.066649 0.410646 0.048757 0.290831 0.043494 0.034677 0.018585 
0.005932 0.038120 0.057098 0.047553 0.456654 0.080937 0.253684 0.024162 0.021434 0.014427 
0.003371 0.030943 0.065030 0.066761 0.444300 0.051631 0.293644 0.015391 0.019560 0.009370 
0.001949 0.018869 0.034816 0.039352 0.371937 0.123202 0.317451 0.043950 0.030167 0.018307 
0.003717 0.021657 0.057947 0.048182 0.427896 0.131145 0.236980 0.027365 0.030337 0.014774 
0.007593 0.028346 0.070587 0.057825 0.423116 0.133056 0.232925 0.023169 0.019913 0.003470 
0.000244 0.009349 0.066705 0.043637 0.433385 0.119306 0.239654 0.040805 0.028695 0.018219 
0.009680 0.042914 0.088661 0.082943 0.410156 0.081098 0.222528 0.033808 0.020151 0.008061 
0.000636 0.012581 0.063975 0.080918 0.431188 0.106548 0.216372 0.042656 0.027907 0.017218 
0.004865 0.021141 0.039956 0.077712 0.443243 0.107323 0.246732 0.028413 0.020848 0.009768 
0.004327 0.014009 0.025454 0.060248 0.448201 0.119519 0.245585 0.037420 0.026325 0.018912 
0.000710 0.010169 0.032120 0.050001 0.447800 0.157003 0.252948 0.023480 0.014052 0.011717 
0.004409 0.057124 0.168809 0.052570 0.336132 0.100201 0.228820 0.022873 0.016694 0.012369 
0.002902 0.063812 0.062292 0.037950 0.415563 0.103794 0.247413 0.022996 0.024950 0.018327 
0.004659 0.032215 0.034423 0.047690 0.422478 0.094889 0.283259 0.038539 0.025000 0.016848 
0.004313 0.024993 0.051342 0.045758 0.443818 0.123616 0.252331 0.023938 0.019132 0.010758 
0.000379 0.005407 0.031936 0.036609 0.451263 0.142628 0.268572 0.022648 0.022751 0.017807 
0.007251 0.032420 0.053709 0.053930 0.443029 0.125505 0.246529 0.018523 0.013526 0.005579 
0.000814 0.008801 0.024105 0.036588 0.442544 0.126405 0.274127 0.036034 0.033548 0.017033 
0.007351 0.028409 0.035180 0.078961 0.445511 0.105874 0.239842 0.025826 0.020095 0.012949 
0.000422 0.006674 0.022597 0.060517 0.434238 0.139824 0.252962 0.037181 0.027708 0.017878 
0.006808 0.028442 0.050176 0.076907 0.441363 0.117988 0.220294 0.029299 0.020208 0.008516 
0.006321 0.024309 0.045543 0.060793 0.429354 0.118797 0.248049 0.025084 0.028310 0.013439 
0.001023 0.008311 0.029098 0.056495 0.411847 0.131534 0.268366 0.043468 0.028344 0.021513 
0.007691 0.032224 0.047237 0.072073 0.403639 0.123154 0.257690 0.028224 0.021555 0.006514 
0.008700 0.036534 0.060977 0.049696 0.409705 0.115990 0.254035 0.028223 0.024528 0.011610 
0.005178 0.021955 0.048129 0.045730 0.397781 0.131281 0.272912 0.032030 0.025861 0.019144 
0.000453 0.008025 0.029026 0.046683 0.419168 0.132990 0.258078 0.047815 0.035862 0.021900 
0.005240 0.022657 0.037117 0.062589 0.429709 0.136731 0.253221 0.023813 0.017202 0.011722 
0.000024 0.009164 0.031454 0.029331 0.443561 0.059012 0.361472 0.028875 0.023710 0.013398 
0.000558 0.004958 0.019683 0.032788 0.556980 0.048614 0.320791 0.007434 0.003533 0.004660 
0.001559 0.005838 0.015592 0.041124 0.521765 0.039136 0.335535 0.019455 0.014498 0.005498 
0.000350 0.007815 0.016360 0.032347 0.461255 0.151511 0.306882 0.006394 0.009998 0.007089 
0.006502 0.026410 0.042879 0.055031 0.369135 0.211932 0.231351 0.024625 0.020613 0.011523 
0.007635 0.029051 0.047207 0.066566 0.296346 0.219544 0.228569 0.050609 0.033648 0.020827 
0.000087 0.005363 0.021103 0.056833 0.361294 0.183207 0.234229 0.070376 0.050037 0.017472 
0.003935 0.015269 0.035968 0.041468 0.228764 0.269466 0.236247 0.073964 0.059033 0.035885 
0.000530 0.024445 0.039792 0.059049 0.054764 0.356907 0.339218 0.047604 0.040838 0.036853 
0.002211 0.010277 0.016285 0.055706 0.266199 0.345611 0.241016 0.026235 0.014199 0.022260 
0.000860 0.006938 0.018377 0.034850 0.253856 0.382600 0.220998 0.028904 0.033741 0.018876 
0.007749 0.036462 0.049118 0.048773 0.119195 0.416715 0.237885 0.028056 0.020763 0.035284 
0.004167 0.020582 0.050808 0.028521 0.107353 0.329773 0.314203 0.069859 0.039113 0.035620 
0.007764 0.032933 0.057033 0.038424 0.127228 0.323115 0.251370 0.068492 0.037526 0.056113 
0.004942 0.019250 0.045615 0.052132 0.151794 0.370684 0.199702 0.069914 0.047596 0.038372 
0.008536 0.036708 0.071670 0.062902 0.195068 0.360157 0.180977 0.035924 0.023206 0.024853 
0.000920 0.011640 0.069086 0.021980 0.135256 0.424169 0.221014 0.030967 0.020426 0.064542 
0.002275 0.013428 0.036192 0.035667 0.139027 0.453611 0.179587 0.029004 0.037423 0.073785 
0.003123 0.017941 0.052058 0.046527 0.155746 0.388016 0.175751 0.041918 0.038644 0.080276 
0.002798 0.019698 0.043724 0.046557 0.110078 0.428317 0.169521 0.043566 0.044467 0.091275 
0.026785 0.029815 0.050091 0.033140 0.129322 0.386508 0.186482 0.042888 0.042742 0.072227 
0.018805 0.021952 0.054390 0.054260 0.153147 0.367183 0.165330 0.040820 0.032881 0.091233 
0.005469 0.021738 0.062529 0.053356 0.259446 0.292630 0.167366 0.040253 0.026118 0.071095 
0.014098 0.014570 0.031964 0.043411 0.241460 0.344151 0.162768 0.054248 0.045167 0.048164 
0.013839 0.025364 0.043142 0.046021 0.260415 0.319591 0.149340 0.050374 0.021138 0.070778 
0.005388 0.021941 0.053347 0.067106 0.271395 0.283502 0.164050 0.040407 0.029424 0.063441 
0.028968 0.041035 0.056715 0.060948 0.221566 0.295803 0.153718 0.045308 0.045657 0.050281 
0.012342 0.023465 0.042354 0.051266 0.230048 0.351934 0.159847 0.047939 0.035023 0.045782 
0.001788 0.006072 0.045010 0.042649 0.294033 0.329549 0.177870 0.022975 0.027874 0.052181 
0.004364 0.012716 0.050951 0.040605 0.323428 0.191872 0.195096 0.024311 0.042331 0.114326 
0.000306 0.010274 0.089800 0.049747 0.392326 0.142239 0.114234 0.038088 0.057247 0.105740 
0.006923 0.021980 0.105762 0.114661 0.373091 0.148690 0.039077 0.065499 0.059022 0.065293 
0.001450 0.010864 0.106395 0.082551 0.495669 0.086557 0.045693 0.080333 0.038142 0.052346 
0.009288 0.012985 0.081107 0.057023 0.556309 0.081156 0.043848 0.071961 0.041177 0.045146 
0.001692 0.012269 0.098004 0.117149 0.278602 0.181085 0.062841 0.091940 0.106732 0.049687 
0.001746 0.009123 0.056653 0.069665 0.314558 0.200952 0.074594 0.097342 0.095229 0.080138 
0.000045 0.007870 0.073684 0.082563 0.482179 0.098256 0.032447 0.038627 0.046486 0.137845 
0.003444 0.014478 0.083276 0.093443 0.486087 0.117403 0.043648 0.032853 0.040768 0.084600 
0.002560 0.015310 0.088643 0.083365 0.333113 0.201656 0.065858 0.045886 0.063893 0.099716 
0.001717 0.024010 0.099377 0.080028 0.359525 0.150008 0.041887 0.050164 0.074476 0.118809 
0.012045 0.056782 0.144702 0.094530 0.255896 0.115808 0.022312 0.042846 0.084879 0.170201 
0.000203 0.014089 0.121733 0.100366 0.307353 0.054630 0.063835 0.052617 0.089334 0.195838 
0.002578 0.010229 0.091067 0.080843 0.342575 0.088319 0.029630 0.057263 0.132560 0.164935 
0.002932 0.017448 0.123330 0.082815 0.280857 0.270661 0.065645 0.040951 0.050376 0.064984 
0.000053 0.012230 0.113182 0.075599 0.382233 0.202364 0.058321 0.038657 0.053383 0.063977 
0.000791 0.017479 0.108066 0.038913 0.404113 0.187797 0.035202 0.056720 0.061377 0.089543 
0.006000 0.120438 0.065794 0.062222 0.237530 0.256570 0.047618 0.078767 0.051403 0.073659 
0.002242 0.103825 0.078466 0.048167 0.303315 0.257964 0.055471 0.036591 0.049334 0.064625 
0.009344 0.083566 0.092760 0.064279 0.312712 0.139145 0.035872 0.096346 0.062839 0.103137 
0.001487 0.034365 0.086284 0.064612 0.298073 0.170766 0.068595 0.089426 0.102880 0.083513 
0.006431 0.031055 0.101764 0.049139 0.291482 0.281610 0.057194 0.068738 0.049833 0.062753 
0.003753 0.050100 0.085903 0.037899 0.291729 0.273046 0.073519 0.042942 0.081288 0.059821 
0.009528 0.041632 0.079544 0.059696 0.299057 0.251711 0.053492 0.061188 0.043136 0.101017 
0.002250 0.036247 0.120116 0.063965 0.329435 0.265184 0.029026 0.063906 0.049443 0.040428 
0.012919 0.061027 0.072418 0.069180 0.286065 0.254829 0.056890 0.070511 0.042970 0.073190 
0.000158 0.105549 0.067125 0.069722 0.282463 0.180613 0.041046 0.079888 0.096301 0.077136 
0.018348 0.061706 0.084146 0.067322 0.306768 0.192506 0.073156 0.070687 0.041446 0.083916 
0.003352 0.076000 0.081311 0.080814 0.300724 0.283373 0.045023 0.041952 0.047225 0.040225 
0.014343 0.085265 0.094606 0.046089 0.324886 0.229289 0.053130 0.083478 0.038224 0.030688 
0.008950 0.077169 0.098231 0.046771 0.326626 0.240663 0.033498 0.054651 0.050227 0.063213 
0.003235 0.052616 0.065836 0.033418 0.310773 0.344497 0.059102 0.067468 0.035793 0.027262 
0.031640 0.091918 0.050613 0.042545 0.365143 0.229876 0.045174 0.047521 0.041006 0.054564 
0.014988 0.112547 0.093545 0.067419 0.315488 0.165422 0.052672 0.053217 0.063680 0.061021 
0.009896 0.105438 0.064233 0.068992 0.338358 0.151811 0.070583 0.068472 0.054056 0.068161 
0.010899 0.068832 0.059766 0.052626 0.366956 0.242232 0.074476 0.038466 0.037221 0.048526 
0.040808 0.117343 0.076339 0.070432 0.277747 0.192308 0.064212 0.066766 0.043533 0.050514 
0.007380 0.134546 0.110066 0.085561 0.346657 0.095769 0.065749 0.043449 0.062229 0.048592 
0.037038 0.127355 0.122204 0.080041 0.261239 0.201563 0.040859 0.037650 0.052349 0.039703 
0.008542 0.154842 0.126521 0.091223 0.224150 0.192982 0.066674 0.034640 0.062078 0.038348 
0.017427 0.160777 0.199621 0.080135 0.228374 0.138056 0.073780 0.036298 0.039578 0.025954 
0.033441 0.181357 0.170359 0.070823 0.262758 0.075734 0.092230 0.039487 0.020507 0.053304 
0.014712 0.176752 0.184534 0.099680 0.215821 0.096769 0.097360 0.039315 0.028014 0.047042 
0.036055 0.265233 0.175996 0.061095 0.189642 0.070741 0.104589 0.037097 0.032517 0.027036 
0.034489 0.221207 0.162960 0.069486 0.193976 0.081766 0.127054 0.038014 0.038006 0.033041 
0.005150 0.234203 0.212967 0.114685 0.158574 0.069859 0.104722 0.029687 0.044608 0.025547 
0.066110 0.233846 0.256162 0.085507 0.078295 0.066565 0.122309 0.035680 0.025784 0.029742 
0.031719 0.213911 0.241772 0.118743 0.122392 0.057576 0.123033 0.038254 0.038789 0.013811 
0.033801 0.271619 0.159797 0.107254 0.116986 0.060560 0.127553 0.051526 0.036864 0.034041 
0.052524 0.138944 0.268881 0.148729 0.106016 0.053468 0.139990 0.049838 0.016053 0.025558 
0.045254 0.213749 0.199069 0.098783 0.098342 0.066072 0.135411 0.060742 0.040059 0.042518 
0.027633 0.223468 0.272707 0.086202 0.086948 0.078163 0.119060 0.055775 0.020429 0.029615 
0.053321 0.238180 0.275250 0.099572 0.076722 0.058847 0.105112 0.028913 0.028594 0.035488 
0.083164 0.197413 0.210669 0.125840 0.086772 0.041433 0.129094 0.048384 0.044851 0.032381 
0.009180 0.169646 0.207781 0.199571 0.113391 0.038656 0.113681 0.069852 0.041517 0.036723 
0.042555 0.199615 0.262788 0.101305 0.138519 0.061033 0.099141 0.034056 0.027709 0.033279 
0.025419 0.196918 0.311294 0.115731 0.080537 0.061299 0.090368 0.033623 0.040625 0.044187 
0.104339 0.237989 0.195137 0.079291 0.117363 0.081526 0.081925 0.048523 0.028846 0.025060 
0.042128 0.065486 0.057237 0.081046 0.098574 0.185989 0.295850 0.040771 0.080229 0.052691 
0.000000 0.000000 0.000000 0.000000 0.000000 0.000000 0.000000 0.000000 0.000000 0.000000 
0.000000 0.000000 0.000000 0.000000 0.000000 0.000000 0.000000 0.000000 0.000000 0.000000 
0.000000 0.000000 0.000000 0.000000 0.000000 0.000000 0.000000 0.000000 0.000000 0.000000 
0.000000 0.000000 0.000000 0.000000 0.000000 0.000000 0.000000 0.000000 0.000000 0.000000 
0.000000 0.000000 0.000000 0.000000 0.000000 0.000000 0.000000 0.000000 0.000000 0.000000 
0.000000 0.000000 0.000000 0.000000 0.000000 0.000000 0.000000 0.000000 0.000000 0.000000 
0.000000 0.000000 0.000000 0.000000 0.000000 0.000000 0.000000 0.000000 0.000000 0.000000 
0.000000 0.000000 0.000000 0.000000 0.000000 0.000000 0.000000 0.000000 0.000000 0.000000 
0.000000 0.000000 0.000000 0.000000 0.000000 0.000000 0.000000 0.000000 0.000000 0.000000 
0.000000 0.000000 0.000000 0.000000 0.000000 0.000000 0.000000 0.000000 0.000000 0.000000 
0.000000 0.000000 0.000000 0.000000 0.000000 0.000000 0.000000 0.000000 0.000000 0.000000 
