SOS,ABBA
0.000000 0.000000 0.000000 0.000000 0.000000 0.000000 0.000000 0.000000 0.000000 0.000000 
0.000000 0.000000 0.000000 0.000000 0.000000 0.000000 0.000000 0.000000 0.000000 0.000000 
0.000000 0.000000 0.000000 0.000000 0.000000 0.000000 0.000000 0.000000 0.000000 0.000000 
0.000000 0.000000 0.000000 0.000000 0.000000 0.000000 0.000000 0.000000 0.000000 0.000000 
0.000000 0.000000 0.000000 0.000000 0.000000 0.000000 0.000000 0.000000 0.000000 0.000000 
0.000000 0.000000 0.000000 0.000000 0.000000 0.000000 0.000000 0.000000 0.000000 0.000000 
0.000000 0.000000 0.000000 0.000000 0.000000 0.000000 0.000000 0.000000 0.000000 0.000000 
0.000000 0.000000 0.000000 0.000000 0.000000 0.000000 0.000000 0.000000 0.000000 0.000000 
0.000000 0.000000 0.000000 0.000000 0.000000 0.000000 0.000000 0.000000 0.000000 0.000000 
0.000000 0.000000 0.000000 0.000000 0.000000 0.000000 0.000000 0.000000 0.000000 0.000000 
0.000000 0.000000 0.000000 0.000000 0.000000 0.000000 0.000000 0.000000 0.000000 0.000000 
0.000000 0.000000 0.000000 0.000000 0.000000 0.000000 0.000000 0.000000 0.000000 0.000000 
0.000000 0.000000 0.000000 0.000000 0.000000 0.000000 0.000000 0.000000 0.000000 0.000000 
0.000000 0.000000 0.000000 0.000000 0.000000 0.000000 0.000000 0.000000 0.000000 0.000000 
0.000000 0.000000 0.000000 0.000000 0.000000 0.000000 0.000000 0.000000 0.000000 0.000000 
0.000000 0.000000 0.000000 0.000000 0.000000 0.000000 0.000000 0.000000 0.000000 0.000000 
0.000000 0.000000 0.000000 0.000000 0.000000 0.000000 0.000000 0.000000 0.000000 0.000000 
0.000000 0.000000 0.000000 0.000000 0.000000 0.000000 0.000000 0.000000 0.000000 0.000000 
0.000000 0.000000 0.000000 0.000000 0.000000 0.000000 0.000000 0.000000 0.000000 0.000000 
0.000000 0.000000 0.000000 0.000000 0.000000 0.000000 0.000000 0.000000 0.000000 0.000000 
0.000000 0.000000 0.000000 0.000000 0.000000 0.000000 0.000000 0.000000 0.000000 0.000000 
0.000000 0.000000 0.000000 0.000000 0.000000 0.000000 0.000000 0.000000 0.000000 0.000000 
0.000000 0.000000 0.000000 0.000000 0.000000 0.000000 0.000000 0.000000 0.000000 0.000000 
0.217207 0.240320 0.163624 0.058261 0.073055 0.043439 0.053818 0.078549 0.045250 0.026476 
0.007184 0.038217 0.039664 0.088395 0.247376 0.146985 0.057105 0.179512 0.098727 0.096835 
0.005706 0.023816 0.049014 0.043924 0.239885 0.104799 0.026315 0.235504 0.089034 0.182002 
0.008556 0.032090 0.037175 0.058765 0.243166 0.164740 0.057763 0.195608 0.033522 0.168616 
0.012184 0.042802 0.047753 0.064503 0.255639 0.172931 0.039873 0.151608 0.052622 0.160085 
0.008205 0.049885 0.039956 0.061590 0.233614 0.125164 0.031761 0.194796 0.039694 0.215335 
0.007606 0.043322 0.054556 0.075923 0.221972 0.165386 0.115060 0.118762 0.039583 0.157828 
0.002478 0.032341 0.045201 0.052345 0.256042 0.128005 0.048107 0.195347 0.051248 0.188885 
0.004152 0.021243 0.031044 0.033576 0.176847 0.131614 0.068215 0.313817 0.079432 0.140059 
0.001045 0.018580 0.013277 0.032847 0.176103 0.142207 0.026312 0.235195 0.078383 0.276050 
0.000969 0.018847 0.015719 0.027196 0.226535 0.066414 0.039979 0.219769 0.055413 0.329158 
0.003068 0.016535 0.015022 0.034339 0.239607 0.093849 0.060964 0.245614 0.062211 0.228790 
0.000004 0.010302 0.020274 0.050189 0.327644 0.078895 0.031462 0.260942 0.117371 0.102918 
0.002034 0.013044 0.035774 0.055581 0.304718 0.058430 0.038470 0.202692 0.236715 0.052542 
0.003407 0.021375 0.031226 0.054174 0.297156 0.072343 0.035894 0.139221 0.270247 0.074958 
0.004280 0.018076 0.029284 0.021995 0.291393 0.087965 0.041657 0.196031 0.236101 0.073217 
0.005400 0.018038 0.016117 0.031738 0.342544 0.073437 0.045640 0.181656 0.188399 0.097031 
0.000626 0.014679 0.026788 0.090611 0.391576 0.063712 0.036513 0.138094 0.176700 0.060700 
0.000156 0.015599 0.027908 0.047964 0.382774 0.049701 0.045741 0.145877 0.233040 0.051238 
0.001739 0.013083 0.019847 0.051022 0.366130 0.050054 0.035355 0.107453 0.299353 0.055964 
0.000327 0.013958 0.018036 0.051957 0.268931 0.066001 0.067466 0.183612 0.292692 0.037021 
0.002187 0.008129 0.013478 0.047270 0.264511 0.069558 0.084142 0.134090 0.307784 0.068850 
0.004860 0.024976 0.035248 0.073054 0.301859 0.019968 0.030515 0.217627 0.242246 0.049648 
0.003379 0.013661 0.027891 0.185478 0.256367 0.027282 0.146501 0.153676 0.075782 0.109983 
0.003049 0.013093 0.035093 0.215303 0.175864 0.057445 0.183114 0.143233 0.070836 0.102970 
0.001271 0.017202 0.031369 0.214430 0.181464 0.024309 0.176214 0.136618 0.065755 0.151369 
0.000614 0.009324 0.013960 0.169185 0.190604 0.033248 0.233170 0.117578 0.066108 0.166209 
0.003389 0.018898 0.027521 0.139024 0.130519 0.033607 0.233652 0.171606 0.082793 0.158992 
0.005731 0.024887 0.049825 0.114535 0.083793 0.027837 0.343170 0.116733 0.051053 0.182436 
0.011286 0.032605 0.046356 0.163070 0.085684 0.023639 0.238130 0.165949 0.034690 0.198591 
0.006203 0.023114 0.037928 0.228543 0.151534 0.027300 0.085838 0.216123 0.062333 0.161085 
0.007769 0.024950 0.049173 0.289471 0.155245 0.054003 0.165381 0.082499 0.038675 0.132834 
0.005205 0.015184 0.041159 0.303524 0.207165 0.044344 0.137954 0.121247 0.023305 0.100912 
0.002631 0.029039 0.028737 0.187830 0.335811 0.013865 0.108817 0.149975 0.045319 0.097975 
0.009635 0.026914 0.052694 0.233751 0.292745 0.045585 0.099203 0.135874 0.041079 0.062520 
0.004775 0.026033 0.029213 0.350201 0.218853 0.015528 0.091443 0.195891 0.040639 0.027423 
0.010813 0.045334 0.062339 0.304848 0.241335 0.051143 0.132964 0.113937 0.021646 0.015639 
0.001067 0.011341 0.017585 0.140487 0.374909 0.047404 0.274563 0.085441 0.025992 0.021211 
0.003379 0.037268 0.046962 0.154761 0.327899 0.041061 0.194689 0.093799 0.053408 0.046774 
0.000936 0.026823 0.031979 0.283794 0.318849 0.031766 0.133197 0.069779 0.038734 0.064142 
0.008200 0.030389 0.060695 0.361611 0.210440 0.037106 0.058194 0.134144 0.025878 0.073342 
0.005973 0.029207 0.050772 0.351273 0.226716 0.041786 0.046442 0.160011 0.030959 0.056860 
0.001751 0.049062 0.038937 0.349074 0.262053 0.047888 0.063201 0.155361 0.018467 0.014207 
0.001357 0.030284 0.038139 0.217431 0.310383 0.046416 0.148224 0.130922 0.041071 0.035773 
0.001159 0.018908 0.059499 0.196997 0.157178 0.031356 0.164506 0.160826 0.056183 0.153388 
0.003823 0.014216 0.055127 0.224074 0.124452 0.029610 0.168950 0.233875 0.058385 0.087488 
0.006937 0.023749 0.047380 0.186454 0.096231 0.011873 0.212598 0.184266 0.088016 0.142497 
0.004258 0.023559 0.028244 0.187766 0.155197 0.056325 0.312612 0.113308 0.035690 0.083043 
0.005226 0.032190 0.040436 0.180372 0.177546 0.041284 0.247736 0.123192 0.045263 0.106756 
0.002843 0.016513 0.043311 0.117698 0.268654 0.053832 0.155900 0.175466 0.067449 0.098333 
0.000603 0.010612 0.038347 0.208513 0.163124 0.046165 0.187219 0.201465 0.063390 0.080562 
0.001170 0.010712 0.035954 0.198165 0.196106 0.022814 0.173781 0.226073 0.033888 0.101338 
0.003765 0.027365 0.046183 0.201069 0.248745 0.021166 0.117070 0.217778 0.053616 0.063244 
0.012019 0.046937 0.071780 0.216454 0.285521 0.043954 0.086246 0.137441 0.039285 0.060363 
0.005128 0.027661 0.042410 0.209386 0.271817 0.021795 0.058417 0.230364 0.044575 0.088447 
0.000412 0.020951 0.034127 0.190947 0.200219 0.063045 0.150673 0.196164 0.091115 0.052347 
0.005192 0.019688 0.033732 0.175933 0.171654 0.063653 0.206992 0.213233 0.085473 0.024450 
0.008489 0.034708 0.045006 0.170894 0.170050 0.067586 0.183450 0.218548 0.081821 0.019448 
0.006513 0.020301 0.030347 0.225949 0.162445 0.033236 0.205957 0.195974 0.077242 0.042036 
0.008159 0.042480 0.031443 0.255798 0.237058 0.032058 0.184193 0.105093 0.061674 0.042044 
0.000963 0.026228 0.063221 0.218411 0.178814 0.053466 0.090282 0.184410 0.149716 0.034489 
0.003288 0.033126 0.031574 0.277189 0.116723 0.044501 0.087080 0.212281 0.156216 0.038022 
0.000290 0.026975 0.040166 0.251975 0.172238 0.060208 0.169951 0.142638 0.100426 0.035132 
0.005657 0.021534 0.030669 0.240916 0.184372 0.052113 0.221774 0.202228 0.025961 0.014776 
0.001316 0.022503 0.017640 0.152928 0.182908 0.098779 0.244949 0.184918 0.075498 0.018561 
0.002069 0.013799 0.066323 0.133545 0.072172 0.070722 0.255223 0.183193 0.143830 0.059125 
0.000637 0.028113 0.051701 0.282719 0.047269 0.063971 0.230357 0.107503 0.063907 0.123821 
0.002890 0.021093 0.026710 0.290312 0.054388 0.098579 0.233444 0.129779 0.047420 0.095385 
0.002598 0.021018 0.019898 0.257196 0.060593 0.074086 0.242456 0.121232 0.072522 0.128400 
0.004680 0.015446 0.025782 0.197657 0.055246 0.083080 0.291319 0.105746 0.054532 0.166512 
0.011597 0.040004 0.063896 0.245089 0.047973 0.085055 0.179566 0.109530 0.069985 0.147305 
0.006795 0.018336 0.044626 0.229471 0.097534 0.086705 0.282245 0.079323 0.018923 0.136043 
0.001493 0.015753 0.035382 0.278120 0.075345 0.093678 0.201200 0.093623 0.047712 0.157695 
0.000326 0.017050 0.032113 0.288200 0.070178 0.085654 0.192055 0.146125 0.037889 0.130410 
0.004510 0.021383 0.034960 0.305960 0.064972 0.075953 0.187022 0.153362 0.046646 0.105233 
0.009558 0.039277 0.073431 0.289302 0.064784 0.092085 0.105414 0.150208 0.064198 0.111742 
0.004222 0.016321 0.042521 0.234888 0.054716 0.141504 0.189016 0.171574 0.036319 0.108921 
0.010483 0.038032 0.073318 0.293125 0.073805 0.116930 0.169624 0.113456 0.028179 0.083048 
0.000278 0.018961 0.059264 0.431356 0.128785 0.069038 0.070204 0.131646 0.049315 0.041152 
0.010063 0.038331 0.041088 0.394960 0.079978 0.067850 0.153334 0.143684 0.030289 0.040423 
0.006526 0.024469 0.041782 0.337821 0.053858 0.051656 0.255989 0.151131 0.022605 0.054161 
0.000925 0.044053 0.040648 0.416958 0.097045 0.073849 0.150593 0.084017 0.019980 0.071932 
0.000848 0.018092 0.028457 0.419790 0.141809 0.062920 0.116698 0.066724 0.033005 0.111657 
0.008914 0.042080 0.059282 0.380171 0.147004 0.070972 0.142039 0.026010 0.014893 0.108635 
0.008289 0.037920 0.093823 0.390488 0.108150 0.047365 0.160104 0.044985 0.019262 0.089615 
0.001857 0.060087 0.056502 0.358265 0.120024 0.059196 0.200147 0.047207 0.030218 0.066495 
0.007628 0.048176 0.050638 0.280637 0.100073 0.063737 0.265801 0.085454 0.027274 0.070581 
0.000792 0.040583 0.109975 0.271854 0.054745 0.062146 0.125171 0.158714 0.032286 0.143734 
0.003289 0.030207 0.041623 0.274880 0.080189 0.078985 0.123172 0.133422 0.056549 0.177684 
0.008858 0.030104 0.068352 0.286811 0.066589 0.116048 0.092119 0.136894 0.036940 0.157284 
0.010586 0.064677 0.033467 0.192307 0.073110 0.080627 0.089381 0.146085 0.096162 0.213597 
0.006376 0.052076 0.053079 0.267632 0.105797 0.125980 0.093488 0.079007 0.029262 0.187302 
0.002026 0.017219 0.065757 0.266098 0.072877 0.104431 0.183856 0.098734 0.052954 0.136049 
0.005400 0.027529 0.068977 0.279189 0.074918 0.146650 0.177011 0.045185 0.043555 0.131586 
0.003241 0.023733 0.041935 0.309474 0.092791 0.135926 0.159457 0.080925 0.050255 0.102263 
0.000323 0.023266 0.039362 0.374331 0.090897 0.086443 0.165008 0.081095 0.030910 0.108365 
0.005902 0.030240 0.026885 0.356973 0.084378 0.094784 0.143753 0.087785 0.016548 0.152752 
0.006642 0.033362 0.040138 0.236527 0.086794 0.149250 0.132187 0.125312 0.047753 0.142035 
0.005818 0.044971 0.059688 0.249076 0.064153 0.134741 0.192751 0.130596 0.041386 0.076821 
0.005264 0.033517 0.033023 0.196684 0.019101 0.105993 0.245866 0.220473 0.048155 0.091924 
0.004421 0.031593 0.035550 0.207999 0.035033 0.123776 0.241470 0.160947 0.084136 0.075075 
0.005832 0.042526 0.049291 0.224169 0.018800 0.126005 0.222055 0.149435 0.058265 0.103621 
0.003191 0.029174 0.047408 0.204733 0.067003 0.154037 0.204802 0.136110 0.065167 0.088375 
0.002639 0.018092 0.069521 0.273389 0.045030 0.131170 0.181639 0.090369 0.103725 0.084425 
0.000955 0.022718 0.041855 0.315346 0.028083 0.063195 0.213650 0.115712 0.097701 0.100785 
0.001057 0.013622 0.039558 0.283356 0.028163 0.054444 0.250369 0.117871 0.113422 0.098137 
0.001779 0.014612 0.024786 0.271698 0.017850 0.137392 0.181715 0.153270 0.100623 0.096276 
0.003764 0.018762 0.022764 0.246123 0.033695 0.183413 0.148735 0.150978 0.079669 0.112098 
0.001051 0.016766 0.077486 0.287616 0.085417 0.139053 0.115701 0.119109 0.086897 0.070903 
0.006953 0.026855 0.127627 0.200523 0.059013 0.113080 0.134589 0.143943 0.115761 0.071656 
0.007305 0.026872 0.126373 0.227623 0.064155 0.123232 0.118737 0.167682 0.063047 0.074974 
0.005007 0.035669 0.134195 0.191194 0.071257 0.099471 0.101709 0.171028 0.088583 0.101887 
0.008874 0.043208 0.099367 0.250201 0.077437 0.085292 0.091819 0.119720 0.070310 0.153772 
0.003595 0.020219 0.070302 0.224544 0.196021 0.099175 0.045535 0.094256 0.139801 0.106551 
0.001743 0.033165 0.162024 0.188422 0.133312 0.045581 0.073120 0.131297 0.153626 0.077711 
0.000694 0.024302 0.204481 0.088899 0.111989 0.055580 0.091691 0.154821 0.158564 0.108979 
0.002903 0.020085 0.180685 0.068582 0.127003 0.079677 0.088048 0.204175 0.166787 0.062054 
0.003815 0.017225 0.179638 0.070469 0.154628 0.108251 0.077340 0.170853 0.172603 0.045178 
0.004601 0.026647 0.187742 0.090259 0.195303 0.136035 0.064340 0.123415 0.133141 0.038517 
0.007516 0.111775 0.312865 0.112186 0.083729 0.083034 0.049760 0.109835 0.089130 0.040171 
0.015284 0.194398 0.180160 0.116310 0.062214 0.087504 0.056727 0.163775 0.063538 0.060090 
0.017587 0.205105 0.183290 0.138721 0.075510 0.082151 0.064027 0.143146 0.046137 0.044326 
0.013731 0.225823 0.142715 0.175966 0.079713 0.077068 0.054041 0.150977 0.042888 0.037078 
0.009808 0.255921 0.171110 0.154312 0.058129 0.054095 0.058074 0.164223 0.027670 0.046658 
0.029923 0.283266 0.146347 0.159896 0.046866 0.050081 0.049076 0.146936 0.028390 0.059219 
0.029624 0.284108 0.124539 0.189455 0.053160 0.050367 0.062626 0.115079 0.037810 0.053231 
0.022269 0.254139 0.176058 0.182409 0.075620 0.063254 0.068244 0.066408 0.042989 0.048609 
0.003823 0.192579 0.115043 0.203924 0.077487 0.050076 0.079645 0.149222 0.064185 0.064016 
0.013267 0.160817 0.121666 0.160113 0.065789 0.073786 0.063502 0.213574 0.041214 0.086273 
0.025041 0.136208 0.165273 0.160175 0.059742 0.104662 0.092817 0.174815 0.028015 0.053252 
0.011523 0.124248 0.286368 0.119342 0.136047 0.080934 0.037677 0.113623 0.050001 0.040237 
0.001005 0.110030 0.139445 0.181373 0.121842 0.104530 0.062314 0.176639 0.060732 0.042090 
0.014912 0.146493 0.132459 0.173329 0.103567 0.120645 0.052683 0.171737 0.050739 0.033436 
0.013251 0.143021 0.143142 0.189462 0.131152 0.100013 0.064505 0.134506 0.065313 0.015635 
0.000660 0.149505 0.183042 0.188487 0.148307 0.085942 0.067403 0.097961 0.052211 0.026482 
0.008391 0.118939 0.274427 0.245908 0.073418 0.034213 0.030814 0.081333 0.035480 0.097076 
0.006776 0.084447 0.142162 0.318671 0.107242 0.087798 0.040093 0.080010 0.029572 0.103229 
0.006505 0.060956 0.085798 0.333556 0.095105 0.166311 0.033571 0.088156 0.028537 0.101504 
0.013175 0.060075 0.122296 0.235762 0.065814 0.169310 0.033540 0.124236 0.041844 0.133946 
0.000789 0.045552 0.071253 0.250970 0.055138 0.201215 0.062878 0.154671 0.023991 0.133543 
0.013921 0.113062 0.334147 0.143326 0.066673 0.116875 0.059175 0.062394 0.041713 0.048715 
0.011268 0.111734 0.217013 0.200052 0.037615 0.113352 0.063634 0.110916 0.094888 0.039527 
0.008610 0.134985 0.186787 0.164224 0.056251 0.163187 0.060139 0.103941 0.092305 0.029570 
0.011860 0.146652 0.182516 0.184251 0.052544 0.157335 0.053812 0.084512 0.102971 0.023547 
0.001136 0.138228 0.160801 0.233727 0.074803 0.184585 0.050373 0.029465 0.105443 0.021439 
0.001950 0.167673 0.179954 0.235646 0.073742 0.141332 0.024205 0.070710 0.071237 0.033552 
0.013084 0.163111 0.173092 0.138751 0.212246 0.077372 0.026524 0.127171 0.043509 0.025138 
0.009613 0.174512 0.100346 0.065473 0.289826 0.119917 0.025251 0.120784 0.053515 0.040762 
0.006450 0.183891 0.085559 0.066660 0.296538 0.116234 0.054380 0.108053 0.059845 0.022389 
0.005694 0.186822 0.143766 0.102259 0.322141 0.082964 0.024675 0.063804 0.045289 0.022586 
0.004252 0.207735 0.209455 0.076449 0.214402 0.075098 0.039357 0.090804 0.036901 0.045548 
0.001699 0.055313 0.323193 0.181967 0.096567 0.124906 0.049985 0.083401 0.061769 0.021201 
0.002227 0.097131 0.160285 0.232444 0.079582 0.172441 0.063020 0.068896 0.094246 0.029727 
0.010141 0.131103 0.168858 0.221609 0.057557 0.137911 0.062506 0.082384 0.114314 0.013615 
0.007608 0.157950 0.164898 0.188752 0.057530 0.149943 0.068422 0.080491 0.101663 0.022743 
0.008435 0.179874 0.153334 0.259967 0.045152 0.099966 0.069061 0.067583 0.084791 0.031839 
0.004625 0.138140 0.196890 0.285114 0.058876 0.103521 0.037300 0.093108 0.061776 0.020649 
0.003261 0.090167 0.160342 0.269115 0.057604 0.123329 0.054562 0.130453 0.057923 0.053244 
0.001915 0.069098 0.131464 0.262755 0.075460 0.084308 0.061022 0.159436 0.020715 0.133828 
0.018957 0.095703 0.062228 0.299530 0.045231 0.069218 0.045099 0.159443 0.040112 0.164478 
0.015082 0.096789 0.105729 0.320776 0.065797 0.068954 0.043140 0.133149 0.041930 0.108655 
0.010210 0.047947 0.021256 0.191969 0.228655 0.159020 0.070704 0.115000 0.093038 0.062201 
0.008547 0.059823 0.195060 0.110065 0.172547 0.091068 0.035140 0.169752 0.069571 0.088426 
0.012487 0.097792 0.075570 0.133704 0.166905 0.128024 0.052442 0.199204 0.076418 0.057454 
0.018023 0.138621 0.058240 0.182650 0.169890 0.115582 0.061129 0.132761 0.041051 0.082054 
0.015545 0.165071 0.113398 0.168195 0.127088 0.155027 0.021029 0.115157 0.047422 0.072067 
0.010536 0.148261 0.097257 0.137781 0.166191 0.169392 0.059691 0.090149 0.037864 0.082878 
0.001152 0.071070 0.061808 0.069062 0.265549 0.127987 0.055547 0.185422 0.035468 0.126935 
0.007928 0.062477 0.041620 0.072721 0.190594 0.252675 0.052421 0.132321 0.054710 0.132533 
0.006244 0.048867 0.019239 0.063443 0.137214 0.270285 0.056923 0.124761 0.046942 0.226082 
0.004368 0.041815 0.035862 0.076289 0.123646 0.214364 0.032805 0.119319 0.036315 0.315215 
0.003608 0.029441 0.023535 0.055322 0.105955 0.193955 0.050809 0.121069 0.049518 0.366787 
0.005643 0.029079 0.112739 0.134912 0.307028 0.049536 0.024376 0.180751 0.096145 0.059791 
0.001561 0.055217 0.174340 0.144023 0.171136 0.065702 0.070660 0.217770 0.067297 0.032295 
0.006988 0.078133 0.068213 0.130507 0.184666 0.062058 0.082480 0.253599 0.092512 0.040844 
0.008137 0.085317 0.101636 0.141059 0.176867 0.063018 0.054381 0.284470 0.056764 0.028351 
0.019549 0.117280 0.105428 0.163831 0.121119 0.061092 0.065092 0.244368 0.070277 0.031965 
0.002016 0.043002 0.100081 0.151740 0.165838 0.103228 0.049925 0.253717 0.084736 0.045716 
0.003389 0.036277 0.050217 0.095451 0.328725 0.032287 0.038498 0.197284 0.190557 0.027313 
0.003159 0.022130 0.050355 0.070033 0.374737 0.058434 0.069212 0.195739 0.131192 0.025010 
0.001668 0.027128 0.038531 0.047261 0.431528 0.078291 0.065931 0.152155 0.137265 0.020242 
0.003183 0.032351 0.026186 0.035032 0.374087 0.078487 0.066919 0.177557 0.173969 0.032231 
0.008257 0.035932 0.023213 0.047306 0.326613 0.074955 0.067536 0.242663 0.153855 0.019671 
0.006269 0.042548 0.199322 0.175533 0.184307 0.031347 0.091714 0.124754 0.066417 0.077789 
0.001968 0.084306 0.146513 0.215906 0.132944 0.074460 0.086923 0.141716 0.056270 0.058994 
0.016061 0.133472 0.101273 0.219405 0.158512 0.066796 0.054780 0.148140 0.045054 0.056508 
0.020725 0.166312 0.091490 0.229725 0.106469 0.058440 0.061327 0.139790 0.055795 0.069926 
0.012510 0.136495 0.121612 0.208261 0.155866 0.020700 0.066948 0.149933 0.056354 0.071321 
0.007360 0.129529 0.088194 0.204180 0.169289 0.017718 0.088508 0.153916 0.069508 0.071797 
0.012097 0.126767 0.070868 0.212659 0.215140 0.047555 0.077698 0.112767 0.021211 0.103238 
0.004542 0.107889 0.048231 0.170683 0.279526 0.018033 0.093754 0.093176 0.025011 0.159156 
0.004485 0.074664 0.042502 0.125916 0.229897 0.064485 0.193371 0.068054 0.039458 0.157166 
0.001518 0.057204 0.056184 0.107034 0.204545 0.062370 0.233915 0.074554 0.050116 0.152561 
0.012915 0.060034 0.108045 0.230411 0.231429 0.045342 0.093834 0.078324 0.026941 0.112724 
0.009784 0.232116 0.199486 0.138597 0.101159 0.050359 0.102183 0.055858 0.038735 0.071724 
0.016804 0.296877 0.216237 0.112076 0.064908 0.041654 0.055543 0.050521 0.072408 0.072973 
0.009160 0.300086 0.236839 0.141943 0.066318 0.029533 0.075238 0.041917 0.047669 0.051296 
0.001027 0.269308 0.251095 0.120742 0.069809 0.051218 0.074103 0.058109 0.070970 0.033619 
0.015243 0.334276 0.212915 0.058393 0.085398 0.051346 0.057373 0.064454 0.062405 0.058197 
0.017806 0.311487 0.184833 0.135403 0.099461 0.027653 0.053642 0.054879 0.064517 0.050318 
0.002917 0.227639 0.175092 0.223510 0.091855 0.021179 0.060632 0.081414 0.045377 0.070386 
0.005268 0.166269 0.075976 0.229019 0.148313 0.033778 0.098084 0.098230 0.048685 0.096378 
0.002651 0.145821 0.096167 0.216434 0.110547 0.026194 0.106444 0.109611 0.054138 0.131995 
0.008293 0.110965 0.090335 0.137628 0.188669 0.043470 0.136626 0.138110 0.073248 0.072656 
0.003775 0.065440 0.115742 0.159080 0.169770 0.057879 0.137553 0.141001 0.062835 0.086926 
0.001288 0.065996 0.158120 0.196454 0.133408 0.045559 0.111386 0.145154 0.062064 0.080571 
0.010971 0.085937 0.103069 0.227966 0.117796 0.056794 0.130308 0.150718 0.051958 0.064482 
0.010188 0.109454 0.088802 0.205154 0.113047 0.053616 0.093807 0.191363 0.080929 0.053640 
0.004359 0.147710 0.125473 0.196823 0.119281 0.056049 0.106271 0.139072 0.042482 0.062479 
0.011167 0.153868 0.137844 0.154378 0.099071 0.072663 0.114906 0.149395 0.037558 0.069150 
0.007792 0.069525 0.043950 0.234521 0.220538 0.037159 0.157030 0.119725 0.035288 0.074472 
0.006928 0.047071 0.066720 0.279029 0.171102 0.038041 0.158623 0.105947 0.035409 0.091131 
0.002679 0.035495 0.038333 0.244213 0.226939 0.045228 0.226253 0.083222 0.028738 0.068901 
0.002524 0.025569 0.045412 0.235669 0.187218 0.019317 0.247306 0.128368 0.031614 0.077002 
0.005298 0.032158 0.048600 0.243622 0.147907 0.054696 0.230190 0.103796 0.029669 0.104064 
0.007819 0.048649 0.172860 0.168540 0.163435 0.049453 0.165820 0.096606 0.076203 0.050616 
0.002301 0.071663 0.121725 0.217640 0.151078 0.047679 0.134848 0.117623 0.081670 0.053773 
0.013621 0.099077 0.075466 0.213501 0.151209 0.059018 0.123095 0.149079 0.078761 0.037174 
0.017270 0.138159 0.112208 0.204341 0.117979 0.057818 0.133155 0.142489 0.050338 0.026243 
0.007391 0.144957 0.132381 0.183570 0.146644 0.051204 0.157595 0.100305 0.060876 0.015076 
0.004908 0.067881 0.097689 0.172695 0.252068 0.061400 0.126493 0.100763 0.089552 0.026551 
0.005885 0.034213 0.066808 0.234842 0.173078 0.043762 0.162051 0.138680 0.113139 0.027542 
0.001175 0.028694 0.046728 0.210973 0.164995 0.043128 0.192739 0.155426 0.121594 0.034549 
0.005116 0.031308 0.012463 0.235859 0.181076 0.033540 0.230953 0.128373 0.121699 0.019614 
0.000879 0.028045 0.018560 0.296185 0.207922 0.026601 0.173987 0.100797 0.116149 0.030876 
0.002259 0.029342 0.017562 0.268526 0.247834 0.047644 0.146842 0.073153 0.135007 0.031829 
0.010980 0.072434 0.195793 0.249612 0.069075 0.100794 0.106109 0.091833 0.053497 0.049872 
0.021288 0.115147 0.150427 0.276908 0.068107 0.086641 0.064752 0.089918 0.073856 0.052956 
0.011747 0.113507 0.157857 0.232886 0.072119 0.096148 0.060405 0.103196 0.118243 0.033891 
0.004589 0.107973 0.093624 0.276687 0.069379 0.075484 0.085420 0.137865 0.075378 0.073603 
0.002929 0.093556 0.083137 0.237031 0.060032 0.105074 0.122912 0.134149 0.065109 0.096071 
0.007462 0.076226 0.040349 0.280965 0.114541 0.107743 0.139370 0.101735 0.038847 0.092760 
0.012018 0.072004 0.059374 0.283853 0.093439 0.169458 0.111235 0.062260 0.034214 0.102145 
0.004140 0.043643 0.084676 0.381625 0.068202 0.156675 0.060983 0.074262 0.040425 0.085370 
0.002906 0.032873 0.064963 0.295466 0.091874 0.086171 0.149821 0.129220 0.058069 0.088636 
0.005132 0.038700 0.051371 0.339557 0.093989 0.072184 0.106557 0.179304 0.032462 0.080745 
0.007036 0.094697 0.208224 0.246215 0.090528 0.085891 0.073079 0.086878 0.041852 0.065599 
0.004557 0.277135 0.262589 0.076219 0.078289 0.046330 0.042413 0.068943 0.092501 0.051024 
0.032517 0.364580 0.184545 0.090716 0.057864 0.038966 0.034451 0.062998 0.076997 0.056365 
0.046164 0.364330 0.230767 0.072075 0.063405 0.041564 0.024256 0.060606 0.061019 0.035813 
0.026754 0.359043 0.183438 0.052171 0.068532 0.058723 0.059676 0.067092 0.096684 0.027888 
0.005677 0.310710 0.167927 0.107289 0.054257 0.088295 0.088705 0.053759 0.103003 0.020377 
0.029227 0.230459 0.103182 0.169722 0.083411 0.117464 0.083272 0.076469 0.072943 0.033852 
0.019897 0.218269 0.077049 0.221354 0.078473 0.103185 0.055170 0.093166 0.063515 0.069923 
0.005073 0.167262 0.085811 0.259563 0.102029 0.074611 0.069147 0.079661 0.072925 0.083918 
0.017581 0.160053 0.143091 0.241207 0.099236 0.103723 0.058481 0.053553 0.067629 0.055446 
0.010540 0.147990 0.165149 0.169861 0.046893 0.101131 0.101961 0.110885 0.094925 0.050666 
0.004204 0.040576 0.203953 0.256861 0.075742 0.092264 0.114654 0.079415 0.035605 0.096725 
0.001479 0.078111 0.127502 0.247330 0.082287 0.081878 0.146404 0.088063 0.041307 0.105639 
0.012684 0.104885 0.100505 0.246249 0.085225 0.093060 0.138906 0.084436 0.035856 0.098195 
0.024815 0.178471 0.079344 0.191467 0.060663 0.076803 0.169245 0.080410 0.052629 0.086154 
0.009359 0.207421 0.142889 0.183373 0.072535 0.070214 0.103976 0.089725 0.042390 0.078118 
0.016348 0.133565 0.096698 0.217159 0.068379 0.067162 0.178666 0.078316 0.033817 0.109890 
0.008479 0.086304 0.046490 0.293943 0.082011 0.087366 0.203059 0.076623 0.020007 0.095717 
0.001160 0.047252 0.075340 0.326146 0.071193 0.059593 0.159010 0.112833 0.053448 0.094026 
0.000705 0.032744 0.043041 0.311677 0.075663 0.063469 0.213242 0.126363 0.038399 0.094698 
0.007724 0.053878 0.033283 0.325683 0.068515 0.029408 0.221959 0.130799 0.029217 0.099534 
0.004579 0.045503 0.042902 0.303127 0.067444 0.036838 0.218884 0.090983 0.057878 0.131862 
0.005049 0.051675 0.183365 0.229370 0.044674 0.090658 0.120612 0.121775 0.072799 0.080023 
0.005908 0.096804 0.126702 0.275648 0.048057 0.080257 0.092986 0.133629 0.070207 0.069802 
0.008965 0.115048 0.136419 0.243746 0.075849 0.073966 0.086695 0.101363 0.068022 0.089927 
0.017775 0.165152 0.117310 0.240846 0.059042 0.056242 0.107506 0.102009 0.046932 0.087186 
0.001793 0.153180 0.130752 0.283569 0.065542 0.040030 0.091434 0.094726 0.047412 0.091562 
0.010897 0.097111 0.086600 0.247415 0.054195 0.091338 0.161555 0.089066 0.080689 0.081133 
0.012403 0.065054 0.055676 0.288179 0.029339 0.070798 0.187970 0.082720 0.130583 0.077279 
0.004016 0.047667 0.038841 0.243088 0.024716 0.113700 0.207609 0.103791 0.126608 0.089964 
0.005937 0.048448 0.049982 0.257537 0.028437 0.096973 0.224428 0.097320 0.089834 0.101104 
0.001361 0.036117 0.026882 0.258060 0.045523 0.076717 0.214943 0.112639 0.098431 0.129328 
0.010845 0.062311 0.112840 0.191117 0.096946 0.062795 0.157264 0.129747 0.079559 0.096576 
0.000332 0.064751 0.308155 0.195673 0.050817 0.074865 0.135731 0.063314 0.056517 0.049846 
0.009280 0.088511 0.205723 0.203099 0.064660 0.057879 0.131483 0.103483 0.084372 0.051510 
0.012467 0.114111 0.183522 0.148298 0.078378 0.082937 0.126147 0.128936 0.083519 0.041685 
0.021516 0.173199 0.145859 0.183530 0.072125 0.028804 0.104804 0.134982 0.090469 0.044713 
0.006323 0.142906 0.149227 0.165910 0.127934 0.069868 0.104628 0.145011 0.054103 0.034090 
0.003443 0.038572 0.212309 0.120689 0.105186 0.143413 0.113134 0.114099 0.119169 0.029986 
0.000256 0.016996 0.173063 0.099501 0.072783 0.196234 0.149604 0.132037 0.127958 0.031567 
0.004965 0.031129 0.183351 0.062865 0.045155 0.209984 0.178286 0.126511 0.124639 0.033116 
0.000841 0.025544 0.204903 0.096163 0.102700 0.163922 0.164450 0.137435 0.078653 0.025389 
0.007921 0.033464 0.196419 0.091030 0.111153 0.200681 0.151685 0.121936 0.045067 0.040644 
0.003122 0.049997 0.371408 0.135582 0.084557 0.093388 0.063854 0.099416 0.073433 0.025242 
0.003324 0.110014 0.186554 0.227557 0.065115 0.118302 0.076854 0.110004 0.075489 0.026784 
0.003306 0.111818 0.136704 0.226138 0.082944 0.142923 0.049587 0.112273 0.097361 0.036945 
0.005292 0.117869 0.116008 0.243768 0.080058 0.112121 0.065040 0.140274 0.066390 0.053180 
0.003166 0.080429 0.141944 0.184820 0.138746 0.090323 0.076282 0.150620 0.071227 0.062443 
0.017410 0.133984 0.121374 0.209651 0.077445 0.072703 0.071393 0.106752 0.064817 0.124469 
0.019822 0.183353 0.103072 0.165298 0.055417 0.059089 0.051236 0.134334 0.068838 0.159542 
0.005720 0.152515 0.079840 0.163167 0.042268 0.122990 0.078228 0.158341 0.074358 0.122572 
0.005386 0.143888 0.116084 0.151991 0.088232 0.162222 0.064092 0.156396 0.071367 0.040344 
0.002480 0.154985 0.089750 0.134692 0.069908 0.222330 0.080626 0.090112 0.060177 0.094940 
0.010056 0.140319 0.086713 0.106208 0.124504 0.234769 0.074892 0.052361 0.043695 0.126482 
0.001883 0.119068 0.321375 0.154364 0.027914 0.082950 0.058858 0.105451 0.081570 0.046566 
0.003772 0.121355 0.170611 0.188780 0.104482 0.085477 0.059228 0.156681 0.073267 0.036348 
0.007312 0.114501 0.140897 0.189261 0.086903 0.094720 0.070965 0.181988 0.073801 0.039652 
0.002212 0.069762 0.170016 0.172674 0.097649 0.081813 0.084052 0.216193 0.062751 0.042878 
0.007551 0.062874 0.181075 0.114603 0.142706 0.091412 0.051045 0.233450 0.065206 0.050079 
0.005342 0.091650 0.244707 0.235215 0.108974 0.079420 0.032823 0.133194 0.037547 0.031127 
0.001121 0.110793 0.191511 0.282177 0.066636 0.080848 0.030933 0.130764 0.033776 0.071441 
0.000318 0.084570 0.123156 0.257817 0.051030 0.132952 0.079254 0.151046 0.041695 0.078163 
0.011223 0.115890 0.072210 0.251917 0.054082 0.132157 0.068513 0.139647 0.044893 0.109468 
0.014665 0.133542 0.104773 0.281304 0.075760 0.140457 0.042265 0.100272 0.038269 0.068694 
0.001779 0.082914 0.196709 0.174280 0.099885 0.122557 0.078163 0.072833 0.077753 0.093126 
0.001148 0.078552 0.259338 0.146264 0.081483 0.135448 0.037546 0.134918 0.073733 0.051570 
0.006945 0.113923 0.158373 0.187765 0.097918 0.143305 0.036566 0.151799 0.062552 0.040854 
0.010465 0.134068 0.157515 0.178959 0.081955 0.110452 0.073144 0.136952 0.073000 0.043491 
0.003423 0.152128 0.167188 0.199768 0.083996 0.167274 0.065087 0.106297 0.027859 0.026981 
0.011534 0.132770 0.139331 0.139601 0.098710 0.225986 0.048014 0.140327 0.020941 0.042786 
0.013251 0.119851 0.196673 0.141793 0.172977 0.184870 0.026596 0.074421 0.038541 0.031028 
0.005632 0.112264 0.119787 0.117929 0.246463 0.167576 0.030316 0.123398 0.050494 0.026141 
0.009856 0.073268 0.071848 0.136091 0.285323 0.080068 0.036525 0.211819 0.065863 0.029338 
0.008844 0.065364 0.081406 0.130206 0.276988 0.037997 0.031530 0.266939 0.068824 0.031902 
0.008145 0.073263 0.055563 0.081946 0.288288 0.080492 0.064375 0.254766 0.042546 0.050616 
0.002567 0.047317 0.362597 0.155220 0.108398 0.063080 0.039582 0.115750 0.069337 0.036151 
0.011532 0.120546 0.231331 0.169473 0.064142 0.113749 0.056968 0.074611 0.118964 0.038685 
0.010261 0.147468 0.163935 0.176980 0.115589 0.165121 0.030039 0.055965 0.122876 0.011767 
0.004973 0.120162 0.138304 0.157133 0.073385 0.199777 0.051449 0.101375 0.133552 0.019889 
0.001501 0.067712 0.138253 0.187775 0.060008 0.217215 0.059488 0.158974 0.087465 0.021609 
0.012045 0.037169 0.205570 0.175832 0.087487 0.166715 0.048366 0.137004 0.090252 0.039559 
0.014459 0.065189 0.164086 0.275928 0.050078 0.127665 0.038013 0.131802 0.053490 0.079291 
0.000449 0.045288 0.083771 0.305610 0.041759 0.178046 0.065225 0.161891 0.041029 0.076931 
0.005375 0.075803 0.110942 0.288485 0.052163 0.135230 0.038516 0.127293 0.043839 0.122352 
0.006432 0.061351 0.097978 0.341835 0.081994 0.132843 0.013203 0.085849 0.027577 0.150940 
0.016442 0.072243 0.085905 0.389644 0.079165 0.154072 0.027909 0.057453 0.037885 0.079282 
0.004338 0.098981 0.257881 0.226607 0.046985 0.073450 0.064927 0.111851 0.046388 0.068591 
0.007956 0.128305 0.136208 0.205933 0.084955 0.104642 0.039864 0.151466 0.087225 0.053447 
0.000707 0.139191 0.118767 0.238239 0.114773 0.118232 0.024288 0.139700 0.072138 0.033965 
0.005868 0.172840 0.178816 0.222214 0.082057 0.120042 0.027272 0.092834 0.063078 0.034980 
0.012058 0.201264 0.200383 0.197036 0.104606 0.082020 0.026652 0.045706 0.055369 0.074906 
0.009763 0.149694 0.198123 0.185167 0.109006 0.142567 0.031544 0.045602 0.055122 0.073413 
0.003819 0.073433 0.094032 0.342396 0.057819 0.130626 0.141477 0.044827 0.050167 0.061403 
0.001660 0.057841 0.093142 0.209614 0.172235 0.065852 0.108524 0.214339 0.034576 0.042217 
0.000296 0.062793 0.102429 0.110128 0.290544 0.076141 0.050425 0.258142 0.023645 0.025456 
0.002445 0.067271 0.106175 0.105489 0.318096 0.059203 0.025675 0.195318 0.074790 0.045536 
0.014381 0.095817 0.097365 0.061171 0.295109 0.091641 0.036810 0.189072 0.053518 0.065117 
0.008001 0.059671 0.089213 0.060241 0.244481 0.065012 0.041622 0.305765 0.084375 0.041619 
0.007929 0.072165 0.069286 0.047280 0.206595 0.126544 0.056990 0.349411 0.038067 0.025732 
0.002984 0.046022 0.076672 0.067351 0.217387 0.087290 0.057591 0.336365 0.081371 0.026967 
0.000356 0.051045 0.087300 0.054728 0.249319 0.083475 0.030526 0.305931 0.101349 0.035970 
0.014157 0.098277 0.133969 0.101718 0.272492 0.140498 0.030351 0.141023 0.044153 0.023363 
0.006828 0.059175 0.069881 0.082904 0.316124 0.105295 0.022165 0.190136 0.079125 0.068366 
0.000446 0.050802 0.086948 0.079291 0.371651 0.093822 0.020808 0.161115 0.059767 0.075349 
0.000276 0.074308 0.106163 0.115339 0.229385 0.160555 0.065836 0.148817 0.035908 0.063414 
0.003075 0.099590 0.156746 0.111239 0.193308 0.137567 0.042421 0.121684 0.035564 0.098807 
0.010746 0.127150 0.172282 0.091220 0.140425 0.104187 0.056997 0.103870 0.113107 0.080018 
0.001613 0.035108 0.052355 0.051305 0.219950 0.054912 0.077112 0.253510 0.212759 0.041375 
0.006553 0.032380 0.056418 0.081581 0.267012 0.050387 0.046908 0.369374 0.064625 0.024762 
0.006106 0.028232 0.042803 0.050160 0.172902 0.034279 0.054509 0.440656 0.128936 0.041418 
0.001410 0.016740 0.018114 0.020638 0.152600 0.038674 0.073548 0.510824 0.128974 0.038478 
0.000556 0.017147 0.017040 0.015936 0.189623 0.053740 0.067003 0.472609 0.130858 0.035486 
0.000217 0.019707 0.018786 0.029859 0.175765 0.046451 0.073717 0.465172 0.127001 0.043324 
0.000933 0.013055 0.018481 0.057288 0.207480 0.047796 0.059913 0.504104 0.047812 0.043139 
0.002420 0.023996 0.022437 0.042994 0.198777 0.091023 0.106486 0.431483 0.040417 0.039967 
0.001297 0.030367 0.037897 0.086066 0.222243 0.093146 0.087428 0.388267 0.016831 0.036458 
0.003206 0.082716 0.082396 0.071572 0.196079 0.199195 0.054864 0.209331 0.023164 0.077477 
0.012008 0.073753 0.085294 0.156515 0.245325 0.127727 0.088344 0.135643 0.037695 0.037696 
0.007284 0.047416 0.079473 0.146735 0.454853 0.107432 0.039323 0.076996 0.020252 0.020236 
0.001248 0.035290 0.080536 0.146423 0.370394 0.137028 0.036323 0.135142 0.021225 0.036391 
0.003200 0.062281 0.080049 0.184139 0.245434 0.203401 0.062015 0.094214 0.018603 0.046663 
0.008301 0.100626 0.122199 0.047835 0.193905 0.275990 0.053839 0.103764 0.037128 0.056414 
0.009204 0.069020 0.076608 0.107362 0.388774 0.171037 0.025150 0.087644 0.024766 0.040434 
0.004399 0.039526 0.067115 0.074845 0.288164 0.084928 0.049437 0.260843 0.055127 0.075616 
0.000173 0.036167 0.048609 0.050453 0.174167 0.125974 0.101037 0.347970 0.031960 0.083491 
0.004044 0.050653 0.041609 0.170254 0.232294 0.135966 0.096862 0.168110 0.041005 0.059201 
0.004311 0.068097 0.052570 0.095840 0.289391 0.135619 0.020665 0.226832 0.028560 0.078117 
0.003139 0.048666 0.048484 0.076207 0.352849 0.114881 0.028617 0.234386 0.039176 0.053597 
0.005385 0.044809 0.087190 0.212008 0.232779 0.124620 0.072753 0.159102 0.018174 0.043180 
0.011896 0.065184 0.216397 0.209089 0.216995 0.075709 0.078246 0.072901 0.016348 0.037236 
0.014452 0.070674 0.169849 0.200339 0.255866 0.026418 0.082297 0.114611 0.022846 0.042649 
0.002592 0.031393 0.152313 0.306388 0.254721 0.044490 0.079862 0.071797 0.019258 0.037186 
0.011466 0.050026 0.195445 0.397147 0.092165 0.046636 0.096630 0.042702 0.034709 0.033073 
0.010659 0.057900 0.200573 0.225200 0.162186 0.055774 0.123054 0.098150 0.040117 0.026387 
0.002003 0.017090 0.103366 0.089719 0.417828 0.084276 0.051358 0.049292 0.102987 0.082081 
0.003642 0.033556 0.087664 0.085035 0.415968 0.125765 0.059071 0.048469 0.079418 0.061411 
0.001793 0.029794 0.124129 0.084841 0.279531 0.161637 0.068146 0.051040 0.071041 0.128047 
0.000005 0.032626 0.195429 0.090468 0.142559 0.202749 0.066388 0.052291 0.035292 0.182194 
0.007303 0.023734 0.165409 0.108944 0.198196 0.230367 0.064626 0.054863 0.039174 0.107384 
0.003203 0.011198 0.088683 0.042084 0.375175 0.195734 0.070831 0.054410 0.067085 0.091594 
0.001953 0.018216 0.069327 0.057845 0.309588 0.242821 0.076031 0.048714 0.097335 0.078172 
0.000006 0.015733 0.092900 0.079404 0.331900 0.177236 0.069001 0.046162 0.105199 0.082459 
0.007028 0.045007 0.152440 0.109568 0.276378 0.183129 0.070921 0.037063 0.062209 0.056257 
0.010426 0.046196 0.276036 0.150895 0.087804 0.199665 0.057248 0.049833 0.056330 0.065568 
0.000176 0.018003 0.086361 0.054832 0.355937 0.123638 0.028491 0.028642 0.230491 0.073429 
0.003262 0.026802 0.113367 0.043668 0.183478 0.108654 0.017696 0.037063 0.324171 0.141838 
0.005360 0.021494 0.105199 0.048968 0.223972 0.126700 0.029269 0.053461 0.335056 0.050521 
0.010030 0.049789 0.145760 0.059847 0.216736 0.151052 0.037014 0.121590 0.114013 0.094171 
0.007027 0.047670 0.213869 0.091634 0.136259 0.166046 0.040958 0.075430 0.096033 0.125073 
0.007737 0.050386 0.171443 0.071195 0.158126 0.090565 0.057484 0.058505 0.199766 0.134793 
0.001804 0.054083 0.155380 0.072358 0.089911 0.043092 0.023781 0.066824 0.341746 0.151020 
0.002822 0.055883 0.072348 0.100354 0.109261 0.030101 0.038086 0.066421 0.379350 0.145374 
0.001491 0.049043 0.071392 0.101872 0.126038 0.063217 0.037424 0.100944 0.377216 0.071364 
0.006884 0.061910 0.110643 0.095195 0.139763 0.079213 0.044076 0.077528 0.341266 0.043522 
0.000551 0.039091 0.108986 0.107858 0.167462 0.048521 0.035034 0.097219 0.301866 0.093412 
0.003402 0.036762 0.069366 0.094976 0.173682 0.042524 0.031467 0.213293 0.250377 0.084150 
0.003860 0.032080 0.113397 0.136980 0.196629 0.061820 0.051639 0.241675 0.087083 0.074837 
0.006570 0.042297 0.142973 0.113807 0.167829 0.080788 0.017535 0.319324 0.056756 0.052122 
0.005346 0.050353 0.217945 0.091701 0.186380 0.118858 0.046854 0.133815 0.093153 0.055595 
0.010280 0.079057 0.200634 0.137818 0.137718 0.129693 0.051737 0.116912 0.082459 0.053692 
0.007274 0.083484 0.194985 0.153810 0.088923 0.175986 0.037015 0.107879 0.073030 0.077613 
0.001323 0.041265 0.114081 0.112791 0.343535 0.118685 0.030935 0.116163 0.071733 0.049490 
0.010278 0.083980 0.149015 0.121197 0.235374 0.166389 0.037027 0.109394 0.042782 0.044563 
0.011130 0.098955 0.224254 0.098393 0.121004 0.171203 0.050123 0.107674 0.086240 0.031024 
0.009016 0.077104 0.190320 0.123645 0.166443 0.148780 0.039319 0.124771 0.083118 0.037484 
0.001894 0.097734 0.157802 0.153485 0.090560 0.171938 0.051497 0.141734 0.089676 0.043679 
0.001794 0.053778 0.075314 0.059468 0.153495 0.106982 0.020036 0.147418 0.253582 0.128134 
0.009718 0.052529 0.050995 0.053864 0.146051 0.090667 0.021163 0.206424 0.274335 0.094254 
0.005610 0.055912 0.028281 0.073858 0.173730 0.095460 0.019640 0.294354 0.134551 0.118604 
0.002269 0.042374 0.067799 0.091364 0.259913 0.088832 0.023675 0.266788 0.069834 0.087154 
0.000550 0.031628 0.090379 0.126170 0.230200 0.079658 0.042048 0.245639 0.062966 0.090762 
0.011082 0.056351 0.122072 0.118684 0.149195 0.062720 0.097443 0.197120 0.077631 0.107702 
0.010056 0.046237 0.145401 0.202969 0.055133 0.050855 0.106729 0.134791 0.062077 0.185753 
0.003306 0.010576 0.156170 0.129370 0.050848 0.108284 0.114984 0.171241 0.056562 0.198659 
0.003418 0.017944 0.139535 0.191789 0.093367 0.107644 0.067128 0.101098 0.036531 0.241545 
0.001659 0.022504 0.152633 0.237056 0.067527 0.122031 0.102101 0.065476 0.126815 0.102199 
0.002296 0.010515 0.175417 0.196254 0.083011 0.142654 0.100089 0.038452 0.131723 0.119590 
0.000730 0.012793 0.159942 0.226349 0.068624 0.064407 0.125536 0.116987 0.047273 0.177359 
0.004246 0.031426 0.113814 0.242244 0.064736 0.074213 0.106398 0.148293 0.068787 0.145841 
0.002559 0.013619 0.157751 0.247956 0.055563 0.114895 0.106069 0.148001 0.081932 0.071656 
