SpeedOfSound,Coldplay
0.000000 0.000000 0.000000 0.000000 0.000000 0.000000 0.000000 0.000000 0.000000 0.000000 
0.000000 0.000000 0.000000 0.000000 0.000000 0.000000 0.000000 0.000000 0.000000 0.000000 
0.000000 0.000000 0.000000 0.000000 0.000000 0.000000 0.000000 0.000000 0.000000 0.000000 
0.107996 0.192934 0.062395 0.068383 0.045868 0.110336 0.167226 0.099388 0.060137 0.085338 
0.150740 0.394645 0.347889 0.036585 0.019546 0.010858 0.008755 0.017135 0.007595 0.006254 
0.077668 0.269654 0.315397 0.132410 0.067433 0.063435 0.033959 0.014067 0.015528 0.010450 
0.025059 0.139515 0.324090 0.170062 0.231039 0.033488 0.027771 0.027399 0.013757 0.007821 
0.045089 0.166003 0.392265 0.135465 0.118269 0.039912 0.026885 0.043742 0.022601 0.009770 
0.019514 0.205842 0.325746 0.136769 0.181234 0.034598 0.034060 0.033585 0.017606 0.011045 
0.007723 0.134793 0.380571 0.093487 0.253690 0.026948 0.029744 0.041256 0.021140 0.010648 
0.008347 0.120935 0.441733 0.068979 0.238418 0.022400 0.019591 0.058035 0.014919 0.006643 
0.005997 0.114440 0.330083 0.072456 0.253693 0.061324 0.052432 0.053690 0.034608 0.021277 
0.023962 0.105581 0.268653 0.095215 0.287990 0.058329 0.059038 0.043060 0.034286 0.023887 
0.026345 0.130954 0.362948 0.205416 0.147685 0.012692 0.031394 0.068687 0.008307 0.005573 
0.034512 0.132174 0.266941 0.149757 0.325595 0.022703 0.019178 0.026674 0.014851 0.007615 
0.008806 0.178983 0.251020 0.151790 0.304425 0.015917 0.015592 0.057151 0.010311 0.006006 
0.015816 0.155468 0.193966 0.176577 0.286146 0.026379 0.029618 0.100800 0.010492 0.004738 
0.003460 0.149697 0.280456 0.194464 0.194792 0.044288 0.032990 0.072379 0.020357 0.007117 
0.008404 0.107801 0.181633 0.139633 0.392207 0.048990 0.025904 0.075576 0.011832 0.008021 
0.000491 0.046724 0.155623 0.146071 0.404084 0.060182 0.047957 0.100769 0.023251 0.014849 
0.031119 0.078170 0.222870 0.142205 0.331405 0.025923 0.020261 0.115199 0.022723 0.010126 
0.008768 0.068562 0.147271 0.153729 0.382728 0.060177 0.054143 0.090095 0.020223 0.014305 
0.000569 0.048165 0.075260 0.136089 0.473290 0.068306 0.069059 0.077058 0.031790 0.020415 
0.018673 0.043529 0.177749 0.114333 0.496327 0.049078 0.038878 0.036631 0.014990 0.009812 
0.009056 0.027225 0.181956 0.162632 0.434955 0.050218 0.045474 0.054973 0.020729 0.012782 
0.006119 0.046737 0.111872 0.137247 0.481848 0.059095 0.054259 0.073186 0.017394 0.012243 
0.015993 0.080266 0.134491 0.163358 0.368791 0.031733 0.028229 0.130892 0.032301 0.013947 
0.002512 0.065821 0.116010 0.154810 0.357524 0.031473 0.031274 0.180354 0.041809 0.018414 
0.014249 0.054218 0.213397 0.124471 0.353652 0.060300 0.052071 0.085541 0.027081 0.015021 
0.021111 0.076380 0.172099 0.161995 0.371756 0.051423 0.042343 0.091014 0.006253 0.005626 
0.008875 0.104227 0.124525 0.144510 0.370930 0.044816 0.034813 0.131696 0.022382 0.013226 
0.019700 0.068585 0.100819 0.117430 0.346731 0.054020 0.055572 0.179326 0.037476 0.020342 
0.006071 0.036501 0.114487 0.111564 0.324382 0.053203 0.069727 0.242582 0.030567 0.010917 
0.007355 0.054033 0.174408 0.105294 0.353562 0.054394 0.061058 0.167017 0.016634 0.006245 
0.013970 0.039570 0.152983 0.178297 0.437316 0.051912 0.049731 0.063051 0.008148 0.005022 
0.002198 0.035528 0.111272 0.095835 0.474592 0.063078 0.049875 0.104371 0.041360 0.021892 
0.003446 0.034959 0.064315 0.170733 0.468791 0.053884 0.036924 0.099375 0.043627 0.023946 
0.009206 0.030116 0.112824 0.164877 0.411669 0.045828 0.044124 0.133443 0.031243 0.016670 
0.002566 0.042976 0.104697 0.193051 0.279030 0.038777 0.046766 0.231581 0.043109 0.017449 
0.010820 0.061246 0.071810 0.137042 0.275959 0.035265 0.049824 0.277872 0.054248 0.025915 
0.000744 0.021241 0.107047 0.147429 0.191482 0.036125 0.071856 0.356362 0.049904 0.017809 
0.002535 0.026932 0.135629 0.093693 0.367082 0.035025 0.050912 0.209355 0.051098 0.027739 
0.002659 0.020416 0.099393 0.133647 0.404838 0.023355 0.037285 0.215656 0.042987 0.019765 
0.006641 0.018723 0.056913 0.124215 0.392127 0.063280 0.081826 0.224431 0.021749 0.010095 
0.004544 0.021650 0.057757 0.107909 0.340747 0.056196 0.084144 0.285067 0.032408 0.009579 
0.005683 0.031279 0.074809 0.151333 0.379181 0.037932 0.040808 0.225501 0.040522 0.012952 
0.000234 0.013268 0.063090 0.118991 0.390799 0.032762 0.047756 0.244180 0.059179 0.029740 
0.004463 0.025752 0.067961 0.120642 0.346205 0.047703 0.063073 0.273910 0.036623 0.013667 
0.003683 0.020379 0.079977 0.095359 0.403778 0.050600 0.057802 0.218416 0.044417 0.025589 
0.001893 0.018420 0.115607 0.123200 0.340325 0.033801 0.037899 0.231536 0.065403 0.031914 
0.008435 0.019571 0.079179 0.100146 0.336462 0.033383 0.049227 0.274681 0.067367 0.031549 
0.005091 0.026013 0.064333 0.145030 0.293515 0.020686 0.045622 0.304107 0.064917 0.030685 
0.007414 0.025326 0.042756 0.131115 0.377869 0.032806 0.063418 0.262720 0.042529 0.014047 
0.000573 0.008117 0.049996 0.142820 0.427025 0.058891 0.069009 0.207082 0.021238 0.015247 
0.006087 0.030925 0.054800 0.103667 0.361833 0.052134 0.094822 0.241297 0.038154 0.016283 
0.006624 0.031398 0.064436 0.181770 0.334764 0.046106 0.066391 0.202828 0.039068 0.026616 
0.004183 0.020654 0.044815 0.108769 0.378455 0.061327 0.068501 0.271240 0.019645 0.022411 
0.000876 0.009680 0.051574 0.148430 0.398313 0.059028 0.080162 0.197636 0.035582 0.018719 
0.011253 0.035978 0.105459 0.120803 0.274757 0.033040 0.045294 0.302420 0.051616 0.019381 
0.005666 0.030386 0.031283 0.090526 0.237533 0.033168 0.071237 0.410690 0.064934 0.024578 
0.001379 0.007645 0.024333 0.065662 0.263190 0.051615 0.085866 0.420257 0.055874 0.024179 
0.006546 0.024322 0.055836 0.098599 0.139848 0.027068 0.083673 0.460503 0.077284 0.026321 
0.018451 0.077217 0.074793 0.141888 0.059322 0.045187 0.092991 0.389863 0.089238 0.011050 
0.021666 0.042913 0.058382 0.103743 0.143848 0.033409 0.080365 0.413769 0.075635 0.026270 
0.000188 0.025076 0.044353 0.084338 0.211402 0.030478 0.068501 0.401386 0.085199 0.049078 
0.000271 0.025260 0.035903 0.093899 0.282563 0.045846 0.076449 0.345732 0.060274 0.033804 
0.023512 0.018747 0.040305 0.126478 0.398086 0.056281 0.065293 0.195967 0.043221 0.032111 
0.019982 0.024622 0.070328 0.153339 0.403580 0.059446 0.052140 0.149292 0.036171 0.031100 
0.007941 0.034311 0.063489 0.275826 0.213621 0.027118 0.206816 0.080834 0.029327 0.060716 
0.018007 0.047715 0.039292 0.176685 0.175750 0.030195 0.231297 0.148314 0.035980 0.096763 
0.025876 0.031101 0.036951 0.122455 0.219537 0.062579 0.268686 0.114025 0.029092 0.089699 
0.013664 0.016544 0.025212 0.172824 0.190350 0.050020 0.222995 0.120146 0.055011 0.133233 
0.002778 0.008317 0.037148 0.195102 0.158561 0.057226 0.185364 0.211163 0.050315 0.094024 
0.002903 0.011270 0.023039 0.228373 0.139816 0.039882 0.117041 0.293809 0.036343 0.107525 
0.006989 0.026604 0.037606 0.271276 0.064428 0.034617 0.084777 0.308295 0.056257 0.109150 
0.000389 0.008379 0.029213 0.262533 0.167428 0.044420 0.090796 0.237226 0.036163 0.123454 
0.007045 0.030687 0.059076 0.287469 0.279026 0.068315 0.094528 0.077935 0.014695 0.081224 
0.004398 0.013165 0.044067 0.241405 0.318182 0.049173 0.120644 0.098962 0.027636 0.082369 
0.003507 0.017931 0.080134 0.098457 0.290686 0.098519 0.109728 0.153303 0.048541 0.099193 
0.014611 0.028012 0.042031 0.147240 0.140013 0.268966 0.082020 0.151392 0.025336 0.100378 
0.013624 0.016368 0.031355 0.130081 0.189451 0.202686 0.087984 0.240856 0.025163 0.062431 
0.004764 0.012706 0.026700 0.136893 0.162024 0.120701 0.087255 0.326486 0.051927 0.070544 
0.002844 0.021496 0.045861 0.121315 0.182981 0.045208 0.051883 0.342974 0.084489 0.100951 
0.005651 0.015406 0.047285 0.139488 0.183521 0.087715 0.072893 0.293360 0.061539 0.093142 
0.013973 0.032956 0.107972 0.140326 0.097967 0.161634 0.059041 0.249963 0.066528 0.069641 
0.002836 0.035324 0.173798 0.178951 0.082781 0.160309 0.061477 0.180660 0.075787 0.048075 
0.004318 0.035352 0.130161 0.190977 0.135203 0.198130 0.069267 0.090724 0.063433 0.082437 
0.000060 0.010443 0.157502 0.186930 0.188263 0.192186 0.048394 0.083110 0.072582 0.060529 
0.001221 0.011770 0.106602 0.160149 0.205644 0.203328 0.048017 0.126351 0.038363 0.098554 
0.006635 0.023675 0.095503 0.133494 0.212841 0.148891 0.061732 0.160315 0.033946 0.122968 
0.001565 0.011553 0.091873 0.138494 0.243581 0.170618 0.051588 0.095714 0.040367 0.154647 
0.006635 0.037890 0.096493 0.176736 0.202993 0.089169 0.033988 0.182752 0.052452 0.120892 
0.002693 0.017373 0.124329 0.117927 0.270895 0.109983 0.032332 0.147108 0.056188 0.121172 
0.000561 0.022793 0.130440 0.118294 0.258564 0.138849 0.056582 0.110714 0.076549 0.086653 
0.018344 0.023325 0.118460 0.058492 0.189736 0.151391 0.065362 0.197368 0.066486 0.111035 
0.021854 0.015915 0.067196 0.069342 0.141514 0.162826 0.077296 0.298423 0.053354 0.092278 
0.000871 0.026471 0.076504 0.076597 0.155058 0.142998 0.075851 0.299662 0.052724 0.093264 
0.014190 0.021567 0.076045 0.063516 0.153225 0.113182 0.070760 0.335692 0.067148 0.084675 
0.001511 0.014946 0.072183 0.068348 0.168607 0.099617 0.042408 0.315451 0.079781 0.137148 
0.000367 0.017297 0.113158 0.070243 0.201759 0.139849 0.055054 0.222181 0.044346 0.135746 
0.005436 0.015469 0.148533 0.114222 0.079857 0.122407 0.065234 0.247989 0.044643 0.156209 
0.001409 0.041133 0.162641 0.112462 0.115704 0.121732 0.055979 0.104110 0.061058 0.223772 
0.003853 0.013432 0.120574 0.129600 0.075644 0.099616 0.053208 0.239359 0.057762 0.206954 
0.000247 0.015651 0.110068 0.122049 0.061904 0.058708 0.066890 0.261576 0.089016 0.213890 
0.002387 0.009190 0.123607 0.109593 0.170072 0.060769 0.056106 0.291676 0.047431 0.129169 
0.004494 0.029156 0.068288 0.107874 0.216652 0.101466 0.055068 0.241554 0.040973 0.134474 
0.004048 0.015934 0.070681 0.118767 0.218940 0.046147 0.040939 0.320207 0.059976 0.104362 
0.011487 0.007683 0.088875 0.120567 0.249207 0.083954 0.057333 0.244962 0.049486 0.086447 
0.005959 0.015421 0.087397 0.141997 0.248386 0.114839 0.052999 0.202679 0.036370 0.093952 
0.003981 0.012444 0.080250 0.125439 0.149693 0.165676 0.089566 0.251216 0.046108 0.075626 
0.004868 0.041967 0.072887 0.140060 0.072044 0.095972 0.144730 0.302051 0.039871 0.085548 
0.026991 0.023834 0.060990 0.206338 0.079586 0.075937 0.161012 0.218670 0.060461 0.086181 
0.016865 0.034336 0.100067 0.207108 0.123623 0.118645 0.151549 0.089182 0.058019 0.100605 
0.007677 0.013750 0.082540 0.174418 0.079502 0.103818 0.116450 0.228790 0.054603 0.138453 
0.003982 0.007483 0.082336 0.172483 0.058703 0.083928 0.154912 0.201213 0.060245 0.174713 
0.000646 0.007162 0.071961 0.120762 0.098380 0.108798 0.156326 0.282056 0.056589 0.097319 
0.007222 0.027996 0.065746 0.072050 0.088944 0.129170 0.123390 0.350849 0.056361 0.078272 
0.003279 0.016843 0.083771 0.082238 0.051512 0.104845 0.127785 0.337342 0.064057 0.128328 
0.010964 0.042983 0.097408 0.156919 0.052480 0.055498 0.081991 0.346077 0.060442 0.095237 
0.004404 0.019396 0.096366 0.212713 0.100934 0.139764 0.073569 0.195557 0.070506 0.086791 
0.007661 0.024898 0.149645 0.155529 0.222878 0.127136 0.051987 0.135761 0.078057 0.046447 
0.010716 0.024387 0.126600 0.151521 0.246794 0.081390 0.065154 0.089635 0.133149 0.070654 
0.003744 0.009539 0.140274 0.173391 0.240279 0.066623 0.056416 0.125010 0.110460 0.074265 
0.013416 0.015659 0.122882 0.186486 0.222061 0.044023 0.081433 0.110816 0.138409 0.064815 
0.000037 0.030219 0.147060 0.116809 0.102532 0.048282 0.124806 0.199368 0.168623 0.062264 
0.001085 0.014310 0.167004 0.076107 0.080084 0.036383 0.139915 0.240000 0.156991 0.088120 
0.007130 0.032427 0.175204 0.109983 0.111590 0.046036 0.125288 0.220189 0.054857 0.117295 
0.002908 0.032606 0.208585 0.119788 0.158446 0.047705 0.084386 0.159918 0.077176 0.108482 
0.007673 0.038043 0.151926 0.090977 0.183391 0.066291 0.084712 0.261667 0.077523 0.037798 
0.003319 0.025907 0.139321 0.112152 0.236563 0.072367 0.158536 0.149162 0.050777 0.051896 
0.005915 0.039131 0.171473 0.101817 0.213895 0.049010 0.144384 0.157762 0.064095 0.052519 
0.006174 0.051134 0.234544 0.079146 0.182861 0.108263 0.094666 0.149035 0.056224 0.037953 
0.005021 0.033380 0.239809 0.067780 0.186570 0.109826 0.047032 0.180760 0.094350 0.035472 
0.001955 0.020385 0.199304 0.078669 0.203891 0.097650 0.077782 0.102605 0.138771 0.078988 
0.007258 0.041875 0.184745 0.052369 0.227495 0.102783 0.093088 0.083104 0.080633 0.126649 
0.000800 0.022039 0.190478 0.050982 0.284214 0.126459 0.103487 0.111720 0.063259 0.046562 
0.012016 0.032248 0.182907 0.063587 0.259314 0.070362 0.121020 0.126679 0.078870 0.052997 
0.023692 0.030480 0.210705 0.072834 0.168311 0.097092 0.097920 0.166700 0.071751 0.060515 
0.003178 0.022681 0.186313 0.063704 0.176407 0.106049 0.133137 0.089034 0.162385 0.057114 
0.008265 0.011880 0.134802 0.056793 0.183800 0.089260 0.140819 0.139788 0.165547 0.069044 
0.006044 0.020693 0.157244 0.061275 0.179244 0.109968 0.120641 0.148031 0.131072 0.065788 
0.005123 0.026789 0.128579 0.058351 0.215066 0.087873 0.096735 0.197505 0.136205 0.047774 
0.007473 0.030172 0.140166 0.050013 0.256015 0.057170 0.101483 0.175374 0.116807 0.065326 
0.003472 0.022529 0.163526 0.048294 0.222790 0.086949 0.092740 0.109707 0.173492 0.076503 
0.009298 0.039695 0.161056 0.071010 0.174352 0.068603 0.054101 0.215894 0.161754 0.044238 
0.003902 0.020104 0.163660 0.069112 0.165407 0.078131 0.082429 0.190433 0.169690 0.057132 
0.000555 0.016004 0.149711 0.082806 0.244816 0.064476 0.137105 0.157698 0.113781 0.033049 
0.003090 0.020108 0.138401 0.061401 0.208942 0.115608 0.113021 0.203153 0.091463 0.044814 
0.008001 0.014652 0.214916 0.042196 0.282049 0.093758 0.062334 0.099764 0.111970 0.070359 
0.004998 0.037954 0.201389 0.067545 0.255849 0.070606 0.019366 0.231215 0.055497 0.055582 
0.001918 0.018201 0.191001 0.055135 0.156329 0.087069 0.082311 0.243010 0.130133 0.034893 
0.002036 0.008210 0.174712 0.091421 0.164174 0.087720 0.085360 0.224922 0.129347 0.032099 
0.002554 0.015317 0.172954 0.078210 0.160047 0.036337 0.154908 0.196408 0.110918 0.072348 
0.004972 0.013859 0.137186 0.073607 0.164174 0.074254 0.142854 0.241150 0.089345 0.058598 
0.006713 0.029325 0.159794 0.077954 0.224334 0.090241 0.125102 0.115605 0.074411 0.096521 
0.008836 0.032457 0.167680 0.107500 0.303819 0.100332 0.050369 0.057021 0.073807 0.098179 
0.003351 0.024732 0.133671 0.132960 0.268059 0.082004 0.057168 0.095346 0.130378 0.072330 
0.003731 0.018538 0.103451 0.095457 0.183510 0.041755 0.116851 0.259597 0.102809 0.074301 
0.003549 0.021461 0.160371 0.142496 0.212171 0.055924 0.101531 0.165211 0.077611 0.059676 
0.001278 0.016865 0.124130 0.145276 0.220334 0.047770 0.069778 0.239234 0.071284 0.064051 
0.005752 0.024840 0.172503 0.124430 0.258932 0.059182 0.052527 0.173566 0.068501 0.059768 
0.002915 0.030690 0.155483 0.073757 0.282657 0.053580 0.084442 0.160350 0.097719 0.058408 
0.001760 0.018437 0.126985 0.144313 0.251014 0.063671 0.112044 0.082951 0.119557 0.079269 
0.006384 0.026269 0.133762 0.099415 0.209688 0.087291 0.144482 0.137454 0.117055 0.038201 
0.002871 0.018074 0.105754 0.096954 0.223260 0.114910 0.156218 0.116243 0.134141 0.031575 
0.003499 0.016811 0.132152 0.084500 0.156521 0.065032 0.147519 0.085494 0.242120 0.066351 
0.002763 0.025763 0.176919 0.076388 0.140539 0.096705 0.119661 0.122883 0.165847 0.072531 
0.003713 0.021649 0.162826 0.084855 0.192894 0.075319 0.115491 0.110559 0.182017 0.050676 
0.003784 0.028812 0.103045 0.055521 0.231298 0.052713 0.134214 0.119408 0.194670 0.076534 
0.004994 0.021266 0.118481 0.046666 0.219277 0.044712 0.155930 0.069998 0.247484 0.071191 
0.001025 0.007877 0.109221 0.046486 0.241719 0.068103 0.133925 0.123969 0.198201 0.069473 
0.001649 0.015545 0.131250 0.049899 0.296144 0.059851 0.073149 0.074057 0.234448 0.064007 
0.007637 0.037623 0.173692 0.055992 0.233136 0.051854 0.104536 0.040822 0.245705 0.049003 
0.010236 0.052743 0.188908 0.070769 0.164836 0.047936 0.148270 0.107283 0.165752 0.043266 
0.002571 0.029960 0.271762 0.087800 0.166692 0.039487 0.154320 0.074410 0.142784 0.030214 
0.012477 0.078216 0.248759 0.102310 0.161588 0.049744 0.118736 0.081583 0.109129 0.037459 
0.007724 0.029861 0.243131 0.114995 0.205647 0.090077 0.084751 0.088986 0.091473 0.043354 
0.007622 0.039306 0.189777 0.086293 0.239319 0.082776 0.083982 0.151177 0.083077 0.036670 
0.005654 0.049970 0.171457 0.071490 0.244443 0.040942 0.117484 0.158947 0.081421 0.058193 
0.016321 0.015494 0.167744 0.077049 0.192146 0.071306 0.123193 0.173802 0.122100 0.040847 
0.004773 0.018595 0.146112 0.067589 0.235790 0.060070 0.103304 0.139375 0.178572 0.045819 
0.010422 0.018963 0.158997 0.065628 0.263123 0.050111 0.073280 0.136927 0.187917 0.034633 
0.000578 0.016202 0.171003 0.054614 0.288029 0.056043 0.075908 0.193369 0.121817 0.022438 
0.006022 0.024538 0.208990 0.043369 0.198347 0.036640 0.078881 0.162884 0.192418 0.047912 
0.008206 0.028670 0.270873 0.088621 0.137128 0.075699 0.023930 0.113886 0.207895 0.045091 
0.001485 0.020817 0.249356 0.055186 0.213944 0.071652 0.055364 0.122369 0.166523 0.043304 
0.002793 0.030760 0.180907 0.060674 0.188475 0.022915 0.077872 0.140731 0.241111 0.053763 
0.005096 0.023793 0.215045 0.054606 0.225908 0.048165 0.087531 0.085221 0.208550 0.046086 
0.000803 0.026962 0.212332 0.077205 0.220641 0.076678 0.089429 0.147964 0.102827 0.045159 
0.018551 0.036596 0.203684 0.077164 0.166657 0.078421 0.065443 0.189863 0.137789 0.025832 
0.010297 0.030388 0.215937 0.049074 0.173679 0.039884 0.061799 0.272101 0.118025 0.028816 
0.007277 0.015235 0.162322 0.074062 0.192859 0.050379 0.063524 0.279820 0.107882 0.046640 
0.002746 0.013130 0.169383 0.073252 0.231556 0.080315 0.054162 0.195204 0.148753 0.031498 
0.002861 0.011546 0.159501 0.097381 0.315317 0.047221 0.078920 0.151228 0.092492 0.043532 
0.009362 0.028586 0.114259 0.114889 0.326673 0.036798 0.104847 0.121536 0.058861 0.084188 
0.002163 0.022803 0.131102 0.100452 0.288115 0.064173 0.110624 0.165389 0.063276 0.051902 
0.001814 0.016929 0.111192 0.114410 0.299932 0.082396 0.113444 0.118771 0.115765 0.025347 
0.001213 0.019815 0.119730 0.126327 0.244578 0.083702 0.099107 0.101728 0.163211 0.040590 
0.003359 0.015196 0.152047 0.111651 0.214275 0.099824 0.118788 0.143317 0.114818 0.026725 
0.006610 0.042515 0.161016 0.112653 0.149655 0.117178 0.110159 0.139304 0.102943 0.057967 
0.009173 0.055897 0.174402 0.129252 0.141958 0.058116 0.063308 0.158921 0.136539 0.072434 
0.005328 0.040401 0.122515 0.114143 0.214179 0.042208 0.051997 0.195795 0.156689 0.056747 
0.003554 0.041789 0.116653 0.124341 0.303236 0.080357 0.053274 0.122503 0.081815 0.072477 
0.005390 0.044109 0.101681 0.129794 0.256843 0.066231 0.063950 0.177690 0.093595 0.060718 
0.000346 0.031191 0.136740 0.161493 0.224445 0.089427 0.054691 0.095102 0.128744 0.077821 
0.003384 0.036862 0.172404 0.121197 0.236917 0.068792 0.089142 0.048730 0.177702 0.044870 
0.009863 0.032023 0.225313 0.138480 0.149220 0.082481 0.094751 0.079772 0.143281 0.044816 
0.007738 0.031242 0.219757 0.128312 0.133871 0.050064 0.127984 0.142342 0.124582 0.034106 
0.006887 0.018115 0.193441 0.137822 0.145290 0.069404 0.073013 0.155545 0.167223 0.033261 
0.004728 0.025315 0.201107 0.108235 0.185627 0.106575 0.061562 0.108065 0.168029 0.030757 
0.008739 0.046863 0.203322 0.093964 0.172873 0.090058 0.095723 0.084954 0.149909 0.053593 
0.011256 0.048581 0.226177 0.082829 0.137620 0.094269 0.114963 0.128437 0.125338 0.030531 
0.008207 0.044593 0.203965 0.072050 0.161134 0.101547 0.113258 0.118235 0.139457 0.037555 
0.007562 0.020628 0.193234 0.090152 0.175958 0.107209 0.177237 0.071343 0.108538 0.048139 
0.001078 0.019386 0.136432 0.130522 0.230652 0.033045 0.127130 0.094005 0.160466 0.067285 
0.007457 0.056939 0.172741 0.148686 0.098490 0.080170 0.104551 0.081396 0.165626 0.083943 
0.001605 0.018785 0.159745 0.106728 0.190119 0.076574 0.125963 0.099947 0.090948 0.129586 
0.001656 0.011326 0.116571 0.072471 0.236651 0.063175 0.165432 0.115778 0.100208 0.116731 
0.002689 0.021639 0.156501 0.085134 0.135119 0.067577 0.110864 0.149319 0.169118 0.102040 
0.000505 0.020215 0.190277 0.083630 0.161990 0.035047 0.139176 0.188112 0.127332 0.053715 
0.003951 0.044867 0.092907 0.087863 0.233842 0.082543 0.138147 0.126359 0.138921 0.050599 
0.008277 0.043775 0.141780 0.089238 0.265019 0.115675 0.114164 0.080675 0.094218 0.047180 
0.012523 0.015634 0.151268 0.066261 0.266270 0.078851 0.085591 0.118175 0.132936 0.072490 
0.000159 0.015433 0.145192 0.042093 0.249633 0.090265 0.111611 0.087548 0.152750 0.105316 
0.001570 0.014403 0.122202 0.054482 0.257136 0.120814 0.109788 0.100241 0.150205 0.069157 
0.002041 0.028300 0.187609 0.116626 0.260307 0.101117 0.092012 0.024156 0.135149 0.052684 
0.009829 0.034737 0.194636 0.089898 0.140208 0.091418 0.165362 0.124525 0.101435 0.047952 
0.008026 0.047236 0.170795 0.066782 0.130317 0.149151 0.164956 0.116584 0.079515 0.066638 
0.004203 0.021852 0.174630 0.073370 0.161070 0.118630 0.171673 0.054694 0.137929 0.081949 
0.006611 0.020918 0.180719 0.090326 0.188579 0.096179 0.148048 0.057423 0.116889 0.094309 
0.006363 0.031747 0.148943 0.118235 0.229954 0.064761 0.167317 0.072962 0.084160 0.075557 
0.017817 0.024868 0.124139 0.101310 0.241263 0.090603 0.143122 0.077338 0.111556 0.067984 
0.007920 0.043275 0.140058 0.116333 0.195322 0.136346 0.109891 0.078769 0.082638 0.089449 
0.011785 0.023444 0.107651 0.115336 0.152488 0.135834 0.080784 0.151925 0.168581 0.052173 
0.005725 0.008661 0.125142 0.077881 0.170587 0.068720 0.060214 0.222400 0.187586 0.073085 
0.015306 0.026685 0.138621 0.075893 0.197538 0.062210 0.086690 0.176017 0.101084 0.119957 
0.003752 0.011693 0.099238 0.065530 0.123219 0.137593 0.152824 0.088038 0.216520 0.101594 
0.002752 0.021983 0.122785 0.066450 0.128608 0.137188 0.143836 0.099624 0.165905 0.110869 
0.002295 0.020269 0.176210 0.084080 0.172176 0.112415 0.106739 0.096318 0.066232 0.163267 
0.011410 0.027376 0.129572 0.067207 0.172136 0.211086 0.113257 0.136076 0.064774 0.067108 
0.003968 0.021798 0.116966 0.035910 0.169753 0.186906 0.093379 0.147076 0.141798 0.082445 
0.002423 0.012596 0.123541 0.084510 0.197988 0.153869 0.073066 0.112375 0.114487 0.125145 
0.001647 0.015968 0.174273 0.139485 0.187884 0.129795 0.066827 0.039378 0.112857 0.131886 
0.000268 0.014035 0.124323 0.148324 0.200072 0.196503 0.088886 0.083542 0.062734 0.081311 
0.003961 0.021998 0.106668 0.118041 0.186685 0.218755 0.075534 0.140278 0.065481 0.062599 
0.006065 0.026919 0.103030 0.111659 0.163049 0.205226 0.086945 0.156296 0.094262 0.046550 
0.004064 0.011618 0.088319 0.083093 0.111244 0.269978 0.084740 0.125390 0.142233 0.079320 
0.006295 0.027525 0.061936 0.091346 0.118374 0.311525 0.096071 0.109562 0.105913 0.071453 
0.019366 0.010562 0.073622 0.108015 0.071923 0.241756 0.096672 0.140382 0.098749 0.138953 
0.007399 0.026278 0.070684 0.133565 0.084540 0.133435 0.069398 0.207447 0.110539 0.156713 
0.006156 0.016834 0.077816 0.118850 0.115901 0.116828 0.105238 0.210930 0.118553 0.112894 
0.000974 0.019233 0.097468 0.108707 0.089644 0.232463 0.111326 0.173970 0.133788 0.032425 
0.001064 0.008198 0.101175 0.091309 0.120463 0.282867 0.092216 0.132625 0.087686 0.082398 
0.004321 0.018294 0.098085 0.113078 0.147735 0.218909 0.060430 0.118144 0.081541 0.139462 
0.002544 0.014024 0.116384 0.114085 0.138385 0.219694 0.093217 0.143737 0.081539 0.076392 
0.000035 0.011396 0.078796 0.089659 0.105214 0.201200 0.085318 0.158954 0.117237 0.152191 
0.005170 0.027036 0.108215 0.097641 0.133261 0.179558 0.082583 0.119744 0.104831 0.141961 
0.003467 0.030992 0.078400 0.089565 0.132881 0.301601 0.075379 0.139916 0.067538 0.080259 
0.000016 0.009346 0.072221 0.115575 0.106745 0.294914 0.080561 0.151159 0.080207 0.089258 
0.002117 0.009853 0.068216 0.115149 0.127392 0.270130 0.057489 0.133599 0.107615 0.108440 
0.002779 0.008581 0.094487 0.084004 0.105754 0.236879 0.114931 0.092545 0.069302 0.190739 
0.002579 0.015162 0.097643 0.101479 0.120638 0.256177 0.109920 0.094573 0.118462 0.083367 
0.000049 0.014860 0.079258 0.106276 0.142625 0.329668 0.077460 0.069358 0.081046 0.099401 
0.010437 0.030489 0.086236 0.095921 0.119071 0.274832 0.093342 0.098898 0.074508 0.116267 
0.000778 0.024625 0.083429 0.071659 0.108151 0.216234 0.103132 0.188071 0.050184 0.153737 
0.010007 0.026176 0.078946 0.092228 0.126545 0.217427 0.084384 0.169028 0.073976 0.121284 
0.011424 0.012040 0.068505 0.110849 0.097359 0.217290 0.106172 0.177440 0.072332 0.126590 
0.006389 0.030221 0.093724 0.061842 0.118388 0.187665 0.103627 0.208531 0.082525 0.107089 
0.004300 0.017418 0.060049 0.064439 0.143580 0.262857 0.070111 0.175893 0.082150 0.119204 
0.001242 0.007917 0.071150 0.047892 0.141942 0.290981 0.095500 0.133597 0.074129 0.135649 
0.001005 0.012943 0.091579 0.083279 0.136335 0.265577 0.074940 0.156358 0.072761 0.105222 
0.002637 0.023628 0.094511 0.055908 0.142700 0.302378 0.073621 0.107143 0.075516 0.121959 
0.006199 0.018943 0.075281 0.075916 0.156727 0.361985 0.098816 0.111639 0.038897 0.055598 
0.003478 0.021217 0.052635 0.048197 0.148732 0.321345 0.065329 0.169857 0.074863 0.094347 
0.006716 0.011956 0.051846 0.045222 0.159789 0.301090 0.042500 0.203624 0.075122 0.102134 
0.012224 0.008476 0.058265 0.074114 0.173537 0.282743 0.051141 0.162609 0.055446 0.121446 
0.002818 0.017637 0.059577 0.087593 0.195000 0.302960 0.078652 0.072604 0.056094 0.127066 
0.003066 0.019017 0.060796 0.097747 0.152149 0.266084 0.100685 0.167659 0.045304 0.087493 
0.010245 0.034795 0.100280 0.106776 0.117445 0.288831 0.085937 0.153680 0.059269 0.042742 
0.012658 0.013884 0.051855 0.089920 0.118476 0.343356 0.139125 0.065262 0.024899 0.140566 
0.000051 0.008228 0.044834 0.093517 0.103243 0.312679 0.162998 0.089247 0.067337 0.117865 
0.001238 0.007691 0.044588 0.100767 0.116089 0.249085 0.152982 0.179492 0.025977 0.122091 
0.003378 0.014905 0.052878 0.149857 0.126253 0.261572 0.090002 0.122239 0.043572 0.135344 
0.001531 0.016815 0.054309 0.119501 0.159933 0.274179 0.079826 0.096187 0.069807 0.127911 
0.003878 0.018508 0.097608 0.143606 0.172673 0.280600 0.051151 0.085143 0.037034 0.109798 
0.000330 0.015299 0.086444 0.119759 0.127482 0.287526 0.096282 0.156428 0.045950 0.064502 
0.002577 0.010415 0.088880 0.101194 0.133910 0.293846 0.106067 0.171326 0.017918 0.073866 
0.003081 0.011513 0.091905 0.090549 0.143497 0.286333 0.095334 0.138276 0.026988 0.112525 
0.000062 0.016636 0.091758 0.059753 0.140821 0.241452 0.055302 0.154134 0.106118 0.133964 
0.005276 0.032281 0.146547 0.096386 0.126071 0.250665 0.111858 0.117067 0.077025 0.036823 
0.011711 0.022404 0.112334 0.084279 0.118320 0.252217 0.116152 0.080482 0.134072 0.068028 
0.004313 0.011316 0.084346 0.096590 0.142501 0.126436 0.097279 0.136168 0.210082 0.090969 
0.001067 0.031705 0.098840 0.097956 0.158105 0.181824 0.060393 0.067575 0.231493 0.071041 
0.006618 0.024396 0.068981 0.096067 0.161324 0.203692 0.064944 0.133572 0.193804 0.046604 
0.005925 0.022288 0.116797 0.093260 0.146122 0.144764 0.082208 0.135810 0.168437 0.084390 
0.006705 0.030960 0.126782 0.089883 0.133039 0.165608 0.111475 0.088194 0.158243 0.089110 
0.008355 0.041168 0.103848 0.111244 0.137997 0.191669 0.094656 0.093498 0.155287 0.062278 
0.006911 0.036517 0.127130 0.105001 0.149224 0.232163 0.060373 0.081593 0.148408 0.052680 
0.007009 0.036525 0.131166 0.054171 0.129174 0.233659 0.074857 0.123332 0.120821 0.089285 
0.000044 0.026646 0.146624 0.080194 0.161453 0.231450 0.091483 0.074301 0.126376 0.061430 
0.002898 0.012348 0.167146 0.067745 0.188243 0.197309 0.089556 0.104433 0.099049 0.071273 
0.002290 0.010871 0.154179 0.066725 0.193980 0.167017 0.066656 0.179768 0.092513 0.066001 
0.001397 0.014075 0.143022 0.069568 0.209537 0.222241 0.086209 0.142980 0.070844 0.040127 
0.002734 0.016995 0.159198 0.057438 0.170110 0.243743 0.054466 0.133696 0.097623 0.063996 
0.000679 0.024688 0.121538 0.078223 0.183968 0.231109 0.075957 0.083453 0.072380 0.128005 
0.007079 0.026118 0.099463 0.067725 0.196303 0.208079 0.056312 0.095050 0.171256 0.072615 
0.011132 0.017232 0.156184 0.049562 0.215525 0.187842 0.054779 0.102313 0.140245 0.065186 
0.000799 0.033408 0.133913 0.074395 0.257409 0.179227 0.056587 0.112978 0.112498 0.038785 
0.003077 0.015181 0.190916 0.072364 0.271792 0.229561 0.041936 0.048166 0.059627 0.067380 
0.000486 0.014622 0.190659 0.080292 0.231368 0.225325 0.061150 0.047867 0.086953 0.061278 
0.000071 0.017613 0.165086 0.064394 0.151747 0.167845 0.058852 0.150021 0.151426 0.072946 
0.001115 0.018465 0.152149 0.052696 0.128379 0.175225 0.089753 0.136718 0.180146 0.065355 
0.002538 0.016044 0.194169 0.080079 0.124818 0.246304 0.078356 0.088977 0.104780 0.063935 
0.003090 0.016116 0.129400 0.059495 0.165612 0.214942 0.050590 0.205458 0.116369 0.038926 
0.001189 0.014781 0.117462 0.063686 0.176569 0.181111 0.053165 0.256160 0.095763 0.040115 
0.005880 0.024221 0.098393 0.038133 0.185513 0.207216 0.075893 0.193797 0.120514 0.050441 
0.017234 0.019688 0.109916 0.064544 0.156928 0.212411 0.093039 0.161255 0.113096 0.051890 
0.003761 0.022883 0.108078 0.072804 0.173682 0.213620 0.107500 0.144884 0.078253 0.074535 
0.011390 0.017991 0.086376 0.062141 0.111305 0.133121 0.119218 0.275344 0.132843 0.050271 
0.000804 0.017950 0.101681 0.062206 0.155063 0.163896 0.046661 0.269752 0.126561 0.055427 
0.001744 0.011464 0.084253 0.098895 0.163475 0.151181 0.105299 0.246990 0.070854 0.065844 
0.000822 0.015110 0.079682 0.093774 0.203061 0.185554 0.071682 0.174627 0.108511 0.067176 
0.004188 0.022801 0.073035 0.095230 0.226419 0.139942 0.077633 0.219825 0.086155 0.054772 
0.008878 0.037054 0.087393 0.113756 0.194762 0.139112 0.107947 0.193313 0.065769 0.052016 
0.004950 0.018063 0.134065 0.119554 0.174077 0.168628 0.092162 0.178730 0.055555 0.054217 
0.004970 0.019096 0.115596 0.136286 0.194467 0.138585 0.047273 0.204991 0.073578 0.065157 
0.003244 0.030301 0.097562 0.114021 0.190697 0.144897 0.043200 0.147000 0.121592 0.107486 
0.002210 0.047548 0.078465 0.109358 0.202797 0.148816 0.078499 0.130002 0.124809 0.077497 
0.000175 0.043021 0.080110 0.089526 0.174376 0.163384 0.089893 0.161438 0.130814 0.067263 
0.000616 0.047006 0.062909 0.084330 0.206010 0.125075 0.071838 0.183228 0.130057 0.088931 
0.000112 0.039157 0.066535 0.097638 0.208439 0.078259 0.074733 0.249778 0.152396 0.032954 
0.001915 0.038519 0.099180 0.097694 0.199967 0.068058 0.069451 0.189104 0.189832 0.046281 
0.012210 0.029525 0.113239 0.090380 0.167631 0.050884 0.084782 0.213788 0.188727 0.048833 
0.007838 0.023833 0.095007 0.076813 0.147864 0.066878 0.084800 0.240556 0.199192 0.057219 
0.009665 0.028226 0.126962 0.098358 0.217433 0.104274 0.088721 0.170151 0.098182 0.058028 
0.005270 0.027625 0.092751 0.061383 0.227993 0.085383 0.111412 0.121642 0.224986 0.041554 
0.004245 0.031179 0.101100 0.087398 0.158403 0.086834 0.149413 0.158911 0.180131 0.042388 
0.003453 0.035467 0.081908 0.064828 0.132786 0.150218 0.157465 0.119380 0.218180 0.036314 
0.004874 0.040188 0.169864 0.072613 0.230570 0.096088 0.115338 0.095877 0.134043 0.040544 
0.003673 0.034806 0.146103 0.080137 0.228130 0.050158 0.136651 0.168780 0.113261 0.038301 
0.003449 0.031399 0.124537 0.068604 0.211638 0.109907 0.100676 0.066062 0.234931 0.048798 
0.004245 0.036304 0.145872 0.075967 0.227625 0.062607 0.085125 0.145476 0.155801 0.060980 
0.004194 0.028906 0.195214 0.067052 0.158076 0.053254 0.040459 0.200164 0.182265 0.070416 
0.005892 0.045892 0.230993 0.091101 0.181723 0.066175 0.106052 0.129038 0.097194 0.045938 
0.003949 0.038569 0.236871 0.055323 0.231832 0.045885 0.087733 0.152443 0.115094 0.032301 
0.000858 0.023791 0.223677 0.060750 0.300532 0.059428 0.082055 0.079572 0.100511 0.068827 
0.011635 0.028036 0.123296 0.101291 0.388338 0.074855 0.044918 0.121824 0.075260 0.030546 
0.018067 0.026809 0.138418 0.074048 0.336177 0.092943 0.087456 0.100985 0.088497 0.036600 
0.002265 0.033915 0.204347 0.066772 0.274509 0.083640 0.145433 0.083561 0.073695 0.031863 
0.012340 0.033961 0.224033 0.062062 0.197566 0.057783 0.100280 0.078419 0.203516 0.030040 
0.004318 0.030482 0.154793 0.044313 0.247866 0.069371 0.105402 0.181028 0.124945 0.037480 
0.002155 0.022088 0.137350 0.035869 0.228801 0.099330 0.165801 0.205233 0.076957 0.026416 
0.000646 0.020143 0.137869 0.042796 0.257089 0.085077 0.172992 0.131409 0.123244 0.028736 
0.002765 0.027034 0.102061 0.038142 0.296118 0.072226 0.128994 0.158064 0.135703 0.038893 
0.002284 0.026773 0.128918 0.052485 0.374582 0.056898 0.080610 0.113242 0.131800 0.032407 
0.001307 0.019950 0.120457 0.040931 0.315199 0.045038 0.123447 0.213813 0.089012 0.030845 
0.003364 0.029960 0.122367 0.085845 0.308150 0.039485 0.144460 0.164546 0.069720 0.032102 
0.003873 0.028538 0.131148 0.053608 0.276543 0.068104 0.098357 0.230506 0.078483 0.030839 
0.008182 0.018252 0.131414 0.072842 0.249382 0.087820 0.056291 0.219892 0.122793 0.033132 
0.002700 0.031358 0.161191 0.078001 0.292818 0.086443 0.079693 0.130343 0.108986 0.028467 
0.011680 0.018924 0.137972 0.052319 0.303820 0.053796 0.071566 0.228527 0.099875 0.021522 
0.001299 0.022830 0.132289 0.093312 0.251933 0.059703 0.084492 0.253820 0.071217 0.029106 
0.004858 0.017585 0.131747 0.124543 0.179978 0.048458 0.159919 0.225966 0.061359 0.045588 
0.003521 0.019123 0.105691 0.178811 0.128629 0.102806 0.226276 0.151492 0.057182 0.026469 
0.003310 0.017105 0.095024 0.201201 0.145460 0.089526 0.186565 0.100641 0.121855 0.039312 
0.002277 0.030182 0.096054 0.206654 0.149548 0.073777 0.173547 0.098020 0.091772 0.078168 
0.002687 0.026045 0.080489 0.197077 0.213601 0.070352 0.118366 0.141392 0.099322 0.050670 
0.001731 0.017044 0.125574 0.185533 0.212512 0.040212 0.176485 0.109590 0.103293 0.028025 
0.001357 0.017109 0.143953 0.152681 0.248508 0.072019 0.142586 0.098452 0.071086 0.052251 
0.008330 0.039943 0.142102 0.100794 0.225782 0.031919 0.137358 0.118988 0.121980 0.072805 
0.009622 0.051008 0.169511 0.113987 0.191138 0.054801 0.089636 0.117758 0.120912 0.081628 
0.003418 0.047748 0.200025 0.149622 0.176404 0.061747 0.094521 0.084450 0.094175 0.087891 
0.001534 0.025170 0.113617 0.077526 0.263977 0.068366 0.105491 0.140167 0.155793 0.048359 
0.002960 0.020038 0.168465 0.093079 0.293140 0.043760 0.135436 0.088108 0.117340 0.037673 
0.003591 0.034857 0.140994 0.066334 0.254270 0.057852 0.117520 0.125078 0.157946 0.041557 
0.003049 0.037336 0.174848 0.046647 0.230669 0.063326 0.151067 0.118759 0.130252 0.044048 
0.011923 0.053583 0.196515 0.075890 0.160277 0.047496 0.123573 0.179303 0.099517 0.051924 
0.010658 0.047379 0.193387 0.138032 0.164655 0.091170 0.115490 0.094956 0.081268 0.063004 
0.004044 0.034627 0.188624 0.141803 0.158232 0.069678 0.153537 0.082727 0.139391 0.027337 
0.000516 0.023093 0.166950 0.175396 0.179256 0.042431 0.170234 0.119995 0.091070 0.031059 
0.012459 0.049415 0.214908 0.087914 0.173850 0.039522 0.113456 0.185945 0.084629 0.037900 
0.009061 0.044662 0.207737 0.089225 0.115179 0.032917 0.078626 0.265379 0.102199 0.055015 
0.004769 0.040714 0.198126 0.098411 0.147802 0.039386 0.094906 0.233058 0.113786 0.029042 
0.001945 0.025150 0.217891 0.061843 0.176067 0.033125 0.081394 0.199570 0.121985 0.081029 
0.000425 0.013874 0.261797 0.122107 0.192154 0.046484 0.103440 0.142950 0.057066 0.059704 
0.005066 0.023362 0.236237 0.125202 0.146596 0.060723 0.096983 0.188326 0.062310 0.055194 
0.013177 0.043095 0.185829 0.105472 0.147650 0.035497 0.115518 0.145955 0.088699 0.119107 
0.010901 0.042879 0.171701 0.114793 0.144917 0.031667 0.122827 0.135028 0.115245 0.110041 
0.003207 0.016264 0.123773 0.106001 0.204125 0.062882 0.100413 0.203887 0.103597 0.075851 
0.008320 0.024681 0.095362 0.082132 0.315347 0.054630 0.127350 0.140483 0.104844 0.046849 
0.004898 0.024452 0.149565 0.120726 0.235498 0.082449 0.115161 0.106683 0.089379 0.071190 
0.007170 0.032866 0.133630 0.154830 0.193378 0.047387 0.102295 0.104832 0.167989 0.055623 
0.012538 0.056487 0.190607 0.187873 0.160244 0.031975 0.099313 0.062322 0.167187 0.031455 
0.010832 0.051061 0.139105 0.180420 0.251775 0.026279 0.089722 0.036938 0.156127 0.057742 
0.002292 0.011139 0.112895 0.115531 0.316039 0.035153 0.079338 0.051991 0.191584 0.084038 
0.007008 0.029226 0.104158 0.077241 0.368746 0.051787 0.063069 0.059898 0.188470 0.050397 
0.000034 0.006726 0.098149 0.071280 0.423489 0.044971 0.059280 0.036715 0.202464 0.056892 
0.003807 0.017024 0.098617 0.047081 0.399326 0.051149 0.062377 0.060127 0.213604 0.046888 
0.005938 0.026444 0.113982 0.068445 0.339529 0.080219 0.098078 0.021451 0.226300 0.019613 
0.001563 0.007013 0.113411 0.146764 0.295130 0.047019 0.150275 0.038186 0.169621 0.031017 
0.002207 0.012644 0.113533 0.165857 0.283454 0.028162 0.112022 0.028588 0.200617 0.052916 
0.000121 0.008666 0.118034 0.161441 0.196538 0.062103 0.122497 0.040227 0.209503 0.080870 
0.005428 0.023660 0.093841 0.107597 0.136848 0.086489 0.155144 0.050381 0.279652 0.060959 
0.010399 0.039620 0.102211 0.157873 0.117991 0.069240 0.122219 0.057998 0.251174 0.071276 
0.008219 0.031382 0.077122 0.183785 0.146509 0.027474 0.042095 0.065440 0.359862 0.058111 
0.000870 0.005819 0.034460 0.170443 0.211366 0.053826 0.070611 0.076810 0.323453 0.052342 
0.004825 0.016356 0.044094 0.149197 0.149508 0.072942 0.110686 0.076136 0.261213 0.115042 
0.000148 0.017279 0.057219 0.090160 0.194267 0.080238 0.105223 0.075774 0.229139 0.150552 
0.000737 0.022995 0.081518 0.143445 0.304162 0.069959 0.094420 0.038714 0.140739 0.103311 
0.001879 0.016171 0.032502 0.097154 0.305968 0.048301 0.120029 0.232596 0.045872 0.099529 
0.004118 0.021136 0.047874 0.109040 0.263772 0.049486 0.098640 0.229314 0.110903 0.065715 
0.008384 0.034373 0.051936 0.129459 0.214709 0.021351 0.102506 0.219490 0.147062 0.070730 
0.002026 0.009446 0.053090 0.111321 0.253824 0.049133 0.105720 0.228909 0.126505 0.060028 
0.005732 0.026217 0.054282 0.110832 0.168623 0.025075 0.109438 0.198704 0.131044 0.170053 
0.005086 0.022193 0.048072 0.108302 0.119188 0.028058 0.200442 0.052744 0.094121 0.321793 
0.002266 0.008045 0.027720 0.091678 0.122856 0.048203 0.315280 0.068553 0.187632 0.127767 
0.004958 0.021067 0.038813 0.119123 0.142058 0.031521 0.360643 0.117233 0.073169 0.091416 
0.004077 0.014979 0.038877 0.155570 0.174075 0.056915 0.225671 0.112185 0.094833 0.122818 
0.001246 0.007572 0.036034 0.169317 0.187951 0.070669 0.271938 0.106267 0.093066 0.055939 
0.004242 0.285283 0.260986 0.066863 0.096446 0.027202 0.121869 0.058989 0.039224 0.038897 
0.011171 0.076034 0.176578 0.086414 0.164793 0.042351 0.235106 0.072853 0.067743 0.066958 
0.003765 0.112633 0.120369 0.058869 0.199407 0.020119 0.269120 0.102011 0.078217 0.035490 
0.007543 0.093593 0.102719 0.089713 0.223371 0.046261 0.287387 0.048601 0.041097 0.059714 
0.001101 0.073458 0.096944 0.078142 0.186443 0.068806 0.305169 0.077758 0.050663 0.061517 
0.004045 0.055228 0.108338 0.069226 0.203962 0.032753 0.297691 0.088889 0.085939 0.053929 
0.004576 0.045266 0.114502 0.127293 0.144912 0.020761 0.292465 0.127176 0.050934 0.072114 
0.001353 0.034749 0.148480 0.093670 0.175940 0.035112 0.261901 0.154001 0.041575 0.053219 
0.002945 0.032739 0.101166 0.097815 0.172364 0.041512 0.290920 0.160410 0.044239 0.055889 
0.000975 0.033143 0.070493 0.101478 0.211666 0.030117 0.320098 0.145866 0.034121 0.052043 
0.000403 0.024398 0.108323 0.091738 0.202353 0.016568 0.272768 0.142537 0.062811 0.078099 
0.002392 0.026048 0.321992 0.141544 0.093257 0.024446 0.210383 0.114155 0.038234 0.027547 
0.006749 0.068072 0.197827 0.116779 0.119303 0.067934 0.190879 0.114147 0.051109 0.067201 
0.001612 0.084484 0.149919 0.140094 0.196321 0.055725 0.145640 0.081345 0.043629 0.101230 
0.019422 0.134279 0.153330 0.138545 0.104652 0.027050 0.132566 0.133503 0.049750 0.106903 
0.000991 0.100493 0.085182 0.204722 0.065796 0.075985 0.145058 0.157368 0.120426 0.043979 
0.011206 0.222954 0.260918 0.155616 0.074895 0.034362 0.079519 0.101711 0.026439 0.032381 
0.011632 0.256471 0.105765 0.134320 0.124125 0.027224 0.168112 0.116490 0.023298 0.032562 
0.001282 0.190439 0.115667 0.144124 0.195945 0.051179 0.094891 0.137703 0.035364 0.033405 
0.006836 0.134543 0.124691 0.110232 0.220879 0.051965 0.054490 0.200896 0.042574 0.052895 
