Summer-Time-Sadness,Lana-Del-Ray
0.045536 0.137385 0.177811 0.110683 0.108217 0.056656 0.064535 0.115907 0.091242 0.092027 
0.055577 0.092976 0.181035 0.211135 0.114799 0.047652 0.074699 0.126426 0.041989 0.053712 
0.017007 0.045044 0.335001 0.181574 0.194671 0.024680 0.112488 0.048433 0.028215 0.012886 
0.013449 0.031343 0.410658 0.135865 0.244466 0.037098 0.060220 0.031566 0.027481 0.007853 
0.027013 0.077732 0.290991 0.142130 0.191775 0.049221 0.121840 0.045037 0.036802 0.017459 
0.016226 0.050111 0.320387 0.153550 0.183241 0.078045 0.138624 0.034852 0.015287 0.009676 
0.019875 0.041343 0.321822 0.174108 0.197560 0.053755 0.116565 0.040502 0.021678 0.012792 
0.015566 0.056638 0.239153 0.263317 0.152663 0.038783 0.173890 0.028842 0.024064 0.007083 
0.017657 0.038442 0.200866 0.249935 0.172479 0.044495 0.206142 0.035247 0.028783 0.005954 
0.011246 0.052398 0.189636 0.272638 0.175642 0.060224 0.157633 0.043857 0.028806 0.007920 
0.017422 0.039485 0.248613 0.280980 0.141966 0.042256 0.144078 0.055445 0.021409 0.008347 
0.026501 0.054273 0.242485 0.270115 0.097944 0.029721 0.157869 0.056209 0.042100 0.022782 
0.014679 0.036123 0.205859 0.243154 0.146699 0.070891 0.180906 0.060349 0.022277 0.019063 
0.010999 0.047393 0.219670 0.243210 0.152196 0.082230 0.193696 0.037137 0.011087 0.002382 
0.018168 0.034025 0.245392 0.205425 0.139191 0.073653 0.212491 0.039674 0.020363 0.011618 
0.009787 0.043861 0.177012 0.248984 0.216973 0.050561 0.157839 0.055379 0.024311 0.015292 
0.014912 0.036322 0.163905 0.301066 0.221540 0.094290 0.106775 0.027332 0.019719 0.014138 
0.015905 0.056822 0.133571 0.346799 0.184750 0.074159 0.151295 0.017093 0.012621 0.006983 
0.002941 0.037835 0.162017 0.362454 0.171672 0.039067 0.155191 0.035212 0.024233 0.009378 
0.006770 0.084715 0.159458 0.385027 0.147367 0.056657 0.116523 0.022230 0.017580 0.003673 
0.026059 0.068194 0.159313 0.392601 0.127605 0.048421 0.117089 0.028940 0.021443 0.010335 
0.002707 0.047345 0.200465 0.406909 0.138011 0.028410 0.096555 0.037337 0.026717 0.015544 
0.006416 0.035632 0.218276 0.498505 0.142081 0.024305 0.042395 0.015890 0.015476 0.001024 
0.019189 0.057945 0.173325 0.455266 0.139084 0.028150 0.061226 0.027772 0.026258 0.011785 
0.018204 0.053868 0.156924 0.446947 0.184178 0.037559 0.066866 0.015957 0.011393 0.008102 
0.000763 0.029220 0.203471 0.368811 0.201647 0.046959 0.085703 0.030857 0.018418 0.014152 
0.006137 0.049284 0.189927 0.342873 0.156675 0.082093 0.076526 0.044354 0.034210 0.017920 
0.029956 0.114291 0.186193 0.377632 0.149941 0.060968 0.033831 0.022827 0.017300 0.007061 
0.005054 0.083600 0.180840 0.316034 0.220274 0.064928 0.080121 0.027729 0.013015 0.008403 
0.015997 0.059017 0.148934 0.295502 0.292499 0.069167 0.089976 0.013227 0.010911 0.004770 
0.016752 0.045556 0.157182 0.276682 0.263405 0.090132 0.118919 0.017102 0.010757 0.003513 
0.004324 0.058768 0.151449 0.262386 0.260424 0.071352 0.145244 0.022044 0.018139 0.005870 
0.012194 0.026422 0.180169 0.238152 0.253969 0.064833 0.157825 0.036260 0.021556 0.008620 
0.000731 0.068364 0.148415 0.217330 0.254551 0.054140 0.150246 0.050996 0.036868 0.018359 
0.023483 0.057637 0.219072 0.210252 0.242198 0.085031 0.075895 0.039731 0.030763 0.015939 
0.000261 0.077010 0.224021 0.211306 0.256547 0.096824 0.064820 0.036983 0.021954 0.010274 
0.026286 0.055091 0.229465 0.219842 0.231473 0.077960 0.063001 0.049292 0.032667 0.014923 
0.020051 0.060917 0.234236 0.226188 0.264940 0.080832 0.044379 0.035338 0.022124 0.010995 
0.007869 0.071245 0.226313 0.233181 0.276143 0.071644 0.064805 0.027951 0.012672 0.008176 
0.018755 0.070832 0.226498 0.161115 0.270046 0.034836 0.143202 0.045392 0.023670 0.005656 
0.008858 0.122999 0.226147 0.153542 0.170800 0.065053 0.174354 0.042245 0.020410 0.015593 
0.019905 0.048168 0.253575 0.148587 0.129163 0.102045 0.234883 0.041298 0.017791 0.004585 
0.017653 0.044339 0.236609 0.136302 0.168694 0.069354 0.267373 0.038219 0.016245 0.005211 
0.007854 0.025621 0.246939 0.145985 0.231997 0.031461 0.227711 0.035367 0.030337 0.016728 
0.010330 0.024837 0.204836 0.138325 0.295185 0.053638 0.194503 0.043636 0.020632 0.014079 
0.015705 0.027391 0.237871 0.150485 0.265800 0.090900 0.168638 0.024437 0.014328 0.004445 
0.013729 0.047762 0.249052 0.163356 0.246987 0.105506 0.140241 0.015223 0.014398 0.003747 
0.009761 0.099888 0.225098 0.194113 0.195120 0.073385 0.127050 0.039324 0.024024 0.012237 
0.010185 0.038409 0.299371 0.203154 0.208311 0.057941 0.093534 0.031035 0.037835 0.020224 
0.011415 0.050973 0.303755 0.213109 0.221983 0.055209 0.075826 0.034510 0.021491 0.011728 
0.018262 0.055530 0.229096 0.285716 0.214028 0.023805 0.121025 0.026465 0.019984 0.006092 
0.014574 0.048034 0.206022 0.302348 0.231120 0.058877 0.097521 0.016917 0.017820 0.006767 
0.010196 0.047965 0.171187 0.306334 0.212145 0.101834 0.121435 0.011784 0.013215 0.003906 
0.015066 0.055412 0.177895 0.231646 0.285268 0.106821 0.100567 0.010112 0.012000 0.005214 
0.007670 0.102269 0.133389 0.225370 0.259587 0.082518 0.119589 0.034442 0.023382 0.011785 
0.015958 0.043710 0.147996 0.238869 0.216053 0.065184 0.144346 0.059916 0.042613 0.025355 
0.007656 0.020171 0.180726 0.242811 0.230571 0.094702 0.139473 0.037006 0.027508 0.019378 
0.001343 0.047590 0.173677 0.279519 0.267663 0.098610 0.111234 0.008213 0.009286 0.002866 
0.016900 0.052069 0.158353 0.263053 0.287378 0.080890 0.091009 0.022473 0.018516 0.009358 
0.004295 0.046437 0.214240 0.271826 0.297572 0.046663 0.077136 0.024118 0.010823 0.006891 
0.012440 0.045155 0.207535 0.221639 0.328958 0.053186 0.090395 0.015093 0.017879 0.007721 
0.006161 0.102203 0.178038 0.145130 0.326308 0.094149 0.110463 0.015729 0.017255 0.004563 
0.016121 0.055943 0.205439 0.147042 0.320679 0.117340 0.094872 0.015606 0.016413 0.010546 
0.012077 0.053808 0.171028 0.104871 0.403285 0.091315 0.091224 0.035491 0.026375 0.010527 
0.002962 0.039222 0.138879 0.188928 0.340044 0.146643 0.089773 0.028587 0.015092 0.009870 
0.018448 0.053689 0.112314 0.187201 0.311674 0.079635 0.172782 0.036655 0.017994 0.009607 
0.001663 0.057468 0.109398 0.161703 0.306945 0.039033 0.228563 0.047096 0.032293 0.015839 
0.017497 0.070339 0.138815 0.099019 0.254676 0.087223 0.252653 0.046475 0.020073 0.013230 
0.004266 0.067992 0.101738 0.146099 0.279348 0.121761 0.234867 0.021536 0.016260 0.006135 
0.006069 0.029548 0.135234 0.139893 0.284886 0.131148 0.231823 0.023462 0.012125 0.005813 
0.000748 0.048820 0.124815 0.159358 0.250401 0.123533 0.208527 0.045047 0.022240 0.016511 
0.013916 0.031363 0.202468 0.138466 0.219508 0.082866 0.203775 0.051204 0.034941 0.021493 
0.023010 0.099185 0.195088 0.181084 0.301828 0.030455 0.117639 0.030140 0.015715 0.005855 
0.003278 0.059928 0.240896 0.149472 0.329224 0.072647 0.077306 0.039643 0.017722 0.009884 
0.025537 0.080339 0.196296 0.146697 0.231297 0.074561 0.141790 0.051500 0.034206 0.017777 
0.002335 0.114462 0.259074 0.164404 0.191934 0.086399 0.128705 0.028712 0.018626 0.005349 
0.011461 0.051247 0.381471 0.232756 0.128736 0.041474 0.082267 0.043235 0.014853 0.012499 
0.021817 0.069853 0.310064 0.277317 0.105421 0.023962 0.107002 0.050976 0.018670 0.014917 
0.031680 0.068553 0.267793 0.289071 0.128564 0.065846 0.088624 0.030224 0.020817 0.008829 
0.021219 0.043594 0.278499 0.312512 0.092684 0.061957 0.125514 0.037831 0.020063 0.006127 
0.008446 0.058473 0.188603 0.382235 0.133504 0.032188 0.148522 0.026463 0.015714 0.005853 
0.019766 0.063712 0.173694 0.371630 0.116963 0.041167 0.172629 0.024543 0.012156 0.003742 
0.005125 0.107926 0.197543 0.257797 0.134026 0.041129 0.157139 0.055274 0.026464 0.017577 
0.017568 0.040637 0.306369 0.227139 0.100591 0.041003 0.175974 0.050760 0.028422 0.011538 
0.007038 0.075224 0.218177 0.184881 0.163637 0.110543 0.160991 0.040200 0.026496 0.012812 
0.020608 0.058665 0.274571 0.116262 0.148095 0.079745 0.215529 0.041654 0.026720 0.018152 
0.017654 0.065741 0.286055 0.140559 0.167868 0.043970 0.199195 0.033157 0.032289 0.013512 
0.002534 0.051024 0.271101 0.175127 0.165146 0.052350 0.190911 0.041492 0.033733 0.016583 
0.018108 0.071536 0.268103 0.171231 0.196425 0.069784 0.125058 0.038423 0.025568 0.015763 
0.001357 0.062289 0.278185 0.191614 0.225793 0.069493 0.104902 0.032814 0.024189 0.009363 
0.010755 0.051946 0.280703 0.184120 0.219807 0.105529 0.121125 0.012912 0.010140 0.002963 
0.012044 0.037313 0.294482 0.124759 0.217832 0.106853 0.152985 0.030413 0.013286 0.010033 
0.010077 0.047669 0.222149 0.127738 0.253091 0.085047 0.159154 0.040477 0.035476 0.019123 
0.012761 0.036363 0.221642 0.244249 0.177267 0.048099 0.150838 0.052503 0.035066 0.021212 
0.005975 0.008115 0.227379 0.197729 0.296461 0.082030 0.107721 0.031950 0.026078 0.016561 
0.006870 0.024496 0.288037 0.163590 0.256916 0.086143 0.144255 0.017453 0.008251 0.003990 
0.007610 0.023232 0.325180 0.137202 0.174489 0.075858 0.199967 0.029529 0.017810 0.009123 
0.005804 0.018868 0.312298 0.146853 0.246293 0.038348 0.154263 0.039233 0.027782 0.010258 
0.005342 0.075943 0.304702 0.145391 0.187031 0.049716 0.125887 0.061398 0.038667 0.005923 
0.022649 0.031665 0.415859 0.113005 0.159332 0.087910 0.110066 0.026344 0.026228 0.006943 
0.015098 0.059489 0.404959 0.113631 0.140945 0.051481 0.141351 0.043921 0.023323 0.005803 
0.016899 0.024361 0.410773 0.128300 0.148760 0.029713 0.154074 0.059350 0.016315 0.011456 
0.014767 0.043271 0.378640 0.122704 0.144373 0.044116 0.176341 0.048123 0.019978 0.007685 
0.014447 0.012888 0.368814 0.167253 0.122077 0.061772 0.187425 0.037239 0.020263 0.007821 
0.012103 0.030493 0.308907 0.193846 0.088625 0.092924 0.227956 0.027323 0.014131 0.003691 
0.004252 0.038122 0.233197 0.193338 0.224420 0.059693 0.176431 0.036748 0.020489 0.013309 
0.001747 0.028463 0.242282 0.139090 0.182037 0.067650 0.225238 0.058716 0.034664 0.020112 
0.021925 0.048211 0.138411 0.139445 0.304749 0.089998 0.188734 0.038589 0.018674 0.011266 
0.007829 0.024893 0.194879 0.162880 0.266546 0.100590 0.172517 0.043553 0.020187 0.006126 
0.011730 0.017667 0.206455 0.189529 0.233918 0.083684 0.181871 0.041623 0.022257 0.011268 
0.009545 0.009170 0.241331 0.203195 0.215452 0.081217 0.186945 0.025845 0.019610 0.007689 
0.013909 0.037397 0.248281 0.227771 0.195341 0.057123 0.172715 0.023313 0.019435 0.004716 
0.001025 0.047488 0.281509 0.256284 0.166029 0.033768 0.144841 0.034919 0.025004 0.009133 
0.008793 0.025864 0.315815 0.253336 0.124421 0.056477 0.150318 0.041384 0.014804 0.008788 
0.002070 0.045462 0.319230 0.257896 0.124752 0.060246 0.136052 0.035464 0.013024 0.005804 
0.003005 0.027998 0.393419 0.223999 0.133822 0.050954 0.126743 0.021972 0.011818 0.006271 
0.028315 0.101182 0.296836 0.214819 0.144889 0.062069 0.099465 0.027563 0.017116 0.007745 
0.000642 0.070009 0.235991 0.209423 0.293445 0.047041 0.061254 0.035370 0.036373 0.010451 
0.016224 0.039188 0.213784 0.200295 0.309529 0.073402 0.066759 0.043268 0.025313 0.012236 
0.002985 0.023172 0.215638 0.208873 0.318613 0.050965 0.126366 0.027348 0.017867 0.008171 
0.006832 0.027693 0.164349 0.193119 0.300037 0.052701 0.177943 0.040687 0.030469 0.006170 
0.009122 0.027652 0.131391 0.146674 0.303702 0.119409 0.176383 0.032128 0.037397 0.016142 
0.016770 0.032764 0.112169 0.151236 0.312572 0.149543 0.151126 0.027595 0.037236 0.008989 
0.011666 0.013916 0.148545 0.117481 0.328461 0.112845 0.191827 0.030145 0.039085 0.006029 
0.010722 0.011106 0.204351 0.082594 0.262728 0.086033 0.230727 0.054017 0.040979 0.016744 
0.018416 0.043759 0.244621 0.065634 0.209112 0.047714 0.233758 0.060329 0.049384 0.027273 
0.009015 0.026017 0.229952 0.129300 0.191208 0.081279 0.237350 0.050340 0.031165 0.014374 
0.001201 0.026680 0.271931 0.112497 0.127498 0.117692 0.259778 0.040044 0.031779 0.010901 
0.006148 0.026097 0.283516 0.143181 0.114291 0.090706 0.280711 0.029096 0.019865 0.006390 
0.015670 0.030567 0.271128 0.197114 0.160404 0.049448 0.194536 0.037218 0.037558 0.006358 
0.014377 0.037383 0.337371 0.199900 0.107472 0.090111 0.134418 0.036541 0.027075 0.015351 
0.003662 0.045527 0.240752 0.146511 0.289124 0.111926 0.118198 0.011531 0.024941 0.007827 
0.013876 0.033375 0.179138 0.142752 0.321688 0.090769 0.114653 0.044542 0.041865 0.017343 
0.019815 0.024494 0.208614 0.151362 0.262634 0.065307 0.159378 0.048340 0.043120 0.016936 
0.014866 0.021922 0.187241 0.202789 0.240246 0.074407 0.160872 0.052692 0.030991 0.013974 
0.009588 0.039761 0.181446 0.229491 0.226586 0.101504 0.148623 0.031775 0.024207 0.007020 
0.005265 0.029514 0.207845 0.229338 0.231338 0.084111 0.159331 0.018516 0.028164 0.006580 
0.012907 0.040977 0.152792 0.236902 0.217713 0.052884 0.168551 0.055629 0.039569 0.022076 
0.023672 0.051321 0.187981 0.200565 0.200052 0.054858 0.188641 0.041023 0.038325 0.013562 
0.004986 0.016732 0.296688 0.216902 0.211213 0.099926 0.091730 0.027878 0.025470 0.008473 
0.000131 0.022895 0.319458 0.180991 0.236518 0.087800 0.105591 0.022081 0.012414 0.012122 
0.016843 0.034103 0.379702 0.179253 0.172793 0.056195 0.107033 0.025907 0.018551 0.009621 
0.015467 0.021771 0.389128 0.154987 0.141570 0.062887 0.141889 0.036473 0.026460 0.009368 
0.014137 0.029461 0.393386 0.173367 0.184135 0.049507 0.100012 0.030787 0.018714 0.006494 
0.001683 0.040551 0.378010 0.125462 0.189985 0.086493 0.097085 0.033005 0.032404 0.015322 
0.000106 0.078186 0.342732 0.127813 0.212029 0.100321 0.081204 0.020195 0.028057 0.009356 
0.014430 0.037186 0.288053 0.185550 0.215936 0.087570 0.109846 0.027445 0.027282 0.006702 
0.008371 0.034112 0.278898 0.189077 0.184398 0.077662 0.149203 0.030890 0.040731 0.006658 
0.022468 0.064028 0.286542 0.165020 0.175302 0.036038 0.152096 0.040672 0.041334 0.016499 
0.004968 0.028009 0.318702 0.162886 0.172199 0.053344 0.173544 0.037309 0.037673 0.011365 
0.008000 0.032315 0.320533 0.165978 0.185471 0.064078 0.162406 0.022621 0.030608 0.007991 
0.011873 0.018328 0.354413 0.142118 0.213080 0.088680 0.135558 0.010639 0.022270 0.003041 
0.003848 0.035087 0.332053 0.138043 0.216717 0.077638 0.139291 0.027890 0.021052 0.008381 
0.007534 0.026223 0.418183 0.191536 0.185029 0.027961 0.061550 0.040718 0.031658 0.009607 
0.017308 0.050193 0.419930 0.144869 0.153045 0.065979 0.097558 0.019872 0.025227 0.006018 
0.020176 0.061892 0.343135 0.151027 0.177745 0.076293 0.124965 0.016922 0.021896 0.005948 
0.007159 0.021748 0.351276 0.163536 0.190126 0.085284 0.122470 0.026767 0.027965 0.003670 
0.003378 0.082292 0.283134 0.166880 0.142083 0.091059 0.130758 0.045562 0.039615 0.015239 
0.003537 0.053089 0.325268 0.167180 0.105343 0.055199 0.180071 0.060000 0.033502 0.016811 
0.017020 0.044478 0.349698 0.154279 0.113912 0.062304 0.169542 0.040945 0.035965 0.011857 
0.023774 0.073505 0.336636 0.157747 0.149897 0.087625 0.125160 0.013363 0.027318 0.004975 
0.001285 0.044056 0.339908 0.165489 0.177468 0.065118 0.140516 0.032590 0.028836 0.004735 
0.013171 0.056946 0.263170 0.164331 0.199829 0.067638 0.158656 0.041685 0.027130 0.007445 
0.006257 0.030452 0.339236 0.207776 0.218630 0.035922 0.090764 0.040954 0.021652 0.008357 
0.005701 0.031874 0.345050 0.188270 0.281306 0.042892 0.046856 0.024786 0.022613 0.010653 
0.004783 0.030406 0.444462 0.151150 0.194083 0.051599 0.066153 0.027852 0.018361 0.011150 
0.010656 0.058486 0.395619 0.225662 0.146261 0.045780 0.080744 0.019529 0.011283 0.005979 
0.005839 0.045653 0.389341 0.153611 0.185523 0.079699 0.077857 0.024880 0.019791 0.017806 
0.014880 0.054207 0.331065 0.222771 0.180376 0.061620 0.072342 0.029435 0.027105 0.006198 
0.015963 0.056572 0.300515 0.240257 0.224984 0.054602 0.057122 0.019205 0.025806 0.004973 
0.016227 0.056058 0.320828 0.246806 0.189958 0.057272 0.046115 0.024799 0.036174 0.005764 
0.012201 0.154166 0.277301 0.236814 0.130666 0.041072 0.071018 0.025270 0.038799 0.012693 
0.011863 0.044726 0.384892 0.245952 0.125300 0.034039 0.109772 0.014882 0.021937 0.006638 
0.004473 0.078702 0.343825 0.230397 0.133266 0.022068 0.122173 0.024219 0.033471 0.007405 
0.020160 0.054462 0.387627 0.198956 0.165349 0.052018 0.083720 0.013195 0.021546 0.002967 
0.012925 0.059240 0.384424 0.220142 0.172882 0.058707 0.046787 0.016492 0.025521 0.002880 
0.021523 0.063995 0.389666 0.144621 0.203434 0.071458 0.053475 0.026097 0.023232 0.002499 
0.019516 0.074124 0.356393 0.195768 0.124693 0.052971 0.108074 0.027164 0.025040 0.016257 
0.011034 0.107861 0.345602 0.198095 0.131877 0.032144 0.121866 0.032044 0.012442 0.007034 
0.007260 0.042971 0.381432 0.190226 0.091326 0.035945 0.190294 0.029950 0.019150 0.011445 
0.010904 0.054734 0.303908 0.182579 0.094366 0.058044 0.199488 0.043568 0.031617 0.020794 
0.026488 0.074570 0.334781 0.162888 0.096526 0.062218 0.183587 0.031139 0.020953 0.006849 
0.029588 0.088767 0.321190 0.129378 0.072879 0.076722 0.218939 0.037399 0.018871 0.006267 
0.009211 0.097497 0.297520 0.143504 0.137415 0.070341 0.193262 0.033027 0.016220 0.002003 
0.013153 0.055585 0.355866 0.097292 0.143644 0.048836 0.199463 0.034895 0.034184 0.017080 
0.001215 0.133187 0.269437 0.085884 0.195586 0.049818 0.173884 0.043403 0.026731 0.020854 
0.013986 0.050126 0.302600 0.101670 0.247570 0.075483 0.156603 0.021407 0.023622 0.006933 
0.002048 0.092966 0.253121 0.187731 0.176532 0.086465 0.147083 0.026200 0.019709 0.008143 
0.030169 0.111031 0.320008 0.155311 0.150203 0.049223 0.102241 0.047126 0.024473 0.010216 
0.023183 0.046390 0.363937 0.171953 0.181486 0.046400 0.102805 0.036853 0.015948 0.011046 
0.020279 0.061261 0.283453 0.214248 0.197570 0.059130 0.112084 0.026009 0.012098 0.013868 
0.019795 0.049918 0.282792 0.218658 0.163141 0.042030 0.139941 0.041216 0.032339 0.010168 
0.007914 0.107635 0.340566 0.203836 0.133319 0.051998 0.066313 0.043700 0.036766 0.007953 
0.009347 0.042479 0.395390 0.244657 0.121572 0.047321 0.058602 0.038119 0.033261 0.009252 
0.025432 0.061742 0.398519 0.217759 0.106915 0.022113 0.075949 0.042064 0.036498 0.013010 
0.020747 0.051313 0.402080 0.221799 0.105136 0.045118 0.074218 0.025165 0.040525 0.013899 
0.000479 0.064685 0.411868 0.248207 0.103520 0.053720 0.056572 0.019735 0.032886 0.008328 
0.007467 0.082343 0.344336 0.286041 0.134078 0.049015 0.043454 0.018370 0.029985 0.004911 
0.016668 0.040237 0.350400 0.304764 0.149133 0.040263 0.024394 0.030802 0.034224 0.009113 
0.010648 0.072139 0.329334 0.282165 0.171610 0.039979 0.020942 0.033510 0.031397 0.008276 
0.018019 0.056713 0.297481 0.278354 0.178550 0.048180 0.048290 0.035778 0.031084 0.007550 
0.020568 0.047343 0.221416 0.269988 0.186699 0.077977 0.110648 0.035676 0.022832 0.006853 
0.019852 0.077266 0.253507 0.174457 0.184685 0.058794 0.146668 0.050346 0.024976 0.009449 
0.007111 0.041277 0.314153 0.206870 0.129033 0.103988 0.157772 0.019510 0.014381 0.005906 
0.004928 0.096354 0.262106 0.176174 0.156928 0.053458 0.198787 0.030653 0.012593 0.008020 
0.022085 0.057977 0.334749 0.178372 0.088885 0.111598 0.160877 0.029762 0.008143 0.007552 
0.018245 0.060117 0.296295 0.202357 0.099256 0.081196 0.199037 0.020169 0.015825 0.007503 
0.025118 0.068148 0.323372 0.159273 0.095648 0.053772 0.211454 0.034928 0.020757 0.007530 
0.021396 0.051504 0.294286 0.165394 0.096052 0.070087 0.221525 0.044719 0.025954 0.009082 
0.013063 0.075762 0.313326 0.159948 0.133415 0.031858 0.169699 0.053146 0.028312 0.021471 
0.024796 0.051763 0.294691 0.182853 0.186033 0.056368 0.133380 0.030471 0.027379 0.012267 
0.020307 0.053589 0.215397 0.291373 0.136519 0.075577 0.139701 0.021277 0.033884 0.012375 
0.018216 0.052085 0.207699 0.137321 0.316343 0.042593 0.144979 0.027484 0.041331 0.011949 
0.016370 0.085601 0.207006 0.186390 0.306844 0.054739 0.078046 0.023703 0.029579 0.011722 
0.005570 0.023025 0.218041 0.266088 0.226896 0.061413 0.099150 0.049925 0.029077 0.020814 
0.020240 0.065578 0.195802 0.152016 0.203652 0.094729 0.138330 0.064171 0.042660 0.022824 
0.007448 0.033455 0.251929 0.154591 0.242137 0.090918 0.146919 0.030524 0.031519 0.010561 
0.014169 0.052999 0.234364 0.178723 0.216890 0.092303 0.134755 0.046180 0.024856 0.004760 
0.002446 0.066610 0.328804 0.123009 0.190517 0.067735 0.127817 0.038082 0.036449 0.018530 
0.012495 0.042729 0.308742 0.187455 0.211402 0.041293 0.098616 0.049366 0.035505 0.012397 
0.016300 0.044494 0.314655 0.226352 0.210305 0.035049 0.072244 0.038418 0.029882 0.012301 
0.014778 0.029465 0.325344 0.186492 0.197066 0.037241 0.119883 0.039900 0.033368 0.016465 
0.031004 0.075125 0.278960 0.152517 0.190063 0.053120 0.141239 0.036001 0.025155 0.016816 
0.016676 0.029633 0.314275 0.201904 0.186348 0.079509 0.119893 0.028873 0.014827 0.008062 
0.000283 0.063362 0.314717 0.174779 0.165875 0.042812 0.141900 0.057447 0.027807 0.011019 
0.010661 0.047262 0.268017 0.218990 0.220050 0.037543 0.101176 0.059127 0.029229 0.007945 
0.010125 0.041312 0.176849 0.184678 0.341050 0.108333 0.107335 0.010500 0.015103 0.004714 
0.013625 0.038681 0.276761 0.242788 0.120691 0.056358 0.184041 0.025977 0.029005 0.012073 
0.022069 0.063616 0.251975 0.162729 0.161327 0.098505 0.182523 0.032200 0.014999 0.010056 
0.014489 0.066562 0.249451 0.196716 0.150113 0.086121 0.170592 0.040376 0.017926 0.007654 
0.007928 0.062766 0.241813 0.190556 0.166284 0.084850 0.179766 0.043632 0.014301 0.008103 
0.006028 0.063922 0.296859 0.133240 0.149376 0.050500 0.197317 0.051795 0.032071 0.018890 
0.009932 0.059746 0.269264 0.154935 0.108263 0.083909 0.217507 0.047942 0.037416 0.011086 
0.011600 0.043291 0.317877 0.151782 0.130361 0.085644 0.178256 0.044571 0.026039 0.010579 
0.021037 0.061802 0.312690 0.175237 0.168931 0.068280 0.119990 0.050271 0.015086 0.006676 
0.008892 0.077437 0.250744 0.236628 0.227765 0.055109 0.071735 0.052699 0.013212 0.005779 
0.027135 0.050606 0.135385 0.179869 0.337469 0.089065 0.095690 0.036419 0.032902 0.015462 
0.015349 0.040861 0.168215 0.146922 0.390859 0.090771 0.077630 0.036299 0.017776 0.015318 
0.018716 0.045331 0.283810 0.276815 0.228403 0.046739 0.053302 0.026719 0.016344 0.003821 
0.017854 0.038662 0.252379 0.243246 0.276003 0.052018 0.062959 0.037535 0.014533 0.004812 
0.008398 0.054766 0.245559 0.189884 0.264322 0.066386 0.104091 0.033002 0.022770 0.010822 
0.007695 0.028567 0.264249 0.187176 0.274808 0.071732 0.078234 0.050716 0.023681 0.013143 
0.012963 0.049869 0.275412 0.199146 0.294930 0.052945 0.066483 0.021158 0.019011 0.008084 
0.026064 0.046689 0.304085 0.179225 0.215273 0.062059 0.094014 0.050727 0.014573 0.007290 
0.017684 0.052193 0.255060 0.188635 0.162468 0.075209 0.112832 0.070294 0.041489 0.024135 
0.004098 0.051133 0.278108 0.219378 0.188303 0.070281 0.127000 0.038168 0.014289 0.009241 
0.017141 0.042295 0.257477 0.236510 0.205062 0.077120 0.122851 0.019569 0.015385 0.006591 
0.006862 0.039926 0.277015 0.231225 0.188390 0.063827 0.138465 0.024219 0.020951 0.009120 
0.014311 0.031605 0.279497 0.232453 0.206373 0.048466 0.129477 0.035917 0.015574 0.006326 
0.018582 0.070671 0.255164 0.241294 0.215434 0.038782 0.083645 0.043926 0.024755 0.007748 
0.021917 0.067003 0.214148 0.221942 0.257827 0.073739 0.084618 0.032630 0.018908 0.007268 
0.014803 0.043429 0.200417 0.181638 0.286784 0.085955 0.103925 0.053045 0.021537 0.008467 
0.015195 0.052019 0.322456 0.170712 0.157098 0.062921 0.100508 0.066775 0.037410 0.014905 
0.000404 0.081089 0.291344 0.131409 0.201143 0.076012 0.113101 0.051756 0.037432 0.016310 
0.019660 0.043726 0.302917 0.136251 0.179778 0.092642 0.116709 0.056149 0.038966 0.013202 
0.019941 0.033837 0.271592 0.151188 0.223315 0.089543 0.122442 0.051433 0.026398 0.010311 
0.017222 0.027917 0.206446 0.175256 0.269381 0.048340 0.159575 0.053684 0.031214 0.010965 
0.017536 0.024438 0.232844 0.151391 0.270639 0.072033 0.126808 0.056406 0.030354 0.017552 
0.004809 0.061388 0.250367 0.155112 0.258062 0.100769 0.076382 0.039448 0.037765 0.015898 
0.022259 0.034551 0.218784 0.177440 0.337784 0.092452 0.051594 0.042664 0.016559 0.005913 
0.001830 0.088042 0.192042 0.143674 0.305779 0.073063 0.098307 0.048985 0.031862 0.016417 
0.024508 0.088456 0.248231 0.232224 0.183297 0.069969 0.072266 0.043122 0.022743 0.015185 
0.005065 0.097267 0.280570 0.241729 0.132535 0.078217 0.067427 0.054468 0.027895 0.014826 
0.024259 0.090591 0.230488 0.196569 0.239354 0.049714 0.093902 0.040111 0.021815 0.013199 
0.013715 0.034839 0.306804 0.225192 0.184578 0.068350 0.107462 0.029875 0.018730 0.010455 
0.024370 0.077685 0.289375 0.217478 0.175626 0.055490 0.102739 0.032345 0.016991 0.007901 
0.004154 0.053027 0.388371 0.185948 0.105823 0.029633 0.140540 0.047180 0.029893 0.015432 
0.007536 0.076646 0.364307 0.206209 0.076209 0.055973 0.135563 0.050873 0.017770 0.008913 
0.006030 0.070670 0.372800 0.233759 0.120821 0.047575 0.080962 0.039601 0.018382 0.009400 
0.008805 0.061282 0.416408 0.206814 0.123146 0.059578 0.074194 0.036103 0.009247 0.004424 
0.030707 0.103063 0.423687 0.181510 0.113988 0.044901 0.073087 0.025099 0.002544 0.001414 
0.011144 0.048698 0.489530 0.159168 0.132600 0.029494 0.087647 0.027219 0.008695 0.005805 
0.024143 0.087752 0.454886 0.155226 0.099314 0.038644 0.089294 0.038392 0.010573 0.001776 
0.012396 0.028724 0.472177 0.171667 0.073910 0.050379 0.141816 0.029231 0.012047 0.007654 
0.001454 0.091007 0.305785 0.195153 0.160575 0.061890 0.106463 0.035628 0.029843 0.012201 
0.017463 0.046022 0.275293 0.179115 0.148473 0.072391 0.086156 0.063030 0.064712 0.047345 
0.008353 0.058143 0.269545 0.240187 0.213321 0.031314 0.044553 0.076854 0.039431 0.018300 
0.022055 0.055482 0.219803 0.181761 0.226540 0.075383 0.053351 0.055088 0.061099 0.049437 
0.027187 0.048203 0.177802 0.175071 0.142325 0.062384 0.080747 0.076834 0.089417 0.120030 
0.008122 0.050590 0.159323 0.141464 0.108641 0.044019 0.138531 0.124025 0.085328 0.139956 
0.005357 0.034484 0.188372 0.147132 0.104838 0.073438 0.147931 0.101921 0.092654 0.103872 
0.007621 0.024574 0.151841 0.108809 0.077926 0.071161 0.134375 0.106038 0.088646 0.229010 
0.013529 0.020321 0.217892 0.171150 0.078032 0.031696 0.164036 0.096078 0.126964 0.080303 
0.011731 0.052325 0.203283 0.150779 0.092841 0.037623 0.153547 0.108474 0.074797 0.114599 
0.025220 0.053505 0.192382 0.190699 0.151507 0.095314 0.129767 0.072342 0.046010 0.043253 
0.006992 0.034086 0.207843 0.195898 0.242336 0.080392 0.100201 0.044670 0.056985 0.030598 
0.018190 0.033530 0.180336 0.103994 0.336027 0.109477 0.086643 0.057739 0.036124 0.037939 
0.005610 0.020815 0.100365 0.131374 0.132670 0.271274 0.078388 0.146998 0.035299 0.077208 
0.000186 0.033677 0.114424 0.099376 0.213620 0.244218 0.093251 0.117405 0.023361 0.060482 
0.005283 0.014879 0.256340 0.105497 0.352322 0.047317 0.088421 0.042494 0.054094 0.033354 
0.002145 0.038585 0.129879 0.081708 0.233751 0.104423 0.105615 0.151783 0.124759 0.027351 
0.009552 0.027401 0.118695 0.063098 0.191014 0.054401 0.180477 0.181274 0.146379 0.027711 
0.005429 0.010820 0.110517 0.064228 0.176438 0.021540 0.141975 0.189830 0.209639 0.069584 
0.009379 0.022974 0.134202 0.077565 0.214432 0.030526 0.084297 0.200690 0.149553 0.076384 
0.010438 0.025422 0.250889 0.156409 0.226270 0.106526 0.102086 0.056659 0.036002 0.029300 
0.005989 0.062030 0.163041 0.105035 0.405766 0.114997 0.060731 0.028893 0.034679 0.018840 
0.013770 0.039354 0.196657 0.126041 0.379707 0.096697 0.064411 0.031282 0.035769 0.016314 
0.005483 0.046217 0.090337 0.081281 0.252849 0.077502 0.193697 0.050571 0.169584 0.032479 
0.009155 0.037614 0.095853 0.044091 0.142655 0.049235 0.262722 0.083039 0.225518 0.050118 
0.013550 0.028584 0.145040 0.041444 0.115910 0.032491 0.213435 0.150157 0.191157 0.068231 
0.007165 0.011666 0.070993 0.055363 0.077585 0.054700 0.150544 0.321356 0.155135 0.095492 
0.000062 0.015859 0.092785 0.096150 0.090499 0.021124 0.109521 0.270239 0.214295 0.089466 
0.001351 0.029826 0.087483 0.131858 0.160385 0.085289 0.089229 0.142380 0.176300 0.095898 
0.017804 0.032220 0.180483 0.268107 0.146262 0.169990 0.064924 0.052127 0.039371 0.028712 
0.010793 0.023890 0.197045 0.258827 0.148722 0.101426 0.108295 0.054508 0.057887 0.038606 
0.019451 0.025088 0.195070 0.287649 0.147824 0.050527 0.142606 0.054650 0.056961 0.020173 
0.006193 0.015254 0.057064 0.069739 0.059281 0.040231 0.117976 0.165849 0.270580 0.197834 
0.000176 0.022147 0.036524 0.064752 0.067686 0.062183 0.121131 0.258337 0.240257 0.126807 
0.007655 0.023131 0.047244 0.095910 0.065979 0.139743 0.101738 0.308382 0.054839 0.155379 
0.005579 0.039050 0.067838 0.083213 0.107604 0.090955 0.113427 0.357380 0.044875 0.090078 
0.013099 0.046218 0.075620 0.088765 0.160396 0.045834 0.143392 0.304281 0.057159 0.065235 
0.007882 0.053640 0.106293 0.118745 0.255030 0.126518 0.159038 0.115447 0.035070 0.022337 
0.008533 0.030230 0.198996 0.169679 0.204488 0.088904 0.106397 0.083040 0.070867 0.038867 
0.015434 0.041525 0.180149 0.175230 0.222635 0.034356 0.144176 0.062684 0.067792 0.056020 
0.010061 0.030121 0.153300 0.222015 0.242785 0.078693 0.120672 0.070602 0.034179 0.037572 
0.015040 0.021663 0.194162 0.201394 0.259811 0.100240 0.066820 0.070777 0.032620 0.037472 
0.003962 0.041708 0.113248 0.164294 0.301230 0.097021 0.115009 0.071301 0.065764 0.026463 
0.005359 0.016611 0.050641 0.060562 0.081322 0.057303 0.075746 0.246190 0.099597 0.306669 
0.007829 0.035102 0.063680 0.069745 0.053519 0.068455 0.067743 0.247334 0.106384 0.280207 
0.014107 0.038025 0.093689 0.122063 0.064359 0.090358 0.064701 0.277412 0.067271 0.168014 
0.017205 0.046159 0.147964 0.199474 0.133340 0.139461 0.089890 0.137650 0.040698 0.048158 
0.002563 0.032303 0.126988 0.195589 0.192700 0.222635 0.077685 0.065667 0.043042 0.040827 
0.011822 0.030510 0.091624 0.100500 0.377443 0.224383 0.062640 0.038966 0.027110 0.035001 
0.000390 0.023221 0.104485 0.094113 0.392667 0.226002 0.092541 0.025286 0.029409 0.011885 
0.000878 0.019837 0.108860 0.095909 0.193950 0.289168 0.126378 0.068023 0.042589 0.054407 
0.004250 0.035356 0.155903 0.153011 0.167163 0.128924 0.160993 0.085443 0.066546 0.042411 
0.014619 0.033394 0.152242 0.116816 0.138714 0.095639 0.145529 0.090056 0.119362 0.093629 
0.008063 0.035131 0.272415 0.225745 0.144825 0.081280 0.074688 0.052106 0.071990 0.033757 
0.017529 0.048842 0.191962 0.244477 0.111328 0.069655 0.088285 0.074453 0.092999 0.060470 
0.026675 0.044060 0.246581 0.246722 0.075983 0.037062 0.107361 0.093784 0.074059 0.047713 
0.007276 0.114287 0.197398 0.263057 0.100731 0.053162 0.117418 0.067367 0.063984 0.015320 
0.035970 0.074963 0.270738 0.195550 0.071335 0.071811 0.138929 0.061408 0.043573 0.035723 
0.006539 0.025997 0.092880 0.137133 0.073645 0.089957 0.133371 0.220328 0.122364 0.097785 
0.006825 0.019359 0.063840 0.065940 0.078286 0.036447 0.091397 0.197127 0.210276 0.230502 
0.007737 0.033544 0.133331 0.110459 0.101770 0.036306 0.233849 0.063606 0.122743 0.156654 
0.006547 0.035390 0.144852 0.125573 0.200111 0.061001 0.176103 0.059495 0.119572 0.071356 
0.005525 0.016211 0.116875 0.105429 0.152027 0.052938 0.130965 0.094058 0.206391 0.119582 
0.008217 0.018073 0.078373 0.172109 0.168905 0.029967 0.137848 0.052871 0.260935 0.072702 
0.007667 0.025056 0.154506 0.180494 0.217024 0.032732 0.221429 0.037234 0.085832 0.038026 
0.005143 0.035099 0.161476 0.203832 0.236891 0.046988 0.188128 0.044685 0.050216 0.027542 
0.017262 0.024957 0.194575 0.185027 0.285181 0.073352 0.113835 0.033161 0.049444 0.023206 
0.012541 0.033141 0.184463 0.260027 0.232084 0.050004 0.104922 0.045705 0.052302 0.024811 
0.026934 0.066930 0.180135 0.205271 0.193173 0.043744 0.139969 0.047279 0.038557 0.058009 
0.013793 0.037067 0.205192 0.269185 0.166124 0.074582 0.117439 0.033535 0.041482 0.041602 
0.006529 0.069042 0.185454 0.285656 0.127756 0.096389 0.114591 0.058367 0.029694 0.026522 
0.019126 0.040634 0.201905 0.290281 0.104683 0.064640 0.127876 0.057377 0.054214 0.039264 
0.008911 0.085569 0.199301 0.308843 0.135197 0.031313 0.078782 0.050658 0.054761 0.046667 
0.028275 0.048758 0.243362 0.328396 0.092506 0.044291 0.045177 0.071976 0.047683 0.049576 
0.039731 0.040289 0.221806 0.204899 0.212265 0.062411 0.054706 0.046633 0.079397 0.037862 
0.028990 0.048872 0.193850 0.144926 0.200330 0.076406 0.144978 0.066159 0.048061 0.047428 
0.019389 0.044266 0.260164 0.114334 0.141885 0.077946 0.166319 0.075935 0.065058 0.034704 
0.011275 0.096702 0.243104 0.147682 0.134017 0.052441 0.147874 0.083682 0.040527 0.042696 
0.017257 0.057743 0.256450 0.124589 0.165802 0.071579 0.156553 0.070399 0.044583 0.035045 
0.007108 0.084453 0.183831 0.144980 0.145850 0.085799 0.187365 0.063214 0.065633 0.031766 
0.024127 0.100895 0.179761 0.158150 0.126819 0.047699 0.164824 0.084890 0.072939 0.039896 
0.010446 0.057991 0.233312 0.165238 0.152469 0.057183 0.149775 0.083204 0.051848 0.038533 
0.019340 0.080225 0.189144 0.167443 0.106968 0.057144 0.192994 0.066244 0.073381 0.047116 
0.027803 0.055138 0.189146 0.179954 0.097205 0.063868 0.165542 0.057304 0.072783 0.091256 
0.012509 0.130498 0.161183 0.213507 0.156231 0.063730 0.138780 0.055075 0.020630 0.047858 
0.036980 0.059407 0.242278 0.189249 0.219821 0.039383 0.142283 0.041616 0.021661 0.007321 
0.007475 0.089802 0.190448 0.191666 0.218449 0.056161 0.134691 0.057548 0.029391 0.024368 
0.011833 0.083056 0.205532 0.169959 0.247042 0.082248 0.093394 0.054388 0.034150 0.018397 
0.024485 0.056468 0.231224 0.175028 0.263137 0.110611 0.070191 0.037364 0.016859 0.014634 
0.041256 0.085629 0.216396 0.182372 0.267563 0.089878 0.069178 0.030646 0.012198 0.004884 
0.026025 0.049125 0.238336 0.102457 0.263972 0.100363 0.125088 0.044463 0.033250 0.016920 
0.000039 0.093755 0.173713 0.112893 0.281277 0.051857 0.178254 0.054921 0.031285 0.022005 
0.015984 0.074656 0.182966 0.086490 0.289654 0.059956 0.187966 0.051677 0.036385 0.014265 
0.003302 0.076908 0.201668 0.065145 0.293291 0.107194 0.187917 0.031267 0.023765 0.009543 
0.029779 0.096200 0.172725 0.037309 0.308153 0.139919 0.169905 0.024467 0.019504 0.002039 
0.009793 0.076415 0.210971 0.088246 0.302762 0.066679 0.181914 0.032879 0.021983 0.008357 
0.005789 0.043203 0.184617 0.408364 0.151117 0.048028 0.111638 0.016817 0.015222 0.015204 
0.017436 0.057099 0.214833 0.416112 0.136378 0.014863 0.091754 0.024292 0.021046 0.006186 
0.017841 0.035377 0.188102 0.434104 0.122952 0.048384 0.068635 0.040065 0.029521 0.015021 
0.007775 0.100184 0.151206 0.480726 0.092839 0.050013 0.059275 0.028344 0.021383 0.008254 
0.038764 0.083401 0.127370 0.467379 0.094808 0.060459 0.071859 0.022280 0.023449 0.010231 
0.036272 0.038258 0.178245 0.376252 0.178598 0.073994 0.070939 0.018450 0.018744 0.010247 
0.034347 0.148634 0.219171 0.084343 0.135521 0.108381 0.044010 0.097045 0.062049 0.066499 
0.002942 0.145825 0.197557 0.104444 0.127408 0.162624 0.058813 0.093069 0.037602 0.069717 
0.012200 0.076862 0.240288 0.129219 0.110555 0.156313 0.084773 0.072824 0.032445 0.084522 
0.011954 0.145879 0.200991 0.140146 0.125960 0.124091 0.073778 0.055742 0.041372 0.080087 
0.027465 0.225493 0.281442 0.116057 0.125566 0.048641 0.028974 0.034233 0.023389 0.088740 
0.022496 0.181896 0.228457 0.127153 0.135558 0.042280 0.043779 0.061621 0.032754 0.124006 
0.009045 0.168565 0.200245 0.121323 0.134304 0.074705 0.053367 0.077349 0.052266 0.108831 
0.013836 0.187490 0.192648 0.131796 0.101560 0.091338 0.066691 0.093718 0.038043 0.082880 
0.008257 0.243092 0.212642 0.130755 0.048708 0.061783 0.051097 0.106611 0.024620 0.112435 
0.022962 0.228876 0.242911 0.113288 0.049961 0.125648 0.071235 0.051266 0.038324 0.055530 
0.019712 0.276559 0.191965 0.082448 0.051905 0.137764 0.069571 0.073242 0.042921 0.053913 
0.047922 0.333198 0.211967 0.072987 0.078890 0.065431 0.057605 0.053594 0.020703 0.057704 
0.040388 0.270086 0.184614 0.074523 0.121371 0.066410 0.068372 0.057478 0.038501 0.078257 
0.025271 0.276817 0.160683 0.072232 0.080863 0.077255 0.123078 0.054748 0.029876 0.099178 
0.033367 0.264668 0.187777 0.088656 0.102756 0.051718 0.129099 0.037248 0.043948 0.060763 
0.027806 0.290520 0.210022 0.120368 0.127459 0.052476 0.081816 0.022946 0.018108 0.048479 
0.005378 0.249453 0.255348 0.127521 0.120773 0.079044 0.046781 0.049116 0.015929 0.050657 
0.000358 0.291751 0.252093 0.108747 0.127088 0.036620 0.064615 0.059198 0.024188 0.035343 
0.026547 0.295176 0.219299 0.057211 0.100258 0.084403 0.075198 0.057821 0.016116 0.067972 
0.028698 0.258327 0.202094 0.047153 0.088389 0.122171 0.049886 0.077408 0.049336 0.076538 
0.032308 0.288673 0.177422 0.052326 0.083919 0.131991 0.057423 0.064950 0.049893 0.061096 
0.038481 0.278396 0.168015 0.087855 0.071698 0.142163 0.080338 0.049058 0.033549 0.050447 
0.027485 0.317475 0.158401 0.098867 0.067380 0.123236 0.041250 0.063844 0.042638 0.059423 
0.021481 0.316749 0.152463 0.121201 0.072864 0.053450 0.061585 0.081033 0.053475 0.065700 
0.004136 0.324220 0.149323 0.100810 0.053404 0.051701 0.087735 0.118329 0.026119 0.084221 
0.016498 0.328307 0.116538 0.095068 0.057941 0.071953 0.104649 0.098958 0.037672 0.072415 
0.032172 0.318669 0.074885 0.102588 0.086606 0.077856 0.093163 0.095961 0.021434 0.096666 
0.040903 0.329292 0.098628 0.147810 0.106884 0.035725 0.044362 0.061421 0.054287 0.080688 
0.043820 0.257623 0.100002 0.121207 0.091976 0.082125 0.041036 0.089256 0.060150 0.112804 
0.032535 0.259452 0.144357 0.112818 0.091213 0.114709 0.070619 0.067953 0.048453 0.057891 
0.025585 0.234774 0.200191 0.093272 0.076019 0.114435 0.093869 0.040939 0.021918 0.098998 
0.013836 0.273134 0.215765 0.126509 0.039529 0.071091 0.090632 0.067993 0.027051 0.074459 
0.007798 0.236673 0.204371 0.122370 0.064581 0.080594 0.118417 0.083306 0.028478 0.053412 
0.012293 0.200314 0.188393 0.159078 0.092205 0.115558 0.062072 0.058209 0.036360 0.075518 
0.028636 0.224335 0.140066 0.148479 0.122136 0.106153 0.041214 0.070334 0.033814 0.084833 
0.032029 0.205243 0.096001 0.153873 0.151217 0.053981 0.060838 0.114015 0.055467 0.077335 
0.030134 0.254784 0.093653 0.177084 0.140875 0.074997 0.061338 0.069757 0.037120 0.060259 
0.032270 0.258116 0.063010 0.155657 0.113412 0.076078 0.047180 0.105355 0.023132 0.125791 
0.028391 0.231347 0.066504 0.129306 0.117926 0.045075 0.072050 0.140487 0.043397 0.125516 
0.010716 0.208073 0.085679 0.151973 0.135807 0.102158 0.065071 0.118726 0.035751 0.086045 
0.002824 0.182959 0.090904 0.128254 0.194087 0.147009 0.052008 0.099098 0.043025 0.059832 
0.007885 0.184844 0.093225 0.124809 0.187010 0.166430 0.067180 0.092034 0.031864 0.044719 
0.021542 0.214642 0.086901 0.156436 0.132819 0.147470 0.068101 0.050782 0.042252 0.079056 
0.023397 0.199071 0.081682 0.166729 0.145818 0.105271 0.060923 0.063658 0.053610 0.099841 
0.028729 0.195305 0.075511 0.167913 0.202058 0.070967 0.059456 0.064226 0.026242 0.109593 
0.025858 0.156356 0.067902 0.132037 0.170791 0.114337 0.079600 0.083953 0.033177 0.135990 
0.021144 0.157523 0.084894 0.082965 0.145055 0.178216 0.097961 0.093877 0.076370 0.061996 
0.015950 0.104668 0.139822 0.110440 0.134125 0.122468 0.091666 0.100374 0.064839 0.115648 
0.000751 0.108265 0.154864 0.062346 0.146781 0.089574 0.128323 0.082708 0.061422 0.164966 
0.014958 0.143052 0.151892 0.069408 0.093825 0.133429 0.144176 0.099200 0.074789 0.075271 
0.014345 0.159426 0.158031 0.074416 0.067729 0.114928 0.120028 0.071352 0.100498 0.119248 
0.010981 0.168384 0.106985 0.124104 0.124794 0.086790 0.046056 0.059599 0.136716 0.135593 
0.002698 0.198226 0.120980 0.131989 0.171391 0.094609 0.039644 0.037146 0.088244 0.115074 
0.017923 0.235282 0.143426 0.128125 0.164167 0.088023 0.076511 0.059366 0.034678 0.052499 
0.003213 0.229013 0.173218 0.124682 0.115878 0.055837 0.073227 0.047179 0.067481 0.110272 
0.030678 0.325368 0.185064 0.122448 0.075823 0.048189 0.041312 0.049741 0.045927 0.075449 
0.000117 0.294542 0.222865 0.086865 0.105303 0.063794 0.060510 0.092032 0.049896 0.024077 
0.013371 0.281214 0.192454 0.097489 0.122581 0.042300 0.067095 0.110283 0.038374 0.034839 
0.023992 0.305468 0.175241 0.127649 0.134551 0.021243 0.030229 0.104394 0.027483 0.049749 
0.028558 0.293505 0.168597 0.103727 0.111430 0.044295 0.080446 0.046740 0.057100 0.065601 
0.013565 0.293796 0.184727 0.107184 0.105366 0.056508 0.138781 0.030028 0.021761 0.048283 
0.007552 0.282886 0.196923 0.132807 0.108756 0.028600 0.112728 0.058440 0.031497 0.039810 
0.024707 0.318438 0.186809 0.125027 0.130638 0.023347 0.051833 0.049007 0.030837 0.059357 
