Sunny-day,Akon
0.000000 0.000000 0.000000 0.000000 0.000000 0.000000 0.000000 0.000000 0.000000 0.000000 
0.045228 0.470511 0.284869 0.046788 0.034129 0.015526 0.025079 0.032659 0.024920 0.020291 
0.119222 0.515986 0.163640 0.055190 0.039510 0.023140 0.018550 0.020300 0.008117 0.036345 
0.007853 0.132153 0.275359 0.131177 0.073761 0.062365 0.084788 0.090176 0.113827 0.028543 
0.000964 0.046656 0.377115 0.081363 0.064139 0.098823 0.062618 0.089898 0.160329 0.018093 
0.004627 0.027876 0.372024 0.060151 0.049905 0.090248 0.061434 0.111999 0.191925 0.029812 
0.011956 0.061615 0.341153 0.069578 0.072821 0.085534 0.072813 0.084044 0.174165 0.026320 
0.007160 0.048845 0.343461 0.078797 0.061514 0.103562 0.057854 0.070445 0.193050 0.035312 
0.011802 0.066592 0.312133 0.107341 0.036570 0.094072 0.048803 0.125912 0.178417 0.018360 
0.011120 0.056597 0.332193 0.105672 0.038581 0.096822 0.067405 0.108672 0.163792 0.019146 
0.008375 0.053410 0.339565 0.080016 0.065388 0.117934 0.060742 0.101496 0.148352 0.024722 
0.008654 0.046961 0.349870 0.075176 0.063263 0.105812 0.057453 0.104403 0.150328 0.038080 
0.008766 0.046426 0.350288 0.072208 0.060114 0.114570 0.060045 0.145862 0.123305 0.018417 
0.008915 0.044411 0.370293 0.073711 0.078636 0.127260 0.067022 0.108263 0.103533 0.017955 
0.008740 0.047248 0.336997 0.262618 0.103695 0.062306 0.054985 0.061593 0.046048 0.015771 
0.006027 0.032512 0.537723 0.138658 0.052488 0.062572 0.052255 0.059053 0.053207 0.005504 
0.006871 0.051317 0.395111 0.153588 0.063506 0.091094 0.054425 0.073616 0.093896 0.016576 
0.003402 0.033134 0.346493 0.085002 0.104070 0.090117 0.058878 0.092423 0.157795 0.028686 
0.001097 0.023461 0.387661 0.099101 0.070504 0.080535 0.046848 0.128357 0.144962 0.017474 
0.001139 0.017909 0.428179 0.071120 0.082608 0.084343 0.053249 0.085857 0.147361 0.028236 
0.008158 0.044796 0.383090 0.074134 0.087578 0.080880 0.058740 0.097037 0.152285 0.013303 
0.006881 0.040445 0.399036 0.081712 0.084021 0.063566 0.059668 0.091823 0.150510 0.022340 
0.021145 0.101428 0.291877 0.113753 0.077785 0.086870 0.058706 0.095584 0.129874 0.022977 
0.005146 0.034230 0.360553 0.111838 0.076405 0.100338 0.060313 0.100427 0.138294 0.012457 
0.012477 0.066985 0.329529 0.092045 0.095889 0.099543 0.073686 0.091025 0.125312 0.013508 
0.013736 0.076083 0.520833 0.131735 0.087579 0.055063 0.026303 0.038102 0.035073 0.015493 
0.028581 0.144158 0.533379 0.090774 0.057810 0.037814 0.030337 0.040993 0.024712 0.011441 
0.021655 0.116138 0.545295 0.065149 0.054004 0.047084 0.031540 0.058976 0.051653 0.008506 
0.009894 0.055119 0.346813 0.110512 0.099471 0.100236 0.042802 0.108735 0.097399 0.029019 
0.019851 0.096407 0.279469 0.093608 0.072896 0.101659 0.045757 0.132109 0.134312 0.023933 
0.002992 0.019728 0.382240 0.105351 0.077176 0.091457 0.041712 0.108988 0.146979 0.023377 
0.013797 0.069983 0.356962 0.072905 0.071910 0.090833 0.046935 0.121360 0.132132 0.023183 
0.001816 0.026465 0.353036 0.072494 0.088974 0.074546 0.056310 0.114324 0.165384 0.046651 
0.009108 0.064727 0.376362 0.121593 0.053827 0.064656 0.013960 0.047278 0.192683 0.055806 
0.014858 0.088906 0.387108 0.083700 0.058658 0.063199 0.020630 0.068588 0.178782 0.035570 
0.011886 0.080307 0.359218 0.082778 0.050474 0.060812 0.037602 0.080865 0.179077 0.056981 
0.004166 0.057812 0.413296 0.081244 0.081591 0.061987 0.029816 0.059891 0.172814 0.037382 
0.014771 0.081417 0.374679 0.108889 0.088929 0.052894 0.011544 0.062745 0.157220 0.046913 
0.016742 0.098873 0.391897 0.110872 0.067618 0.059624 0.014322 0.048038 0.158224 0.033789 
0.021211 0.121162 0.377759 0.089631 0.051198 0.054689 0.022724 0.074034 0.159301 0.028291 
0.019443 0.113966 0.371811 0.088513 0.058293 0.061400 0.036060 0.059758 0.171119 0.019637 
0.003022 0.051965 0.402259 0.071561 0.087459 0.067246 0.017401 0.090705 0.179522 0.028859 
0.012111 0.075239 0.388744 0.085537 0.086446 0.064745 0.023151 0.061041 0.184046 0.018938 
0.011344 0.062713 0.402998 0.225257 0.098464 0.046909 0.046154 0.039336 0.051453 0.015373 
0.025838 0.118959 0.490287 0.117071 0.033609 0.039335 0.022607 0.041536 0.099151 0.011606 
0.020312 0.105689 0.342624 0.148475 0.061349 0.053440 0.013293 0.072664 0.158840 0.023315 
0.010061 0.061288 0.326606 0.282466 0.100048 0.057950 0.048928 0.037774 0.046497 0.028383 
0.000844 0.009322 0.599499 0.152476 0.034557 0.038666 0.034627 0.051399 0.063115 0.015493 
0.017261 0.099497 0.423089 0.095038 0.057410 0.064368 0.016959 0.041294 0.141383 0.043702 
0.018026 0.092371 0.358626 0.113807 0.074285 0.068242 0.017181 0.049956 0.157507 0.049999 
0.021520 0.119056 0.367863 0.074547 0.062997 0.064733 0.030546 0.069401 0.148213 0.041124 
0.010502 0.072736 0.420109 0.083473 0.077903 0.059749 0.025752 0.043616 0.154403 0.051755 
0.002658 0.046246 0.467436 0.087393 0.075340 0.060086 0.013578 0.058453 0.157308 0.031502 
0.014047 0.087900 0.429697 0.073773 0.062579 0.055807 0.013870 0.051232 0.168681 0.042413 
0.010639 0.081264 0.509995 0.183941 0.056916 0.024982 0.038496 0.045665 0.036709 0.011394 
0.027976 0.158709 0.527079 0.078265 0.049873 0.031088 0.017598 0.020846 0.067008 0.021557 
0.025139 0.147858 0.468935 0.090280 0.069310 0.039256 0.018742 0.023933 0.096489 0.020057 
0.006874 0.063009 0.463594 0.079094 0.070719 0.052236 0.034223 0.053414 0.158144 0.018693 
0.001679 0.027823 0.427859 0.098945 0.061289 0.060251 0.032944 0.090306 0.185354 0.013550 
0.003094 0.015625 0.455943 0.086444 0.062793 0.068622 0.041564 0.069827 0.166955 0.029133 
0.004937 0.038101 0.492510 0.078199 0.054720 0.067622 0.025419 0.032799 0.184509 0.021184 
0.008724 0.070249 0.260880 0.068775 0.106644 0.133103 0.093783 0.135859 0.071673 0.050311 
0.008303 0.030403 0.294028 0.091608 0.119806 0.133583 0.058990 0.131731 0.069392 0.062157 
0.001333 0.025869 0.319214 0.082415 0.135024 0.110168 0.031917 0.155955 0.072936 0.065170 
0.008988 0.047247 0.290673 0.107392 0.119632 0.137057 0.047440 0.120063 0.068498 0.053010 
0.000746 0.020822 0.321567 0.123814 0.132427 0.138618 0.042352 0.107892 0.071076 0.040686 
0.012180 0.073439 0.293445 0.088721 0.163886 0.113719 0.026388 0.084039 0.063516 0.080668 
0.004271 0.042364 0.300714 0.089432 0.174973 0.148105 0.027392 0.092164 0.073044 0.047540 
0.017447 0.093235 0.245999 0.076600 0.153873 0.149743 0.047601 0.068475 0.088659 0.058368 
0.001806 0.048414 0.288132 0.153230 0.134281 0.141300 0.026729 0.052190 0.087743 0.066174 
0.008024 0.054391 0.273118 0.132031 0.131695 0.158826 0.020646 0.070470 0.075388 0.075411 
0.005188 0.037381 0.282361 0.109608 0.154044 0.145390 0.041596 0.083071 0.072225 0.069137 
0.000969 0.026474 0.535618 0.145064 0.065524 0.069394 0.034175 0.056771 0.039308 0.026705 
0.001584 0.016542 0.433050 0.146660 0.073969 0.127856 0.043119 0.073104 0.040015 0.044102 
0.005275 0.028840 0.361972 0.107065 0.127194 0.130865 0.030142 0.117450 0.052666 0.038531 
0.002582 0.017851 0.359722 0.096255 0.148611 0.118331 0.050979 0.112260 0.048784 0.044625 
0.006628 0.041666 0.335575 0.064652 0.147351 0.129328 0.035220 0.140326 0.053788 0.045466 
0.007791 0.045754 0.321694 0.087586 0.109414 0.123150 0.032444 0.143653 0.085420 0.043095 
0.005386 0.045031 0.316312 0.082390 0.127419 0.123018 0.061076 0.129969 0.066646 0.042752 
0.010408 0.073531 0.245556 0.117504 0.114365 0.121806 0.033048 0.144615 0.060678 0.078490 
0.004475 0.042768 0.294031 0.111476 0.122044 0.127337 0.040223 0.125158 0.082703 0.049785 
0.019299 0.101668 0.230230 0.082124 0.140377 0.111794 0.033134 0.135262 0.080980 0.065131 
0.001385 0.079307 0.409530 0.171568 0.094746 0.056401 0.049760 0.064284 0.044204 0.028814 
0.010377 0.084937 0.481438 0.115914 0.110681 0.047917 0.029017 0.058541 0.043348 0.017830 
0.006166 0.052894 0.469606 0.068379 0.132902 0.096179 0.028154 0.061565 0.057126 0.027029 
0.006047 0.027588 0.400423 0.074622 0.101568 0.150789 0.036087 0.078331 0.076332 0.048213 
0.004996 0.026850 0.370299 0.093270 0.118885 0.150514 0.033107 0.080885 0.068130 0.053064 
0.007787 0.034934 0.364515 0.099482 0.126570 0.137480 0.020133 0.083816 0.070439 0.054843 
0.005652 0.036555 0.288065 0.089929 0.118185 0.170496 0.047993 0.088092 0.091199 0.063835 
0.006295 0.063718 0.251350 0.119883 0.144022 0.148299 0.038714 0.098668 0.075256 0.053795 
0.006269 0.052086 0.296822 0.070007 0.157192 0.148083 0.033895 0.104375 0.058848 0.072423 
0.009936 0.067544 0.242051 0.075270 0.170790 0.153517 0.038829 0.118899 0.062342 0.060822 
0.004962 0.047895 0.293632 0.067674 0.140789 0.151580 0.035276 0.123456 0.079032 0.055704 
0.004846 0.054254 0.286494 0.093719 0.131547 0.153846 0.056248 0.110519 0.060502 0.048026 
0.006605 0.046998 0.305170 0.082392 0.133164 0.162728 0.032613 0.102616 0.055730 0.071985 
0.009231 0.041747 0.320974 0.072585 0.140257 0.147374 0.033792 0.105751 0.087541 0.040750 
0.000982 0.025298 0.307460 0.073374 0.124417 0.157277 0.062066 0.084972 0.083390 0.080763 
0.006905 0.028995 0.329810 0.060228 0.148172 0.156595 0.022737 0.092830 0.079041 0.074686 
0.001092 0.014465 0.347801 0.052776 0.161829 0.124759 0.037954 0.097421 0.092575 0.069328 
0.011470 0.068287 0.284494 0.064870 0.156012 0.138685 0.035776 0.086885 0.090479 0.063042 
0.009981 0.062656 0.368078 0.256259 0.079257 0.081978 0.036799 0.047976 0.027635 0.029382 
0.005866 0.030174 0.563131 0.137857 0.062265 0.057627 0.025822 0.053432 0.036061 0.027766 
0.010145 0.058071 0.404818 0.100069 0.087617 0.106840 0.038021 0.111205 0.047645 0.035570 
0.008502 0.055738 0.343924 0.092716 0.100787 0.131389 0.046849 0.112881 0.065462 0.041753 
0.007761 0.037109 0.466740 0.216186 0.074722 0.052105 0.039762 0.054529 0.025773 0.025312 
0.013525 0.072082 0.419425 0.127388 0.105963 0.078701 0.020263 0.099555 0.031998 0.031100 
0.003165 0.026514 0.382445 0.104767 0.086240 0.132071 0.044881 0.123845 0.055737 0.040336 
0.002975 0.010591 0.384460 0.033686 0.126801 0.138304 0.030293 0.144615 0.064570 0.063705 
0.003307 0.016157 0.381615 0.080531 0.087087 0.141475 0.036130 0.134566 0.079772 0.039360 
0.011689 0.058306 0.392469 0.048621 0.084020 0.130726 0.031347 0.114986 0.066860 0.060977 
0.000482 0.011874 0.420070 0.060682 0.110142 0.134888 0.026752 0.105341 0.078652 0.051119 
0.002199 0.049422 0.527601 0.169105 0.094676 0.031994 0.031336 0.041579 0.023736 0.028353 
0.009991 0.069406 0.556296 0.119233 0.078816 0.051642 0.039411 0.028926 0.020201 0.026078 
0.011639 0.090607 0.533515 0.082964 0.050358 0.071628 0.040961 0.048386 0.031516 0.038427 
0.013420 0.099387 0.407061 0.054489 0.111578 0.114706 0.055528 0.042737 0.053147 0.047946 
0.026372 0.144608 0.339171 0.058622 0.129282 0.114364 0.025442 0.049660 0.060323 0.052155 
0.001332 0.009982 0.451224 0.057155 0.143858 0.115350 0.016982 0.075970 0.067312 0.060835 
0.000070 0.044893 0.363606 0.066641 0.138236 0.125831 0.030759 0.106654 0.072896 0.050414 
0.001524 0.086416 0.208946 0.084156 0.065014 0.100197 0.131087 0.129431 0.123340 0.069890 
0.008118 0.038847 0.179008 0.132220 0.073418 0.043132 0.122941 0.167223 0.117721 0.117374 
0.004913 0.034649 0.154628 0.165231 0.061211 0.091622 0.126967 0.136426 0.103061 0.121292 
0.001803 0.021473 0.161447 0.144002 0.085170 0.062326 0.113393 0.184577 0.096186 0.129623 
0.002863 0.007412 0.159695 0.127422 0.077501 0.061088 0.133203 0.189633 0.090976 0.150208 
0.003611 0.020082 0.162212 0.133046 0.077136 0.061125 0.142496 0.178064 0.084223 0.138005 
0.000431 0.022382 0.154944 0.162065 0.099649 0.039885 0.145100 0.173503 0.078553 0.123489 
0.006058 0.036313 0.157693 0.154268 0.091974 0.059184 0.128892 0.199928 0.061963 0.103728 
0.007175 0.033443 0.176410 0.134687 0.069391 0.091533 0.131363 0.178523 0.060941 0.116532 
0.001708 0.003593 0.160464 0.135375 0.102870 0.056663 0.136440 0.188801 0.071097 0.142989 
0.004873 0.032029 0.166513 0.133409 0.068163 0.100829 0.143085 0.145797 0.073781 0.131520 
0.000892 0.025472 0.381886 0.264863 0.086067 0.043165 0.059810 0.052557 0.040886 0.044403 
0.005669 0.030959 0.368679 0.158370 0.093083 0.030812 0.093178 0.077587 0.066550 0.075113 
0.011354 0.049683 0.234098 0.155641 0.084940 0.043826 0.122452 0.101453 0.084433 0.112121 
0.001413 0.010373 0.196562 0.118806 0.093399 0.061433 0.147363 0.121133 0.112968 0.136551 
0.015084 0.072160 0.202529 0.108128 0.081035 0.056603 0.118886 0.149162 0.092664 0.103748 
0.011719 0.057366 0.271669 0.105052 0.076205 0.062582 0.102521 0.136200 0.091108 0.085578 
0.004138 0.020016 0.239862 0.107455 0.105564 0.050210 0.111223 0.181320 0.112763 0.067450 
0.002267 0.010941 0.198220 0.153059 0.078387 0.089181 0.121659 0.185812 0.102012 0.058461 
0.000410 0.011252 0.178758 0.132846 0.133623 0.060312 0.116582 0.235400 0.073769 0.057047 
0.005768 0.035385 0.181142 0.136605 0.103200 0.086380 0.126540 0.211595 0.068256 0.045126 
0.005604 0.034727 0.162349 0.153394 0.089035 0.089143 0.141358 0.181965 0.063567 0.078858 
0.010527 0.055597 0.499511 0.164043 0.080740 0.032171 0.049092 0.041891 0.034940 0.031489 
0.022284 0.125607 0.524786 0.066817 0.066009 0.017673 0.040588 0.063899 0.033817 0.038520 
0.017416 0.093049 0.484612 0.047716 0.057907 0.037399 0.055322 0.078234 0.064665 0.063680 
0.008357 0.051294 0.267320 0.111543 0.099335 0.039041 0.089817 0.115526 0.103395 0.114373 
0.001078 0.012023 0.274161 0.111319 0.076135 0.077284 0.107959 0.106027 0.109575 0.124438 
0.006760 0.032165 0.200825 0.130196 0.106949 0.063968 0.119723 0.116853 0.096722 0.125838 
0.007131 0.041455 0.182918 0.121697 0.100090 0.071569 0.131624 0.123321 0.099685 0.120509 
0.006108 0.050059 0.242004 0.055421 0.076184 0.135041 0.127894 0.100523 0.156223 0.050542 
0.004759 0.024135 0.213865 0.091543 0.075917 0.158358 0.059502 0.178074 0.154217 0.039629 
0.007530 0.039827 0.248491 0.120850 0.049453 0.155238 0.044618 0.142793 0.156383 0.034817 
0.011077 0.055756 0.231798 0.098792 0.061362 0.151763 0.025622 0.158305 0.168858 0.036669 
0.001152 0.018253 0.207058 0.079388 0.089237 0.155159 0.073689 0.159212 0.164081 0.052771 
0.001002 0.017560 0.250404 0.074348 0.084326 0.153833 0.038470 0.197709 0.154285 0.028064 
0.004717 0.015933 0.252299 0.077165 0.080140 0.152977 0.024486 0.143966 0.208936 0.039382 
0.002425 0.014133 0.232837 0.095285 0.060292 0.144677 0.031766 0.195959 0.189892 0.032734 
0.000918 0.022587 0.238735 0.120851 0.040403 0.136105 0.040051 0.157913 0.199717 0.042720 
0.001679 0.015785 0.240824 0.112226 0.041805 0.136290 0.018201 0.170503 0.224293 0.038394 
0.006681 0.039208 0.221441 0.100551 0.064157 0.141078 0.038804 0.144059 0.204337 0.039684 
0.005536 0.026380 0.427528 0.215000 0.068329 0.077370 0.042694 0.068354 0.054222 0.014587 
0.016265 0.062448 0.386145 0.137538 0.038304 0.092236 0.014644 0.078330 0.141068 0.033021 
0.001075 0.003304 0.397285 0.111087 0.029124 0.124189 0.025419 0.093360 0.167980 0.047177 
0.001764 0.035194 0.350473 0.286662 0.089250 0.059526 0.051405 0.050148 0.052349 0.023230 
0.004196 0.015816 0.504109 0.165663 0.051163 0.070599 0.019475 0.077431 0.075699 0.015850 
0.008483 0.045967 0.377518 0.146791 0.030828 0.122853 0.032386 0.099708 0.113953 0.021514 
0.002784 0.027655 0.238773 0.137639 0.055764 0.149783 0.049988 0.138279 0.154500 0.044836 
0.002315 0.031107 0.233641 0.109218 0.056378 0.132703 0.030121 0.182346 0.181815 0.040355 
0.001164 0.013494 0.258184 0.129209 0.066693 0.142735 0.046590 0.124206 0.173027 0.044697 
0.000371 0.008156 0.248231 0.103325 0.048936 0.161158 0.024546 0.176541 0.180242 0.048496 
0.022383 0.130375 0.281608 0.210470 0.072153 0.061060 0.057308 0.079282 0.065844 0.019517 
0.029688 0.158109 0.521888 0.062318 0.034069 0.042012 0.012938 0.050042 0.068321 0.020616 
0.005825 0.063689 0.467661 0.058504 0.069022 0.097477 0.030672 0.079672 0.103571 0.023907 
0.002674 0.019351 0.307222 0.093049 0.084172 0.122398 0.029728 0.168287 0.151961 0.021158 
0.002688 0.019083 0.223694 0.105871 0.085444 0.142997 0.060886 0.137226 0.194761 0.027350 
0.005321 0.029149 0.233880 0.106311 0.061364 0.154444 0.035810 0.155991 0.182253 0.035477 
0.002882 0.019077 0.297288 0.110577 0.050915 0.133278 0.063927 0.139950 0.154404 0.027702 
0.003468 0.018085 0.194549 0.088080 0.063051 0.147244 0.112730 0.172360 0.162545 0.037888 
0.007183 0.140042 0.245485 0.100239 0.096741 0.037029 0.139513 0.082075 0.125876 0.025817 
0.004697 0.112127 0.264585 0.103642 0.096590 0.029830 0.145269 0.059856 0.147631 0.035772 
0.008543 0.094449 0.259481 0.116155 0.114821 0.029167 0.122784 0.060765 0.155698 0.038137 
0.011019 0.093822 0.272820 0.106873 0.092142 0.062937 0.093968 0.078504 0.162537 0.025378 
0.009155 0.066771 0.263496 0.130761 0.095816 0.081857 0.077044 0.090371 0.149225 0.035504 
0.008502 0.060536 0.312605 0.141025 0.073508 0.079978 0.074112 0.085749 0.131769 0.032215 
0.012315 0.100521 0.316981 0.131865 0.086282 0.034429 0.074304 0.061660 0.135929 0.045714 
0.015652 0.130181 0.277034 0.122270 0.104661 0.026635 0.084171 0.076443 0.137137 0.025816 
0.008079 0.114196 0.264380 0.112213 0.093575 0.059488 0.109540 0.065786 0.135022 0.037721 
0.009645 0.123813 0.270040 0.129896 0.095393 0.072061 0.114819 0.042337 0.119962 0.022036 
0.001453 0.014569 0.323687 0.306437 0.115795 0.042264 0.067733 0.054545 0.049041 0.024476 
0.002930 0.047055 0.549921 0.147354 0.070444 0.027860 0.069179 0.032518 0.044812 0.007928 
0.007712 0.039509 0.436010 0.151259 0.066375 0.030588 0.107734 0.033001 0.081994 0.045818 
0.009423 0.056056 0.353024 0.131256 0.097924 0.041952 0.123887 0.049231 0.096700 0.040547 
0.011254 0.088498 0.341804 0.112206 0.076000 0.042275 0.131020 0.058698 0.118706 0.019540 
0.003421 0.080228 0.344086 0.112719 0.096701 0.042362 0.127814 0.045490 0.120255 0.026925 
0.011904 0.112181 0.286413 0.128319 0.096409 0.057514 0.129280 0.035445 0.112206 0.030329 
0.021126 0.150404 0.302238 0.097640 0.086990 0.040028 0.098569 0.040099 0.117864 0.045044 
0.017479 0.113621 0.243211 0.102277 0.112804 0.023024 0.144270 0.085083 0.135348 0.022883 
0.008471 0.059219 0.287702 0.090511 0.114201 0.033679 0.159087 0.078068 0.137226 0.031835 
0.004712 0.049499 0.307326 0.093383 0.118103 0.052325 0.160738 0.051432 0.135006 0.027476 
0.011727 0.076432 0.517294 0.135916 0.103052 0.041740 0.040656 0.023783 0.033422 0.015978 
0.013922 0.108658 0.554013 0.092669 0.073395 0.036049 0.046698 0.021919 0.036848 0.015830 
0.010900 0.085793 0.506182 0.111125 0.054841 0.036440 0.084021 0.053617 0.041852 0.015229 
0.012084 0.053297 0.412081 0.096405 0.083291 0.029600 0.167922 0.054266 0.053530 0.037523 
0.001630 0.111570 0.252192 0.115515 0.084959 0.052262 0.186491 0.063631 0.070176 0.061573 
0.007440 0.092420 0.284722 0.069492 0.091467 0.058095 0.199774 0.057264 0.082247 0.057080 
0.013626 0.119589 0.185836 0.110243 0.094978 0.058112 0.230143 0.066873 0.102601 0.017998 
0.011743 0.072658 0.244659 0.088617 0.090065 0.048421 0.231530 0.043239 0.132936 0.036132 
0.009500 0.068510 0.271920 0.088219 0.083487 0.042363 0.187894 0.075684 0.134745 0.037678 
0.010896 0.092459 0.222413 0.091962 0.096177 0.034027 0.192715 0.083367 0.125761 0.050223 
0.015565 0.120240 0.223706 0.089189 0.069946 0.054627 0.177369 0.052538 0.138097 0.058725 
0.009836 0.096929 0.284164 0.072809 0.088608 0.038853 0.172177 0.059771 0.151307 0.025546 
0.002471 0.081558 0.279182 0.073875 0.082322 0.061710 0.146707 0.068976 0.156489 0.046709 
0.004330 0.078283 0.304655 0.076092 0.079499 0.070438 0.140358 0.074245 0.133526 0.038574 
0.014657 0.105725 0.269268 0.193741 0.088166 0.066650 0.101763 0.044354 0.059768 0.055908 
0.010677 0.057392 0.106473 0.307916 0.038064 0.233340 0.107580 0.050405 0.074985 0.013169 
0.008845 0.044065 0.128324 0.331332 0.047948 0.212974 0.045130 0.039637 0.130067 0.011679 
0.004362 0.018321 0.117530 0.329892 0.081599 0.200904 0.044483 0.046849 0.126028 0.030031 
0.004041 0.024971 0.232200 0.287907 0.075797 0.178613 0.047967 0.027341 0.099079 0.022084 
0.002388 0.023835 0.192113 0.294306 0.026438 0.207899 0.056730 0.040389 0.129525 0.026378 
0.010822 0.050382 0.157853 0.298969 0.054935 0.192630 0.051853 0.055337 0.121531 0.005688 
0.001430 0.025412 0.116025 0.297362 0.070794 0.229566 0.128142 0.039767 0.076194 0.015307 
0.003953 0.027016 0.269982 0.227900 0.069558 0.203647 0.124921 0.027408 0.033933 0.011683 
0.006920 0.046520 0.167632 0.175369 0.055285 0.385580 0.087560 0.022890 0.044400 0.007846 
0.006579 0.050757 0.103499 0.192514 0.053293 0.409822 0.050355 0.022780 0.102017 0.008384 
0.007604 0.046815 0.121060 0.188506 0.034844 0.357569 0.071007 0.055556 0.107225 0.009813 
0.004104 0.022439 0.108659 0.191898 0.059256 0.306486 0.068363 0.064811 0.148518 0.025465 
0.003850 0.021311 0.147246 0.187651 0.069296 0.247554 0.039747 0.059921 0.193041 0.030382 
0.002382 0.018555 0.127477 0.170052 0.081386 0.246625 0.149325 0.033043 0.131348 0.039808 
0.006353 0.076457 0.432556 0.183912 0.086746 0.034514 0.078558 0.043556 0.034764 0.022583 
0.011012 0.048265 0.290691 0.093818 0.042814 0.049773 0.317994 0.028668 0.042570 0.074394 
0.003418 0.025290 0.213192 0.093973 0.025040 0.059515 0.351820 0.060276 0.060226 0.107249 
0.005633 0.045350 0.150527 0.095516 0.046894 0.031185 0.374008 0.051047 0.060309 0.139530 
0.007879 0.038622 0.179684 0.105577 0.056010 0.049859 0.381272 0.054930 0.042937 0.083230 
0.000386 0.033527 0.371835 0.107614 0.080728 0.081787 0.165530 0.036765 0.081104 0.040723 
0.004787 0.074920 0.374725 0.101831 0.059660 0.100293 0.107810 0.025906 0.080977 0.069091 
0.003241 0.064165 0.461316 0.081813 0.113172 0.052129 0.077445 0.046946 0.073635 0.026139 
0.006047 0.031633 0.199787 0.079440 0.090450 0.050152 0.056407 0.395638 0.061317 0.029129 
0.012491 0.060658 0.208065 0.087322 0.113508 0.045728 0.043196 0.236136 0.091671 0.101226 
0.001499 0.030976 0.229874 0.072254 0.131239 0.065017 0.134624 0.239050 0.065389 0.030079 
0.004186 0.039155 0.244017 0.126572 0.098050 0.059237 0.100697 0.184052 0.063293 0.080741 
0.008276 0.038565 0.276473 0.128710 0.108963 0.039990 0.070243 0.169383 0.070801 0.088598 
0.017850 0.094740 0.358935 0.039891 0.107725 0.050784 0.086348 0.115919 0.098772 0.029036 
0.007240 0.058853 0.453783 0.079098 0.130332 0.035855 0.055069 0.047543 0.104761 0.027467 
0.021078 0.114671 0.354000 0.073611 0.093092 0.043491 0.103760 0.058676 0.099768 0.037853 
0.005764 0.064916 0.385392 0.073911 0.090628 0.063076 0.102247 0.084779 0.083143 0.046144 
0.017550 0.091658 0.364707 0.090319 0.088074 0.043481 0.115173 0.049794 0.106645 0.032600 
0.005570 0.042700 0.451050 0.212645 0.084778 0.051296 0.038891 0.033240 0.059610 0.020219 
0.004857 0.049805 0.465090 0.151108 0.072437 0.039095 0.049936 0.045863 0.096108 0.025700 
0.005923 0.044438 0.454791 0.096847 0.050789 0.037208 0.077057 0.101121 0.119148 0.012678 
0.007348 0.057658 0.341606 0.094028 0.051662 0.044773 0.080880 0.125577 0.173218 0.023250 
0.004386 0.030107 0.122488 0.082574 0.115033 0.058600 0.289692 0.204618 0.071111 0.021391 
0.003266 0.016794 0.086121 0.065531 0.092925 0.040779 0.189430 0.421516 0.043538 0.040099 
0.003482 0.018631 0.077967 0.097411 0.140277 0.049050 0.097332 0.370725 0.067611 0.077512 
0.009625 0.048322 0.118276 0.099658 0.099302 0.024203 0.044589 0.338445 0.103358 0.114221 
0.006270 0.037626 0.176528 0.126420 0.085138 0.037141 0.094105 0.291038 0.061380 0.084353 
0.009349 0.042864 0.201123 0.135612 0.083230 0.018662 0.070344 0.290474 0.060524 0.087819 
0.004824 0.034008 0.221229 0.074129 0.132303 0.037945 0.065960 0.310957 0.053339 0.065307 
0.007048 0.047616 0.292505 0.166652 0.062066 0.024797 0.135746 0.196192 0.037206 0.030171 
0.016880 0.099066 0.276306 0.106423 0.066529 0.019554 0.015827 0.236851 0.058086 0.104478 
0.001809 0.028564 0.269665 0.069790 0.102362 0.039388 0.081864 0.192441 0.075585 0.138532 
0.017135 0.083484 0.235033 0.071426 0.069996 0.023026 0.043295 0.219708 0.083805 0.153093 
0.004986 0.043955 0.287213 0.106677 0.055460 0.023297 0.042504 0.197581 0.094328 0.143999 
0.007022 0.047794 0.285172 0.083411 0.067957 0.025902 0.077558 0.180896 0.094291 0.129997 
0.002698 0.032110 0.250805 0.066044 0.075526 0.047670 0.215069 0.157201 0.073015 0.079861 
0.015937 0.092325 0.326414 0.145417 0.045312 0.043588 0.086042 0.062262 0.102309 0.080393 
0.011387 0.074142 0.227334 0.123281 0.041768 0.032053 0.224715 0.054330 0.069606 0.141385 
0.007425 0.059622 0.273979 0.121897 0.027053 0.022116 0.295553 0.076911 0.071226 0.044218 
0.000066 0.053232 0.303584 0.125091 0.052093 0.040747 0.258546 0.065480 0.051862 0.049300 
0.010836 0.098709 0.367275 0.111760 0.085436 0.081897 0.095217 0.065294 0.068923 0.014652 
0.026418 0.159964 0.397962 0.091535 0.057440 0.048854 0.059982 0.079344 0.069138 0.009361 
0.030169 0.171516 0.452191 0.025580 0.037884 0.048890 0.037254 0.072558 0.089088 0.034870 
0.017289 0.120340 0.463175 0.058130 0.050327 0.053718 0.070398 0.074607 0.073939 0.018077 
0.001882 0.075437 0.402615 0.173449 0.063262 0.037942 0.101729 0.073757 0.060399 0.009529 
0.008953 0.087285 0.358993 0.219927 0.047395 0.034417 0.123441 0.051891 0.045458 0.022240 
0.033541 0.174244 0.258918 0.180091 0.067327 0.060785 0.119855 0.034316 0.053333 0.017588 
0.023731 0.135954 0.422195 0.160200 0.042831 0.017564 0.088405 0.049322 0.038294 0.021503 
0.009013 0.066694 0.433603 0.210101 0.028990 0.027108 0.122650 0.040117 0.040708 0.021016 
0.005940 0.070310 0.381703 0.191383 0.069635 0.055248 0.138329 0.030315 0.040247 0.016889 
0.009149 0.067516 0.406326 0.205948 0.081797 0.042898 0.089997 0.050943 0.026636 0.018791 
0.022291 0.133111 0.435711 0.193480 0.051618 0.040268 0.031627 0.037590 0.039855 0.014449 
0.020563 0.112305 0.306855 0.097137 0.148928 0.042083 0.049425 0.168339 0.040190 0.014176 
0.017354 0.103062 0.287342 0.101199 0.121654 0.044259 0.072251 0.181412 0.044191 0.027277 
0.010013 0.085224 0.329999 0.086546 0.146917 0.037631 0.049189 0.166579 0.060202 0.027699 
0.000497 0.086640 0.522865 0.081637 0.066839 0.054520 0.049077 0.057093 0.066953 0.013879 
0.016387 0.121214 0.509848 0.084709 0.057775 0.048028 0.026457 0.067676 0.060719 0.007187 
0.033377 0.178834 0.413300 0.147426 0.077698 0.030252 0.033072 0.021889 0.047818 0.016332 
0.040374 0.214423 0.532892 0.079598 0.033831 0.021852 0.015397 0.030509 0.027989 0.003134 
0.021238 0.121757 0.351407 0.111003 0.058953 0.182636 0.088864 0.027187 0.033581 0.003374 
0.009784 0.060470 0.235919 0.096460 0.077073 0.252965 0.148668 0.028810 0.074070 0.015781 
0.003324 0.051268 0.285454 0.071373 0.047969 0.066990 0.368905 0.031303 0.060955 0.012459 
0.016119 0.102393 0.308193 0.072528 0.034454 0.043248 0.321573 0.019910 0.033969 0.047613 
0.020666 0.118069 0.319097 0.079438 0.021550 0.023002 0.311750 0.029265 0.040223 0.036941 
0.003516 0.043829 0.234755 0.071269 0.042578 0.064792 0.379090 0.063510 0.068967 0.027693 
0.003199 0.022720 0.218289 0.113416 0.050838 0.052460 0.382822 0.063501 0.073578 0.019178 
0.002258 0.035770 0.178441 0.179587 0.060501 0.279520 0.099633 0.073725 0.071717 0.018849 
0.006247 0.047776 0.158385 0.153510 0.067798 0.308370 0.106885 0.055690 0.078656 0.016683 
0.002836 0.030742 0.194267 0.145051 0.048183 0.328728 0.099589 0.064032 0.063920 0.022651 
0.011175 0.076394 0.184017 0.132602 0.082953 0.314275 0.084712 0.045082 0.049906 0.018886 
0.004000 0.057142 0.194459 0.161190 0.061195 0.294786 0.073344 0.063535 0.062545 0.027804 
0.000420 0.042008 0.239550 0.167371 0.067524 0.288170 0.046448 0.042744 0.088388 0.017378 
0.016417 0.096022 0.193736 0.155938 0.068174 0.287840 0.036976 0.063618 0.057398 0.023880 
0.002931 0.050094 0.245043 0.150351 0.070764 0.338387 0.018647 0.047332 0.056786 0.019665 
0.000438 0.034215 0.260160 0.164082 0.063386 0.282769 0.030953 0.068285 0.076404 0.019308 
0.004839 0.044951 0.292850 0.231302 0.086954 0.201430 0.052934 0.031350 0.041137 0.012253 
0.001055 0.031016 0.337849 0.146940 0.062455 0.237600 0.054825 0.037960 0.068180 0.022119 
0.003179 0.040746 0.234146 0.115421 0.106115 0.299058 0.065644 0.051447 0.067142 0.017102 
0.011533 0.062206 0.177576 0.123607 0.067483 0.310478 0.088787 0.079101 0.059593 0.019636 
0.004375 0.040388 0.233953 0.129449 0.059180 0.317676 0.057131 0.049563 0.076506 0.031777 
0.007153 0.054798 0.250231 0.107165 0.051199 0.328007 0.041524 0.069646 0.075314 0.014964 
0.007381 0.058150 0.255208 0.103391 0.063408 0.333953 0.034925 0.053739 0.075479 0.014365 
0.002350 0.041466 0.253970 0.124193 0.052699 0.336823 0.066625 0.052989 0.053687 0.015198 
0.010701 0.072806 0.213762 0.120618 0.050574 0.291971 0.094455 0.060740 0.047366 0.037005 
0.001250 0.047839 0.271514 0.145817 0.061511 0.113288 0.234223 0.055597 0.048452 0.020507 
0.005414 0.069245 0.258394 0.213401 0.107113 0.078056 0.139817 0.072364 0.034929 0.021267 
0.005332 0.075676 0.495495 0.137026 0.090551 0.053441 0.040466 0.042661 0.034838 0.024514 
0.004891 0.044199 0.577450 0.074697 0.082016 0.071637 0.043629 0.042225 0.028203 0.031053 
0.004252 0.069707 0.428865 0.109965 0.090376 0.107242 0.073723 0.049271 0.029035 0.037566 
0.011748 0.078628 0.385920 0.142393 0.077623 0.114196 0.041757 0.051034 0.057253 0.039447 
0.000873 0.073779 0.313502 0.143988 0.096816 0.141312 0.026281 0.101035 0.062412 0.040001 
0.002927 0.060614 0.404935 0.069255 0.103733 0.119621 0.052057 0.091077 0.051649 0.044134 
0.017980 0.125885 0.372196 0.075850 0.085122 0.115749 0.039575 0.081764 0.055411 0.030469 
0.002119 0.059686 0.421478 0.057878 0.131676 0.127641 0.029272 0.084293 0.045927 0.040029 
0.006774 0.068686 0.331784 0.103183 0.109764 0.126546 0.044146 0.123472 0.044258 0.041389 
0.010899 0.092639 0.294951 0.099741 0.096755 0.141993 0.048558 0.127347 0.049473 0.037643 
0.003801 0.063107 0.347307 0.066063 0.100093 0.156539 0.049030 0.100944 0.067740 0.045376 
0.000831 0.049211 0.373281 0.077355 0.109810 0.138334 0.036814 0.109329 0.061129 0.043906 
0.015630 0.099612 0.321484 0.055933 0.084718 0.131892 0.070015 0.103810 0.060051 0.056855 
0.003623 0.058741 0.297566 0.108315 0.151325 0.103581 0.089045 0.097041 0.062201 0.028562 
0.008450 0.043309 0.110962 0.102136 0.178022 0.251699 0.102308 0.048323 0.097977 0.056814 
0.003036 0.033519 0.129798 0.152576 0.038693 0.400041 0.075280 0.046406 0.099214 0.021438 
0.005903 0.035964 0.158769 0.160626 0.044656 0.335313 0.034463 0.045135 0.139679 0.039491 
0.004431 0.042975 0.161753 0.153507 0.044346 0.328577 0.025002 0.048648 0.153211 0.037550 
0.000090 0.021245 0.315495 0.153971 0.066476 0.231438 0.043943 0.044516 0.099846 0.022979 
0.000937 0.029641 0.296232 0.125170 0.030468 0.250767 0.037773 0.050489 0.146575 0.031948 
0.005283 0.037287 0.172178 0.132342 0.061504 0.261991 0.053975 0.075391 0.162916 0.037133 
0.004792 0.032565 0.158497 0.104491 0.055512 0.133472 0.107317 0.118105 0.250327 0.034922 
0.009444 0.056900 0.355282 0.117187 0.027069 0.092918 0.031917 0.092151 0.180489 0.036642 
0.000581 0.013851 0.200923 0.126088 0.042901 0.087636 0.111908 0.066618 0.249131 0.100364 
0.003280 0.026257 0.219709 0.124803 0.063891 0.055131 0.130036 0.052334 0.031802 0.292757 
0.000618 0.019057 0.127392 0.075260 0.060824 0.080560 0.124463 0.085031 0.202952 0.223841 
0.003646 0.023379 0.121854 0.074732 0.052461 0.028221 0.133833 0.096352 0.222295 0.243227 
0.004041 0.026513 0.148039 0.119635 0.054972 0.055460 0.333923 0.037796 0.077249 0.142372 
0.009160 0.063692 0.194824 0.144363 0.134295 0.057025 0.131046 0.098420 0.067139 0.100035 
0.003350 0.034145 0.337088 0.154136 0.127113 0.027238 0.078205 0.178093 0.029417 0.031216 
0.003360 0.022063 0.244406 0.101407 0.092666 0.064795 0.141894 0.281898 0.025934 0.021578 
0.010341 0.055837 0.161867 0.146362 0.094910 0.050795 0.122955 0.296944 0.041999 0.017991 
0.010123 0.079478 0.278497 0.097022 0.113188 0.129287 0.067761 0.095037 0.065821 0.063785 
0.002491 0.041556 0.357521 0.079685 0.111474 0.122903 0.067341 0.085049 0.066023 0.065958 
0.014674 0.070149 0.348722 0.076360 0.127151 0.144046 0.062620 0.059793 0.050481 0.046003 
0.009842 0.100886 0.302947 0.109406 0.106657 0.111986 0.035116 0.089909 0.073319 0.059933 
0.008006 0.064921 0.223550 0.170968 0.098103 0.030641 0.189448 0.088012 0.052368 0.073983 
0.014522 0.071975 0.236582 0.149890 0.177922 0.028550 0.091623 0.146327 0.031859 0.050749 
0.007797 0.047988 0.242111 0.098184 0.243929 0.026723 0.084117 0.166298 0.029944 0.052910 
0.002271 0.025088 0.287657 0.125335 0.282057 0.023558 0.058173 0.142709 0.038260 0.014890 
0.006089 0.037104 0.309942 0.109683 0.287547 0.017791 0.045112 0.130007 0.041699 0.015027 
0.009799 0.051368 0.306710 0.159330 0.251748 0.027434 0.030509 0.115967 0.020305 0.026830 
0.015234 0.076645 0.260843 0.089256 0.328489 0.039186 0.058983 0.059192 0.038935 0.033235 
0.014043 0.072678 0.262028 0.072464 0.340658 0.050810 0.064910 0.065902 0.014460 0.042047 
0.003018 0.029857 0.231036 0.042109 0.146575 0.041942 0.087021 0.359892 0.026329 0.032221 
0.000574 0.028644 0.276905 0.054265 0.092817 0.039967 0.078608 0.337701 0.065905 0.024614 
0.005339 0.043686 0.309728 0.092367 0.061136 0.036785 0.074803 0.286813 0.051347 0.037997 
0.005959 0.038413 0.438315 0.111727 0.062829 0.031678 0.043070 0.191620 0.049414 0.026976 
0.012650 0.065879 0.418604 0.160862 0.035368 0.023961 0.041736 0.149013 0.055731 0.036196 
0.023307 0.123320 0.537818 0.071613 0.033847 0.024050 0.030923 0.060840 0.046481 0.047799 
0.016325 0.087192 0.356607 0.081502 0.217558 0.034700 0.027635 0.103376 0.039555 0.035549 
0.010102 0.059854 0.280394 0.098860 0.131578 0.017253 0.043035 0.288496 0.026807 0.043620 
0.003516 0.028079 0.195227 0.075442 0.062622 0.035772 0.084561 0.410301 0.051765 0.052716 
0.000776 0.023514 0.206533 0.049720 0.070456 0.050139 0.100205 0.393727 0.052164 0.052767 
0.010420 0.048598 0.201072 0.048711 0.075072 0.039777 0.094980 0.409629 0.035989 0.035751 
0.014245 0.070348 0.205562 0.027523 0.039644 0.022803 0.090022 0.417321 0.069194 0.043339 
0.011479 0.054363 0.192773 0.034613 0.070849 0.028381 0.092947 0.405013 0.062732 0.046849 
0.006579 0.059950 0.192235 0.097435 0.112379 0.059013 0.083661 0.311698 0.044054 0.032996 
0.011160 0.062214 0.452543 0.085280 0.063150 0.027056 0.053892 0.214755 0.016069 0.013881 
0.007577 0.048317 0.332248 0.078412 0.062037 0.040549 0.080014 0.294518 0.035638 0.020690 
0.008430 0.044396 0.293840 0.054104 0.081021 0.038288 0.090152 0.326133 0.038109 0.025528 
0.008634 0.049008 0.211964 0.045627 0.088834 0.025099 0.072538 0.405715 0.043705 0.048877 
0.010856 0.056548 0.132112 0.035838 0.062174 0.025897 0.085241 0.471620 0.066543 0.053172 
0.013619 0.067772 0.235695 0.049751 0.100145 0.026395 0.058137 0.335204 0.068520 0.044762 
0.007990 0.055152 0.315119 0.062619 0.158692 0.048625 0.070401 0.191420 0.058648 0.031335 
0.004725 0.020906 0.159005 0.045999 0.079988 0.042319 0.088403 0.290385 0.149847 0.118422 
0.007988 0.039550 0.158436 0.069275 0.077987 0.055023 0.084656 0.156766 0.145699 0.204620 
0.003953 0.039384 0.208827 0.065674 0.109945 0.060878 0.117490 0.192947 0.105123 0.095778 
0.006417 0.036288 0.165779 0.068973 0.109880 0.036438 0.118442 0.292330 0.100154 0.065298 
0.004639 0.038072 0.219871 0.091529 0.107618 0.034659 0.182914 0.225253 0.070337 0.025107 
0.010994 0.071414 0.325885 0.086819 0.125011 0.072115 0.068919 0.125955 0.092863 0.020026 
0.015329 0.083270 0.376241 0.051107 0.158314 0.058375 0.054815 0.106160 0.073592 0.022796 
0.008435 0.076372 0.370203 0.093370 0.146920 0.072318 0.045813 0.085914 0.083308 0.017347 
0.010784 0.053960 0.155650 0.028948 0.112253 0.042830 0.136458 0.398578 0.050201 0.010337 
0.005493 0.037545 0.187828 0.061994 0.083858 0.054221 0.076976 0.422144 0.031890 0.038053 
0.002534 0.014335 0.256026 0.166934 0.089928 0.051994 0.122420 0.255586 0.030819 0.009424 
0.005097 0.028230 0.309265 0.082647 0.032567 0.022885 0.143688 0.316647 0.035597 0.023377 
0.004568 0.029419 0.245376 0.051131 0.073553 0.044824 0.122345 0.349774 0.050072 0.028939 
0.008684 0.058063 0.204145 0.114026 0.051315 0.042061 0.057253 0.382606 0.059309 0.022538 
0.002139 0.021587 0.342173 0.155722 0.053367 0.046226 0.081308 0.239725 0.048146 0.009607 
0.009962 0.056829 0.278625 0.044689 0.130391 0.045905 0.049329 0.309908 0.054921 0.019441 
0.006178 0.024634 0.256355 0.055567 0.100847 0.039852 0.061218 0.357617 0.072221 0.025511 
0.006610 0.043321 0.183548 0.047319 0.132455 0.041905 0.074755 0.377040 0.073674 0.019374 
0.000811 0.022462 0.238476 0.036155 0.115059 0.057231 0.079579 0.372453 0.060257 0.017518 
0.007384 0.057736 0.233089 0.102526 0.162330 0.036447 0.036574 0.312482 0.042725 0.008705 
0.001258 0.031297 0.290141 0.065283 0.203198 0.058432 0.050798 0.228765 0.055525 0.015302 
0.000074 0.042016 0.405434 0.146600 0.125086 0.040706 0.054489 0.137989 0.024482 0.023123 
0.007261 0.050731 0.276810 0.063933 0.047316 0.045291 0.362660 0.071594 0.046105 0.028300 
0.012923 0.064071 0.199514 0.064018 0.037882 0.036887 0.435558 0.068215 0.037906 0.043026 
0.004884 0.035140 0.264849 0.059355 0.071205 0.035582 0.054032 0.401676 0.045439 0.027838 
0.010179 0.059393 0.226968 0.075532 0.084468 0.027195 0.032362 0.411807 0.053343 0.018752 
0.006730 0.039179 0.232408 0.065263 0.076370 0.032348 0.053223 0.407798 0.053958 0.032722 
0.000740 0.023641 0.165668 0.093247 0.054655 0.032928 0.110739 0.425971 0.056847 0.035566 
0.009794 0.041645 0.173184 0.052862 0.049391 0.025432 0.379284 0.168102 0.034868 0.065438 
0.011432 0.079684 0.193068 0.082786 0.061310 0.046275 0.391576 0.037770 0.059698 0.036402 
0.016946 0.112244 0.145837 0.042544 0.056050 0.058631 0.400924 0.049173 0.062257 0.055395 
0.011835 0.081795 0.138447 0.053447 0.064009 0.061168 0.409189 0.082652 0.049145 0.048313 
0.000584 0.039889 0.170277 0.072793 0.078694 0.069125 0.417703 0.047076 0.067930 0.035929 
0.004324 0.038998 0.161159 0.047711 0.065672 0.048528 0.419622 0.095940 0.082087 0.035958 
0.002660 0.022073 0.188439 0.060479 0.063974 0.058301 0.425607 0.085407 0.060885 0.032175 
0.007455 0.030462 0.172142 0.059895 0.076139 0.061428 0.418413 0.063621 0.079401 0.031044 
0.012716 0.065648 0.160723 0.052910 0.058202 0.066917 0.410917 0.071811 0.071733 0.028423 
0.010640 0.074386 0.160294 0.071380 0.061111 0.062766 0.417612 0.057453 0.038745 0.045615 
0.001590 0.045690 0.170540 0.064440 0.055299 0.083613 0.421425 0.059330 0.044926 0.053146 
0.003835 0.045378 0.268560 0.137025 0.060551 0.048293 0.300353 0.061546 0.033813 0.040646 
0.001951 0.036568 0.263608 0.059164 0.035125 0.068036 0.376288 0.066999 0.051058 0.041202 
0.004243 0.048867 0.197204 0.080521 0.045901 0.068157 0.366108 0.076676 0.089097 0.023226 
0.004206 0.038288 0.213631 0.079028 0.043162 0.049877 0.371600 0.069755 0.084542 0.045912 
0.001813 0.021564 0.275079 0.086030 0.058646 0.045231 0.356782 0.021560 0.092238 0.041056 
0.008144 0.034601 0.202325 0.088993 0.072057 0.064366 0.348397 0.061368 0.104950 0.014799 
0.013636 0.076140 0.292525 0.075725 0.040129 0.056423 0.245164 0.057084 0.102091 0.041081 
0.014436 0.106486 0.285874 0.085077 0.070773 0.056011 0.160437 0.121370 0.084813 0.014722 
0.010820 0.113436 0.293711 0.093262 0.108477 0.060838 0.139191 0.083883 0.083538 0.012844 
0.002091 0.095361 0.331602 0.129678 0.051075 0.070989 0.158867 0.053617 0.067876 0.038844 
0.013463 0.116580 0.356042 0.123851 0.045961 0.052629 0.157052 0.044586 0.074981 0.014857 
0.006287 0.069196 0.418943 0.179174 0.068224 0.048486 0.081838 0.050970 0.058421 0.018460 
0.009005 0.047942 0.482028 0.077507 0.091327 0.033690 0.119596 0.024679 0.082145 0.032082 
0.013588 0.073894 0.420342 0.051117 0.066475 0.055614 0.153318 0.053958 0.079877 0.031817 
0.011821 0.097551 0.351128 0.059041 0.090677 0.056886 0.150016 0.050654 0.095623 0.036602 
0.000896 0.086833 0.346282 0.096960 0.093987 0.066953 0.132520 0.056845 0.097119 0.021605 
0.011043 0.114713 0.348586 0.076175 0.087433 0.041416 0.131681 0.064540 0.098873 0.025540 
0.017106 0.142371 0.369346 0.044900 0.083896 0.054568 0.129733 0.029847 0.102693 0.025541 
0.002053 0.079946 0.365312 0.059926 0.091582 0.071296 0.148678 0.044948 0.111500 0.024758 
0.023108 0.219528 0.149446 0.086161 0.098924 0.091184 0.142195 0.058342 0.110169 0.020943 
0.009717 0.179447 0.226375 0.058935 0.089793 0.099197 0.144562 0.052609 0.119365 0.020000 
0.012722 0.202849 0.237237 0.083912 0.098674 0.057622 0.112777 0.054116 0.110225 0.029866 
0.012405 0.223142 0.241486 0.096636 0.098219 0.059127 0.102035 0.040341 0.116435 0.010175 
