Super-Truper,ABBA
0.000000 0.000000 0.000000 0.000000 0.000000 0.000000 0.000000 0.000000 0.000000 0.000000 
0.000000 0.000000 0.000000 0.000000 0.000000 0.000000 0.000000 0.000000 0.000000 0.000000 
0.000000 0.000000 0.000000 0.000000 0.000000 0.000000 0.000000 0.000000 0.000000 0.000000 
0.000000 0.000000 0.000000 0.000000 0.000000 0.000000 0.000000 0.000000 0.000000 0.000000 
0.000000 0.000000 0.000000 0.000000 0.000000 0.000000 0.000000 0.000000 0.000000 0.000000 
0.000000 0.000000 0.000000 0.000000 0.000000 0.000000 0.000000 0.000000 0.000000 0.000000 
0.000000 0.000000 0.000000 0.000000 0.000000 0.000000 0.000000 0.000000 0.000000 0.000000 
0.000000 0.000000 0.000000 0.000000 0.000000 0.000000 0.000000 0.000000 0.000000 0.000000 
0.000000 0.000000 0.000000 0.000000 0.000000 0.000000 0.000000 0.000000 0.000000 0.000000 
0.000000 0.000000 0.000000 0.000000 0.000000 0.000000 0.000000 0.000000 0.000000 0.000000 
0.000000 0.000000 0.000000 0.000000 0.000000 0.000000 0.000000 0.000000 0.000000 0.000000 
0.000000 0.000000 0.000000 0.000000 0.000000 0.000000 0.000000 0.000000 0.000000 0.000000 
0.000000 0.000000 0.000000 0.000000 0.000000 0.000000 0.000000 0.000000 0.000000 0.000000 
0.000000 0.000000 0.000000 0.000000 0.000000 0.000000 0.000000 0.000000 0.000000 0.000000 
0.000000 0.000000 0.000000 0.000000 0.000000 0.000000 0.000000 0.000000 0.000000 0.000000 
0.000000 0.000000 0.000000 0.000000 0.000000 0.000000 0.000000 0.000000 0.000000 0.000000 
0.000000 0.000000 0.000000 0.000000 0.000000 0.000000 0.000000 0.000000 0.000000 0.000000 
0.000000 0.000000 0.000000 0.000000 0.000000 0.000000 0.000000 0.000000 0.000000 0.000000 
0.000000 0.000000 0.000000 0.000000 0.000000 0.000000 0.000000 0.000000 0.000000 0.000000 
0.000000 0.000000 0.000000 0.000000 0.000000 0.000000 0.000000 0.000000 0.000000 0.000000 
0.000000 0.000000 0.000000 0.000000 0.000000 0.000000 0.000000 0.000000 0.000000 0.000000 
0.000000 0.000000 0.000000 0.000000 0.000000 0.000000 0.000000 0.000000 0.000000 0.000000 
0.088277 0.254128 0.114156 0.150446 0.061291 0.086718 0.100098 0.079118 0.040269 0.025499 
0.029204 0.100585 0.112472 0.097474 0.119945 0.096071 0.126530 0.108547 0.120446 0.088725 
0.027241 0.117287 0.116529 0.094224 0.112060 0.091212 0.119339 0.120682 0.107481 0.093945 
0.008550 0.181198 0.116808 0.101391 0.091100 0.096397 0.109022 0.098588 0.105731 0.091213 
0.000137 0.017224 0.055195 0.290643 0.349443 0.082537 0.055924 0.067601 0.048501 0.032794 
0.006377 0.028995 0.041779 0.061336 0.469402 0.151745 0.162752 0.039941 0.023940 0.013734 
0.005930 0.026928 0.046390 0.151789 0.387942 0.113353 0.148779 0.052668 0.039869 0.026351 
0.000187 0.007871 0.030227 0.196118 0.437640 0.180541 0.048237 0.040713 0.035846 0.022620 
0.000070 0.011806 0.022149 0.137157 0.315671 0.195359 0.250111 0.015938 0.033396 0.018344 
0.001392 0.013287 0.026860 0.087702 0.395170 0.228050 0.119465 0.051447 0.042656 0.033972 
0.001883 0.009304 0.016678 0.024966 0.374548 0.139166 0.312736 0.052153 0.043679 0.024886 
0.005239 0.021822 0.031753 0.050997 0.432140 0.042090 0.303298 0.045597 0.053578 0.013486 
0.002660 0.014453 0.023236 0.057969 0.577991 0.104409 0.087297 0.036284 0.070489 0.025213 
0.005708 0.023809 0.038483 0.107841 0.614984 0.050941 0.091726 0.027010 0.027830 0.011667 
0.015855 0.051013 0.074283 0.040579 0.487738 0.078133 0.138889 0.040564 0.054168 0.018778 
0.000625 0.031717 0.017779 0.029767 0.269211 0.047464 0.069195 0.232328 0.236832 0.065080 
0.000478 0.017496 0.007187 0.009867 0.224684 0.020984 0.014928 0.169849 0.460466 0.074063 
0.000256 0.005432 0.004573 0.012044 0.179860 0.040896 0.050744 0.329847 0.318993 0.057354 
0.002839 0.007747 0.008647 0.014328 0.158804 0.021709 0.038786 0.328327 0.309914 0.108899 
0.003482 0.009473 0.009966 0.016193 0.174545 0.051719 0.063727 0.272844 0.315868 0.082183 
0.001497 0.012528 0.017492 0.040157 0.175386 0.023349 0.012058 0.308793 0.367420 0.041319 
0.002512 0.010459 0.015433 0.028162 0.145411 0.058899 0.070822 0.224445 0.392932 0.050925 
0.004082 0.014533 0.018946 0.031117 0.175320 0.067742 0.085524 0.277303 0.261515 0.063917 
0.004176 0.016181 0.028939 0.035526 0.348735 0.049448 0.042027 0.128812 0.315805 0.030351 
0.003643 0.025718 0.035153 0.038858 0.251953 0.064359 0.039280 0.255788 0.253013 0.032234 
0.001437 0.041184 0.034424 0.061304 0.255739 0.040203 0.078638 0.208145 0.256186 0.022740 
0.003086 0.021927 0.027672 0.148638 0.529100 0.060411 0.049028 0.043507 0.092163 0.024467 
0.004360 0.008533 0.017850 0.242604 0.436619 0.038511 0.041139 0.059736 0.113249 0.037397 
0.004074 0.018640 0.026512 0.255436 0.519250 0.033278 0.028608 0.056856 0.042068 0.015277 
0.003633 0.026698 0.043511 0.308734 0.344801 0.074079 0.042109 0.089984 0.053406 0.013043 
0.003195 0.016589 0.027250 0.129436 0.594491 0.047252 0.039722 0.086106 0.052367 0.003592 
0.011000 0.044541 0.068448 0.178742 0.469101 0.064972 0.043489 0.073421 0.030825 0.015461 
0.004509 0.021135 0.030436 0.125404 0.600811 0.070035 0.030924 0.069771 0.037636 0.009338 
0.004118 0.016862 0.026348 0.116118 0.602813 0.026920 0.018264 0.091035 0.065738 0.031784 
0.003016 0.022568 0.042989 0.288176 0.311569 0.068321 0.067054 0.069014 0.097430 0.029864 
0.009393 0.032676 0.019526 0.078005 0.503358 0.025118 0.044688 0.122500 0.151389 0.013347 
0.014519 0.061000 0.064638 0.146970 0.327435 0.097631 0.090352 0.124737 0.046909 0.025809 
0.002843 0.028160 0.011535 0.065095 0.229871 0.093558 0.165270 0.246750 0.116493 0.040426 
0.005347 0.016158 0.024474 0.056987 0.196074 0.048077 0.127320 0.292742 0.149553 0.083268 
0.001882 0.012184 0.017611 0.054973 0.093895 0.034110 0.144152 0.500788 0.078801 0.061604 
0.000795 0.006758 0.009717 0.052002 0.066792 0.038905 0.183349 0.444927 0.151887 0.044869 
0.004551 0.018657 0.022151 0.057048 0.176242 0.078556 0.182504 0.306151 0.085471 0.068669 
0.000057 0.013917 0.017460 0.087780 0.137654 0.023790 0.211602 0.422078 0.037157 0.048506 
0.002139 0.017485 0.021788 0.076603 0.037933 0.023328 0.196453 0.440561 0.137445 0.046266 
0.003411 0.012743 0.017718 0.041995 0.136510 0.020441 0.133359 0.532449 0.090614 0.010760 
0.008035 0.027711 0.041553 0.056863 0.160302 0.061104 0.096907 0.368870 0.138523 0.040132 
0.001450 0.019594 0.011220 0.021308 0.178074 0.038227 0.135460 0.480480 0.092781 0.021407 
0.006438 0.029549 0.060615 0.288607 0.290544 0.072456 0.071507 0.133279 0.028933 0.018073 
0.010438 0.046720 0.064692 0.136442 0.571380 0.045414 0.033689 0.060480 0.021825 0.008921 
0.003825 0.032630 0.041579 0.189754 0.489974 0.053614 0.056234 0.101166 0.026853 0.004372 
0.008602 0.024532 0.038052 0.234961 0.472072 0.019137 0.039841 0.135038 0.020650 0.007116 
0.005007 0.020193 0.048790 0.365807 0.376295 0.048808 0.048674 0.052999 0.021501 0.011926 
0.005681 0.021187 0.040227 0.438582 0.283204 0.063005 0.049630 0.058049 0.023208 0.017225 
0.007521 0.023613 0.032713 0.257582 0.143138 0.046692 0.132532 0.101814 0.176735 0.077661 
0.003674 0.014669 0.022916 0.248460 0.145027 0.033737 0.124643 0.060709 0.194356 0.151809 
0.001457 0.009879 0.028263 0.282110 0.114735 0.040842 0.180434 0.034392 0.073063 0.234824 
0.005409 0.020262 0.053434 0.257180 0.115921 0.069234 0.244564 0.025900 0.035126 0.172968 
0.009082 0.045916 0.072269 0.207029 0.185529 0.028732 0.217089 0.113474 0.060705 0.060177 
0.000152 0.017754 0.020629 0.168626 0.268595 0.062724 0.181996 0.130794 0.105862 0.042867 
0.000935 0.010474 0.019053 0.110426 0.312941 0.077602 0.084052 0.263687 0.102701 0.018129 
0.000112 0.006753 0.017807 0.098168 0.248569 0.061223 0.066192 0.326825 0.139936 0.034415 
0.002873 0.012324 0.027944 0.100470 0.245272 0.048817 0.098011 0.366060 0.084201 0.014026 
0.002081 0.012434 0.019047 0.161593 0.276919 0.014623 0.055901 0.244402 0.184019 0.028981 
0.006516 0.024624 0.048355 0.214088 0.388390 0.026886 0.068659 0.124912 0.077017 0.020553 
0.008702 0.029243 0.049708 0.120268 0.285267 0.045472 0.059897 0.176609 0.180017 0.044817 
0.008150 0.032637 0.050873 0.109070 0.225315 0.029960 0.044420 0.225503 0.230877 0.043195 
0.005336 0.026661 0.049312 0.107378 0.268517 0.058525 0.072669 0.327498 0.072393 0.011711 
0.005858 0.042095 0.064292 0.226310 0.360034 0.038854 0.031906 0.117868 0.092634 0.020149 
0.000785 0.044729 0.059406 0.205757 0.379641 0.067576 0.042137 0.112427 0.074048 0.013495 
0.004567 0.031432 0.038216 0.110992 0.239418 0.046090 0.106336 0.156482 0.200089 0.066379 
0.005502 0.025066 0.037739 0.107477 0.167384 0.038050 0.062732 0.213865 0.272467 0.069717 
0.002443 0.006985 0.005782 0.103026 0.236435 0.030849 0.036645 0.309712 0.232627 0.035496 
0.007659 0.029524 0.044944 0.157855 0.232192 0.027212 0.067932 0.216586 0.195335 0.020761 
0.004205 0.017736 0.033147 0.120806 0.200084 0.037736 0.075321 0.232812 0.262681 0.015471 
0.000780 0.005976 0.007386 0.124482 0.210402 0.031387 0.077363 0.138950 0.284585 0.118690 
0.001612 0.004005 0.010169 0.179686 0.116414 0.013999 0.116759 0.069175 0.317899 0.170282 
0.009019 0.026928 0.045898 0.345373 0.119176 0.017981 0.097945 0.070594 0.127815 0.139270 
0.004702 0.013179 0.034004 0.435286 0.179161 0.012633 0.109652 0.078586 0.060813 0.071983 
0.000165 0.013318 0.064799 0.581852 0.145736 0.023824 0.056442 0.040291 0.054658 0.018915 
0.012204 0.059047 0.112984 0.500404 0.125362 0.041424 0.036068 0.057122 0.034920 0.020466 
0.002866 0.017381 0.036437 0.502416 0.243918 0.059389 0.044964 0.038952 0.023095 0.030581 
0.002700 0.009461 0.027081 0.349979 0.361709 0.039542 0.092835 0.049226 0.023345 0.044121 
0.007501 0.025728 0.044189 0.590847 0.127483 0.039269 0.062453 0.031977 0.037168 0.033383 
0.007558 0.030877 0.066099 0.580562 0.130811 0.039736 0.059147 0.035489 0.022516 0.027205 
0.003292 0.019061 0.029613 0.463390 0.350727 0.018010 0.024984 0.037973 0.025942 0.027008 
0.009316 0.040577 0.048667 0.222152 0.306237 0.056490 0.048441 0.110110 0.103752 0.054258 
0.008993 0.030169 0.043652 0.425316 0.202188 0.048359 0.073064 0.088544 0.037642 0.042072 
0.004153 0.044201 0.041985 0.365739 0.141139 0.035043 0.057802 0.135993 0.099655 0.074289 
0.014859 0.031289 0.035591 0.457722 0.074405 0.031254 0.047457 0.085848 0.126486 0.095089 
0.014020 0.061273 0.062655 0.312856 0.130797 0.034495 0.061822 0.155141 0.089163 0.077780 
0.001134 0.161783 0.079229 0.238860 0.141806 0.030860 0.056179 0.116832 0.082805 0.090512 
0.001848 0.028041 0.037579 0.285405 0.172703 0.073582 0.167469 0.106150 0.075830 0.051393 
0.000930 0.021766 0.014789 0.181329 0.110868 0.047980 0.129904 0.181773 0.238870 0.071791 
0.001369 0.008456 0.007064 0.098070 0.090952 0.054933 0.043125 0.455908 0.213557 0.026565 
0.004497 0.011516 0.013146 0.077691 0.197158 0.067903 0.071725 0.369968 0.163570 0.022828 
0.005019 0.016440 0.024584 0.081491 0.166947 0.056530 0.046506 0.381827 0.145724 0.074931 
0.000235 0.003449 0.012052 0.091200 0.160960 0.059902 0.077281 0.372741 0.162167 0.060012 
0.004173 0.009793 0.017795 0.083901 0.091086 0.028448 0.083867 0.415614 0.191871 0.073451 
0.001184 0.010684 0.019632 0.098199 0.125458 0.018372 0.043048 0.384901 0.199974 0.098548 
0.007321 0.029414 0.035855 0.113492 0.237502 0.047036 0.063355 0.202324 0.220439 0.043263 
0.002888 0.003426 0.007479 0.079420 0.266186 0.040195 0.054957 0.201576 0.266941 0.076934 
0.001355 0.005470 0.004026 0.092222 0.203897 0.034315 0.073154 0.388907 0.158860 0.037793 
0.005767 0.023254 0.035212 0.068997 0.163405 0.033981 0.072582 0.343107 0.203657 0.050038 
0.000382 0.005013 0.004578 0.060421 0.222904 0.034820 0.069349 0.340972 0.196281 0.065279 
0.002122 0.009574 0.015428 0.054589 0.195703 0.031618 0.061407 0.380846 0.160547 0.088166 
0.003499 0.007345 0.010940 0.051983 0.174561 0.027473 0.034913 0.225554 0.324127 0.139605 
0.002106 0.004453 0.003333 0.037579 0.176129 0.048841 0.049059 0.232553 0.360360 0.085587 
0.001744 0.011033 0.013962 0.037809 0.226440 0.034646 0.055715 0.228783 0.332186 0.057683 
0.005054 0.016588 0.025255 0.106138 0.214214 0.038107 0.047809 0.240499 0.263115 0.043220 
0.003615 0.015490 0.029267 0.098181 0.288754 0.045631 0.059957 0.185938 0.226070 0.047098 
0.002601 0.014934 0.018384 0.057878 0.189795 0.053370 0.102209 0.356081 0.183479 0.021269 
0.005305 0.021526 0.030431 0.057770 0.200522 0.076804 0.121777 0.336428 0.139033 0.010403 
0.006673 0.014652 0.043535 0.257491 0.201016 0.050544 0.043293 0.282636 0.086220 0.013939 
0.002750 0.013613 0.030538 0.188542 0.373936 0.046874 0.102007 0.153462 0.067710 0.020567 
0.007521 0.034724 0.054318 0.115359 0.289057 0.024634 0.081119 0.192861 0.148491 0.051917 
0.005638 0.026159 0.036725 0.127612 0.277893 0.042601 0.048683 0.274925 0.129375 0.030388 
0.000338 0.006022 0.024881 0.120599 0.254228 0.067325 0.075131 0.318939 0.115794 0.016745 
0.004683 0.021917 0.037531 0.122733 0.290874 0.087036 0.045054 0.246110 0.052342 0.091720 
0.006142 0.028992 0.042776 0.109082 0.313973 0.052345 0.062232 0.197538 0.106754 0.080166 
0.000637 0.009547 0.028222 0.120661 0.382816 0.018292 0.088792 0.253893 0.084854 0.012287 
0.000724 0.009871 0.033908 0.256201 0.310516 0.055562 0.075223 0.178218 0.051110 0.028666 
0.001561 0.009982 0.024976 0.219018 0.401010 0.057495 0.047893 0.156384 0.049000 0.032681 
0.007604 0.018167 0.022632 0.213623 0.280719 0.046345 0.047334 0.236126 0.079284 0.048167 
0.006669 0.025903 0.028198 0.190237 0.275504 0.039721 0.046439 0.267758 0.105832 0.013740 
0.003149 0.021302 0.012807 0.270433 0.349306 0.174771 0.073478 0.049177 0.032530 0.013047 
0.000155 0.015315 0.022146 0.132619 0.446438 0.217538 0.060197 0.039867 0.029291 0.036433 
0.005627 0.030881 0.051794 0.208644 0.357732 0.178878 0.055946 0.029818 0.039616 0.041064 
0.009566 0.032490 0.057945 0.275276 0.353027 0.102914 0.039303 0.056918 0.024692 0.047870 
0.010423 0.039462 0.064689 0.177435 0.310047 0.216192 0.062070 0.058213 0.018350 0.043118 
0.003494 0.015434 0.029964 0.372239 0.319159 0.119876 0.048553 0.032980 0.017824 0.040477 
0.008116 0.030091 0.065187 0.502315 0.204789 0.063989 0.039637 0.021792 0.048572 0.015513 
0.004002 0.013468 0.030530 0.443205 0.254875 0.041750 0.065968 0.036376 0.082488 0.027338 
0.000037 0.005262 0.009340 0.327578 0.314080 0.097400 0.100027 0.028956 0.083885 0.033434 
0.002169 0.016491 0.059361 0.465841 0.177322 0.086322 0.061397 0.046898 0.041270 0.042928 
0.007655 0.056373 0.130858 0.372831 0.197242 0.078345 0.055056 0.050823 0.027246 0.023570 
0.011893 0.067067 0.079968 0.327211 0.158244 0.233637 0.036375 0.028156 0.028087 0.029362 
0.006649 0.055972 0.037948 0.368659 0.071886 0.249961 0.093542 0.038167 0.023343 0.053872 
0.001423 0.012559 0.023881 0.477816 0.153322 0.218059 0.043552 0.007845 0.013247 0.048297 
0.010335 0.044166 0.075247 0.484250 0.094950 0.174057 0.052574 0.021257 0.012400 0.030765 
0.004728 0.024171 0.046068 0.398885 0.113982 0.237415 0.063753 0.015826 0.019658 0.075513 
0.001863 0.010377 0.017893 0.344121 0.373583 0.103019 0.038873 0.014237 0.053150 0.042885 
0.004543 0.021528 0.038675 0.469429 0.239836 0.063725 0.048608 0.032071 0.052251 0.029335 
0.004057 0.020300 0.051472 0.373957 0.251122 0.085759 0.075825 0.041806 0.062719 0.032983 
0.008525 0.033591 0.067350 0.393446 0.287173 0.067910 0.052073 0.025456 0.041081 0.023397 
0.002162 0.007992 0.020161 0.540139 0.246286 0.037929 0.055202 0.017903 0.041689 0.030537 
0.000920 0.008836 0.038588 0.502375 0.211309 0.057540 0.062534 0.010671 0.063805 0.043421 
0.004211 0.011082 0.023716 0.492135 0.246953 0.059221 0.056107 0.025885 0.052106 0.028583 
0.008233 0.032445 0.068756 0.492734 0.183710 0.070453 0.057994 0.033837 0.039809 0.012029 
0.017518 0.073399 0.131658 0.437681 0.185619 0.047569 0.042616 0.025968 0.024476 0.013498 
0.014937 0.063900 0.114427 0.461609 0.155978 0.074213 0.042092 0.026107 0.031698 0.015039 
0.013950 0.059073 0.103508 0.469916 0.222035 0.054925 0.021143 0.014841 0.028854 0.011756 
0.010651 0.049558 0.095259 0.484408 0.181226 0.039280 0.054045 0.033803 0.026110 0.025661 
0.008355 0.039893 0.073243 0.547131 0.187166 0.047034 0.037053 0.015931 0.023109 0.021084 
0.004364 0.021216 0.055854 0.507635 0.241879 0.052397 0.035443 0.022279 0.032953 0.025981 
0.003549 0.018756 0.036874 0.432888 0.312839 0.070782 0.025957 0.021113 0.050374 0.026869 
0.003630 0.017576 0.027923 0.567268 0.261326 0.028248 0.029247 0.007869 0.031831 0.025081 
0.009307 0.038638 0.072253 0.521117 0.222598 0.040894 0.028522 0.014641 0.029754 0.022276 
0.009338 0.040230 0.077306 0.440845 0.277906 0.036542 0.039140 0.009035 0.040508 0.029149 
0.011740 0.047951 0.086465 0.392778 0.243058 0.062263 0.058041 0.023346 0.044725 0.029633 
0.009543 0.040156 0.069583 0.453831 0.231566 0.071767 0.034200 0.024068 0.041799 0.023487 
0.012707 0.048605 0.082080 0.461751 0.234970 0.056173 0.034838 0.017861 0.023978 0.027037 
0.016993 0.066385 0.125362 0.530683 0.098939 0.044658 0.038491 0.020969 0.021733 0.035786 
0.016912 0.068697 0.112717 0.521029 0.092412 0.037901 0.046247 0.025943 0.022699 0.055444 
0.003715 0.027976 0.067321 0.551452 0.123275 0.040311 0.071708 0.032949 0.045622 0.035671 
0.007368 0.058629 0.082339 0.498234 0.129395 0.054618 0.053556 0.022666 0.064965 0.028229 
0.010158 0.065624 0.076774 0.305398 0.129193 0.074540 0.082161 0.082785 0.100621 0.072747 
0.001493 0.061920 0.078684 0.442601 0.127879 0.071578 0.045676 0.056310 0.087206 0.026654 
0.002840 0.078225 0.064743 0.227602 0.141690 0.074801 0.087813 0.107220 0.104345 0.110721 
0.006016 0.062287 0.119546 0.220262 0.093768 0.042241 0.094402 0.139025 0.142881 0.079572 
0.013834 0.062450 0.104050 0.181369 0.103464 0.074854 0.120981 0.157440 0.111028 0.070531 
0.008662 0.053008 0.072777 0.212550 0.125112 0.052110 0.105771 0.147447 0.159150 0.063413 
0.003833 0.060386 0.092228 0.233731 0.113689 0.082368 0.107934 0.151392 0.120865 0.033574 
0.003386 0.093878 0.062057 0.185700 0.061329 0.066647 0.078889 0.185447 0.187493 0.075174 
0.004214 0.066612 0.088195 0.094242 0.084606 0.055257 0.120982 0.118398 0.226205 0.141290 
0.004955 0.084181 0.104556 0.163186 0.101290 0.053363 0.077076 0.162400 0.142151 0.106842 
0.001118 0.099507 0.092385 0.231991 0.082968 0.043339 0.050086 0.120316 0.119266 0.159024 
0.002695 0.020749 0.158231 0.226379 0.236849 0.211380 0.066899 0.033867 0.026571 0.016380 
0.001343 0.006870 0.019422 0.178179 0.123173 0.159099 0.130559 0.099101 0.241171 0.041084 
0.002216 0.006423 0.024042 0.156840 0.098636 0.068244 0.170378 0.101469 0.216094 0.155659 
0.002995 0.013276 0.026349 0.160338 0.134722 0.075714 0.053486 0.169313 0.139812 0.223996 
0.005894 0.023863 0.033712 0.132130 0.212619 0.071430 0.052109 0.234686 0.087638 0.145919 
0.001076 0.005882 0.020604 0.118257 0.233945 0.103376 0.053528 0.289704 0.046446 0.127182 
0.002356 0.005730 0.010449 0.110660 0.128370 0.096366 0.103267 0.235088 0.050001 0.257712 
0.003419 0.012842 0.021737 0.143477 0.109805 0.106318 0.090454 0.221739 0.050827 0.239382 
0.000213 0.006975 0.013736 0.099664 0.154566 0.060458 0.082451 0.276375 0.052520 0.253041 
0.000827 0.021257 0.030037 0.160270 0.260927 0.105121 0.089497 0.137835 0.085968 0.108260 
0.011559 0.042834 0.048260 0.183055 0.095104 0.044891 0.067899 0.231555 0.124092 0.150751 
0.002311 0.015991 0.025872 0.092577 0.462779 0.086413 0.080262 0.087990 0.098943 0.046863 
0.000130 0.004020 0.008828 0.112077 0.213272 0.150825 0.196966 0.179695 0.048345 0.085843 
0.002706 0.013289 0.017703 0.065992 0.120408 0.104287 0.264043 0.140627 0.033336 0.237609 
0.003646 0.016822 0.023498 0.099884 0.153126 0.108450 0.080563 0.254205 0.101519 0.158288 
0.002453 0.019190 0.022350 0.092373 0.162422 0.083690 0.104793 0.288924 0.061254 0.162552 
0.000258 0.009352 0.011191 0.075654 0.141793 0.147735 0.081590 0.321469 0.036428 0.174529 
0.003170 0.013676 0.013549 0.082821 0.210547 0.181602 0.096169 0.156919 0.044921 0.196626 
0.000301 0.003691 0.011562 0.102983 0.183466 0.160084 0.116362 0.218520 0.046828 0.156202 
0.000506 0.005759 0.010583 0.076354 0.204395 0.109604 0.153005 0.160998 0.115477 0.163319 
0.003845 0.011808 0.022054 0.141003 0.237486 0.093493 0.085020 0.195725 0.070837 0.138728 
0.002247 0.013666 0.034213 0.173370 0.264934 0.171851 0.142961 0.067850 0.032123 0.096785 
0.006756 0.028574 0.042006 0.142491 0.158902 0.081519 0.127029 0.355957 0.017141 0.039625 
0.005051 0.022452 0.033643 0.109648 0.081096 0.043649 0.186680 0.356147 0.061897 0.099737 
0.004691 0.023710 0.031132 0.071238 0.079033 0.058236 0.208617 0.334154 0.074370 0.114819 
0.005717 0.024782 0.037206 0.075761 0.072187 0.102037 0.168721 0.329496 0.074018 0.110076 
0.002967 0.016494 0.023417 0.098554 0.135351 0.075360 0.172736 0.301328 0.026429 0.147364 
0.002844 0.014168 0.020643 0.099986 0.119636 0.066935 0.257147 0.207754 0.078184 0.132704 
0.002286 0.015494 0.020063 0.095714 0.149215 0.116104 0.232574 0.169298 0.039675 0.159577 
0.001141 0.003401 0.020472 0.141239 0.254375 0.060368 0.331181 0.067764 0.036342 0.083716 
0.003692 0.014864 0.028174 0.087454 0.263165 0.107559 0.274069 0.084024 0.019721 0.117278 
0.002843 0.008616 0.017859 0.074792 0.185567 0.084860 0.272310 0.238286 0.024200 0.090665 
0.000079 0.011507 0.006990 0.224625 0.204744 0.058864 0.149247 0.233263 0.021792 0.088888 
0.002787 0.021116 0.022534 0.196482 0.239457 0.038254 0.281742 0.159608 0.017365 0.020655 
0.002019 0.011295 0.022424 0.087449 0.233521 0.052667 0.197810 0.290851 0.066148 0.035816 
0.001913 0.007470 0.010659 0.058403 0.213881 0.060892 0.140503 0.417521 0.066536 0.022221 
0.002286 0.010873 0.015421 0.065912 0.178885 0.031090 0.196490 0.418758 0.044232 0.036053 
0.004934 0.021149 0.033192 0.099183 0.183150 0.036390 0.244162 0.281739 0.054283 0.041817 
0.000341 0.007010 0.030234 0.257099 0.192009 0.042672 0.274316 0.142873 0.033745 0.019701 
0.001026 0.016355 0.044449 0.383497 0.083916 0.059360 0.226094 0.105445 0.042742 0.037119 
0.009293 0.035441 0.076962 0.505634 0.089493 0.071987 0.037833 0.110726 0.032538 0.030092 
0.010169 0.040002 0.085637 0.506099 0.103843 0.056005 0.069427 0.092818 0.017076 0.018922 
0.007648 0.029496 0.087583 0.382622 0.130998 0.034261 0.109680 0.181559 0.012723 0.023431 
0.004288 0.029315 0.036777 0.234582 0.253509 0.035964 0.146321 0.225821 0.013933 0.019490 
0.007747 0.030381 0.048968 0.301392 0.074381 0.025776 0.304494 0.121798 0.051015 0.034049 
0.006351 0.023485 0.038277 0.374477 0.088807 0.027282 0.336361 0.053380 0.027311 0.024270 
0.001887 0.007697 0.019764 0.352286 0.140340 0.076430 0.287017 0.069016 0.025495 0.020067 
0.004399 0.017138 0.034027 0.390394 0.084260 0.064927 0.328358 0.048479 0.016775 0.011243 
0.003456 0.013696 0.034846 0.439974 0.092129 0.034612 0.295522 0.041436 0.019494 0.024835 
0.001741 0.016068 0.039353 0.361861 0.086173 0.061968 0.315448 0.069292 0.029311 0.018786 
0.005928 0.025425 0.049956 0.372718 0.095614 0.255180 0.152403 0.009327 0.011719 0.021731 
0.000833 0.008090 0.013450 0.406909 0.041805 0.317313 0.138520 0.034229 0.016586 0.022267 
0.000320 0.006063 0.022785 0.433987 0.129919 0.272690 0.072498 0.019182 0.020781 0.021774 
0.007262 0.034454 0.081413 0.442438 0.166208 0.098676 0.061742 0.035068 0.032171 0.040569 
0.004754 0.024486 0.054099 0.271022 0.122546 0.324060 0.109991 0.045632 0.025512 0.017899 
0.002448 0.009689 0.031206 0.262794 0.119289 0.372634 0.099845 0.038983 0.033537 0.029575 
0.004949 0.017295 0.042338 0.376057 0.079181 0.296061 0.102335 0.027597 0.026704 0.027483 
0.002350 0.007093 0.027634 0.330546 0.153567 0.292597 0.122262 0.026345 0.014805 0.022800 
0.002010 0.007887 0.024119 0.452258 0.067239 0.332671 0.058830 0.013061 0.011631 0.030294 
0.000142 0.008288 0.036585 0.568021 0.148265 0.155454 0.042112 0.006008 0.011724 0.023402 
0.004065 0.020202 0.044997 0.540035 0.141556 0.141453 0.042897 0.017493 0.019324 0.027979 
0.002240 0.013759 0.068832 0.512920 0.097180 0.174903 0.043104 0.029804 0.020803 0.036454 
0.005880 0.024242 0.048052 0.560407 0.069818 0.144744 0.063524 0.029922 0.028131 0.025280 
0.007989 0.032947 0.057729 0.538202 0.097320 0.162432 0.053956 0.023374 0.010077 0.015974 
0.009509 0.045997 0.087999 0.440420 0.115955 0.217654 0.040161 0.016796 0.008004 0.017506 
0.003692 0.019356 0.039947 0.371810 0.141949 0.266083 0.083599 0.031575 0.022146 0.019843 
0.007219 0.030143 0.057277 0.420738 0.046430 0.306395 0.080792 0.019251 0.014962 0.016793 
0.011194 0.048980 0.093058 0.514256 0.102227 0.138265 0.049252 0.019190 0.006643 0.016937 
0.002272 0.015799 0.055811 0.355611 0.091576 0.267050 0.093819 0.046840 0.037467 0.033754 
0.006144 0.025661 0.050837 0.457356 0.146394 0.193379 0.059967 0.023738 0.016456 0.020068 
0.006962 0.026004 0.057844 0.479606 0.166913 0.150881 0.073337 0.011155 0.003954 0.023343 
0.009652 0.036235 0.071565 0.504089 0.161534 0.106773 0.048325 0.016862 0.014924 0.030039 
0.005889 0.032502 0.027382 0.505179 0.111701 0.122333 0.077971 0.034148 0.031614 0.051282 
0.004883 0.045652 0.036351 0.277447 0.106924 0.209565 0.101007 0.085521 0.061565 0.071085 
0.002583 0.045118 0.073338 0.221164 0.103955 0.150578 0.084330 0.118050 0.120382 0.080501 
0.003468 0.045241 0.058046 0.247727 0.031898 0.097188 0.123921 0.202569 0.109336 0.080607 
0.001855 0.039730 0.066331 0.178159 0.096889 0.085499 0.134232 0.217961 0.114025 0.065318 
0.009762 0.051276 0.061108 0.175174 0.079683 0.108547 0.149910 0.145158 0.135835 0.083544 
0.004233 0.056025 0.094917 0.239131 0.069996 0.095241 0.136558 0.110525 0.089443 0.103931 
0.007195 0.143675 0.069780 0.325570 0.121556 0.068158 0.091667 0.064861 0.052854 0.054685 
0.021062 0.130390 0.077622 0.159123 0.075333 0.153836 0.195599 0.067562 0.080027 0.039446 
0.007877 0.032118 0.060237 0.528121 0.150933 0.061260 0.075507 0.043379 0.019776 0.020793 
0.002346 0.016856 0.020620 0.379857 0.119165 0.296626 0.105753 0.017515 0.014460 0.026803 
0.002038 0.009134 0.022871 0.107674 0.321876 0.286696 0.119929 0.075327 0.016092 0.038362 
0.013581 0.029737 0.057982 0.211997 0.402713 0.121570 0.074903 0.050621 0.014633 0.022262 
0.014509 0.037066 0.026930 0.260534 0.173523 0.300667 0.094207 0.034980 0.034193 0.023392 
0.001389 0.025402 0.063148 0.323071 0.345742 0.105340 0.056972 0.024487 0.031934 0.022515 
0.001960 0.009618 0.022378 0.173750 0.192338 0.149231 0.211175 0.054835 0.051011 0.133703 
0.001755 0.007466 0.003358 0.127095 0.107594 0.302446 0.101570 0.147506 0.030196 0.171015 
0.001898 0.005854 0.005193 0.151013 0.081418 0.218415 0.132033 0.130778 0.041553 0.231845 
0.001452 0.006675 0.025574 0.206386 0.112126 0.286567 0.150269 0.108512 0.033618 0.068821 
0.003851 0.020251 0.045186 0.527297 0.140853 0.086256 0.065741 0.047301 0.037130 0.026133 
0.010503 0.048219 0.084036 0.197261 0.136004 0.196800 0.135920 0.039300 0.126624 0.025333 
0.006968 0.025477 0.041643 0.136073 0.137978 0.255863 0.128664 0.108050 0.142154 0.017129 
0.002999 0.020060 0.036882 0.172442 0.179930 0.116314 0.148283 0.088858 0.188239 0.045995 
0.000227 0.006577 0.022118 0.274350 0.146233 0.113021 0.133158 0.108775 0.179981 0.015559 
0.004909 0.020177 0.045453 0.231425 0.183643 0.166704 0.128239 0.096025 0.085691 0.037734 
0.004213 0.019982 0.028606 0.288231 0.143696 0.252059 0.141511 0.046711 0.041934 0.033056 
0.005312 0.021288 0.032301 0.300436 0.156497 0.265666 0.108692 0.046899 0.028009 0.034899 
0.002394 0.011608 0.026112 0.186786 0.203929 0.244676 0.151646 0.087662 0.030442 0.054744 
0.000564 0.006398 0.027492 0.243592 0.103321 0.228145 0.113940 0.134750 0.060423 0.081376 
0.004915 0.017932 0.028086 0.332374 0.200919 0.185194 0.096767 0.060560 0.028495 0.044758 
0.006279 0.020320 0.043990 0.343994 0.304705 0.139399 0.049409 0.036216 0.027535 0.028152 
0.000334 0.004834 0.010809 0.113604 0.402081 0.179626 0.092344 0.053853 0.117529 0.024987 
0.001229 0.004974 0.009449 0.050773 0.335391 0.178684 0.070100 0.126545 0.201852 0.021004 
0.005057 0.016487 0.023450 0.177960 0.257172 0.181704 0.116505 0.165001 0.029147 0.027519 
0.011393 0.044424 0.060133 0.244264 0.216592 0.149575 0.067443 0.107853 0.079335 0.018989 
0.017513 0.080530 0.105301 0.227224 0.183775 0.065673 0.069749 0.105503 0.079466 0.065265 
0.005123 0.017020 0.030891 0.153496 0.344549 0.123455 0.090909 0.133030 0.062057 0.039469 
0.001278 0.003972 0.006546 0.048982 0.213190 0.255174 0.051731 0.194748 0.197731 0.026647 
0.001550 0.012325 0.019151 0.110344 0.075434 0.203308 0.112892 0.161779 0.168671 0.134546 
0.003338 0.005747 0.007590 0.142448 0.068639 0.142031 0.185681 0.122188 0.069665 0.252673 
0.007156 0.020922 0.039220 0.120558 0.085570 0.074724 0.191520 0.128993 0.127592 0.203746 
0.005423 0.019659 0.040675 0.222233 0.049857 0.046906 0.231200 0.099704 0.190856 0.093488 
0.000447 0.006782 0.017273 0.220711 0.043462 0.064521 0.247298 0.082184 0.280845 0.036478 
0.002117 0.007251 0.018339 0.185971 0.069552 0.068707 0.219268 0.104091 0.251804 0.072900 
0.002983 0.013584 0.030898 0.193973 0.068997 0.077163 0.274339 0.155282 0.145536 0.037246 
0.001987 0.008560 0.032360 0.340084 0.077531 0.095553 0.142286 0.152653 0.103115 0.045870 
0.013553 0.044748 0.076789 0.198221 0.247489 0.077185 0.089282 0.075817 0.106393 0.070523 
0.006569 0.029363 0.049799 0.278027 0.150313 0.076867 0.229794 0.108931 0.049616 0.020721 
0.003205 0.015484 0.038297 0.287288 0.118136 0.041223 0.282445 0.117379 0.072617 0.023927 
0.003041 0.022182 0.056649 0.237450 0.126674 0.030300 0.214524 0.133794 0.121146 0.054238 
0.001490 0.013344 0.026562 0.157233 0.154301 0.035102 0.292409 0.244169 0.062015 0.013375 
0.000790 0.007988 0.015577 0.189332 0.107179 0.032934 0.288088 0.234605 0.107223 0.016285 
0.002200 0.016868 0.038899 0.186808 0.161241 0.077979 0.212930 0.176943 0.106938 0.019192 
0.008988 0.032671 0.061131 0.314988 0.051413 0.094575 0.237933 0.095822 0.087084 0.015395 
0.014016 0.037055 0.061811 0.392385 0.087764 0.034819 0.193030 0.068559 0.070360 0.040202 
0.009359 0.024433 0.020954 0.238879 0.095737 0.012706 0.260353 0.159837 0.146587 0.031156 
0.002745 0.037928 0.024497 0.240787 0.086491 0.059662 0.245415 0.149628 0.110789 0.042058 
0.011926 0.043986 0.094574 0.353520 0.275015 0.058959 0.091309 0.032871 0.024325 0.013514 
0.001805 0.308210 0.269260 0.201202 0.063830 0.022018 0.084741 0.032855 0.009448 0.006632 
0.003742 0.203841 0.176412 0.176823 0.177992 0.025028 0.147033 0.043236 0.028963 0.016931 
0.018810 0.127889 0.156976 0.318526 0.162589 0.028123 0.045169 0.065733 0.050759 0.025426 
0.013767 0.075915 0.134268 0.319959 0.180963 0.039475 0.149668 0.028689 0.034202 0.023093 
0.008024 0.066991 0.181214 0.322844 0.231704 0.057362 0.056874 0.030038 0.030818 0.014132 
0.013188 0.138663 0.283400 0.166232 0.163133 0.066356 0.103098 0.033621 0.025427 0.006882 
0.003538 0.142959 0.322945 0.112269 0.177860 0.082713 0.078029 0.033265 0.031136 0.015287 
0.012185 0.146428 0.336814 0.120764 0.146343 0.062581 0.065074 0.038947 0.056639 0.014224 
0.002683 0.117913 0.312455 0.207321 0.107677 0.056106 0.090756 0.033219 0.060977 0.010893 
0.007933 0.130598 0.287883 0.136335 0.169558 0.057913 0.104972 0.043831 0.048463 0.012515 
0.005851 0.128275 0.328029 0.210569 0.104184 0.052022 0.072025 0.046271 0.041435 0.011339 
0.009076 0.179601 0.267241 0.210424 0.112603 0.065915 0.050876 0.043223 0.037090 0.023951 
0.003827 0.161938 0.227299 0.258411 0.108200 0.039041 0.098823 0.047386 0.041153 0.013923 
0.004376 0.149559 0.213616 0.238683 0.156892 0.051808 0.095704 0.035167 0.039414 0.014781 
0.009915 0.155940 0.210018 0.260206 0.143856 0.034822 0.090204 0.036011 0.045204 0.013824 
0.002261 0.143573 0.225984 0.233269 0.118519 0.063697 0.127570 0.037621 0.026485 0.021021 
0.021077 0.176064 0.161854 0.137063 0.176875 0.046233 0.143123 0.047993 0.062998 0.026719 
0.012257 0.075764 0.165607 0.130152 0.234813 0.053749 0.124191 0.082299 0.086862 0.034305 
0.005206 0.041097 0.153538 0.132717 0.285769 0.027826 0.152211 0.092922 0.072743 0.035971 
0.009532 0.036904 0.173563 0.140529 0.257468 0.061485 0.146680 0.064898 0.084559 0.024382 
0.005209 0.050895 0.173625 0.088642 0.200466 0.071933 0.219491 0.081994 0.084856 0.022889 
0.027462 0.250641 0.358075 0.138064 0.090661 0.022469 0.049311 0.020030 0.028429 0.014858 
0.031704 0.288700 0.240639 0.132058 0.108712 0.030163 0.063515 0.037421 0.048205 0.018882 
0.008076 0.185637 0.229904 0.253852 0.096622 0.029046 0.082743 0.042442 0.044114 0.027565 
0.001766 0.185271 0.316829 0.209956 0.126650 0.012871 0.063649 0.049599 0.014441 0.018968 
0.012275 0.155953 0.245800 0.249929 0.169131 0.030352 0.054186 0.038269 0.024120 0.019985 
0.011218 0.116118 0.308268 0.187479 0.119641 0.026165 0.130828 0.045211 0.029489 0.025583 
0.007159 0.073328 0.169350 0.336301 0.116939 0.056313 0.136498 0.059072 0.038956 0.006085 
0.009459 0.050153 0.179605 0.304491 0.201213 0.031268 0.120343 0.056629 0.030509 0.016330 
0.000965 0.044875 0.169161 0.295403 0.142129 0.045942 0.173739 0.060895 0.050984 0.015908 
0.005946 0.040996 0.190026 0.312769 0.157980 0.051657 0.145888 0.055123 0.020856 0.018758 
0.001431 0.033161 0.233890 0.340923 0.178924 0.028658 0.088462 0.062169 0.015086 0.017296 
0.006094 0.108971 0.366325 0.209414 0.068124 0.088586 0.057732 0.048591 0.026991 0.019172 
0.003390 0.133863 0.368915 0.163124 0.082189 0.032083 0.105793 0.050911 0.025904 0.033826 
0.013356 0.200826 0.287677 0.234871 0.098223 0.038185 0.044909 0.043132 0.019109 0.019711 
0.004680 0.175357 0.278327 0.212688 0.112423 0.055886 0.056307 0.042392 0.039134 0.022805 
0.017159 0.203234 0.247052 0.183071 0.080104 0.025492 0.128817 0.059952 0.036903 0.018216 
0.009800 0.161638 0.273167 0.312895 0.059998 0.016557 0.094915 0.023335 0.029735 0.017960 
0.006926 0.138806 0.254207 0.303770 0.072338 0.029615 0.100823 0.046308 0.029251 0.017957 
0.018932 0.143376 0.292095 0.236449 0.114457 0.030277 0.082485 0.043006 0.026328 0.012596 
0.025262 0.176227 0.259035 0.297203 0.080866 0.028926 0.074946 0.031752 0.019711 0.006072 
0.019420 0.167588 0.324050 0.262141 0.104758 0.021127 0.057942 0.024635 0.012437 0.005903 
0.008364 0.093947 0.294839 0.321405 0.088158 0.031360 0.078647 0.040138 0.026001 0.017142 
0.019210 0.336867 0.308842 0.132406 0.082879 0.020700 0.062641 0.013099 0.016565 0.006792 
0.036725 0.332809 0.182977 0.201744 0.097574 0.036450 0.066833 0.017331 0.014598 0.012958 
0.033531 0.234971 0.176772 0.249090 0.119754 0.016365 0.079416 0.045641 0.013318 0.031143 
0.025588 0.119664 0.192530 0.284762 0.145010 0.018042 0.108448 0.060658 0.028304 0.016994 
0.000354 0.080464 0.250762 0.306257 0.128843 0.044279 0.100896 0.040054 0.025782 0.022309 
0.000307 0.195628 0.404956 0.168198 0.059763 0.036695 0.067687 0.026425 0.026644 0.013698 
0.000696 0.177636 0.475295 0.074900 0.041940 0.035234 0.090833 0.047478 0.037976 0.018013 
0.000992 0.186043 0.435160 0.046315 0.096183 0.034542 0.080961 0.031005 0.072190 0.016608 
0.013198 0.189073 0.455156 0.044403 0.111734 0.036980 0.053813 0.026296 0.055151 0.014196 
0.000165 0.169764 0.463752 0.048572 0.133251 0.035554 0.032101 0.018939 0.085954 0.011947 
0.008309 0.071908 0.415404 0.197882 0.090996 0.094605 0.036784 0.030608 0.043519 0.009985 
0.015932 0.102710 0.460594 0.129662 0.073478 0.047953 0.067725 0.032186 0.046088 0.023671 
0.032832 0.197748 0.344534 0.081094 0.077837 0.046236 0.119569 0.034419 0.039200 0.026530 
0.035534 0.242915 0.344976 0.096671 0.108149 0.046427 0.049324 0.028600 0.033094 0.014309 
0.014494 0.211818 0.405403 0.107095 0.084840 0.034190 0.049791 0.026498 0.052694 0.013177 
0.019534 0.223158 0.376696 0.129351 0.093830 0.022772 0.044189 0.039953 0.039926 0.010591 
0.007220 0.178863 0.317679 0.109439 0.099940 0.044366 0.122106 0.048880 0.053051 0.018456 
0.007841 0.071472 0.225761 0.136452 0.174567 0.019125 0.179845 0.060923 0.093390 0.030624 
0.004764 0.030072 0.232178 0.116156 0.227489 0.034754 0.162362 0.051992 0.105907 0.034326 
0.007812 0.036707 0.216130 0.100679 0.287265 0.051873 0.090130 0.071861 0.121379 0.016163 
0.000701 0.016540 0.202298 0.103631 0.255056 0.037049 0.116628 0.092507 0.141095 0.034496 
0.031953 0.232443 0.388644 0.113959 0.078916 0.018973 0.055499 0.028392 0.034557 0.016664 
0.027237 0.369874 0.213073 0.133151 0.070951 0.019167 0.076878 0.036379 0.036368 0.016921 
0.016110 0.196986 0.229440 0.150795 0.123047 0.041638 0.115608 0.034882 0.067201 0.024294 
0.001671 0.152688 0.325093 0.172875 0.098338 0.058530 0.066140 0.057458 0.039827 0.027380 
0.009460 0.251802 0.341318 0.160503 0.085853 0.019274 0.051460 0.040075 0.020180 0.020074 
0.004664 0.209985 0.253644 0.201934 0.089797 0.039692 0.104646 0.029647 0.043418 0.022574 
0.014784 0.312108 0.333505 0.118791 0.089605 0.020670 0.044369 0.027968 0.021712 0.016486 
0.002035 0.229846 0.306632 0.138450 0.099140 0.053745 0.069794 0.040824 0.036677 0.022858 
0.026260 0.287817 0.371726 0.080242 0.088319 0.023791 0.052513 0.026553 0.024297 0.018482 
0.000983 0.343696 0.325052 0.080176 0.106689 0.021684 0.053362 0.023401 0.028164 0.016794 
0.043038 0.296755 0.356341 0.083082 0.080688 0.030156 0.050106 0.020450 0.028130 0.011255 
0.013727 0.173951 0.383680 0.165483 0.054364 0.064589 0.072362 0.030319 0.021527 0.019998 
0.012528 0.219938 0.283132 0.181356 0.077173 0.039851 0.101694 0.038882 0.022903 0.022544 
0.012797 0.242320 0.354713 0.155950 0.086174 0.033270 0.069674 0.021731 0.013472 0.009899 
0.012111 0.192432 0.352543 0.140285 0.097082 0.055201 0.068194 0.030878 0.026361 0.024912 
0.017532 0.195875 0.328552 0.147566 0.080050 0.049550 0.120593 0.016351 0.020992 0.022940 
0.051439 0.249604 0.361830 0.161045 0.073406 0.025840 0.045434 0.014137 0.010220 0.007044 
0.045847 0.295932 0.269604 0.163481 0.050132 0.027119 0.101767 0.017190 0.017861 0.011068 
0.003126 0.264902 0.325997 0.180513 0.060969 0.038118 0.098367 0.012790 0.008448 0.006770 
0.002866 0.287226 0.336727 0.156048 0.056515 0.021102 0.066735 0.028425 0.022274 0.022082 
0.037367 0.281775 0.329354 0.138915 0.043309 0.030019 0.054548 0.027776 0.036812 0.020125 
0.030953 0.277920 0.310501 0.132429 0.062535 0.026266 0.107443 0.014262 0.029883 0.007809 
0.025078 0.374899 0.343582 0.111980 0.036089 0.022743 0.050985 0.018528 0.007768 0.008347 
0.067558 0.276608 0.348056 0.123704 0.035097 0.018410 0.066690 0.012901 0.025171 0.025806 
0.020420 0.291571 0.376666 0.098249 0.075706 0.036931 0.030908 0.019722 0.030527 0.019299 
0.011560 0.203100 0.348454 0.146905 0.114092 0.055046 0.030114 0.041441 0.030440 0.018848 
0.023801 0.198163 0.344255 0.092421 0.170574 0.056743 0.034471 0.037747 0.016492 0.025334 
0.037009 0.219157 0.361905 0.066736 0.140324 0.037958 0.053675 0.045153 0.023478 0.014606 
0.010604 0.206578 0.391742 0.107019 0.085325 0.036976 0.074013 0.036925 0.030663 0.020156 
0.004911 0.165315 0.409761 0.045822 0.114858 0.042923 0.062221 0.080081 0.053490 0.020617 
0.001892 0.186024 0.308604 0.116946 0.159628 0.059614 0.037570 0.082870 0.025997 0.020856 
0.030304 0.208600 0.272764 0.180453 0.137045 0.033579 0.030097 0.066961 0.012134 0.028063 
0.009343 0.080958 0.312190 0.279677 0.077023 0.066081 0.057104 0.062276 0.033144 0.022205 
0.015196 0.123877 0.455099 0.073948 0.118071 0.056992 0.059726 0.047157 0.031572 0.018363 
0.002470 0.145308 0.361949 0.118113 0.137711 0.053452 0.051559 0.041642 0.030567 0.057229 
0.000752 0.158282 0.342605 0.156457 0.138778 0.062751 0.043021 0.029672 0.026533 0.041148 
0.003140 0.161854 0.356005 0.162355 0.096407 0.066192 0.043391 0.027517 0.017087 0.066052 
0.000486 0.169944 0.374985 0.197688 0.076932 0.051436 0.038086 0.014597 0.012868 0.062978 
0.015675 0.158195 0.291050 0.209294 0.095734 0.051744 0.068587 0.030408 0.032029 0.047285 
0.014387 0.105966 0.221058 0.249158 0.080210 0.071673 0.092165 0.089513 0.035156 0.040713 
0.010583 0.061997 0.231269 0.251826 0.074472 0.092309 0.069711 0.107395 0.044184 0.056254 
0.010112 0.060446 0.268353 0.283907 0.045696 0.129966 0.064800 0.062959 0.026999 0.046762 
0.009688 0.071980 0.216724 0.285760 0.098930 0.056581 0.087883 0.068887 0.043813 0.059754 
0.009234 0.285160 0.381404 0.151161 0.050504 0.023640 0.026895 0.024501 0.027678 0.019824 
0.006327 0.389470 0.202598 0.171904 0.058913 0.038996 0.031621 0.044868 0.036772 0.018531 
0.001734 0.245004 0.288825 0.200364 0.082574 0.060024 0.037937 0.045560 0.020167 0.017811 
0.029931 0.269840 0.260359 0.201700 0.067383 0.053197 0.025877 0.050880 0.024422 0.016411 
