Take-a-chance-on-me,ABBA
0.000000 0.000000 0.000000 0.000000 0.000000 0.000000 0.000000 0.000000 0.000000 0.000000 
0.000000 0.000000 0.000000 0.000000 0.000000 0.000000 0.000000 0.000000 0.000000 0.000000 
0.000000 0.000000 0.000000 0.000000 0.000000 0.000000 0.000000 0.000000 0.000000 0.000000 
0.000000 0.000000 0.000000 0.000000 0.000000 0.000000 0.000000 0.000000 0.000000 0.000000 
0.000000 0.000000 0.000000 0.000000 0.000000 0.000000 0.000000 0.000000 0.000000 0.000000 
0.000000 0.000000 0.000000 0.000000 0.000000 0.000000 0.000000 0.000000 0.000000 0.000000 
0.000000 0.000000 0.000000 0.000000 0.000000 0.000000 0.000000 0.000000 0.000000 0.000000 
0.000000 0.000000 0.000000 0.000000 0.000000 0.000000 0.000000 0.000000 0.000000 0.000000 
0.000000 0.000000 0.000000 0.000000 0.000000 0.000000 0.000000 0.000000 0.000000 0.000000 
0.000000 0.000000 0.000000 0.000000 0.000000 0.000000 0.000000 0.000000 0.000000 0.000000 
0.000000 0.000000 0.000000 0.000000 0.000000 0.000000 0.000000 0.000000 0.000000 0.000000 
0.000000 0.000000 0.000000 0.000000 0.000000 0.000000 0.000000 0.000000 0.000000 0.000000 
0.000000 0.000000 0.000000 0.000000 0.000000 0.000000 0.000000 0.000000 0.000000 0.000000 
0.000000 0.000000 0.000000 0.000000 0.000000 0.000000 0.000000 0.000000 0.000000 0.000000 
0.000000 0.000000 0.000000 0.000000 0.000000 0.000000 0.000000 0.000000 0.000000 0.000000 
0.000000 0.000000 0.000000 0.000000 0.000000 0.000000 0.000000 0.000000 0.000000 0.000000 
0.000000 0.000000 0.000000 0.000000 0.000000 0.000000 0.000000 0.000000 0.000000 0.000000 
0.000000 0.000000 0.000000 0.000000 0.000000 0.000000 0.000000 0.000000 0.000000 0.000000 
0.000000 0.000000 0.000000 0.000000 0.000000 0.000000 0.000000 0.000000 0.000000 0.000000 
0.000000 0.000000 0.000000 0.000000 0.000000 0.000000 0.000000 0.000000 0.000000 0.000000 
0.000000 0.000000 0.000000 0.000000 0.000000 0.000000 0.000000 0.000000 0.000000 0.000000 
0.000000 0.000000 0.000000 0.000000 0.000000 0.000000 0.000000 0.000000 0.000000 0.000000 
0.018922 0.075375 0.092442 0.091063 0.094381 0.082887 0.118313 0.137342 0.155212 0.134062 
0.023851 0.093181 0.194063 0.190912 0.129743 0.143207 0.084339 0.038820 0.049524 0.052361 
0.007881 0.035806 0.045070 0.184440 0.067362 0.290177 0.201705 0.070718 0.078969 0.017872 
0.000394 0.004558 0.019943 0.272140 0.038819 0.169493 0.389370 0.041552 0.048962 0.014768 
0.001191 0.008360 0.080980 0.273750 0.093322 0.082332 0.324283 0.065776 0.041681 0.028324 
0.006238 0.030126 0.070500 0.511746 0.113366 0.067634 0.110137 0.029729 0.043849 0.016675 
0.009607 0.037032 0.055015 0.398851 0.249222 0.080932 0.081562 0.031457 0.035714 0.020607 
0.017005 0.066970 0.106181 0.360466 0.223935 0.079424 0.058167 0.034235 0.028160 0.025457 
0.000457 0.007162 0.008857 0.071190 0.258321 0.060937 0.145411 0.358949 0.056454 0.032261 
0.006219 0.028430 0.042020 0.065773 0.096783 0.052231 0.217398 0.370727 0.103428 0.016990 
0.005379 0.028309 0.043841 0.078762 0.138132 0.068468 0.212654 0.291679 0.094089 0.038686 
0.003094 0.016838 0.032711 0.155520 0.352050 0.109921 0.134740 0.116057 0.060655 0.018415 
0.004700 0.017766 0.027052 0.245184 0.385626 0.038595 0.077598 0.164769 0.033812 0.004899 
0.001042 0.017567 0.031210 0.303626 0.346205 0.079780 0.094220 0.062524 0.040044 0.023781 
0.001293 0.004553 0.016870 0.094010 0.374460 0.124333 0.038043 0.061333 0.241047 0.044058 
0.002807 0.006235 0.008807 0.029312 0.114285 0.116778 0.052232 0.155347 0.432593 0.081605 
0.002509 0.011578 0.009916 0.041768 0.084628 0.099168 0.081656 0.345966 0.239256 0.083554 
0.000681 0.007209 0.005883 0.035811 0.080053 0.117088 0.084323 0.175074 0.417005 0.076874 
0.004568 0.017067 0.023430 0.039757 0.085623 0.091350 0.047651 0.212176 0.437328 0.041051 
0.000522 0.005072 0.009168 0.037724 0.157694 0.076033 0.036056 0.172738 0.450859 0.054134 
0.008696 0.036566 0.053912 0.087886 0.113195 0.098775 0.139940 0.171134 0.237075 0.052821 
0.004303 0.017933 0.028551 0.050983 0.122138 0.073866 0.058293 0.158142 0.350348 0.135443 
0.005406 0.023161 0.029916 0.062510 0.238994 0.094417 0.033569 0.198842 0.257153 0.056032 
0.002361 0.012482 0.019735 0.085192 0.230468 0.061768 0.158992 0.225776 0.141639 0.061587 
0.003742 0.020544 0.036940 0.136521 0.415455 0.080629 0.061404 0.117589 0.089500 0.037677 
0.005754 0.022211 0.031715 0.153571 0.360761 0.070162 0.244696 0.066956 0.026203 0.017971 
0.003783 0.016028 0.022273 0.037969 0.155322 0.071298 0.127090 0.195549 0.079698 0.290990 
0.004045 0.012821 0.013768 0.069056 0.056139 0.129621 0.118043 0.117729 0.117972 0.360806 
0.006047 0.025816 0.035267 0.063271 0.062979 0.127764 0.101116 0.114603 0.160402 0.302734 
0.004021 0.013264 0.023906 0.043915 0.043275 0.121300 0.249972 0.195874 0.132390 0.172084 
0.000881 0.014215 0.019364 0.091483 0.053693 0.087545 0.281004 0.248156 0.113700 0.089960 
0.002462 0.012135 0.029817 0.060569 0.055966 0.127315 0.263715 0.186855 0.190616 0.070550 
0.002207 0.009674 0.021857 0.082609 0.057532 0.123426 0.271105 0.118868 0.238655 0.074068 
0.002617 0.007514 0.030043 0.062610 0.068955 0.144343 0.271927 0.162493 0.166369 0.083130 
0.000891 0.010737 0.017479 0.041630 0.037647 0.035888 0.308194 0.388593 0.086184 0.072758 
0.000541 0.006855 0.017945 0.061397 0.054238 0.210016 0.259458 0.182365 0.096674 0.110512 
0.010291 0.043624 0.090536 0.160565 0.104514 0.219155 0.179069 0.080695 0.075122 0.036429 
0.003477 0.062689 0.143323 0.086594 0.094083 0.106764 0.260513 0.180754 0.039712 0.022091 
0.003841 0.085487 0.188566 0.128256 0.173844 0.115112 0.106083 0.121375 0.038717 0.038718 
0.003623 0.095548 0.202354 0.264315 0.181566 0.093953 0.054484 0.058346 0.022961 0.022852 
0.001598 0.024933 0.237184 0.209589 0.311929 0.102323 0.048372 0.024588 0.020944 0.018541 
0.007280 0.052170 0.188859 0.307959 0.237054 0.064844 0.039163 0.051649 0.025699 0.025323 
0.007682 0.052850 0.293551 0.278677 0.202635 0.071917 0.031569 0.032621 0.013897 0.014602 
0.012112 0.072866 0.400733 0.218927 0.133008 0.023413 0.061934 0.030579 0.025118 0.021311 
0.009343 0.049917 0.214833 0.159003 0.258677 0.085352 0.118323 0.033514 0.035915 0.035123 
0.008156 0.034931 0.157653 0.252289 0.135263 0.209364 0.120333 0.038036 0.036544 0.007431 
0.012125 0.063967 0.214938 0.278563 0.118404 0.146304 0.073039 0.057051 0.023259 0.012350 
0.006563 0.044633 0.141042 0.259282 0.085211 0.180605 0.111606 0.083382 0.067314 0.020362 
0.019396 0.104974 0.226225 0.212971 0.113020 0.111259 0.123957 0.033706 0.043896 0.010597 
0.014085 0.078277 0.255260 0.248222 0.100457 0.126703 0.061877 0.059059 0.031138 0.024922 
0.004703 0.052940 0.283612 0.123567 0.090615 0.057971 0.101488 0.054892 0.163417 0.066794 
0.011639 0.054888 0.114303 0.116785 0.126639 0.066745 0.151862 0.103373 0.133786 0.119982 
0.001531 0.023140 0.189161 0.140580 0.219924 0.090301 0.038966 0.129499 0.120061 0.046837 
0.011761 0.064268 0.209454 0.102261 0.297186 0.058890 0.047465 0.076049 0.087981 0.044684 
0.005305 0.028738 0.155500 0.198818 0.280733 0.061156 0.105021 0.078904 0.074148 0.011676 
0.005680 0.043881 0.187498 0.276911 0.180432 0.116668 0.061314 0.061182 0.040851 0.025584 
0.001635 0.017374 0.162245 0.174941 0.153730 0.083408 0.304131 0.047820 0.031414 0.023303 
0.005956 0.026652 0.129542 0.163342 0.233443 0.065323 0.100682 0.063242 0.118390 0.093427 
0.006713 0.030916 0.135897 0.142708 0.166011 0.067969 0.088671 0.096524 0.122050 0.142540 
0.006044 0.020271 0.063467 0.051269 0.142407 0.087731 0.130967 0.108221 0.291116 0.098506 
0.001085 0.006076 0.107486 0.180929 0.248747 0.068870 0.130312 0.072193 0.128637 0.055665 
0.003253 0.016910 0.184533 0.175469 0.240873 0.079463 0.104670 0.061301 0.078976 0.054553 
0.001442 0.023151 0.158351 0.175311 0.215633 0.108850 0.153360 0.050371 0.074239 0.039292 
0.001783 0.021744 0.232885 0.196478 0.132094 0.200980 0.140479 0.027779 0.032558 0.013220 
0.009442 0.045738 0.135149 0.223734 0.150559 0.146534 0.131414 0.065622 0.081330 0.010478 
0.011298 0.057094 0.134725 0.183202 0.171308 0.149133 0.085443 0.059507 0.130130 0.018160 
0.010450 0.057305 0.195584 0.171533 0.162422 0.066003 0.081904 0.089121 0.156658 0.009018 
0.000033 0.025723 0.182128 0.175372 0.185983 0.127693 0.064090 0.038325 0.194024 0.006629 
0.003590 0.022217 0.173642 0.171943 0.153081 0.074410 0.154055 0.085357 0.149511 0.012194 
0.003627 0.011494 0.042187 0.102141 0.265469 0.094515 0.100309 0.126949 0.237556 0.015753 
0.001900 0.008549 0.138941 0.231793 0.222569 0.131083 0.085607 0.129724 0.044796 0.005038 
0.000857 0.006933 0.159158 0.177148 0.202461 0.085228 0.114114 0.099112 0.143186 0.011803 
0.003910 0.022926 0.136219 0.192997 0.273564 0.087848 0.105712 0.043351 0.120926 0.012545 
0.008970 0.044790 0.148687 0.278942 0.197358 0.083474 0.098635 0.067501 0.058543 0.013100 
0.013135 0.063542 0.165363 0.323174 0.154008 0.104769 0.079328 0.053302 0.031907 0.011472 
0.002826 0.017166 0.136871 0.262986 0.171467 0.074266 0.138546 0.103089 0.074713 0.018071 
0.000619 0.007888 0.054375 0.158213 0.103037 0.053587 0.174221 0.100043 0.132261 0.215756 
0.001776 0.007949 0.125137 0.148822 0.185898 0.050623 0.088744 0.054354 0.108288 0.228409 
0.004216 0.019697 0.119709 0.126496 0.123485 0.024302 0.092948 0.039092 0.151413 0.298643 
0.006391 0.028915 0.091993 0.164868 0.187798 0.063859 0.081302 0.031668 0.092222 0.250984 
0.010130 0.047672 0.140411 0.221311 0.244038 0.081956 0.067395 0.040991 0.092461 0.053635 
0.004056 0.020189 0.116538 0.108501 0.161610 0.051946 0.073399 0.135762 0.104932 0.223066 
0.006468 0.030107 0.157141 0.211300 0.161657 0.075291 0.115139 0.059470 0.057742 0.125685 
0.002331 0.008559 0.156704 0.169416 0.195861 0.113161 0.152084 0.115928 0.044250 0.041705 
0.007078 0.026032 0.186463 0.175494 0.142147 0.122590 0.132895 0.154799 0.027890 0.024612 
0.017769 0.079115 0.181118 0.299013 0.083909 0.069940 0.135717 0.064834 0.036255 0.032332 
0.013116 0.060032 0.185786 0.341598 0.116707 0.112327 0.076416 0.046454 0.029795 0.017771 
0.000222 0.011550 0.275930 0.365830 0.125837 0.074193 0.055156 0.047016 0.025288 0.018977 
0.009395 0.048740 0.191271 0.256946 0.177626 0.136016 0.077092 0.035787 0.030212 0.036917 
0.010973 0.068342 0.206118 0.208985 0.264411 0.120112 0.068037 0.022854 0.017151 0.013017 
0.018940 0.095411 0.289470 0.224157 0.205736 0.055648 0.050143 0.022415 0.023622 0.014457 
0.002806 0.015335 0.370033 0.192514 0.156273 0.077457 0.058275 0.052121 0.027816 0.047370 
0.002096 0.011397 0.187324 0.323250 0.306426 0.074502 0.035599 0.026446 0.018998 0.013961 
0.003186 0.022556 0.281660 0.324549 0.170986 0.067103 0.050340 0.038243 0.024253 0.017125 
0.017574 0.085054 0.227134 0.196068 0.191820 0.117457 0.077986 0.061435 0.019047 0.006424 
0.013315 0.076553 0.233424 0.178420 0.133726 0.136026 0.123886 0.057261 0.037102 0.010289 
0.000771 0.049834 0.308073 0.217500 0.112011 0.097112 0.112633 0.045068 0.039286 0.017710 
0.002603 0.046414 0.306622 0.245799 0.100057 0.060401 0.148690 0.032932 0.048141 0.008340 
0.008190 0.052347 0.206695 0.323121 0.095228 0.079362 0.133043 0.047152 0.037745 0.017117 
0.012747 0.079201 0.196224 0.301630 0.113438 0.065482 0.107872 0.034799 0.049935 0.038672 
0.005920 0.038286 0.133422 0.179988 0.127058 0.149876 0.045132 0.129613 0.085355 0.105350 
0.006604 0.034020 0.100016 0.133260 0.148289 0.080656 0.057400 0.239781 0.154861 0.045114 
0.003646 0.016905 0.086059 0.278343 0.172608 0.087191 0.063769 0.148652 0.116441 0.026386 
0.002180 0.018583 0.151840 0.320267 0.175935 0.081432 0.122364 0.040086 0.064787 0.022526 
0.002319 0.016775 0.101123 0.209126 0.074071 0.121065 0.299537 0.061021 0.088329 0.026634 
0.007081 0.034582 0.048652 0.201112 0.076354 0.093362 0.308528 0.116945 0.070694 0.042688 
0.004852 0.026144 0.099976 0.112313 0.172217 0.054337 0.177097 0.075444 0.116025 0.161597 
0.000848 0.013099 0.206871 0.109988 0.113518 0.073994 0.056085 0.144358 0.136392 0.144847 
0.001036 0.010796 0.050008 0.122626 0.155079 0.074020 0.199076 0.182328 0.159855 0.045176 
0.001877 0.016348 0.156503 0.218152 0.288402 0.094608 0.085938 0.038684 0.088170 0.011318 
0.000375 0.016612 0.215428 0.227045 0.258144 0.063727 0.088429 0.042009 0.053758 0.034474 
0.017984 0.087295 0.130455 0.284148 0.171330 0.058974 0.088637 0.073986 0.052518 0.034673 
0.002714 0.026430 0.171859 0.238471 0.190140 0.139442 0.149498 0.055866 0.012958 0.012622 
0.007577 0.042871 0.174446 0.137006 0.168138 0.142575 0.115624 0.105453 0.058528 0.047781 
0.004418 0.028449 0.128713 0.190810 0.171644 0.086309 0.108703 0.169516 0.048429 0.063009 
0.003317 0.029281 0.167909 0.150675 0.142219 0.097703 0.097953 0.166389 0.045006 0.099547 
0.001780 0.024868 0.181274 0.190586 0.093729 0.116962 0.074423 0.143923 0.075504 0.096950 
0.001101 0.007602 0.067383 0.071717 0.149568 0.100045 0.133964 0.191737 0.208665 0.068219 
0.005762 0.036002 0.110085 0.143772 0.178068 0.070280 0.146133 0.093811 0.151966 0.064120 
0.003514 0.029215 0.168233 0.160881 0.205440 0.174979 0.116451 0.038033 0.085976 0.017279 
0.001494 0.029720 0.193041 0.253963 0.193824 0.106771 0.071686 0.060008 0.078441 0.011051 
0.006675 0.034318 0.184088 0.232095 0.113029 0.098303 0.142860 0.091655 0.080709 0.016267 
0.000512 0.011694 0.199155 0.332481 0.125005 0.100851 0.123519 0.058701 0.032239 0.015842 
0.000953 0.027216 0.376335 0.184669 0.116762 0.092277 0.072861 0.061017 0.040141 0.027770 
0.008581 0.035847 0.073969 0.120977 0.207111 0.155752 0.136956 0.071599 0.149069 0.040138 
0.002097 0.017240 0.103944 0.054110 0.425917 0.140735 0.075504 0.055264 0.110022 0.015167 
0.005064 0.032003 0.092705 0.075597 0.326265 0.078169 0.050198 0.212694 0.110917 0.016389 
0.003158 0.015775 0.129612 0.147405 0.236965 0.174402 0.075737 0.116765 0.080091 0.020090 
0.000911 0.014792 0.109409 0.145431 0.324787 0.166715 0.079000 0.060833 0.089471 0.008652 
0.007207 0.031729 0.048507 0.082335 0.439893 0.119364 0.069841 0.071259 0.118263 0.011602 
0.005717 0.028469 0.094802 0.221467 0.257385 0.149638 0.078662 0.103843 0.055312 0.004705 
0.003583 0.020132 0.101695 0.182074 0.317730 0.114169 0.131003 0.058948 0.056187 0.014478 
0.001626 0.005512 0.154595 0.181468 0.169949 0.180645 0.143242 0.075679 0.070967 0.016316 
0.006197 0.034284 0.136900 0.186936 0.287991 0.104182 0.110426 0.033080 0.078100 0.021904 
0.009753 0.041874 0.167906 0.154813 0.214098 0.149377 0.120942 0.051846 0.072699 0.016691 
0.005693 0.025769 0.162216 0.339726 0.184803 0.062530 0.123724 0.023774 0.049415 0.022350 
0.002351 0.020047 0.155970 0.125853 0.406986 0.081425 0.114236 0.029274 0.048519 0.015338 
0.003435 0.033988 0.183830 0.258211 0.203915 0.124976 0.101744 0.034211 0.037387 0.018303 
0.003180 0.034935 0.181383 0.182649 0.348670 0.129754 0.057385 0.025346 0.019937 0.016761 
0.005256 0.023173 0.223185 0.212143 0.342290 0.064376 0.065006 0.034817 0.019830 0.009924 
0.001527 0.027855 0.219471 0.202104 0.341163 0.098365 0.053564 0.023738 0.020095 0.012118 
0.003574 0.043211 0.254490 0.256173 0.266047 0.055701 0.068217 0.028551 0.017064 0.006973 
0.004663 0.032192 0.111621 0.181611 0.275018 0.195908 0.087149 0.051499 0.031468 0.028872 
0.004046 0.021271 0.188639 0.091773 0.309173 0.161639 0.129255 0.046312 0.033400 0.014491 
0.002135 0.025721 0.241031 0.190286 0.203726 0.119872 0.091771 0.068822 0.032544 0.024091 
0.013202 0.067667 0.207913 0.287332 0.085309 0.152937 0.084970 0.045290 0.036239 0.019142 
0.010947 0.055758 0.178368 0.334842 0.093744 0.120778 0.120046 0.034902 0.026549 0.024064 
0.012852 0.065541 0.228851 0.377637 0.113258 0.052425 0.094704 0.025098 0.017042 0.012591 
0.023720 0.107966 0.149059 0.266312 0.108292 0.068236 0.118437 0.086774 0.053737 0.017466 
0.007704 0.031633 0.120405 0.148892 0.194916 0.078889 0.091696 0.189015 0.123159 0.013692 
0.007218 0.037686 0.112235 0.122448 0.289849 0.082355 0.041599 0.169409 0.126254 0.010947 
0.007299 0.033783 0.153310 0.258441 0.288586 0.063669 0.044642 0.069811 0.073693 0.006765 
0.004829 0.019257 0.163936 0.216439 0.365787 0.073464 0.042193 0.060956 0.042962 0.010178 
0.008486 0.033939 0.157258 0.321628 0.274041 0.030994 0.042063 0.054765 0.066692 0.010131 
0.009125 0.047923 0.149693 0.295000 0.279963 0.040930 0.067228 0.076778 0.022433 0.010927 
0.000099 0.010210 0.120251 0.086388 0.235411 0.084424 0.110754 0.147433 0.186893 0.018138 
0.004689 0.031889 0.080943 0.159948 0.169671 0.064532 0.089452 0.204555 0.182245 0.012074 
0.004967 0.027858 0.126974 0.177267 0.279984 0.118599 0.040199 0.148413 0.056961 0.018779 
0.009864 0.059290 0.145866 0.144710 0.222575 0.061767 0.069611 0.185185 0.085078 0.016052 
0.001537 0.016986 0.146034 0.228051 0.270127 0.150791 0.049117 0.053913 0.068823 0.014622 
0.006099 0.029975 0.190606 0.202763 0.197147 0.169353 0.102575 0.076981 0.017170 0.007330 
0.006640 0.035304 0.096513 0.150744 0.147059 0.111835 0.135483 0.106502 0.189418 0.020501 
0.001802 0.017566 0.095497 0.125343 0.079865 0.081191 0.091277 0.093719 0.342547 0.071192 
0.001371 0.012294 0.141723 0.177137 0.097571 0.039600 0.076047 0.064850 0.311744 0.077662 
0.001902 0.015014 0.142619 0.144685 0.091574 0.052785 0.087171 0.078328 0.086679 0.299245 
0.002037 0.011232 0.058979 0.044850 0.027047 0.065159 0.072790 0.100936 0.150779 0.466190 
0.000022 0.006144 0.090179 0.121004 0.084154 0.074917 0.056577 0.108160 0.065596 0.393247 
0.006490 0.028356 0.102310 0.090047 0.132415 0.121909 0.141328 0.087070 0.071317 0.218759 
0.001283 0.013741 0.136925 0.140641 0.102427 0.097427 0.209864 0.083473 0.120167 0.094051 
0.005275 0.026591 0.111183 0.267274 0.139743 0.129351 0.132566 0.058507 0.083903 0.045605 
0.006872 0.029453 0.142023 0.303499 0.172102 0.079053 0.144375 0.055432 0.040619 0.026572 
0.000070 0.011710 0.232719 0.349848 0.112264 0.085042 0.076583 0.043862 0.045042 0.042859 
0.004348 0.031460 0.165420 0.089706 0.139622 0.105031 0.244602 0.054771 0.083817 0.081222 
0.006589 0.022482 0.117203 0.158241 0.186729 0.089144 0.226537 0.031602 0.125330 0.036143 
0.005421 0.062286 0.087358 0.104320 0.143996 0.159402 0.198273 0.049670 0.097972 0.091301 
0.001650 0.041236 0.068854 0.108728 0.104118 0.187984 0.255536 0.047470 0.103868 0.080556 
0.001911 0.030066 0.109863 0.160191 0.200659 0.227042 0.165662 0.017574 0.053178 0.033853 
0.000775 0.035047 0.051079 0.142634 0.151917 0.234140 0.211029 0.042069 0.070161 0.061148 
0.004212 0.012014 0.048505 0.111026 0.220375 0.196915 0.179764 0.036999 0.097684 0.092506 
0.006293 0.036567 0.130768 0.130341 0.126594 0.232392 0.261091 0.022838 0.020576 0.032539 
0.011065 0.084894 0.191398 0.168224 0.185656 0.112269 0.140689 0.037522 0.044434 0.023849 
0.009821 0.097618 0.234497 0.157959 0.096520 0.131773 0.136473 0.042126 0.052953 0.040260 
0.001941 0.076394 0.320263 0.128343 0.084648 0.128234 0.141765 0.036441 0.040403 0.041568 
0.010737 0.114874 0.261582 0.159258 0.083233 0.148209 0.119318 0.054735 0.029993 0.018061 
0.013681 0.131818 0.183011 0.169856 0.091508 0.193821 0.116616 0.037100 0.026239 0.036351 
0.007508 0.065470 0.164645 0.179793 0.227438 0.120677 0.085883 0.025019 0.102542 0.021026 
0.005900 0.062740 0.234003 0.226560 0.281061 0.089811 0.027542 0.039623 0.019907 0.012855 
0.004684 0.048692 0.160313 0.279362 0.209634 0.121091 0.087947 0.029188 0.038407 0.020682 
0.010394 0.063974 0.250809 0.256135 0.268548 0.082121 0.034108 0.013519 0.007869 0.012523 
0.016362 0.156531 0.216570 0.247025 0.170273 0.075027 0.044669 0.022553 0.023523 0.027466 
0.022457 0.088334 0.361191 0.202703 0.130452 0.060377 0.057224 0.022785 0.029977 0.024500 
0.004895 0.054543 0.213676 0.145743 0.238573 0.104373 0.186289 0.021732 0.021598 0.008579 
0.006997 0.112630 0.299303 0.075333 0.191726 0.065477 0.135677 0.042438 0.047477 0.022941 
0.015490 0.158501 0.240075 0.173131 0.121954 0.028331 0.106962 0.072593 0.055837 0.027125 
0.005958 0.076635 0.296887 0.290660 0.058882 0.058575 0.109287 0.048301 0.038227 0.016588 
0.014095 0.117661 0.326289 0.292515 0.088259 0.041779 0.042316 0.036721 0.025481 0.014884 
0.031580 0.198507 0.142101 0.225494 0.057732 0.074597 0.132729 0.082020 0.029842 0.025399 
0.005131 0.028148 0.149882 0.086244 0.102292 0.109229 0.432169 0.024359 0.043156 0.019390 
0.000755 0.030124 0.122467 0.217001 0.138613 0.081418 0.332669 0.030207 0.029593 0.017152 
0.014170 0.054116 0.114033 0.206755 0.069469 0.097333 0.289564 0.083911 0.044120 0.026530 
0.000002 0.039589 0.229739 0.240462 0.300545 0.090311 0.046306 0.028298 0.014118 0.010629 
0.004150 0.057416 0.130030 0.214498 0.405311 0.040412 0.051122 0.074701 0.014636 0.007724 
0.003661 0.030198 0.064166 0.221198 0.462997 0.033922 0.050892 0.094914 0.024294 0.013759 
0.000055 0.037415 0.127183 0.185185 0.365548 0.078351 0.068604 0.101062 0.021540 0.015056 
0.005880 0.042844 0.144812 0.154155 0.311411 0.083266 0.042592 0.162031 0.033200 0.019810 
0.001352 0.025044 0.111880 0.276193 0.359107 0.056677 0.057587 0.092229 0.008389 0.011542 
0.010175 0.083273 0.130754 0.216095 0.353487 0.076701 0.038180 0.056618 0.019770 0.014947 
0.011927 0.042085 0.139856 0.227604 0.301632 0.058512 0.043448 0.137651 0.025117 0.012170 
0.009981 0.048182 0.128564 0.206314 0.241554 0.084884 0.197386 0.040626 0.027346 0.015163 
0.007680 0.080617 0.165493 0.162830 0.290952 0.097631 0.095456 0.037608 0.047082 0.014651 
0.003107 0.066923 0.151820 0.216546 0.185940 0.108809 0.070745 0.053795 0.126161 0.016153 
0.006110 0.047752 0.179264 0.192403 0.257031 0.054235 0.036361 0.041251 0.172046 0.013547 
0.005658 0.051867 0.210280 0.176264 0.203465 0.078812 0.093602 0.069195 0.092409 0.018448 
0.004557 0.079338 0.164313 0.186249 0.292600 0.078663 0.058006 0.045123 0.060092 0.031058 
0.000794 0.040617 0.147221 0.136257 0.437261 0.056458 0.040964 0.064397 0.060234 0.015798 
0.004875 0.049838 0.143038 0.183766 0.330387 0.091025 0.124833 0.039339 0.024169 0.008731 
0.003207 0.073792 0.117255 0.195501 0.216786 0.123680 0.167005 0.051093 0.032448 0.019233 
0.012587 0.124849 0.258369 0.191474 0.116305 0.097627 0.110256 0.039640 0.035800 0.013095 
0.012951 0.126164 0.274089 0.195443 0.117026 0.046700 0.130968 0.025684 0.052313 0.018663 
0.003619 0.077856 0.367244 0.179741 0.100880 0.070244 0.106264 0.039128 0.040773 0.014253 
0.000355 0.095074 0.252868 0.240383 0.177758 0.081584 0.061899 0.049004 0.020585 0.020490 
0.003481 0.030855 0.050054 0.178295 0.201566 0.066376 0.107364 0.098308 0.120464 0.143237 
0.002258 0.026115 0.073596 0.108441 0.237091 0.055487 0.076420 0.126300 0.212922 0.081370 
0.000209 0.007286 0.048185 0.063925 0.126202 0.070504 0.041057 0.077759 0.157236 0.407637 
0.002642 0.023990 0.065822 0.096438 0.106375 0.056323 0.051796 0.047102 0.173760 0.375751 
0.003461 0.046307 0.065352 0.114151 0.104847 0.033667 0.086475 0.035285 0.094800 0.415655 
0.004149 0.028996 0.073256 0.081889 0.069887 0.107830 0.123512 0.075966 0.084978 0.349537 
0.005808 0.024314 0.151722 0.097780 0.171196 0.100777 0.112089 0.055085 0.092910 0.188319 
0.001090 0.033799 0.125809 0.064346 0.154113 0.060105 0.145848 0.015159 0.057932 0.341800 
0.007024 0.077566 0.147840 0.084192 0.112595 0.108268 0.245440 0.088207 0.075420 0.053447 
0.000584 0.060020 0.109018 0.291152 0.124244 0.056186 0.151379 0.072197 0.082126 0.053093 
0.004959 0.083292 0.227068 0.287336 0.122240 0.047071 0.091132 0.032475 0.051729 0.052698 
0.002107 0.099724 0.340062 0.314346 0.062613 0.040062 0.071838 0.017216 0.021215 0.030818 
0.004125 0.058206 0.120951 0.123190 0.131171 0.163074 0.282099 0.043345 0.038997 0.034842 
0.008140 0.054385 0.148570 0.116196 0.171999 0.198046 0.156480 0.052654 0.044766 0.048763 
0.011161 0.046116 0.094194 0.088529 0.121375 0.215400 0.274968 0.080339 0.027189 0.040730 
0.000468 0.019820 0.121381 0.158610 0.152415 0.180773 0.234683 0.061318 0.039415 0.031117 
0.007160 0.084119 0.174291 0.106958 0.105033 0.182867 0.252081 0.033196 0.036608 0.017686 
0.004815 0.034269 0.106421 0.116453 0.232150 0.219563 0.181684 0.030753 0.037741 0.036151 
0.002869 0.035578 0.119732 0.131201 0.196623 0.084438 0.248010 0.038765 0.078307 0.064477 
0.007844 0.073126 0.172713 0.133202 0.098663 0.055783 0.175585 0.053121 0.089542 0.140421 
0.008155 0.080932 0.291650 0.131500 0.074358 0.043863 0.086613 0.056273 0.074219 0.152436 
0.000435 0.051446 0.278106 0.170422 0.075435 0.054076 0.089406 0.042749 0.071651 0.166274 
0.001380 0.062080 0.201219 0.153667 0.091515 0.076590 0.090682 0.058196 0.113644 0.151027 
0.000953 0.067010 0.195590 0.197082 0.088990 0.050400 0.090636 0.066379 0.079533 0.163427 
0.008046 0.066349 0.165783 0.105343 0.209992 0.081874 0.159574 0.071733 0.051950 0.079356 
0.004443 0.036781 0.110387 0.182889 0.088688 0.052884 0.276270 0.060660 0.100064 0.086934 
0.002164 0.024855 0.035625 0.183288 0.068848 0.043982 0.307769 0.030439 0.205873 0.097156 
0.000832 0.018956 0.113660 0.355704 0.168631 0.060838 0.122575 0.056883 0.066501 0.035420 
0.006053 0.058986 0.057726 0.142133 0.079255 0.043004 0.407393 0.089573 0.029547 0.086331 
0.008586 0.082398 0.060294 0.237359 0.071311 0.060820 0.230178 0.144158 0.039293 0.065604 
0.005722 0.038568 0.140697 0.205589 0.397104 0.067960 0.061930 0.028763 0.029332 0.024334 
0.010288 0.047971 0.150551 0.157230 0.438073 0.051893 0.051148 0.061039 0.020173 0.011634 
0.011211 0.059463 0.121173 0.109430 0.415886 0.077124 0.074855 0.090931 0.019828 0.020099 
0.002368 0.032783 0.186194 0.135693 0.436906 0.093968 0.038785 0.057084 0.009031 0.007187 
0.003692 0.055645 0.122843 0.226613 0.391519 0.056532 0.036536 0.074656 0.021243 0.010720 
0.001374 0.029137 0.044028 0.117168 0.514627 0.066158 0.035041 0.147216 0.028096 0.017155 
0.005670 0.047020 0.143308 0.122394 0.234149 0.106996 0.106597 0.193355 0.032783 0.007728 
0.006627 0.050197 0.172505 0.135788 0.100476 0.049333 0.101138 0.303427 0.063661 0.016848 
0.001729 0.023992 0.152999 0.135975 0.130169 0.053267 0.067050 0.365855 0.048413 0.020550 
0.008186 0.058472 0.276978 0.240002 0.133970 0.068885 0.046977 0.069969 0.046936 0.049624 
0.001357 0.028844 0.247953 0.236705 0.086231 0.022058 0.053510 0.281122 0.023714 0.018505 
0.001157 0.026205 0.100972 0.153677 0.096107 0.014765 0.037215 0.232996 0.288237 0.048669 
0.004303 0.035407 0.069334 0.109924 0.162631 0.069484 0.041111 0.118981 0.343339 0.045488 
0.006067 0.056572 0.103628 0.131682 0.148697 0.099349 0.066023 0.112435 0.251762 0.023786 
0.002162 0.042233 0.191961 0.138880 0.114657 0.062648 0.102260 0.171964 0.158991 0.014246 
0.012147 0.101358 0.219748 0.144391 0.131956 0.037261 0.060925 0.144577 0.136729 0.010906 
0.012133 0.097401 0.360226 0.191675 0.106785 0.031539 0.063403 0.052369 0.067235 0.017233 
0.000972 0.051704 0.366912 0.229660 0.084827 0.070815 0.060794 0.072241 0.053586 0.008489 
0.004474 0.041997 0.100152 0.082547 0.114966 0.034129 0.046366 0.112655 0.400195 0.062519 
0.001638 0.009245 0.110936 0.098483 0.173848 0.051188 0.062375 0.126010 0.261673 0.104603 
0.007288 0.067864 0.171343 0.135288 0.194727 0.098496 0.035537 0.042262 0.201454 0.045741 
0.006914 0.048173 0.135187 0.153404 0.142165 0.038191 0.038385 0.171024 0.215526 0.051032 
0.009005 0.064214 0.210508 0.141411 0.214349 0.128410 0.033912 0.046258 0.138940 0.012993 
0.008205 0.061587 0.119320 0.169121 0.172083 0.060105 0.047140 0.082269 0.252454 0.027717 
0.006684 0.042959 0.085826 0.087520 0.200104 0.040837 0.111416 0.103333 0.289171 0.032150 
0.001448 0.044082 0.275560 0.143072 0.152049 0.091354 0.114578 0.081076 0.082971 0.013811 
0.002798 0.060191 0.284862 0.175481 0.191795 0.066054 0.065616 0.035835 0.103791 0.013576 
0.004180 0.108689 0.267607 0.201644 0.112645 0.048622 0.047464 0.035365 0.141705 0.032078 
0.000874 0.114555 0.310283 0.172049 0.152330 0.026696 0.059938 0.044673 0.088318 0.030284 
0.006631 0.123617 0.364433 0.116162 0.138667 0.038343 0.032202 0.074979 0.087439 0.017528 
0.003194 0.060580 0.199608 0.136425 0.284263 0.065607 0.039505 0.053635 0.140078 0.017104 
0.001025 0.023515 0.115710 0.207425 0.396897 0.056479 0.053107 0.026533 0.113672 0.005637 
0.011347 0.102302 0.210901 0.167942 0.327292 0.034869 0.034731 0.055492 0.047760 0.007363 
0.013438 0.109179 0.106244 0.189089 0.301722 0.093664 0.064098 0.051845 0.055984 0.014737 
0.002612 0.061804 0.231010 0.253735 0.241985 0.098703 0.032692 0.029644 0.034580 0.013234 
0.003826 0.064465 0.216168 0.224235 0.276150 0.068654 0.041719 0.058483 0.030018 0.016281 
0.009933 0.041481 0.246136 0.225376 0.147370 0.124832 0.113051 0.047446 0.030104 0.014271 
0.010753 0.086595 0.244495 0.174518 0.184985 0.058778 0.133393 0.051541 0.037919 0.017023 
0.005996 0.076208 0.112605 0.277597 0.126922 0.057871 0.129891 0.118190 0.072866 0.021855 
0.004397 0.084974 0.180616 0.324074 0.095215 0.038277 0.114570 0.110425 0.025768 0.021684 
0.003161 0.088423 0.325469 0.284749 0.067058 0.040517 0.106180 0.042482 0.029513 0.012447 
0.011929 0.144016 0.273148 0.298926 0.089715 0.024245 0.102770 0.017870 0.028297 0.009084 
0.014146 0.155086 0.346196 0.220943 0.087986 0.040907 0.057559 0.037300 0.024558 0.015320 
0.002623 0.030321 0.089068 0.133164 0.149608 0.107525 0.336664 0.090688 0.045486 0.014854 
0.001499 0.013989 0.070996 0.135053 0.132403 0.094870 0.452121 0.041076 0.023816 0.034177 
0.007885 0.065439 0.109844 0.194715 0.180083 0.079756 0.271953 0.044481 0.027393 0.018451 
0.002099 0.057749 0.203387 0.249366 0.239140 0.118823 0.079204 0.022168 0.011365 0.016699 
0.006451 0.096549 0.167125 0.402539 0.160914 0.055540 0.053185 0.031898 0.011294 0.014504 
0.013963 0.066981 0.106762 0.222141 0.207123 0.036897 0.115713 0.137210 0.064090 0.029121 
0.002944 0.027666 0.160470 0.095435 0.188691 0.080130 0.058993 0.311517 0.056920 0.017233 
0.001836 0.022448 0.095190 0.118870 0.158613 0.049815 0.074432 0.391230 0.047131 0.040434 
0.003968 0.032798 0.198964 0.154083 0.195079 0.093040 0.055376 0.169774 0.039757 0.057162 
0.014901 0.121247 0.221693 0.160705 0.159832 0.097095 0.060633 0.104781 0.031315 0.027796 
0.021337 0.137825 0.107038 0.113684 0.218527 0.055353 0.088261 0.191385 0.035559 0.031030 
0.004470 0.050042 0.175884 0.191277 0.291987 0.157894 0.045846 0.058197 0.012346 0.012056 
0.003752 0.061130 0.198790 0.108266 0.210610 0.074184 0.062218 0.057050 0.200875 0.023125 
0.008278 0.083023 0.166588 0.134062 0.097459 0.058742 0.058546 0.037414 0.334804 0.021084 
0.006406 0.068310 0.204470 0.122545 0.120275 0.054376 0.087395 0.166240 0.148644 0.021340 
0.006633 0.047786 0.270328 0.145527 0.106655 0.031788 0.043812 0.111755 0.227890 0.007826 
0.004630 0.048644 0.161425 0.138587 0.092875 0.042391 0.044748 0.079817 0.366104 0.020778 
0.002743 0.041415 0.094893 0.123781 0.168499 0.022712 0.058292 0.196676 0.245746 0.045241 
0.000997 0.034791 0.186619 0.163798 0.215523 0.119076 0.092487 0.070507 0.102068 0.014132 
0.010412 0.108853 0.251615 0.171834 0.152284 0.068647 0.119398 0.040557 0.063284 0.013116 
0.022164 0.180858 0.285732 0.147997 0.071068 0.046166 0.086967 0.096185 0.043081 0.019782 
0.009471 0.124697 0.356854 0.212319 0.062335 0.035349 0.093149 0.045459 0.036417 0.023951 
0.008516 0.102367 0.341975 0.209559 0.077868 0.079605 0.095278 0.050167 0.013303 0.021362 
0.018352 0.122389 0.112439 0.191784 0.146381 0.155035 0.101116 0.081729 0.047511 0.023264 
0.002887 0.028205 0.063116 0.066349 0.320773 0.170263 0.068560 0.129408 0.104439 0.045999 
0.000560 0.021575 0.110142 0.067176 0.170938 0.153438 0.052930 0.145686 0.115935 0.161620 
0.000339 0.010137 0.027469 0.038351 0.083705 0.102808 0.036634 0.088430 0.192628 0.419499 
0.002269 0.023303 0.117337 0.072512 0.125646 0.096304 0.042594 0.124398 0.234248 0.161390 
0.000820 0.023680 0.057584 0.083403 0.051291 0.050280 0.125251 0.104690 0.143674 0.359328 
0.006379 0.043486 0.051931 0.143706 0.123407 0.124667 0.203851 0.065557 0.130680 0.106337 
0.008956 0.080546 0.168446 0.124201 0.171103 0.139098 0.151868 0.041231 0.070541 0.044009 
0.005209 0.062941 0.227118 0.110626 0.104421 0.141549 0.212492 0.041650 0.063658 0.030336 
0.010641 0.099360 0.178116 0.126888 0.086810 0.149037 0.176049 0.079890 0.059332 0.033876 
0.016006 0.132563 0.167506 0.194381 0.136401 0.161924 0.079954 0.060082 0.020645 0.030538 
0.000899 0.131306 0.242986 0.306333 0.101202 0.046398 0.081609 0.021040 0.038635 0.029593 
0.011258 0.177333 0.315800 0.230455 0.064547 0.049279 0.044992 0.031294 0.053014 0.022029 
0.004610 0.048665 0.144879 0.171368 0.260992 0.077906 0.171455 0.045014 0.047242 0.027868 
0.001471 0.040962 0.163483 0.112223 0.154516 0.212894 0.206774 0.029029 0.038356 0.040292 
0.008379 0.039764 0.075089 0.071116 0.128834 0.264022 0.298347 0.047945 0.031359 0.035145 
0.008663 0.050204 0.122651 0.089893 0.132285 0.262881 0.214403 0.024834 0.052418 0.041767 
0.005124 0.030106 0.107056 0.126461 0.182980 0.202974 0.234685 0.019931 0.061615 0.029068 
0.000064 0.050685 0.153093 0.164309 0.081803 0.111080 0.315823 0.043054 0.051973 0.028116 
0.001548 0.030151 0.186073 0.132989 0.142692 0.087090 0.181920 0.050879 0.100063 0.086594 
0.009784 0.064381 0.197548 0.116702 0.060270 0.059542 0.160928 0.043754 0.151444 0.135646 
0.010669 0.093689 0.109201 0.137449 0.080475 0.093461 0.159960 0.099595 0.116624 0.098877 
0.004679 0.073068 0.125996 0.211246 0.049057 0.076846 0.140218 0.057130 0.144251 0.117509 
0.006636 0.053121 0.187511 0.163410 0.055370 0.070989 0.063615 0.121503 0.042721 0.235123 
0.001728 0.043522 0.187069 0.201292 0.088767 0.045409 0.119643 0.119947 0.086707 0.105916 
0.005152 0.043324 0.128338 0.116069 0.113227 0.038197 0.114336 0.249491 0.104777 0.087088 
0.007721 0.033065 0.165897 0.162352 0.211357 0.084676 0.048803 0.210091 0.047178 0.028860 
0.018407 0.092218 0.202643 0.161789 0.277626 0.068205 0.076931 0.057125 0.030533 0.014523 
0.013057 0.048867 0.107890 0.150985 0.382451 0.115654 0.058771 0.060768 0.044461 0.017097 
0.007589 0.031296 0.169110 0.216005 0.301607 0.134682 0.042059 0.025722 0.053415 0.018515 
0.007360 0.049394 0.134772 0.224085 0.239073 0.073806 0.044554 0.051361 0.084509 0.091085 
0.012650 0.058032 0.146710 0.208466 0.224167 0.139811 0.055692 0.042678 0.058996 0.052798 
0.002852 0.019600 0.206144 0.201284 0.199484 0.127475 0.113880 0.067751 0.038599 0.022931 
0.001330 0.024198 0.206666 0.216555 0.129509 0.075602 0.136699 0.121273 0.061154 0.027013 
0.001992 0.020485 0.212920 0.292221 0.187145 0.126152 0.044472 0.055872 0.032131 0.026612 
0.013958 0.069876 0.198057 0.189759 0.245220 0.066248 0.076057 0.094979 0.031370 0.014477 
0.012065 0.074300 0.136972 0.159513 0.287200 0.067524 0.045287 0.154353 0.040982 0.021805 
0.008844 0.050712 0.122274 0.206950 0.240231 0.068381 0.048547 0.191864 0.031088 0.031109 
0.000807 0.004386 0.159762 0.114290 0.288702 0.083061 0.136439 0.151658 0.040255 0.020641 
0.004466 0.021766 0.129785 0.140443 0.203833 0.074925 0.180645 0.184018 0.040074 0.020043 
0.004066 0.022710 0.111816 0.078183 0.144431 0.117539 0.174520 0.240094 0.076808 0.029832 
0.007038 0.041701 0.090358 0.130720 0.239540 0.085728 0.113778 0.174700 0.081024 0.035412 
0.004355 0.029255 0.107792 0.118897 0.174248 0.059313 0.150531 0.211494 0.099931 0.044183 
0.001710 0.018473 0.140189 0.202616 0.236274 0.111783 0.114434 0.088771 0.073380 0.012369 
0.007483 0.042240 0.151637 0.180285 0.225682 0.111849 0.157509 0.077859 0.031805 0.013652 
0.001009 0.009458 0.126098 0.253869 0.247242 0.079488 0.129671 0.089489 0.045559 0.018117 
0.002939 0.015767 0.113050 0.384794 0.252854 0.083936 0.040183 0.055884 0.035063 0.015529 
0.009458 0.046588 0.181097 0.289959 0.183403 0.090529 0.068152 0.067824 0.049473 0.013517 
0.010074 0.057587 0.299351 0.323947 0.099720 0.064611 0.049859 0.030091 0.051841 0.012920 
0.001400 0.017165 0.168683 0.087074 0.125093 0.041911 0.083448 0.387188 0.062985 0.025052 
0.000046 0.009251 0.137112 0.175430 0.230725 0.064480 0.100305 0.219966 0.034013 0.028670 
0.003686 0.022890 0.154686 0.155945 0.211283 0.049532 0.079460 0.140449 0.043489 0.138580 
0.009030 0.042833 0.157846 0.111220 0.153503 0.032306 0.093114 0.070864 0.066973 0.262311 
0.000721 0.008930 0.146859 0.235201 0.309718 0.080250 0.027618 0.060313 0.067141 0.063248 
0.005974 0.052577 0.254084 0.134198 0.194711 0.049002 0.037230 0.071025 0.138303 0.062896 
0.011580 0.040988 0.065375 0.097737 0.126664 0.064703 0.123609 0.133226 0.120087 0.216029 
0.000353 0.010427 0.133199 0.204779 0.287771 0.092863 0.028531 0.052537 0.062292 0.127249 
0.006832 0.040198 0.102786 0.150625 0.171230 0.067546 0.055212 0.097601 0.148325 0.159645 
0.002913 0.014753 0.117198 0.195802 0.260531 0.074676 0.084230 0.090584 0.079414 0.079899 
0.001653 0.025962 0.175322 0.172969 0.225886 0.096013 0.053288 0.090171 0.050262 0.108474 
0.002358 0.029851 0.108184 0.114895 0.148253 0.134137 0.098842 0.116248 0.028003 0.219229 
0.000245 0.014439 0.095539 0.171286 0.197950 0.131795 0.115870 0.089950 0.063177 0.119749 
0.001812 0.023006 0.148468 0.236428 0.125680 0.115022 0.060351 0.094243 0.068566 0.126424 
0.000134 0.025314 0.138438 0.220567 0.080955 0.059396 0.091735 0.067432 0.091432 0.224598 
0.004844 0.033577 0.196283 0.230682 0.057848 0.075784 0.079097 0.131920 0.064690 0.125275 
0.004708 0.030248 0.198162 0.309187 0.130941 0.048473 0.084405 0.129213 0.036684 0.027979 
0.010365 0.055938 0.141889 0.276145 0.065324 0.039768 0.080935 0.147525 0.091000 0.091110 
0.000996 0.019188 0.069238 0.130973 0.119582 0.095961 0.101702 0.079586 0.101989 0.280784 
0.004433 0.024063 0.127851 0.182691 0.164751 0.111574 0.169119 0.083830 0.054975 0.076714 
0.000764 0.004525 0.122461 0.267825 0.184484 0.076915 0.123954 0.133320 0.048596 0.037156 
0.003478 0.024292 0.163656 0.195053 0.081893 0.060036 0.114017 0.200050 0.052705 0.104820 
0.000682 0.019408 0.193162 0.288875 0.103038 0.102174 0.065671 0.104537 0.052157 0.070295 
0.007523 0.047625 0.180443 0.206495 0.183084 0.060313 0.070784 0.124769 0.046360 0.072605 
0.000240 0.013746 0.147597 0.188806 0.247114 0.039780 0.040266 0.257685 0.036208 0.028558 
0.010433 0.054725 0.121886 0.152455 0.204687 0.125892 0.108777 0.129960 0.074978 0.016208 
0.010958 0.057579 0.155202 0.166729 0.259059 0.089878 0.061050 0.087690 0.065666 0.046188 
0.002446 0.021422 0.099659 0.149232 0.288441 0.095849 0.098937 0.106373 0.113592 0.024050 
0.001231 0.015432 0.112076 0.192605 0.331970 0.123887 0.055633 0.044715 0.088642 0.033809 
0.002933 0.039893 0.314823 0.209485 0.170510 0.076747 0.022050 0.038784 0.093203 0.031572 
0.004558 0.029125 0.072957 0.125950 0.319300 0.148254 0.073289 0.069397 0.095315 0.061855 
0.001982 0.023341 0.223780 0.240894 0.187551 0.103727 0.109274 0.041527 0.049146 0.018779 
0.008143 0.058539 0.232779 0.268859 0.127796 0.077746 0.104604 0.053602 0.046781 0.021150 
0.008435 0.047565 0.209616 0.353546 0.048960 0.060921 0.089913 0.070416 0.063898 0.046730 
0.002936 0.016921 0.251782 0.336421 0.086657 0.100862 0.068984 0.060080 0.055013 0.020344 
0.004913 0.053017 0.291314 0.253980 0.110899 0.077699 0.105594 0.043768 0.053407 0.005408 
0.004281 0.052689 0.390441 0.168623 0.100874 0.072838 0.079927 0.029517 0.069061 0.031750 
0.014822 0.075041 0.154664 0.111471 0.213337 0.198609 0.092602 0.037541 0.065560 0.036352 
0.014802 0.085599 0.150108 0.140732 0.150926 0.209869 0.088277 0.027528 0.110276 0.021883 
0.010752 0.059800 0.244719 0.109590 0.264576 0.161495 0.041608 0.024734 0.061915 0.020812 
0.015335 0.063216 0.187500 0.165899 0.280560 0.126165 0.074618 0.047475 0.030287 0.008945 
0.016225 0.092773 0.191388 0.220517 0.185146 0.104189 0.042243 0.034107 0.086710 0.026700 
0.001769 0.017103 0.157450 0.091534 0.200300 0.169702 0.084754 0.053989 0.186295 0.037106 
0.004646 0.022694 0.184641 0.208099 0.096990 0.155114 0.157910 0.034878 0.105484 0.029542 
0.005518 0.036260 0.183169 0.265581 0.095342 0.165850 0.091411 0.052299 0.074493 0.030077 
0.011722 0.071347 0.160459 0.295232 0.102716 0.101591 0.127872 0.051975 0.043545 0.033541 
0.007047 0.048436 0.206461 0.313741 0.083490 0.143173 0.045123 0.041047 0.086314 0.025170 
0.005119 0.035941 0.216534 0.304583 0.096571 0.111403 0.098005 0.061639 0.042469 0.027735 
0.009506 0.065087 0.216317 0.305705 0.127425 0.078467 0.074939 0.023433 0.058644 0.040477 
0.000622 0.012809 0.076741 0.094209 0.201693 0.154501 0.261365 0.097538 0.066184 0.034339 
0.000034 0.013261 0.108740 0.092415 0.173853 0.293065 0.154280 0.081038 0.063582 0.019732 
