Talk-Dirty,Jason-Derulo
0.000000 0.000000 0.000000 0.000000 0.000000 0.000000 0.000000 0.000000 0.000000 0.000000 
0.000000 0.000000 0.000000 0.000000 0.000000 0.000000 0.000000 0.000000 0.000000 0.000000 
0.000000 0.000000 0.000000 0.000000 0.000000 0.000000 0.000000 0.000000 0.000000 0.000000 
0.000000 0.000000 0.000000 0.000000 0.000000 0.000000 0.000000 0.000000 0.000000 0.000000 
0.000000 0.000000 0.000000 0.000000 0.000000 0.000000 0.000000 0.000000 0.000000 0.000000 
0.000000 0.000000 0.000000 0.000000 0.000000 0.000000 0.000000 0.000000 0.000000 0.000000 
0.000000 0.000000 0.000000 0.000000 0.000000 0.000000 0.000000 0.000000 0.000000 0.000000 
0.000000 0.000000 0.000000 0.000000 0.000000 0.000000 0.000000 0.000000 0.000000 0.000000 
0.000000 0.000000 0.000000 0.000000 0.000000 0.000000 0.000000 0.000000 0.000000 0.000000 
0.000000 0.000000 0.000000 0.000000 0.000000 0.000000 0.000000 0.000000 0.000000 0.000000 
0.000000 0.000000 0.000000 0.000000 0.000000 0.000000 0.000000 0.000000 0.000000 0.000000 
0.000000 0.000000 0.000000 0.000000 0.000000 0.000000 0.000000 0.000000 0.000000 0.000000 
0.000000 0.000000 0.000000 0.000000 0.000000 0.000000 0.000000 0.000000 0.000000 0.000000 
0.000000 0.000000 0.000000 0.000000 0.000000 0.000000 0.000000 0.000000 0.000000 0.000000 
0.163172 0.178643 0.112457 0.053292 0.073549 0.048729 0.069950 0.076259 0.119328 0.104621 
0.004871 0.020490 0.056866 0.140167 0.218571 0.165541 0.128719 0.104783 0.091285 0.068706 
0.000684 0.005683 0.013152 0.161065 0.070288 0.035950 0.257055 0.373217 0.038846 0.044060 
0.002038 0.005190 0.007620 0.022184 0.157584 0.026791 0.089246 0.482160 0.171110 0.036077 
0.000907 0.005374 0.006745 0.011330 0.281920 0.042917 0.045303 0.137874 0.408404 0.059226 
0.002285 0.016597 0.022747 0.038818 0.449493 0.075603 0.043901 0.072075 0.247804 0.030676 
0.002003 0.042838 0.038571 0.091518 0.231008 0.029501 0.046935 0.343408 0.146579 0.027641 
0.000846 0.007312 0.019525 0.203569 0.063004 0.123924 0.220784 0.120726 0.211456 0.028855 
0.006510 0.021501 0.045410 0.137750 0.022430 0.157962 0.116665 0.073397 0.380383 0.037992 
0.001894 0.005870 0.025690 0.200818 0.070583 0.134729 0.067152 0.108579 0.352783 0.031903 
0.002371 0.013016 0.036469 0.364613 0.025982 0.198674 0.047040 0.167876 0.119414 0.024545 
0.010207 0.042955 0.105868 0.473756 0.060998 0.119404 0.042131 0.076636 0.043893 0.024152 
0.002625 0.017742 0.053758 0.524424 0.075094 0.098728 0.034950 0.110280 0.064320 0.018080 
0.002745 0.023113 0.098144 0.438490 0.133296 0.102391 0.049411 0.072555 0.048661 0.031196 
0.000764 0.025458 0.050294 0.356299 0.136185 0.102884 0.085889 0.106636 0.104799 0.030792 
0.000240 0.007384 0.041511 0.226758 0.075388 0.062447 0.170046 0.286076 0.091125 0.039024 
0.004444 0.026450 0.032923 0.078884 0.133701 0.031427 0.057368 0.346641 0.246948 0.041213 
0.003338 0.006707 0.012254 0.096552 0.253338 0.047119 0.049263 0.156688 0.329752 0.044989 
0.006401 0.020016 0.044591 0.161308 0.236516 0.078707 0.087839 0.227345 0.112361 0.024915 
0.001215 0.026997 0.038997 0.189317 0.153821 0.106742 0.103337 0.176594 0.163672 0.039307 
0.000474 0.006989 0.028694 0.166847 0.102166 0.105522 0.206882 0.182182 0.173052 0.027192 
0.000493 0.009384 0.033967 0.181871 0.055169 0.139120 0.087264 0.138757 0.325893 0.028082 
0.002895 0.017279 0.036082 0.224573 0.051356 0.153218 0.041176 0.131747 0.296874 0.044799 
0.006634 0.024154 0.052681 0.346671 0.069096 0.143668 0.066559 0.151974 0.123312 0.015251 
0.000865 0.010787 0.045436 0.381028 0.122971 0.121898 0.060246 0.108494 0.118252 0.030023 
0.004832 0.028283 0.069586 0.330762 0.067842 0.088760 0.099683 0.208460 0.081405 0.020386 
0.001850 0.022366 0.065382 0.336384 0.119538 0.078200 0.090957 0.148629 0.115394 0.021301 
0.000944 0.039332 0.149303 0.266847 0.099724 0.101062 0.049856 0.055846 0.144186 0.092902 
0.006131 0.024733 0.072076 0.149853 0.095419 0.085535 0.122145 0.142661 0.192782 0.108665 
0.001717 0.014336 0.066538 0.328513 0.097963 0.080667 0.103641 0.180507 0.050274 0.075844 
0.001332 0.012536 0.092003 0.091476 0.206020 0.191501 0.136772 0.129453 0.072600 0.066308 
0.000899 0.006931 0.027396 0.035753 0.178030 0.302515 0.056077 0.039460 0.121492 0.231446 
0.005645 0.026040 0.076546 0.069706 0.118881 0.144499 0.053208 0.059837 0.278689 0.166949 
0.013418 0.026409 0.038498 0.039843 0.078791 0.041689 0.107968 0.220461 0.307366 0.125556 
0.005154 0.009663 0.017314 0.043090 0.362262 0.244092 0.091935 0.040766 0.090264 0.095459 
0.010128 0.016626 0.032938 0.066911 0.469879 0.141970 0.048548 0.064597 0.115942 0.032461 
0.025388 0.041495 0.027887 0.117875 0.352338 0.102465 0.104744 0.061831 0.061403 0.104573 
0.001036 0.014890 0.022769 0.455027 0.163138 0.049094 0.191168 0.040436 0.027007 0.035434 
0.043676 0.171693 0.067723 0.235689 0.163109 0.071327 0.122342 0.053184 0.032039 0.039218 
0.011641 0.544803 0.086704 0.055138 0.122063 0.044606 0.030795 0.025219 0.030031 0.048999 
0.081371 0.228082 0.139341 0.151957 0.192342 0.077303 0.036212 0.033517 0.021573 0.038302 
0.026504 0.250874 0.128541 0.139175 0.167741 0.072344 0.058566 0.042241 0.075887 0.038127 
0.015550 0.099167 0.339730 0.171402 0.094547 0.081687 0.068954 0.052335 0.057252 0.019377 
0.011613 0.194221 0.255384 0.155806 0.087931 0.030450 0.077646 0.088399 0.075611 0.022941 
0.007619 0.212560 0.209159 0.139045 0.093060 0.079282 0.130649 0.040543 0.055404 0.032679 
0.009797 0.169974 0.247467 0.103140 0.146157 0.057995 0.053496 0.054414 0.056115 0.101444 
0.003301 0.065467 0.196444 0.138911 0.096583 0.071838 0.043032 0.122183 0.187209 0.075033 
0.001722 0.051141 0.292783 0.086903 0.188798 0.045392 0.098972 0.073101 0.099783 0.061406 
0.007142 0.076822 0.316776 0.065951 0.192142 0.068041 0.078696 0.050678 0.075585 0.068166 
0.014413 0.079998 0.294059 0.126222 0.075593 0.056105 0.066610 0.113254 0.093489 0.080257 
0.020283 0.123771 0.259246 0.116447 0.087343 0.070717 0.083894 0.101976 0.062498 0.073824 
0.006303 0.103806 0.302554 0.137918 0.128186 0.076091 0.045095 0.050835 0.089281 0.059931 
0.000924 0.091032 0.346233 0.127875 0.062123 0.119503 0.053074 0.135575 0.046214 0.017447 
0.003453 0.094089 0.398580 0.115898 0.087507 0.093448 0.052298 0.080869 0.050824 0.023033 
0.003719 0.123665 0.346533 0.111902 0.118128 0.049897 0.083231 0.068752 0.069050 0.025124 
0.009911 0.103914 0.187720 0.112400 0.057946 0.081891 0.075707 0.127221 0.146451 0.096838 
0.010799 0.080490 0.090682 0.077210 0.054915 0.176257 0.176237 0.097644 0.113690 0.122075 
0.006281 0.058375 0.065960 0.117330 0.058313 0.134176 0.211554 0.094800 0.101023 0.152187 
0.002042 0.046818 0.048412 0.100880 0.039976 0.168173 0.295777 0.152510 0.056821 0.088592 
0.001455 0.034424 0.044610 0.085901 0.069195 0.239077 0.196177 0.124632 0.141582 0.062948 
0.000338 0.028533 0.043830 0.085066 0.059086 0.258403 0.169846 0.119124 0.170986 0.064787 
0.003803 0.026611 0.052422 0.102512 0.065311 0.242194 0.108766 0.142718 0.150219 0.105443 
0.003744 0.036626 0.056339 0.076197 0.036053 0.223012 0.172791 0.119307 0.168069 0.107861 
0.004525 0.035410 0.045566 0.129466 0.034084 0.152287 0.152052 0.072577 0.197281 0.176750 
0.005927 0.037365 0.063774 0.148537 0.021519 0.167341 0.098754 0.045046 0.245523 0.166213 
0.002530 0.023806 0.050980 0.123575 0.037314 0.205392 0.107967 0.087332 0.240460 0.120644 
0.003537 0.020732 0.041255 0.129662 0.042535 0.173430 0.171140 0.086029 0.214260 0.117419 
0.000466 0.017281 0.040558 0.137678 0.052928 0.175483 0.127146 0.127869 0.216565 0.104028 
0.000162 0.017716 0.039134 0.126825 0.024329 0.161325 0.168148 0.147333 0.174522 0.140506 
0.008267 0.027986 0.048597 0.111117 0.053373 0.238512 0.157993 0.069033 0.147217 0.137906 
0.001495 0.018927 0.047850 0.136468 0.033295 0.244909 0.184735 0.065681 0.171354 0.095286 
0.006076 0.037084 0.027259 0.061150 0.071741 0.238324 0.216183 0.116711 0.065817 0.159656 
0.000740 0.015884 0.027181 0.085413 0.026743 0.119446 0.193899 0.106513 0.195805 0.228376 
0.004348 0.022228 0.026758 0.075603 0.064285 0.156926 0.194766 0.195028 0.123387 0.136670 
0.006815 0.034685 0.054872 0.054578 0.037375 0.120770 0.227905 0.138980 0.149803 0.174218 
0.002787 0.012057 0.033933 0.052094 0.048053 0.105367 0.115840 0.163434 0.207589 0.258846 
0.000148 0.010165 0.026291 0.062781 0.070317 0.140272 0.153457 0.215012 0.167504 0.154054 
0.006220 0.026213 0.055809 0.084566 0.091452 0.119884 0.154796 0.154338 0.202077 0.104645 
0.002429 0.016918 0.024543 0.034661 0.052317 0.128574 0.181111 0.336150 0.141272 0.082023 
0.003255 0.006222 0.018273 0.046953 0.059352 0.195367 0.237122 0.219693 0.093269 0.120495 
0.000210 0.013550 0.021397 0.077268 0.057045 0.208308 0.111559 0.238917 0.171478 0.100269 
0.003030 0.034618 0.035710 0.049095 0.048811 0.139864 0.190366 0.168128 0.191108 0.139270 
0.002925 0.006049 0.013384 0.100660 0.021041 0.252760 0.192546 0.101494 0.113478 0.195664 
0.002635 0.010046 0.010634 0.120136 0.047882 0.265730 0.146893 0.063169 0.093556 0.239319 
0.001868 0.008090 0.025264 0.138063 0.021899 0.238182 0.156141 0.091735 0.147708 0.171049 
0.006455 0.026673 0.050639 0.165075 0.045387 0.183656 0.124852 0.068910 0.253685 0.074668 
0.005961 0.019642 0.036729 0.165524 0.050130 0.130339 0.154792 0.072504 0.251576 0.112803 
0.000165 0.023792 0.018220 0.169240 0.066691 0.053888 0.201426 0.083136 0.196137 0.187304 
0.001411 0.019841 0.077723 0.058778 0.145155 0.164816 0.159038 0.166946 0.123480 0.082812 
0.001588 0.024154 0.073358 0.069645 0.105325 0.186145 0.153846 0.165565 0.155868 0.064506 
0.000546 0.019642 0.056838 0.070149 0.136877 0.167792 0.145839 0.171028 0.133179 0.098110 
0.001905 0.016760 0.043075 0.063337 0.184187 0.154163 0.186644 0.139741 0.111982 0.098205 
0.001563 0.012612 0.039652 0.044636 0.185954 0.147028 0.201508 0.158977 0.133042 0.075029 
0.005027 0.043971 0.057284 0.113070 0.228894 0.155495 0.133377 0.085924 0.125904 0.051053 
0.006402 0.112923 0.303988 0.160463 0.084158 0.061108 0.125202 0.053146 0.065617 0.026994 
0.004136 0.132991 0.179574 0.161641 0.118649 0.074442 0.128424 0.074518 0.072595 0.053031 
0.002962 0.192102 0.223946 0.182816 0.116210 0.046712 0.119356 0.032389 0.048848 0.034660 
0.015965 0.066340 0.235244 0.131759 0.109227 0.048551 0.043447 0.043295 0.152136 0.154037 
0.003162 0.064638 0.218036 0.106862 0.163182 0.057077 0.071363 0.156946 0.095367 0.063366 
0.001619 0.025885 0.152911 0.104219 0.184227 0.068012 0.105235 0.259120 0.055451 0.043321 
0.008333 0.043305 0.154828 0.255667 0.080491 0.051277 0.157988 0.075172 0.035928 0.137012 
0.001581 0.042610 0.167555 0.387142 0.049825 0.045923 0.098260 0.047595 0.067489 0.092020 
0.021757 0.141329 0.171573 0.317345 0.108312 0.066965 0.052605 0.026177 0.053682 0.040255 
0.012468 0.092576 0.230921 0.217983 0.108162 0.091536 0.063293 0.093196 0.049791 0.040075 
0.003914 0.040938 0.207837 0.393764 0.046213 0.060718 0.130475 0.071290 0.028262 0.016590 
0.000966 0.043868 0.151987 0.265626 0.076805 0.126180 0.241914 0.031412 0.052113 0.009130 
0.005352 0.055421 0.126006 0.198038 0.043822 0.096910 0.331644 0.021825 0.072623 0.048360 
0.009439 0.062240 0.067881 0.109680 0.047976 0.111170 0.336158 0.066705 0.136808 0.051944 
0.001168 0.027521 0.035911 0.120927 0.055090 0.146767 0.372229 0.070437 0.117204 0.052747 
0.000515 0.021478 0.027196 0.124943 0.038843 0.085074 0.377714 0.065491 0.199547 0.059199 
0.002052 0.023906 0.025468 0.133300 0.034319 0.160957 0.251649 0.112294 0.216696 0.039359 
0.006383 0.035134 0.050967 0.110756 0.061061 0.261962 0.105763 0.078643 0.253839 0.035494 
0.004477 0.028976 0.027770 0.109744 0.051250 0.251158 0.102966 0.192479 0.177730 0.053451 
0.003951 0.023654 0.052719 0.095334 0.085451 0.121042 0.082314 0.171098 0.220077 0.144360 
0.000636 0.020543 0.054929 0.090362 0.089308 0.141259 0.126683 0.092023 0.260205 0.124052 
0.003121 0.024960 0.066330 0.109121 0.066715 0.124781 0.159575 0.069212 0.232650 0.143536 
0.004477 0.031090 0.062702 0.133374 0.017887 0.195218 0.117583 0.076331 0.218493 0.142845 
0.004081 0.031718 0.057278 0.133030 0.032553 0.189899 0.105726 0.069440 0.237525 0.138750 
0.006778 0.023689 0.050608 0.123357 0.038869 0.110144 0.218599 0.058202 0.245517 0.124236 
0.001856 0.015628 0.047447 0.142237 0.034054 0.192036 0.151375 0.110177 0.205432 0.099756 
0.001753 0.019415 0.032621 0.096159 0.067036 0.155722 0.206005 0.110378 0.152388 0.158522 
0.006706 0.024910 0.029924 0.152532 0.025601 0.236671 0.122327 0.062223 0.198013 0.141094 
0.005774 0.042661 0.063736 0.110873 0.019794 0.278873 0.181611 0.097548 0.092277 0.106852 
0.001982 0.019388 0.025266 0.064841 0.042847 0.158977 0.182442 0.175423 0.106862 0.221972 
0.002167 0.017559 0.018109 0.093618 0.082151 0.147658 0.204354 0.171166 0.114208 0.149011 
0.000128 0.012366 0.015082 0.107216 0.054566 0.170339 0.209811 0.190370 0.120833 0.119289 
0.001831 0.040722 0.045452 0.066379 0.048152 0.069823 0.175659 0.144640 0.235689 0.171654 
0.006947 0.017192 0.030952 0.050277 0.041494 0.110954 0.134451 0.140714 0.116135 0.350884 
0.006657 0.021445 0.046302 0.107798 0.067341 0.072015 0.165435 0.189372 0.199139 0.124496 
0.000147 0.006463 0.011347 0.030880 0.043150 0.149334 0.225869 0.301417 0.138471 0.092922 
0.001744 0.002913 0.021759 0.061922 0.029147 0.180840 0.257949 0.231214 0.142041 0.070470 
0.000184 0.008449 0.019111 0.046473 0.054724 0.203041 0.179872 0.278519 0.079961 0.129666 
0.006525 0.041323 0.043666 0.063450 0.044870 0.111468 0.202291 0.186493 0.155609 0.144305 
0.007207 0.018267 0.031047 0.098344 0.046271 0.227963 0.155102 0.095023 0.150842 0.169934 
0.009140 0.035857 0.051875 0.112182 0.057108 0.225763 0.165283 0.067113 0.109086 0.166594 
0.003866 0.018974 0.036353 0.139583 0.031367 0.255273 0.126607 0.026416 0.139946 0.221615 
0.001186 0.003344 0.017314 0.153881 0.046858 0.230630 0.154621 0.097028 0.180961 0.114177 
0.004630 0.020083 0.041819 0.168660 0.040449 0.123181 0.159533 0.102796 0.251143 0.087705 
0.005651 0.024939 0.048904 0.182893 0.058669 0.106230 0.135949 0.049090 0.226572 0.161103 
0.005897 0.027050 0.056510 0.081359 0.119352 0.110520 0.215278 0.151788 0.129798 0.102446 
0.004074 0.024578 0.079784 0.075084 0.118033 0.190945 0.114582 0.178921 0.142680 0.071319 
0.001851 0.017788 0.057963 0.044307 0.130881 0.182672 0.128691 0.183559 0.160582 0.091706 
0.003281 0.025080 0.044541 0.068041 0.168740 0.165747 0.189414 0.093853 0.113188 0.128117 
0.004164 0.020773 0.051297 0.057398 0.191471 0.150174 0.177990 0.142973 0.142460 0.061299 
0.004855 0.025176 0.047266 0.068625 0.197896 0.143127 0.178615 0.119246 0.127234 0.087961 
0.000476 0.075946 0.318701 0.152522 0.151624 0.062967 0.088724 0.056808 0.061876 0.030356 
0.000004 0.179905 0.260824 0.112838 0.126732 0.046462 0.096958 0.056365 0.084099 0.035813 
0.003061 0.217291 0.189236 0.105248 0.118617 0.075208 0.118250 0.080298 0.066800 0.025992 
0.011801 0.171265 0.248954 0.142292 0.102883 0.052215 0.056909 0.045553 0.058589 0.109540 
0.004781 0.086282 0.195193 0.113544 0.086453 0.075746 0.038152 0.124735 0.197210 0.077905 
0.004201 0.068969 0.278283 0.080145 0.196023 0.039848 0.094968 0.090019 0.089543 0.058001 
0.001034 0.082234 0.309060 0.091234 0.163631 0.077736 0.085259 0.039088 0.082509 0.068215 
0.004524 0.071670 0.284210 0.116795 0.063388 0.056220 0.057423 0.125413 0.108422 0.111936 
0.013068 0.107013 0.244619 0.138933 0.102088 0.084558 0.069841 0.064520 0.110009 0.065351 
0.019464 0.160553 0.352422 0.082770 0.102476 0.059095 0.042238 0.041241 0.090281 0.049459 
0.000012 0.096212 0.346538 0.127290 0.061686 0.114049 0.052003 0.144181 0.046024 0.012004 
0.016428 0.129379 0.383890 0.126298 0.068221 0.070246 0.053339 0.079857 0.055345 0.016997 
0.009771 0.149822 0.314751 0.132521 0.097446 0.064448 0.075160 0.071468 0.063104 0.021509 
0.006044 0.107997 0.184039 0.102936 0.056872 0.074351 0.080548 0.124768 0.170421 0.092026 
0.000942 0.053885 0.104035 0.076471 0.052490 0.188905 0.197482 0.101923 0.076784 0.147084 
0.000432 0.040424 0.068493 0.103157 0.060329 0.129565 0.234974 0.103282 0.124902 0.134443 
0.006588 0.069184 0.057412 0.095686 0.035630 0.178500 0.287276 0.150701 0.061788 0.057235 
0.001431 0.035037 0.058209 0.078373 0.059553 0.232463 0.193224 0.128950 0.145685 0.067075 
0.006084 0.043062 0.044229 0.083470 0.056693 0.244885 0.149242 0.121001 0.158221 0.093112 
0.004598 0.024207 0.044707 0.117022 0.082445 0.213865 0.094469 0.111082 0.168521 0.139085 
0.000778 0.017720 0.074441 0.078673 0.112028 0.214731 0.118267 0.112439 0.191087 0.079836 
0.000608 0.012643 0.059777 0.143405 0.161063 0.193576 0.124225 0.048394 0.150937 0.105372 
0.000578 0.009366 0.060436 0.069682 0.158062 0.213444 0.123961 0.071508 0.226059 0.066903 
0.002946 0.011687 0.044414 0.058364 0.155739 0.198010 0.083540 0.201433 0.166783 0.077085 
0.001288 0.014330 0.041672 0.067328 0.173854 0.193960 0.129619 0.095191 0.190847 0.091910 
0.001376 0.016869 0.040670 0.063601 0.203000 0.209438 0.090790 0.101155 0.158509 0.114592 
0.013857 0.122101 0.323387 0.153161 0.120613 0.039527 0.070339 0.047074 0.070602 0.039339 
0.023391 0.130654 0.164017 0.105031 0.121848 0.083803 0.124295 0.103363 0.103904 0.039695 
0.007522 0.257901 0.205829 0.105806 0.115588 0.103437 0.067404 0.056736 0.052689 0.027088 
0.004803 0.097105 0.235563 0.180231 0.109734 0.059156 0.055228 0.065417 0.058995 0.133770 
0.013642 0.115038 0.171369 0.122386 0.101930 0.067807 0.053721 0.128203 0.177917 0.047986 
0.013836 0.076012 0.245149 0.123108 0.175429 0.058304 0.082225 0.063399 0.098271 0.064267 
0.016770 0.124449 0.268422 0.103332 0.118033 0.093666 0.081336 0.077341 0.056532 0.060120 
0.005239 0.092781 0.283810 0.106007 0.070634 0.062031 0.042715 0.111838 0.106734 0.118210 
0.003712 0.079892 0.334961 0.099969 0.112707 0.069660 0.084804 0.059839 0.085514 0.068943 
0.003792 0.106653 0.348837 0.091471 0.102810 0.089740 0.063043 0.042466 0.103718 0.047469 
0.003738 0.111342 0.293890 0.181469 0.098931 0.055135 0.034006 0.149805 0.057174 0.014510 
0.009909 0.117796 0.290177 0.116042 0.072623 0.071249 0.091028 0.083710 0.079922 0.067545 
0.004532 0.097642 0.379250 0.112544 0.075155 0.039712 0.070936 0.073220 0.083970 0.063039 
0.008510 0.087375 0.178218 0.091803 0.038070 0.079987 0.101607 0.124419 0.175830 0.114181 
0.003176 0.056203 0.095927 0.091096 0.072689 0.137276 0.205966 0.099266 0.085133 0.153269 
0.001049 0.043020 0.057626 0.124990 0.042933 0.120332 0.299294 0.084406 0.111550 0.114802 
0.001061 0.039436 0.059489 0.091279 0.067705 0.178368 0.249905 0.173208 0.064234 0.075315 
0.001932 0.030647 0.051112 0.083032 0.062358 0.263281 0.194572 0.125908 0.105248 0.081910 
0.001568 0.027440 0.039225 0.098838 0.060921 0.249746 0.155261 0.140458 0.124057 0.102485 
0.001971 0.028583 0.046930 0.085482 0.047577 0.229450 0.106486 0.152681 0.106851 0.193989 
0.002841 0.017901 0.090507 0.097550 0.147576 0.201650 0.101219 0.084916 0.176713 0.079128 
0.001052 0.012094 0.073122 0.062044 0.098901 0.208349 0.180819 0.068123 0.175709 0.119787 
0.000658 0.012799 0.074354 0.071172 0.126394 0.259669 0.136296 0.056829 0.149957 0.111871 
0.000309 0.005357 0.052455 0.077056 0.186070 0.250860 0.110998 0.071309 0.195467 0.050119 
0.001883 0.014084 0.046493 0.069612 0.203962 0.208785 0.104844 0.102135 0.157627 0.090575 
0.000546 0.033724 0.064878 0.127482 0.225654 0.192179 0.091229 0.083430 0.123858 0.057020 
0.002764 0.133385 0.371106 0.148409 0.095388 0.046867 0.064180 0.050148 0.062933 0.024820 
0.023789 0.189269 0.172038 0.129420 0.109815 0.066217 0.115999 0.088403 0.065231 0.039819 
0.030225 0.218076 0.231677 0.120360 0.145204 0.067440 0.071805 0.041154 0.040273 0.033785 
0.004986 0.085003 0.219613 0.148341 0.094569 0.052835 0.032744 0.054891 0.169836 0.137182 
0.003398 0.069713 0.227446 0.082079 0.144149 0.061254 0.101951 0.172174 0.084387 0.053449 
0.011324 0.085670 0.255264 0.105192 0.146590 0.089620 0.080782 0.083643 0.079235 0.062680 
0.005890 0.063805 0.320320 0.103350 0.128457 0.095708 0.077935 0.074385 0.080198 0.049952 
0.005360 0.057280 0.144111 0.297866 0.095618 0.081953 0.088201 0.082211 0.089620 0.057780 
0.005946 0.047855 0.095461 0.210707 0.068937 0.088812 0.046802 0.185530 0.165594 0.084357 
0.004380 0.041103 0.150671 0.109742 0.100927 0.088103 0.043989 0.140174 0.083678 0.237233 
0.010580 0.073902 0.158586 0.041509 0.131925 0.048101 0.136292 0.081545 0.129806 0.187754 
0.008440 0.059383 0.219978 0.051507 0.166412 0.053054 0.117794 0.050221 0.095713 0.177498 
0.004383 0.031016 0.111562 0.153453 0.282090 0.065094 0.115520 0.082327 0.086679 0.067876 
0.006946 0.138240 0.377995 0.108547 0.107946 0.040913 0.073831 0.056790 0.069214 0.019578 
0.003880 0.219067 0.162323 0.122288 0.088001 0.090159 0.087300 0.103308 0.082168 0.041506 
0.004111 0.201735 0.262028 0.094330 0.131062 0.060672 0.074929 0.062272 0.054987 0.053874 
0.007503 0.060862 0.194214 0.134043 0.106375 0.064050 0.053684 0.058543 0.192637 0.128090 
0.004656 0.066511 0.232969 0.067920 0.185552 0.066112 0.109625 0.131970 0.078189 0.056497 
0.011298 0.083400 0.268102 0.119752 0.114756 0.087646 0.095304 0.061495 0.082967 0.075280 
0.020616 0.117952 0.233909 0.094431 0.108511 0.133500 0.071323 0.078303 0.096468 0.044987 
0.014438 0.104569 0.262220 0.123521 0.054707 0.065970 0.060269 0.109948 0.075903 0.128456 
0.000907 0.069945 0.312025 0.092086 0.082106 0.102395 0.117035 0.082107 0.074470 0.066922 
0.005476 0.060405 0.254120 0.102596 0.062928 0.106116 0.080958 0.136299 0.094662 0.096439 
0.013052 0.095296 0.199841 0.091201 0.043582 0.053818 0.091239 0.134029 0.116654 0.161289 
0.014904 0.100589 0.173888 0.092598 0.063606 0.116583 0.161536 0.096016 0.087977 0.092304 
0.009471 0.053929 0.185910 0.086913 0.070927 0.113493 0.190996 0.135025 0.096028 0.057309 
0.006313 0.036383 0.057761 0.042716 0.102549 0.143107 0.265827 0.159502 0.105044 0.080798 
0.006052 0.028889 0.040900 0.083623 0.093600 0.086647 0.142802 0.232934 0.138042 0.146511 
0.006982 0.026345 0.045771 0.064994 0.073522 0.259821 0.314665 0.053066 0.084094 0.070740 
0.008078 0.029184 0.044366 0.057831 0.092797 0.296617 0.255354 0.079997 0.049459 0.086318 
0.011024 0.034684 0.053717 0.057232 0.106980 0.165720 0.397025 0.098388 0.032668 0.042562 
0.007420 0.055916 0.048254 0.039566 0.068852 0.433145 0.163023 0.035917 0.025329 0.122578 
0.004417 0.129385 0.037000 0.041293 0.071159 0.218155 0.335308 0.037242 0.031921 0.094119 
0.009595 0.058717 0.228193 0.249316 0.193214 0.123225 0.058906 0.021105 0.045629 0.012100 
0.004435 0.017144 0.128199 0.282139 0.403787 0.074685 0.039282 0.023376 0.010911 0.016041 
0.003329 0.014303 0.094367 0.231934 0.402828 0.135279 0.054415 0.033050 0.014219 0.016277 
0.004994 0.032375 0.116332 0.277863 0.254822 0.173084 0.052356 0.031594 0.028761 0.027818 
0.038259 0.060251 0.320747 0.154476 0.123051 0.130238 0.081482 0.025986 0.037323 0.028187 
0.048094 0.051219 0.115588 0.051756 0.138561 0.139917 0.247179 0.073960 0.072473 0.061252 
0.012248 0.043058 0.174634 0.170883 0.224056 0.235914 0.061243 0.030342 0.028299 0.019323 
0.008561 0.037754 0.095407 0.130426 0.199697 0.184971 0.217262 0.070796 0.040816 0.014310 
0.000329 0.021034 0.123653 0.129309 0.111813 0.186068 0.206615 0.152940 0.048697 0.019541 
0.010880 0.049643 0.129308 0.107752 0.132335 0.229987 0.184465 0.090999 0.041314 0.023317 
0.009640 0.047698 0.138134 0.189713 0.294404 0.162543 0.084099 0.034332 0.022065 0.017371 
0.007142 0.045294 0.219604 0.197463 0.264257 0.096830 0.038289 0.060447 0.025745 0.044929 
0.005614 0.060782 0.197114 0.241163 0.269534 0.069558 0.058375 0.035284 0.032093 0.030483 
0.008491 0.046839 0.154399 0.211402 0.222738 0.154802 0.080379 0.066397 0.031344 0.023209 
0.015545 0.081243 0.128916 0.116431 0.150842 0.201247 0.144720 0.096746 0.040232 0.024079 
0.010616 0.061284 0.138984 0.103365 0.105594 0.194920 0.213880 0.062993 0.053368 0.054996 
0.008783 0.054825 0.174649 0.178422 0.067500 0.155546 0.162060 0.087899 0.063991 0.046324 
0.000359 0.025900 0.203186 0.230914 0.153709 0.082424 0.068212 0.125698 0.065919 0.043681 
0.035298 0.317935 0.310808 0.113434 0.077990 0.040959 0.045657 0.033312 0.010967 0.013638 
0.067448 0.409940 0.186840 0.113537 0.057167 0.030983 0.038504 0.037637 0.034822 0.023120 
0.015641 0.522303 0.088616 0.068221 0.061586 0.039086 0.044903 0.081586 0.047155 0.030905 
0.016223 0.548445 0.105155 0.119695 0.038969 0.088290 0.023553 0.023570 0.013322 0.022779 
0.024302 0.529261 0.138604 0.120920 0.049521 0.067541 0.012421 0.018059 0.009114 0.030259 
0.053449 0.531149 0.069932 0.140075 0.021059 0.108719 0.013122 0.019174 0.013927 0.029394 
0.026497 0.505353 0.073101 0.155930 0.056018 0.104056 0.018934 0.032499 0.014833 0.012777 
0.002149 0.486526 0.076396 0.143007 0.065275 0.108590 0.027152 0.068377 0.010261 0.012266 
0.012667 0.542553 0.044303 0.032292 0.020081 0.039557 0.024843 0.139074 0.053970 0.090660 
0.006116 0.587225 0.037030 0.024200 0.019627 0.043660 0.022548 0.128230 0.028898 0.102467 
0.006349 0.733277 0.066226 0.013876 0.040413 0.031851 0.039818 0.028044 0.027943 0.012203 
0.001644 0.877414 0.021890 0.015257 0.010537 0.012183 0.019075 0.019138 0.008764 0.014099 
0.010424 0.657504 0.041339 0.021394 0.016860 0.024617 0.023100 0.035198 0.098082 0.071482 
0.010079 0.555172 0.050750 0.081410 0.062037 0.031234 0.062376 0.062245 0.046273 0.038423 
0.006870 0.372249 0.047137 0.107837 0.042257 0.120576 0.054848 0.095586 0.050064 0.102576 
0.013317 0.442402 0.035380 0.036648 0.024277 0.071088 0.016859 0.093961 0.048616 0.217453 
0.017742 0.402657 0.032733 0.045479 0.055059 0.067516 0.029312 0.205017 0.054722 0.089763 
0.033708 0.494488 0.032731 0.046237 0.098975 0.075951 0.058047 0.082443 0.025775 0.051644 
0.050919 0.484279 0.061000 0.067618 0.034058 0.117779 0.032023 0.036490 0.055243 0.060590 
0.004400 0.056555 0.081810 0.165830 0.053219 0.214231 0.100273 0.214911 0.036244 0.072527 
0.007199 0.033276 0.062391 0.136902 0.069898 0.197168 0.058357 0.301834 0.046534 0.086442 
0.003809 0.018346 0.091822 0.141166 0.162294 0.120109 0.059595 0.254844 0.062619 0.085396 
0.010323 0.028935 0.074686 0.150798 0.082766 0.206270 0.081991 0.120965 0.038921 0.204344 
0.011342 0.049504 0.095833 0.142481 0.114725 0.081340 0.062156 0.198389 0.097263 0.146967 
0.002708 0.017393 0.311435 0.103604 0.341956 0.046837 0.069922 0.062507 0.027609 0.016030 
0.001708 0.038607 0.323501 0.233070 0.116914 0.067173 0.049018 0.071598 0.050036 0.048373 
0.014469 0.357877 0.310975 0.093078 0.077251 0.053033 0.040161 0.030400 0.011707 0.011049 
0.010098 0.418949 0.136167 0.071843 0.043525 0.150254 0.049244 0.054295 0.022806 0.042820 
0.048913 0.466376 0.116781 0.069657 0.025593 0.105705 0.045899 0.066117 0.019142 0.035819 
0.008933 0.487099 0.145332 0.055726 0.085287 0.055454 0.060790 0.053597 0.027917 0.019865 
0.046200 0.557524 0.088484 0.026535 0.071441 0.020088 0.056053 0.050556 0.058742 0.024376 
0.041310 0.606267 0.080207 0.027980 0.033273 0.010787 0.051881 0.030890 0.100849 0.016556 
0.007693 0.350129 0.311667 0.099462 0.075331 0.026254 0.039599 0.020706 0.048610 0.020548 
0.051499 0.451174 0.119283 0.106475 0.077852 0.040665 0.039757 0.033615 0.053947 0.025734 
0.032406 0.509496 0.121601 0.050891 0.049107 0.025373 0.051204 0.027098 0.077265 0.055558 
0.026406 0.534661 0.125173 0.050505 0.057431 0.018653 0.067793 0.053753 0.056710 0.008915 
0.046144 0.561252 0.101004 0.028612 0.060004 0.014868 0.070072 0.022298 0.077368 0.018378 
0.032513 0.564947 0.081877 0.027013 0.081084 0.026611 0.096432 0.023487 0.052057 0.013980 
0.003175 0.496168 0.103653 0.042470 0.086425 0.030355 0.058268 0.059947 0.076906 0.042634 
0.029175 0.408647 0.044029 0.029620 0.148603 0.136459 0.085117 0.047670 0.047641 0.023039 
0.026924 0.497499 0.050378 0.042798 0.036124 0.167524 0.038997 0.037556 0.053782 0.048417 
0.018770 0.595613 0.055603 0.023926 0.088564 0.040293 0.030707 0.048108 0.068708 0.029707 
0.007202 0.604068 0.096981 0.041793 0.052529 0.022592 0.049180 0.049787 0.046390 0.029478 
0.011848 0.551619 0.091732 0.046784 0.061457 0.032446 0.057399 0.057018 0.061549 0.028149 
0.021059 0.426058 0.120383 0.049655 0.058013 0.034280 0.090359 0.048738 0.117357 0.034097 
0.008428 0.065267 0.033109 0.038119 0.096592 0.447048 0.086966 0.096171 0.067359 0.060942 
0.010393 0.051484 0.106018 0.065916 0.178462 0.141080 0.076872 0.120769 0.125742 0.123264 
0.003223 0.029380 0.075256 0.025886 0.126155 0.161990 0.133279 0.064169 0.277780 0.102881 
0.004865 0.035213 0.095509 0.049530 0.209810 0.250571 0.127725 0.057051 0.112852 0.056874 
0.004368 0.030912 0.073519 0.046077 0.238227 0.225771 0.098000 0.105842 0.146415 0.030869 
0.003517 0.021241 0.063762 0.031779 0.295624 0.218571 0.112859 0.084287 0.140855 0.027505 
0.023933 0.098545 0.321767 0.142979 0.137285 0.094273 0.069192 0.056959 0.033735 0.021332 
0.008503 0.459680 0.255028 0.079285 0.080269 0.029705 0.038382 0.024402 0.017904 0.006842 
0.024089 0.516988 0.092219 0.045702 0.103598 0.053416 0.040813 0.034577 0.060682 0.027915 
0.027313 0.609198 0.099838 0.054007 0.069852 0.033366 0.028242 0.034260 0.033849 0.010075 
0.025293 0.645055 0.139182 0.041589 0.034207 0.024617 0.026496 0.034114 0.021378 0.008070 
0.071114 0.718604 0.082471 0.045583 0.032774 0.012330 0.010326 0.017363 0.004323 0.005112 
0.043309 0.673777 0.114985 0.050922 0.029695 0.021332 0.020364 0.019291 0.016050 0.010274 
0.001637 0.516701 0.090104 0.134593 0.068850 0.025823 0.075881 0.039236 0.036597 0.010576 
0.023197 0.523690 0.053654 0.085284 0.032566 0.112196 0.057647 0.035386 0.064415 0.011966 
0.008060 0.526005 0.048232 0.164733 0.024543 0.081333 0.020081 0.050295 0.024555 0.052162 
0.007058 0.489803 0.046545 0.152554 0.073751 0.092410 0.043824 0.023143 0.037242 0.033670 
0.004667 0.608017 0.071570 0.025641 0.095315 0.027412 0.070843 0.025949 0.056079 0.014508 
0.000759 0.541220 0.117722 0.064229 0.172730 0.027728 0.015154 0.010744 0.039010 0.010704 
0.004226 0.439833 0.109819 0.030578 0.141937 0.056319 0.041135 0.053095 0.071708 0.051351 
0.001219 0.483796 0.038525 0.065470 0.044306 0.073034 0.036072 0.146941 0.043595 0.067043 
0.011357 0.530633 0.038122 0.065076 0.039966 0.054559 0.039829 0.125243 0.019725 0.075490 
0.015775 0.439865 0.056653 0.089433 0.023351 0.059914 0.021163 0.130293 0.088906 0.074647 
0.019480 0.411592 0.035655 0.090167 0.041632 0.089654 0.059371 0.067456 0.144313 0.040681 
0.027186 0.296567 0.075932 0.171803 0.035659 0.061054 0.038257 0.110048 0.161519 0.021976 
0.041931 0.405010 0.087315 0.102838 0.059561 0.041079 0.039616 0.101498 0.064406 0.056746 
0.003179 0.030489 0.322634 0.125374 0.099465 0.244586 0.041913 0.074270 0.035623 0.022467 
0.000308 0.022709 0.332875 0.156459 0.282836 0.048548 0.057127 0.022717 0.059460 0.016961 
0.003081 0.028779 0.340873 0.147474 0.298778 0.032667 0.045015 0.022460 0.047027 0.033846 
0.006011 0.031685 0.260128 0.098675 0.289345 0.051920 0.099398 0.052658 0.076069 0.034110 
0.001568 0.016136 0.242126 0.133934 0.216057 0.039997 0.114009 0.062364 0.156055 0.017753 
0.001824 0.014615 0.179370 0.075754 0.144084 0.043845 0.147066 0.081015 0.204896 0.107532 
0.012004 0.132456 0.414609 0.111440 0.095856 0.042295 0.054635 0.049741 0.063398 0.023566 
0.032594 0.471774 0.171809 0.055670 0.049755 0.035428 0.059200 0.024372 0.078638 0.020760 
0.012572 0.446749 0.153903 0.039458 0.035387 0.018570 0.055424 0.046557 0.161293 0.030087 
0.008830 0.438586 0.171144 0.074923 0.037518 0.022109 0.046609 0.029359 0.136993 0.033926 
0.043414 0.553562 0.096209 0.034951 0.033848 0.028022 0.052251 0.054828 0.089171 0.013743 
0.041514 0.518527 0.065623 0.017143 0.050435 0.033515 0.059541 0.118253 0.076081 0.019367 
0.007069 0.411982 0.080113 0.083370 0.067227 0.036340 0.095496 0.146208 0.049183 0.023011 
0.020299 0.426882 0.278463 0.085807 0.071008 0.017945 0.028624 0.030378 0.023945 0.016648 
0.055485 0.582759 0.124098 0.081375 0.031033 0.013296 0.028656 0.041347 0.023365 0.018586 
0.016519 0.568508 0.143575 0.086839 0.050625 0.022117 0.030538 0.037617 0.026912 0.016749 
0.055703 0.668455 0.109013 0.044544 0.028063 0.019747 0.017582 0.020554 0.027474 0.008865 
0.046959 0.718919 0.082561 0.046252 0.023915 0.016814 0.022209 0.013173 0.010653 0.018546 
0.004738 0.656747 0.097245 0.043467 0.027215 0.021064 0.037595 0.041179 0.035691 0.035059 
0.023548 0.527130 0.102764 0.038036 0.045494 0.069170 0.050079 0.063711 0.049455 0.030615 
0.050776 0.668652 0.030622 0.016450 0.023732 0.041646 0.025748 0.036454 0.056971 0.048950 
0.015813 0.629627 0.061962 0.027992 0.024871 0.023347 0.029508 0.038522 0.104012 0.044346 
0.015002 0.627633 0.063846 0.041543 0.053493 0.024640 0.041887 0.043561 0.062484 0.025910 
0.007879 0.585018 0.087359 0.044948 0.030432 0.018558 0.045158 0.049552 0.081221 0.049874 
0.027457 0.490952 0.095455 0.053868 0.057446 0.028838 0.055941 0.076573 0.080156 0.033313 
0.035658 0.348348 0.111636 0.027703 0.093400 0.066164 0.099092 0.059997 0.082332 0.075670 
0.003914 0.025987 0.041274 0.066580 0.099169 0.412218 0.118975 0.071241 0.108604 0.052039 
0.000360 0.007407 0.059235 0.098439 0.243325 0.136426 0.075064 0.097595 0.204027 0.078123 
0.000198 0.012300 0.053918 0.189467 0.215604 0.080837 0.081958 0.160360 0.141081 0.064277 
0.000711 0.011799 0.072836 0.292514 0.180710 0.046138 0.077042 0.117323 0.131018 0.069910 
0.003164 0.028469 0.130034 0.188085 0.132484 0.085972 0.088769 0.147403 0.121089 0.074530 
0.000589 0.043035 0.080279 0.083568 0.097544 0.092280 0.090173 0.191385 0.229891 0.091257 
0.031848 0.318284 0.321955 0.118816 0.074374 0.039612 0.042381 0.027865 0.010473 0.014394 
0.088962 0.435133 0.137270 0.068320 0.044712 0.019817 0.031653 0.077154 0.075434 0.021546 
0.011565 0.553243 0.068941 0.056381 0.063942 0.031862 0.057706 0.073040 0.051568 0.031751 
0.012822 0.529381 0.145133 0.092185 0.079908 0.042381 0.025662 0.035149 0.012040 0.025338 
0.076400 0.656204 0.091878 0.061664 0.030140 0.022383 0.018840 0.016226 0.014920 0.011345 
0.070283 0.666624 0.102222 0.046508 0.018575 0.015343 0.020508 0.027334 0.017586 0.015018 
0.000018 0.672437 0.113628 0.051204 0.040431 0.033400 0.017505 0.033653 0.022656 0.015068 
0.002016 0.652268 0.137809 0.033079 0.028867 0.036757 0.027832 0.021621 0.035454 0.024295 
0.020075 0.489948 0.040231 0.087980 0.036392 0.066318 0.029854 0.159485 0.016143 0.053574 
0.010514 0.581284 0.021474 0.045731 0.012471 0.038284 0.009742 0.120284 0.016833 0.143382 
0.001416 0.513592 0.030365 0.046015 0.022747 0.034497 0.023596 0.150997 0.050166 0.126609 
0.000843 0.601265 0.052012 0.059262 0.037906 0.024304 0.046428 0.118595 0.023630 0.035755 
0.015605 0.645103 0.030751 0.019328 0.021108 0.022866 0.032973 0.043116 0.097983 0.071168 
0.008273 0.647396 0.036039 0.014773 0.030808 0.031147 0.082912 0.062476 0.051627 0.034549 
0.016883 0.534610 0.043704 0.128710 0.021073 0.080971 0.041602 0.030870 0.063474 0.038103 
0.003208 0.493125 0.103213 0.187801 0.025909 0.081060 0.014502 0.033664 0.022832 0.034686 
0.017105 0.386126 0.085536 0.196391 0.038612 0.126197 0.030376 0.039972 0.023600 0.056084 
0.015094 0.300235 0.083054 0.243002 0.058681 0.149323 0.047554 0.048045 0.021887 0.033125 
0.006644 0.176311 0.068279 0.271132 0.068532 0.234701 0.052514 0.054517 0.035914 0.031457 
0.005001 0.056168 0.208483 0.137981 0.106558 0.241100 0.104765 0.055405 0.031154 0.053386 
0.006195 0.028125 0.059806 0.085863 0.060834 0.185004 0.100246 0.220239 0.068709 0.184979 
0.003403 0.014691 0.081299 0.200828 0.070381 0.094006 0.124155 0.193715 0.085357 0.132163 
0.007114 0.037437 0.253921 0.135946 0.165497 0.040020 0.068361 0.043659 0.181189 0.066857 
0.005707 0.024019 0.128640 0.051739 0.213669 0.116884 0.133300 0.164006 0.079184 0.082852 
0.007014 0.031574 0.115229 0.051004 0.228922 0.062058 0.131850 0.129717 0.149078 0.093555 
0.012269 0.049778 0.167404 0.055652 0.475483 0.086885 0.065577 0.041732 0.021012 0.024208 
0.000810 0.343144 0.281124 0.108283 0.108579 0.035006 0.039826 0.032955 0.016645 0.033629 
0.032371 0.515466 0.167394 0.064327 0.020945 0.027779 0.017340 0.019696 0.015258 0.119425 
0.028067 0.486014 0.194723 0.084611 0.058167 0.036093 0.029233 0.032951 0.027588 0.022553 
0.049161 0.672697 0.114824 0.064893 0.031990 0.014698 0.016229 0.015367 0.007602 0.012540 
0.060168 0.747669 0.085745 0.032826 0.026502 0.007444 0.011987 0.014391 0.009713 0.003554 
0.030135 0.718858 0.083034 0.043857 0.036351 0.024450 0.020033 0.016403 0.016330 0.010549 
0.000970 0.371770 0.313574 0.108646 0.072313 0.026615 0.044826 0.026021 0.013768 0.021497 
0.069617 0.484723 0.125480 0.086485 0.107547 0.027728 0.036073 0.018201 0.027658 0.016488 
0.011160 0.527307 0.153471 0.055718 0.079376 0.017760 0.068391 0.027427 0.043479 0.015911 
0.049213 0.562192 0.090235 0.045790 0.087180 0.020109 0.080163 0.025888 0.030802 0.008429 
0.044985 0.566494 0.052887 0.045511 0.119220 0.021846 0.080948 0.017766 0.035322 0.015020 
0.011116 0.561870 0.085288 0.056794 0.125347 0.024889 0.074174 0.020536 0.024794 0.015191 
0.025505 0.483554 0.087689 0.027142 0.109694 0.017489 0.078968 0.043454 0.078474 0.048031 
0.031562 0.480256 0.048516 0.025820 0.132775 0.074639 0.074310 0.045440 0.063832 0.022849 
0.014126 0.462721 0.054067 0.041981 0.171579 0.037197 0.106903 0.027726 0.065500 0.018198 
0.006275 0.396827 0.064165 0.028523 0.201787 0.022572 0.104989 0.037564 0.111701 0.025597 
0.005324 0.310132 0.066488 0.060059 0.251934 0.039955 0.142545 0.035288 0.072454 0.015822 
0.010213 0.208030 0.067732 0.043850 0.284943 0.050033 0.188908 0.056657 0.063995 0.025639 
0.016964 0.122930 0.078538 0.030599 0.236786 0.051290 0.273652 0.079716 0.083120 0.026405 
0.000719 0.024087 0.039055 0.055320 0.100873 0.155529 0.256110 0.220584 0.117852 0.029872 
0.001818 0.009527 0.037914 0.087285 0.115239 0.166770 0.162660 0.202911 0.101437 0.114439 
0.001939 0.014021 0.049494 0.048133 0.084027 0.263262 0.261291 0.057727 0.151599 0.068507 
0.001916 0.019960 0.093538 0.048585 0.222133 0.268146 0.099594 0.066246 0.110649 0.069234 
0.002456 0.020255 0.045128 0.033108 0.246283 0.226756 0.141588 0.091316 0.125289 0.067821 
0.004576 0.017987 0.062817 0.058464 0.274396 0.185801 0.093866 0.080338 0.145805 0.075950 
0.004386 0.054614 0.354863 0.143650 0.156986 0.108082 0.060702 0.053345 0.040463 0.022908 
0.011231 0.449104 0.257467 0.087456 0.070187 0.021329 0.039511 0.025500 0.026074 0.012140 
0.051906 0.536398 0.112303 0.056093 0.071877 0.038519 0.040814 0.030810 0.035450 0.025831 
0.003168 0.595513 0.119550 0.071591 0.065562 0.028108 0.026038 0.043578 0.034933 0.011958 
0.051419 0.597181 0.127027 0.082681 0.046639 0.019332 0.017458 0.020642 0.023358 0.014264 
0.061817 0.654647 0.109730 0.059166 0.031814 0.016159 0.021513 0.019219 0.016884 0.009050 
0.008641 0.626506 0.139210 0.062710 0.047625 0.028007 0.029184 0.023674 0.017863 0.016580 
0.025324 0.701681 0.103242 0.055680 0.044895 0.010190 0.022622 0.017816 0.011506 0.007044 
0.025362 0.431376 0.037943 0.022566 0.087021 0.050686 0.072734 0.106099 0.029911 0.136304 
0.016765 0.550384 0.017583 0.015208 0.015539 0.046162 0.026242 0.031750 0.050566 0.229801 
0.012606 0.533003 0.034811 0.021587 0.022784 0.048798 0.013917 0.040411 0.064812 0.207271 
0.005282 0.562223 0.060521 0.036145 0.066078 0.037080 0.072656 0.047668 0.067729 0.044619 
0.002940 0.519816 0.089366 0.023844 0.182780 0.009794 0.045252 0.041267 0.036782 0.048158 
0.004447 0.454916 0.084150 0.043641 0.090752 0.037813 0.068340 0.065787 0.090577 0.059575 
0.006937 0.490470 0.100757 0.072082 0.057925 0.078286 0.040312 0.058784 0.060435 0.034012 
0.003234 0.416150 0.031583 0.092596 0.056735 0.063564 0.037805 0.192416 0.015639 0.090280 
0.006046 0.419900 0.043591 0.086095 0.062837 0.095218 0.035140 0.164146 0.030370 0.056657 
0.007756 0.327160 0.051491 0.119909 0.049128 0.087020 0.056501 0.074891 0.173159 0.052985 
0.010281 0.257156 0.080850 0.231750 0.050647 0.104225 0.064910 0.038530 0.121806 0.039846 
0.018306 0.231112 0.146000 0.262480 0.090755 0.050089 0.072346 0.053841 0.038519 0.036552 
0.001000 0.035137 0.067307 0.097524 0.088826 0.425953 0.088062 0.093952 0.060660 0.041579 
0.002577 0.014306 0.237936 0.087251 0.350835 0.075871 0.075885 0.057385 0.055330 0.042625 
0.023015 0.110766 0.417470 0.078801 0.124176 0.075351 0.036542 0.035137 0.042410 0.056332 
