taro
0.000000 0.000000 0.000000 0.000000 0.000000 0.000000 0.000000 0.000000 0.000000 0.000000 
0.000000 0.000000 0.000000 0.000000 0.000000 0.000000 0.000000 0.000000 0.000000 0.000000 
0.000000 0.000000 0.000000 0.000000 0.000000 0.000000 0.000000 0.000000 0.000000 0.000000 
0.000000 0.000000 0.000000 0.000000 0.000000 0.000000 0.000000 0.000000 0.000000 0.000000 
0.000000 0.000000 0.000000 0.000000 0.000000 0.000000 0.000000 0.000000 0.000000 0.000000 
0.000000 0.000000 0.000000 0.000000 0.000000 0.000000 0.000000 0.000000 0.000000 0.000000 
0.000000 0.000000 0.000000 0.000000 0.000000 0.000000 0.000000 0.000000 0.000000 0.000000 
0.000000 0.000000 0.000000 0.000000 0.000000 0.000000 0.000000 0.000000 0.000000 0.000000 
0.000000 0.000000 0.000000 0.000000 0.000000 0.000000 0.000000 0.000000 0.000000 0.000000 
0.000000 0.000000 0.000000 0.000000 0.000000 0.000000 0.000000 0.000000 0.000000 0.000000 
0.000000 0.000000 0.000000 0.000000 0.000000 0.000000 0.000000 0.000000 0.000000 0.000000 
0.000000 0.000000 0.000000 0.000000 0.000000 0.000000 0.000000 0.000000 0.000000 0.000000 
0.000000 0.000000 0.000000 0.000000 0.000000 0.000000 0.000000 0.000000 0.000000 0.000000 
0.000000 0.000000 0.000000 0.000000 0.000000 0.000000 0.000000 0.000000 0.000000 0.000000 
0.000000 0.000000 0.000000 0.000000 0.000000 0.000000 0.000000 0.000000 0.000000 0.000000 
0.000000 0.000000 0.000000 0.000000 0.000000 0.000000 0.000000 0.000000 0.000000 0.000000 
0.000000 0.000000 0.000000 0.000000 0.000000 0.000000 0.000000 0.000000 0.000000 0.000000 
0.000000 0.000000 0.000000 0.000000 0.000000 0.000000 0.000000 0.000000 0.000000 0.000000 
0.000000 0.000000 0.000000 0.000000 0.000000 0.000000 0.000000 0.000000 0.000000 0.000000 
0.000000 0.000000 0.000000 0.000000 0.000000 0.000000 0.000000 0.000000 0.000000 0.000000 
0.000000 0.000000 0.000000 0.000000 0.000000 0.000000 0.000000 0.000000 0.000000 0.000000 
0.000000 0.000000 0.000000 0.000000 0.000000 0.000000 0.000000 0.000000 0.000000 0.000000 
0.000000 0.000000 0.000000 0.000000 0.000000 0.000000 0.000000 0.000000 0.000000 0.000000 
0.000074 0.013979 0.035521 0.138276 0.254628 0.191973 0.163571 0.106714 0.062508 0.032755 
0.000386 0.009155 0.013174 0.085414 0.122157 0.574542 0.094446 0.029569 0.034956 0.036201 
0.000197 0.005129 0.016634 0.046913 0.142902 0.536290 0.108794 0.060186 0.046667 0.036288 
0.007489 0.030513 0.042973 0.062556 0.152588 0.526787 0.081920 0.040139 0.030721 0.024314 
0.007060 0.029177 0.040825 0.060030 0.146096 0.555769 0.076405 0.037275 0.027418 0.019946 
0.000358 0.004960 0.019091 0.041203 0.142551 0.546386 0.119067 0.054683 0.040539 0.031161 
0.007891 0.031379 0.042668 0.062734 0.154009 0.518646 0.092540 0.036489 0.028318 0.025327 
0.008683 0.035026 0.046032 0.071059 0.160114 0.516822 0.083660 0.041908 0.020348 0.016348 
0.004681 0.021031 0.033851 0.049876 0.150584 0.502904 0.109932 0.061378 0.036502 0.029261 
0.002392 0.011867 0.025369 0.045319 0.097757 0.499829 0.128809 0.037882 0.037050 0.113727 
0.004289 0.017846 0.025827 0.031687 0.108927 0.428999 0.121438 0.044411 0.039993 0.176583 
0.005676 0.023748 0.034814 0.048384 0.114390 0.577056 0.057937 0.016731 0.011022 0.110243 
0.001011 0.005421 0.009234 0.022572 0.080056 0.585395 0.062832 0.037937 0.032383 0.163159 
0.002095 0.009518 0.017972 0.031982 0.109160 0.532751 0.071123 0.040252 0.038955 0.146191 
0.005192 0.020077 0.027691 0.038207 0.114347 0.576191 0.068171 0.037135 0.029042 0.083948 
0.000347 0.002741 0.009301 0.011165 0.031282 0.676799 0.062725 0.029190 0.031424 0.145024 
0.000433 0.003829 0.012833 0.015761 0.044290 0.600110 0.044580 0.014269 0.021177 0.242718 
0.002069 0.006526 0.017080 0.023185 0.054253 0.555497 0.064410 0.040755 0.132545 0.103680 
0.004215 0.016097 0.021388 0.029799 0.092938 0.520896 0.062299 0.055652 0.135052 0.061663 
0.004083 0.016693 0.025381 0.026396 0.062994 0.471308 0.080389 0.062145 0.143023 0.107587 
0.001114 0.006444 0.010742 0.018173 0.050394 0.475526 0.088046 0.091527 0.155223 0.102811 
0.000112 0.005834 0.008650 0.010879 0.054238 0.410752 0.092579 0.130483 0.161640 0.124833 
0.000129 0.005882 0.018226 0.028215 0.124905 0.417530 0.096367 0.063737 0.101546 0.143461 
0.001558 0.010781 0.020508 0.039589 0.141947 0.455018 0.044362 0.030241 0.096452 0.159544 
0.000017 0.006370 0.013380 0.037779 0.088289 0.427992 0.043055 0.061573 0.254541 0.067005 
0.002053 0.004546 0.021210 0.053193 0.193403 0.281461 0.097665 0.046059 0.197878 0.102532 
0.007950 0.031818 0.047790 0.070849 0.272982 0.148596 0.047860 0.051419 0.202320 0.118415 
0.003987 0.017219 0.024747 0.045252 0.202610 0.232213 0.041780 0.058448 0.280538 0.093205 
0.001374 0.007543 0.005327 0.015759 0.206723 0.280617 0.030775 0.077496 0.298202 0.076184 
0.003711 0.016219 0.015119 0.034419 0.181091 0.215846 0.117314 0.107369 0.229789 0.079122 
0.004314 0.017080 0.029694 0.057259 0.279254 0.232204 0.071603 0.116404 0.116950 0.075238 
0.001983 0.008584 0.016603 0.031820 0.223269 0.218600 0.079285 0.137980 0.240587 0.041288 
0.007372 0.032573 0.043732 0.081116 0.340887 0.182527 0.043091 0.061886 0.138926 0.067890 
0.004337 0.019965 0.019131 0.030454 0.223059 0.370332 0.066955 0.057164 0.179842 0.028761 
0.000343 0.003741 0.008368 0.025209 0.265970 0.337221 0.065244 0.089863 0.170528 0.033514 
0.002361 0.010020 0.021941 0.042981 0.252870 0.306655 0.087585 0.103805 0.150832 0.020952 
0.006334 0.026224 0.037868 0.062832 0.255435 0.284101 0.080875 0.071409 0.155681 0.019241 
0.005067 0.020826 0.031067 0.044857 0.231730 0.321261 0.075475 0.068983 0.179143 0.021591 
0.000103 0.001119 0.007877 0.010280 0.194888 0.325918 0.074326 0.094537 0.265022 0.025931 
0.003430 0.007002 0.011212 0.023077 0.174638 0.299960 0.075360 0.107249 0.213474 0.084597 
0.004380 0.020940 0.026108 0.035527 0.110614 0.213332 0.166844 0.118227 0.165216 0.138813 
0.003682 0.010162 0.013901 0.025608 0.046363 0.147566 0.271845 0.137956 0.201424 0.141493 
0.000464 0.005669 0.015180 0.025063 0.071403 0.210719 0.252437 0.102867 0.130302 0.185895 
0.002381 0.012697 0.015797 0.025181 0.140567 0.266573 0.244642 0.051612 0.120062 0.120487 
0.000353 0.006596 0.012645 0.019738 0.135292 0.341628 0.096878 0.071146 0.194898 0.120826 
0.003544 0.015899 0.030259 0.037913 0.139428 0.312176 0.082381 0.059584 0.154869 0.163948 
0.005748 0.020344 0.030042 0.056018 0.142879 0.306379 0.124537 0.056513 0.110599 0.146940 
0.004675 0.020862 0.032861 0.074496 0.143976 0.121129 0.247069 0.077624 0.167643 0.109667 
0.003228 0.017498 0.026855 0.126230 0.063198 0.142235 0.320116 0.089197 0.115051 0.096393 
0.008361 0.032207 0.058027 0.134531 0.068128 0.107381 0.271141 0.069281 0.132645 0.118299 
0.007470 0.032492 0.036983 0.132035 0.136284 0.088759 0.261124 0.093309 0.109157 0.102387 
0.001276 0.009249 0.018290 0.101566 0.127737 0.234112 0.226805 0.105548 0.085704 0.089712 
0.001708 0.011153 0.014168 0.088239 0.109455 0.180911 0.321585 0.100174 0.055074 0.117535 
0.002613 0.010689 0.025772 0.108825 0.153353 0.227048 0.233712 0.052546 0.041409 0.144033 
0.002792 0.010127 0.015336 0.067506 0.113793 0.215425 0.312116 0.082789 0.084118 0.095998 
0.001895 0.008316 0.032448 0.253638 0.105814 0.187799 0.202934 0.103465 0.030527 0.073165 
0.000141 0.007870 0.038411 0.292804 0.097076 0.206491 0.191771 0.060562 0.038397 0.066476 
0.009385 0.037244 0.073721 0.292959 0.128943 0.144266 0.181645 0.051840 0.028853 0.051144 
0.006448 0.028012 0.053099 0.226567 0.103034 0.169297 0.218238 0.084035 0.051471 0.059799 
0.000160 0.007154 0.040923 0.305854 0.128194 0.115233 0.213671 0.074526 0.055410 0.058874 
0.008855 0.037367 0.054581 0.376535 0.107331 0.167110 0.099696 0.029962 0.074044 0.044519 
0.004729 0.020110 0.037109 0.358437 0.120556 0.175785 0.157266 0.032918 0.064523 0.028567 
0.007621 0.028644 0.067226 0.352982 0.130207 0.120770 0.183140 0.027811 0.038231 0.043368 
0.009756 0.038931 0.070495 0.321664 0.181160 0.098407 0.173268 0.032617 0.034349 0.039352 
0.005202 0.018909 0.034282 0.316800 0.162834 0.138924 0.179492 0.051984 0.042435 0.049138 
0.003382 0.015069 0.041072 0.345096 0.219191 0.105859 0.150149 0.028190 0.049045 0.042947 
0.004885 0.024388 0.042933 0.352114 0.150747 0.142082 0.155913 0.045517 0.047756 0.033664 
0.002744 0.012300 0.046105 0.318574 0.197540 0.129255 0.163594 0.051991 0.036773 0.041126 
0.001559 0.009350 0.041852 0.329592 0.193175 0.134993 0.159148 0.026756 0.050833 0.052741 
0.006563 0.027375 0.052487 0.345446 0.142294 0.114319 0.147017 0.050251 0.051913 0.062334 
0.003181 0.012709 0.027734 0.264377 0.153384 0.166282 0.126710 0.069033 0.152599 0.023992 
0.001239 0.010055 0.043799 0.287768 0.148262 0.155764 0.112567 0.055179 0.129511 0.055855 
0.004235 0.018354 0.041250 0.336992 0.136607 0.134709 0.120638 0.040131 0.124657 0.042428 
0.000452 0.008717 0.035804 0.287481 0.175985 0.139198 0.105441 0.061373 0.130539 0.055010 
0.006317 0.030445 0.077398 0.278563 0.138902 0.115599 0.128938 0.072756 0.091605 0.059475 
0.000981 0.005670 0.019369 0.256780 0.124537 0.142071 0.173609 0.072070 0.140308 0.064605 
0.006159 0.025394 0.067765 0.243285 0.098114 0.145655 0.109805 0.044970 0.200714 0.058139 
0.003692 0.019459 0.048686 0.344827 0.135286 0.087540 0.169298 0.047465 0.110935 0.032813 
0.003978 0.019949 0.037729 0.311959 0.096093 0.188976 0.170483 0.084879 0.062661 0.023295 
0.000769 0.006569 0.030403 0.300377 0.113705 0.187688 0.150194 0.077358 0.101269 0.031668 
0.002175 0.011666 0.038372 0.297552 0.113132 0.160286 0.194528 0.083124 0.082022 0.017143 
0.001383 0.008721 0.036844 0.363255 0.106791 0.103617 0.219375 0.071694 0.062602 0.025717 
0.000192 0.003896 0.011751 0.325261 0.128081 0.074978 0.221103 0.102078 0.096373 0.036287 
0.002261 0.010856 0.032755 0.306616 0.150834 0.119127 0.204207 0.071274 0.059149 0.042921 
0.004598 0.016055 0.043021 0.292479 0.148615 0.152668 0.218359 0.036036 0.044575 0.043595 
0.005526 0.019916 0.041771 0.237557 0.186883 0.152373 0.210876 0.069438 0.051485 0.024173 
0.000002 0.005876 0.013324 0.327313 0.176972 0.103828 0.255744 0.053283 0.042297 0.021360 
0.011288 0.047829 0.087212 0.310517 0.106448 0.090272 0.214105 0.080671 0.030246 0.021412 
0.004196 0.017751 0.032829 0.379866 0.137295 0.075420 0.265482 0.035984 0.028448 0.022728 
0.005143 0.024390 0.054767 0.351031 0.117922 0.053484 0.272664 0.059824 0.031342 0.029433 
0.005157 0.022118 0.057882 0.354145 0.145859 0.077047 0.197274 0.056445 0.044185 0.039889 
0.000155 0.009912 0.023956 0.378010 0.147144 0.079853 0.180891 0.068968 0.059712 0.051399 
0.001311 0.003028 0.028187 0.379376 0.135891 0.105059 0.201302 0.058121 0.056348 0.031375 
0.004412 0.021921 0.061075 0.263749 0.208039 0.122703 0.121665 0.023953 0.139960 0.032522 
0.009152 0.039809 0.082564 0.286826 0.199272 0.086560 0.087642 0.057898 0.111654 0.038623 
0.001852 0.011897 0.065840 0.315483 0.137901 0.108315 0.134473 0.050953 0.128498 0.044788 
0.005074 0.023372 0.086269 0.299108 0.089794 0.102153 0.155516 0.064429 0.136743 0.037541 
0.004203 0.018120 0.098466 0.294850 0.237357 0.092898 0.103605 0.030790 0.085334 0.034377 
0.001148 0.003973 0.075388 0.275761 0.258306 0.073003 0.140290 0.037778 0.091935 0.042418 
0.008975 0.036872 0.110936 0.277903 0.173971 0.052142 0.146966 0.045634 0.085139 0.061464 
0.004605 0.023434 0.097883 0.222493 0.306155 0.124422 0.083737 0.036547 0.067787 0.032939 
0.007534 0.035888 0.183258 0.183673 0.195630 0.119401 0.092838 0.062817 0.090848 0.028112 
0.001728 0.011508 0.132554 0.203350 0.263776 0.107009 0.125633 0.038608 0.073326 0.042507 
0.000330 0.005141 0.147548 0.209923 0.228063 0.098079 0.089783 0.074372 0.081626 0.065136 
0.003513 0.018872 0.145388 0.168320 0.250949 0.102928 0.116218 0.054760 0.111070 0.027981 
0.003548 0.015964 0.152491 0.189959 0.191227 0.139909 0.086642 0.068392 0.115223 0.036646 
0.001100 0.005075 0.098965 0.173766 0.308491 0.128811 0.056666 0.071567 0.123567 0.031991 
0.005758 0.032731 0.113807 0.157588 0.298881 0.116969 0.122458 0.041664 0.080757 0.029385 
0.007370 0.031244 0.109997 0.324854 0.243200 0.062331 0.113598 0.028991 0.065008 0.013406 
0.005069 0.023485 0.142345 0.356112 0.162116 0.050046 0.116199 0.031954 0.087435 0.025239 
0.004171 0.017067 0.092639 0.409670 0.179003 0.058839 0.143016 0.028038 0.047314 0.020244 
0.004815 0.021654 0.152806 0.284698 0.202267 0.088581 0.159746 0.029493 0.043339 0.012601 
0.005047 0.023018 0.185849 0.257974 0.186199 0.044662 0.139975 0.041618 0.090431 0.025228 
0.004344 0.021383 0.195611 0.220294 0.209792 0.078345 0.135213 0.021708 0.074235 0.039075 
0.003367 0.014308 0.147461 0.227492 0.216314 0.093216 0.179244 0.034426 0.065002 0.019169 
0.006703 0.023105 0.215688 0.178090 0.120464 0.172061 0.132944 0.043950 0.080798 0.026197 
0.000604 0.009337 0.170842 0.207137 0.110667 0.259268 0.096952 0.048791 0.083685 0.012717 
0.002897 0.013981 0.195012 0.157788 0.122630 0.264342 0.120564 0.043647 0.067462 0.011678 
0.002639 0.012076 0.158813 0.193160 0.146284 0.253086 0.096956 0.046761 0.072687 0.017538 
0.009070 0.039094 0.215105 0.103465 0.090785 0.264736 0.095327 0.050632 0.104563 0.027222 
0.001670 0.010695 0.214602 0.141706 0.106641 0.314316 0.092809 0.047514 0.052975 0.017074 
0.010984 0.043299 0.195931 0.115397 0.094213 0.268443 0.143201 0.037346 0.065502 0.025684 
0.002557 0.012172 0.179628 0.203522 0.094448 0.247579 0.101297 0.049830 0.080134 0.028833 
0.000845 0.009022 0.154666 0.221734 0.168164 0.221062 0.093006 0.053591 0.053245 0.024665 
0.003271 0.017738 0.129805 0.199298 0.177477 0.263619 0.061301 0.031506 0.094671 0.021313 
0.000324 0.006789 0.132021 0.187868 0.113366 0.260622 0.063664 0.065502 0.128753 0.041091 
0.005270 0.019898 0.155733 0.219123 0.099373 0.287554 0.062522 0.036967 0.063107 0.050452 
0.000899 0.009347 0.113436 0.280492 0.071052 0.333102 0.068708 0.038092 0.050359 0.034512 
0.004180 0.020021 0.109189 0.279253 0.104972 0.257168 0.042876 0.054160 0.084071 0.044110 
0.010026 0.037584 0.103356 0.291128 0.147758 0.266239 0.043679 0.022496 0.032404 0.045331 
0.002845 0.015488 0.102362 0.272897 0.277724 0.205296 0.033069 0.021180 0.033119 0.036020 
0.007313 0.036763 0.153803 0.270867 0.132270 0.187357 0.085591 0.024685 0.071253 0.030096 
0.005742 0.019812 0.133307 0.306497 0.099578 0.207886 0.108036 0.037415 0.050904 0.030823 
0.000864 0.010522 0.181754 0.261203 0.121422 0.245720 0.069520 0.038445 0.043293 0.027256 
0.004867 0.018350 0.216981 0.224444 0.148227 0.185029 0.079152 0.037655 0.050835 0.034462 
0.007612 0.036773 0.258311 0.183353 0.140819 0.188114 0.075791 0.032345 0.032573 0.044309 
0.001453 0.013458 0.239467 0.264251 0.120412 0.179820 0.067546 0.030130 0.046966 0.036498 
0.001740 0.008704 0.223805 0.310697 0.151270 0.122096 0.063579 0.030915 0.058787 0.028408 
0.007797 0.043330 0.227913 0.215324 0.112069 0.163569 0.102278 0.032305 0.062740 0.032675 
0.004434 0.023061 0.255267 0.215634 0.098834 0.208113 0.053768 0.032055 0.078173 0.030660 
0.002474 0.022531 0.226244 0.272893 0.092710 0.187894 0.076836 0.043292 0.052862 0.022262 
0.002310 0.025821 0.229416 0.272287 0.096890 0.223373 0.053275 0.034120 0.040298 0.022209 
0.002489 0.015207 0.271678 0.195462 0.083083 0.243398 0.066832 0.040115 0.056885 0.024852 
0.003250 0.025629 0.244310 0.165246 0.135895 0.281118 0.045257 0.026493 0.054192 0.018611 
0.005869 0.032112 0.282069 0.138187 0.118807 0.226595 0.079873 0.036852 0.049044 0.030593 
0.002474 0.011025 0.244358 0.161669 0.132869 0.221081 0.089665 0.040498 0.061770 0.034590 
0.013140 0.058464 0.152757 0.334884 0.120785 0.151313 0.047460 0.038051 0.067571 0.015575 
0.009177 0.043278 0.132675 0.271675 0.175244 0.162606 0.064737 0.064887 0.056773 0.018947 
0.005002 0.028168 0.180712 0.205749 0.137195 0.159705 0.060980 0.100104 0.094921 0.027463 
0.009555 0.034677 0.199462 0.268088 0.109412 0.159240 0.038196 0.066206 0.087161 0.028002 
0.006271 0.026991 0.229947 0.274713 0.132731 0.138550 0.073797 0.034284 0.062848 0.019867 
0.011412 0.049813 0.149104 0.307739 0.109501 0.155248 0.061541 0.083358 0.051489 0.020795 
0.008353 0.043475 0.140615 0.298014 0.148554 0.101233 0.064282 0.103051 0.060261 0.032161 
0.003386 0.023324 0.111948 0.332887 0.114517 0.133718 0.111779 0.076698 0.061231 0.030513 
0.008534 0.042452 0.115936 0.242105 0.101806 0.207301 0.114594 0.055120 0.085794 0.026361 
0.004793 0.019197 0.107447 0.309906 0.079531 0.223594 0.079701 0.072340 0.076742 0.026748 
0.003396 0.019713 0.106559 0.340945 0.130019 0.160940 0.113200 0.049232 0.050851 0.025145 
0.003004 0.025074 0.147709 0.233665 0.099046 0.232645 0.108450 0.046626 0.077111 0.026670 
0.003860 0.020101 0.112860 0.267755 0.067627 0.268881 0.078461 0.072082 0.079006 0.029367 
0.002947 0.021627 0.103378 0.211462 0.117967 0.303627 0.060699 0.078229 0.069983 0.030080 
0.003808 0.026409 0.097971 0.194162 0.114855 0.268336 0.153614 0.031591 0.077827 0.031428 
0.001428 0.011609 0.069998 0.176309 0.102952 0.347787 0.112385 0.051997 0.096601 0.028934 
0.007031 0.054394 0.112660 0.215517 0.087879 0.207703 0.160366 0.044556 0.063958 0.045936 
0.009839 0.044561 0.124891 0.276082 0.072612 0.147997 0.190819 0.038214 0.041038 0.053948 
0.000683 0.007757 0.135395 0.301405 0.087082 0.168829 0.143564 0.073579 0.042886 0.038818 
0.003062 0.019885 0.144137 0.365184 0.064655 0.181979 0.118179 0.036508 0.027900 0.038511 
0.009892 0.041140 0.173469 0.302519 0.098137 0.170379 0.102197 0.036104 0.030161 0.036001 
0.008451 0.043014 0.132916 0.393140 0.072476 0.150027 0.078728 0.029885 0.036589 0.054775 
0.007532 0.040592 0.119313 0.378926 0.088735 0.153111 0.092086 0.035772 0.033534 0.050399 
0.002962 0.024274 0.124054 0.378681 0.141174 0.142424 0.086314 0.029513 0.029001 0.041603 
0.003095 0.015604 0.108187 0.465263 0.085710 0.146756 0.088707 0.034047 0.020186 0.032445 
0.002744 0.016146 0.105107 0.379506 0.129616 0.140555 0.106891 0.052016 0.039849 0.027571 
0.001848 0.009625 0.118594 0.418638 0.155920 0.097152 0.081377 0.053503 0.026038 0.037305 
0.004546 0.012423 0.125133 0.499005 0.066830 0.111790 0.099531 0.036885 0.007958 0.035899 
0.006597 0.032716 0.151919 0.422851 0.101544 0.084271 0.099711 0.038918 0.023825 0.037649 
0.011737 0.055793 0.147020 0.419709 0.085427 0.081831 0.103912 0.042141 0.024650 0.027779 
0.008673 0.041434 0.130723 0.482262 0.098777 0.081444 0.092491 0.022800 0.011601 0.029796 
0.014270 0.064069 0.193900 0.352767 0.087926 0.101370 0.113724 0.028292 0.013372 0.030310 
0.002265 0.008238 0.101309 0.366135 0.128065 0.153871 0.105128 0.078306 0.025562 0.031120 
0.003481 0.020720 0.132749 0.237927 0.124001 0.257113 0.083405 0.084251 0.030762 0.025591 
0.010074 0.045421 0.118095 0.253035 0.107132 0.219050 0.107630 0.080756 0.029073 0.029734 
0.004577 0.026390 0.132823 0.388910 0.059720 0.152371 0.132776 0.046946 0.017597 0.037890 
0.002428 0.020922 0.127505 0.366065 0.101241 0.169935 0.118909 0.043579 0.022558 0.026858 
0.000867 0.008425 0.143981 0.410818 0.149868 0.144817 0.070317 0.035022 0.018564 0.017320 
0.006251 0.020439 0.178869 0.467998 0.040373 0.100121 0.132194 0.027862 0.016232 0.009660 
0.001880 0.014133 0.160852 0.458824 0.057526 0.130773 0.100956 0.042781 0.020637 0.011637 
0.011507 0.046866 0.174477 0.446989 0.028733 0.118771 0.081751 0.055380 0.022537 0.012989 
0.003116 0.028863 0.134158 0.462141 0.082059 0.124534 0.079674 0.051403 0.022567 0.011485 
0.007070 0.033358 0.125583 0.389853 0.100399 0.169900 0.088269 0.044144 0.022990 0.018435 
0.006239 0.029895 0.108430 0.360012 0.114303 0.231951 0.066491 0.051554 0.018757 0.012369 
0.003354 0.027916 0.102602 0.285775 0.060897 0.209123 0.174842 0.057495 0.041085 0.036912 
0.000688 0.008584 0.099365 0.320206 0.087627 0.191069 0.182733 0.038935 0.024335 0.046458 
0.005064 0.018785 0.108794 0.316861 0.069445 0.214145 0.183389 0.036250 0.027353 0.019915 
0.005592 0.029649 0.086523 0.276374 0.095602 0.175108 0.193809 0.060627 0.042082 0.034634 
0.002907 0.016827 0.085709 0.303870 0.091880 0.190847 0.188540 0.052769 0.022256 0.044395 
0.001255 0.013075 0.092325 0.284979 0.115570 0.240534 0.140938 0.041649 0.030348 0.039327 
0.002129 0.009760 0.093998 0.252265 0.093279 0.212917 0.216764 0.050374 0.046694 0.021821 
0.000029 0.004866 0.102889 0.275171 0.096566 0.207893 0.166678 0.069711 0.046690 0.029508 
0.000370 0.011161 0.104046 0.297473 0.122230 0.243730 0.085369 0.048267 0.042301 0.045052 
0.007962 0.040350 0.126907 0.293416 0.058259 0.182633 0.156739 0.054784 0.031641 0.047308 
0.006827 0.038539 0.104981 0.297065 0.074672 0.201538 0.148436 0.057728 0.035362 0.034853 
0.000934 0.011812 0.119232 0.279638 0.063876 0.235326 0.136133 0.058814 0.050144 0.044091 
0.000382 0.014468 0.109648 0.236131 0.126353 0.220562 0.136440 0.064609 0.046430 0.044975 
0.001987 0.015047 0.120029 0.202264 0.095104 0.306612 0.115986 0.058742 0.027652 0.056578 
0.000778 0.013105 0.142239 0.201917 0.071165 0.319347 0.099248 0.058642 0.030838 0.062723 
0.004928 0.020290 0.138718 0.162684 0.107533 0.218518 0.163303 0.064590 0.085538 0.033897 
0.006117 0.031847 0.103810 0.130341 0.109134 0.182008 0.250359 0.084070 0.056697 0.045617 
0.002859 0.023562 0.122595 0.203728 0.088671 0.219499 0.207628 0.059211 0.020900 0.051349 
0.007558 0.036694 0.142996 0.190661 0.102098 0.179750 0.211647 0.054248 0.036731 0.037617 
0.001332 0.021714 0.099159 0.266330 0.047570 0.217386 0.243146 0.046888 0.028933 0.027542 
0.010794 0.053965 0.135735 0.291476 0.041797 0.211717 0.130733 0.060401 0.024670 0.038711 
0.002933 0.018398 0.126743 0.357723 0.107847 0.152506 0.141677 0.034083 0.028655 0.029437 
0.004369 0.020169 0.123097 0.420030 0.042380 0.113953 0.177120 0.044053 0.025721 0.029109 
0.003223 0.013662 0.135246 0.458952 0.067327 0.104685 0.112382 0.057544 0.018618 0.028362 
0.003247 0.012813 0.140301 0.462828 0.054688 0.123227 0.108679 0.032070 0.032941 0.029207 
0.001777 0.012514 0.106323 0.398466 0.039575 0.120064 0.225343 0.043142 0.021923 0.030873 
0.008458 0.041967 0.127413 0.344201 0.042854 0.093590 0.200135 0.064322 0.026260 0.050801 
0.001692 0.023397 0.108479 0.426200 0.072621 0.094513 0.177228 0.035201 0.020416 0.040254 
0.001485 0.006094 0.127503 0.373043 0.036150 0.048149 0.259473 0.077499 0.031394 0.039211 
0.000850 0.011736 0.127093 0.357207 0.100851 0.059740 0.209106 0.062605 0.025503 0.045310 
0.002978 0.021270 0.129157 0.384968 0.042708 0.098428 0.175133 0.042545 0.035575 0.067238 
0.004754 0.026450 0.133334 0.392753 0.087465 0.089494 0.189752 0.026456 0.019173 0.030369 
0.007715 0.040017 0.115453 0.442674 0.040981 0.041423 0.183676 0.055363 0.039045 0.033652 
0.002366 0.018622 0.140542 0.463022 0.057651 0.080616 0.109479 0.045087 0.036275 0.046341 
0.008619 0.029627 0.157337 0.477625 0.053349 0.052566 0.146228 0.021030 0.020779 0.032841 
0.003680 0.016538 0.147303 0.522850 0.032737 0.024668 0.154924 0.035098 0.018449 0.043753 
0.010328 0.039859 0.170480 0.489689 0.051609 0.033327 0.085878 0.036909 0.025914 0.056007 
0.002058 0.013937 0.150732 0.483917 0.063498 0.065460 0.133625 0.025307 0.031954 0.029511 
0.011357 0.052050 0.145905 0.445198 0.038699 0.042520 0.173610 0.032669 0.025864 0.032129 
0.001963 0.022511 0.160616 0.453659 0.079034 0.082351 0.081278 0.032010 0.031658 0.054920 
0.009461 0.048315 0.179196 0.410074 0.059928 0.054728 0.135224 0.022691 0.029903 0.050480 
0.005989 0.026634 0.155962 0.426849 0.038896 0.065744 0.186165 0.030668 0.026648 0.036445 
0.006216 0.023408 0.202616 0.409751 0.054835 0.066566 0.113207 0.036855 0.034501 0.052047 
0.012890 0.052797 0.167383 0.451369 0.102277 0.059441 0.065396 0.031226 0.018736 0.038484 
0.012171 0.051242 0.113920 0.534529 0.114335 0.059774 0.068156 0.012201 0.025706 0.007966 
0.006339 0.032923 0.097439 0.519643 0.135417 0.057872 0.071743 0.030480 0.025155 0.022990 
0.008544 0.035630 0.085782 0.555532 0.112982 0.040919 0.074812 0.032378 0.026212 0.027209 
0.013627 0.059254 0.108214 0.575057 0.105106 0.035009 0.066717 0.012539 0.016414 0.008063 
0.001108 0.009025 0.079078 0.569359 0.110428 0.038655 0.092908 0.044344 0.038577 0.016519 
0.003170 0.013068 0.054755 0.734637 0.042942 0.011786 0.093553 0.019199 0.016201 0.010689 
0.009712 0.043283 0.089111 0.679710 0.056293 0.014576 0.069227 0.013661 0.013236 0.011192 
0.004035 0.021091 0.054881 0.755898 0.011086 0.017369 0.093335 0.010709 0.009799 0.021796 
0.008247 0.035482 0.077705 0.698136 0.071438 0.023406 0.034725 0.009995 0.018320 0.022546 
0.000034 0.008218 0.075021 0.601312 0.131073 0.051495 0.056121 0.030468 0.034551 0.011707 
0.008738 0.039009 0.087875 0.647574 0.095979 0.035577 0.060315 0.007210 0.006786 0.010937 
0.008407 0.040020 0.087988 0.654109 0.083485 0.038226 0.056484 0.009810 0.008031 0.013440 
0.002279 0.013395 0.077123 0.686111 0.063868 0.032772 0.078788 0.017466 0.015594 0.012603 
0.003952 0.021747 0.068799 0.658565 0.065293 0.018145 0.090847 0.031633 0.027630 0.013389 
0.012367 0.053773 0.117515 0.584073 0.089359 0.023374 0.067926 0.022228 0.012394 0.016990 
0.009892 0.043606 0.092344 0.585924 0.121377 0.042699 0.045654 0.023049 0.022635 0.012822 
0.004225 0.016487 0.070619 0.677994 0.085730 0.039252 0.045490 0.019713 0.023741 0.016749 
0.010254 0.045880 0.087922 0.663729 0.079276 0.027397 0.050487 0.006345 0.009514 0.019195 
0.008849 0.039689 0.079073 0.607318 0.108767 0.045740 0.059174 0.014975 0.020353 0.016063 
0.001101 0.008001 0.057235 0.730069 0.062223 0.017952 0.067181 0.023466 0.019754 0.013018 
0.005770 0.020330 0.072885 0.655358 0.091372 0.023431 0.061173 0.029497 0.019375 0.020808 
0.011967 0.049875 0.099050 0.651434 0.081642 0.022378 0.048278 0.013369 0.008595 0.013412 
0.004621 0.023421 0.063838 0.628551 0.099346 0.043651 0.069964 0.026362 0.028320 0.011926 
0.006378 0.025240 0.081753 0.600480 0.130462 0.050175 0.046801 0.021052 0.016152 0.021507 
0.009764 0.040847 0.091340 0.632746 0.115054 0.039163 0.027055 0.015457 0.015081 0.013493 
0.004114 0.022606 0.068660 0.631272 0.110602 0.042922 0.050642 0.027792 0.029294 0.012096 
0.002540 0.014331 0.047049 0.707722 0.068131 0.020134 0.064757 0.026102 0.016116 0.033119 
0.009496 0.039321 0.079482 0.689655 0.062389 0.015302 0.060798 0.014664 0.009390 0.019504 
0.008221 0.034425 0.074809 0.672196 0.081245 0.028324 0.051309 0.017657 0.013671 0.018144 
0.001512 0.011774 0.055718 0.678143 0.095814 0.040330 0.054471 0.023942 0.028916 0.009382 
0.005101 0.024134 0.068841 0.682384 0.089371 0.038687 0.045796 0.013306 0.011307 0.021074 
0.009066 0.035758 0.078698 0.676294 0.085562 0.033422 0.051296 0.007830 0.009838 0.012236 
0.005069 0.024505 0.070640 0.635629 0.096734 0.037452 0.067701 0.026351 0.026929 0.008990 
0.005645 0.027843 0.068629 0.607581 0.104219 0.029382 0.070018 0.036957 0.024229 0.025496 
0.012590 0.052903 0.106366 0.581762 0.103877 0.028603 0.053266 0.024456 0.021248 0.014929 
0.002315 0.012800 0.061057 0.619468 0.132712 0.048888 0.052015 0.027386 0.023743 0.019615 
0.010561 0.049907 0.091293 0.654524 0.082649 0.033701 0.044037 0.008309 0.008451 0.016568 
0.007302 0.031808 0.066222 0.702843 0.057565 0.026116 0.067689 0.011072 0.014793 0.014590 
0.003741 0.013835 0.057957 0.714750 0.056079 0.026464 0.086691 0.012373 0.014161 0.013950 
0.003573 0.012426 0.057912 0.685634 0.071988 0.029215 0.081106 0.020534 0.022862 0.014749 
0.002037 0.010908 0.048028 0.654218 0.083038 0.032762 0.098242 0.022664 0.018813 0.029291 
0.013093 0.055529 0.100264 0.571501 0.081267 0.014598 0.102348 0.024083 0.016571 0.020746 
0.004621 0.021891 0.069396 0.566380 0.114751 0.033208 0.084478 0.043345 0.046300 0.015630 
0.011901 0.051656 0.097812 0.583881 0.103847 0.043123 0.067552 0.008995 0.017300 0.013932 
0.006508 0.030713 0.069298 0.616505 0.110440 0.044206 0.058565 0.018698 0.036682 0.008386 
0.004741 0.019627 0.066139 0.633652 0.113803 0.035564 0.044758 0.027746 0.019136 0.034834 
0.010156 0.041609 0.080730 0.650302 0.079646 0.020395 0.054819 0.015803 0.023596 0.022945 
0.004025 0.019890 0.050154 0.681255 0.026058 0.010695 0.115788 0.024719 0.031278 0.036139 
0.003280 0.015657 0.050293 0.757298 0.043733 0.017246 0.069426 0.007106 0.009496 0.026466 
0.004843 0.021156 0.043619 0.744618 0.055088 0.006050 0.079463 0.014629 0.008759 0.021775 
0.007525 0.032196 0.067510 0.623600 0.112642 0.019371 0.072241 0.024064 0.015960 0.024890 
0.003719 0.038029 0.072841 0.488343 0.143899 0.082263 0.050261 0.049719 0.039731 0.031195 
0.011385 0.057533 0.252074 0.300939 0.044629 0.049061 0.141890 0.049231 0.031180 0.062077 
0.002153 0.024776 0.223898 0.265679 0.054190 0.047805 0.172870 0.065977 0.047637 0.095015 
0.010003 0.043749 0.190799 0.257654 0.097290 0.045411 0.191410 0.055038 0.027325 0.081321 
0.006966 0.036852 0.200301 0.279898 0.124421 0.048579 0.169480 0.039913 0.021653 0.071939 
0.008784 0.040959 0.264600 0.240397 0.080662 0.027561 0.216265 0.027194 0.012397 0.081181 
0.003309 0.021221 0.250660 0.285802 0.092067 0.030416 0.205513 0.029348 0.014251 0.067413 
0.009462 0.040344 0.216604 0.329077 0.059674 0.017381 0.207889 0.053230 0.025651 0.040688 
0.009358 0.046081 0.176620 0.337753 0.118121 0.051027 0.176612 0.023185 0.018383 0.042860 
0.012444 0.060997 0.247219 0.329549 0.142300 0.062957 0.076170 0.012987 0.013243 0.042133 
0.008809 0.040310 0.232033 0.356362 0.146617 0.046033 0.062206 0.036003 0.023913 0.047714 
0.010334 0.043905 0.237605 0.347741 0.136448 0.070369 0.090021 0.016598 0.015804 0.031174 
0.001877 0.015070 0.307707 0.346446 0.109978 0.085858 0.083106 0.021209 0.007076 0.021673 
0.001598 0.027343 0.343289 0.239169 0.155424 0.094257 0.089189 0.012263 0.014070 0.023397 
0.016010 0.079546 0.306979 0.253692 0.107260 0.097947 0.081191 0.031526 0.012191 0.013657 
0.001038 0.020962 0.358366 0.257429 0.067221 0.124908 0.077918 0.043133 0.027352 0.021673 
0.004526 0.028574 0.441317 0.210360 0.078121 0.119987 0.077439 0.016766 0.008062 0.014848 
0.008945 0.047859 0.372658 0.148931 0.212820 0.095805 0.058147 0.032216 0.009146 0.013474 
0.012890 0.061531 0.379721 0.172217 0.204993 0.079830 0.024361 0.033255 0.012267 0.018934 
0.005985 0.043354 0.403652 0.189833 0.206125 0.059961 0.030239 0.032312 0.009865 0.018673 
0.018341 0.083326 0.390578 0.171785 0.169322 0.075108 0.032231 0.031044 0.012845 0.015419 
0.003346 0.030366 0.392044 0.224030 0.159737 0.085356 0.039564 0.027700 0.020272 0.017584 
0.013769 0.048464 0.383534 0.173855 0.151900 0.101107 0.025776 0.025125 0.026161 0.050308 
0.008342 0.046256 0.167835 0.210239 0.311419 0.111985 0.056102 0.033204 0.019293 0.035326 
0.007597 0.040997 0.365274 0.167288 0.184662 0.039178 0.124333 0.032054 0.023638 0.014979 
0.002404 0.018552 0.335995 0.172352 0.180315 0.075829 0.157528 0.027761 0.020159 0.009105 
0.000433 0.026730 0.357405 0.178519 0.149244 0.086096 0.141928 0.022148 0.025524 0.011976 
0.004503 0.029865 0.385746 0.207736 0.140017 0.071096 0.095939 0.022396 0.032510 0.010192 
0.007953 0.042143 0.355834 0.213217 0.124962 0.079782 0.098428 0.032716 0.027993 0.016972 
0.001545 0.010695 0.384657 0.239400 0.118463 0.060410 0.111992 0.034756 0.026461 0.011620 
0.004267 0.032033 0.402061 0.200936 0.114770 0.055771 0.128148 0.029486 0.016832 0.015694 
0.005296 0.027399 0.335615 0.287505 0.137104 0.054170 0.071999 0.022729 0.048068 0.010116 
0.004870 0.030004 0.357133 0.237845 0.155743 0.070133 0.077461 0.027414 0.026599 0.012798 
0.007701 0.046698 0.304001 0.253516 0.195740 0.061713 0.069153 0.023006 0.025572 0.012900 
0.000105 0.015091 0.389638 0.234811 0.220303 0.033699 0.051537 0.022750 0.021126 0.010942 
0.005251 0.035124 0.362323 0.249335 0.188222 0.043409 0.067325 0.024365 0.016143 0.008502 
0.003225 0.015555 0.370927 0.259849 0.184991 0.028047 0.077475 0.024850 0.021852 0.013228 
0.012621 0.066138 0.384989 0.264192 0.134979 0.032550 0.038405 0.025744 0.025730 0.014650 
0.005577 0.033249 0.420371 0.206346 0.152992 0.076403 0.052733 0.017069 0.023571 0.011688 
0.000721 0.010370 0.345856 0.201121 0.253110 0.061815 0.054810 0.036626 0.019979 0.015592 
0.001573 0.013987 0.284301 0.198290 0.319477 0.057486 0.033871 0.047644 0.027998 0.015372 
0.009680 0.045292 0.325716 0.205372 0.293874 0.030038 0.037839 0.037689 0.006782 0.007718 
0.001341 0.022044 0.277238 0.186969 0.327142 0.044320 0.050328 0.041744 0.028958 0.019917 
0.003442 0.019452 0.303275 0.136429 0.372738 0.049672 0.051057 0.027713 0.028154 0.008067 
0.002548 0.010277 0.322620 0.134468 0.353539 0.052489 0.057432 0.032338 0.023773 0.010517 
0.007401 0.039992 0.241293 0.139483 0.370363 0.069569 0.049332 0.047672 0.025241 0.009654 
0.004108 0.021202 0.266281 0.141066 0.377387 0.067218 0.045741 0.045088 0.019186 0.012724 
0.004359 0.016145 0.265058 0.176565 0.384419 0.043772 0.041914 0.030639 0.030989 0.006140 
0.009055 0.039132 0.233299 0.135791 0.396229 0.050188 0.057804 0.033270 0.027302 0.017931 
0.001557 0.018461 0.230293 0.127049 0.390108 0.069786 0.084360 0.037533 0.023699 0.017154 
0.004694 0.015861 0.230388 0.200658 0.368363 0.038564 0.076953 0.036537 0.015898 0.012083 
0.004035 0.015209 0.269744 0.154586 0.402377 0.030203 0.067490 0.027138 0.016256 0.012963 
0.011799 0.066210 0.217669 0.147820 0.382868 0.042804 0.055227 0.030444 0.036291 0.008868 
0.004151 0.035736 0.264638 0.171809 0.332722 0.062504 0.040198 0.029939 0.035442 0.022860 
0.001758 0.031865 0.163440 0.154247 0.362591 0.095669 0.079106 0.052665 0.041566 0.017095 
0.008102 0.033018 0.195652 0.132535 0.375300 0.074950 0.088652 0.039166 0.029682 0.022944 
0.004920 0.038540 0.191747 0.156562 0.356178 0.067627 0.063529 0.031295 0.034684 0.054919 
0.004640 0.053197 0.183964 0.147901 0.297819 0.066831 0.044890 0.085925 0.073735 0.041097 
0.009058 0.042664 0.076759 0.143921 0.263984 0.133742 0.128993 0.093912 0.075689 0.031278 
0.001664 0.036963 0.078051 0.228385 0.249634 0.098921 0.110106 0.121190 0.055023 0.020062 
0.006010 0.147440 0.420038 0.194256 0.055693 0.075251 0.042470 0.018858 0.029022 0.010962 
0.003832 0.156277 0.505255 0.069300 0.083167 0.067069 0.035476 0.030700 0.035942 0.012982 
0.005482 0.177353 0.465893 0.103456 0.080210 0.073445 0.026494 0.023509 0.026111 0.018048 
0.006661 0.154648 0.598670 0.053159 0.063142 0.040729 0.031270 0.019489 0.023372 0.008860 
0.006832 0.192870 0.445916 0.116201 0.068386 0.063143 0.040776 0.025785 0.025582 0.014509 
0.016250 0.185800 0.560444 0.057283 0.067725 0.051577 0.020438 0.012977 0.018297 0.009210 
0.024691 0.209676 0.441261 0.096236 0.049960 0.051822 0.041727 0.031039 0.040514 0.013074 
0.001140 0.059800 0.246315 0.296335 0.064015 0.099760 0.058451 0.064095 0.080053 0.030036 
0.004215 0.050860 0.156377 0.251015 0.034961 0.051990 0.186738 0.025725 0.135660 0.102460 
0.005821 0.066447 0.147925 0.186155 0.092449 0.052497 0.161482 0.088973 0.018717 0.179535 
0.012903 0.099781 0.168029 0.124880 0.224686 0.064055 0.046522 0.213132 0.024633 0.021379 
0.007371 0.079031 0.158386 0.103871 0.238272 0.039640 0.069768 0.228748 0.049216 0.025697 
0.005347 0.067785 0.151660 0.126275 0.304441 0.043389 0.048432 0.188324 0.021488 0.042859 
0.008390 0.079232 0.121501 0.106208 0.373987 0.048411 0.043609 0.171786 0.027423 0.019452 
0.005141 0.084665 0.190691 0.082955 0.443624 0.056409 0.040668 0.057847 0.014232 0.023768 
0.004796 0.067667 0.109390 0.089453 0.396011 0.036968 0.052222 0.178324 0.033290 0.031878 
0.006403 0.060789 0.095438 0.175399 0.292422 0.062366 0.028619 0.220617 0.035272 0.022676 
0.001830 0.052262 0.105741 0.146436 0.395887 0.058767 0.059775 0.142137 0.015981 0.021184 
0.001398 0.062916 0.183605 0.150168 0.327568 0.061302 0.032382 0.156712 0.007345 0.016603 
0.004329 0.051787 0.107333 0.155127 0.298062 0.059908 0.048329 0.209764 0.047319 0.018042 
0.000825 0.063383 0.159945 0.171620 0.318326 0.056523 0.020810 0.170125 0.022357 0.016087 
0.001170 0.061259 0.128495 0.113382 0.357057 0.046237 0.024844 0.220956 0.025918 0.020680 
0.001413 0.054202 0.075083 0.116354 0.295663 0.061352 0.033784 0.306125 0.038663 0.017361 
0.015525 0.093357 0.095640 0.094290 0.232358 0.048663 0.045994 0.246095 0.101554 0.026525 
0.008020 0.093424 0.112402 0.145237 0.253270 0.065003 0.038457 0.179477 0.082919 0.021791 
0.000953 0.086735 0.134745 0.124407 0.360484 0.043486 0.047667 0.161812 0.028951 0.010759 
0.004880 0.076805 0.073777 0.103473 0.347791 0.049415 0.042277 0.224161 0.057308 0.020113 
0.001364 0.052827 0.069624 0.125052 0.355897 0.064959 0.060959 0.217101 0.039009 0.013209 
0.002405 0.060019 0.060246 0.141998 0.418872 0.052364 0.032733 0.146057 0.059735 0.025572 
0.001528 0.127721 0.118745 0.194357 0.230308 0.070728 0.045119 0.168590 0.028125 0.014778 
0.003935 0.116507 0.132470 0.171179 0.181303 0.044396 0.057252 0.218075 0.059824 0.015058 
0.009616 0.083706 0.120250 0.105951 0.389966 0.055243 0.035142 0.140243 0.048901 0.010982 
0.003147 0.053769 0.099133 0.132446 0.332620 0.053763 0.029876 0.212524 0.055221 0.027500 
0.003777 0.065929 0.105012 0.150517 0.278516 0.049783 0.063162 0.217431 0.028204 0.037669 
0.002812 0.062333 0.087210 0.300503 0.132803 0.026460 0.153725 0.086242 0.032259 0.115654 
0.005944 0.055521 0.080702 0.354997 0.159344 0.035876 0.128876 0.094260 0.028068 0.056412 
0.009562 0.100398 0.137021 0.234167 0.127888 0.039880 0.147031 0.129155 0.031105 0.043792 
0.004451 0.149105 0.146198 0.256392 0.150968 0.028888 0.084114 0.109647 0.038044 0.032193 
0.003948 0.088920 0.136601 0.197764 0.114913 0.068984 0.116013 0.143584 0.085971 0.043302 
0.007012 0.057798 0.063609 0.306627 0.141359 0.057844 0.118929 0.092094 0.108355 0.046373 
0.010625 0.069864 0.070100 0.369218 0.108611 0.027236 0.128983 0.066509 0.111734 0.037121 
0.003345 0.059538 0.081489 0.451577 0.091530 0.065138 0.142296 0.043052 0.040861 0.021174 
0.007877 0.086391 0.100859 0.447137 0.065721 0.088273 0.120875 0.031380 0.038589 0.012898 
0.005292 0.060269 0.057908 0.396827 0.058453 0.130477 0.176480 0.036380 0.056667 0.021247 
0.003934 0.051844 0.092477 0.390782 0.073779 0.180019 0.118057 0.052803 0.020116 0.016190 
0.007915 0.126139 0.106109 0.282220 0.130691 0.150477 0.059798 0.064233 0.056286 0.016131 
0.005332 0.130847 0.118110 0.292769 0.072302 0.147110 0.124297 0.059320 0.037983 0.011930 
0.002460 0.060693 0.061960 0.573152 0.086005 0.065809 0.045660 0.040790 0.040873 0.022598 
0.006193 0.066272 0.044310 0.585217 0.088272 0.062536 0.040614 0.039792 0.050035 0.016760 
0.005555 0.062748 0.086177 0.521320 0.109506 0.065675 0.044442 0.037795 0.050665 0.016117 
0.002482 0.059786 0.067827 0.625604 0.067692 0.070659 0.050431 0.019366 0.022290 0.013864 
0.011922 0.088254 0.108256 0.474743 0.152925 0.074472 0.041410 0.021315 0.017442 0.009261 
0.007117 0.102265 0.110515 0.432615 0.056909 0.129784 0.064347 0.046322 0.035274 0.014852 
0.000735 0.065757 0.099995 0.364601 0.098143 0.169258 0.079285 0.045269 0.054155 0.022803 
0.006246 0.035761 0.144957 0.484203 0.095099 0.073920 0.069764 0.028673 0.038517 0.022861 
0.010874 0.044621 0.085968 0.587036 0.151291 0.029455 0.032258 0.024815 0.018591 0.015091 
0.013590 0.057147 0.102668 0.549685 0.139103 0.038440 0.045012 0.025996 0.016240 0.012119 
0.013432 0.054834 0.101875 0.533189 0.163755 0.042510 0.035962 0.024680 0.016031 0.013732 
0.018545 0.072976 0.103746 0.470740 0.203790 0.037354 0.054169 0.022635 0.009988 0.006059 
0.009214 0.031786 0.074310 0.511769 0.143180 0.045333 0.057042 0.053416 0.040903 0.033046 
0.002500 0.019212 0.125253 0.359084 0.205005 0.064696 0.058198 0.060084 0.065810 0.040156 
0.005087 0.051510 0.458654 0.157690 0.074992 0.169631 0.035856 0.016972 0.023018 0.006590 
0.016350 0.075473 0.407489 0.270660 0.084472 0.073874 0.032156 0.012989 0.016171 0.010366 
0.013430 0.057220 0.478311 0.184260 0.135233 0.055938 0.029264 0.021148 0.012971 0.012225 
0.004078 0.017476 0.410667 0.329288 0.142778 0.058735 0.008291 0.014205 0.006631 0.007851 
0.003110 0.029692 0.355191 0.345878 0.100405 0.103630 0.023883 0.017600 0.009623 0.010988 
0.011260 0.057244 0.323812 0.425506 0.072869 0.073179 0.008064 0.012774 0.006790 0.008502 
0.000225 0.005003 0.395213 0.386457 0.066162 0.101969 0.013491 0.015112 0.007626 0.008741 
0.001280 0.021355 0.311915 0.404682 0.111942 0.061102 0.035513 0.022641 0.017202 0.012370 
0.015123 0.068516 0.199861 0.424357 0.126110 0.074688 0.042927 0.021871 0.016083 0.010464 
0.001136 0.020275 0.209455 0.382116 0.166335 0.082560 0.045560 0.038933 0.031250 0.022382 
