Team,Lorde
0.000000 0.000000 0.000000 0.000000 0.000000 0.000000 0.000000 0.000000 0.000000 0.000000 
0.000000 0.000000 0.000000 0.000000 0.000000 0.000000 0.000000 0.000000 0.000000 0.000000 
0.000000 0.000000 0.000000 0.000000 0.000000 0.000000 0.000000 0.000000 0.000000 0.000000 
0.000000 0.000000 0.000000 0.000000 0.000000 0.000000 0.000000 0.000000 0.000000 0.000000 
0.065621 0.188768 0.095219 0.088868 0.053321 0.052062 0.154110 0.177841 0.079884 0.044305 
0.079265 0.214955 0.113898 0.159216 0.103302 0.082948 0.044771 0.049072 0.108887 0.043686 
0.014402 0.236187 0.203043 0.219324 0.084936 0.059749 0.053048 0.050613 0.052287 0.026410 
0.023483 0.350853 0.178100 0.163530 0.094958 0.056191 0.034410 0.029160 0.047512 0.021802 
0.008273 0.219000 0.237946 0.248098 0.075086 0.049654 0.050821 0.042832 0.039877 0.028413 
0.007926 0.252154 0.195657 0.221820 0.085143 0.053519 0.047068 0.052893 0.042380 0.041439 
0.025085 0.236174 0.171649 0.165440 0.142487 0.067003 0.049554 0.052856 0.055908 0.033844 
0.035971 0.161009 0.256045 0.147453 0.119904 0.061557 0.087196 0.039175 0.051975 0.039715 
0.020548 0.260463 0.175012 0.184955 0.118961 0.083675 0.031446 0.039612 0.061922 0.023405 
0.000587 0.170716 0.243239 0.159590 0.147563 0.069083 0.075677 0.046435 0.064379 0.022731 
0.031859 0.218352 0.179081 0.233261 0.073948 0.033781 0.072706 0.064930 0.055025 0.037059 
0.022723 0.266077 0.226858 0.161810 0.099860 0.046911 0.031523 0.057543 0.064564 0.022129 
0.008151 0.205164 0.244821 0.174516 0.089562 0.054981 0.068413 0.060915 0.060069 0.033409 
0.006342 0.281023 0.181612 0.145922 0.095399 0.082721 0.048847 0.054870 0.061985 0.041280 
0.019990 0.237874 0.221846 0.210023 0.083106 0.031112 0.049287 0.061715 0.052604 0.032443 
0.002180 0.223456 0.245593 0.182596 0.096431 0.101991 0.048590 0.031672 0.044728 0.022762 
0.013133 0.218956 0.255814 0.174208 0.091324 0.071120 0.058995 0.044314 0.044421 0.027715 
0.000740 0.320021 0.228907 0.087445 0.118643 0.070819 0.070155 0.038138 0.039641 0.025491 
0.007047 0.249675 0.235483 0.163973 0.152842 0.035524 0.052651 0.036442 0.038252 0.028110 
0.019355 0.249281 0.213532 0.129344 0.116509 0.057771 0.091010 0.031437 0.040034 0.051727 
0.020793 0.262936 0.168626 0.158202 0.112039 0.071327 0.072761 0.034462 0.075378 0.023476 
0.009192 0.277048 0.237659 0.150941 0.094853 0.045187 0.057500 0.051129 0.045554 0.030936 
0.006739 0.223616 0.183597 0.154191 0.113382 0.093289 0.074664 0.044947 0.046972 0.058602 
0.002684 0.237448 0.214812 0.164414 0.086267 0.095778 0.054285 0.062620 0.037255 0.044437 
0.061393 0.412405 0.118291 0.100922 0.061403 0.047682 0.046598 0.062662 0.056771 0.031873 
0.045460 0.458930 0.123619 0.097642 0.088568 0.077384 0.027774 0.040829 0.022178 0.017615 
0.022362 0.220782 0.199337 0.137950 0.126540 0.059695 0.077912 0.060052 0.053681 0.041689 
0.000182 0.223800 0.170180 0.129264 0.123696 0.105674 0.078766 0.082114 0.055506 0.030819 
0.018879 0.109980 0.166121 0.174920 0.150263 0.087559 0.112247 0.051366 0.073117 0.055548 
0.031449 0.245041 0.211425 0.123510 0.119596 0.069882 0.053749 0.056094 0.046398 0.042856 
0.012396 0.290957 0.274820 0.113532 0.061927 0.069158 0.059679 0.053438 0.034291 0.029801 
0.002168 0.124096 0.291733 0.170812 0.086118 0.051364 0.089470 0.087203 0.047973 0.049062 
0.004813 0.245681 0.184483 0.165235 0.093657 0.072803 0.059201 0.068207 0.060368 0.045552 
0.023017 0.239398 0.265921 0.155465 0.077097 0.041197 0.076074 0.047311 0.043390 0.031129 
0.030416 0.190670 0.181198 0.149745 0.148661 0.104244 0.067827 0.049755 0.047381 0.030102 
0.006695 0.203788 0.191452 0.161564 0.123065 0.085882 0.071488 0.070650 0.044838 0.040579 
0.029632 0.183888 0.228929 0.186294 0.154298 0.055191 0.060572 0.032902 0.034661 0.033632 
0.017948 0.186639 0.180612 0.175612 0.144234 0.077890 0.071570 0.050858 0.049764 0.044874 
0.004466 0.245582 0.147493 0.188160 0.137938 0.078505 0.060059 0.066179 0.042867 0.028751 
0.001018 0.221722 0.138566 0.249828 0.108530 0.065739 0.059172 0.068603 0.054023 0.032801 
0.014724 0.191878 0.225850 0.114589 0.131931 0.074832 0.094447 0.074379 0.041695 0.035675 
0.018189 0.187702 0.199235 0.185812 0.105926 0.093295 0.068864 0.051062 0.047089 0.042827 
0.010166 0.215492 0.237848 0.187511 0.104925 0.042566 0.070721 0.049895 0.064916 0.015959 
0.009887 0.222364 0.185787 0.234008 0.111653 0.037284 0.063789 0.047552 0.043177 0.044499 
0.024057 0.314139 0.113252 0.176281 0.075769 0.075695 0.060771 0.043364 0.072778 0.043894 
0.016942 0.188726 0.202957 0.148307 0.119365 0.054738 0.078975 0.070924 0.070763 0.048303 
0.009978 0.167276 0.194253 0.148526 0.187305 0.071911 0.053990 0.078246 0.044629 0.043887 
0.001792 0.261773 0.215365 0.159092 0.058099 0.083798 0.050132 0.049846 0.069656 0.050447 
0.003573 0.228313 0.227676 0.148923 0.104291 0.043193 0.062107 0.073494 0.069754 0.038676 
0.013250 0.194291 0.189783 0.182410 0.107387 0.070065 0.088385 0.083012 0.040792 0.030626 
0.013735 0.169471 0.220841 0.192901 0.155544 0.060162 0.069203 0.045734 0.050599 0.021810 
0.016692 0.187291 0.232394 0.144086 0.120668 0.074063 0.092867 0.062953 0.044962 0.024024 
0.027823 0.230120 0.236628 0.143517 0.081240 0.060875 0.061582 0.064664 0.033462 0.060090 
0.027138 0.167785 0.271740 0.181959 0.122715 0.026206 0.048268 0.047685 0.057785 0.048719 
0.012702 0.224451 0.286108 0.102384 0.136524 0.048366 0.061770 0.044262 0.036145 0.047288 
0.036133 0.191681 0.196479 0.185062 0.116448 0.049201 0.062729 0.041304 0.070020 0.050942 
0.011940 0.273327 0.246015 0.104858 0.087446 0.053928 0.070980 0.063197 0.057530 0.030778 
0.009581 0.172689 0.285355 0.134999 0.108029 0.052425 0.062225 0.049363 0.080842 0.044492 
0.051604 0.176958 0.189570 0.216752 0.107320 0.073976 0.047833 0.043789 0.053261 0.038938 
0.024810 0.260418 0.196975 0.134496 0.086182 0.044350 0.066218 0.073504 0.072811 0.040236 
0.001089 0.147058 0.214186 0.179373 0.116282 0.068257 0.061693 0.103927 0.049002 0.059134 
0.023214 0.204333 0.147149 0.213273 0.088203 0.085036 0.045214 0.093566 0.063544 0.036468 
0.000999 0.182861 0.254152 0.172367 0.111308 0.063511 0.075755 0.059497 0.047380 0.032170 
0.014833 0.193688 0.308820 0.138508 0.097530 0.042354 0.041629 0.052030 0.054187 0.056420 
0.006591 0.128757 0.284535 0.138971 0.130433 0.044571 0.074391 0.078319 0.073083 0.040348 
0.017670 0.210217 0.233294 0.132064 0.118220 0.068101 0.072774 0.044661 0.064112 0.038888 
0.013549 0.234816 0.309527 0.133870 0.099120 0.056304 0.037556 0.019766 0.062525 0.032966 
0.010584 0.176145 0.352127 0.130207 0.084068 0.041702 0.057063 0.049775 0.051139 0.047189 
0.004516 0.139885 0.283553 0.186628 0.108161 0.060750 0.061515 0.047696 0.073227 0.034068 
0.001164 0.133628 0.332906 0.152663 0.103742 0.058989 0.070577 0.043134 0.062094 0.041103 
0.008344 0.119499 0.307222 0.171506 0.124319 0.059487 0.095971 0.045951 0.040939 0.026763 
0.003195 0.220207 0.245089 0.144524 0.105580 0.065144 0.083579 0.042223 0.061855 0.028605 
0.003562 0.186054 0.319651 0.162509 0.110989 0.049900 0.046595 0.046497 0.037339 0.036904 
0.013271 0.294163 0.217249 0.164530 0.096064 0.036028 0.048443 0.044375 0.049940 0.035938 
0.012137 0.157096 0.263399 0.215114 0.085668 0.073333 0.039535 0.060983 0.052188 0.040548 
0.011861 0.093496 0.230483 0.232112 0.093641 0.096712 0.046968 0.072713 0.072216 0.049799 
0.002752 0.171342 0.291097 0.147420 0.095058 0.071460 0.055549 0.053141 0.078873 0.033307 
0.024603 0.152309 0.226215 0.168606 0.127009 0.101899 0.057343 0.045512 0.065717 0.030788 
0.002368 0.272171 0.110719 0.194473 0.106220 0.052877 0.089196 0.046124 0.065500 0.060353 
0.005064 0.192243 0.262148 0.202764 0.079887 0.058643 0.058565 0.039565 0.069426 0.031693 
0.012418 0.188020 0.245894 0.169383 0.118423 0.043925 0.055517 0.057421 0.049857 0.059143 
0.022881 0.317257 0.148163 0.119660 0.104332 0.077918 0.068104 0.055977 0.040278 0.045431 
0.040695 0.301441 0.206630 0.168952 0.072667 0.047084 0.043378 0.042305 0.038298 0.038549 
0.038843 0.232706 0.188375 0.209144 0.095960 0.063611 0.048083 0.047202 0.038714 0.037362 
0.024058 0.258163 0.196427 0.126032 0.106379 0.088158 0.057534 0.042062 0.060546 0.040641 
0.001123 0.168705 0.311567 0.230732 0.094559 0.043542 0.047356 0.043089 0.035352 0.023976 
0.002379 0.245685 0.217908 0.182507 0.103231 0.052039 0.080020 0.043930 0.044256 0.028045 
0.012771 0.148801 0.251301 0.168930 0.121301 0.088049 0.057217 0.036812 0.057342 0.057476 
0.010261 0.189130 0.247025 0.163134 0.105169 0.099253 0.033227 0.063175 0.053835 0.035791 
0.001516 0.188821 0.292280 0.140679 0.130979 0.061328 0.059250 0.049092 0.048457 0.027599 
0.001224 0.234392 0.277025 0.179944 0.053249 0.063293 0.052810 0.052895 0.047637 0.037531 
0.005644 0.110790 0.332690 0.156318 0.084234 0.056567 0.118437 0.062563 0.055794 0.016963 
0.016169 0.136482 0.342150 0.114540 0.109103 0.077407 0.079029 0.050518 0.032588 0.042015 
0.012373 0.156450 0.302212 0.154448 0.095484 0.065339 0.072259 0.064511 0.033952 0.042974 
0.003284 0.123274 0.274818 0.234711 0.115589 0.019708 0.063640 0.078632 0.046062 0.040282 
0.012281 0.190013 0.284197 0.113995 0.098359 0.079517 0.057838 0.035881 0.086321 0.041598 
0.007141 0.179618 0.196707 0.152468 0.167560 0.089709 0.059004 0.047658 0.049462 0.050672 
0.034473 0.210461 0.164123 0.216574 0.126077 0.086274 0.031803 0.058809 0.034973 0.036433 
0.005196 0.092087 0.312353 0.181056 0.148047 0.070723 0.064242 0.050520 0.041554 0.034222 
0.003841 0.184217 0.262308 0.160902 0.076725 0.051262 0.071029 0.068926 0.058003 0.062787 
0.015387 0.184431 0.191334 0.172953 0.172240 0.063223 0.052705 0.068821 0.056524 0.022381 
0.009420 0.228467 0.183356 0.180838 0.136934 0.074192 0.036333 0.043649 0.055931 0.050881 
0.007102 0.187369 0.187417 0.191180 0.106612 0.100360 0.093486 0.051832 0.045225 0.029418 
0.009671 0.115828 0.211944 0.134588 0.179046 0.061890 0.081384 0.082040 0.074527 0.049083 
0.008777 0.192666 0.208834 0.141393 0.128444 0.075263 0.093368 0.049386 0.056742 0.045126 
0.020316 0.153931 0.249561 0.148033 0.134124 0.070249 0.080072 0.049708 0.051985 0.042021 
0.025205 0.166616 0.207694 0.200961 0.185438 0.047698 0.063466 0.031290 0.049028 0.022606 
0.014411 0.136779 0.174676 0.256929 0.121293 0.086360 0.030416 0.058772 0.074375 0.045989 
0.020397 0.214148 0.193925 0.103754 0.129443 0.062077 0.078406 0.063236 0.062235 0.072378 
0.002124 0.220884 0.211133 0.243143 0.089397 0.063497 0.042358 0.062593 0.042296 0.022575 
0.004748 0.193152 0.207726 0.205388 0.116048 0.067792 0.064450 0.069892 0.040721 0.030082 
0.005177 0.256170 0.199222 0.138251 0.163621 0.067969 0.058540 0.029300 0.050657 0.031093 
0.022242 0.211556 0.251231 0.153045 0.111599 0.056663 0.036409 0.051428 0.068527 0.037299 
0.004941 0.289901 0.239226 0.158544 0.067465 0.051824 0.054661 0.048214 0.038792 0.046431 
0.034825 0.208389 0.165149 0.205045 0.112910 0.074689 0.064099 0.047518 0.046905 0.040472 
0.008560 0.241244 0.204840 0.163939 0.122202 0.062202 0.051235 0.043837 0.062243 0.039699 
0.008293 0.295824 0.183598 0.178096 0.106447 0.056625 0.060906 0.025774 0.054170 0.030267 
0.007501 0.164551 0.228573 0.175223 0.084596 0.072766 0.087987 0.061119 0.075033 0.042652 
0.004988 0.211448 0.206636 0.198712 0.105941 0.050831 0.051096 0.072699 0.056563 0.041086 
0.010789 0.182549 0.226440 0.248646 0.082117 0.027292 0.043631 0.060183 0.075300 0.043053 
0.016329 0.189925 0.309996 0.159077 0.076793 0.061768 0.037080 0.048302 0.059943 0.040786 
0.013856 0.241510 0.132942 0.188533 0.136017 0.088288 0.034385 0.069935 0.059365 0.035170 
0.019892 0.230313 0.205799 0.153604 0.095814 0.087269 0.067272 0.055836 0.036075 0.048125 
0.010419 0.186599 0.206865 0.183878 0.124180 0.085307 0.036188 0.040206 0.056286 0.070072 
0.016167 0.049041 0.230627 0.249948 0.090829 0.156101 0.076983 0.056078 0.042291 0.031934 
0.004951 0.090793 0.308750 0.123560 0.157645 0.100232 0.105350 0.051910 0.032375 0.024435 
0.001285 0.039200 0.315863 0.117897 0.242306 0.105637 0.091611 0.029121 0.029701 0.027380 
0.013933 0.078680 0.360837 0.126720 0.163389 0.032382 0.145377 0.022915 0.036691 0.019075 
0.013129 0.080019 0.251124 0.116839 0.224660 0.057670 0.209336 0.014564 0.021315 0.011344 
0.004472 0.063490 0.241438 0.128391 0.235414 0.046276 0.192353 0.032671 0.028074 0.027421 
0.009090 0.094726 0.347845 0.128301 0.279392 0.042357 0.047114 0.020011 0.017811 0.013352 
0.025791 0.167864 0.325116 0.145495 0.175490 0.055883 0.043993 0.023304 0.019848 0.017215 
0.031740 0.284689 0.231754 0.139751 0.090798 0.034606 0.066563 0.052690 0.037945 0.029463 
0.018764 0.164171 0.247092 0.149013 0.173000 0.055591 0.082380 0.036485 0.037189 0.036315 
0.013567 0.066157 0.296733 0.141240 0.205107 0.105349 0.103265 0.028659 0.027079 0.012843 
0.000586 0.053863 0.325972 0.066625 0.304668 0.074822 0.098251 0.022062 0.036369 0.016783 
0.008459 0.063376 0.349266 0.096030 0.258709 0.033428 0.116692 0.016632 0.023720 0.033688 
0.014578 0.080137 0.391171 0.138385 0.202512 0.038304 0.064689 0.023546 0.033639 0.013038 
0.006561 0.068614 0.311412 0.116213 0.153288 0.063500 0.211423 0.018578 0.031998 0.018412 
0.000581 0.036265 0.139998 0.058434 0.446908 0.086960 0.142446 0.031457 0.039684 0.017267 
0.002331 0.054168 0.200752 0.099280 0.406554 0.069834 0.091302 0.016448 0.040786 0.018545 
0.005467 0.065393 0.265198 0.084703 0.308708 0.088665 0.112990 0.020175 0.038537 0.010165 
0.007744 0.056639 0.160839 0.052786 0.252998 0.057730 0.316759 0.052760 0.030943 0.010802 
0.001531 0.072269 0.140674 0.078236 0.204939 0.063902 0.235762 0.116907 0.071717 0.014062 
0.009437 0.053839 0.112130 0.086782 0.169644 0.168057 0.122537 0.181964 0.051136 0.044474 
0.005828 0.072756 0.069336 0.166603 0.142700 0.128117 0.065181 0.248130 0.046184 0.055164 
0.013499 0.042346 0.034918 0.184402 0.029575 0.244254 0.052767 0.328505 0.015955 0.053779 
0.004588 0.090856 0.100150 0.161876 0.095123 0.190270 0.082658 0.195197 0.028378 0.050903 
0.010969 0.045341 0.061763 0.097357 0.028044 0.172322 0.153829 0.344168 0.041105 0.045102 
0.012324 0.037429 0.051270 0.152969 0.069410 0.256644 0.126851 0.139681 0.121859 0.031562 
0.012092 0.103666 0.064193 0.107403 0.054216 0.349414 0.070288 0.093503 0.119816 0.025410 
0.002014 0.085301 0.066901 0.095858 0.058218 0.414508 0.126016 0.060999 0.062828 0.027358 
0.002398 0.139928 0.081024 0.341247 0.056053 0.220560 0.034826 0.054045 0.052908 0.017010 
0.014697 0.082256 0.129089 0.458148 0.041632 0.145754 0.035332 0.035395 0.045778 0.011919 
0.009949 0.088743 0.095115 0.466078 0.075618 0.160098 0.030749 0.029654 0.037466 0.006530 
0.009391 0.069936 0.105112 0.336663 0.045032 0.176051 0.082546 0.082322 0.079390 0.013557 
0.010404 0.069361 0.069570 0.221515 0.045413 0.257032 0.092593 0.073214 0.150890 0.010007 
0.003652 0.040163 0.058058 0.061543 0.061981 0.390953 0.109539 0.065673 0.167571 0.040865 
0.009604 0.070195 0.053997 0.066381 0.031933 0.276791 0.073195 0.074676 0.279675 0.063553 
0.008617 0.088586 0.141273 0.161139 0.015270 0.148705 0.088222 0.053831 0.260651 0.033707 
0.003080 0.061607 0.046151 0.163420 0.044463 0.131185 0.131318 0.049539 0.304973 0.064262 
0.001531 0.112587 0.068046 0.127516 0.027529 0.041102 0.164763 0.027000 0.329048 0.100879 
0.001643 0.053462 0.043195 0.121887 0.035686 0.052455 0.191776 0.044557 0.339279 0.116060 
0.005418 0.060342 0.063807 0.088954 0.036405 0.035895 0.139682 0.026876 0.374429 0.168192 
0.003778 0.045120 0.034491 0.140606 0.024332 0.040619 0.260878 0.067303 0.219233 0.163640 
0.007929 0.039428 0.032420 0.151006 0.026918 0.036200 0.292628 0.076211 0.221914 0.115347 
0.002745 0.037705 0.074745 0.171978 0.068172 0.073031 0.367064 0.049815 0.105724 0.049021 
0.011023 0.090242 0.027335 0.258728 0.052224 0.064333 0.313156 0.052513 0.087123 0.043321 
0.014846 0.069988 0.049459 0.169696 0.064628 0.067653 0.365223 0.076527 0.084832 0.037148 
0.013732 0.066160 0.075847 0.191221 0.050238 0.031015 0.462820 0.024153 0.043657 0.041156 
0.002651 0.078971 0.043753 0.380472 0.041862 0.084866 0.213897 0.063329 0.058344 0.031856 
0.000485 0.131796 0.134963 0.333446 0.070991 0.030548 0.182958 0.046802 0.043315 0.024695 
0.020895 0.113943 0.107120 0.294995 0.074260 0.051785 0.209259 0.048956 0.063528 0.015259 
0.023642 0.129287 0.131506 0.297191 0.079144 0.049831 0.217996 0.016622 0.041136 0.013645 
0.005823 0.120110 0.151405 0.341036 0.072006 0.034749 0.168150 0.022411 0.061477 0.022833 
0.025434 0.137256 0.159305 0.273836 0.097792 0.051896 0.137443 0.025148 0.057774 0.034117 
0.001795 0.139982 0.168892 0.243188 0.167359 0.100690 0.068189 0.035995 0.031692 0.042217 
0.000783 0.164631 0.170192 0.259132 0.139246 0.039837 0.089968 0.030608 0.053181 0.052421 
0.000535 0.246144 0.170613 0.248503 0.075269 0.048766 0.074882 0.037582 0.048853 0.048854 
0.012677 0.218348 0.177213 0.243581 0.137359 0.041552 0.078918 0.035234 0.028680 0.026438 
0.027826 0.223505 0.184768 0.127423 0.232624 0.041436 0.052813 0.036076 0.041167 0.032361 
0.004561 0.269148 0.156600 0.097465 0.218500 0.050296 0.068968 0.042614 0.057798 0.034049 
0.036281 0.186598 0.207460 0.101776 0.202197 0.063237 0.075371 0.045916 0.059201 0.021963 
0.060134 0.209037 0.231078 0.140374 0.088149 0.058522 0.082760 0.029557 0.060594 0.039795 
0.022955 0.306346 0.193661 0.152675 0.095933 0.084104 0.052953 0.019223 0.038554 0.033596 
0.023114 0.316363 0.193505 0.156523 0.095257 0.051654 0.055151 0.034273 0.049865 0.024296 
0.000558 0.242529 0.260765 0.131114 0.129666 0.070283 0.061313 0.043281 0.038042 0.022449 
0.014300 0.218833 0.263032 0.123089 0.080140 0.071102 0.052011 0.061153 0.063250 0.053090 
0.011694 0.299525 0.252249 0.110126 0.077207 0.045549 0.073993 0.046843 0.048634 0.034180 
0.031416 0.391721 0.176438 0.086403 0.096978 0.053056 0.047754 0.046228 0.044524 0.025482 
0.000325 0.302910 0.253761 0.103960 0.109328 0.059929 0.073023 0.032138 0.019627 0.045000 
0.020767 0.289827 0.232842 0.087939 0.108821 0.057592 0.061793 0.049994 0.054787 0.035638 
0.028348 0.303531 0.236418 0.107837 0.064876 0.051604 0.073829 0.032180 0.074202 0.027175 
0.035666 0.290780 0.258858 0.113929 0.072435 0.057479 0.034056 0.050886 0.063653 0.022260 
0.002979 0.275642 0.304896 0.121477 0.080204 0.033589 0.062932 0.058155 0.039028 0.021098 
0.002492 0.179772 0.272217 0.133869 0.101938 0.078293 0.055119 0.082668 0.071385 0.022248 
0.037742 0.237828 0.309725 0.074451 0.138431 0.049995 0.037122 0.036599 0.040943 0.037164 
0.036624 0.290066 0.244329 0.086999 0.106030 0.050087 0.059164 0.038819 0.054346 0.033537 
0.029248 0.328461 0.274877 0.105642 0.059129 0.053377 0.048668 0.032390 0.040103 0.028106 
0.013606 0.243373 0.287387 0.169415 0.086451 0.039453 0.059708 0.039635 0.030932 0.030040 
0.020024 0.245087 0.299831 0.152078 0.088248 0.051648 0.044368 0.041189 0.041572 0.015955 
0.025415 0.392040 0.278305 0.096360 0.053433 0.041642 0.035043 0.019504 0.031094 0.027164 
0.035678 0.271022 0.306731 0.087013 0.068047 0.048206 0.046907 0.030673 0.062159 0.043564 
0.032999 0.208699 0.345290 0.112876 0.075294 0.068503 0.043951 0.028006 0.052005 0.032377 
0.017901 0.279429 0.297053 0.098027 0.079141 0.047569 0.048577 0.053349 0.043903 0.035051 
0.016648 0.298173 0.211087 0.101072 0.096696 0.049689 0.066932 0.058635 0.070774 0.030295 
0.013866 0.211838 0.212802 0.150825 0.109970 0.103119 0.056083 0.038240 0.046609 0.056647 
0.013678 0.182019 0.241495 0.113750 0.102820 0.106093 0.077942 0.056808 0.058212 0.047184 
0.002439 0.226728 0.246627 0.101038 0.135677 0.086117 0.047568 0.051411 0.050458 0.051937 
0.015564 0.209666 0.319153 0.115452 0.085813 0.082165 0.048822 0.039447 0.043022 0.040895 
0.012851 0.078910 0.111233 0.070517 0.165170 0.221927 0.203948 0.054427 0.045227 0.035791 
0.004931 0.020580 0.041723 0.110157 0.294643 0.270860 0.168479 0.040361 0.025379 0.022888 
0.004306 0.026769 0.040437 0.238804 0.295133 0.105054 0.194599 0.035513 0.042489 0.016896 
0.003214 0.023195 0.039404 0.392416 0.179010 0.049499 0.242102 0.011925 0.040509 0.018727 
0.007108 0.030012 0.081191 0.422428 0.063393 0.047866 0.272403 0.006873 0.036180 0.032545 
0.009340 0.029149 0.072361 0.459798 0.081450 0.050266 0.220654 0.025362 0.027941 0.023678 
0.014289 0.048996 0.088108 0.410480 0.048721 0.026672 0.268179 0.040643 0.036375 0.017537 
0.009978 0.064229 0.102099 0.370900 0.079528 0.125360 0.151381 0.043657 0.041810 0.011058 
0.009115 0.027464 0.033609 0.355861 0.028513 0.053598 0.376846 0.045447 0.047795 0.021752 
0.000635 0.021357 0.035085 0.257756 0.063248 0.087747 0.388904 0.049719 0.060476 0.035073 
0.014177 0.026699 0.044710 0.207826 0.054809 0.046892 0.383554 0.040180 0.062037 0.119115 
0.003493 0.030437 0.062204 0.161529 0.063479 0.075144 0.367989 0.036522 0.106497 0.092705 
0.000113 0.027792 0.033408 0.202059 0.085851 0.083629 0.162110 0.040636 0.256099 0.108302 
0.000556 0.029356 0.023897 0.062983 0.020460 0.029418 0.196308 0.045334 0.323588 0.268100 
0.002629 0.039515 0.027505 0.042189 0.042905 0.102770 0.358870 0.029895 0.144264 0.209459 
0.002497 0.027238 0.023882 0.065311 0.046279 0.212843 0.453500 0.078068 0.062802 0.027582 
0.000931 0.034628 0.032060 0.314198 0.040532 0.070814 0.348001 0.055284 0.060827 0.042724 
0.004801 0.026631 0.048596 0.106719 0.024548 0.040517 0.602659 0.056433 0.052611 0.036486 
0.004983 0.026032 0.031935 0.106310 0.040469 0.061982 0.454174 0.143461 0.049109 0.081546 
0.001763 0.022391 0.026152 0.115196 0.126807 0.031339 0.288892 0.272440 0.017621 0.097399 
0.000315 0.022151 0.022305 0.016856 0.095255 0.041835 0.098490 0.630543 0.041025 0.031224 
0.005456 0.019738 0.037651 0.044588 0.050031 0.041841 0.166676 0.514173 0.079482 0.040365 
0.000279 0.023922 0.032331 0.052418 0.106142 0.050765 0.186805 0.451040 0.049569 0.046730 
0.000704 0.014923 0.026264 0.038632 0.056930 0.125342 0.485324 0.175662 0.034612 0.041607 
0.002495 0.010867 0.016925 0.102959 0.038902 0.077282 0.474981 0.138968 0.047135 0.089486 
0.002572 0.012483 0.019456 0.171064 0.044281 0.033233 0.285425 0.035262 0.167739 0.228485 
0.004937 0.016813 0.032198 0.106825 0.023258 0.035100 0.225394 0.051410 0.261270 0.242794 
0.003887 0.006970 0.016832 0.081170 0.054187 0.087887 0.419457 0.067208 0.187211 0.075191 
0.009129 0.018487 0.024330 0.159956 0.032886 0.088301 0.436902 0.089680 0.110047 0.030283 
0.007454 0.036174 0.061663 0.308154 0.053245 0.077840 0.190242 0.150783 0.047917 0.066528 
0.007076 0.032237 0.068198 0.087806 0.042655 0.048782 0.339819 0.124073 0.154706 0.094647 
0.008249 0.037201 0.058775 0.109937 0.073794 0.087742 0.263685 0.139456 0.144777 0.076383 
0.010318 0.015155 0.021158 0.173246 0.064287 0.261795 0.309416 0.057894 0.055749 0.030982 
0.004814 0.022808 0.034793 0.122487 0.058221 0.338340 0.179785 0.072810 0.149043 0.016899 
0.004907 0.021135 0.045388 0.192392 0.046065 0.306887 0.067113 0.064151 0.230878 0.021082 
0.000122 0.005421 0.028809 0.190315 0.061975 0.281979 0.056008 0.076133 0.254131 0.045106 
0.006952 0.023729 0.048385 0.183788 0.040065 0.256750 0.093774 0.085014 0.246515 0.015028 
0.000470 0.006179 0.025855 0.202606 0.086155 0.374124 0.092254 0.037012 0.154782 0.020564 
0.009171 0.034166 0.059364 0.178543 0.053029 0.346830 0.124626 0.048649 0.125929 0.019694 
0.009513 0.042213 0.073338 0.188439 0.032069 0.228577 0.094768 0.053710 0.251957 0.025416 
0.002217 0.015124 0.030090 0.111562 0.013470 0.203361 0.090381 0.223602 0.274494 0.035697 
0.001405 0.007459 0.023491 0.083651 0.031452 0.386338 0.130642 0.107011 0.145309 0.083243 
0.000024 0.011091 0.012895 0.072232 0.023978 0.083368 0.401315 0.062640 0.290954 0.041503 
0.004473 0.019759 0.025205 0.076269 0.017890 0.027113 0.336599 0.061194 0.353344 0.078154 
0.000108 0.010779 0.012072 0.091070 0.033366 0.089272 0.512316 0.045052 0.148130 0.057836 
0.006560 0.058878 0.137605 0.346391 0.034405 0.160223 0.099644 0.032316 0.093983 0.029994 
0.004461 0.026374 0.025372 0.180946 0.084020 0.335232 0.221695 0.055797 0.045645 0.020459 
0.004473 0.027910 0.047977 0.156172 0.058585 0.432568 0.182635 0.047563 0.032295 0.009822 
0.003454 0.012662 0.035004 0.269342 0.058704 0.477686 0.048164 0.020406 0.061266 0.013311 
0.003434 0.015202 0.029131 0.176072 0.080217 0.473663 0.109066 0.038655 0.064066 0.010493 
0.004868 0.010944 0.021894 0.133026 0.084368 0.503008 0.136937 0.044967 0.036471 0.023516 
0.003528 0.015689 0.056527 0.322493 0.109501 0.325184 0.088909 0.027344 0.036073 0.014753 
0.028522 0.035757 0.100722 0.417446 0.073702 0.153617 0.107369 0.037448 0.035362 0.010055 
0.001107 0.021178 0.123948 0.226701 0.089023 0.244464 0.132122 0.065525 0.059658 0.036273 
0.002581 0.028032 0.051667 0.144116 0.049650 0.356444 0.144987 0.045554 0.127011 0.049958 
0.019483 0.052377 0.122956 0.298490 0.104180 0.185059 0.094237 0.030140 0.055981 0.037098 
0.005416 0.057805 0.113385 0.357246 0.074566 0.261883 0.056303 0.037966 0.019414 0.016017 
0.017554 0.058280 0.121508 0.387776 0.041406 0.254707 0.057526 0.026108 0.017645 0.017491 
0.001069 0.010645 0.066496 0.387160 0.090112 0.321227 0.060208 0.030397 0.021512 0.011175 
0.001703 0.010907 0.057357 0.337103 0.135222 0.325932 0.072990 0.035885 0.016072 0.006828 
0.004081 0.017152 0.065738 0.258422 0.077549 0.399688 0.084519 0.046059 0.030314 0.016477 
0.007702 0.032432 0.065139 0.169047 0.078040 0.434886 0.107024 0.052136 0.035842 0.017751 
0.004904 0.021232 0.030519 0.246558 0.071362 0.489545 0.072173 0.031129 0.020111 0.012466 
0.000397 0.013215 0.054258 0.445115 0.088929 0.330979 0.027982 0.015071 0.011583 0.012470 
0.015931 0.055134 0.127260 0.320890 0.041949 0.307785 0.067583 0.032514 0.017505 0.013448 
0.000715 0.016025 0.044598 0.349997 0.058667 0.405798 0.055162 0.035983 0.021414 0.011640 
0.003307 0.031499 0.077722 0.470767 0.048757 0.277100 0.044949 0.020952 0.014120 0.010827 
0.007100 0.033168 0.118232 0.385023 0.124462 0.299322 0.011301 0.007256 0.006787 0.007349 
0.000799 0.010677 0.065872 0.424715 0.098932 0.309427 0.036110 0.021287 0.018631 0.013551 
0.013951 0.046519 0.108294 0.457524 0.054417 0.202529 0.059622 0.026671 0.017940 0.012533 
0.003650 0.024716 0.092160 0.503053 0.074396 0.160609 0.056936 0.034476 0.030204 0.019801 
0.001780 0.019321 0.119032 0.450023 0.117012 0.190015 0.034684 0.029684 0.021582 0.016867 
0.010445 0.039338 0.138362 0.399335 0.062951 0.293843 0.018445 0.020501 0.007778 0.009003 
0.011397 0.038175 0.100158 0.449533 0.086984 0.224182 0.037011 0.021114 0.016533 0.014911 
0.010917 0.057473 0.123536 0.480323 0.049710 0.164619 0.066438 0.020069 0.016720 0.010194 
0.015078 0.053369 0.278744 0.257058 0.143082 0.153796 0.038582 0.025749 0.019662 0.014879 
0.002263 0.046904 0.100563 0.561154 0.067848 0.164863 0.033524 0.011241 0.007562 0.004079 
0.017342 0.051609 0.112595 0.495549 0.083495 0.134968 0.053585 0.020530 0.018257 0.012070 
0.012828 0.027633 0.062020 0.397296 0.090502 0.295162 0.053692 0.029848 0.020649 0.010370 
0.002202 0.020814 0.083252 0.258017 0.103591 0.322076 0.084826 0.063964 0.038273 0.022984 
0.013323 0.031482 0.059980 0.196634 0.071240 0.469865 0.069999 0.038067 0.032058 0.017353 
0.004157 0.049735 0.073491 0.104552 0.122792 0.424553 0.123750 0.045534 0.034824 0.016612 
0.014225 0.017392 0.049984 0.286131 0.102593 0.380611 0.066544 0.037644 0.030300 0.014575 
0.013462 0.010903 0.066541 0.290701 0.122890 0.340008 0.059161 0.049369 0.029682 0.017283 
0.018676 0.010943 0.057698 0.211583 0.112367 0.428010 0.044900 0.039970 0.042592 0.033262 
0.012085 0.032866 0.104040 0.263441 0.137965 0.224159 0.101632 0.046582 0.056198 0.021032 
0.028878 0.019647 0.057650 0.210584 0.076665 0.334120 0.102219 0.074442 0.054296 0.041500 
0.034672 0.028890 0.077852 0.095120 0.096134 0.239582 0.185037 0.085965 0.080722 0.076025 
0.025161 0.015206 0.071303 0.108586 0.112920 0.325620 0.151085 0.085054 0.064067 0.040998 
0.020999 0.024639 0.109323 0.108177 0.116401 0.214266 0.157220 0.079404 0.085719 0.083852 
0.004886 0.022930 0.060598 0.071428 0.111904 0.244639 0.245545 0.085075 0.068158 0.084836 
0.014402 0.026861 0.068848 0.088658 0.154014 0.198780 0.182899 0.110905 0.077928 0.076705 
0.011243 0.010156 0.048587 0.147665 0.097952 0.195618 0.209268 0.084926 0.097661 0.096925 
0.016701 0.017486 0.157560 0.173369 0.147519 0.139267 0.056360 0.125082 0.118421 0.048236 
0.024095 0.079680 0.198394 0.074311 0.119324 0.227872 0.105848 0.066589 0.038716 0.065172 
0.016933 0.036919 0.352141 0.364229 0.085217 0.058619 0.040552 0.017146 0.018577 0.009666 
0.001115 0.014308 0.223625 0.219875 0.338626 0.102256 0.053986 0.030751 0.009508 0.005949 
0.004832 0.004714 0.135741 0.188342 0.345337 0.163181 0.076747 0.034612 0.029468 0.017025 
0.001222 0.006080 0.073396 0.130686 0.257358 0.300811 0.052272 0.081387 0.036296 0.060493 
0.002340 0.004132 0.037431 0.194770 0.071939 0.432226 0.017659 0.169873 0.018760 0.050871 
0.007945 0.022291 0.047690 0.064656 0.117657 0.390435 0.057207 0.172964 0.079174 0.039981 
0.005502 0.027350 0.041208 0.069918 0.157929 0.378405 0.052570 0.184887 0.033055 0.049175 
0.001382 0.007653 0.104988 0.116210 0.159212 0.208828 0.142029 0.114740 0.089540 0.055417 
0.005611 0.033790 0.258857 0.093126 0.094406 0.058880 0.109109 0.114472 0.107849 0.123900 
0.000652 0.006253 0.247132 0.088449 0.236166 0.063626 0.047735 0.062394 0.128764 0.118828 
0.002216 0.014527 0.078500 0.051974 0.216531 0.054022 0.079838 0.093999 0.095453 0.312939 
0.007818 0.040300 0.250442 0.056154 0.165123 0.039781 0.070530 0.104339 0.115289 0.150224 
0.008884 0.044919 0.298218 0.103911 0.154494 0.053355 0.135497 0.052696 0.119574 0.028452 
0.003345 0.025150 0.207067 0.072313 0.280353 0.045834 0.158869 0.045104 0.129772 0.032192 
0.005239 0.020376 0.200147 0.081650 0.400495 0.046509 0.098002 0.030554 0.079922 0.037105 
0.000168 0.012121 0.214571 0.096328 0.293192 0.083869 0.101824 0.068924 0.101149 0.027853 
0.012314 0.052597 0.196222 0.063058 0.390397 0.042255 0.115190 0.049823 0.048502 0.029644 
0.002568 0.022555 0.226782 0.049605 0.274971 0.067014 0.205079 0.055499 0.066706 0.029221 
0.006328 0.032665 0.253072 0.049164 0.324355 0.077893 0.110715 0.044607 0.073814 0.027387 
0.007464 0.041583 0.282372 0.084822 0.302430 0.036254 0.131611 0.022375 0.061130 0.029958 
0.003255 0.042313 0.400767 0.138650 0.132598 0.024751 0.120286 0.043554 0.067249 0.026577 
0.005192 0.023375 0.060405 0.075348 0.262745 0.046955 0.218078 0.122522 0.122213 0.063167 
0.007683 0.012007 0.043136 0.035037 0.195138 0.104549 0.261061 0.123415 0.181695 0.036279 
0.003280 0.032179 0.089222 0.200458 0.135426 0.344568 0.053182 0.023502 0.049176 0.069007 
0.008639 0.019073 0.034208 0.061389 0.188138 0.527242 0.030929 0.026933 0.022145 0.081302 
0.009345 0.029543 0.044544 0.075962 0.244585 0.383986 0.065018 0.069307 0.030880 0.046830 
0.007875 0.019777 0.024770 0.108741 0.167100 0.437163 0.045450 0.129364 0.031341 0.028420 
0.001819 0.015574 0.025582 0.189344 0.154493 0.300387 0.088613 0.123808 0.029816 0.070563 
0.004509 0.013083 0.039096 0.146592 0.296970 0.252488 0.090668 0.066435 0.034132 0.056027 
0.000462 0.005980 0.011727 0.074476 0.178970 0.561433 0.053717 0.022940 0.021717 0.068579 
0.004609 0.015615 0.042737 0.225793 0.030163 0.533755 0.083538 0.016688 0.014201 0.032901 
0.001542 0.007728 0.033620 0.172903 0.050262 0.440321 0.179065 0.051748 0.046988 0.015823 
0.000940 0.003061 0.010571 0.091334 0.073198 0.516185 0.157121 0.069851 0.040695 0.037045 
0.003245 0.020213 0.049916 0.289378 0.031000 0.207092 0.206304 0.071101 0.063697 0.058053 
0.005648 0.045460 0.075533 0.473709 0.081813 0.048926 0.127934 0.054695 0.045282 0.040998 
0.001599 0.009558 0.037278 0.151763 0.071778 0.433102 0.093982 0.028907 0.089657 0.082377 
0.011518 0.042974 0.065915 0.082978 0.180228 0.320474 0.160790 0.054115 0.038611 0.042397 
0.022602 0.022391 0.027077 0.440899 0.044924 0.210470 0.167730 0.031112 0.021859 0.010936 
0.007161 0.020342 0.016855 0.367369 0.036271 0.216338 0.246320 0.028236 0.034198 0.026911 
0.002883 0.017590 0.027165 0.080911 0.041912 0.334508 0.387538 0.031443 0.065846 0.010202 
0.000529 0.007223 0.009831 0.057420 0.017213 0.080550 0.732788 0.046711 0.034892 0.012842 
0.003686 0.019934 0.027028 0.046439 0.017175 0.065373 0.686526 0.064591 0.032730 0.036517 
0.000394 0.002197 0.006083 0.018854 0.028487 0.039970 0.720092 0.095019 0.044324 0.044581 
0.004161 0.017562 0.024558 0.036846 0.028302 0.054115 0.713823 0.070383 0.029760 0.020490 
0.003417 0.027862 0.042727 0.166624 0.083934 0.073613 0.385238 0.133993 0.055218 0.027375 
0.010745 0.037334 0.054875 0.135177 0.357630 0.029204 0.194723 0.133620 0.032803 0.013889 
0.004880 0.008871 0.015250 0.034140 0.613457 0.054855 0.113500 0.092636 0.039814 0.022597 
0.008043 0.038077 0.060490 0.109910 0.528061 0.085919 0.084258 0.031057 0.037657 0.016527 
0.005110 0.019862 0.038922 0.096914 0.456849 0.137602 0.117939 0.053583 0.042455 0.030764 
0.000611 0.008937 0.029976 0.079019 0.559176 0.116189 0.096558 0.035845 0.051528 0.022160 
0.010225 0.034162 0.050543 0.085108 0.525065 0.070769 0.135667 0.038409 0.037960 0.012091 
0.007791 0.035489 0.041824 0.072292 0.334087 0.060410 0.160596 0.225657 0.054140 0.007714 
0.002264 0.007880 0.018096 0.092978 0.053494 0.031905 0.565785 0.152515 0.029743 0.045340 
0.005444 0.028582 0.036510 0.063771 0.042011 0.114949 0.569851 0.061362 0.053690 0.023829 
0.004806 0.019632 0.025943 0.059873 0.075117 0.159931 0.524084 0.054684 0.044644 0.031286 
0.003868 0.012532 0.014194 0.080015 0.094832 0.145879 0.518419 0.055914 0.039239 0.035108 
0.005964 0.016240 0.027911 0.113291 0.061174 0.054330 0.579061 0.061814 0.060507 0.019708 
0.003534 0.006959 0.015595 0.078436 0.045868 0.052392 0.588405 0.108170 0.076242 0.024399 
0.003602 0.015724 0.024808 0.049883 0.043698 0.094721 0.608938 0.073563 0.057192 0.027871 
0.001311 0.007951 0.007270 0.087770 0.080871 0.208946 0.395987 0.092326 0.072811 0.044756 
0.003885 0.005550 0.007851 0.097254 0.048211 0.163007 0.556476 0.042161 0.045724 0.029880 
0.008198 0.022597 0.024558 0.173680 0.085909 0.173791 0.350881 0.040391 0.099223 0.020772 
0.003431 0.021228 0.027281 0.058848 0.080843 0.480415 0.237355 0.017503 0.059532 0.013564 
0.009706 0.031049 0.041562 0.093754 0.098495 0.296284 0.295118 0.063061 0.052818 0.018153 
0.001010 0.018536 0.030099 0.118252 0.055307 0.408079 0.260459 0.063945 0.034476 0.009837 
0.003185 0.010707 0.035358 0.064355 0.104332 0.208937 0.467565 0.062846 0.022414 0.020300 
0.012413 0.032553 0.063275 0.103082 0.086839 0.415331 0.164130 0.052358 0.036311 0.033707 
0.003230 0.025567 0.048431 0.102816 0.070894 0.492193 0.130975 0.091544 0.016254 0.018095 
0.008888 0.036072 0.061060 0.181920 0.093927 0.293117 0.162835 0.102839 0.023537 0.035805 
0.000244 0.006816 0.029087 0.222358 0.063099 0.354612 0.145926 0.136478 0.026186 0.015194 
0.006108 0.024598 0.045085 0.160732 0.065312 0.415612 0.082777 0.095747 0.053903 0.050126 
0.004724 0.015533 0.041010 0.212507 0.066921 0.407219 0.106233 0.074192 0.033843 0.037818 
0.001530 0.010962 0.041122 0.171021 0.072639 0.425290 0.140632 0.058974 0.041537 0.036292 
0.004994 0.020212 0.045619 0.224335 0.038491 0.505043 0.066115 0.036717 0.020385 0.038087 
0.002317 0.002586 0.009020 0.125772 0.072885 0.564727 0.115340 0.052864 0.026755 0.027734 
0.006142 0.022929 0.045929 0.321004 0.063025 0.349100 0.081618 0.050377 0.023184 0.036693 
0.016009 0.053585 0.106111 0.252632 0.062529 0.349644 0.090907 0.044329 0.013790 0.010464 
0.000654 0.014436 0.061264 0.222914 0.056426 0.440344 0.092686 0.046517 0.033461 0.031297 
0.001209 0.024144 0.068131 0.417388 0.040426 0.198382 0.107686 0.066782 0.042057 0.033795 
0.004047 0.032241 0.088558 0.308881 0.049929 0.345969 0.060588 0.039928 0.033842 0.036016 
0.001343 0.004544 0.015459 0.365463 0.078401 0.402989 0.062690 0.024689 0.018847 0.025575 
0.022891 0.074162 0.161431 0.377205 0.039095 0.183393 0.069228 0.032397 0.023336 0.016861 
0.004387 0.043090 0.098769 0.488231 0.095498 0.209345 0.023693 0.011697 0.013813 0.011478 
0.005946 0.016588 0.083638 0.289470 0.101150 0.341604 0.074407 0.045980 0.022717 0.018500 
0.006558 0.021379 0.042550 0.330662 0.053237 0.410388 0.068956 0.039858 0.013344 0.013068 
0.003374 0.010849 0.054772 0.423603 0.113406 0.289210 0.061906 0.020596 0.015967 0.006316 
0.001876 0.032806 0.071170 0.467890 0.027884 0.262954 0.068893 0.026641 0.026946 0.012941 
0.017544 0.040743 0.100154 0.581930 0.069552 0.095293 0.036321 0.025202 0.023424 0.009836 
0.003707 0.048442 0.129087 0.482500 0.064758 0.137930 0.045030 0.029605 0.025931 0.033008 
0.015649 0.064075 0.131888 0.548504 0.052485 0.089848 0.051455 0.019086 0.009410 0.017601 
0.007040 0.010492 0.032123 0.100672 0.148886 0.386080 0.150947 0.057609 0.046797 0.059355 
0.004809 0.041914 0.083776 0.072448 0.100221 0.423504 0.099248 0.079584 0.025476 0.069020 
0.011330 0.017000 0.061388 0.215051 0.179557 0.276449 0.106197 0.047268 0.050186 0.035572 
0.011653 0.015595 0.064108 0.165507 0.156778 0.203115 0.193175 0.095292 0.046383 0.048393 
0.000238 0.026519 0.045630 0.104505 0.144546 0.371457 0.149490 0.063651 0.059569 0.034395 
0.016028 0.032735 0.054733 0.124123 0.070627 0.502028 0.086946 0.044882 0.026858 0.041041 
0.011021 0.015773 0.068186 0.212253 0.092235 0.296625 0.123343 0.083373 0.058826 0.038365 
0.004157 0.008721 0.062866 0.201989 0.115164 0.237116 0.183002 0.056889 0.062776 0.067321 
0.000210 0.008961 0.039372 0.115897 0.100396 0.375072 0.118932 0.049209 0.110132 0.081820 
0.005654 0.011318 0.059206 0.084986 0.085516 0.306335 0.179064 0.081962 0.121860 0.064098 
0.005404 0.008534 0.069292 0.090214 0.127590 0.277445 0.145731 0.122977 0.074004 0.078811 
0.001734 0.019554 0.107761 0.118360 0.092655 0.213533 0.130884 0.117515 0.127185 0.070818 
0.007371 0.023115 0.090709 0.057180 0.148087 0.201149 0.163496 0.136475 0.078609 0.093809 
0.005462 0.013337 0.100867 0.146976 0.119590 0.160011 0.201399 0.117533 0.073671 0.061154 
0.006607 0.005236 0.104882 0.285860 0.104657 0.078890 0.093528 0.132769 0.131348 0.056224 
0.012448 0.017573 0.121863 0.112074 0.139349 0.161146 0.182048 0.099966 0.092814 0.060718 
0.006096 0.037932 0.056285 0.059861 0.432391 0.212506 0.111735 0.049391 0.018188 0.015615 
0.003115 0.009843 0.041188 0.172678 0.322720 0.270360 0.106183 0.030235 0.025163 0.018516 
0.003427 0.007980 0.032487 0.213587 0.289819 0.260585 0.127031 0.037355 0.020889 0.006840 
0.000119 0.007488 0.022682 0.230160 0.151204 0.104342 0.313738 0.079469 0.049307 0.041490 
0.003752 0.004419 0.009751 0.109262 0.052872 0.085890 0.586481 0.081885 0.029340 0.036347 
0.005156 0.005064 0.006151 0.348903 0.042450 0.070924 0.450891 0.033527 0.021249 0.015687 
0.000566 0.008829 0.032021 0.395922 0.093391 0.071339 0.315686 0.030128 0.013580 0.038538 
0.005251 0.038647 0.080007 0.167398 0.107317 0.161470 0.331791 0.039829 0.033476 0.034815 
0.006181 0.024329 0.045819 0.120945 0.081534 0.099985 0.226452 0.083645 0.175901 0.135208 
0.014422 0.059886 0.125486 0.220133 0.084683 0.066220 0.174120 0.076167 0.093833 0.085050 
0.009609 0.029264 0.036820 0.317700 0.087332 0.085758 0.316929 0.051438 0.036393 0.028758 
0.003361 0.016733 0.033149 0.272870 0.041936 0.050017 0.483473 0.049674 0.024056 0.024730 
0.003217 0.022438 0.032672 0.123766 0.057068 0.103612 0.508258 0.068801 0.046075 0.034094 
0.008245 0.026155 0.044569 0.275572 0.028713 0.077111 0.433788 0.030648 0.025065 0.050134 
0.004990 0.013807 0.021125 0.500873 0.038694 0.088220 0.224744 0.051346 0.026703 0.029497 
0.006252 0.026346 0.123510 0.432607 0.037244 0.032680 0.254089 0.033052 0.023419 0.030801 
0.006715 0.012364 0.106548 0.367763 0.037062 0.088638 0.269084 0.053891 0.020292 0.037642 
0.005558 0.031811 0.035125 0.211248 0.046127 0.145560 0.390392 0.058980 0.059365 0.015834 
0.010439 0.035232 0.052636 0.117853 0.046564 0.119682 0.393896 0.092850 0.044994 0.085854 
0.005222 0.031086 0.041439 0.112666 0.026218 0.038979 0.418238 0.120655 0.024040 0.181457 
0.007047 0.023518 0.029314 0.117913 0.076687 0.035451 0.196930 0.367526 0.023819 0.121797 
0.001990 0.021043 0.031767 0.048210 0.110668 0.041043 0.153071 0.454786 0.083507 0.053916 
0.000140 0.004062 0.008383 0.022046 0.057501 0.036524 0.153757 0.604205 0.081600 0.031782 
0.008457 0.029678 0.046112 0.088409 0.132695 0.019638 0.127043 0.495306 0.040502 0.012160 
