Tell-me-baby,RHCP
0.000000 0.000000 0.000000 0.000000 0.000000 0.000000 0.000000 0.000000 0.000000 0.000000 
0.000000 0.000000 0.000000 0.000000 0.000000 0.000000 0.000000 0.000000 0.000000 0.000000 
0.000000 0.000000 0.000000 0.000000 0.000000 0.000000 0.000000 0.000000 0.000000 0.000000 
0.000000 0.000000 0.000000 0.000000 0.000000 0.000000 0.000000 0.000000 0.000000 0.000000 
0.000000 0.000000 0.000000 0.000000 0.000000 0.000000 0.000000 0.000000 0.000000 0.000000 
0.052302 0.392779 0.130959 0.157391 0.086942 0.065222 0.028527 0.034431 0.033972 0.017477 
0.001605 0.532459 0.199782 0.094144 0.063997 0.014651 0.034515 0.028713 0.015572 0.014562 
0.027252 0.493591 0.212567 0.102259 0.050536 0.030873 0.031279 0.017889 0.023736 0.010018 
0.068212 0.513919 0.185641 0.073580 0.049589 0.018749 0.023642 0.031682 0.023086 0.011900 
0.014056 0.061921 0.452591 0.208055 0.126659 0.072128 0.023729 0.029354 0.005451 0.006057 
0.006974 0.037024 0.383220 0.266334 0.109758 0.113852 0.036399 0.028895 0.007812 0.009731 
0.002863 0.027989 0.389203 0.281092 0.122709 0.116069 0.023225 0.023440 0.006211 0.007199 
0.009102 0.036823 0.407190 0.282523 0.104331 0.099798 0.026263 0.020532 0.003315 0.010123 
0.002720 0.022230 0.373274 0.272654 0.070250 0.101420 0.054708 0.046046 0.030492 0.026205 
0.015391 0.070123 0.400903 0.269758 0.094312 0.084272 0.029769 0.019161 0.006058 0.010254 
0.007639 0.032930 0.389504 0.299194 0.122665 0.083929 0.017310 0.019394 0.013031 0.014405 
0.006960 0.029656 0.382581 0.285919 0.103283 0.103834 0.033757 0.026004 0.016410 0.011595 
0.004269 0.016491 0.386531 0.290203 0.089826 0.112986 0.037754 0.024337 0.016809 0.020795 
0.004048 0.031603 0.393873 0.289671 0.119660 0.097304 0.027009 0.014950 0.009651 0.012232 
0.002634 0.022095 0.381502 0.306655 0.147846 0.077422 0.018271 0.016565 0.012709 0.014301 
0.012811 0.064547 0.387314 0.257909 0.111167 0.080634 0.029472 0.022850 0.018188 0.015107 
0.012399 0.045547 0.366684 0.263746 0.102328 0.092843 0.048249 0.029708 0.024943 0.013553 
0.003900 0.025669 0.305192 0.297294 0.106589 0.089480 0.082122 0.031893 0.043895 0.013966 
0.004293 0.027782 0.209627 0.290194 0.088768 0.077448 0.185686 0.034862 0.066507 0.014834 
0.006452 0.033271 0.212469 0.279741 0.088977 0.084125 0.201820 0.022805 0.047083 0.023257 
0.000341 0.013221 0.213923 0.270078 0.096036 0.074696 0.212778 0.040594 0.052868 0.025465 
0.009192 0.046171 0.223625 0.251820 0.119079 0.074493 0.189024 0.030655 0.045127 0.010813 
0.003414 0.028839 0.210801 0.260972 0.124938 0.093239 0.200460 0.023610 0.046647 0.007079 
0.001368 0.016322 0.197515 0.264529 0.123227 0.106128 0.205229 0.027822 0.048157 0.009702 
0.008016 0.037709 0.202318 0.252471 0.098449 0.095259 0.209549 0.035594 0.048246 0.012390 
0.009929 0.037023 0.182197 0.255351 0.093279 0.084642 0.230435 0.037477 0.045278 0.024389 
0.003114 0.038416 0.133608 0.236908 0.045375 0.103005 0.317296 0.044047 0.060736 0.017495 
0.001504 0.015147 0.061938 0.260488 0.061400 0.108659 0.352771 0.060130 0.066816 0.011146 
0.000180 0.017715 0.090606 0.256918 0.072751 0.112203 0.332611 0.049138 0.060780 0.007098 
0.001886 0.027021 0.091846 0.247157 0.066126 0.104429 0.330106 0.051169 0.060124 0.020137 
0.000323 0.026588 0.441218 0.162565 0.136785 0.041099 0.128640 0.033416 0.017039 0.012328 
0.003978 0.018114 0.429384 0.093363 0.190256 0.033744 0.155523 0.040965 0.021346 0.013327 
0.004596 0.017168 0.404537 0.096433 0.196410 0.053643 0.166264 0.034700 0.016823 0.009428 
0.001027 0.009843 0.393616 0.113815 0.200977 0.064101 0.162699 0.026481 0.017604 0.009836 
0.002069 0.011354 0.401051 0.111402 0.199675 0.070323 0.162329 0.018036 0.022781 0.000980 
0.007139 0.025229 0.387702 0.125230 0.202212 0.046110 0.151366 0.020421 0.022686 0.011904 
0.006877 0.035477 0.373806 0.127141 0.201244 0.038043 0.148494 0.028865 0.027493 0.012560 
0.003069 0.011851 0.362928 0.154419 0.220293 0.034022 0.147446 0.034718 0.024821 0.006434 
0.001624 0.010468 0.380726 0.150569 0.218634 0.045059 0.135811 0.027695 0.021697 0.007717 
0.004460 0.015504 0.376493 0.156084 0.215804 0.058758 0.133614 0.021039 0.012041 0.006202 
0.000850 0.017337 0.402660 0.142134 0.209002 0.061817 0.119961 0.024293 0.012083 0.009864 
0.009662 0.048568 0.440626 0.085035 0.231795 0.065384 0.090998 0.007818 0.011223 0.008891 
0.006524 0.037033 0.339248 0.157652 0.174430 0.058244 0.130309 0.017383 0.043372 0.035807 
0.003394 0.021765 0.293893 0.198510 0.077752 0.062794 0.223258 0.016194 0.078232 0.024206 
0.002926 0.020436 0.301684 0.177034 0.062143 0.066326 0.254568 0.027950 0.065832 0.021100 
0.000907 0.008521 0.291669 0.190141 0.083056 0.074986 0.256312 0.028069 0.060643 0.005697 
0.000922 0.015013 0.308982 0.183867 0.076214 0.071031 0.241549 0.039436 0.060609 0.002377 
0.009531 0.043236 0.323595 0.167591 0.038764 0.057961 0.247076 0.032534 0.058266 0.021446 
0.004089 0.014681 0.340528 0.159089 0.030519 0.060126 0.262871 0.038124 0.061377 0.028595 
0.002616 0.029311 0.296953 0.176552 0.060777 0.089052 0.248738 0.028010 0.058497 0.009494 
0.003698 0.022457 0.220453 0.175687 0.052024 0.096925 0.293513 0.054774 0.068861 0.011609 
0.005723 0.032009 0.126368 0.190855 0.091407 0.110338 0.284928 0.067656 0.076613 0.014104 
0.011861 0.039881 0.086071 0.225926 0.038977 0.102924 0.348059 0.049220 0.070883 0.026199 
0.003514 0.040697 0.095340 0.237789 0.019709 0.086216 0.380345 0.041214 0.072488 0.022687 
0.007459 0.058758 0.215844 0.341221 0.050846 0.096839 0.115621 0.022273 0.070021 0.021118 
0.002589 0.040034 0.414666 0.175337 0.149554 0.042318 0.100416 0.031011 0.031720 0.012355 
0.009556 0.082954 0.414354 0.083306 0.170139 0.055250 0.134507 0.029714 0.015416 0.004804 
0.003552 0.083749 0.376019 0.102516 0.183098 0.071440 0.140618 0.013598 0.016055 0.009356 
0.001914 0.070444 0.420915 0.091188 0.198002 0.057934 0.118536 0.022273 0.013548 0.005247 
0.014362 0.118831 0.365585 0.115072 0.220501 0.024103 0.092841 0.026700 0.016212 0.005794 
0.009393 0.095449 0.422206 0.097962 0.205169 0.028888 0.083215 0.032198 0.018623 0.006898 
0.019220 0.137088 0.353895 0.102224 0.207464 0.034177 0.076469 0.035470 0.023087 0.010905 
0.003489 0.079834 0.442930 0.096642 0.213914 0.031370 0.069798 0.032062 0.020025 0.009936 
0.006829 0.083715 0.409968 0.089702 0.188681 0.064640 0.082775 0.035887 0.022952 0.014852 
0.018070 0.136548 0.394005 0.098630 0.206831 0.052148 0.078684 0.006918 0.005594 0.002573 
0.004062 0.083133 0.493536 0.079191 0.209226 0.040989 0.062507 0.014011 0.008152 0.005192 
0.011542 0.122108 0.382567 0.098528 0.188832 0.051599 0.061667 0.037557 0.027149 0.018450 
0.007502 0.092111 0.485996 0.087306 0.208736 0.028877 0.049785 0.024342 0.010863 0.004482 
0.002847 0.066586 0.350011 0.167934 0.177973 0.058872 0.070196 0.031043 0.062414 0.012123 
0.004877 0.054865 0.330732 0.174266 0.131684 0.084012 0.048701 0.037814 0.116078 0.016970 
0.007492 0.062712 0.370775 0.159059 0.121273 0.086789 0.061826 0.038216 0.085076 0.006782 
0.000146 0.068745 0.316497 0.198833 0.134484 0.087560 0.062988 0.035698 0.086966 0.008083 
0.012985 0.086590 0.359898 0.172629 0.108237 0.088068 0.045374 0.031433 0.083751 0.011035 
0.018199 0.105084 0.281285 0.194082 0.094779 0.088483 0.053299 0.041470 0.095855 0.027465 
0.006552 0.038703 0.195749 0.270538 0.139171 0.097629 0.067461 0.055706 0.114783 0.013708 
0.007146 0.044049 0.174103 0.251345 0.135490 0.111731 0.075601 0.048710 0.138125 0.013699 
0.006405 0.033936 0.263983 0.062451 0.211261 0.052264 0.168956 0.067180 0.119106 0.014459 
0.002924 0.023635 0.254923 0.094731 0.250072 0.043855 0.202615 0.058189 0.059483 0.009572 
0.012395 0.060519 0.272220 0.153758 0.218083 0.051647 0.157431 0.042419 0.024268 0.007260 
0.005772 0.050241 0.162484 0.346830 0.194830 0.092423 0.052748 0.047618 0.030166 0.016889 
0.007721 0.068485 0.209179 0.350012 0.151291 0.120017 0.045119 0.023049 0.018421 0.006704 
0.010394 0.052710 0.200851 0.346574 0.053304 0.055196 0.164906 0.026406 0.080937 0.008723 
0.008727 0.047451 0.119900 0.365443 0.071203 0.078364 0.197850 0.035090 0.068915 0.007057 
0.000871 0.007878 0.116536 0.373154 0.087943 0.086524 0.222602 0.028580 0.060694 0.015218 
0.003400 0.016927 0.122476 0.369022 0.087956 0.086178 0.226544 0.019726 0.053565 0.014207 
0.000878 0.012330 0.123986 0.377528 0.078977 0.071526 0.230164 0.029402 0.053978 0.021230 
0.001607 0.015805 0.124465 0.356492 0.074280 0.068472 0.240262 0.042899 0.058234 0.017485 
0.005663 0.028239 0.125133 0.347836 0.070003 0.077923 0.236494 0.041207 0.056491 0.011011 
0.003970 0.032471 0.118499 0.349047 0.058160 0.074507 0.242428 0.046603 0.057628 0.016688 
0.004169 0.035853 0.118818 0.344688 0.058768 0.076548 0.248425 0.036884 0.055223 0.020624 
0.003052 0.014089 0.138933 0.359993 0.061883 0.087102 0.247963 0.023983 0.044524 0.018478 
0.002062 0.018686 0.129854 0.350651 0.068696 0.087298 0.243574 0.032846 0.051679 0.014655 
0.001264 0.021656 0.130367 0.342328 0.070781 0.074701 0.247029 0.044802 0.057411 0.009660 
0.008688 0.025245 0.141271 0.329183 0.078703 0.072066 0.249116 0.039523 0.053522 0.002684 
0.002860 0.014290 0.171166 0.306825 0.070971 0.150328 0.141536 0.089307 0.028636 0.024081 
0.002158 0.011333 0.116972 0.346035 0.085976 0.192104 0.116205 0.075765 0.027046 0.026406 
0.005838 0.030993 0.122954 0.346749 0.100262 0.206938 0.092384 0.052415 0.019369 0.022099 
0.011458 0.045885 0.148413 0.327976 0.074481 0.206515 0.091610 0.045851 0.026703 0.021108 
0.002542 0.026498 0.127873 0.339325 0.051994 0.229242 0.109277 0.049380 0.030176 0.033691 
0.008100 0.040397 0.132891 0.335259 0.095670 0.193637 0.113678 0.035966 0.018536 0.025866 
0.005497 0.025443 0.125338 0.344243 0.127052 0.165799 0.114685 0.039734 0.022279 0.029930 
0.001480 0.016991 0.137464 0.322239 0.093184 0.170732 0.125506 0.055743 0.040012 0.036648 
0.005821 0.016937 0.123632 0.379617 0.076328 0.166279 0.150865 0.032827 0.022825 0.024870 
0.003542 0.026249 0.275047 0.254918 0.093692 0.078759 0.188033 0.028959 0.032191 0.018610 
0.002539 0.045636 0.258747 0.160533 0.111523 0.102122 0.229059 0.033295 0.043221 0.013325 
0.006045 0.043444 0.095711 0.237219 0.077053 0.106043 0.316760 0.045387 0.057592 0.014744 
0.000419 0.027826 0.059091 0.259246 0.065148 0.111690 0.349015 0.047582 0.060311 0.019672 
0.007732 0.025508 0.380359 0.206107 0.083596 0.141427 0.085213 0.044610 0.017828 0.007620 
0.002182 0.013931 0.267373 0.269521 0.095356 0.178718 0.091332 0.050927 0.020666 0.009993 
0.001964 0.013919 0.254122 0.285211 0.084757 0.178144 0.097361 0.055668 0.020161 0.008695 
0.004595 0.018590 0.265386 0.287809 0.091535 0.169467 0.087886 0.040199 0.022328 0.012205 
0.000044 0.018923 0.283770 0.270280 0.050985 0.189083 0.094859 0.043506 0.027481 0.021069 
0.012211 0.057916 0.306331 0.253573 0.052875 0.185137 0.073532 0.028896 0.015294 0.014234 
0.005424 0.025955 0.283146 0.269996 0.098667 0.174149 0.085769 0.027720 0.013874 0.015300 
0.005063 0.024938 0.272506 0.249148 0.065011 0.170344 0.105416 0.049794 0.035884 0.021897 
0.010355 0.036209 0.268214 0.248805 0.054713 0.171159 0.113859 0.037568 0.029084 0.030034 
0.004118 0.031597 0.246397 0.279328 0.081194 0.184865 0.103673 0.034424 0.019797 0.014606 
0.000889 0.012916 0.247476 0.293200 0.085283 0.186645 0.109274 0.029531 0.015157 0.019628 
0.005365 0.040074 0.286633 0.259776 0.087395 0.202278 0.053583 0.031214 0.019443 0.014241 
0.010048 0.040144 0.219912 0.226506 0.024181 0.165773 0.148360 0.025968 0.108108 0.030999 
0.000020 0.014741 0.124654 0.229214 0.032563 0.132632 0.271439 0.033702 0.108916 0.052120 
0.006333 0.031254 0.129448 0.228320 0.030575 0.145542 0.276504 0.037536 0.094871 0.019617 
0.001880 0.009778 0.107875 0.239440 0.029792 0.152600 0.296680 0.057116 0.096944 0.007895 
0.003492 0.015123 0.100257 0.235740 0.066784 0.131445 0.296397 0.049385 0.093446 0.007931 
0.005123 0.028852 0.114988 0.231429 0.075584 0.111187 0.281245 0.048530 0.083111 0.019950 
0.006823 0.016661 0.093721 0.239077 0.069077 0.127928 0.299015 0.035508 0.081973 0.030218 
0.000491 0.012717 0.096032 0.242982 0.059513 0.151404 0.289957 0.035727 0.080527 0.030650 
0.001180 0.013384 0.108508 0.222848 0.056784 0.158468 0.300401 0.034305 0.081261 0.022861 
0.001954 0.013195 0.046983 0.204087 0.077645 0.124854 0.370096 0.060618 0.094450 0.006119 
0.001143 0.015223 0.064204 0.204738 0.064904 0.128012 0.362082 0.056829 0.090259 0.012606 
0.002702 0.026942 0.085386 0.202042 0.046053 0.106796 0.361073 0.054602 0.087465 0.026939 
0.011567 0.055434 0.103465 0.200662 0.042329 0.111331 0.340897 0.030252 0.078860 0.025204 
0.001163 0.015518 0.339841 0.108673 0.182327 0.071356 0.171148 0.041614 0.055607 0.012754 
0.002172 0.014309 0.310870 0.084935 0.204333 0.087756 0.189010 0.052774 0.046176 0.007665 
0.000994 0.006558 0.282432 0.094384 0.233764 0.083081 0.193591 0.055304 0.047364 0.002528 
0.004304 0.020321 0.282077 0.091452 0.243858 0.073586 0.179120 0.051932 0.048114 0.005238 
0.001856 0.010007 0.279192 0.098175 0.243583 0.056046 0.178134 0.058625 0.052334 0.022047 
0.006970 0.022810 0.291178 0.095902 0.253895 0.035638 0.173403 0.054349 0.043202 0.022652 
0.006661 0.034414 0.304917 0.074721 0.235671 0.043274 0.189296 0.046679 0.047560 0.016807 
0.005000 0.027901 0.307759 0.073466 0.251928 0.053176 0.189956 0.038038 0.044860 0.007917 
0.000833 0.014591 0.314970 0.076826 0.251976 0.071668 0.201209 0.016902 0.040167 0.010859 
0.003518 0.022255 0.295328 0.095491 0.260294 0.066240 0.188749 0.025496 0.035309 0.007321 
0.008210 0.034592 0.303131 0.119051 0.250909 0.062833 0.160980 0.025919 0.028561 0.005813 
0.002042 0.010805 0.352860 0.088574 0.325728 0.042814 0.107857 0.041923 0.020062 0.007335 
0.004845 0.028686 0.365815 0.072138 0.291168 0.049414 0.103650 0.045948 0.024172 0.014165 
0.004023 0.024464 0.256523 0.170644 0.197789 0.054397 0.178141 0.010408 0.085688 0.017923 
0.002160 0.009655 0.213619 0.170815 0.183569 0.036625 0.242481 0.039116 0.093562 0.008397 
0.001845 0.014190 0.220493 0.166464 0.177551 0.060540 0.243214 0.025594 0.076084 0.014025 
0.002429 0.014973 0.224367 0.157611 0.167214 0.079291 0.252558 0.010796 0.069736 0.021026 
0.002471 0.015583 0.233053 0.150615 0.164963 0.081446 0.250180 0.007159 0.073468 0.021061 
0.000038 0.010057 0.245474 0.133603 0.169940 0.083021 0.258404 0.010904 0.073736 0.014823 
0.001300 0.019386 0.241340 0.128815 0.171985 0.072101 0.262251 0.023197 0.067344 0.012280 
0.004977 0.039072 0.172470 0.158854 0.193042 0.065704 0.269332 0.032522 0.059730 0.004297 
0.003044 0.014299 0.141126 0.150630 0.199439 0.037764 0.315070 0.041377 0.069007 0.028245 
0.006524 0.034480 0.146178 0.204171 0.121424 0.057964 0.303701 0.031831 0.063549 0.030178 
0.004633 0.033786 0.073049 0.222234 0.054887 0.105270 0.345501 0.051928 0.090289 0.018421 
0.003273 0.019700 0.036356 0.241522 0.052444 0.088055 0.397858 0.050055 0.095214 0.015522 
0.003317 0.024613 0.072923 0.378588 0.101026 0.135728 0.118130 0.031400 0.120259 0.014017 
0.004100 0.063945 0.350386 0.149085 0.162158 0.069608 0.093973 0.044992 0.043241 0.018513 
0.004276 0.067289 0.370086 0.090193 0.171509 0.070819 0.130513 0.046756 0.032949 0.015610 
0.003002 0.069040 0.387608 0.085675 0.200893 0.057880 0.138310 0.036050 0.019255 0.002287 
0.010536 0.099065 0.292649 0.127867 0.217212 0.054587 0.116179 0.045778 0.025368 0.010759 
0.004943 0.075839 0.393257 0.079610 0.216195 0.041569 0.114943 0.044325 0.022047 0.007271 
0.013531 0.114473 0.323485 0.110506 0.229546 0.040715 0.111699 0.033896 0.018959 0.003190 
0.004159 0.077328 0.391578 0.100065 0.225341 0.033498 0.092325 0.043591 0.022022 0.010094 
0.014551 0.110915 0.346301 0.095226 0.210981 0.045834 0.078390 0.053253 0.027314 0.017235 
0.016140 0.123772 0.353888 0.095987 0.215267 0.048329 0.091979 0.027995 0.018916 0.007727 
0.002219 0.074248 0.418662 0.089588 0.225948 0.061829 0.092802 0.015867 0.014051 0.004787 
0.013257 0.126838 0.358757 0.073376 0.202858 0.071509 0.097929 0.021892 0.018988 0.014596 
0.009810 0.092747 0.438844 0.075799 0.237169 0.039940 0.070044 0.020232 0.009961 0.005451 
0.001175 0.059949 0.275549 0.166318 0.177471 0.107695 0.067068 0.035099 0.096783 0.012893 
0.003637 0.054737 0.268492 0.193375 0.174573 0.103327 0.032117 0.039908 0.116625 0.013208 
0.003643 0.060358 0.290835 0.194698 0.179501 0.108984 0.029623 0.031617 0.092177 0.008564 
0.001020 0.058088 0.271141 0.214077 0.177917 0.102097 0.030159 0.026270 0.101945 0.017285 
0.011549 0.055983 0.245675 0.204135 0.150674 0.120011 0.029407 0.036659 0.126413 0.019495 
0.010043 0.063580 0.154313 0.238344 0.180312 0.132982 0.028669 0.052758 0.122148 0.016852 
0.005538 0.046815 0.118938 0.282339 0.203796 0.121851 0.033964 0.051501 0.121623 0.013635 
0.013415 0.057961 0.171868 0.254563 0.170068 0.115997 0.039332 0.042979 0.118605 0.015213 
0.013894 0.058524 0.086983 0.333372 0.092532 0.150608 0.110212 0.027679 0.106796 0.019401 
0.003344 0.023716 0.064801 0.347463 0.189243 0.142113 0.086045 0.036389 0.094376 0.012509 
0.008415 0.031634 0.088513 0.439017 0.125217 0.144828 0.092856 0.026826 0.033802 0.008891 
0.009028 0.056487 0.218869 0.385143 0.103155 0.021281 0.060309 0.080042 0.054100 0.011586 
0.001432 0.024312 0.437771 0.286789 0.049420 0.025284 0.049065 0.052610 0.040091 0.033225 
0.011978 0.069076 0.287686 0.348399 0.039414 0.090528 0.061432 0.037131 0.026576 0.027781 
0.000139 0.008659 0.229138 0.293319 0.101303 0.072560 0.130307 0.102989 0.029061 0.032526 
0.010549 0.052570 0.186593 0.226953 0.125469 0.063740 0.152493 0.116228 0.034578 0.030828 
0.004238 0.022222 0.227754 0.260108 0.090877 0.067361 0.151950 0.096630 0.048274 0.030585 
0.006207 0.035830 0.237872 0.223904 0.099356 0.069521 0.158086 0.091766 0.044714 0.032743 
0.005678 0.031028 0.227420 0.245269 0.100575 0.069592 0.150513 0.108533 0.038546 0.022848 
0.000008 0.018344 0.291635 0.219462 0.100006 0.051272 0.145252 0.120441 0.035286 0.018294 
0.014711 0.070147 0.250277 0.184745 0.119272 0.048790 0.137176 0.114150 0.036105 0.024628 
0.006754 0.031618 0.292183 0.205771 0.101251 0.044932 0.134660 0.132325 0.028325 0.022181 
0.012089 0.059778 0.275338 0.173812 0.113096 0.048134 0.138173 0.123247 0.032157 0.024177 
0.009621 0.054490 0.297778 0.198041 0.099350 0.051460 0.142502 0.110364 0.022356 0.014037 
0.005158 0.025970 0.312262 0.229139 0.090471 0.043397 0.140304 0.118976 0.019970 0.014354 
0.003275 0.017803 0.309440 0.244909 0.104226 0.033756 0.135931 0.112318 0.026974 0.011367 
0.002453 0.022781 0.325101 0.256459 0.090901 0.030564 0.132222 0.106668 0.023481 0.009371 
0.001874 0.027470 0.289159 0.244551 0.126692 0.036385 0.134205 0.081712 0.033443 0.024509 
0.007656 0.030873 0.297914 0.280075 0.079904 0.031918 0.124593 0.105158 0.024644 0.017266 
0.001461 0.026127 0.261921 0.255758 0.134276 0.054290 0.148272 0.079594 0.019506 0.018796 
0.010923 0.048566 0.309453 0.280687 0.065818 0.033915 0.122332 0.073915 0.028946 0.025445 
0.004145 0.018878 0.288964 0.299397 0.104225 0.034338 0.123757 0.075134 0.027290 0.023872 
0.005463 0.025227 0.308403 0.299120 0.109181 0.021798 0.098271 0.067031 0.032612 0.032895 
0.021440 0.106163 0.377803 0.231534 0.093557 0.030368 0.029187 0.077532 0.014643 0.017772 
0.003931 0.036826 0.550299 0.124518 0.120222 0.041298 0.035187 0.042767 0.026694 0.018258 
0.022610 0.097320 0.639455 0.103259 0.063694 0.018448 0.021806 0.020286 0.005241 0.007882 
0.022028 0.087276 0.246753 0.212749 0.218179 0.052607 0.045411 0.051144 0.043730 0.020124 
0.012718 0.062791 0.088397 0.121519 0.158384 0.029857 0.069957 0.115755 0.180287 0.160335 
0.005238 0.039297 0.240947 0.239170 0.119620 0.165819 0.065235 0.064596 0.034085 0.025993 
0.007207 0.037011 0.318900 0.249012 0.116274 0.154551 0.042611 0.048540 0.011543 0.014350 
0.004109 0.021131 0.310018 0.256183 0.132455 0.176337 0.033383 0.040265 0.005204 0.020915 
0.008878 0.041686 0.316561 0.250913 0.097129 0.172675 0.038287 0.039891 0.019044 0.014936 
0.003704 0.018611 0.302373 0.265220 0.107222 0.174827 0.048198 0.039422 0.017248 0.023178 
0.003145 0.024854 0.306021 0.269801 0.122459 0.155062 0.041293 0.034936 0.018699 0.023729 
0.005911 0.025642 0.309111 0.288717 0.140291 0.150571 0.023131 0.028378 0.013001 0.015248 
0.015257 0.063696 0.313638 0.252708 0.103353 0.153317 0.036692 0.028505 0.011177 0.021656 
0.001836 0.022237 0.292014 0.259528 0.126521 0.169875 0.056007 0.032786 0.022037 0.017159 
0.003296 0.020771 0.300336 0.293829 0.148727 0.172055 0.020487 0.017318 0.003925 0.019256 
0.002249 0.030502 0.284994 0.270911 0.150504 0.182555 0.029039 0.021862 0.008496 0.018887 
0.006667 0.026202 0.276883 0.266890 0.135637 0.186995 0.044874 0.025812 0.016550 0.013491 
0.005000 0.031717 0.284537 0.239223 0.144324 0.176671 0.045895 0.029758 0.019381 0.023494 
0.001879 0.010945 0.167063 0.275920 0.089867 0.108719 0.184512 0.026615 0.114135 0.020345 
0.006038 0.026806 0.128536 0.241241 0.078430 0.103626 0.250695 0.041202 0.096566 0.026861 
0.003782 0.013403 0.126845 0.242445 0.085721 0.090904 0.271907 0.060339 0.091178 0.013475 
0.002530 0.012121 0.121579 0.245926 0.099240 0.095444 0.266850 0.057814 0.088120 0.010378 
0.002525 0.011837 0.111082 0.248624 0.090610 0.117793 0.270128 0.047813 0.083060 0.016528 
0.007123 0.031349 0.139490 0.245557 0.079488 0.121199 0.255515 0.022988 0.071747 0.025545 
0.006177 0.022484 0.135254 0.246011 0.078307 0.111366 0.264292 0.033296 0.070710 0.032103 
0.004034 0.026144 0.132483 0.239557 0.090393 0.118801 0.265940 0.038962 0.074367 0.009318 
0.005431 0.030855 0.098808 0.231546 0.079578 0.089210 0.314701 0.057733 0.087107 0.005030 
0.000666 0.019438 0.036625 0.243006 0.059935 0.119990 0.360812 0.052905 0.088740 0.017883 
0.002684 0.023815 0.034931 0.249406 0.042996 0.105099 0.358992 0.058596 0.087101 0.036381 
0.009951 0.028440 0.085570 0.254753 0.041453 0.101436 0.342755 0.037682 0.067143 0.030816 
0.009900 0.062590 0.251778 0.218385 0.133711 0.086150 0.168597 0.032476 0.024804 0.011608 
0.003604 0.016481 0.338485 0.156541 0.189301 0.061103 0.188778 0.024049 0.018737 0.002920 
0.000059 0.013980 0.314637 0.138420 0.205523 0.065132 0.194263 0.038250 0.018622 0.011115 
0.007550 0.032159 0.311156 0.141314 0.220401 0.051910 0.178662 0.034514 0.013986 0.008348 
0.002106 0.008519 0.323860 0.137978 0.233318 0.061126 0.174354 0.035562 0.015019 0.008158 
0.000706 0.009720 0.340424 0.136849 0.249066 0.057282 0.182515 0.014613 0.006702 0.002123 
0.000287 0.005836 0.353357 0.139098 0.249600 0.057529 0.171198 0.015680 0.005366 0.002050 
0.004005 0.013130 0.340312 0.141060 0.245504 0.045960 0.161504 0.025986 0.014755 0.007784 
0.004379 0.017074 0.345669 0.148312 0.233603 0.032896 0.144490 0.038777 0.021475 0.013326 
0.001991 0.013541 0.342659 0.163741 0.251560 0.024913 0.133135 0.036888 0.020892 0.010680 
0.004750 0.024051 0.366404 0.130105 0.232766 0.042508 0.124019 0.042277 0.020212 0.012907 
0.005345 0.022147 0.394983 0.115147 0.250296 0.053659 0.090684 0.032686 0.024146 0.010907 
0.002407 0.021013 0.384904 0.108977 0.227691 0.069056 0.118780 0.030790 0.017470 0.018913 
0.006004 0.035665 0.248808 0.147162 0.184437 0.068878 0.184644 0.018773 0.086004 0.019624 
0.002714 0.015435 0.249805 0.138117 0.184586 0.085766 0.209312 0.017913 0.073518 0.022834 
0.005840 0.028050 0.253273 0.144265 0.178056 0.082584 0.196496 0.025544 0.067961 0.017932 
0.002195 0.019205 0.257374 0.154051 0.188279 0.076293 0.189449 0.029561 0.072180 0.011414 
0.001410 0.018704 0.248778 0.156569 0.190809 0.074630 0.193748 0.034949 0.073329 0.007074 
0.005465 0.024296 0.272862 0.147578 0.160165 0.041517 0.203536 0.043759 0.072529 0.028292 
0.011046 0.049055 0.292715 0.150900 0.164356 0.038528 0.192570 0.020298 0.057742 0.022789 
0.001026 0.027672 0.227830 0.168245 0.158584 0.090840 0.210518 0.040101 0.064331 0.010853 
0.002413 0.022209 0.196119 0.169969 0.158303 0.082324 0.240770 0.047408 0.077409 0.003077 
0.001457 0.023186 0.059982 0.227645 0.085085 0.120584 0.328344 0.048939 0.092127 0.012651 
0.000843 0.020319 0.119649 0.212792 0.046352 0.107807 0.328796 0.052936 0.085902 0.024604 
0.002610 0.037653 0.324100 0.236377 0.056455 0.040884 0.203144 0.024486 0.061305 0.012987 
0.010397 0.092224 0.359010 0.129009 0.163905 0.057231 0.120673 0.027761 0.037282 0.002507 
0.005822 0.081037 0.354649 0.098833 0.182848 0.065497 0.157348 0.022851 0.024306 0.006809 
0.004055 0.068224 0.368599 0.080289 0.198777 0.067376 0.154842 0.033966 0.020204 0.003668 
0.015808 0.123246 0.301959 0.106319 0.212378 0.053123 0.127214 0.034740 0.019549 0.005665 
0.012167 0.103581 0.349490 0.103862 0.209446 0.050159 0.111042 0.034081 0.020805 0.005366 
0.018953 0.138142 0.305180 0.123117 0.235048 0.037469 0.089666 0.027349 0.018224 0.006853 
0.005560 0.087856 0.384928 0.110690 0.225199 0.047401 0.085879 0.028036 0.015640 0.008811 
0.002739 0.091300 0.341292 0.098556 0.197232 0.077788 0.104757 0.037442 0.029671 0.019224 
0.014220 0.116639 0.356946 0.095860 0.215407 0.073355 0.087943 0.018443 0.013771 0.007416 
0.001878 0.075416 0.427421 0.089105 0.242656 0.051197 0.081385 0.017942 0.009336 0.003665 
0.000175 0.090900 0.347099 0.133016 0.252977 0.038209 0.063555 0.038081 0.023218 0.012770 
0.000500 0.067269 0.416414 0.084356 0.251178 0.047611 0.061424 0.039233 0.020917 0.011097 
0.004134 0.043076 0.253413 0.147167 0.208717 0.104977 0.095336 0.054571 0.077224 0.011384 
0.005480 0.022210 0.252676 0.195844 0.186124 0.103612 0.051742 0.057593 0.113312 0.011407 
0.001500 0.015398 0.209670 0.248789 0.200559 0.120880 0.063949 0.039483 0.087370 0.012404 
0.004602 0.025266 0.226216 0.227327 0.157728 0.147470 0.091280 0.041251 0.069491 0.009369 
0.007976 0.031795 0.257301 0.225984 0.158249 0.127247 0.080648 0.040686 0.065474 0.004641 
0.001423 0.010840 0.161686 0.278342 0.191222 0.124252 0.097450 0.044331 0.077950 0.012503 
0.004366 0.025986 0.186966 0.268070 0.193906 0.102066 0.079660 0.022840 0.099375 0.016764 
0.010662 0.033371 0.149941 0.300480 0.155552 0.124436 0.086801 0.022011 0.098707 0.018040 
0.007094 0.039473 0.145212 0.250945 0.165158 0.098427 0.142042 0.033215 0.098861 0.019572 
0.005365 0.030457 0.220118 0.066297 0.254430 0.088997 0.167804 0.047234 0.100622 0.018675 
0.005729 0.026878 0.235549 0.079057 0.269390 0.103795 0.181417 0.029564 0.049525 0.019094 
0.000930 0.050824 0.166956 0.290968 0.142897 0.155830 0.067212 0.081986 0.031172 0.011223 
0.003437 0.042485 0.144292 0.198041 0.156178 0.130540 0.127299 0.064660 0.086235 0.046833 
0.007755 0.044820 0.136283 0.235565 0.099214 0.112625 0.207220 0.036945 0.091444 0.028129 
0.004870 0.018896 0.106509 0.249692 0.081736 0.107184 0.265941 0.058505 0.081091 0.025576 
0.001959 0.012415 0.117838 0.266101 0.081613 0.091164 0.266884 0.063118 0.077867 0.021041 
0.005665 0.019305 0.113652 0.283364 0.105769 0.093397 0.252160 0.042468 0.071998 0.012222 
0.001123 0.013245 0.100688 0.310264 0.103267 0.094796 0.244777 0.043818 0.071851 0.016172 
0.007509 0.037054 0.119106 0.296923 0.090149 0.093775 0.233783 0.035253 0.058806 0.027640 
0.009908 0.045140 0.118859 0.277943 0.079630 0.091600 0.241054 0.047794 0.062812 0.025259 
0.006651 0.034777 0.126235 0.275625 0.097378 0.099678 0.225597 0.051398 0.060814 0.021846 
0.004628 0.015307 0.120725 0.291694 0.110952 0.131013 0.226491 0.026503 0.056162 0.016525 
0.003705 0.019656 0.138514 0.310265 0.089075 0.130156 0.216215 0.024404 0.055416 0.012593 
0.001613 0.015658 0.163325 0.283263 0.095307 0.107149 0.235591 0.025900 0.052122 0.020071 
0.000041 0.015493 0.151126 0.278421 0.090836 0.088107 0.261865 0.036183 0.055341 0.022586 
0.002898 0.019034 0.207791 0.255922 0.082787 0.129104 0.170613 0.075365 0.039047 0.017440 
0.011956 0.052111 0.132817 0.307733 0.083904 0.148425 0.121418 0.088405 0.038212 0.015018 
0.002289 0.019969 0.117364 0.326500 0.065517 0.156109 0.150058 0.082594 0.046486 0.033112 
0.007107 0.038221 0.127586 0.336916 0.076166 0.157407 0.150752 0.053198 0.028271 0.024376 
0.001745 0.008720 0.119559 0.346094 0.097775 0.173807 0.140050 0.049803 0.029252 0.033195 
0.000533 0.009367 0.131232 0.341550 0.085313 0.195149 0.140978 0.044196 0.025441 0.026241 
0.001368 0.008353 0.144361 0.331116 0.071534 0.202187 0.149566 0.040051 0.025460 0.026005 
0.001819 0.020848 0.132024 0.333034 0.065079 0.175308 0.188369 0.035776 0.030944 0.016799 
0.005519 0.037875 0.181265 0.293977 0.054805 0.105038 0.222968 0.041067 0.039402 0.018085 
0.016498 0.070574 0.253894 0.148032 0.073903 0.109866 0.245838 0.030356 0.033896 0.017144 
0.000424 0.021986 0.117129 0.225281 0.037766 0.104815 0.353025 0.061993 0.052761 0.024820 
0.008668 0.034927 0.066670 0.230976 0.051497 0.112107 0.376821 0.058737 0.053031 0.006567 
0.005296 0.036333 0.363942 0.146041 0.115707 0.121092 0.103081 0.054690 0.036912 0.016905 
0.005167 0.020383 0.289686 0.260475 0.113249 0.169405 0.071064 0.047941 0.016480 0.006151 
0.001361 0.016419 0.298871 0.248342 0.075051 0.186563 0.074957 0.052342 0.025578 0.020516 
0.011756 0.057183 0.303266 0.250849 0.091207 0.153078 0.077450 0.032041 0.014177 0.008993 
0.006632 0.032659 0.300424 0.271826 0.110167 0.121194 0.093664 0.036882 0.014562 0.011989 
0.006476 0.028204 0.295551 0.250431 0.083941 0.122696 0.109685 0.055853 0.030446 0.016717 
0.001115 0.006716 0.280144 0.264064 0.088469 0.145970 0.121606 0.039964 0.028240 0.023711 
0.003833 0.017322 0.280957 0.254036 0.096017 0.155545 0.104335 0.040165 0.025350 0.022440 
0.005762 0.028051 0.283776 0.249371 0.114137 0.147441 0.106403 0.029061 0.017872 0.018126 
0.015555 0.060294 0.307400 0.221101 0.083236 0.142753 0.106311 0.032883 0.017134 0.013334 
0.001960 0.022516 0.290687 0.235852 0.114000 0.171171 0.088436 0.032038 0.023669 0.019672 
0.003544 0.025201 0.324758 0.258535 0.150947 0.166777 0.021802 0.026220 0.007534 0.014682 
0.002421 0.011478 0.200949 0.279367 0.126299 0.125515 0.118325 0.027675 0.081760 0.026211 
0.001334 0.009370 0.138845 0.255321 0.096137 0.098371 0.226506 0.048095 0.106072 0.019951 
0.004892 0.024813 0.159711 0.222692 0.075088 0.122770 0.240901 0.058687 0.084189 0.006258 
0.002843 0.020808 0.144435 0.234514 0.073440 0.139864 0.250672 0.037065 0.078385 0.017975 
0.005605 0.023733 0.150449 0.241923 0.064241 0.154227 0.243213 0.022624 0.069944 0.024042 
0.002008 0.013803 0.140066 0.234456 0.078796 0.138148 0.253020 0.034780 0.080930 0.023994 
0.002138 0.018219 0.129808 0.226373 0.088464 0.138670 0.264977 0.045301 0.079314 0.006737 
0.002504 0.011882 0.103899 0.205191 0.055252 0.114271 0.347249 0.051461 0.095214 0.013077 
0.000678 0.013256 0.079035 0.218547 0.081086 0.115488 0.346932 0.045191 0.084434 0.015353 
0.007481 0.035493 0.090759 0.228857 0.046816 0.101625 0.348495 0.036419 0.074867 0.029189 
0.003369 0.017515 0.112400 0.222062 0.042942 0.092174 0.343669 0.054614 0.080880 0.030375 
0.006828 0.041390 0.110367 0.203788 0.051388 0.097991 0.335384 0.056917 0.080533 0.015414 
0.004655 0.018889 0.110636 0.220922 0.064777 0.105661 0.337519 0.051616 0.080927 0.004398 
0.007754 0.038146 0.391457 0.162630 0.131846 0.065481 0.160166 0.020687 0.019310 0.002522 
0.001330 0.007744 0.362143 0.151387 0.178455 0.065476 0.181798 0.027465 0.019741 0.004461 
0.005250 0.028122 0.359810 0.130919 0.197037 0.044364 0.179126 0.022745 0.020748 0.011879 
0.009967 0.048985 0.362091 0.124870 0.201375 0.032708 0.167036 0.016299 0.027407 0.009261 
0.002384 0.020777 0.368623 0.127351 0.220224 0.033283 0.170601 0.016091 0.033267 0.007400 
0.002352 0.018412 0.350642 0.145831 0.239075 0.039828 0.157336 0.007185 0.030606 0.008733 
0.000242 0.016087 0.364110 0.133436 0.238854 0.044637 0.155277 0.006490 0.032193 0.008674 
0.005525 0.023528 0.375971 0.112315 0.220070 0.057453 0.147891 0.014327 0.034476 0.008443 
0.009633 0.037527 0.384878 0.092151 0.213741 0.071845 0.133307 0.018443 0.033421 0.005055 
0.007006 0.031590 0.398220 0.093216 0.213395 0.076459 0.131544 0.008303 0.030371 0.009896 
0.002497 0.021351 0.407025 0.078751 0.206594 0.080398 0.139940 0.021628 0.033790 0.008026 
0.004506 0.020983 0.421998 0.072645 0.219025 0.048753 0.145758 0.022393 0.031177 0.012762 
0.001682 0.016562 0.416936 0.110756 0.244140 0.034331 0.109649 0.025080 0.026776 0.014088 
0.002278 0.017748 0.365605 0.204694 0.154287 0.040423 0.111536 0.023228 0.068091 0.012110 
0.003094 0.010636 0.284301 0.225967 0.098225 0.058069 0.197266 0.027531 0.080894 0.014017 
0.002172 0.009444 0.325332 0.209483 0.071232 0.054665 0.231466 0.015763 0.060573 0.019871 
0.005018 0.017920 0.302243 0.227355 0.060126 0.057762 0.239182 0.012037 0.057568 0.020789 
0.003861 0.027437 0.309440 0.218545 0.056645 0.059793 0.230174 0.018808 0.061230 0.014068 
0.000542 0.010510 0.239974 0.203579 0.076388 0.071270 0.287042 0.030338 0.072285 0.008073 
0.001522 0.010523 0.202679 0.219969 0.080962 0.066356 0.302803 0.037148 0.067886 0.010153 
0.002111 0.013631 0.252225 0.150651 0.111288 0.060070 0.264031 0.030675 0.073484 0.041834 
0.005512 0.040256 0.391988 0.100578 0.133208 0.050040 0.180568 0.040906 0.035861 0.021085 
0.001133 0.047808 0.420030 0.110053 0.144933 0.026689 0.180997 0.042040 0.017923 0.008393 
0.001268 0.036530 0.430705 0.094148 0.154935 0.021715 0.176055 0.049497 0.023926 0.011221 
0.001226 0.060383 0.556180 0.194237 0.075571 0.046203 0.030226 0.015946 0.012431 0.007597 
0.008890 0.111577 0.502839 0.196840 0.066466 0.033943 0.033464 0.019604 0.015883 0.010495 
0.018221 0.142360 0.522980 0.112818 0.026815 0.072739 0.050032 0.015665 0.021637 0.016734 
0.001905 0.053371 0.441252 0.113488 0.144334 0.058234 0.099184 0.032481 0.040262 0.015488 
0.005969 0.052248 0.420107 0.100960 0.144854 0.069426 0.111460 0.042692 0.035644 0.016640 
0.012934 0.102118 0.310710 0.145397 0.151473 0.089010 0.094372 0.031169 0.050071 0.012747 
0.011712 0.108691 0.369997 0.126054 0.146269 0.066648 0.070953 0.025387 0.057148 0.017141 
0.003462 0.085817 0.397312 0.140718 0.167399 0.070671 0.043241 0.027928 0.048602 0.014850 
0.006863 0.082531 0.403646 0.146132 0.164473 0.070512 0.037859 0.030444 0.044195 0.013346 
0.003041 0.093230 0.394240 0.122596 0.156655 0.076668 0.048301 0.047107 0.042623 0.015539 
0.011625 0.113229 0.419895 0.118697 0.177353 0.060499 0.040708 0.024746 0.025078 0.008171 
0.013935 0.105212 0.413898 0.158772 0.124288 0.073147 0.040540 0.014143 0.039332 0.016734 
0.006054 0.084753 0.443515 0.158369 0.106105 0.071363 0.040848 0.023731 0.050672 0.014590 
0.015670 0.118545 0.466958 0.127749 0.116247 0.063408 0.021803 0.015016 0.043914 0.010690 
0.015130 0.116271 0.428521 0.142212 0.107927 0.080943 0.039293 0.033861 0.025187 0.010654 
0.002916 0.044199 0.541291 0.133238 0.157257 0.048491 0.014082 0.007761 0.038806 0.011960 
0.014233 0.115474 0.502482 0.147239 0.088492 0.044374 0.015021 0.015728 0.042231 0.014725 
0.017043 0.124083 0.519422 0.117102 0.113585 0.038213 0.013898 0.015035 0.034354 0.007265 
0.003017 0.068310 0.531644 0.171321 0.094050 0.047934 0.028232 0.010748 0.033088 0.011656 
0.017115 0.105747 0.540979 0.110074 0.099956 0.048317 0.035823 0.011567 0.026659 0.003763 
0.008706 0.100149 0.562363 0.091427 0.111868 0.031082 0.028434 0.012780 0.040233 0.012959 
0.003882 0.084884 0.487750 0.111218 0.095176 0.064737 0.049745 0.037251 0.044273 0.021085 
0.000303 0.051193 0.584380 0.146839 0.096828 0.037861 0.030347 0.010845 0.031537 0.009867 
0.001927 0.076475 0.574095 0.124515 0.096282 0.040877 0.034808 0.019270 0.027995 0.003756 
0.009100 0.100017 0.553820 0.135389 0.069486 0.038692 0.035773 0.020947 0.031060 0.005716 
0.015365 0.115413 0.545024 0.113146 0.109802 0.031649 0.021598 0.008244 0.031350 0.008410 
0.006635 0.074377 0.589656 0.132877 0.074686 0.039029 0.027680 0.019093 0.029948 0.006019 
0.010960 0.107725 0.599643 0.084044 0.078377 0.035567 0.017510 0.013607 0.039090 0.013477 
0.026280 0.167266 0.490638 0.126583 0.061980 0.040955 0.033573 0.007915 0.035670 0.009140 
0.000325 0.061131 0.631362 0.121952 0.068483 0.036209 0.029489 0.012798 0.031347 0.006903 
0.012635 0.120453 0.565436 0.078148 0.107429 0.028929 0.034346 0.016233 0.030354 0.006038 
0.026998 0.185117 0.509912 0.087761 0.075984 0.029409 0.025925 0.026024 0.029491 0.003379 
0.010424 0.115349 0.488653 0.134586 0.107661 0.038473 0.041537 0.011760 0.037290 0.014266 
0.006037 0.095056 0.601450 0.110763 0.075822 0.031651 0.028700 0.019729 0.028328 0.002464 
0.018658 0.140171 0.583008 0.080978 0.057630 0.031758 0.031984 0.019916 0.031030 0.004866 
0.010710 0.129854 0.473514 0.144049 0.096291 0.028906 0.033600 0.037149 0.032443 0.013484 
0.008953 0.096785 0.651692 0.064475 0.065820 0.031725 0.028526 0.014421 0.032883 0.004721 
0.008135 0.112404 0.634441 0.076602 0.066318 0.029010 0.024518 0.018013 0.029550 0.001008 
0.010961 0.128316 0.561709 0.097518 0.059642 0.040861 0.036379 0.022276 0.030035 0.012303 
0.020118 0.154724 0.541683 0.110937 0.068695 0.026193 0.027149 0.006037 0.035988 0.008476 
0.004363 0.086146 0.683193 0.069786 0.066309 0.022456 0.019698 0.014567 0.028744 0.004737 
0.000886 0.100591 0.660366 0.052590 0.052483 0.038351 0.030055 0.018892 0.034002 0.011786 
0.021872 0.173118 0.470424 0.111433 0.088029 0.029289 0.027641 0.031018 0.033190 0.013985 
0.018867 0.140956 0.605065 0.086084 0.045789 0.029702 0.030193 0.004851 0.029885 0.008608 
0.005934 0.092677 0.705624 0.046179 0.049480 0.029480 0.031350 0.016853 0.020778 0.001645 
0.015943 0.145787 0.561179 0.089097 0.074864 0.026264 0.033614 0.019420 0.023712 0.010119 
0.025229 0.189547 0.504877 0.094593 0.058610 0.028294 0.026827 0.027121 0.031075 0.013827 
0.004515 0.095885 0.698055 0.051701 0.067232 0.018582 0.022828 0.017757 0.020596 0.002848 
0.008327 0.098823 0.700570 0.056013 0.045619 0.023292 0.022590 0.007366 0.027979 0.009421 
0.026692 0.182594 0.539047 0.101898 0.056217 0.026256 0.029116 0.012415 0.020082 0.005683 
0.004528 0.102277 0.607451 0.098835 0.063579 0.034746 0.034587 0.015465 0.025864 0.012669 
0.000769 0.078949 0.712828 0.077477 0.048193 0.025322 0.024622 0.007158 0.021809 0.002873 
0.012913 0.123498 0.654631 0.079115 0.063022 0.015321 0.017364 0.005875 0.023303 0.004957 
0.004344 0.117945 0.495191 0.132814 0.068452 0.044293 0.043192 0.034717 0.036789 0.022264 
0.012646 0.124549 0.670055 0.068008 0.056585 0.015654 0.025418 0.006431 0.019840 0.000814 
0.000678 0.078275 0.727898 0.061691 0.051276 0.018029 0.033338 0.005872 0.019123 0.003819 
0.047059 0.229799 0.492812 0.094337 0.024879 0.031341 0.030031 0.020659 0.014823 0.014260 
0.044038 0.659172 0.149931 0.050431 0.023101 0.014355 0.020811 0.010897 0.017623 0.009640 
0.014181 0.160309 0.335901 0.195859 0.078549 0.053560 0.032153 0.026707 0.061650 0.041133 
0.006023 0.260675 0.267472 0.187399 0.098257 0.031102 0.030535 0.038374 0.052852 0.027311 
0.009404 0.240295 0.292580 0.145916 0.121685 0.028900 0.049070 0.031425 0.047165 0.033560 
0.008372 0.132271 0.394394 0.159635 0.105843 0.045802 0.036356 0.036104 0.039359 0.041862 
0.037323 0.260463 0.414970 0.109512 0.057283 0.028566 0.030732 0.025622 0.018981 0.016548 
0.009828 0.519535 0.211818 0.049463 0.074794 0.023751 0.011146 0.011371 0.062586 0.025709 
0.055620 0.472178 0.131491 0.030275 0.131822 0.027772 0.014277 0.024637 0.091563 0.020364 
0.009056 0.216073 0.535704 0.069885 0.055524 0.042099 0.021373 0.013874 0.027375 0.009037 
0.013164 0.474729 0.241069 0.092888 0.054042 0.036567 0.027818 0.019358 0.015307 0.025059 
0.006289 0.352430 0.282098 0.059599 0.099896 0.056540 0.032524 0.023992 0.024874 0.061760 
0.007819 0.050826 0.058485 0.145090 0.186430 0.093279 0.171468 0.120382 0.108559 0.057663 
0.002602 0.071755 0.182041 0.129232 0.139037 0.060955 0.138742 0.084941 0.097237 0.093459 
0.010524 0.054047 0.163884 0.098036 0.169617 0.141442 0.106939 0.044040 0.037463 0.174008 
0.012712 0.110442 0.322714 0.117433 0.086816 0.115046 0.065500 0.039155 0.051856 0.078328 
0.032825 0.195786 0.246632 0.118606 0.118034 0.067767 0.064060 0.047341 0.037172 0.071778 
0.026560 0.215817 0.272022 0.055077 0.058319 0.107955 0.125117 0.059507 0.039931 0.039695 
0.014936 0.229670 0.470568 0.122070 0.042987 0.025469 0.022984 0.019439 0.019772 0.032105 
0.001514 0.450413 0.243783 0.092668 0.059875 0.036570 0.021550 0.033830 0.014960 0.044837 
0.025504 0.292747 0.331803 0.094398 0.080003 0.041841 0.028082 0.026613 0.035293 0.043716 
0.028288 0.353819 0.227592 0.173471 0.065317 0.039164 0.028380 0.027402 0.033071 0.023495 
