The-name-of-the-game,ABBA
0.000000 0.000000 0.000000 0.000000 0.000000 0.000000 0.000000 0.000000 0.000000 0.000000 
0.000000 0.000000 0.000000 0.000000 0.000000 0.000000 0.000000 0.000000 0.000000 0.000000 
0.000000 0.000000 0.000000 0.000000 0.000000 0.000000 0.000000 0.000000 0.000000 0.000000 
0.000000 0.000000 0.000000 0.000000 0.000000 0.000000 0.000000 0.000000 0.000000 0.000000 
0.000000 0.000000 0.000000 0.000000 0.000000 0.000000 0.000000 0.000000 0.000000 0.000000 
0.000000 0.000000 0.000000 0.000000 0.000000 0.000000 0.000000 0.000000 0.000000 0.000000 
0.000000 0.000000 0.000000 0.000000 0.000000 0.000000 0.000000 0.000000 0.000000 0.000000 
0.000000 0.000000 0.000000 0.000000 0.000000 0.000000 0.000000 0.000000 0.000000 0.000000 
0.000000 0.000000 0.000000 0.000000 0.000000 0.000000 0.000000 0.000000 0.000000 0.000000 
0.000000 0.000000 0.000000 0.000000 0.000000 0.000000 0.000000 0.000000 0.000000 0.000000 
0.000000 0.000000 0.000000 0.000000 0.000000 0.000000 0.000000 0.000000 0.000000 0.000000 
0.000000 0.000000 0.000000 0.000000 0.000000 0.000000 0.000000 0.000000 0.000000 0.000000 
0.000000 0.000000 0.000000 0.000000 0.000000 0.000000 0.000000 0.000000 0.000000 0.000000 
0.000000 0.000000 0.000000 0.000000 0.000000 0.000000 0.000000 0.000000 0.000000 0.000000 
0.000000 0.000000 0.000000 0.000000 0.000000 0.000000 0.000000 0.000000 0.000000 0.000000 
0.000000 0.000000 0.000000 0.000000 0.000000 0.000000 0.000000 0.000000 0.000000 0.000000 
0.000000 0.000000 0.000000 0.000000 0.000000 0.000000 0.000000 0.000000 0.000000 0.000000 
0.000000 0.000000 0.000000 0.000000 0.000000 0.000000 0.000000 0.000000 0.000000 0.000000 
0.000000 0.000000 0.000000 0.000000 0.000000 0.000000 0.000000 0.000000 0.000000 0.000000 
0.000000 0.000000 0.000000 0.000000 0.000000 0.000000 0.000000 0.000000 0.000000 0.000000 
0.000000 0.000000 0.000000 0.000000 0.000000 0.000000 0.000000 0.000000 0.000000 0.000000 
0.000000 0.000000 0.000000 0.000000 0.000000 0.000000 0.000000 0.000000 0.000000 0.000000 
0.000000 0.000000 0.000000 0.000000 0.000000 0.000000 0.000000 0.000000 0.000000 0.000000 
0.035388 0.144411 0.168842 0.154894 0.140257 0.095860 0.099398 0.074648 0.054944 0.031358 
0.018737 0.246418 0.329878 0.135220 0.102350 0.024126 0.044376 0.051046 0.018756 0.029094 
0.036323 0.210348 0.308916 0.170960 0.054163 0.036225 0.055286 0.045377 0.048933 0.033468 
0.022668 0.155465 0.155944 0.214861 0.092610 0.065903 0.049830 0.071183 0.130302 0.041236 
0.000021 0.055741 0.139816 0.263972 0.109313 0.058392 0.066173 0.106626 0.137881 0.062063 
0.007261 0.095021 0.175410 0.272669 0.114796 0.056734 0.041551 0.101235 0.106835 0.028489 
0.003308 0.072838 0.249939 0.244427 0.099727 0.056958 0.042483 0.108164 0.084307 0.037849 
0.017419 0.157934 0.222903 0.287095 0.099299 0.043456 0.031894 0.083975 0.033409 0.022616 
0.008710 0.133786 0.219454 0.357224 0.078061 0.051654 0.039944 0.053131 0.032372 0.025664 
0.006172 0.138001 0.246968 0.258717 0.070565 0.092678 0.043325 0.037640 0.066842 0.039094 
0.007529 0.040739 0.185933 0.193717 0.090024 0.098041 0.093374 0.114645 0.110220 0.065778 
0.003535 0.055543 0.214415 0.282103 0.120519 0.040790 0.052236 0.063725 0.087354 0.079779 
0.000687 0.025764 0.229632 0.364702 0.108598 0.018149 0.052947 0.063429 0.079561 0.056532 
0.011183 0.071971 0.201046 0.289476 0.120656 0.042061 0.037047 0.067894 0.125700 0.032966 
0.007154 0.060827 0.189158 0.264964 0.174931 0.031989 0.043745 0.083531 0.110242 0.033458 
0.013741 0.066513 0.260371 0.192961 0.181153 0.033725 0.041593 0.094570 0.092015 0.023357 
0.005100 0.022041 0.308968 0.221526 0.153272 0.053047 0.062598 0.093876 0.056393 0.023179 
0.009959 0.074854 0.257662 0.282896 0.132498 0.061633 0.068276 0.048397 0.038955 0.024870 
0.010024 0.077862 0.142550 0.176500 0.119628 0.131714 0.147387 0.063201 0.075486 0.055649 
0.019819 0.226750 0.224062 0.221895 0.083935 0.041030 0.033525 0.065823 0.055404 0.027756 
0.032039 0.168349 0.164875 0.216970 0.122780 0.048826 0.031000 0.066177 0.095742 0.053242 
0.002310 0.116223 0.123078 0.285419 0.135958 0.053403 0.023471 0.096235 0.118692 0.045211 
0.000575 0.034450 0.152166 0.274026 0.147099 0.060820 0.025868 0.118513 0.161914 0.024569 
0.008415 0.038231 0.167336 0.294035 0.131783 0.066448 0.057417 0.131218 0.088758 0.016361 
0.002854 0.019754 0.163981 0.294626 0.149199 0.060736 0.075559 0.150462 0.064206 0.018626 
0.005844 0.038891 0.190753 0.314061 0.156676 0.059911 0.060164 0.113233 0.039975 0.020491 
0.003363 0.025053 0.207190 0.351331 0.146641 0.050543 0.078739 0.052846 0.046385 0.037908 
0.004842 0.025970 0.079217 0.258972 0.072422 0.084065 0.103473 0.082384 0.192449 0.096207 
0.010458 0.072526 0.262027 0.234296 0.067385 0.022882 0.037194 0.084307 0.143343 0.065582 
0.013472 0.086643 0.254845 0.287529 0.077165 0.038328 0.037779 0.074066 0.084540 0.045633 
0.002026 0.024970 0.260362 0.328671 0.093337 0.043508 0.040567 0.056406 0.099604 0.050549 
0.002952 0.029218 0.178049 0.326438 0.096740 0.057110 0.034279 0.095295 0.122231 0.057687 
0.002838 0.031023 0.110736 0.350581 0.122753 0.062217 0.069974 0.102239 0.133912 0.013727 
0.005221 0.055585 0.145522 0.302181 0.092559 0.064658 0.077030 0.087172 0.115812 0.054261 
0.008944 0.043606 0.207283 0.240305 0.060306 0.057535 0.078954 0.113120 0.142046 0.047899 
0.014399 0.127101 0.266558 0.163514 0.104591 0.045576 0.068763 0.077200 0.098398 0.033900 
0.001387 0.279663 0.284385 0.182292 0.058083 0.048660 0.030577 0.070057 0.031504 0.013393 
0.032949 0.161123 0.313262 0.174251 0.096764 0.056645 0.037285 0.086693 0.028329 0.012698 
0.003584 0.159295 0.353070 0.150234 0.105817 0.058731 0.040294 0.095746 0.024437 0.008792 
0.006045 0.138226 0.380097 0.164103 0.075151 0.065842 0.056345 0.081582 0.024430 0.008179 
0.000778 0.094540 0.416840 0.204353 0.058641 0.057972 0.044532 0.083517 0.029382 0.009443 
0.007533 0.087241 0.303087 0.320984 0.044661 0.052613 0.043039 0.067231 0.058173 0.015438 
0.001747 0.040657 0.329285 0.371706 0.042860 0.065630 0.054712 0.033531 0.043764 0.016108 
0.013425 0.073955 0.262700 0.372121 0.080415 0.102251 0.039310 0.027698 0.013461 0.014665 
0.010793 0.236512 0.245342 0.106666 0.077365 0.069114 0.062297 0.096884 0.071706 0.023322 
0.016415 0.181790 0.389538 0.134529 0.051304 0.044088 0.032765 0.079880 0.056620 0.013070 
0.036078 0.206705 0.311786 0.159058 0.040284 0.036891 0.043248 0.098059 0.048737 0.019154 
0.018129 0.151568 0.392276 0.145607 0.043843 0.051415 0.035033 0.115719 0.035750 0.010660 
0.003478 0.108672 0.446424 0.151859 0.058444 0.055324 0.042083 0.101333 0.027345 0.005037 
0.001461 0.082686 0.440006 0.179388 0.058975 0.059613 0.040821 0.100931 0.025153 0.010967 
0.002019 0.065541 0.352138 0.251028 0.121116 0.054011 0.043516 0.071089 0.024807 0.014734 
0.000934 0.061391 0.350030 0.239937 0.137788 0.081580 0.046034 0.055891 0.012248 0.014167 
0.003608 0.109785 0.466670 0.154517 0.091046 0.044855 0.038999 0.045258 0.027709 0.017554 
0.012795 0.167236 0.219776 0.272864 0.054860 0.026139 0.037515 0.084463 0.098178 0.026174 
0.024214 0.227487 0.213218 0.185724 0.047081 0.024991 0.051076 0.098747 0.108985 0.018478 
0.010587 0.211998 0.200634 0.171742 0.067998 0.042498 0.060552 0.120161 0.104585 0.009245 
0.017888 0.202154 0.193050 0.159876 0.074402 0.034461 0.073202 0.135650 0.090496 0.018821 
0.005831 0.159163 0.185860 0.192574 0.096094 0.043101 0.088622 0.147762 0.056857 0.024136 
0.014619 0.157626 0.185636 0.243160 0.117780 0.027687 0.073905 0.119226 0.046977 0.013384 
0.000057 0.125656 0.217769 0.254546 0.133088 0.051210 0.082794 0.092442 0.027071 0.015366 
0.002596 0.111652 0.203604 0.154063 0.131011 0.093761 0.131127 0.076078 0.059744 0.036363 
0.013880 0.133211 0.298312 0.211700 0.083636 0.040827 0.032135 0.063070 0.084376 0.038853 
0.019404 0.160108 0.268239 0.209571 0.067849 0.046413 0.019471 0.065685 0.087311 0.055948 
0.011630 0.116748 0.299230 0.196267 0.064892 0.044474 0.030425 0.089713 0.103300 0.043322 
0.000787 0.089467 0.366410 0.172449 0.062274 0.047627 0.037076 0.102513 0.098222 0.023174 
0.009671 0.143568 0.293056 0.183589 0.043975 0.039190 0.066887 0.089735 0.084498 0.045830 
0.002821 0.150931 0.266031 0.244691 0.046182 0.046355 0.045567 0.117042 0.048723 0.031657 
0.011334 0.163764 0.299608 0.252972 0.045230 0.043111 0.037728 0.078632 0.042802 0.024819 
0.009531 0.118027 0.252791 0.243258 0.059935 0.076245 0.080938 0.072039 0.043194 0.044043 
0.017853 0.272680 0.267969 0.148195 0.087371 0.031786 0.081845 0.040182 0.022439 0.029680 
0.029869 0.254342 0.199774 0.162058 0.044727 0.048695 0.035569 0.073149 0.091380 0.060438 
0.001269 0.143437 0.176450 0.184762 0.065970 0.052858 0.015129 0.102399 0.184363 0.073363 
0.014176 0.112766 0.187812 0.174163 0.056099 0.052234 0.063029 0.129951 0.132208 0.077563 
0.004784 0.045535 0.241132 0.248537 0.054555 0.063830 0.068918 0.139140 0.104508 0.029060 
0.002102 0.054662 0.248623 0.344987 0.018600 0.066087 0.037119 0.138595 0.073536 0.015689 
0.006264 0.071627 0.244597 0.330028 0.056466 0.064248 0.047456 0.107524 0.059244 0.012546 
0.005290 0.068822 0.251328 0.324636 0.055622 0.075896 0.047508 0.080328 0.066943 0.023627 
0.010012 0.080726 0.204894 0.248994 0.081604 0.067413 0.119930 0.105138 0.045012 0.036278 
0.000231 0.085259 0.251903 0.275122 0.097629 0.021437 0.056162 0.071504 0.090748 0.050004 
0.015852 0.102132 0.216505 0.270277 0.107439 0.033997 0.034952 0.075824 0.111775 0.031246 
0.000762 0.042195 0.250462 0.235562 0.156658 0.033217 0.052194 0.087936 0.112533 0.028481 
0.011279 0.077328 0.310070 0.187958 0.135366 0.015206 0.038718 0.088381 0.093137 0.042557 
0.003419 0.047844 0.315261 0.227708 0.126720 0.029157 0.064825 0.087266 0.078018 0.019783 
0.006408 0.055722 0.280420 0.266200 0.108172 0.021484 0.065016 0.095415 0.080591 0.020573 
0.012883 0.095865 0.222022 0.334691 0.079985 0.029051 0.054604 0.095339 0.039957 0.035603 
0.003616 0.044680 0.213347 0.316828 0.127046 0.021897 0.057900 0.106050 0.069265 0.039372 
0.001625 0.157278 0.377054 0.162570 0.067402 0.045847 0.061060 0.046429 0.050857 0.029878 
0.002759 0.091801 0.296990 0.231385 0.096038 0.031024 0.029334 0.082653 0.086237 0.051779 
0.004124 0.093635 0.219348 0.211423 0.110232 0.051083 0.042822 0.100608 0.119917 0.046809 
0.014312 0.074657 0.196124 0.230624 0.110414 0.052967 0.035908 0.129410 0.116652 0.038931 
0.006685 0.037447 0.217193 0.230528 0.123322 0.070165 0.062608 0.149260 0.070880 0.031913 
0.004210 0.020489 0.203575 0.259735 0.138095 0.085642 0.077692 0.142217 0.046598 0.021747 
0.008347 0.041879 0.195685 0.264192 0.137563 0.057843 0.083797 0.116900 0.057629 0.036165 
0.000511 0.031569 0.175904 0.316809 0.159595 0.049922 0.085876 0.107078 0.051148 0.021589 
0.011685 0.081555 0.183686 0.242381 0.074245 0.061306 0.084753 0.113956 0.072256 0.074177 
0.012085 0.069709 0.224127 0.299403 0.055907 0.028917 0.055136 0.064683 0.117064 0.072970 
0.008967 0.060018 0.224881 0.268889 0.080260 0.045909 0.038978 0.106423 0.112078 0.053597 
0.000369 0.034824 0.251674 0.228350 0.063082 0.042911 0.034765 0.124624 0.143385 0.076016 
0.007458 0.050993 0.254417 0.248750 0.079136 0.047177 0.070596 0.075409 0.130148 0.035917 
0.007133 0.039923 0.215265 0.268635 0.114206 0.046190 0.069383 0.123932 0.087560 0.027772 
0.015842 0.097716 0.201293 0.293214 0.084905 0.061332 0.073664 0.073205 0.066785 0.032043 
0.002169 0.038304 0.334301 0.251774 0.105070 0.054738 0.030669 0.082831 0.060725 0.039418 
0.024337 0.104863 0.239627 0.141778 0.119956 0.056647 0.058488 0.136234 0.058818 0.059251 
0.003121 0.234540 0.364895 0.165903 0.056622 0.038701 0.036523 0.049293 0.029318 0.021085 
0.002821 0.225551 0.342834 0.133426 0.101443 0.059945 0.030850 0.061848 0.022536 0.018747 
0.022535 0.176764 0.330832 0.129326 0.096670 0.070253 0.033283 0.089456 0.032237 0.018644 
0.007799 0.125918 0.399163 0.158697 0.042837 0.072719 0.065512 0.093845 0.019209 0.014299 
0.000101 0.100279 0.431149 0.180806 0.043620 0.077139 0.069373 0.070797 0.016526 0.010211 
0.000246 0.072778 0.383243 0.288242 0.041031 0.064150 0.035338 0.042720 0.061534 0.010717 
0.011229 0.075487 0.427358 0.258832 0.050505 0.079369 0.045936 0.024090 0.018860 0.008334 
0.019750 0.099092 0.395729 0.206845 0.094143 0.084682 0.031025 0.036645 0.022185 0.009903 
0.023015 0.283526 0.302288 0.088132 0.063615 0.074285 0.067240 0.054815 0.032402 0.010682 
0.007324 0.204203 0.342652 0.182380 0.054212 0.051880 0.018854 0.080335 0.042922 0.015237 
0.018510 0.205557 0.355194 0.137466 0.047214 0.039788 0.041758 0.091825 0.049593 0.013095 
0.005915 0.167223 0.360729 0.170185 0.051805 0.049691 0.051700 0.099111 0.038173 0.005468 
0.017100 0.156810 0.277098 0.230402 0.080099 0.040685 0.040849 0.098814 0.036450 0.021692 
0.013115 0.148081 0.317003 0.227410 0.079993 0.048770 0.060081 0.071144 0.025629 0.008772 
0.001284 0.083011 0.493327 0.173466 0.042468 0.055604 0.057588 0.060342 0.019981 0.012928 
0.004771 0.108717 0.508156 0.142855 0.038307 0.062470 0.055071 0.035238 0.026209 0.018206 
0.027023 0.144727 0.289256 0.105663 0.076477 0.074231 0.063439 0.082390 0.082467 0.054326 
0.016078 0.186875 0.365157 0.154261 0.075811 0.031412 0.032120 0.048505 0.054207 0.035573 
0.000821 0.117337 0.344816 0.178488 0.060905 0.044141 0.036096 0.099420 0.095486 0.022490 
0.014328 0.155790 0.257081 0.147336 0.069960 0.036388 0.048521 0.133102 0.121533 0.015961 
0.011778 0.077925 0.233304 0.174559 0.112564 0.064188 0.071389 0.151601 0.078312 0.024380 
0.014253 0.073566 0.229071 0.227096 0.110464 0.073128 0.094971 0.109712 0.049339 0.018401 
0.007788 0.048486 0.259833 0.311493 0.112308 0.057003 0.092063 0.066116 0.032666 0.012244 
0.000703 0.033002 0.263833 0.383321 0.110005 0.065954 0.061253 0.039591 0.034920 0.007418 
0.002739 0.058007 0.205265 0.303332 0.122606 0.094205 0.072804 0.078977 0.049132 0.012934 
0.016104 0.156608 0.242357 0.184143 0.062347 0.070959 0.078736 0.083246 0.062538 0.042963 
0.009908 0.196903 0.302140 0.194481 0.051123 0.041742 0.041106 0.059785 0.062640 0.040171 
0.015825 0.191866 0.261648 0.195714 0.063546 0.045163 0.038724 0.060989 0.073232 0.053293 
0.013188 0.153811 0.262230 0.153446 0.062545 0.041969 0.031108 0.087499 0.128463 0.065741 
0.007520 0.126082 0.300655 0.199538 0.067673 0.053173 0.040896 0.095489 0.088202 0.020773 
0.016058 0.161734 0.236273 0.268366 0.040620 0.063866 0.046816 0.112148 0.044058 0.010061 
0.009472 0.124030 0.265861 0.282318 0.069064 0.069115 0.049893 0.060722 0.034047 0.035477 
0.004325 0.099647 0.275596 0.264666 0.084030 0.082647 0.048842 0.050599 0.065634 0.024016 
0.021478 0.158253 0.346449 0.087144 0.130274 0.041839 0.073343 0.066146 0.036747 0.038328 
0.021511 0.262238 0.260815 0.177231 0.064390 0.043142 0.030596 0.060875 0.049073 0.030129 
0.013984 0.183836 0.161391 0.220199 0.057502 0.039289 0.035550 0.094168 0.151902 0.042180 
0.019795 0.136022 0.142072 0.257367 0.061144 0.047571 0.033101 0.097740 0.145709 0.059479 
0.003601 0.094008 0.144918 0.279548 0.089868 0.067690 0.050581 0.108197 0.112796 0.048794 
0.002374 0.046989 0.220041 0.218256 0.098085 0.070381 0.062435 0.130484 0.120258 0.030697 
0.015807 0.137421 0.226503 0.214154 0.074037 0.082905 0.042237 0.099371 0.065269 0.042296 
0.007956 0.121567 0.231068 0.306196 0.073498 0.073886 0.060928 0.059522 0.036694 0.028685 
0.003014 0.114547 0.222865 0.212645 0.099327 0.132234 0.101329 0.049777 0.044012 0.020251 
0.016302 0.127363 0.228997 0.192078 0.078159 0.045640 0.049667 0.110711 0.093222 0.057861 
0.018079 0.097606 0.228092 0.192412 0.157838 0.040185 0.060892 0.076197 0.082802 0.045896 
0.006135 0.072951 0.267595 0.164529 0.182379 0.013261 0.049929 0.072426 0.104842 0.065955 
0.001429 0.053192 0.286218 0.155148 0.170962 0.021364 0.045171 0.091609 0.132937 0.041971 
0.005887 0.049528 0.208509 0.225075 0.145052 0.040853 0.057964 0.127977 0.093057 0.046097 
0.005717 0.060721 0.184333 0.302345 0.117367 0.032452 0.070787 0.145302 0.049996 0.030980 
0.011003 0.074684 0.182385 0.360599 0.106329 0.032054 0.091622 0.059327 0.058163 0.023835 
0.001060 0.044595 0.240487 0.330507 0.117533 0.052360 0.098512 0.075042 0.023048 0.016857 
0.014913 0.111246 0.354852 0.115899 0.093463 0.076407 0.057965 0.060933 0.061205 0.053116 
0.010501 0.276620 0.261944 0.114401 0.069637 0.023233 0.051228 0.075392 0.078439 0.038605 
0.020251 0.150083 0.189864 0.199992 0.101134 0.016701 0.038080 0.108077 0.118062 0.057757 
0.014175 0.095512 0.201554 0.160429 0.148330 0.027037 0.016724 0.124375 0.163818 0.048045 
0.004156 0.044920 0.177669 0.202519 0.153957 0.047911 0.024394 0.143632 0.154743 0.046099 
0.002625 0.033755 0.176919 0.232972 0.156027 0.062815 0.052414 0.159132 0.091000 0.032341 
0.001192 0.020616 0.192619 0.284242 0.163352 0.074126 0.062996 0.130714 0.045912 0.024230 
0.009764 0.042068 0.219977 0.281332 0.153448 0.069615 0.069090 0.068729 0.052653 0.033325 
0.002042 0.026735 0.274648 0.331561 0.091555 0.065106 0.073618 0.057053 0.050183 0.027498 
0.004999 0.065816 0.248941 0.208935 0.085406 0.050317 0.082048 0.069953 0.123836 0.059748 
0.007058 0.051825 0.322649 0.288330 0.088509 0.031837 0.026499 0.054753 0.078686 0.049852 
0.006034 0.056376 0.254246 0.303473 0.107538 0.039833 0.036317 0.072433 0.075608 0.048143 
0.012937 0.071689 0.239058 0.249975 0.083947 0.063877 0.064966 0.076957 0.089911 0.046682 
0.000190 0.029346 0.254761 0.301811 0.076028 0.049904 0.059530 0.070185 0.117599 0.040645 
0.015254 0.074610 0.205172 0.283630 0.076079 0.042554 0.065148 0.122942 0.088441 0.026170 
0.013979 0.077419 0.142490 0.352618 0.100669 0.048448 0.069018 0.082726 0.073534 0.039099 
0.012683 0.072031 0.122173 0.362622 0.082922 0.048373 0.029076 0.078136 0.140773 0.051211 
0.008205 0.152759 0.327879 0.159060 0.091165 0.036923 0.048949 0.067503 0.073812 0.033745 
0.017753 0.194789 0.449697 0.133507 0.055686 0.033718 0.024172 0.049209 0.025575 0.015894 
0.002100 0.200143 0.473153 0.130682 0.026579 0.046582 0.030412 0.057642 0.020426 0.012280 
0.005149 0.132092 0.481052 0.165348 0.035123 0.044663 0.035395 0.066090 0.025825 0.009263 
0.017457 0.136306 0.440690 0.182299 0.024060 0.046612 0.037598 0.080616 0.024332 0.010030 
0.011968 0.098367 0.395120 0.204231 0.066738 0.050935 0.073893 0.069799 0.021290 0.007658 
0.027937 0.154321 0.341669 0.206369 0.054236 0.042865 0.050389 0.049358 0.060404 0.012451 
0.009135 0.080815 0.380578 0.253905 0.076307 0.068920 0.030718 0.031999 0.044560 0.023063 
0.004653 0.070649 0.263976 0.343368 0.071479 0.120224 0.056655 0.025319 0.020292 0.023385 
0.005552 0.237662 0.239626 0.190308 0.076532 0.038710 0.029943 0.081617 0.056946 0.043103 
0.006987 0.230388 0.271811 0.185761 0.053747 0.057448 0.029044 0.089997 0.053394 0.021422 
0.026632 0.225456 0.278679 0.176590 0.060424 0.042975 0.024982 0.096139 0.057894 0.010228 
0.010597 0.180541 0.232514 0.220580 0.073593 0.056137 0.058601 0.109885 0.037483 0.020068 
0.001122 0.162304 0.335280 0.190967 0.037037 0.049159 0.045689 0.129318 0.028555 0.020570 
0.010463 0.165185 0.367772 0.180540 0.047924 0.063358 0.049822 0.084801 0.019002 0.011131 
0.003074 0.120824 0.458648 0.171917 0.040392 0.064574 0.060305 0.051324 0.015823 0.013120 
0.019207 0.156105 0.387693 0.125420 0.076351 0.109934 0.055545 0.036662 0.019716 0.013367 
0.012912 0.221369 0.283418 0.203035 0.101844 0.040200 0.045055 0.040197 0.034551 0.017418 
0.006800 0.249007 0.183943 0.195702 0.075465 0.047457 0.054008 0.077613 0.086566 0.023439 
0.006029 0.273924 0.150914 0.208607 0.052580 0.030102 0.050086 0.112400 0.099389 0.015970 
0.020230 0.226778 0.129612 0.192514 0.074496 0.046381 0.068685 0.125179 0.101896 0.014229 
0.007225 0.202885 0.173763 0.177922 0.090498 0.061124 0.057127 0.107801 0.088005 0.033651 
0.003304 0.167219 0.209343 0.231436 0.086026 0.058855 0.083806 0.087387 0.055475 0.017149 
0.016589 0.168861 0.208172 0.300402 0.086217 0.048283 0.077066 0.044901 0.041354 0.008156 
0.003713 0.158341 0.192150 0.309087 0.152014 0.033499 0.067298 0.063021 0.017431 0.003446 
0.006407 0.070917 0.255222 0.152893 0.137241 0.076991 0.082434 0.087654 0.079819 0.050421 
0.018273 0.226197 0.244721 0.201429 0.063384 0.024392 0.025649 0.056783 0.076321 0.062850 
0.015884 0.199623 0.216872 0.204250 0.067678 0.032689 0.022671 0.075620 0.097264 0.067449 
0.001918 0.144888 0.328690 0.170985 0.061310 0.042841 0.033785 0.092267 0.094060 0.029254 
0.009849 0.170797 0.300355 0.169473 0.074994 0.046899 0.026990 0.089012 0.076184 0.035446 
0.002120 0.182157 0.288900 0.176241 0.048025 0.059542 0.032622 0.086659 0.075900 0.047833 
0.017579 0.202751 0.258952 0.175247 0.044663 0.058358 0.055308 0.091713 0.075089 0.020339 
0.016075 0.186795 0.304712 0.170336 0.095756 0.067197 0.036193 0.064458 0.046529 0.011948 
0.025741 0.152315 0.347019 0.131304 0.113579 0.062801 0.027668 0.086683 0.025348 0.027543 
0.013214 0.280914 0.261310 0.170696 0.065396 0.041564 0.024519 0.055938 0.064575 0.021874 
0.014218 0.139915 0.240082 0.212362 0.077544 0.049826 0.032621 0.070918 0.126699 0.035816 
0.006453 0.085078 0.266318 0.196430 0.108036 0.049498 0.041452 0.088157 0.117770 0.040807 
0.008914 0.031932 0.292752 0.236733 0.074137 0.054622 0.054749 0.107997 0.087313 0.050851 
0.007566 0.073979 0.249725 0.230282 0.058281 0.043331 0.038851 0.123218 0.134914 0.039852 
0.006609 0.064190 0.307297 0.226820 0.076503 0.055211 0.026279 0.120901 0.084424 0.031766 
0.008161 0.076281 0.348105 0.206143 0.083144 0.073800 0.039262 0.103209 0.036419 0.025476 
0.009194 0.146781 0.168634 0.215884 0.106881 0.112739 0.077722 0.088538 0.053625 0.020002 
0.010737 0.079148 0.461558 0.184777 0.057828 0.025401 0.057242 0.040288 0.046093 0.036928 
0.026565 0.111889 0.327521 0.162948 0.094192 0.032475 0.032250 0.053493 0.098821 0.059848 
0.016373 0.213902 0.203185 0.246182 0.091282 0.025143 0.027142 0.060600 0.071493 0.044699 
0.008008 0.198448 0.186448 0.250746 0.116427 0.021988 0.033419 0.083466 0.071118 0.029931 
0.002194 0.116157 0.319604 0.204478 0.140260 0.025499 0.031159 0.059206 0.059045 0.042399 
0.013095 0.111327 0.436756 0.208160 0.096804 0.018604 0.022443 0.042429 0.032955 0.017426 
0.001402 0.242543 0.251549 0.141974 0.150374 0.025546 0.046353 0.089601 0.027887 0.022772 
0.020664 0.314824 0.211003 0.139314 0.121175 0.031630 0.048838 0.060773 0.039581 0.012198 
0.002694 0.194710 0.263130 0.148988 0.076852 0.049685 0.057993 0.078322 0.061409 0.066217 
0.001573 0.200824 0.410449 0.163719 0.048534 0.018570 0.026588 0.057910 0.048293 0.023541 
0.004253 0.110633 0.281256 0.151561 0.097325 0.063131 0.047183 0.139224 0.077215 0.028219 
0.009109 0.075495 0.192619 0.236849 0.089700 0.071598 0.046041 0.188472 0.067947 0.022170 
0.001017 0.030762 0.152011 0.232076 0.114872 0.043630 0.049523 0.272073 0.061188 0.042848 
0.013576 0.053289 0.188409 0.223564 0.135100 0.042103 0.054568 0.206446 0.058231 0.024714 
0.000446 0.023710 0.200493 0.286503 0.061592 0.057171 0.038119 0.241838 0.049077 0.041052 
0.000381 0.014596 0.166409 0.246039 0.161556 0.061083 0.048652 0.210259 0.034970 0.056054 
0.000037 0.027588 0.160020 0.175842 0.181172 0.089980 0.099193 0.159595 0.054512 0.052059 
0.006005 0.084197 0.300638 0.202161 0.113507 0.069258 0.055322 0.121222 0.016108 0.031581 
0.010015 0.123620 0.220666 0.224052 0.130296 0.046688 0.046570 0.138063 0.035792 0.024237 
0.005205 0.084792 0.139917 0.295857 0.119415 0.047576 0.047674 0.199777 0.043508 0.016278 
0.006517 0.066891 0.139519 0.301982 0.166033 0.065816 0.036541 0.177015 0.024307 0.015377 
0.003597 0.067155 0.131616 0.293384 0.170338 0.062432 0.083836 0.151950 0.015004 0.020689 
0.008503 0.065385 0.120822 0.319102 0.103486 0.071731 0.035044 0.214184 0.031431 0.030311 
0.002297 0.032380 0.182501 0.324487 0.098841 0.070199 0.062456 0.187850 0.017576 0.021413 
0.010910 0.055184 0.153496 0.286015 0.116909 0.055188 0.050263 0.206880 0.048898 0.016256 
0.009539 0.093554 0.242615 0.154720 0.163264 0.047568 0.066890 0.154131 0.040696 0.027022 
0.010320 0.267032 0.124074 0.169941 0.069154 0.069131 0.062678 0.172637 0.028844 0.026189 
0.007292 0.096574 0.136614 0.275322 0.072244 0.083130 0.071863 0.207853 0.033387 0.015720 
0.004130 0.049526 0.111402 0.309701 0.098905 0.076803 0.050200 0.239244 0.041729 0.018360 
0.004460 0.028463 0.133459 0.350981 0.086530 0.058246 0.037415 0.217832 0.047020 0.035593 
0.003051 0.023292 0.110460 0.321360 0.073024 0.082377 0.067870 0.241416 0.039715 0.037436 
0.007701 0.036136 0.089251 0.289530 0.149687 0.063876 0.080782 0.230300 0.031633 0.021105 
0.010995 0.051937 0.072586 0.343276 0.154697 0.077883 0.048630 0.198973 0.033485 0.007537 
0.000606 0.014697 0.102177 0.366942 0.173410 0.083851 0.029606 0.182676 0.030949 0.015085 
0.012842 0.058847 0.086019 0.289556 0.146822 0.075290 0.035490 0.241291 0.027825 0.026018 
0.008208 0.039079 0.098846 0.283405 0.144512 0.048979 0.074805 0.242507 0.045486 0.014173 
0.006365 0.020114 0.082081 0.218623 0.250636 0.045643 0.069659 0.247837 0.040926 0.018116 
0.001110 0.012077 0.075366 0.272874 0.210411 0.096629 0.054179 0.222590 0.040397 0.014368 
0.011048 0.040886 0.087881 0.250822 0.177278 0.040113 0.082472 0.234898 0.049077 0.025524 
0.012441 0.053057 0.101475 0.259470 0.171400 0.020541 0.052703 0.267077 0.040570 0.021266 
0.005022 0.026166 0.071949 0.308234 0.207150 0.043983 0.039385 0.236003 0.038843 0.023266 
0.000695 0.010480 0.070870 0.344171 0.281522 0.044529 0.044776 0.187092 0.008683 0.007183 
0.007284 0.031446 0.069355 0.316732 0.132633 0.053692 0.091315 0.215552 0.056288 0.025704 
0.002211 0.221280 0.246074 0.167234 0.084087 0.039199 0.051702 0.131031 0.046800 0.010381 
0.008605 0.123601 0.096178 0.327224 0.131100 0.023256 0.037864 0.194071 0.038175 0.019926 
0.001918 0.083200 0.062022 0.303740 0.180749 0.053950 0.050480 0.207515 0.035234 0.021192 
0.009636 0.028597 0.089465 0.290461 0.173412 0.038705 0.107431 0.227394 0.027488 0.007410 
0.006667 0.041597 0.086265 0.267207 0.174384 0.066417 0.083693 0.236253 0.028303 0.009213 
0.001757 0.021739 0.089318 0.241195 0.280703 0.066169 0.047468 0.204838 0.034497 0.012318 
0.000740 0.026713 0.065845 0.215762 0.244869 0.033925 0.074510 0.250524 0.057966 0.029146 
0.006908 0.044465 0.094518 0.153188 0.162475 0.079796 0.132639 0.275299 0.037721 0.012989 
0.003720 0.018106 0.073434 0.205704 0.293158 0.057498 0.063253 0.238723 0.038817 0.007587 
0.002017 0.021672 0.071622 0.198181 0.288765 0.042178 0.050566 0.254834 0.053846 0.016322 
0.006024 0.027790 0.032269 0.181302 0.257765 0.061036 0.101200 0.254112 0.052700 0.025801 
0.008937 0.039000 0.068885 0.185648 0.249812 0.030807 0.103909 0.272005 0.029106 0.011891 
0.001063 0.021275 0.053681 0.064297 0.379188 0.031523 0.059600 0.334101 0.035526 0.019747 
0.002999 0.025838 0.042349 0.062183 0.431364 0.020233 0.050102 0.310192 0.032696 0.022043 
0.002665 0.019323 0.028284 0.098867 0.328664 0.048808 0.089613 0.296799 0.047343 0.039635 
0.003380 0.016391 0.060032 0.215584 0.274753 0.051562 0.105369 0.234353 0.030225 0.008351 
0.020669 0.232723 0.259842 0.124317 0.105420 0.024722 0.055365 0.058915 0.088739 0.029287 
0.034667 0.304140 0.176984 0.144660 0.060848 0.027766 0.049140 0.072930 0.098530 0.030336 
0.000701 0.210762 0.159794 0.157572 0.135054 0.033602 0.037551 0.121086 0.097793 0.046086 
0.014347 0.176033 0.142744 0.129991 0.127378 0.042356 0.037912 0.110574 0.184372 0.034293 
0.000167 0.113701 0.159212 0.118584 0.116027 0.031766 0.022906 0.158364 0.257675 0.021599 
0.013227 0.153837 0.158035 0.173765 0.101452 0.039515 0.053324 0.126170 0.156714 0.023962 
0.014462 0.189716 0.196892 0.260474 0.107811 0.057355 0.067631 0.041155 0.046024 0.018481 
0.000953 0.159297 0.199634 0.233399 0.098289 0.079094 0.059780 0.060310 0.090329 0.018915 
0.010088 0.068214 0.145121 0.238489 0.160939 0.128437 0.081838 0.055084 0.059724 0.052067 
0.003346 0.073713 0.133033 0.136156 0.223062 0.202128 0.079936 0.068550 0.050668 0.029408 
0.006443 0.046173 0.160035 0.124051 0.280436 0.209841 0.041846 0.029986 0.054980 0.046208 
0.003032 0.033905 0.199770 0.164562 0.234370 0.082574 0.046776 0.069387 0.130768 0.034856 
0.012160 0.065121 0.131380 0.188636 0.166820 0.139098 0.066310 0.071983 0.090757 0.067734 
0.000441 0.038238 0.128888 0.298098 0.165415 0.094026 0.047772 0.091505 0.065164 0.070452 
0.013857 0.069888 0.134995 0.240020 0.200787 0.084191 0.045239 0.068693 0.065737 0.076593 
0.009747 0.046918 0.204480 0.153907 0.259841 0.102853 0.050549 0.046982 0.083121 0.041602 
0.002765 0.021844 0.187845 0.200752 0.344155 0.028364 0.048108 0.032811 0.094112 0.039244 
0.008397 0.083274 0.348458 0.140051 0.119916 0.096860 0.042506 0.050079 0.063892 0.046566 
0.011776 0.128786 0.236107 0.090196 0.118000 0.200024 0.049322 0.048063 0.052904 0.064822 
0.007076 0.077089 0.180952 0.122178 0.127254 0.244527 0.052179 0.055721 0.059100 0.073924 
0.012225 0.072187 0.200399 0.144943 0.084283 0.170585 0.056517 0.087585 0.092163 0.079113 
0.000483 0.028225 0.190438 0.167341 0.134801 0.106212 0.045902 0.125320 0.120307 0.080972 
0.001195 0.028829 0.201914 0.246758 0.094253 0.099340 0.047137 0.150480 0.086008 0.044086 
0.001560 0.024108 0.255896 0.270914 0.110134 0.051701 0.059215 0.117944 0.059569 0.048959 
0.008929 0.037785 0.246313 0.266550 0.114140 0.076384 0.084288 0.068231 0.049199 0.048180 
0.016497 0.080403 0.165381 0.255588 0.110001 0.107511 0.102827 0.054520 0.067848 0.039424 
0.001287 0.037635 0.148084 0.145112 0.144197 0.046927 0.059431 0.086998 0.266410 0.063919 
0.001208 0.032979 0.159106 0.171173 0.081751 0.070425 0.062626 0.085481 0.284774 0.050475 
0.006980 0.040433 0.246708 0.208544 0.092213 0.033779 0.049747 0.056660 0.200612 0.064325 
0.007351 0.047275 0.228573 0.189369 0.093122 0.017988 0.024561 0.093416 0.225594 0.072752 
0.015516 0.075698 0.154222 0.236720 0.120075 0.050196 0.042690 0.047323 0.181799 0.075760 
0.005887 0.051694 0.180439 0.206401 0.109416 0.047033 0.064520 0.046545 0.184029 0.104036 
0.003711 0.039369 0.160142 0.248168 0.126534 0.044851 0.062790 0.057314 0.096100 0.161020 
0.000593 0.029333 0.122044 0.196337 0.091610 0.066532 0.037313 0.054553 0.158290 0.243393 
0.016677 0.148858 0.243450 0.126714 0.105950 0.050537 0.038119 0.052050 0.098368 0.119275 
0.011755 0.226038 0.212875 0.158653 0.087597 0.047281 0.027315 0.052504 0.114366 0.061618 
0.009615 0.174993 0.269946 0.163087 0.050529 0.045245 0.024398 0.053988 0.078412 0.129788 
0.002873 0.064369 0.283386 0.172004 0.047729 0.071223 0.023980 0.061917 0.069402 0.203119 
0.009270 0.074477 0.269858 0.147859 0.062716 0.052518 0.028582 0.059678 0.137138 0.157903 
0.001426 0.039557 0.224649 0.149096 0.105213 0.067410 0.028404 0.068906 0.213789 0.101549 
0.013421 0.083219 0.223021 0.160362 0.078169 0.069897 0.036167 0.063686 0.176082 0.095976 
0.007282 0.054161 0.213867 0.142748 0.113818 0.075988 0.019626 0.034612 0.124978 0.212919 
0.005240 0.057677 0.192228 0.047973 0.134941 0.126147 0.047629 0.043504 0.166423 0.178239 
0.010189 0.142736 0.303149 0.118261 0.122311 0.044001 0.023944 0.058681 0.105281 0.071446 
0.003700 0.118170 0.312376 0.178657 0.078609 0.039650 0.033225 0.055819 0.076733 0.103062 
0.014618 0.126867 0.267444 0.203869 0.144922 0.041010 0.019012 0.072829 0.054267 0.055161 
0.006227 0.112237 0.359803 0.173090 0.062903 0.075877 0.029089 0.087879 0.052444 0.040452 
0.001143 0.100513 0.398400 0.171683 0.063807 0.039237 0.036085 0.091297 0.050396 0.047439 
0.010884 0.106902 0.390261 0.171662 0.032164 0.041751 0.055592 0.079583 0.054489 0.056712 
0.021877 0.142899 0.174484 0.282039 0.118655 0.073310 0.052844 0.068560 0.028008 0.037323 
0.007209 0.074366 0.223389 0.243076 0.164543 0.113192 0.043506 0.050781 0.030427 0.049512 
0.006949 0.148584 0.286171 0.217191 0.060802 0.061949 0.040660 0.075465 0.049068 0.053162 
0.009387 0.256222 0.365225 0.139692 0.055636 0.027762 0.029144 0.033675 0.050131 0.033125 
0.009262 0.186270 0.240988 0.172982 0.099029 0.037858 0.046515 0.057980 0.095706 0.053410 
0.009459 0.148175 0.222218 0.198060 0.097563 0.042634 0.060519 0.086846 0.098244 0.036282 
0.007684 0.111324 0.210597 0.261969 0.062321 0.060236 0.068189 0.119367 0.071060 0.027254 
0.000973 0.100115 0.235627 0.303242 0.061460 0.031619 0.073471 0.123763 0.053288 0.016442 
0.015711 0.100046 0.226129 0.321352 0.103927 0.038957 0.072818 0.057523 0.043101 0.020435 
0.015245 0.113828 0.255241 0.277454 0.106948 0.076714 0.053318 0.032162 0.032940 0.036151 
0.012434 0.109816 0.192253 0.246401 0.139980 0.103186 0.052957 0.037734 0.074342 0.030897 
0.011648 0.142031 0.269425 0.205399 0.081926 0.057820 0.062580 0.058836 0.072450 0.037885 
0.004538 0.161562 0.295510 0.196340 0.064386 0.043973 0.032818 0.070466 0.086675 0.043732 
0.017632 0.186588 0.243391 0.175068 0.060797 0.050338 0.028111 0.061850 0.122100 0.054126 
0.019181 0.203464 0.196274 0.197717 0.062906 0.039734 0.030157 0.075539 0.129033 0.045995 
0.005039 0.158029 0.235640 0.221460 0.073329 0.048019 0.034792 0.077206 0.104021 0.042464 
0.003760 0.129215 0.294067 0.214286 0.070305 0.046655 0.034148 0.111872 0.065705 0.029987 
0.003246 0.132168 0.246334 0.220719 0.073593 0.069306 0.064562 0.087849 0.074154 0.028068 
0.010905 0.152172 0.226668 0.226844 0.112730 0.077152 0.057367 0.058737 0.036601 0.040825 
0.011693 0.154038 0.297803 0.175962 0.091977 0.063364 0.070970 0.061746 0.044105 0.028341 
0.014445 0.195618 0.291245 0.208766 0.037638 0.018550 0.045480 0.104493 0.060839 0.022925 
0.003953 0.114484 0.196380 0.127025 0.173979 0.032623 0.054699 0.104986 0.126750 0.065122 
0.014199 0.089554 0.209780 0.151218 0.148304 0.045537 0.031607 0.139835 0.116685 0.053281 
0.003383 0.046489 0.177765 0.143651 0.280427 0.036411 0.026643 0.136144 0.129946 0.019142 
0.001116 0.041197 0.130641 0.187627 0.264930 0.038683 0.041991 0.126405 0.141044 0.026366 
0.002162 0.045846 0.149907 0.212418 0.227349 0.057633 0.050272 0.094027 0.148008 0.012379 
0.003344 0.050408 0.162094 0.172178 0.329761 0.056555 0.043615 0.068702 0.103368 0.009975 
0.007544 0.081214 0.103787 0.141806 0.172526 0.077382 0.047213 0.068582 0.253403 0.046543 
0.006187 0.079887 0.225659 0.117365 0.091817 0.023726 0.035304 0.112559 0.190499 0.116997 
0.004439 0.055497 0.174210 0.099911 0.207578 0.042445 0.028847 0.057609 0.199274 0.130188 
0.003122 0.041886 0.288320 0.123891 0.113356 0.041416 0.040622 0.083830 0.173331 0.090228 
0.014664 0.102235 0.220209 0.211952 0.110965 0.042049 0.044816 0.095620 0.133078 0.024411 
0.001693 0.058879 0.218045 0.269595 0.098330 0.029270 0.058220 0.115349 0.116469 0.034149 
0.014321 0.086934 0.190941 0.289468 0.117466 0.026071 0.059710 0.115030 0.080113 0.019945 
0.002475 0.030670 0.167995 0.145926 0.093228 0.244264 0.058978 0.086533 0.051497 0.118434 
0.002593 0.008327 0.101493 0.125456 0.113220 0.235519 0.062804 0.027265 0.041574 0.281749 
0.004749 0.109144 0.300220 0.162886 0.050571 0.071456 0.044532 0.069799 0.048446 0.138198 
0.000569 0.112756 0.207462 0.116076 0.055214 0.057352 0.043726 0.061964 0.082010 0.262873 
0.007604 0.067344 0.100750 0.078531 0.088096 0.151864 0.036342 0.080595 0.126238 0.262636 
0.001536 0.026525 0.119193 0.107943 0.134229 0.125706 0.043155 0.101566 0.152160 0.187986 
0.001124 0.026191 0.127644 0.163667 0.197258 0.044776 0.038051 0.124939 0.169086 0.107265 
0.004032 0.033333 0.128899 0.202966 0.132052 0.061003 0.070068 0.146395 0.104013 0.117240 
0.005785 0.042832 0.141437 0.248211 0.162494 0.070159 0.074982 0.145324 0.063899 0.044877 
0.001652 0.030520 0.203002 0.256045 0.137446 0.068851 0.065593 0.085390 0.064366 0.087135 
0.000167 0.010500 0.081713 0.072496 0.335456 0.055711 0.064095 0.204222 0.098037 0.077605 
0.002212 0.041919 0.216802 0.240822 0.164633 0.022550 0.034063 0.085747 0.159743 0.031509 
0.001593 0.024879 0.227686 0.275009 0.133257 0.037268 0.033547 0.059381 0.159439 0.047942 
0.011556 0.052652 0.168776 0.236793 0.135913 0.030870 0.021621 0.089030 0.206120 0.046670 
0.012900 0.071191 0.165492 0.243980 0.105656 0.034268 0.028759 0.053278 0.234294 0.050181 
0.002008 0.014353 0.134648 0.260288 0.073069 0.065656 0.034929 0.090785 0.303408 0.020856 
0.008775 0.038245 0.082277 0.270563 0.117346 0.065976 0.079964 0.091559 0.188055 0.057239 
0.007889 0.051517 0.139272 0.307305 0.077595 0.035333 0.034079 0.066531 0.142662 0.137816 
0.010599 0.063224 0.117155 0.220570 0.087896 0.044507 0.036536 0.065513 0.161389 0.192610 
0.009138 0.132441 0.275910 0.133982 0.087861 0.043272 0.041820 0.066491 0.111262 0.097824 
0.021055 0.215006 0.262750 0.107375 0.047558 0.055893 0.019391 0.065397 0.061829 0.143745 
0.010853 0.124834 0.248278 0.115915 0.050059 0.058370 0.056740 0.051701 0.077531 0.205720 
0.002566 0.105830 0.286136 0.120744 0.070502 0.073060 0.043871 0.061473 0.038049 0.197770 
0.001039 0.060741 0.244420 0.112180 0.093216 0.077840 0.030051 0.073170 0.166518 0.140825 
0.011467 0.075154 0.238820 0.111110 0.078845 0.026019 0.026332 0.057632 0.127338 0.247281 
0.001479 0.055340 0.206543 0.172156 0.054271 0.069716 0.048912 0.040576 0.101235 0.249771 
0.009184 0.068743 0.171431 0.125816 0.087638 0.096881 0.034248 0.039391 0.099492 0.267176 
0.019323 0.104553 0.107804 0.105247 0.116703 0.062498 0.039397 0.041096 0.150706 0.252673 
0.011706 0.149899 0.217758 0.136063 0.068774 0.041267 0.032348 0.067922 0.106569 0.167694 
0.007513 0.164426 0.270563 0.153854 0.041140 0.040086 0.033211 0.086953 0.086776 0.115477 
0.002242 0.155098 0.298606 0.136914 0.094672 0.081162 0.017655 0.091228 0.056878 0.065545 
0.020506 0.160954 0.241538 0.179219 0.139906 0.039912 0.024931 0.106151 0.046680 0.040204 
0.022978 0.177451 0.262863 0.221800 0.073707 0.060045 0.026971 0.100490 0.023704 0.029991 
0.009623 0.111711 0.347896 0.195544 0.061788 0.077822 0.041340 0.072991 0.034536 0.046748 
0.012115 0.115578 0.446539 0.139039 0.060814 0.059075 0.034169 0.054528 0.027382 0.050762 
0.020053 0.127189 0.319828 0.080499 0.086096 0.134752 0.102225 0.045242 0.051490 0.032625 
0.001715 0.154319 0.434442 0.153898 0.090139 0.034285 0.030850 0.041475 0.036961 0.021916 
0.019976 0.242254 0.276231 0.184771 0.073888 0.032169 0.028459 0.050162 0.070139 0.021951 
0.019379 0.198778 0.239756 0.170464 0.064068 0.028418 0.047425 0.112563 0.105160 0.013990 
0.004439 0.154469 0.217477 0.188446 0.088360 0.026635 0.062905 0.148422 0.081104 0.027743 
0.010629 0.113001 0.226507 0.234533 0.079535 0.054817 0.066089 0.129191 0.070485 0.015212 
0.002339 0.059353 0.217377 0.299826 0.115024 0.050460 0.070457 0.094197 0.051282 0.039685 
0.008066 0.044592 0.220435 0.334332 0.110798 0.059829 0.074211 0.070646 0.034438 0.042653 
0.001536 0.040443 0.193027 0.325572 0.141608 0.069216 0.084145 0.077385 0.037816 0.029252 
0.021908 0.156774 0.247697 0.109957 0.090806 0.108085 0.080024 0.088896 0.042958 0.052895 
0.013455 0.150529 0.336263 0.156855 0.063660 0.048755 0.048855 0.070650 0.055156 0.055823 
0.007417 0.128301 0.344592 0.155795 0.081564 0.042181 0.036255 0.073138 0.101764 0.028992 
0.020318 0.179086 0.247148 0.201164 0.071002 0.053026 0.031602 0.085598 0.096545 0.014511 
0.007836 0.151830 0.266083 0.243425 0.067270 0.051609 0.035114 0.084541 0.067692 0.024601 
0.006548 0.141878 0.256570 0.243778 0.085406 0.060395 0.050007 0.097727 0.033314 0.024376 
0.000001 0.130326 0.290129 0.243045 0.078505 0.059145 0.051279 0.086792 0.041578 0.019200 
0.011362 0.177052 0.220065 0.267555 0.087896 0.056728 0.045746 0.069640 0.034639 0.029316 
0.016162 0.137046 0.100281 0.195943 0.033091 0.038342 0.052089 0.090215 0.177553 0.159277 
0.011878 0.216646 0.233712 0.091873 0.092124 0.037435 0.066066 0.138435 0.060842 0.050989 
0.006902 0.139103 0.140819 0.131769 0.075163 0.027277 0.029027 0.216437 0.203014 0.030489 
0.000359 0.123505 0.134953 0.160576 0.114124 0.051775 0.035982 0.108469 0.253895 0.016362 
0.005872 0.058581 0.119199 0.144672 0.190099 0.052430 0.048085 0.133928 0.205824 0.041311 
0.005887 0.065723 0.126795 0.181968 0.152879 0.049279 0.034612 0.121210 0.217261 0.044387 
0.004910 0.036495 0.182393 0.188206 0.169370 0.071585 0.045149 0.104335 0.161605 0.035952 
0.001181 0.044852 0.111717 0.135860 0.289417 0.098462 0.066032 0.076367 0.132338 0.043773 
0.002408 0.041078 0.085134 0.151029 0.335252 0.072406 0.047719 0.065155 0.155045 0.044776 
0.005229 0.079215 0.211775 0.095342 0.201665 0.092077 0.067414 0.069254 0.080612 0.097418 
