Trouble,Coldplay
0.243523 0.355108 0.126321 0.060270 0.038012 0.029175 0.053780 0.041133 0.026802 0.025876 
0.498814 0.100483 0.075089 0.084108 0.053202 0.026438 0.041998 0.044407 0.030079 0.045383 
0.438401 0.160255 0.121251 0.058123 0.047677 0.025228 0.039059 0.040227 0.040109 0.029670 
0.298736 0.276966 0.153094 0.053321 0.063458 0.029379 0.025858 0.028748 0.039498 0.030943 
0.005955 0.026074 0.060700 0.091552 0.360586 0.060335 0.070195 0.162448 0.138077 0.024077 
0.000331 0.006776 0.058314 0.034420 0.493984 0.061960 0.060802 0.095537 0.173906 0.013969 
0.008243 0.032509 0.046574 0.064061 0.591217 0.033825 0.025591 0.057046 0.132033 0.008900 
0.002777 0.009956 0.034724 0.054074 0.612011 0.058105 0.034006 0.027433 0.136695 0.030218 
0.002596 0.013152 0.035319 0.050422 0.633210 0.055207 0.034780 0.026031 0.117872 0.031412 
0.003238 0.010296 0.032215 0.028180 0.528989 0.064504 0.041439 0.072381 0.189217 0.029542 
0.006102 0.017453 0.028319 0.027640 0.468880 0.044359 0.057132 0.089750 0.242659 0.017706 
0.006822 0.025660 0.049910 0.047792 0.528792 0.025751 0.019505 0.045026 0.212496 0.038245 
0.001518 0.008898 0.024505 0.018574 0.507728 0.036498 0.021169 0.044245 0.268249 0.068615 
0.002807 0.011175 0.022457 0.028573 0.447951 0.038328 0.024791 0.053050 0.302267 0.068602 
0.002501 0.011179 0.034829 0.055423 0.393815 0.047982 0.036243 0.048961 0.322444 0.046624 
0.007729 0.031415 0.049437 0.059537 0.438493 0.045954 0.032047 0.055457 0.254388 0.025543 
0.005673 0.023044 0.031163 0.052343 0.433463 0.043774 0.022460 0.045902 0.280808 0.061369 
0.003004 0.009225 0.024871 0.030666 0.409217 0.033409 0.019498 0.049885 0.339163 0.081062 
0.000714 0.006295 0.020357 0.079059 0.314290 0.041036 0.123163 0.060387 0.243432 0.111266 
0.000072 0.004712 0.011701 0.088915 0.307955 0.034981 0.060091 0.075436 0.283242 0.132896 
0.006575 0.029117 0.050980 0.133957 0.254490 0.034426 0.048366 0.085092 0.251601 0.105396 
0.002341 0.014901 0.018240 0.098129 0.315198 0.027719 0.034299 0.066515 0.298123 0.124535 
0.008039 0.033660 0.099531 0.037180 0.241371 0.093065 0.078447 0.111443 0.200277 0.096988 
0.000599 0.020330 0.120890 0.193404 0.075498 0.131921 0.140884 0.073360 0.173746 0.069368 
0.002633 0.036640 0.100945 0.244455 0.102547 0.110806 0.108517 0.047942 0.183057 0.062457 
0.005230 0.043959 0.093461 0.253844 0.096536 0.132764 0.110355 0.040510 0.149888 0.073452 
0.001822 0.022326 0.141832 0.290657 0.061296 0.179142 0.114543 0.043598 0.088857 0.055927 
0.002440 0.020731 0.153724 0.298817 0.089567 0.170729 0.136934 0.043034 0.043539 0.040484 
0.002210 0.021061 0.193276 0.272762 0.083278 0.160538 0.096772 0.033319 0.084263 0.052520 
0.003180 0.029416 0.175244 0.279057 0.076400 0.162429 0.103899 0.035166 0.072072 0.063136 
0.001620 0.028620 0.157894 0.291668 0.083468 0.179451 0.097226 0.034310 0.048364 0.077379 
0.006474 0.051829 0.136919 0.244384 0.041455 0.197561 0.098023 0.044576 0.119426 0.059353 
0.005107 0.043536 0.152605 0.196348 0.053125 0.228096 0.092827 0.051920 0.090722 0.085715 
0.003256 0.024933 0.159356 0.200141 0.093491 0.236563 0.071693 0.049952 0.065687 0.094928 
0.011070 0.047951 0.187537 0.189325 0.085143 0.215486 0.101758 0.026592 0.043643 0.091493 
0.011246 0.051494 0.146021 0.159711 0.095479 0.226567 0.133475 0.033727 0.051254 0.091027 
0.001975 0.017203 0.140878 0.149740 0.090066 0.220875 0.157937 0.040110 0.097816 0.083399 
0.002953 0.012446 0.139123 0.119254 0.059094 0.258298 0.165412 0.062367 0.103360 0.077692 
0.004291 0.019815 0.147118 0.140759 0.071176 0.220059 0.127627 0.086204 0.086737 0.096213 
0.011899 0.056462 0.132701 0.196773 0.057259 0.218292 0.147427 0.057792 0.023737 0.097660 
0.010679 0.051356 0.117065 0.176561 0.055263 0.180914 0.173271 0.061762 0.085688 0.087440 
0.001075 0.007621 0.072629 0.132934 0.300556 0.118058 0.102922 0.073171 0.117363 0.073670 
0.004455 0.019481 0.059022 0.099716 0.388887 0.080721 0.090512 0.061040 0.148190 0.047976 
0.001630 0.013036 0.054751 0.121332 0.409499 0.083666 0.085518 0.076976 0.130273 0.023319 
0.000832 0.007802 0.085839 0.123313 0.347865 0.084195 0.092489 0.097735 0.130221 0.029709 
0.006853 0.024437 0.075305 0.140729 0.353279 0.072690 0.085353 0.071821 0.133212 0.036321 
0.000550 0.004870 0.037371 0.074766 0.423386 0.082268 0.053559 0.055330 0.226237 0.041663 
0.004860 0.018225 0.063888 0.096521 0.400248 0.044124 0.041261 0.047852 0.229887 0.053134 
0.006059 0.022984 0.051819 0.094612 0.385338 0.056672 0.068109 0.051578 0.221255 0.041572 
0.002552 0.011062 0.052990 0.088997 0.376016 0.073369 0.074394 0.037276 0.225769 0.057575 
0.001996 0.010997 0.052108 0.091219 0.390922 0.053609 0.044414 0.030311 0.272622 0.051802 
0.000042 0.009349 0.036107 0.070887 0.418375 0.044622 0.043836 0.034019 0.284189 0.058573 
0.007028 0.029658 0.044162 0.067254 0.420116 0.048890 0.038890 0.033254 0.279357 0.031390 
0.001773 0.009155 0.046953 0.057228 0.398840 0.046286 0.035332 0.021156 0.318943 0.064334 
0.003610 0.015797 0.059754 0.055674 0.340256 0.061324 0.056144 0.014766 0.298502 0.094173 
0.003178 0.017720 0.045084 0.104566 0.284092 0.066338 0.118363 0.022895 0.252792 0.084972 
0.005180 0.025552 0.046884 0.102907 0.304051 0.068450 0.071381 0.033841 0.256810 0.084945 
0.003872 0.023393 0.059767 0.124131 0.277991 0.080419 0.109533 0.038137 0.208810 0.073947 
0.006048 0.037418 0.051464 0.107602 0.245650 0.069662 0.084826 0.054611 0.241579 0.101140 
0.006714 0.041568 0.087492 0.085860 0.234455 0.061458 0.089763 0.105919 0.202781 0.083991 
0.003077 0.021077 0.113372 0.161122 0.146000 0.068309 0.129053 0.090673 0.222022 0.045294 
0.003383 0.028548 0.109988 0.187740 0.123579 0.038577 0.095217 0.097969 0.262217 0.052783 
0.004676 0.035763 0.107070 0.189179 0.113790 0.061886 0.095627 0.079484 0.251223 0.061302 
0.001857 0.024845 0.108455 0.204150 0.123430 0.079051 0.102142 0.105227 0.202207 0.048636 
0.001591 0.022754 0.114740 0.233125 0.083630 0.083666 0.095197 0.111384 0.168096 0.085815 
0.000755 0.014580 0.149996 0.237325 0.105615 0.103702 0.091518 0.086334 0.149210 0.060966 
0.002848 0.011768 0.115126 0.246476 0.131422 0.110446 0.089499 0.080524 0.131650 0.080240 
0.007350 0.026278 0.140967 0.230699 0.142022 0.076109 0.070584 0.104790 0.148627 0.052572 
0.007220 0.025168 0.147468 0.226064 0.139387 0.052120 0.055482 0.107464 0.202536 0.037092 
0.005204 0.020455 0.164103 0.192956 0.088237 0.116444 0.098534 0.074578 0.192964 0.046525 
0.002102 0.013103 0.193450 0.174464 0.113214 0.102049 0.066762 0.077275 0.177102 0.080479 
0.004243 0.026168 0.198692 0.168511 0.071957 0.119981 0.057373 0.077358 0.201224 0.074494 
0.008713 0.042164 0.199390 0.176855 0.069023 0.142557 0.045452 0.075468 0.192792 0.047586 
0.012054 0.058754 0.183019 0.175160 0.083812 0.143279 0.069136 0.068322 0.162992 0.043472 
0.008746 0.043854 0.207883 0.155563 0.141801 0.112709 0.083760 0.061540 0.129740 0.054404 
0.003056 0.023959 0.174524 0.167880 0.134667 0.098858 0.082383 0.090463 0.148554 0.075656 
0.003836 0.026354 0.209217 0.163239 0.123939 0.068893 0.056987 0.096261 0.170611 0.080664 
0.005561 0.029970 0.169124 0.154727 0.151116 0.081949 0.049087 0.081170 0.213925 0.063373 
0.007654 0.028193 0.138676 0.126437 0.352061 0.054236 0.057683 0.092903 0.127812 0.014345 
0.001800 0.006522 0.098938 0.096508 0.431018 0.062893 0.059308 0.051284 0.155602 0.036127 
0.003252 0.016891 0.100699 0.083246 0.417708 0.064872 0.063219 0.038259 0.134334 0.077521 
0.005236 0.019979 0.102833 0.090578 0.440248 0.062515 0.069866 0.046231 0.126952 0.035562 
0.001772 0.005537 0.103803 0.086791 0.444656 0.066754 0.066027 0.058206 0.139842 0.026611 
0.003783 0.016717 0.052261 0.045595 0.436352 0.077475 0.054729 0.053993 0.218860 0.040235 
0.000039 0.002625 0.058823 0.050795 0.412579 0.044223 0.035243 0.045319 0.272248 0.078107 
0.004832 0.024423 0.064236 0.062904 0.430448 0.064231 0.047941 0.036170 0.228183 0.036631 
0.003644 0.018163 0.072917 0.042578 0.421049 0.077207 0.045047 0.049160 0.240367 0.029870 
0.010687 0.044990 0.062211 0.062401 0.399510 0.070775 0.039119 0.055802 0.220451 0.034054 
0.004227 0.021032 0.049892 0.044588 0.414782 0.050549 0.044050 0.028985 0.296564 0.045332 
0.001338 0.008531 0.056035 0.027512 0.456955 0.045772 0.039378 0.018694 0.294682 0.051103 
0.003910 0.018804 0.050288 0.040669 0.444249 0.044881 0.041810 0.033263 0.290528 0.031596 
0.000264 0.004639 0.051063 0.018914 0.378570 0.050425 0.071626 0.071781 0.325487 0.027233 
0.000426 0.005081 0.038677 0.066710 0.327799 0.047649 0.088270 0.049525 0.306461 0.069403 
0.002215 0.007723 0.069797 0.069559 0.301658 0.033010 0.038554 0.068797 0.327850 0.080839 
0.005526 0.020952 0.076523 0.111557 0.290594 0.026308 0.029662 0.074616 0.281078 0.083185 
0.003784 0.018854 0.096066 0.102894 0.247162 0.058205 0.043686 0.075601 0.282549 0.071198 
0.001544 0.011869 0.082075 0.059821 0.284042 0.066338 0.069848 0.074651 0.278865 0.070948 
0.000769 0.009740 0.154163 0.129054 0.193653 0.120625 0.120764 0.073314 0.121483 0.076436 
0.000238 0.008471 0.181186 0.213418 0.209449 0.080443 0.092596 0.070763 0.100367 0.043069 
0.000330 0.006333 0.132422 0.209018 0.139723 0.101251 0.098758 0.104468 0.159435 0.048261 
0.000582 0.005528 0.115790 0.207150 0.139093 0.100338 0.062114 0.140548 0.200010 0.028847 
0.000109 0.003170 0.129754 0.214207 0.181323 0.103885 0.045822 0.085496 0.180303 0.055932 
0.004831 0.022994 0.122109 0.242571 0.181816 0.123796 0.060540 0.059273 0.116361 0.065709 
0.012255 0.057085 0.110570 0.258781 0.157560 0.124922 0.060544 0.078405 0.061000 0.078877 
0.006860 0.028024 0.127025 0.254860 0.197360 0.123662 0.056316 0.054489 0.059584 0.091821 
0.003711 0.011132 0.154819 0.266264 0.188793 0.128662 0.045259 0.083792 0.059468 0.058099 
0.006285 0.030952 0.145293 0.247887 0.198309 0.134396 0.047165 0.060040 0.073260 0.056415 
0.003657 0.018678 0.116983 0.231311 0.206910 0.131507 0.059003 0.071643 0.104592 0.055715 
0.000111 0.008845 0.116517 0.197825 0.191391 0.122372 0.078478 0.082615 0.158485 0.043362 
0.004103 0.023968 0.108232 0.159677 0.166234 0.090397 0.086502 0.070169 0.213940 0.076778 
0.005522 0.026571 0.108115 0.129460 0.157416 0.077294 0.095961 0.080415 0.245279 0.073967 
0.001949 0.008151 0.084927 0.120837 0.158179 0.068738 0.099941 0.098324 0.279534 0.079419 
0.001100 0.008508 0.085896 0.097725 0.140719 0.071805 0.125904 0.095508 0.295082 0.077754 
0.003972 0.019857 0.118098 0.083602 0.143729 0.063726 0.117932 0.112756 0.261385 0.074943 
0.000231 0.009044 0.138624 0.086411 0.154669 0.073484 0.151655 0.101150 0.218950 0.065783 
0.006471 0.031717 0.148495 0.091144 0.167741 0.083750 0.190079 0.064165 0.166896 0.049542 
0.002910 0.026124 0.141728 0.111259 0.172586 0.071443 0.189894 0.092121 0.119176 0.072760 
0.009472 0.046826 0.139299 0.114850 0.146710 0.096425 0.226649 0.027017 0.067358 0.125393 
0.002277 0.009177 0.151754 0.153330 0.131443 0.077512 0.213000 0.065514 0.088812 0.107180 
0.004072 0.016543 0.122859 0.142845 0.114996 0.060693 0.182670 0.060731 0.152514 0.142076 
0.002957 0.013399 0.112675 0.161421 0.095859 0.070793 0.152163 0.108366 0.182670 0.099696 
0.007735 0.031476 0.130803 0.166168 0.062125 0.068125 0.150462 0.100782 0.204726 0.077599 
0.006042 0.019105 0.111113 0.189869 0.079795 0.084148 0.158583 0.070065 0.205025 0.076253 
0.003581 0.012437 0.117833 0.183617 0.041190 0.092766 0.163773 0.094744 0.207484 0.082575 
0.007327 0.035261 0.120632 0.168925 0.051269 0.092573 0.155812 0.067715 0.172177 0.128309 
0.006735 0.032508 0.120880 0.174374 0.053678 0.106740 0.143571 0.074600 0.127677 0.159237 
0.001860 0.012128 0.141901 0.189655 0.077127 0.124902 0.161892 0.047748 0.112976 0.129811 
0.010630 0.049732 0.095517 0.160387 0.068016 0.120020 0.117761 0.096976 0.177743 0.103217 
0.007697 0.037060 0.126443 0.177943 0.067131 0.134002 0.124785 0.097124 0.183749 0.044066 
0.000780 0.007324 0.129921 0.217283 0.063857 0.168794 0.103050 0.056247 0.160420 0.092325 
0.000656 0.012547 0.111998 0.208827 0.088537 0.172522 0.087923 0.073614 0.121425 0.121950 
0.002174 0.015280 0.116971 0.219201 0.097502 0.194692 0.083423 0.069708 0.106063 0.094985 
0.005465 0.022402 0.102132 0.214567 0.077756 0.203118 0.098146 0.053408 0.118425 0.104583 
0.003872 0.017619 0.103551 0.223711 0.113681 0.213307 0.080693 0.060561 0.109001 0.074005 
0.004505 0.026871 0.095921 0.212599 0.190520 0.178243 0.106705 0.055056 0.083014 0.046565 
0.003996 0.026913 0.075190 0.225034 0.265397 0.164134 0.089981 0.022845 0.097399 0.029110 
0.004488 0.020083 0.074921 0.267219 0.193957 0.168247 0.053957 0.047031 0.106912 0.063186 
0.000267 0.004723 0.107510 0.235173 0.164420 0.191902 0.081370 0.029581 0.099994 0.085059 
0.005484 0.027188 0.085848 0.177688 0.204719 0.202337 0.057865 0.048230 0.082965 0.107675 
0.003302 0.021902 0.079479 0.186248 0.154202 0.205516 0.094171 0.069899 0.095014 0.090267 
0.004176 0.020635 0.107104 0.175989 0.156157 0.196987 0.087942 0.031163 0.121922 0.097926 
0.006157 0.022425 0.095825 0.186052 0.131333 0.192398 0.104833 0.080859 0.107277 0.072840 
0.005706 0.028134 0.071140 0.219108 0.123730 0.174214 0.166486 0.042590 0.108813 0.060078 
0.000933 0.006921 0.105879 0.208856 0.119667 0.092351 0.218471 0.050009 0.128682 0.068231 
0.005935 0.026937 0.206511 0.127423 0.089679 0.076376 0.229403 0.038779 0.153441 0.045517 
0.006812 0.035866 0.217487 0.117589 0.050370 0.080365 0.220874 0.082416 0.154814 0.033407 
0.004542 0.019423 0.133733 0.136598 0.077982 0.087670 0.254485 0.035887 0.192323 0.057356 
0.002161 0.013868 0.126372 0.144045 0.089869 0.078287 0.223033 0.077440 0.207015 0.037910 
0.004573 0.020887 0.135905 0.145576 0.129386 0.118273 0.183930 0.059986 0.172947 0.028536 
0.005666 0.029234 0.106157 0.216030 0.128955 0.127235 0.127445 0.046142 0.176391 0.036745 
0.008346 0.036439 0.099380 0.256610 0.106557 0.093186 0.134114 0.065928 0.167304 0.032136 
0.011390 0.049132 0.093421 0.254243 0.110435 0.102134 0.102913 0.044823 0.193500 0.038010 
0.004464 0.019797 0.058972 0.105540 0.131411 0.086619 0.144592 0.055604 0.158283 0.234718 
0.000066 0.003273 0.025490 0.078459 0.131937 0.318329 0.054417 0.030807 0.102297 0.254924 
0.000164 0.003101 0.020698 0.086349 0.108873 0.389833 0.072252 0.057695 0.062206 0.198828 
0.002109 0.008405 0.020805 0.087100 0.134480 0.335497 0.081366 0.040035 0.076283 0.213920 
0.001978 0.010741 0.034409 0.086562 0.136350 0.298240 0.072014 0.043962 0.057005 0.258739 
0.000334 0.005947 0.033812 0.074481 0.229144 0.159603 0.067274 0.058338 0.116947 0.254120 
0.000536 0.006252 0.052132 0.067238 0.248158 0.145116 0.047218 0.021666 0.174443 0.237241 
0.006104 0.026325 0.041351 0.068473 0.242539 0.107771 0.058276 0.038007 0.189252 0.221902 
0.002850 0.011027 0.047221 0.089010 0.241736 0.101943 0.048507 0.013695 0.252194 0.191817 
0.001487 0.008582 0.055890 0.075622 0.233388 0.093293 0.042443 0.061178 0.279315 0.148802 
0.000371 0.003953 0.047266 0.049220 0.367245 0.090793 0.037131 0.060600 0.258732 0.084690 
0.000621 0.001986 0.019197 0.037064 0.426237 0.088615 0.044341 0.046385 0.254924 0.080632 
0.000205 0.004572 0.021673 0.028574 0.419900 0.113481 0.045721 0.043451 0.243854 0.078569 
0.001921 0.004221 0.033237 0.032703 0.398965 0.116291 0.043505 0.041862 0.242554 0.084742 
0.000858 0.004215 0.032039 0.079554 0.364569 0.111943 0.079399 0.028909 0.161549 0.136965 
0.001318 0.006132 0.032757 0.056370 0.320636 0.137823 0.069080 0.043474 0.156209 0.176201 
0.001032 0.006269 0.040574 0.113171 0.326667 0.134364 0.061785 0.029559 0.151685 0.134895 
0.002994 0.014712 0.035386 0.125339 0.273115 0.152713 0.080079 0.020447 0.180950 0.114265 
0.001154 0.010143 0.051586 0.077987 0.289168 0.112640 0.111079 0.094544 0.161080 0.090619 
0.004122 0.025501 0.089058 0.120280 0.132681 0.179063 0.139387 0.060349 0.184259 0.065298 
0.005360 0.030614 0.154001 0.208186 0.091538 0.113978 0.191291 0.059476 0.123846 0.021710 
0.004072 0.021387 0.132090 0.248398 0.080284 0.131925 0.148283 0.040710 0.148552 0.044299 
0.003458 0.021671 0.137196 0.215979 0.124581 0.153272 0.135872 0.035710 0.133940 0.038321 
0.001264 0.028177 0.126151 0.272722 0.143436 0.170315 0.091422 0.030269 0.070881 0.065363 
0.002271 0.035147 0.142842 0.283918 0.097383 0.164932 0.097490 0.033469 0.072158 0.070391 
0.005736 0.043661 0.109907 0.297754 0.057962 0.149212 0.070478 0.066017 0.125295 0.073980 
0.009510 0.055888 0.112475 0.328255 0.060689 0.125866 0.090712 0.037396 0.114099 0.065111 
0.009683 0.061066 0.082162 0.302395 0.114741 0.160736 0.115785 0.046480 0.059218 0.047735 
0.004753 0.042155 0.105183 0.258176 0.123272 0.170353 0.107635 0.069433 0.073576 0.045463 
0.000636 0.011121 0.189536 0.178361 0.093826 0.215970 0.109646 0.046002 0.103377 0.051525 
0.001464 0.011037 0.187520 0.207994 0.072204 0.224169 0.107420 0.018110 0.119836 0.050245 
0.001512 0.016951 0.157795 0.139356 0.097972 0.188760 0.086517 0.064528 0.206590 0.040019 
0.003787 0.021882 0.136620 0.147179 0.096764 0.190518 0.058471 0.066108 0.226607 0.052064 
0.000827 0.005794 0.139702 0.118251 0.101266 0.242886 0.076996 0.086200 0.181951 0.046126 
0.008650 0.037795 0.109264 0.129918 0.044015 0.242820 0.080222 0.080486 0.228854 0.037976 
0.003235 0.016203 0.107147 0.126564 0.040363 0.197414 0.111966 0.093269 0.259892 0.043946 
0.003085 0.016553 0.099414 0.145513 0.034042 0.206923 0.096536 0.078479 0.266042 0.053414 
0.001546 0.007319 0.122002 0.124319 0.084354 0.201495 0.102058 0.107767 0.174877 0.074262 
0.004962 0.021274 0.065523 0.098010 0.314059 0.126062 0.065995 0.094729 0.169165 0.040221 
0.002699 0.017464 0.051915 0.082217 0.368308 0.115958 0.050271 0.075296 0.174565 0.061307 
0.001470 0.012575 0.097267 0.074151 0.379339 0.136160 0.052323 0.054367 0.150068 0.042281 
0.000585 0.004870 0.112286 0.099846 0.412648 0.152060 0.076778 0.020634 0.073968 0.046325 
0.000923 0.003894 0.059049 0.072409 0.361376 0.112851 0.051725 0.078172 0.206007 0.053594 
0.005801 0.033841 0.041473 0.053234 0.401601 0.071024 0.047064 0.043746 0.220369 0.081846 
0.000845 0.007164 0.050759 0.072056 0.428363 0.100875 0.055599 0.066027 0.171612 0.046700 
0.000138 0.005420 0.062663 0.070861 0.419002 0.081600 0.025944 0.067556 0.227915 0.038901 
0.010649 0.046255 0.060129 0.071535 0.379129 0.067900 0.015506 0.062992 0.242948 0.042957 
0.004395 0.021781 0.055975 0.071635 0.320221 0.081718 0.021394 0.057887 0.294874 0.070121 
0.002963 0.016722 0.050136 0.025762 0.392800 0.063103 0.034385 0.049152 0.303111 0.061868 
0.000512 0.004674 0.047863 0.027206 0.350253 0.078301 0.053205 0.068429 0.326772 0.042785 
0.002864 0.014595 0.046273 0.038088 0.310680 0.081293 0.039554 0.077649 0.358561 0.030444 
0.003760 0.020514 0.036148 0.058836 0.273456 0.061594 0.103327 0.044290 0.332807 0.065269 
0.000696 0.006101 0.044678 0.075322 0.292179 0.084253 0.061684 0.053581 0.318903 0.062604 
0.002112 0.014299 0.066246 0.102245 0.265433 0.104098 0.049907 0.022537 0.314108 0.059016 
0.002986 0.022589 0.064241 0.101811 0.234161 0.125011 0.057975 0.037933 0.302531 0.050763 
0.000157 0.013263 0.072928 0.065347 0.216486 0.157091 0.055723 0.068870 0.271788 0.078347 
0.003273 0.008918 0.091055 0.128245 0.168425 0.164802 0.103803 0.072970 0.205136 0.053374 
0.001420 0.008610 0.132094 0.148007 0.121592 0.109758 0.106265 0.111315 0.206914 0.054025 
0.006423 0.040563 0.090784 0.163990 0.108288 0.133188 0.127689 0.096257 0.206233 0.026585 
0.007089 0.046929 0.099438 0.152363 0.068609 0.162126 0.121799 0.078758 0.236150 0.026739 
0.002530 0.035481 0.084491 0.173131 0.083687 0.161392 0.135914 0.074027 0.208227 0.041122 
0.001842 0.031056 0.110533 0.165880 0.114955 0.149613 0.091797 0.084219 0.201196 0.048908 
0.008156 0.047168 0.106960 0.181509 0.096048 0.115113 0.091317 0.106460 0.188035 0.059234 
0.004705 0.032061 0.125420 0.211710 0.097552 0.124461 0.075643 0.094795 0.184256 0.049397 
0.004852 0.035307 0.105210 0.218666 0.098546 0.154278 0.052510 0.092921 0.142786 0.094925 
0.001271 0.008474 0.136803 0.143866 0.109078 0.163579 0.102722 0.101285 0.141923 0.090999 
0.009039 0.041219 0.154602 0.105948 0.087502 0.155880 0.066256 0.129681 0.150368 0.099504 
0.006702 0.029420 0.148409 0.102490 0.123678 0.144055 0.063083 0.119833 0.204832 0.057496 
0.000144 0.011449 0.141340 0.123042 0.141013 0.124841 0.086733 0.084607 0.209873 0.076958 
0.009390 0.045562 0.115815 0.110032 0.147301 0.129507 0.039730 0.106492 0.210952 0.085221 
0.010066 0.046353 0.121317 0.168932 0.159333 0.090634 0.030178 0.076696 0.213672 0.082820 
0.005335 0.032484 0.094226 0.222248 0.138269 0.072239 0.030953 0.090905 0.267923 0.045418 
0.005644 0.033017 0.082204 0.192955 0.144020 0.077533 0.051382 0.122425 0.232462 0.058359 
0.007584 0.038799 0.111728 0.187139 0.140295 0.049088 0.038021 0.130925 0.260318 0.036103 
0.000556 0.004709 0.084646 0.121767 0.308998 0.101888 0.060257 0.101918 0.172211 0.043050 
0.006595 0.025730 0.078185 0.120663 0.382997 0.046531 0.050687 0.085057 0.178370 0.025184 
0.001199 0.010921 0.069719 0.136117 0.374538 0.067922 0.048573 0.082935 0.163604 0.044472 
0.000735 0.005592 0.076330 0.146922 0.368271 0.066901 0.052230 0.094055 0.140135 0.048828 
0.003331 0.011041 0.077893 0.171652 0.351471 0.069014 0.048842 0.081691 0.124795 0.060270 
0.000284 0.003570 0.037305 0.105096 0.405081 0.073967 0.079623 0.039665 0.223069 0.032341 
0.001305 0.004760 0.055954 0.105350 0.418320 0.056846 0.031723 0.058868 0.243434 0.023440 
0.001372 0.005835 0.067348 0.113320 0.422532 0.061607 0.041456 0.049351 0.208327 0.028851 
0.001445 0.012219 0.054530 0.095981 0.352785 0.089028 0.068603 0.057383 0.205187 0.062839 
0.002697 0.012595 0.062077 0.086554 0.376519 0.050895 0.029866 0.062206 0.269263 0.047327 
0.002676 0.008289 0.046940 0.067465 0.419078 0.046816 0.053946 0.061607 0.256647 0.036536 
0.004254 0.013930 0.056420 0.053566 0.422943 0.040662 0.055137 0.065722 0.264890 0.022476 
0.000941 0.005984 0.036689 0.038722 0.429250 0.016673 0.028832 0.062744 0.314970 0.065195 
0.002321 0.015139 0.039697 0.030468 0.410297 0.026447 0.016358 0.044599 0.346634 0.068038 
0.000937 0.007945 0.040202 0.052694 0.356110 0.027096 0.053718 0.042028 0.328275 0.090995 
0.001920 0.009811 0.058371 0.059108 0.308476 0.031623 0.067544 0.067639 0.329281 0.066226 
0.001053 0.008757 0.057019 0.103973 0.311348 0.032050 0.043213 0.070661 0.310513 0.061413 
0.001374 0.015315 0.059020 0.115505 0.260935 0.040905 0.036716 0.074613 0.321050 0.074568 
0.000566 0.010372 0.076715 0.075944 0.270933 0.075055 0.081747 0.086399 0.274969 0.047298 
0.005911 0.026842 0.141993 0.109488 0.182385 0.118139 0.123271 0.062089 0.179999 0.049883 
0.006397 0.033017 0.110764 0.125580 0.171493 0.078472 0.131894 0.076935 0.210263 0.055185 
0.002827 0.015847 0.110052 0.126742 0.145512 0.088690 0.137749 0.093250 0.238202 0.041131 
0.004791 0.020867 0.124016 0.127085 0.118114 0.102690 0.112103 0.084117 0.269186 0.037029 
0.004789 0.017368 0.114700 0.164451 0.130747 0.103988 0.080068 0.091004 0.245288 0.047596 
0.006416 0.025336 0.095108 0.212109 0.116360 0.125437 0.101149 0.096575 0.181990 0.039520 
0.006164 0.024415 0.101369 0.240569 0.120913 0.139138 0.117711 0.069645 0.123199 0.056877 
0.003051 0.017874 0.098129 0.275523 0.159796 0.169352 0.114395 0.035335 0.073831 0.052715 
0.000162 0.013440 0.120998 0.289224 0.150607 0.174885 0.118725 0.035159 0.050886 0.045915 
0.002827 0.008994 0.122117 0.285175 0.155936 0.173982 0.099713 0.052368 0.042552 0.056334 
0.008371 0.041556 0.100473 0.277368 0.151514 0.165659 0.070634 0.060289 0.079352 0.044784 
0.010068 0.046437 0.119646 0.267791 0.159991 0.158615 0.089283 0.034621 0.083899 0.029650 
0.001267 0.010880 0.139383 0.267842 0.170968 0.186597 0.107357 0.028130 0.045562 0.042013 
0.004780 0.030016 0.093204 0.260334 0.218775 0.167237 0.113774 0.025405 0.045930 0.040545 
0.000159 0.020178 0.106035 0.261093 0.179605 0.153803 0.095493 0.040434 0.081790 0.061410 
0.000003 0.010340 0.138484 0.238724 0.154070 0.127664 0.119676 0.045343 0.098705 0.066991 
0.003794 0.013163 0.116175 0.234649 0.173742 0.127379 0.107275 0.055589 0.117130 0.051105 
0.001860 0.007525 0.111379 0.206967 0.160574 0.104125 0.131806 0.057479 0.160249 0.058037 
0.003631 0.017454 0.115027 0.168008 0.160187 0.082734 0.137423 0.083304 0.196289 0.035942 
0.000380 0.006599 0.117440 0.155904 0.119406 0.097986 0.160018 0.077136 0.223436 0.041696 
0.006469 0.031413 0.113735 0.163055 0.122053 0.071768 0.139116 0.096979 0.199827 0.055584 
0.008909 0.042231 0.076574 0.188208 0.148547 0.079577 0.169785 0.045939 0.165046 0.075183 
0.008008 0.033363 0.115259 0.213739 0.130152 0.093254 0.144381 0.060432 0.120090 0.081323 
0.003667 0.011283 0.110790 0.213437 0.123496 0.092475 0.145222 0.067467 0.158780 0.073384 
0.005227 0.027528 0.075136 0.214441 0.105729 0.090103 0.115879 0.057399 0.247035 0.061522 
0.002709 0.015246 0.078200 0.188683 0.071223 0.089914 0.149383 0.111911 0.254414 0.038317 
0.003888 0.016329 0.076951 0.175585 0.072616 0.103807 0.132905 0.073668 0.296787 0.047464 
0.000996 0.008146 0.062541 0.155106 0.091727 0.097512 0.164664 0.107994 0.266146 0.045168 
0.003523 0.014608 0.076296 0.121124 0.068020 0.109673 0.146157 0.096779 0.297772 0.066047 
0.004004 0.021530 0.068633 0.082764 0.078907 0.109377 0.153212 0.103670 0.301884 0.076018 
0.003515 0.016441 0.063930 0.069708 0.078354 0.105809 0.139992 0.146628 0.313167 0.062457 
0.005612 0.019931 0.087062 0.065449 0.101168 0.126287 0.155929 0.093622 0.298863 0.046076 
0.002096 0.012688 0.085928 0.064084 0.093005 0.124044 0.177182 0.127601 0.271965 0.041406 
0.002465 0.010105 0.093263 0.095628 0.110566 0.117177 0.181969 0.080909 0.251216 0.056703 
0.003979 0.022891 0.089018 0.094791 0.101866 0.131051 0.194194 0.054277 0.232140 0.075792 
0.008332 0.040155 0.091463 0.099064 0.081244 0.130476 0.221740 0.065832 0.194788 0.066906 
0.000341 0.016950 0.114168 0.113756 0.122679 0.138809 0.210571 0.035774 0.164383 0.082569 
0.001692 0.019952 0.102076 0.124493 0.259074 0.114351 0.133668 0.041537 0.144176 0.058981 
0.001974 0.009739 0.065675 0.121613 0.323643 0.114471 0.114330 0.041842 0.145486 0.061227 
0.001297 0.007007 0.053167 0.179480 0.287237 0.083428 0.107604 0.074120 0.157234 0.049426 
0.003525 0.014537 0.051178 0.168844 0.253794 0.088615 0.099099 0.071519 0.195441 0.053447 
0.001323 0.009349 0.057797 0.139435 0.257096 0.080608 0.100222 0.082510 0.203760 0.067901 
0.001186 0.011104 0.058219 0.164317 0.262061 0.081609 0.078436 0.090413 0.194463 0.058192 
0.006269 0.022499 0.104196 0.159054 0.268264 0.085460 0.082584 0.035322 0.167928 0.068424 
0.000310 0.016164 0.094139 0.157821 0.278946 0.102902 0.108601 0.053118 0.132617 0.055383 
0.003405 0.023069 0.076776 0.166467 0.294229 0.101960 0.130216 0.060580 0.108032 0.035266 
0.010008 0.049761 0.172789 0.149024 0.214857 0.072355 0.140129 0.052600 0.104472 0.034005 
0.009167 0.035527 0.266162 0.120956 0.177865 0.065496 0.100845 0.057868 0.135898 0.030215 
0.008659 0.037905 0.278559 0.110630 0.148569 0.060966 0.103234 0.069460 0.150528 0.031489 
0.007783 0.039412 0.164831 0.114733 0.231648 0.080077 0.124001 0.045663 0.160149 0.031701 
0.001271 0.012968 0.154757 0.142031 0.232743 0.119606 0.130688 0.043698 0.132314 0.029924 
0.009004 0.039393 0.141350 0.141875 0.147558 0.145326 0.087775 0.085611 0.168153 0.033955 
0.009818 0.045555 0.117105 0.224848 0.106198 0.092150 0.079816 0.091665 0.203835 0.029009 
0.004142 0.018093 0.104546 0.243220 0.121235 0.099645 0.079834 0.055145 0.222040 0.052100 
0.000931 0.009207 0.072940 0.239097 0.117476 0.122785 0.083222 0.067267 0.258734 0.028341 
0.003149 0.015791 0.043703 0.115381 0.322552 0.123575 0.080965 0.119512 0.157661 0.017711 
0.005155 0.016242 0.058670 0.114597 0.426346 0.052076 0.051581 0.078960 0.183647 0.012726 
0.001316 0.009218 0.033734 0.116866 0.448986 0.079091 0.051782 0.044378 0.178459 0.036170 
0.004446 0.019898 0.045337 0.137488 0.454942 0.062487 0.054277 0.040299 0.149719 0.031106 
0.006596 0.027489 0.071070 0.116973 0.452631 0.084425 0.059740 0.051405 0.099847 0.029824 
0.001245 0.005044 0.033320 0.069160 0.408723 0.100247 0.062482 0.085496 0.182996 0.051286 
0.007912 0.035267 0.048822 0.064583 0.414845 0.041249 0.037723 0.035447 0.245459 0.068693 
0.003808 0.015285 0.038304 0.067715 0.445619 0.078007 0.054949 0.037739 0.202522 0.056052 
0.000960 0.005477 0.038205 0.064849 0.460921 0.058349 0.038439 0.027078 0.281805 0.023916 
0.007076 0.029655 0.038383 0.075004 0.418779 0.047185 0.040718 0.036993 0.276344 0.029863 
0.000113 0.002527 0.035222 0.036269 0.413239 0.048251 0.051897 0.058798 0.308746 0.044939 
0.003076 0.012977 0.023646 0.041677 0.446959 0.066996 0.038651 0.040274 0.280383 0.045360 
0.001685 0.006200 0.021309 0.047091 0.422906 0.071037 0.061192 0.053847 0.278793 0.035940 
0.004362 0.019603 0.025475 0.037215 0.408516 0.056300 0.032767 0.056290 0.326887 0.032585 
0.003428 0.012403 0.038699 0.067958 0.325982 0.041557 0.079997 0.046625 0.298209 0.085143 
0.001573 0.006331 0.027749 0.066555 0.332479 0.044867 0.056562 0.035004 0.317474 0.111407 
0.000716 0.002626 0.032326 0.116517 0.294567 0.065905 0.052599 0.052966 0.291308 0.090472 
0.000669 0.003211 0.040949 0.115120 0.277659 0.075034 0.071983 0.078596 0.260488 0.076290 
0.011798 0.092752 0.244035 0.164261 0.168952 0.067039 0.054116 0.047596 0.110474 0.038977 
0.003684 0.367307 0.352592 0.056126 0.058100 0.044482 0.031197 0.025206 0.042202 0.019104 
0.015825 0.214458 0.252734 0.137339 0.086682 0.069549 0.089188 0.023624 0.076444 0.034157 
0.001440 0.216242 0.241346 0.157294 0.079285 0.069989 0.085688 0.030117 0.084026 0.034573 
0.004333 0.142034 0.318614 0.164483 0.091986 0.079021 0.072484 0.027756 0.081012 0.018277 
0.030741 0.173135 0.260729 0.186802 0.093841 0.071967 0.060570 0.024102 0.080019 0.018093 
0.025639 0.196564 0.276799 0.170125 0.097654 0.079454 0.064703 0.029536 0.035879 0.023647 
0.017873 0.200788 0.328250 0.173351 0.092205 0.082496 0.037686 0.016188 0.031674 0.019488 
0.024931 0.224477 0.318009 0.158700 0.083312 0.087333 0.022385 0.019087 0.041529 0.020237 
0.028089 0.243075 0.305745 0.159692 0.093776 0.092213 0.019530 0.011429 0.025088 0.021363 
0.031145 0.238323 0.291253 0.142586 0.082220 0.067853 0.033995 0.027867 0.027824 0.056935 
0.030636 0.250014 0.315255 0.121026 0.089793 0.063911 0.028140 0.018994 0.036742 0.045488 
0.018404 0.214156 0.348642 0.114148 0.090341 0.055809 0.024326 0.020808 0.064963 0.048402 
0.004234 0.205559 0.340018 0.106834 0.107692 0.066380 0.028987 0.011442 0.071537 0.057318 
0.002524 0.203455 0.382520 0.102899 0.100830 0.068539 0.034626 0.025370 0.043271 0.035967 
0.003910 0.200934 0.316179 0.120590 0.119097 0.069597 0.049825 0.036046 0.054709 0.029111 
0.008963 0.190947 0.329200 0.117858 0.095688 0.076747 0.050766 0.039956 0.056833 0.033042 
0.016516 0.225791 0.292390 0.132934 0.091905 0.074557 0.045276 0.033500 0.037893 0.049237 
0.021211 0.223045 0.309255 0.115278 0.096698 0.070661 0.032246 0.033188 0.057238 0.041180 
0.020331 0.235466 0.304010 0.108595 0.074208 0.073268 0.043892 0.037037 0.069316 0.033877 
0.011129 0.119935 0.228727 0.141046 0.165977 0.124289 0.059696 0.051776 0.059008 0.038418 
0.018140 0.176403 0.242136 0.135259 0.198835 0.048733 0.072618 0.037300 0.053360 0.017216 
0.022903 0.193634 0.276776 0.109669 0.185447 0.060964 0.052317 0.033248 0.047245 0.017799 
0.023385 0.215888 0.291168 0.106584 0.163233 0.054106 0.040599 0.030403 0.057938 0.016696 
0.017402 0.176090 0.232413 0.104534 0.153347 0.078319 0.041441 0.029174 0.114278 0.053002 
0.012372 0.142374 0.181380 0.053016 0.289913 0.050030 0.032656 0.044161 0.145412 0.048687 
0.016326 0.160203 0.188511 0.078887 0.252586 0.057833 0.031713 0.015398 0.148790 0.049753 
0.013426 0.182637 0.233046 0.083045 0.209389 0.068517 0.036154 0.028700 0.122064 0.023023 
0.000244 0.152664 0.283820 0.085573 0.212335 0.059653 0.020765 0.025353 0.124850 0.034745 
0.006760 0.155705 0.234715 0.084723 0.228031 0.058402 0.025443 0.025213 0.139154 0.041853 
0.001254 0.110183 0.380649 0.097576 0.171640 0.034007 0.013845 0.012507 0.137814 0.040526 
0.002639 0.050047 0.305942 0.095153 0.227154 0.060881 0.028456 0.030647 0.158199 0.040883 
0.007523 0.070776 0.306642 0.101568 0.197718 0.043537 0.027304 0.045664 0.177990 0.021280 
0.001227 0.043734 0.297418 0.105883 0.204063 0.044765 0.030092 0.054308 0.191791 0.026719 
0.009570 0.084363 0.267792 0.103711 0.151346 0.057046 0.066620 0.021417 0.176015 0.062119 
0.006169 0.132453 0.273635 0.147405 0.149987 0.030940 0.032650 0.042261 0.143251 0.041249 
0.006881 0.139211 0.339255 0.138695 0.097143 0.048748 0.049204 0.038884 0.115867 0.026111 
0.013459 0.165187 0.331690 0.088786 0.126342 0.041025 0.026208 0.023125 0.138681 0.045497 
0.023162 0.385131 0.231115 0.042944 0.047406 0.065496 0.052055 0.028052 0.088626 0.036013 
0.041420 0.188961 0.252463 0.085904 0.087539 0.087233 0.062784 0.052742 0.115840 0.025114 
0.029124 0.196345 0.291968 0.076841 0.089050 0.088642 0.055002 0.051305 0.089654 0.032068 
0.023604 0.206322 0.322109 0.076405 0.062376 0.094327 0.049640 0.061267 0.075948 0.028002 
0.000594 0.148875 0.322166 0.119713 0.093072 0.092914 0.071519 0.055840 0.060103 0.035205 
0.029921 0.175355 0.299866 0.143433 0.054826 0.119444 0.043862 0.049417 0.055650 0.028227 
0.016270 0.197919 0.336740 0.101151 0.067743 0.104255 0.053856 0.037984 0.054184 0.029900 
0.012259 0.193618 0.356020 0.093055 0.086471 0.100589 0.047338 0.038814 0.051863 0.019975 
0.008769 0.196380 0.381394 0.088663 0.075051 0.082988 0.036878 0.051769 0.053223 0.024885 
0.006218 0.237394 0.406499 0.076874 0.049325 0.065118 0.040757 0.052195 0.043730 0.021891 
0.005823 0.326715 0.308009 0.062113 0.046090 0.062821 0.034498 0.072311 0.061651 0.019969 
0.016394 0.215783 0.288704 0.081077 0.060137 0.097698 0.050600 0.080048 0.069802 0.039756 
0.029189 0.184342 0.316077 0.098439 0.080521 0.080559 0.030583 0.080085 0.067585 0.032620 
0.001448 0.181466 0.339160 0.104195 0.075836 0.073167 0.022826 0.075502 0.089934 0.036466 
0.001257 0.193052 0.329973 0.112348 0.078313 0.049259 0.054487 0.084221 0.076506 0.020583 
0.002242 0.214299 0.310834 0.105705 0.075523 0.038022 0.041124 0.098504 0.084723 0.029022 
0.020689 0.247667 0.296145 0.095366 0.066446 0.029400 0.035197 0.090330 0.080155 0.038605 
0.006132 0.228987 0.246250 0.115885 0.093562 0.050394 0.050030 0.085109 0.100957 0.022695 
0.014655 0.162534 0.251232 0.122368 0.135697 0.103673 0.038352 0.076534 0.065509 0.029445 
0.000696 0.163602 0.203843 0.084159 0.212415 0.055531 0.076366 0.080886 0.092978 0.029523 
0.005934 0.209471 0.214374 0.068319 0.221615 0.031231 0.065241 0.078381 0.083535 0.021899 
0.012063 0.238266 0.200836 0.094660 0.211063 0.041776 0.048709 0.064762 0.062940 0.024926 
0.017821 0.248455 0.222235 0.066773 0.204050 0.032656 0.059659 0.067473 0.048846 0.032032 
0.018042 0.193035 0.144423 0.047620 0.261823 0.067535 0.039286 0.069440 0.128167 0.030628 
0.008228 0.186843 0.178060 0.063374 0.218908 0.040496 0.065543 0.067963 0.147387 0.023198 
0.004682 0.202454 0.220309 0.044618 0.260906 0.038755 0.033393 0.036414 0.126539 0.031929 
0.006978 0.209130 0.226723 0.035895 0.215691 0.036349 0.036855 0.054358 0.129591 0.048432 
0.010200 0.220539 0.166966 0.071003 0.208369 0.037367 0.030136 0.065448 0.141980 0.047993 
0.006510 0.126385 0.273531 0.033546 0.225550 0.049981 0.045889 0.073790 0.141929 0.022889 
0.003788 0.058185 0.322066 0.050481 0.255824 0.019418 0.048279 0.061981 0.152404 0.027574 
0.003538 0.045665 0.319092 0.056926 0.263383 0.019683 0.019968 0.064615 0.166233 0.040898 
0.004815 0.048733 0.306831 0.069841 0.210127 0.040184 0.036958 0.055888 0.180747 0.045877 
0.011962 0.105657 0.336221 0.046570 0.179923 0.024649 0.031368 0.042681 0.162666 0.058304 
0.007133 0.110686 0.367497 0.086569 0.150424 0.027849 0.022959 0.039660 0.135670 0.051553 
0.003132 0.075056 0.427350 0.107917 0.131818 0.036620 0.013206 0.048021 0.119786 0.037094 
0.001201 0.116093 0.388523 0.111303 0.114082 0.047676 0.040189 0.050344 0.099127 0.031462 
0.016171 0.145579 0.346293 0.067924 0.114442 0.038418 0.096003 0.059811 0.085161 0.030198 
0.018153 0.320509 0.416786 0.045680 0.050016 0.028214 0.032880 0.029851 0.043653 0.014260 
0.014280 0.203401 0.340375 0.099455 0.068527 0.043719 0.079982 0.035029 0.081302 0.033930 
0.019581 0.128846 0.369160 0.109166 0.067097 0.060276 0.067250 0.077595 0.078974 0.022054 
0.004326 0.142929 0.349368 0.138990 0.073980 0.065984 0.074039 0.040683 0.078906 0.030797 
0.020221 0.155367 0.371760 0.146633 0.065075 0.079898 0.076809 0.022502 0.044075 0.017660 
0.005591 0.162269 0.362286 0.153379 0.052312 0.077886 0.092129 0.041631 0.036309 0.016209 
0.008056 0.169091 0.345917 0.129523 0.097024 0.079442 0.069718 0.032585 0.038214 0.030430 
0.024505 0.158477 0.384358 0.118464 0.073561 0.081422 0.080463 0.022082 0.029594 0.027073 
0.010926 0.137865 0.396491 0.128018 0.095940 0.068179 0.063900 0.016731 0.046960 0.034991 
0.029809 0.187815 0.345634 0.095168 0.088664 0.071332 0.076674 0.025259 0.041437 0.038206 
0.009880 0.144899 0.369518 0.116219 0.099479 0.068145 0.072272 0.035190 0.050192 0.034206 
0.014838 0.201243 0.354220 0.109052 0.089872 0.058183 0.061710 0.031898 0.054714 0.024269 
0.004983 0.185107 0.393017 0.097607 0.111589 0.051951 0.050107 0.044834 0.042142 0.018663 
0.005364 0.210874 0.405139 0.088647 0.107222 0.055451 0.071337 0.020833 0.022426 0.012708 
0.021953 0.197364 0.423572 0.081591 0.088129 0.048216 0.056440 0.017082 0.036041 0.029610 
0.015770 0.211346 0.408174 0.073186 0.075606 0.046925 0.070834 0.019683 0.047339 0.031136 
0.018748 0.193827 0.364889 0.057130 0.116803 0.055352 0.061242 0.044869 0.048169 0.038972 
0.021065 0.221650 0.379873 0.052752 0.077111 0.041389 0.073913 0.024461 0.067125 0.040661 
0.010806 0.187179 0.265838 0.143287 0.148383 0.059675 0.057844 0.032396 0.070713 0.023879 
0.003593 0.136981 0.349618 0.128053 0.074665 0.117999 0.059882 0.045907 0.038449 0.044854 
0.018543 0.248284 0.304349 0.080519 0.078631 0.059264 0.100866 0.025571 0.062466 0.021507 
0.022009 0.204080 0.311978 0.121376 0.086848 0.055312 0.081620 0.044036 0.043280 0.029462 
0.021674 0.222387 0.300962 0.138362 0.054420 0.049864 0.088076 0.034263 0.059452 0.030538 
0.019923 0.240243 0.337979 0.064326 0.072716 0.054118 0.091355 0.024599 0.052418 0.042323 
0.012803 0.275106 0.331874 0.079691 0.065232 0.046932 0.082578 0.036183 0.033120 0.036483 
0.006446 0.276110 0.343223 0.056197 0.070589 0.051887 0.080028 0.026499 0.059866 0.029155 
0.004114 0.294977 0.319048 0.043530 0.090813 0.065163 0.073871 0.015704 0.082353 0.010427 
0.005108 0.299233 0.292960 0.033870 0.070005 0.058997 0.097660 0.043483 0.090025 0.008660 
0.005000 0.296769 0.246888 0.046664 0.083164 0.065919 0.098293 0.034934 0.099248 0.023122 
0.027309 0.268456 0.248264 0.043150 0.089057 0.059776 0.099930 0.039364 0.088930 0.035763 
0.007869 0.268558 0.246911 0.051371 0.083816 0.059630 0.102288 0.048803 0.094536 0.036218 
0.014597 0.287724 0.260357 0.052931 0.065843 0.062945 0.094849 0.039185 0.088549 0.033021 
0.021418 0.300528 0.257369 0.067931 0.081585 0.047716 0.083101 0.040057 0.077186 0.023109 
0.004205 0.231796 0.309743 0.099197 0.064183 0.093318 0.092825 0.027211 0.049820 0.027703 
0.000796 0.248850 0.330793 0.081544 0.081746 0.066844 0.064914 0.037394 0.058711 0.028410 
0.009227 0.269588 0.327195 0.064463 0.070524 0.044174 0.073741 0.054714 0.054360 0.032015 
0.012040 0.274216 0.306043 0.081234 0.107271 0.043719 0.070115 0.020922 0.057389 0.027051 
0.021823 0.473454 0.292105 0.034070 0.055855 0.027066 0.037347 0.014513 0.024300 0.019467 
0.011492 0.373193 0.257523 0.099766 0.085496 0.048204 0.041404 0.021267 0.035511 0.026144 
0.003273 0.344407 0.234218 0.115961 0.099689 0.061241 0.066659 0.015648 0.036715 0.022190 
0.029710 0.327098 0.250134 0.101039 0.118242 0.053619 0.061025 0.013640 0.032621 0.012872 
0.011456 0.230635 0.231877 0.138820 0.089637 0.091608 0.078441 0.043016 0.063244 0.021266 
0.008916 0.222652 0.294577 0.148674 0.050110 0.112215 0.051964 0.031945 0.043766 0.035181 
0.014554 0.316204 0.209693 0.064089 0.081991 0.078852 0.083324 0.020719 0.088414 0.042160 
0.019512 0.297151 0.273361 0.065187 0.060132 0.058687 0.060245 0.032543 0.086662 0.046519 
0.039349 0.308448 0.232144 0.048329 0.072018 0.060517 0.060334 0.046106 0.090803 0.041952 
