Troublemaker,ABBA
0.047901 0.120891 0.183897 0.111015 0.161677 0.053920 0.107328 0.073120 0.094613 0.045639 
0.012636 0.022973 0.040856 0.037821 0.067623 0.058877 0.071143 0.112244 0.478043 0.097785 
0.016076 0.035622 0.030306 0.033425 0.057380 0.062006 0.037667 0.066763 0.542761 0.117994 
0.010507 0.055838 0.039718 0.032885 0.074773 0.049771 0.055014 0.072996 0.510933 0.097563 
0.018365 0.056996 0.061391 0.038726 0.089261 0.054215 0.055569 0.087278 0.450215 0.087985 
0.009797 0.160601 0.447974 0.166428 0.056696 0.031500 0.032566 0.044692 0.024122 0.025626 
0.003530 0.599856 0.273294 0.053248 0.013661 0.015729 0.011152 0.007221 0.017894 0.004414 
0.024752 0.571899 0.141758 0.078485 0.053097 0.030006 0.033150 0.027596 0.022918 0.016339 
0.010595 0.730708 0.104346 0.037794 0.041508 0.013551 0.018752 0.010377 0.022498 0.009870 
0.081726 0.652014 0.153513 0.043556 0.023977 0.010738 0.014238 0.009354 0.005714 0.005170 
0.022270 0.643747 0.123861 0.058687 0.051422 0.016804 0.023783 0.021004 0.021455 0.016968 
0.056866 0.315553 0.229172 0.106837 0.093122 0.050338 0.042189 0.045160 0.040308 0.020454 
0.034998 0.233574 0.238614 0.206872 0.112329 0.020579 0.029375 0.036846 0.054275 0.032538 
0.049517 0.208440 0.247453 0.151761 0.102676 0.062234 0.061323 0.048926 0.040228 0.027442 
0.001268 0.312111 0.244909 0.129085 0.104322 0.025128 0.033598 0.038160 0.076814 0.034604 
0.045013 0.310473 0.064807 0.056516 0.070968 0.063063 0.093651 0.104264 0.103419 0.087827 
0.014609 0.083861 0.165069 0.139945 0.071401 0.070686 0.094546 0.169761 0.095339 0.094785 
0.006669 0.085556 0.170658 0.106904 0.061898 0.032577 0.126037 0.105544 0.151882 0.152276 
0.000070 0.073054 0.232634 0.098095 0.093781 0.030746 0.068798 0.145043 0.138101 0.119678 
0.007979 0.128071 0.299253 0.127685 0.082013 0.031813 0.054042 0.105152 0.101938 0.062054 
0.013979 0.196888 0.390024 0.061606 0.035773 0.034039 0.064676 0.066477 0.063200 0.073337 
0.019515 0.117578 0.538355 0.134558 0.046624 0.032636 0.032720 0.022449 0.037559 0.018005 
0.053906 0.528652 0.222590 0.075357 0.040207 0.016119 0.020583 0.015873 0.016876 0.009836 
0.082174 0.591903 0.151441 0.064150 0.026557 0.016222 0.020857 0.015530 0.019374 0.011792 
0.029530 0.792759 0.053827 0.027187 0.030418 0.015232 0.025483 0.009873 0.009139 0.006551 
0.015941 0.616352 0.184909 0.051504 0.038182 0.022572 0.023680 0.019263 0.016505 0.011092 
0.068118 0.600923 0.107822 0.046432 0.057997 0.028774 0.025305 0.013581 0.028496 0.022551 
0.065206 0.399029 0.133329 0.117516 0.089942 0.046243 0.050547 0.033209 0.054843 0.010137 
0.078984 0.672113 0.130307 0.031528 0.026812 0.018296 0.016987 0.007521 0.009417 0.008037 
0.061733 0.302481 0.131355 0.118431 0.128575 0.038444 0.049235 0.048938 0.095096 0.025711 
0.039628 0.337855 0.159451 0.119284 0.118361 0.028971 0.037409 0.041418 0.100266 0.017356 
0.016190 0.344814 0.146426 0.115872 0.100965 0.074000 0.032600 0.038361 0.070350 0.060423 
0.026086 0.135091 0.283426 0.137342 0.149079 0.044805 0.071834 0.019074 0.091891 0.041371 
0.023012 0.128735 0.247103 0.237802 0.138310 0.024961 0.074801 0.036565 0.057674 0.031038 
0.020073 0.079624 0.256178 0.220847 0.100884 0.061630 0.089691 0.057636 0.071147 0.042289 
0.002417 0.161019 0.246153 0.168070 0.129469 0.040767 0.111542 0.036185 0.075293 0.029085 
0.072188 0.483103 0.226829 0.069614 0.049761 0.024639 0.021792 0.012100 0.029509 0.010465 
0.002653 0.052869 0.171299 0.108683 0.067534 0.082581 0.093653 0.196286 0.115015 0.109426 
0.002339 0.059146 0.237714 0.109527 0.038030 0.056295 0.096512 0.103229 0.184944 0.112265 
0.007982 0.083358 0.180377 0.048418 0.047653 0.050890 0.132262 0.169605 0.153485 0.125972 
0.007567 0.035714 0.323281 0.101274 0.118235 0.056108 0.068131 0.088642 0.122124 0.078926 
0.008711 0.084658 0.462998 0.109312 0.047159 0.040671 0.048943 0.046067 0.082326 0.069154 
0.003776 0.038882 0.387893 0.135400 0.162700 0.044751 0.051565 0.044376 0.078212 0.052446 
0.008132 0.058813 0.219765 0.188951 0.069432 0.097406 0.082114 0.179676 0.045900 0.049810 
0.002975 0.035635 0.180808 0.354149 0.055467 0.066656 0.055932 0.128045 0.084827 0.035506 
0.002389 0.021433 0.211916 0.327605 0.093474 0.051561 0.059617 0.136513 0.076150 0.019343 
0.012095 0.055439 0.151843 0.311117 0.043079 0.110092 0.031990 0.162064 0.080097 0.042185 
0.003858 0.029255 0.323819 0.269608 0.118539 0.046361 0.037432 0.084503 0.050139 0.036486 
0.025986 0.341208 0.404980 0.072038 0.037089 0.040913 0.011284 0.034475 0.017409 0.014618 
0.011833 0.558575 0.120232 0.060897 0.040167 0.095756 0.017204 0.056684 0.010379 0.028273 
0.011342 0.450777 0.132220 0.089221 0.082462 0.114669 0.017419 0.053732 0.012706 0.035453 
0.031134 0.377639 0.082962 0.089100 0.064319 0.148008 0.030203 0.086270 0.021290 0.069075 
0.030891 0.345474 0.105889 0.075065 0.046423 0.173280 0.060071 0.075365 0.017444 0.070099 
0.021064 0.330555 0.093776 0.081964 0.072717 0.175468 0.054732 0.074905 0.027254 0.067565 
0.016804 0.156891 0.206364 0.172838 0.097917 0.085299 0.062816 0.087549 0.039795 0.073727 
0.025314 0.256776 0.136478 0.197606 0.067074 0.103653 0.023750 0.108364 0.039212 0.041772 
0.009610 0.156304 0.169042 0.181726 0.141140 0.138791 0.047450 0.089610 0.017979 0.048347 
0.049428 0.230642 0.103191 0.195003 0.036946 0.111331 0.051848 0.162787 0.027645 0.031179 
0.016591 0.067621 0.135224 0.089704 0.093136 0.065306 0.094924 0.212212 0.140572 0.084710 
0.007138 0.068213 0.225438 0.172324 0.050056 0.083263 0.050513 0.067244 0.160567 0.115244 
0.010299 0.069160 0.117032 0.067360 0.039655 0.096245 0.141458 0.173411 0.130943 0.154437 
0.003686 0.049288 0.210082 0.139540 0.073692 0.150987 0.026959 0.103782 0.109135 0.132849 
0.007278 0.095038 0.180782 0.076993 0.074459 0.208275 0.065621 0.142262 0.043829 0.105463 
0.002966 0.039761 0.500602 0.168346 0.066714 0.072517 0.055098 0.025327 0.036681 0.031988 
0.018861 0.390202 0.400630 0.057172 0.036664 0.026208 0.022452 0.017601 0.017652 0.012556 
0.031068 0.735142 0.066262 0.041239 0.040187 0.024254 0.016664 0.017720 0.010982 0.016482 
0.034600 0.660167 0.108890 0.053568 0.032136 0.040160 0.025022 0.020241 0.010836 0.014378 
0.056632 0.614664 0.174004 0.038380 0.030616 0.020682 0.023260 0.019031 0.010782 0.011948 
0.056089 0.618006 0.157282 0.057075 0.027648 0.013603 0.015240 0.023547 0.023006 0.008505 
0.091919 0.447981 0.155103 0.068290 0.044688 0.049729 0.023692 0.041289 0.040223 0.037086 
0.042727 0.615978 0.072640 0.065641 0.037070 0.071432 0.013231 0.043013 0.016147 0.022121 
0.049294 0.349513 0.245633 0.056404 0.096139 0.039971 0.048684 0.044199 0.032383 0.037780 
0.101746 0.476166 0.141535 0.045543 0.069623 0.042231 0.034239 0.051342 0.013673 0.023902 
0.108876 0.526225 0.123430 0.057450 0.035105 0.049337 0.029416 0.030320 0.019519 0.020323 
0.082132 0.417684 0.178096 0.076794 0.057328 0.052822 0.042670 0.043387 0.019688 0.029399 
0.111865 0.396280 0.082284 0.103988 0.107839 0.065362 0.025074 0.043222 0.018559 0.045527 
0.077720 0.327365 0.119617 0.158682 0.069940 0.063118 0.023101 0.076065 0.037754 0.046640 
0.078106 0.271819 0.138593 0.201183 0.091189 0.076280 0.032687 0.035067 0.027555 0.047521 
0.148461 0.425858 0.189301 0.095992 0.036922 0.027908 0.024136 0.021251 0.022389 0.007782 
0.016750 0.077535 0.173847 0.067536 0.046060 0.062525 0.094099 0.198829 0.169224 0.093594 
0.003308 0.071937 0.231146 0.140235 0.063314 0.072680 0.057376 0.067459 0.172200 0.120346 
0.001506 0.078772 0.167018 0.049802 0.073092 0.045439 0.154238 0.171885 0.135724 0.122524 
0.015590 0.105390 0.293232 0.093866 0.091725 0.038304 0.051064 0.074619 0.111371 0.124838 
0.032960 0.145063 0.365330 0.076680 0.170713 0.029990 0.016847 0.070700 0.053767 0.037950 
0.012849 0.102490 0.268006 0.051080 0.209976 0.076975 0.061387 0.098580 0.069646 0.049010 
0.005042 0.056602 0.329955 0.095828 0.213305 0.070430 0.070117 0.068848 0.033892 0.055981 
0.019072 0.062220 0.307662 0.144789 0.145297 0.085840 0.083006 0.051283 0.038344 0.062487 
0.003393 0.035853 0.316731 0.134410 0.189569 0.094809 0.097158 0.055435 0.021872 0.050770 
0.008950 0.050101 0.296208 0.069731 0.244495 0.074848 0.165114 0.030655 0.012497 0.047400 
0.005244 0.044614 0.241651 0.070583 0.217237 0.104576 0.243785 0.033907 0.025779 0.012624 
0.028663 0.141500 0.513766 0.144778 0.037563 0.038959 0.021288 0.032423 0.028612 0.012448 
0.061160 0.629878 0.191629 0.036761 0.034268 0.010775 0.016415 0.007047 0.007390 0.004677 
0.053690 0.517857 0.141187 0.072702 0.083519 0.030534 0.035933 0.024537 0.024668 0.015372 
0.005418 0.606628 0.149879 0.055189 0.115715 0.009752 0.019939 0.006575 0.018999 0.011908 
0.061256 0.568369 0.137778 0.019188 0.141387 0.020713 0.025193 0.011952 0.010726 0.003439 
0.031724 0.468731 0.112726 0.078594 0.109791 0.065559 0.051242 0.035453 0.028101 0.018080 
0.008009 0.247926 0.156051 0.120582 0.181203 0.056074 0.103810 0.024084 0.065967 0.036294 
0.039254 0.267787 0.162823 0.206296 0.102200 0.030356 0.065533 0.026367 0.064503 0.034881 
0.026444 0.197606 0.233823 0.156254 0.150785 0.024664 0.109742 0.030764 0.041627 0.028291 
0.057304 0.401051 0.133365 0.032673 0.178964 0.030974 0.079834 0.036859 0.026917 0.022058 
0.029795 0.090283 0.047456 0.091918 0.051929 0.081899 0.130552 0.224736 0.158253 0.093180 
0.011862 0.073519 0.220771 0.142179 0.083643 0.084142 0.064682 0.047356 0.137624 0.134222 
0.002570 0.076838 0.162142 0.059687 0.046493 0.047977 0.153739 0.132880 0.173230 0.144444 
0.002064 0.074380 0.297710 0.111410 0.106013 0.038670 0.058680 0.122933 0.102387 0.085753 
0.019306 0.135331 0.323034 0.085832 0.147029 0.035309 0.041872 0.045895 0.104764 0.061628 
0.006110 0.091101 0.242345 0.084553 0.124085 0.082489 0.105837 0.112177 0.081099 0.070204 
0.009629 0.183195 0.468469 0.157533 0.070787 0.038508 0.016360 0.009979 0.027989 0.017551 
0.037116 0.629128 0.163426 0.060074 0.043631 0.015642 0.013997 0.012391 0.012805 0.011789 
0.044725 0.499989 0.184042 0.084524 0.059588 0.034465 0.029308 0.028721 0.018527 0.016111 
0.055559 0.598641 0.151809 0.042002 0.061855 0.010028 0.047945 0.008172 0.017210 0.006779 
0.018030 0.509506 0.193733 0.060850 0.070841 0.015300 0.060276 0.031836 0.023561 0.016068 
0.042686 0.553046 0.135311 0.063396 0.069002 0.016200 0.049775 0.024318 0.029991 0.016275 
0.025326 0.368751 0.253238 0.041296 0.131237 0.016692 0.046459 0.028718 0.072498 0.015785 
0.059813 0.348860 0.128703 0.053307 0.179260 0.066855 0.094484 0.038745 0.021251 0.008722 
0.046130 0.166323 0.164044 0.130915 0.250550 0.043572 0.066925 0.025088 0.073939 0.032513 
0.001264 0.367691 0.154781 0.029848 0.247227 0.068513 0.075939 0.020534 0.027249 0.006953 
0.025170 0.182594 0.178108 0.129276 0.197426 0.032306 0.067410 0.043934 0.081818 0.061958 
0.025403 0.124720 0.315664 0.163747 0.139552 0.033755 0.058395 0.030316 0.078519 0.029928 
0.023994 0.100703 0.223499 0.236244 0.170816 0.039328 0.067607 0.033746 0.060178 0.043886 
0.020176 0.122124 0.267988 0.153322 0.140301 0.065715 0.100113 0.050304 0.039090 0.040867 
0.006042 0.213737 0.324527 0.103990 0.107027 0.039802 0.048641 0.048639 0.091613 0.015982 
0.008440 0.046553 0.046269 0.061718 0.041553 0.052748 0.223040 0.279398 0.150856 0.089425 
0.009785 0.095747 0.196522 0.160665 0.084818 0.078051 0.089428 0.076795 0.114012 0.094176 
0.007653 0.051390 0.189823 0.090862 0.042535 0.051005 0.135984 0.115135 0.181123 0.134491 
0.013151 0.107450 0.232302 0.086847 0.075507 0.036946 0.063234 0.126178 0.124642 0.133744 
0.007887 0.081412 0.357697 0.082915 0.160041 0.029188 0.051222 0.057503 0.126209 0.045927 
0.000714 0.062481 0.487280 0.052795 0.064980 0.040729 0.071980 0.049386 0.091195 0.078459 
0.014506 0.106554 0.557713 0.141928 0.040346 0.032525 0.033750 0.028038 0.026483 0.018157 
0.009524 0.393672 0.245610 0.104807 0.065726 0.061145 0.029036 0.044177 0.026268 0.020034 
0.026778 0.364510 0.102259 0.222180 0.082223 0.072292 0.036081 0.040355 0.028280 0.025043 
0.014024 0.190925 0.471471 0.117746 0.063683 0.049901 0.026059 0.041045 0.017739 0.007405 
0.007100 0.532419 0.139504 0.082862 0.033299 0.084992 0.022889 0.056689 0.021479 0.018766 
0.004593 0.268534 0.369822 0.159695 0.046262 0.048769 0.026267 0.037093 0.017550 0.021416 
0.019214 0.534612 0.266755 0.056597 0.033867 0.028623 0.015386 0.020097 0.017048 0.007800 
0.049105 0.664442 0.061695 0.059624 0.019441 0.052309 0.016587 0.040500 0.019582 0.016714 
0.031099 0.579737 0.072882 0.043312 0.040249 0.094764 0.017268 0.068880 0.021171 0.030639 
0.002935 0.454486 0.127174 0.086439 0.054418 0.117785 0.035074 0.039406 0.023001 0.059281 
0.035978 0.518031 0.076211 0.082887 0.046357 0.107735 0.026839 0.035876 0.038199 0.031886 
0.035257 0.304851 0.185836 0.124637 0.062755 0.086013 0.036712 0.063159 0.031279 0.069502 
0.017435 0.141496 0.152234 0.157695 0.084712 0.132870 0.057052 0.121514 0.037974 0.097019 
0.008441 0.190412 0.187271 0.151078 0.081224 0.146890 0.058259 0.090210 0.042224 0.043992 
0.039062 0.200210 0.142590 0.148633 0.101403 0.166521 0.046803 0.091150 0.033865 0.029764 
0.048024 0.213820 0.092832 0.244799 0.075462 0.157278 0.025980 0.092163 0.023136 0.026505 
0.008103 0.084560 0.136619 0.158331 0.074395 0.067070 0.084562 0.159764 0.119483 0.107112 
0.017833 0.064756 0.191762 0.112512 0.060002 0.058600 0.120734 0.108332 0.135127 0.130342 
0.016723 0.113864 0.162239 0.082932 0.076156 0.081190 0.065574 0.159360 0.118649 0.123313 
0.009624 0.068809 0.232343 0.124033 0.103313 0.084857 0.070870 0.113949 0.111992 0.080209 
0.004732 0.135572 0.270692 0.117389 0.149378 0.098244 0.038407 0.044054 0.050945 0.090587 
0.004633 0.143298 0.491525 0.115806 0.065247 0.061111 0.038098 0.025173 0.032739 0.022371 
0.001155 0.552733 0.265065 0.055670 0.037086 0.023875 0.017238 0.013507 0.019264 0.014407 
0.000810 0.513550 0.177006 0.088305 0.055123 0.042294 0.041781 0.034740 0.030647 0.015744 
0.003266 0.696402 0.103965 0.062810 0.035972 0.025499 0.017921 0.019617 0.015106 0.019442 
0.069544 0.669531 0.138695 0.036789 0.024771 0.017558 0.008706 0.016425 0.007549 0.010431 
0.018473 0.566293 0.181038 0.055501 0.043156 0.017337 0.023360 0.037527 0.027297 0.030017 
0.131271 0.568624 0.117359 0.044323 0.049363 0.020854 0.012144 0.028608 0.012292 0.015162 
0.069404 0.613091 0.116226 0.038151 0.045673 0.035453 0.021750 0.028402 0.016482 0.015368 
0.043807 0.220574 0.119894 0.077507 0.182113 0.072648 0.037041 0.111626 0.054450 0.080341 
0.126107 0.596872 0.062424 0.043611 0.030681 0.036177 0.022200 0.031915 0.019775 0.030239 
0.105797 0.389572 0.118088 0.121475 0.093481 0.042417 0.019710 0.051390 0.041555 0.016514 
0.055460 0.414219 0.194228 0.080997 0.066346 0.067135 0.027953 0.034866 0.018159 0.040637 
0.067599 0.287069 0.137073 0.170643 0.121557 0.068655 0.017980 0.056539 0.023891 0.048994 
0.046792 0.210341 0.194381 0.181379 0.047324 0.081692 0.071657 0.086579 0.043707 0.036149 
0.038382 0.290581 0.202826 0.109911 0.099151 0.067714 0.057360 0.037388 0.029772 0.066913 
0.107911 0.461667 0.113658 0.055936 0.045325 0.058599 0.066036 0.038750 0.027811 0.024307 
0.022733 0.156861 0.117974 0.092580 0.068295 0.048248 0.089182 0.138283 0.095428 0.170415 
0.018217 0.105843 0.122682 0.134701 0.047602 0.060140 0.066501 0.109586 0.210262 0.124467 
0.008687 0.083589 0.125784 0.144250 0.031946 0.029129 0.136412 0.153737 0.177896 0.108571 
0.009748 0.117254 0.160820 0.160664 0.054808 0.076240 0.054987 0.106160 0.106016 0.153305 
0.029398 0.205212 0.116560 0.227375 0.035856 0.034883 0.053427 0.063380 0.097881 0.136029 
0.048163 0.138477 0.135374 0.298288 0.059749 0.039771 0.025601 0.086270 0.092254 0.076053 
0.035578 0.105982 0.148469 0.224311 0.056276 0.082964 0.219605 0.042475 0.037507 0.046834 
0.011872 0.134053 0.142164 0.121921 0.077622 0.099071 0.231365 0.032163 0.081283 0.068487 
0.014233 0.114589 0.128063 0.147227 0.069218 0.100612 0.188864 0.055918 0.122497 0.058778 
0.042531 0.136594 0.068032 0.180304 0.033099 0.068949 0.221745 0.021713 0.148125 0.078908 
0.025469 0.135305 0.291388 0.271544 0.067680 0.060826 0.037864 0.027979 0.054876 0.027069 
0.023735 0.223887 0.443047 0.114715 0.059703 0.024811 0.038843 0.027858 0.027036 0.016364 
0.000291 0.670544 0.141878 0.038689 0.022353 0.047242 0.011701 0.041802 0.013170 0.012329 
0.049760 0.507179 0.150591 0.075555 0.029979 0.077944 0.030879 0.038454 0.025032 0.014626 
0.023734 0.509672 0.073029 0.120724 0.041396 0.091481 0.024641 0.056946 0.035127 0.023248 
0.095253 0.471796 0.116353 0.107514 0.023698 0.079813 0.019474 0.041191 0.028605 0.016303 
0.059768 0.462012 0.068317 0.120211 0.062194 0.082790 0.029667 0.058730 0.033876 0.022435 
0.005182 0.158931 0.164630 0.221329 0.081411 0.081769 0.064262 0.141410 0.041310 0.039767 
0.001809 0.230675 0.173364 0.183309 0.066129 0.064392 0.063226 0.107631 0.076839 0.032625 
0.016577 0.178352 0.248422 0.119881 0.089850 0.073480 0.080965 0.073236 0.061694 0.057542 
0.099248 0.319156 0.106276 0.098227 0.029025 0.099279 0.074344 0.052177 0.067340 0.054927 
0.014650 0.073310 0.137863 0.107420 0.103185 0.097111 0.116367 0.196894 0.090020 0.063180 
0.004165 0.067364 0.226212 0.176395 0.057564 0.041524 0.067995 0.081825 0.164028 0.112930 
0.001962 0.059886 0.116841 0.107706 0.042388 0.037143 0.133063 0.154182 0.182134 0.164695 
0.002740 0.044659 0.273447 0.163469 0.119400 0.081612 0.072647 0.084383 0.077842 0.079802 
0.014998 0.142775 0.255519 0.223486 0.049036 0.059049 0.035241 0.095301 0.066707 0.057887 
0.009039 0.040133 0.400579 0.304026 0.081070 0.033664 0.026775 0.039355 0.045094 0.020266 
0.024751 0.380080 0.446691 0.061094 0.014858 0.012770 0.021556 0.012384 0.015066 0.010750 
0.001409 0.651255 0.091378 0.082762 0.038654 0.030617 0.044190 0.014859 0.026635 0.018240 
0.024646 0.584262 0.146110 0.073235 0.042502 0.020994 0.050959 0.012100 0.029334 0.015858 
0.034216 0.628434 0.133658 0.053047 0.020203 0.014480 0.057163 0.010989 0.033989 0.013821 
0.016954 0.469613 0.162026 0.113236 0.061862 0.050368 0.035380 0.030797 0.040574 0.019191 
0.002454 0.486091 0.138547 0.088194 0.076966 0.060444 0.035386 0.040756 0.046691 0.024472 
0.045527 0.353974 0.166145 0.075787 0.055029 0.101699 0.033866 0.122599 0.017331 0.028044 
0.025831 0.341445 0.088463 0.129741 0.078133 0.139158 0.056072 0.080912 0.032567 0.027680 
0.001764 0.144110 0.182324 0.180371 0.102283 0.154924 0.040954 0.083450 0.084283 0.025537 
0.045531 0.325688 0.072924 0.158772 0.034079 0.171897 0.032451 0.079718 0.054920 0.024022 
0.027011 0.157106 0.197350 0.140783 0.138304 0.116956 0.038413 0.065843 0.076580 0.041654 
0.015559 0.118415 0.223863 0.234594 0.128773 0.073448 0.040064 0.095939 0.055708 0.013637 
0.005637 0.109382 0.227269 0.287885 0.101284 0.060117 0.051985 0.043881 0.074465 0.038094 
0.016350 0.084846 0.294435 0.178160 0.136174 0.069955 0.076715 0.051174 0.057539 0.034652 
0.076885 0.455603 0.163705 0.077005 0.031526 0.041674 0.034949 0.033983 0.030128 0.054543 
0.006250 0.060704 0.144615 0.079952 0.083748 0.074628 0.123546 0.271330 0.096480 0.058748 
0.005441 0.070594 0.202775 0.147655 0.085284 0.088829 0.063186 0.080094 0.151496 0.104645 
0.007175 0.037699 0.155908 0.082892 0.045009 0.044649 0.159099 0.147632 0.174405 0.145531 
0.000228 0.036309 0.312396 0.123962 0.116514 0.076987 0.078542 0.054339 0.110237 0.090487 
0.005927 0.074311 0.347607 0.120956 0.140880 0.032839 0.053270 0.047920 0.117579 0.058711 
0.005806 0.046644 0.396005 0.123204 0.146547 0.061670 0.041172 0.050752 0.058300 0.069900 
0.009130 0.050633 0.201216 0.116750 0.079097 0.088010 0.174773 0.123318 0.108332 0.048741 
0.000119 0.011153 0.122866 0.181448 0.049371 0.187467 0.205051 0.108335 0.070519 0.063672 
0.008708 0.038852 0.119392 0.182975 0.051355 0.195517 0.212190 0.106898 0.035754 0.048360 
0.005351 0.023191 0.091388 0.124776 0.038403 0.200075 0.292264 0.135593 0.036011 0.052947 
0.001012 0.015219 0.020858 0.121347 0.024861 0.257796 0.402085 0.061409 0.035118 0.060295 
0.007924 0.107068 0.489401 0.108601 0.063795 0.058054 0.072967 0.038741 0.037945 0.015504 
0.005638 0.415241 0.234227 0.113879 0.053770 0.038529 0.055620 0.042883 0.026376 0.013835 
0.044676 0.454149 0.163105 0.088027 0.043713 0.054621 0.071103 0.036193 0.027271 0.017141 
0.017144 0.485243 0.030269 0.070807 0.020251 0.047884 0.129075 0.089980 0.041511 0.067835 
0.025156 0.406712 0.094933 0.076158 0.014389 0.065299 0.145985 0.072327 0.047895 0.051146 
0.060727 0.372890 0.065427 0.104291 0.030553 0.063162 0.147111 0.068912 0.055659 0.031267 
0.006595 0.150987 0.084459 0.177207 0.060143 0.072741 0.181352 0.125696 0.067842 0.072978 
0.002096 0.192843 0.084410 0.171253 0.121103 0.136534 0.099738 0.104853 0.036947 0.050223 
0.001199 0.145230 0.118262 0.187462 0.123497 0.143689 0.085663 0.103799 0.057375 0.033824 
0.044550 0.211539 0.048922 0.120288 0.064055 0.213914 0.122004 0.083658 0.050554 0.040516 
0.014165 0.076680 0.072360 0.053077 0.053035 0.120401 0.125440 0.281601 0.109922 0.093319 
0.001537 0.073900 0.216730 0.135879 0.053407 0.097801 0.069897 0.094165 0.160597 0.096088 
0.005514 0.064308 0.160405 0.064716 0.053205 0.059001 0.140088 0.144320 0.147794 0.160649 
0.011271 0.066022 0.210835 0.098091 0.056431 0.075224 0.073441 0.150515 0.131513 0.126658 
0.008712 0.095618 0.249579 0.107177 0.028042 0.054658 0.092754 0.125848 0.104119 0.133493 
0.009675 0.121901 0.260476 0.145033 0.038794 0.058718 0.096546 0.112163 0.072545 0.084149 
0.007552 0.130656 0.506644 0.154390 0.063992 0.038263 0.033411 0.022685 0.020023 0.022385 
0.038529 0.539888 0.197289 0.086402 0.040081 0.024904 0.018915 0.020138 0.013647 0.020208 
0.084303 0.592300 0.117955 0.058882 0.038139 0.027420 0.025293 0.022326 0.017385 0.015996 
0.024144 0.634334 0.169743 0.039871 0.032250 0.029945 0.022440 0.022542 0.014659 0.010073 
0.086854 0.696483 0.121484 0.015063 0.012009 0.029788 0.021054 0.010181 0.003708 0.003375 
0.000053 0.511044 0.163547 0.060988 0.078960 0.043101 0.024380 0.043279 0.028990 0.045659 
0.079181 0.632748 0.103798 0.057305 0.037001 0.013550 0.024467 0.027018 0.015438 0.009495 
0.068023 0.586295 0.079880 0.074036 0.033137 0.034418 0.034535 0.050615 0.024710 0.014350 
0.060354 0.496476 0.220052 0.042048 0.039907 0.046575 0.018307 0.024932 0.018560 0.032788 
0.135124 0.536045 0.120220 0.052057 0.043103 0.024674 0.029973 0.026850 0.014626 0.017327 
0.060689 0.304999 0.218518 0.103974 0.064992 0.045158 0.043307 0.063023 0.052631 0.042709 
0.042350 0.409227 0.217849 0.084549 0.065780 0.067630 0.023866 0.039481 0.027114 0.022153 
0.048850 0.332808 0.155183 0.133682 0.083673 0.070610 0.055690 0.046731 0.026390 0.046383 
0.026842 0.265329 0.182758 0.137492 0.098723 0.075650 0.055148 0.074377 0.028684 0.054998 
0.006904 0.393054 0.239941 0.083929 0.134430 0.037976 0.037793 0.034265 0.010963 0.020745 
0.010426 0.128334 0.033793 0.031966 0.085405 0.103651 0.166316 0.180809 0.160579 0.098721 
0.002809 0.093533 0.160181 0.152593 0.121616 0.083343 0.083455 0.089662 0.113615 0.099193 
0.003296 0.067603 0.178384 0.142291 0.099805 0.025484 0.122220 0.096777 0.161517 0.102623 
0.010039 0.065475 0.251929 0.214559 0.079867 0.035295 0.075014 0.122544 0.082946 0.062332 
0.004883 0.097005 0.287667 0.259932 0.125834 0.029590 0.042510 0.042675 0.044160 0.065743 
0.015775 0.074236 0.308248 0.321902 0.121034 0.032820 0.063354 0.014496 0.019978 0.028159 
0.015799 0.045431 0.270575 0.229579 0.136657 0.061966 0.045669 0.104316 0.045500 0.044508 
0.008554 0.031388 0.174056 0.073487 0.189877 0.047371 0.112883 0.292373 0.035633 0.034377 
0.000552 0.028013 0.141092 0.098313 0.099605 0.030885 0.141377 0.373337 0.051029 0.035798 
0.010872 0.035439 0.146371 0.073276 0.108404 0.051093 0.104301 0.392268 0.037673 0.040303 
0.005984 0.033248 0.121205 0.045783 0.123054 0.035774 0.150747 0.432389 0.024083 0.027734 
0.019291 0.074586 0.423276 0.131552 0.049002 0.048766 0.110911 0.075561 0.032793 0.034263 
0.004039 0.359251 0.297165 0.086835 0.055745 0.038771 0.099897 0.027293 0.017348 0.013655 
0.003630 0.511483 0.108893 0.065672 0.037110 0.045587 0.170922 0.034499 0.008868 0.013337 
0.009383 0.518284 0.100633 0.040532 0.026787 0.016398 0.202226 0.038471 0.023635 0.023652 
0.033930 0.380877 0.103310 0.064647 0.034731 0.039457 0.279237 0.018705 0.016424 0.028683 
0.045352 0.392763 0.089755 0.051923 0.027619 0.026829 0.258462 0.064006 0.024072 0.019220 
0.052854 0.242503 0.063821 0.052808 0.054053 0.077411 0.341929 0.065413 0.029344 0.019864 
0.001294 0.088334 0.082615 0.089939 0.085420 0.064521 0.380614 0.115691 0.054670 0.036902 
0.011396 0.124448 0.100809 0.077438 0.072352 0.066232 0.389424 0.104016 0.032688 0.021197 
0.007353 0.064503 0.089522 0.056161 0.039140 0.079089 0.433598 0.154695 0.046744 0.029195 
0.005415 0.064883 0.085272 0.077707 0.060237 0.067646 0.405597 0.148196 0.048932 0.036115 
0.003610 0.039357 0.134478 0.106374 0.076578 0.038141 0.297677 0.151441 0.078599 0.073746 
0.002727 0.059196 0.171152 0.107781 0.076503 0.024177 0.239523 0.076996 0.142138 0.099809 
0.001817 0.066834 0.127954 0.057405 0.049020 0.065792 0.309408 0.129062 0.112615 0.080093 
0.001725 0.044882 0.194405 0.134850 0.097465 0.082404 0.323542 0.059240 0.029579 0.031908 
0.004730 0.062487 0.163181 0.086508 0.088088 0.097073 0.388226 0.050437 0.032035 0.027235 
0.017539 0.175448 0.441725 0.153000 0.047493 0.078196 0.035018 0.020609 0.016704 0.014269 
0.005102 0.523056 0.245662 0.050003 0.034555 0.044540 0.031615 0.031154 0.024154 0.010159 
0.059377 0.624964 0.078234 0.061691 0.024603 0.078616 0.025694 0.023259 0.020243 0.003318 
0.020498 0.566533 0.076167 0.058483 0.054280 0.131590 0.044686 0.024323 0.016198 0.007242 
0.029922 0.410676 0.104585 0.087092 0.054093 0.155796 0.066000 0.044471 0.028795 0.018570 
0.032921 0.493869 0.077947 0.054268 0.069937 0.154567 0.064563 0.030585 0.009071 0.012272 
0.002052 0.259735 0.166890 0.084584 0.087149 0.212829 0.085415 0.055854 0.031900 0.013592 
0.019789 0.213308 0.073291 0.105059 0.084007 0.322433 0.115432 0.041206 0.015479 0.009994 
0.016996 0.174557 0.095372 0.093474 0.116799 0.318633 0.079265 0.045432 0.045194 0.014279 
0.001431 0.120254 0.062120 0.118534 0.111817 0.404324 0.081821 0.060359 0.024851 0.014490 
0.017323 0.138924 0.060434 0.132553 0.060679 0.356533 0.107443 0.050776 0.047491 0.027842 
0.009841 0.083886 0.151726 0.062947 0.133796 0.320100 0.102239 0.045474 0.058609 0.031381 
0.000145 0.073748 0.139031 0.148122 0.177927 0.298461 0.057825 0.029304 0.052298 0.023139 
0.002970 0.077130 0.176313 0.144250 0.140732 0.245160 0.075045 0.068192 0.058047 0.012161 
0.000706 0.074142 0.189180 0.131206 0.111521 0.275809 0.068904 0.090664 0.034673 0.023195 
0.003794 0.097545 0.135275 0.181857 0.080665 0.253579 0.137933 0.036216 0.048682 0.024453 
0.005483 0.069075 0.116440 0.128497 0.107045 0.080200 0.105533 0.188722 0.124851 0.074153 
0.005635 0.040397 0.217228 0.150937 0.060277 0.069177 0.060128 0.087757 0.179799 0.128666 
0.007235 0.053718 0.167770 0.050611 0.038338 0.063423 0.142477 0.194424 0.147827 0.134177 
0.004935 0.049666 0.261322 0.135226 0.124916 0.069990 0.065262 0.079773 0.127069 0.081841 
0.012424 0.105375 0.362781 0.124875 0.053808 0.102546 0.048313 0.089090 0.047553 0.053236 
0.003451 0.074502 0.466471 0.194874 0.068678 0.063019 0.036358 0.034944 0.030062 0.027642 
0.023871 0.357432 0.420849 0.076345 0.032622 0.022364 0.020644 0.017086 0.017845 0.010943 
0.049579 0.648369 0.101083 0.057626 0.051332 0.026720 0.017334 0.015305 0.022355 0.010296 
0.013479 0.068944 0.548952 0.114997 0.081643 0.053649 0.031103 0.041900 0.022340 0.022993 
0.048561 0.545683 0.257468 0.047798 0.032209 0.018316 0.015277 0.012616 0.012231 0.009840 
0.058078 0.661604 0.098197 0.030467 0.027577 0.018984 0.015928 0.031590 0.030913 0.026662 
0.029162 0.066890 0.070650 0.082230 0.025646 0.126447 0.056291 0.238080 0.083222 0.221383 
0.000021 0.103353 0.086851 0.086512 0.092213 0.098277 0.111393 0.210882 0.071870 0.138629 
0.002294 0.089530 0.147986 0.029267 0.144045 0.050568 0.219684 0.050080 0.207177 0.059371 
0.013113 0.167215 0.132749 0.042690 0.171960 0.070887 0.133007 0.111185 0.072484 0.084710 
0.019078 0.163994 0.145101 0.285729 0.170799 0.091620 0.052480 0.034036 0.020863 0.016301 
0.004435 0.179900 0.137628 0.354860 0.083817 0.102363 0.046138 0.046784 0.020009 0.024065 
0.026127 0.338725 0.177408 0.107373 0.120558 0.071728 0.043950 0.059023 0.023487 0.031622 
0.007830 0.319071 0.160047 0.239310 0.066656 0.079206 0.043322 0.036443 0.028774 0.019341 
0.020899 0.195695 0.207126 0.150768 0.173209 0.071873 0.066069 0.055244 0.035680 0.023435 
0.017701 0.178032 0.246154 0.153467 0.113706 0.133056 0.072918 0.036819 0.032627 0.015521 
0.007431 0.126142 0.161193 0.110291 0.126163 0.102360 0.051965 0.120632 0.046203 0.147619 
0.007665 0.180233 0.074474 0.137144 0.055115 0.149933 0.054243 0.169501 0.039676 0.132017 
0.001217 0.133933 0.150745 0.104218 0.104909 0.120416 0.134568 0.066171 0.113971 0.069853 
0.008032 0.083217 0.183480 0.087429 0.102272 0.063664 0.166843 0.054542 0.172924 0.077597 
0.000398 0.188752 0.210543 0.100940 0.152966 0.094215 0.065887 0.069792 0.081262 0.035246 
0.002218 0.097859 0.225688 0.228692 0.078951 0.201949 0.052522 0.055982 0.033188 0.022950 
0.008438 0.111616 0.189339 0.236519 0.095211 0.199577 0.054944 0.047516 0.032676 0.024165 
0.002027 0.123800 0.204964 0.214205 0.203138 0.073111 0.056968 0.044703 0.057811 0.019273 
0.007098 0.125613 0.135710 0.248918 0.212890 0.056026 0.050498 0.098260 0.048937 0.016051 
0.007475 0.099909 0.076810 0.285331 0.181141 0.096771 0.083204 0.106507 0.045895 0.016958 
0.001953 0.112790 0.146634 0.190607 0.140485 0.155388 0.041676 0.124762 0.050540 0.035165 
0.016704 0.197749 0.088008 0.121812 0.114108 0.118846 0.062110 0.124519 0.054748 0.101395 
0.014753 0.127478 0.098602 0.156743 0.193735 0.100910 0.057149 0.148611 0.037027 0.064992 
0.000632 0.041904 0.133272 0.266295 0.226400 0.057672 0.079384 0.136798 0.040424 0.017221 
0.005126 0.084077 0.122397 0.256008 0.218533 0.066759 0.071191 0.084629 0.060969 0.030311 
0.002491 0.106112 0.159688 0.264153 0.206782 0.116954 0.043112 0.035227 0.037891 0.027590 
0.000880 0.069530 0.161914 0.165129 0.159963 0.195001 0.069609 0.089716 0.063554 0.024706 
0.001320 0.067168 0.190500 0.183095 0.188414 0.161849 0.084633 0.074014 0.029578 0.019428 
0.001840 0.077529 0.237020 0.144567 0.149758 0.191536 0.056377 0.094675 0.022407 0.024291 
0.007762 0.102520 0.248150 0.112985 0.126873 0.118924 0.049367 0.145544 0.054026 0.033849 
0.005363 0.051929 0.236541 0.101910 0.123569 0.130510 0.103585 0.146036 0.067474 0.033083 
0.008931 0.029641 0.115672 0.067884 0.102769 0.054734 0.082554 0.098264 0.152867 0.286683 
0.006007 0.087854 0.118761 0.043092 0.070471 0.068672 0.091459 0.088318 0.238561 0.186805 
0.001670 0.035634 0.048355 0.045970 0.035710 0.055460 0.104333 0.126783 0.308799 0.237285 
0.001954 0.030562 0.037982 0.077105 0.070640 0.072945 0.090433 0.145078 0.255196 0.218106 
0.004621 0.038912 0.062322 0.147542 0.084757 0.084112 0.067428 0.123085 0.123125 0.264096 
0.002704 0.033109 0.117991 0.110831 0.097384 0.111213 0.062311 0.094804 0.240843 0.128809 
0.005420 0.029291 0.138157 0.132591 0.080246 0.107706 0.088331 0.093798 0.172332 0.152129 
0.001321 0.018972 0.125741 0.228066 0.182462 0.084861 0.050747 0.054824 0.120970 0.132036 
0.004979 0.017395 0.125795 0.229801 0.197703 0.115175 0.063710 0.077085 0.083876 0.084480 
0.002524 0.016333 0.164222 0.184291 0.237363 0.132850 0.042344 0.059230 0.084744 0.076100 
0.005264 0.028216 0.179111 0.168240 0.210662 0.127007 0.041744 0.071867 0.092005 0.075883 
0.006465 0.136084 0.509493 0.140616 0.058187 0.030968 0.020618 0.045793 0.027310 0.024467 
0.054562 0.538395 0.208799 0.072067 0.039355 0.015275 0.016139 0.028963 0.017123 0.009323 
0.086399 0.574934 0.142107 0.045358 0.050793 0.014558 0.015329 0.042757 0.016951 0.010815 
0.032780 0.507816 0.143336 0.080063 0.095162 0.027853 0.025736 0.038858 0.027220 0.021174 
0.014907 0.376966 0.226941 0.097335 0.100931 0.045026 0.032115 0.053475 0.031436 0.020869 
0.046843 0.447471 0.174877 0.063055 0.085538 0.043457 0.032792 0.035610 0.036613 0.033744 
0.024743 0.272615 0.197683 0.153033 0.083805 0.058980 0.052697 0.089008 0.039142 0.028294 
0.018638 0.203917 0.192474 0.189054 0.091823 0.060189 0.049309 0.091753 0.047470 0.055374 
0.020895 0.155426 0.243269 0.142419 0.123257 0.092094 0.076983 0.054864 0.066152 0.024641 
0.012679 0.190295 0.221255 0.194258 0.089001 0.102475 0.057429 0.069466 0.033463 0.029679 
0.000264 0.145535 0.147774 0.096318 0.038134 0.087216 0.110080 0.208667 0.100796 0.065215 
0.000798 0.106647 0.212002 0.148225 0.121260 0.079841 0.077387 0.055838 0.103836 0.094166 
0.001684 0.087081 0.185204 0.122227 0.081072 0.041147 0.119976 0.119293 0.127437 0.114879 
0.004093 0.084446 0.259065 0.120209 0.141991 0.043934 0.040999 0.108523 0.093351 0.103387 
0.002241 0.152588 0.266773 0.098406 0.193652 0.069644 0.037582 0.074840 0.062870 0.041405 
0.015803 0.228581 0.189335 0.135162 0.164589 0.070297 0.040130 0.066622 0.043500 0.045980 
0.027414 0.138748 0.455563 0.109644 0.063491 0.026524 0.071277 0.030853 0.058188 0.018298 
0.028566 0.390696 0.179003 0.076608 0.033682 0.060946 0.042766 0.118214 0.023455 0.046064 
0.007578 0.409111 0.181950 0.096725 0.024416 0.071623 0.035941 0.091129 0.035280 0.046248 
0.022017 0.597980 0.127793 0.083065 0.037465 0.037252 0.026338 0.036717 0.019908 0.011465 
0.048108 0.538194 0.151113 0.099284 0.033496 0.035956 0.024230 0.035770 0.019714 0.014135 
0.061697 0.477355 0.138058 0.073442 0.049889 0.045108 0.058561 0.032193 0.039468 0.024228 
0.006710 0.142942 0.080329 0.135047 0.084050 0.293437 0.044423 0.134225 0.065797 0.013040 
0.013876 0.111463 0.108399 0.136337 0.083571 0.265069 0.045258 0.150857 0.067414 0.017755 
0.012966 0.060783 0.127083 0.137793 0.114969 0.224677 0.032250 0.165940 0.098320 0.025221 
0.008521 0.098314 0.152140 0.103465 0.066932 0.180439 0.034857 0.213579 0.117847 0.023906 
0.011358 0.112136 0.125846 0.097857 0.079070 0.164347 0.061088 0.268473 0.057388 0.022437 
0.000655 0.090753 0.097830 0.102277 0.082715 0.135079 0.094276 0.288063 0.091293 0.017059 
0.003496 0.066541 0.052988 0.082677 0.062888 0.078686 0.083651 0.399644 0.128096 0.041333 
0.000053 0.080897 0.167268 0.094366 0.040820 0.104524 0.053105 0.362124 0.075222 0.021621 
0.003740 0.155949 0.298232 0.204292 0.064816 0.099414 0.048001 0.067167 0.037631 0.020758 
0.017833 0.220748 0.274719 0.152456 0.078323 0.048058 0.055052 0.059239 0.052121 0.041451 
0.001449 0.086140 0.200517 0.094227 0.036610 0.157215 0.157266 0.118254 0.082222 0.066101 
0.008794 0.079771 0.110446 0.063902 0.083643 0.237324 0.071298 0.174220 0.089998 0.080605 
0.007781 0.080221 0.181596 0.117692 0.114066 0.144724 0.039301 0.180656 0.078057 0.055907 
0.011829 0.139321 0.254707 0.213894 0.111626 0.090134 0.039745 0.064234 0.052809 0.021701 
0.020769 0.164711 0.212445 0.207171 0.102370 0.124322 0.025420 0.078196 0.040994 0.023604 
0.013601 0.151297 0.210076 0.189345 0.110823 0.086435 0.066337 0.108717 0.033166 0.030203 
0.001635 0.079238 0.091865 0.124022 0.094639 0.166959 0.056101 0.258427 0.086686 0.040428 
0.009813 0.077605 0.152183 0.151615 0.065261 0.141078 0.020851 0.290383 0.055858 0.035353 
0.013535 0.106844 0.258831 0.161321 0.153825 0.039018 0.049258 0.134720 0.048636 0.034013 
0.006053 0.143016 0.290380 0.220954 0.089619 0.069556 0.043422 0.081452 0.045531 0.010018 
0.003698 0.068819 0.319157 0.236800 0.106853 0.093446 0.059756 0.040474 0.042370 0.028629 
0.021039 0.326961 0.358981 0.069729 0.052322 0.053125 0.026558 0.041098 0.035144 0.015043 
0.023319 0.431641 0.081157 0.072179 0.077271 0.073638 0.021432 0.165747 0.028051 0.025563 
0.021162 0.331474 0.099214 0.064576 0.072453 0.067210 0.061919 0.226515 0.038674 0.016803 
0.028676 0.233202 0.141417 0.099231 0.086102 0.087902 0.061023 0.226047 0.023581 0.012819 
0.047686 0.438617 0.168597 0.095273 0.070586 0.044320 0.045121 0.026840 0.027910 0.035051 
0.046158 0.301969 0.181085 0.125545 0.102278 0.047411 0.075067 0.065590 0.019618 0.035280 
0.013247 0.125306 0.143647 0.170608 0.105091 0.254148 0.059188 0.078246 0.031043 0.019475 
0.026134 0.210704 0.282790 0.140630 0.089766 0.058248 0.075765 0.062676 0.024559 0.028728 
0.019320 0.177959 0.266018 0.143743 0.100026 0.042649 0.099555 0.078538 0.044855 0.027338 
0.013891 0.207659 0.244407 0.143184 0.105865 0.049962 0.099436 0.078462 0.036200 0.020936 
0.010936 0.142863 0.146801 0.145443 0.069818 0.081424 0.085369 0.149054 0.103949 0.064342 
0.010996 0.068099 0.146349 0.114374 0.055900 0.137331 0.068702 0.235796 0.085900 0.076553 
0.013306 0.093054 0.117782 0.095860 0.074938 0.045740 0.059794 0.276817 0.069011 0.153699 
0.006759 0.072527 0.158372 0.120705 0.078472 0.071043 0.074323 0.232608 0.023818 0.161372 
0.006279 0.070809 0.117792 0.094085 0.087571 0.105105 0.076235 0.298304 0.048003 0.095818 
0.026357 0.172096 0.414723 0.129865 0.055638 0.049974 0.048258 0.046307 0.031494 0.025287 
0.024550 0.466966 0.258479 0.060452 0.031239 0.044549 0.029479 0.044578 0.024398 0.015310 
0.026339 0.524339 0.096887 0.090499 0.036675 0.052411 0.024333 0.094498 0.030124 0.023896 
0.017304 0.537016 0.121747 0.095580 0.056716 0.059412 0.032299 0.044979 0.014852 0.020095 
0.017047 0.375017 0.213991 0.174207 0.079515 0.046068 0.021625 0.032210 0.024538 0.015782 
0.039102 0.452002 0.184782 0.130355 0.059510 0.025289 0.028498 0.029077 0.023131 0.028252 
0.031178 0.203937 0.120466 0.161835 0.097142 0.222406 0.022828 0.068860 0.033736 0.037613 
0.001757 0.101556 0.108625 0.149031 0.191345 0.227611 0.049925 0.088301 0.040078 0.041770 
0.008798 0.127544 0.139855 0.103109 0.167820 0.258574 0.048741 0.085949 0.020478 0.039130 
0.007566 0.166879 0.104826 0.080332 0.173180 0.250476 0.050826 0.073229 0.032415 0.060271 
0.004193 0.173696 0.124575 0.099905 0.248144 0.152332 0.026638 0.066710 0.040145 0.063663 
0.001629 0.217262 0.126298 0.117594 0.185840 0.122911 0.044639 0.116982 0.030885 0.035961 
0.007632 0.146877 0.128304 0.145336 0.116160 0.128846 0.091624 0.176331 0.032101 0.026790 
0.006082 0.161166 0.179148 0.148087 0.085130 0.119436 0.083221 0.163150 0.028322 0.026257 
0.002740 0.123417 0.271746 0.231842 0.136686 0.062922 0.074835 0.050657 0.020442 0.024712 
0.015802 0.142196 0.256526 0.267911 0.122725 0.079197 0.031958 0.023196 0.033027 0.027461 
0.002425 0.092459 0.152681 0.149860 0.157460 0.085664 0.044922 0.129794 0.100672 0.084063 
0.003953 0.067426 0.160488 0.079035 0.104352 0.070602 0.055711 0.211535 0.130972 0.115926 
0.009640 0.060884 0.190722 0.085991 0.097009 0.095084 0.068669 0.216721 0.075827 0.099452 
0.003545 0.065791 0.238561 0.079873 0.102961 0.112841 0.083789 0.160173 0.080373 0.072095 
0.020125 0.118440 0.275735 0.104789 0.119973 0.154475 0.077316 0.047695 0.045244 0.036208 
0.004801 0.177359 0.253343 0.116210 0.137774 0.115629 0.037694 0.066985 0.043092 0.047113 
0.004505 0.080622 0.083953 0.115827 0.076068 0.110823 0.049598 0.234624 0.192545 0.051436 
0.000785 0.047730 0.141585 0.156724 0.055283 0.098171 0.081986 0.263229 0.088890 0.065617 
0.007729 0.081208 0.253012 0.104685 0.067546 0.105245 0.061619 0.247373 0.057185 0.014398 
0.002915 0.084858 0.204853 0.085554 0.108844 0.109243 0.048309 0.235306 0.069231 0.050885 
0.004126 0.101668 0.198275 0.069557 0.124393 0.135276 0.059420 0.217421 0.043355 0.046507 
0.018384 0.169369 0.449937 0.141585 0.051870 0.032117 0.053139 0.020638 0.044266 0.018696 
0.029715 0.538372 0.132992 0.034643 0.034229 0.012087 0.086169 0.056806 0.059684 0.015303 
0.047214 0.410077 0.151368 0.096951 0.079478 0.033007 0.058841 0.055969 0.053312 0.013783 
0.033467 0.406670 0.230590 0.094269 0.069161 0.022694 0.036935 0.036985 0.052623 0.016606 
0.026397 0.423797 0.222626 0.119975 0.067839 0.021856 0.023869 0.027637 0.044769 0.021236 
0.026173 0.384049 0.148680 0.087067 0.088954 0.046024 0.049329 0.088758 0.062163 0.018802 
0.006486 0.103179 0.154024 0.156771 0.130547 0.070099 0.050595 0.183547 0.106034 0.038718 
0.033194 0.200338 0.232317 0.083120 0.086717 0.068824 0.068749 0.111002 0.069810 0.045930 
0.030534 0.152173 0.204358 0.192840 0.078227 0.074788 0.051979 0.111314 0.062561 0.041225 
0.008121 0.130091 0.196976 0.226506 0.061532 0.080578 0.057638 0.141506 0.046728 0.050323 
