Under-the-Bridge,RHCP
0.033266 0.076190 0.127756 0.278283 0.236801 0.054345 0.056483 0.041043 0.073679 0.022154 
0.000399 0.019327 0.291800 0.246500 0.129065 0.054692 0.117568 0.065476 0.052783 0.022391 
0.004155 0.045874 0.305930 0.252606 0.083856 0.039077 0.162052 0.051657 0.031737 0.023056 
0.021192 0.068368 0.265339 0.244440 0.103041 0.049396 0.130027 0.051865 0.037636 0.028696 
0.014253 0.047347 0.245623 0.284503 0.146965 0.050302 0.148806 0.028767 0.017781 0.015654 
0.007572 0.057509 0.218040 0.302953 0.111471 0.047517 0.151634 0.055618 0.027761 0.019925 
0.001531 0.032685 0.202600 0.328538 0.120033 0.032518 0.128421 0.078186 0.043662 0.031826 
0.012986 0.040501 0.211625 0.355096 0.117629 0.034377 0.143049 0.046863 0.021483 0.016390 
0.004385 0.008981 0.218429 0.392344 0.129974 0.050820 0.140620 0.028410 0.013982 0.012055 
0.002949 0.006731 0.231108 0.419653 0.117573 0.035961 0.111919 0.042017 0.018314 0.013776 
0.004697 0.009421 0.246172 0.408872 0.107917 0.028044 0.089834 0.050660 0.030389 0.023995 
0.008390 0.052562 0.254957 0.362471 0.112274 0.022380 0.110763 0.043872 0.017095 0.015236 
0.012564 0.048534 0.251735 0.229577 0.204282 0.052891 0.136181 0.023362 0.024256 0.016619 
0.006539 0.019175 0.298652 0.225914 0.180891 0.049755 0.147058 0.038673 0.023302 0.010040 
0.004640 0.017219 0.336760 0.206854 0.167032 0.035199 0.134149 0.042430 0.035200 0.020516 
0.010021 0.076261 0.313580 0.209141 0.185641 0.035467 0.120988 0.014147 0.021925 0.012831 
0.016555 0.051031 0.249778 0.235840 0.200200 0.040225 0.109084 0.041814 0.033750 0.021724 
0.013560 0.040367 0.244982 0.292851 0.171397 0.039014 0.075546 0.060166 0.038388 0.023729 
0.002202 0.026089 0.260464 0.366534 0.165956 0.024181 0.085737 0.034586 0.022123 0.012129 
0.002489 0.010546 0.258389 0.396842 0.148819 0.039808 0.106510 0.014315 0.013284 0.008997 
0.003530 0.015241 0.227592 0.393026 0.156920 0.072957 0.076070 0.029014 0.013277 0.012374 
0.002930 0.011004 0.253478 0.358595 0.114767 0.104297 0.075800 0.043362 0.023399 0.012369 
0.016836 0.052464 0.262424 0.285247 0.112101 0.110568 0.084228 0.044234 0.019209 0.012690 
0.002446 0.026410 0.282076 0.224889 0.172846 0.123788 0.108201 0.031898 0.016491 0.010954 
0.008901 0.067745 0.277544 0.215668 0.168540 0.108302 0.106432 0.031126 0.009200 0.006542 
0.010098 0.027052 0.299629 0.204156 0.128898 0.105445 0.107393 0.058352 0.032113 0.026865 
0.015825 0.045625 0.310078 0.232045 0.109215 0.104115 0.112814 0.036001 0.019092 0.015190 
0.005941 0.019845 0.226620 0.296085 0.180115 0.089133 0.102134 0.041580 0.016648 0.021901 
0.005631 0.044126 0.173510 0.400322 0.146778 0.073011 0.082472 0.037602 0.023537 0.013011 
0.004866 0.002778 0.248481 0.321048 0.205523 0.057626 0.069286 0.028678 0.043034 0.018679 
0.009195 0.024565 0.249272 0.307572 0.207568 0.048663 0.071358 0.022194 0.045499 0.014114 
0.005397 0.015190 0.282100 0.303626 0.182582 0.048435 0.089971 0.028233 0.035499 0.008966 
0.007118 0.010891 0.307694 0.234240 0.187843 0.057860 0.094151 0.047829 0.035712 0.016662 
0.001260 0.024200 0.342350 0.168114 0.201080 0.059866 0.100095 0.049395 0.040051 0.013589 
0.002083 0.013744 0.144673 0.247230 0.091861 0.061073 0.284264 0.075725 0.025730 0.053616 
0.004164 0.006318 0.092039 0.270812 0.118098 0.053989 0.282565 0.083900 0.038918 0.049197 
0.007641 0.018657 0.106087 0.295911 0.093885 0.033660 0.281163 0.088500 0.033855 0.040641 
0.001433 0.019249 0.107161 0.289366 0.106802 0.060420 0.282541 0.068407 0.024599 0.040023 
0.002914 0.025390 0.106125 0.264768 0.153903 0.052042 0.254137 0.069981 0.029754 0.040986 
0.015221 0.053061 0.117102 0.269599 0.104276 0.032162 0.230830 0.093955 0.040837 0.042959 
0.001809 0.024902 0.126888 0.262808 0.123690 0.028776 0.225211 0.099437 0.050389 0.056089 
0.003849 0.005583 0.140894 0.268239 0.128071 0.050478 0.244791 0.074323 0.035094 0.048679 
0.001865 0.021791 0.157826 0.289780 0.115419 0.044563 0.240875 0.065530 0.019171 0.043180 
0.004068 0.010391 0.044991 0.244179 0.121332 0.258654 0.122092 0.118179 0.039572 0.036542 
0.000636 0.012789 0.069382 0.227281 0.085438 0.314782 0.115651 0.106230 0.039814 0.027998 
0.008830 0.026215 0.090741 0.209565 0.099233 0.332195 0.104670 0.086141 0.015520 0.026891 
0.002386 0.005103 0.073587 0.240956 0.122337 0.344818 0.087913 0.086490 0.014306 0.022105 
0.002724 0.024126 0.071197 0.214216 0.136025 0.349071 0.060833 0.090836 0.030671 0.020299 
0.000445 0.014159 0.085938 0.193762 0.148658 0.339064 0.068429 0.081526 0.036302 0.031715 
0.010074 0.031322 0.086336 0.169864 0.123837 0.357697 0.095573 0.072847 0.023732 0.028717 
0.002099 0.006801 0.078149 0.171435 0.117611 0.377433 0.112101 0.079147 0.025893 0.029330 
0.004366 0.009007 0.070193 0.159733 0.168359 0.368802 0.108619 0.064720 0.022704 0.023497 
0.006597 0.039103 0.099076 0.129215 0.122454 0.372559 0.115801 0.070709 0.016511 0.027975 
0.012019 0.039676 0.072274 0.133634 0.116597 0.387153 0.152204 0.060106 0.011233 0.015104 
0.000968 0.015783 0.047744 0.141737 0.153279 0.386605 0.155049 0.063613 0.018018 0.017204 
0.006230 0.016285 0.038741 0.117320 0.156332 0.386646 0.153058 0.074348 0.023442 0.027598 
0.000956 0.015001 0.031932 0.110671 0.128384 0.412654 0.180184 0.070194 0.016593 0.033430 
0.012048 0.044371 0.059012 0.186349 0.146658 0.312095 0.142075 0.043133 0.022103 0.032155 
0.017289 0.093592 0.232736 0.170030 0.145602 0.138173 0.109463 0.040541 0.025445 0.027129 
0.014479 0.058485 0.287685 0.224602 0.121911 0.059504 0.115479 0.045391 0.027736 0.044727 
0.001615 0.034872 0.328268 0.216257 0.158876 0.033023 0.116898 0.042255 0.035596 0.032340 
0.004880 0.032843 0.296072 0.216829 0.155523 0.066233 0.082231 0.077688 0.044463 0.023240 
0.008460 0.024891 0.122018 0.357446 0.207733 0.035043 0.112370 0.053363 0.054791 0.023886 
0.009875 0.035345 0.124658 0.313583 0.205151 0.090622 0.057107 0.057556 0.076504 0.029599 
0.007131 0.042517 0.184211 0.347642 0.149320 0.047722 0.053130 0.066682 0.073125 0.028520 
0.003022 0.036429 0.167176 0.373848 0.171366 0.053993 0.071093 0.038390 0.059615 0.025068 
0.007486 0.031557 0.163992 0.359963 0.195204 0.035469 0.091164 0.044801 0.046375 0.023989 
0.001089 0.042315 0.255314 0.284817 0.128799 0.065483 0.096895 0.047472 0.048856 0.028960 
0.000857 0.022141 0.235535 0.293621 0.114946 0.101770 0.115789 0.053775 0.039627 0.021938 
0.011917 0.044011 0.199227 0.300144 0.119142 0.103174 0.142904 0.026306 0.031665 0.021510 
0.008755 0.034815 0.195353 0.294897 0.141486 0.133299 0.098512 0.036674 0.032797 0.023412 
0.008795 0.059144 0.173966 0.347059 0.120523 0.075297 0.111995 0.046963 0.035405 0.020853 
0.001330 0.034698 0.235752 0.306792 0.142114 0.068975 0.119965 0.050150 0.024079 0.016145 
0.008819 0.035076 0.246996 0.265678 0.146153 0.056535 0.131758 0.056877 0.030451 0.021658 
0.010288 0.044540 0.228131 0.339541 0.086344 0.052720 0.128265 0.045080 0.039295 0.025796 
0.009871 0.078024 0.210114 0.357639 0.103276 0.050339 0.121083 0.035196 0.020516 0.013943 
0.014885 0.072828 0.222547 0.306804 0.173145 0.063307 0.091401 0.034082 0.012503 0.008497 
0.010633 0.082510 0.292807 0.197038 0.079556 0.114237 0.151775 0.046709 0.015962 0.008773 
0.010479 0.044118 0.300611 0.195207 0.044633 0.147653 0.150219 0.051836 0.038037 0.017207 
0.012190 0.077548 0.288498 0.211903 0.060167 0.172097 0.073046 0.048963 0.030259 0.025329 
0.005941 0.078992 0.287823 0.214454 0.080172 0.201619 0.072766 0.021561 0.017901 0.018772 
0.011664 0.047647 0.299210 0.183044 0.086746 0.206138 0.107617 0.022640 0.019347 0.015947 
0.005288 0.060139 0.294792 0.137304 0.061742 0.208186 0.144381 0.042747 0.028323 0.017100 
0.011625 0.082607 0.238048 0.133895 0.071396 0.235730 0.156594 0.033656 0.025123 0.011326 
0.004046 0.076442 0.240012 0.131477 0.085912 0.248831 0.159228 0.036826 0.011098 0.006129 
0.000284 0.064012 0.225171 0.114757 0.102878 0.260218 0.187435 0.027959 0.010052 0.007235 
0.012572 0.084299 0.154141 0.068186 0.113804 0.259054 0.153962 0.076617 0.051164 0.026200 
0.004545 0.057664 0.202536 0.238979 0.101240 0.123554 0.071301 0.106833 0.061603 0.031744 
0.004850 0.021935 0.232722 0.283529 0.094118 0.089739 0.103398 0.097933 0.027616 0.044159 
0.010632 0.043495 0.223367 0.275972 0.071432 0.108094 0.136093 0.077411 0.040748 0.012754 
0.002628 0.024909 0.245352 0.285265 0.048270 0.103416 0.136522 0.074659 0.027862 0.051117 
0.015306 0.061950 0.242185 0.260009 0.090165 0.100349 0.110698 0.061388 0.030815 0.027136 
0.015517 0.121254 0.231717 0.228527 0.049809 0.123346 0.115547 0.062981 0.038052 0.013249 
0.012663 0.078725 0.264334 0.239788 0.040131 0.120312 0.123128 0.050192 0.039690 0.031036 
0.004542 0.059277 0.253646 0.182905 0.088982 0.141789 0.143081 0.069903 0.039479 0.016396 
0.001511 0.040327 0.278250 0.113542 0.254163 0.092310 0.124682 0.042155 0.031789 0.021270 
0.009049 0.032380 0.314149 0.092559 0.266179 0.068728 0.100708 0.059912 0.036757 0.019580 
0.002057 0.018336 0.355250 0.135010 0.296732 0.068654 0.029854 0.033809 0.047691 0.012607 
0.018673 0.068815 0.309089 0.157731 0.268204 0.042957 0.048886 0.033738 0.042812 0.009094 
0.011073 0.094405 0.325353 0.132575 0.229132 0.053513 0.080120 0.024548 0.032212 0.017069 
0.011898 0.044602 0.336262 0.166368 0.241914 0.039731 0.093720 0.026637 0.025621 0.013246 
0.000541 0.028223 0.358089 0.152624 0.239919 0.058198 0.094182 0.021956 0.033170 0.013100 
0.011554 0.040925 0.345452 0.187790 0.245657 0.041246 0.068012 0.019489 0.026316 0.013559 
0.009273 0.039040 0.350290 0.187733 0.209527 0.062534 0.056571 0.039284 0.027501 0.018246 
0.008786 0.015367 0.396040 0.145198 0.236996 0.065380 0.045974 0.043621 0.029804 0.012833 
0.020937 0.066787 0.364626 0.193924 0.220982 0.022775 0.030657 0.048310 0.017808 0.013194 
0.003274 0.088001 0.364923 0.153660 0.196739 0.055486 0.046139 0.045439 0.028933 0.017408 
0.016266 0.039554 0.306694 0.184744 0.252432 0.032929 0.059636 0.053030 0.042351 0.012365 
0.003871 0.038920 0.326439 0.182080 0.292881 0.019722 0.043584 0.052414 0.025570 0.014517 
0.018330 0.017061 0.326334 0.181498 0.298495 0.026919 0.039650 0.046407 0.036808 0.008498 
0.008081 0.019764 0.322907 0.188983 0.263681 0.038638 0.061067 0.048479 0.029027 0.019373 
0.014929 0.035141 0.249134 0.258044 0.202229 0.061056 0.079451 0.042099 0.043722 0.014194 
0.001880 0.039123 0.268410 0.237217 0.214299 0.074288 0.059536 0.048648 0.038795 0.017804 
0.028722 0.090276 0.268309 0.242082 0.196666 0.074654 0.019297 0.041369 0.030667 0.007958 
0.002730 0.070642 0.300022 0.246148 0.227942 0.047297 0.033264 0.039870 0.024007 0.008079 
0.015881 0.023561 0.300223 0.243620 0.221547 0.057223 0.058848 0.043182 0.021810 0.014104 
0.007463 0.017353 0.304511 0.242491 0.218712 0.047573 0.082081 0.045960 0.016541 0.017315 
0.002200 0.036616 0.306483 0.245154 0.226677 0.043973 0.074456 0.031512 0.016459 0.016470 
0.024881 0.071213 0.293485 0.202943 0.211379 0.054263 0.068809 0.042926 0.011173 0.018929 
0.001437 0.085188 0.297666 0.333940 0.050448 0.074397 0.068260 0.053915 0.017626 0.017124 
0.010377 0.025298 0.290862 0.132724 0.323248 0.061071 0.090230 0.026989 0.026455 0.012747 
0.006815 0.028290 0.300023 0.129138 0.290423 0.068336 0.090667 0.038989 0.030308 0.017011 
0.014957 0.025163 0.336415 0.161556 0.325811 0.030737 0.064248 0.017976 0.016949 0.006188 
0.004900 0.029849 0.346055 0.122350 0.317396 0.059109 0.052588 0.028878 0.025612 0.013263 
0.018598 0.022748 0.352205 0.135937 0.341419 0.037854 0.041317 0.023258 0.018990 0.007673 
0.001924 0.065814 0.379259 0.057218 0.320306 0.068370 0.049271 0.020217 0.023555 0.014067 
0.025258 0.069250 0.331184 0.142516 0.286056 0.049530 0.038801 0.022907 0.023517 0.010980 
0.003238 0.071520 0.307167 0.145826 0.286956 0.059378 0.051983 0.032865 0.027971 0.013097 
0.029785 0.084155 0.348467 0.115506 0.274238 0.069297 0.022622 0.023923 0.023884 0.008122 
0.005102 0.037739 0.344926 0.185604 0.296279 0.057128 0.022575 0.018814 0.019408 0.012425 
0.015615 0.013014 0.337913 0.160880 0.285608 0.078383 0.035741 0.031218 0.025842 0.015787 
0.014400 0.012023 0.340481 0.176671 0.294000 0.067636 0.028793 0.033293 0.025002 0.007701 
0.011080 0.043337 0.228824 0.190348 0.243310 0.154100 0.034433 0.055092 0.017322 0.022155 
0.018953 0.050666 0.075844 0.156727 0.147854 0.176717 0.219892 0.111850 0.029876 0.011621 
0.007263 0.049887 0.247070 0.067569 0.333231 0.069681 0.119292 0.030738 0.052198 0.023071 
0.016983 0.036179 0.256859 0.119362 0.347564 0.026201 0.119472 0.022252 0.038332 0.016794 
0.001670 0.042415 0.278547 0.081349 0.332365 0.045370 0.120332 0.044606 0.034504 0.018842 
0.021106 0.041504 0.231329 0.066486 0.324703 0.075623 0.087073 0.052013 0.075417 0.024747 
0.008079 0.021345 0.103543 0.134301 0.284122 0.147592 0.130714 0.093392 0.028996 0.047917 
0.006840 0.024289 0.221952 0.058149 0.301025 0.177822 0.038065 0.077410 0.052237 0.042210 
0.009674 0.016147 0.243561 0.122746 0.290915 0.149158 0.027991 0.058663 0.064980 0.016163 
0.023525 0.055455 0.244865 0.111001 0.267953 0.114104 0.055227 0.046326 0.058262 0.023281 
0.004604 0.045707 0.298390 0.084887 0.267117 0.089054 0.074114 0.039639 0.068938 0.027551 
0.017314 0.048690 0.223786 0.271907 0.126517 0.123724 0.061593 0.042465 0.068276 0.015727 
0.004343 0.061132 0.282956 0.307876 0.067998 0.111473 0.053345 0.040367 0.054141 0.016370 
0.007303 0.024692 0.316290 0.314783 0.085854 0.109339 0.059112 0.028359 0.041207 0.013062 
0.013868 0.020710 0.303719 0.285708 0.091539 0.096732 0.070917 0.051352 0.051114 0.014341 
0.026571 0.044996 0.148819 0.263041 0.213758 0.122479 0.058657 0.064563 0.040360 0.016757 
0.002742 0.052919 0.160943 0.324622 0.194614 0.069707 0.049354 0.059477 0.065691 0.019931 
0.014755 0.043420 0.149042 0.357986 0.211207 0.056344 0.044534 0.060034 0.051558 0.011121 
0.011134 0.033889 0.211280 0.348462 0.167188 0.070003 0.029458 0.073890 0.042947 0.011748 
0.016473 0.018499 0.215141 0.299092 0.166921 0.060322 0.071972 0.086306 0.046985 0.018288 
0.000200 0.026275 0.166217 0.281143 0.173518 0.119435 0.094493 0.062718 0.047054 0.028946 
0.008173 0.028047 0.179186 0.365610 0.150533 0.018311 0.146684 0.048286 0.020820 0.034350 
0.004350 0.011658 0.177731 0.382786 0.101373 0.052554 0.168770 0.049344 0.023230 0.028204 
0.009527 0.028587 0.163066 0.343585 0.164731 0.026447 0.180495 0.047274 0.014579 0.021709 
0.001619 0.028324 0.187449 0.344676 0.105619 0.041362 0.174958 0.064804 0.027183 0.024005 
0.016010 0.050084 0.292560 0.217447 0.038129 0.046725 0.209406 0.073865 0.033787 0.021986 
0.000086 0.034428 0.273553 0.270183 0.090285 0.055991 0.170117 0.049140 0.029611 0.026607 
0.005087 0.047004 0.235084 0.326875 0.109772 0.051317 0.164947 0.032564 0.016025 0.011326 
0.010878 0.037326 0.185065 0.321222 0.138343 0.042338 0.143069 0.065939 0.037363 0.018456 
0.015265 0.053368 0.187539 0.332431 0.122992 0.039048 0.114242 0.066032 0.037911 0.031173 
0.007926 0.056487 0.214391 0.299277 0.192226 0.054002 0.130172 0.018455 0.015063 0.012001 
0.000331 0.028040 0.238497 0.270971 0.198503 0.066013 0.143660 0.023999 0.015468 0.014518 
0.016859 0.051844 0.279576 0.232242 0.179813 0.018957 0.124734 0.054787 0.025351 0.015839 
0.000750 0.015635 0.286878 0.263751 0.180144 0.021508 0.141109 0.046028 0.028624 0.015573 
0.005479 0.007339 0.126167 0.387681 0.194465 0.049542 0.164345 0.022051 0.027191 0.015741 
0.003131 0.012970 0.182032 0.367279 0.200465 0.053634 0.081464 0.039469 0.046224 0.013333 
0.003667 0.003346 0.215983 0.398954 0.139774 0.050071 0.069250 0.052567 0.048179 0.018209 
0.001036 0.014376 0.189852 0.364380 0.179186 0.038459 0.108193 0.047572 0.037398 0.019547 
0.020146 0.065249 0.205545 0.320352 0.128955 0.060462 0.127169 0.028249 0.035241 0.008633 
0.006048 0.059244 0.224627 0.288844 0.165564 0.072182 0.073661 0.036015 0.052810 0.021005 
0.000660 0.025308 0.171552 0.265534 0.129697 0.184867 0.073533 0.088755 0.043343 0.016751 
0.010063 0.024669 0.133626 0.253810 0.075179 0.209892 0.116283 0.102861 0.048520 0.025096 
0.007967 0.013844 0.144370 0.224522 0.116692 0.226400 0.135983 0.090909 0.024814 0.014499 
0.005395 0.013386 0.150718 0.248029 0.124824 0.231854 0.117867 0.084992 0.012064 0.010871 
0.001050 0.030272 0.158510 0.202646 0.163291 0.223481 0.104538 0.073646 0.026681 0.015884 
0.009030 0.018205 0.180943 0.257195 0.087848 0.230594 0.109672 0.068185 0.021911 0.016419 
0.001511 0.011930 0.200674 0.269578 0.082955 0.220451 0.112895 0.063849 0.021196 0.014961 
0.010671 0.030078 0.155394 0.280977 0.132489 0.189205 0.117522 0.052935 0.017622 0.013107 
0.005751 0.005684 0.197698 0.306435 0.124343 0.169230 0.107469 0.057205 0.015310 0.010875 
0.002957 0.033447 0.164918 0.314298 0.132401 0.173472 0.095014 0.057646 0.015286 0.010561 
0.003290 0.018674 0.216511 0.279768 0.122627 0.169422 0.083956 0.052129 0.027474 0.026148 
0.012427 0.039278 0.226432 0.261436 0.091011 0.179534 0.104215 0.045742 0.021925 0.017999 
0.000457 0.020505 0.250646 0.233848 0.117968 0.192615 0.105279 0.054534 0.009532 0.014618 
0.002815 0.020651 0.163624 0.191514 0.162904 0.247967 0.095893 0.074133 0.023605 0.016894 
0.010800 0.021561 0.034415 0.179590 0.133319 0.303316 0.198228 0.076990 0.018042 0.023741 
0.000027 0.023504 0.040888 0.126296 0.075575 0.312413 0.259499 0.118301 0.020227 0.023269 
0.009026 0.015928 0.024433 0.110371 0.114387 0.271488 0.269150 0.126431 0.033852 0.024934 
0.000585 0.021086 0.031951 0.157791 0.182859 0.249485 0.200531 0.122582 0.018263 0.014867 
0.014669 0.043431 0.063650 0.206854 0.199603 0.250806 0.056520 0.114052 0.028962 0.021453 
0.006093 0.040514 0.059140 0.162063 0.187133 0.226526 0.089743 0.197451 0.020165 0.011171 
0.012300 0.030589 0.047114 0.104175 0.096433 0.269048 0.244233 0.133198 0.037610 0.025302 
0.002426 0.010251 0.023300 0.216106 0.133951 0.257925 0.145503 0.132333 0.063781 0.014427 
0.000984 0.038759 0.079444 0.503899 0.126712 0.034519 0.129544 0.040163 0.022290 0.023686 
0.008567 0.019460 0.075594 0.306834 0.158085 0.166545 0.119494 0.068242 0.036947 0.040231 
0.007555 0.018296 0.034328 0.288662 0.105846 0.332849 0.094025 0.076219 0.025986 0.016234 
0.006484 0.046380 0.091942 0.247933 0.129763 0.318547 0.069365 0.048901 0.022996 0.017690 
0.007587 0.011640 0.042979 0.281197 0.145576 0.338316 0.084893 0.046528 0.021370 0.019913 
0.009988 0.021570 0.056653 0.245072 0.162772 0.338348 0.102850 0.032028 0.013211 0.017507 
0.009233 0.018065 0.037888 0.254086 0.126364 0.345852 0.103748 0.057445 0.027436 0.019883 
0.006102 0.045647 0.084399 0.208225 0.075709 0.333426 0.111827 0.066842 0.034466 0.033357 
0.010830 0.022481 0.043012 0.224315 0.116558 0.357486 0.109368 0.066622 0.026308 0.023020 
0.005365 0.003583 0.020880 0.192384 0.177809 0.371503 0.085288 0.084645 0.029134 0.029409 
0.006271 0.003482 0.020072 0.171385 0.148009 0.377646 0.088317 0.098078 0.052666 0.034074 
0.006893 0.009398 0.047192 0.157689 0.107000 0.371906 0.099532 0.110038 0.048677 0.041674 
0.006813 0.005453 0.021851 0.165408 0.124561 0.397154 0.123741 0.099244 0.032874 0.022901 
0.006109 0.005942 0.024030 0.148417 0.161941 0.381612 0.109028 0.101434 0.034323 0.027164 
0.001451 0.022537 0.043038 0.160200 0.150327 0.362669 0.104027 0.096366 0.039459 0.019927 
0.013859 0.033871 0.069626 0.168337 0.112255 0.359838 0.116936 0.092401 0.012870 0.020007 
0.000399 0.018478 0.159051 0.180708 0.212071 0.116222 0.117826 0.058003 0.102017 0.035226 
0.011383 0.030833 0.185389 0.308187 0.169303 0.063954 0.099660 0.032658 0.078462 0.020172 
0.009575 0.024799 0.211675 0.298753 0.173090 0.076535 0.079748 0.040680 0.062912 0.022234 
0.002858 0.037828 0.228625 0.334465 0.102246 0.079485 0.072334 0.029766 0.083536 0.028857 
0.005760 0.003541 0.235065 0.271482 0.119180 0.091366 0.057800 0.073076 0.112786 0.029945 
0.014173 0.040735 0.241524 0.213573 0.210030 0.079873 0.034787 0.084027 0.069061 0.012216 
0.002544 0.023960 0.236072 0.152732 0.216851 0.114986 0.068718 0.101661 0.042318 0.040157 
0.001732 0.029065 0.189640 0.178738 0.154223 0.087035 0.085046 0.152126 0.048338 0.074057 
0.005606 0.007719 0.118211 0.151629 0.267980 0.157587 0.041074 0.133400 0.065395 0.051398 
0.011048 0.027698 0.317226 0.182778 0.296502 0.051031 0.034701 0.041370 0.018518 0.019128 
0.001883 0.027030 0.310778 0.182360 0.261286 0.058732 0.044888 0.041020 0.040452 0.031572 
0.012766 0.024661 0.292841 0.189137 0.271692 0.067967 0.044044 0.042356 0.025841 0.028695 
0.005032 0.019966 0.297185 0.179427 0.272341 0.086023 0.045406 0.055697 0.012585 0.026339 
0.007546 0.016971 0.302455 0.168175 0.253445 0.110384 0.045803 0.062291 0.021876 0.011054 
0.013641 0.033780 0.348710 0.169345 0.209379 0.082330 0.050432 0.054656 0.027228 0.010499 
0.012017 0.015089 0.444831 0.176166 0.130446 0.041706 0.067317 0.068612 0.031706 0.012109 
0.010583 0.025751 0.461283 0.213805 0.074613 0.033214 0.066063 0.047488 0.054749 0.012450 
0.017467 0.028699 0.354314 0.271231 0.091728 0.043275 0.089306 0.064841 0.021755 0.017383 
0.009785 0.024714 0.298232 0.204130 0.105743 0.137846 0.144339 0.041388 0.013783 0.020039 
0.001448 0.074816 0.309069 0.197282 0.065443 0.145924 0.114636 0.040963 0.032769 0.017650 
0.020707 0.054532 0.351642 0.171958 0.055192 0.140541 0.107269 0.036810 0.033819 0.027530 
0.000509 0.072559 0.363497 0.152303 0.057389 0.171172 0.093904 0.040531 0.030971 0.017165 
0.019440 0.091136 0.264677 0.141218 0.056064 0.195720 0.118916 0.038591 0.044178 0.030060 
0.006768 0.065573 0.289608 0.131445 0.064211 0.225993 0.118392 0.039233 0.035965 0.022811 
0.002878 0.083562 0.282915 0.105126 0.057724 0.262354 0.125518 0.035489 0.026488 0.017947 
0.029561 0.140030 0.178422 0.165597 0.048052 0.230322 0.122815 0.046360 0.028781 0.010060 
0.000299 0.122199 0.187807 0.153206 0.062169 0.287383 0.117608 0.041109 0.021413 0.006807 
0.003540 0.080238 0.125898 0.145033 0.058088 0.212648 0.126318 0.107142 0.099768 0.041327 
0.003162 0.024797 0.189084 0.280767 0.117737 0.107581 0.055940 0.120788 0.063369 0.036775 
0.014365 0.050694 0.221289 0.287777 0.113920 0.075712 0.069634 0.105114 0.022419 0.039077 
0.009703 0.042127 0.232610 0.285710 0.122966 0.089187 0.074918 0.095856 0.021285 0.025637 
0.005862 0.058059 0.245989 0.285500 0.083358 0.092295 0.071857 0.086834 0.032618 0.037628 
0.023969 0.094510 0.267852 0.282531 0.131500 0.066764 0.026520 0.069942 0.022684 0.013729 
0.006340 0.090929 0.291860 0.288327 0.080529 0.085401 0.051234 0.061378 0.018204 0.025797 
0.009473 0.036440 0.308554 0.310120 0.085603 0.067826 0.060798 0.065601 0.023128 0.032457 
0.013116 0.022804 0.297000 0.284084 0.125033 0.067917 0.051757 0.078685 0.023390 0.036213 
0.010385 0.036041 0.350762 0.320637 0.058955 0.064912 0.029777 0.064366 0.035575 0.028590 
0.014185 0.053387 0.272353 0.184523 0.246768 0.049439 0.083570 0.048064 0.023709 0.024002 
0.010434 0.093921 0.289838 0.141717 0.230023 0.053373 0.090945 0.047041 0.033915 0.008793 
0.017744 0.057260 0.311056 0.160939 0.260633 0.045659 0.085228 0.030186 0.024268 0.007028 
0.014427 0.044462 0.320040 0.175923 0.262608 0.024334 0.083607 0.045830 0.021474 0.007294 
0.002556 0.077999 0.335934 0.159012 0.240275 0.051712 0.068972 0.032608 0.019788 0.011143 
0.025608 0.077520 0.316290 0.192409 0.235191 0.024545 0.065806 0.031466 0.023609 0.007557 
0.006825 0.067122 0.358355 0.184371 0.223305 0.034887 0.064234 0.030072 0.019404 0.011427 
0.022546 0.065596 0.347554 0.209859 0.194297 0.039038 0.047606 0.032345 0.024348 0.016809 
0.002075 0.092408 0.336596 0.124900 0.267344 0.041493 0.049495 0.035996 0.037133 0.012560 
0.010589 0.016648 0.271338 0.261640 0.237298 0.030655 0.069138 0.040338 0.046207 0.016151 
0.018234 0.058690 0.299604 0.276065 0.178717 0.028484 0.055660 0.049284 0.021646 0.013616 
0.014526 0.043256 0.309060 0.280887 0.167569 0.048693 0.053485 0.041820 0.027065 0.013639 
0.005831 0.052226 0.333954 0.254769 0.197957 0.040065 0.044360 0.044057 0.017914 0.008866 
0.013309 0.024927 0.386265 0.244434 0.198435 0.025969 0.031388 0.038984 0.028379 0.007910 
0.009469 0.029834 0.259670 0.233862 0.154873 0.143249 0.071350 0.064413 0.018209 0.015071 
0.003487 0.038682 0.216601 0.221878 0.122206 0.219999 0.062977 0.075984 0.022062 0.016125 
0.016108 0.036340 0.201180 0.199469 0.118327 0.212030 0.064469 0.097615 0.033268 0.021194 
0.004896 0.022948 0.232124 0.232817 0.131358 0.219858 0.052456 0.064873 0.022026 0.016644 
0.017365 0.036280 0.244212 0.196716 0.118500 0.218549 0.047832 0.075594 0.028620 0.016333 
0.002018 0.042812 0.251677 0.197695 0.126164 0.219660 0.056724 0.060515 0.028425 0.014309 
0.000026 0.046297 0.265414 0.188886 0.128782 0.231369 0.038528 0.059846 0.025483 0.015369 
0.025512 0.087417 0.244895 0.187887 0.139815 0.209793 0.034113 0.042714 0.020155 0.007699 
0.003013 0.067494 0.235647 0.202408 0.124972 0.218277 0.052247 0.052606 0.028712 0.014624 
0.019408 0.048578 0.267523 0.217953 0.078223 0.235903 0.046550 0.051278 0.022726 0.011857 
0.008895 0.009122 0.244216 0.148675 0.235858 0.184978 0.087210 0.040039 0.023998 0.017009 
0.001038 0.041266 0.285223 0.158004 0.211870 0.174802 0.065734 0.031806 0.017625 0.012634 
0.019195 0.041226 0.259291 0.185617 0.210856 0.151377 0.068554 0.039975 0.017145 0.006765 
0.003799 0.070747 0.275317 0.154501 0.216670 0.157857 0.062576 0.029056 0.020742 0.008735 
0.022977 0.073249 0.271511 0.134593 0.192519 0.142566 0.067425 0.045346 0.035262 0.014553 
0.013620 0.019432 0.297486 0.156434 0.229257 0.160625 0.041575 0.030545 0.037108 0.013919 
0.001220 0.056947 0.298822 0.150963 0.214204 0.154354 0.039324 0.039705 0.032516 0.011945 
0.020255 0.058476 0.295973 0.161595 0.217484 0.145972 0.028746 0.025251 0.035665 0.010583 
0.008524 0.079556 0.307427 0.134178 0.216648 0.157381 0.029637 0.027287 0.033698 0.005664 
0.023767 0.058398 0.309001 0.136449 0.203659 0.144603 0.041874 0.039872 0.031911 0.010466 
0.003323 0.038198 0.333567 0.134118 0.220010 0.168304 0.033856 0.031858 0.030523 0.006243 
0.014822 0.027823 0.320331 0.126094 0.205319 0.162090 0.062951 0.046329 0.027272 0.006968 
0.021784 0.043649 0.252747 0.192387 0.052265 0.269284 0.070516 0.063820 0.022804 0.010744 
0.004257 0.017901 0.166154 0.118867 0.314730 0.100753 0.142725 0.052319 0.061201 0.021094 
0.009949 0.018853 0.243609 0.103009 0.356066 0.076587 0.111049 0.046869 0.018932 0.015078 
0.015315 0.017436 0.243594 0.137202 0.371370 0.016264 0.104674 0.049203 0.022185 0.022757 
0.005238 0.074529 0.281529 0.063421 0.332697 0.065276 0.103816 0.019273 0.028000 0.026222 
0.040226 0.083354 0.164104 0.159547 0.149949 0.122705 0.061545 0.105846 0.050359 0.062366 
0.006903 0.033661 0.350920 0.116783 0.233655 0.076822 0.059299 0.064695 0.041843 0.015419 
0.015428 0.029252 0.415199 0.161616 0.186439 0.052910 0.024631 0.059454 0.035910 0.019160 
0.028141 0.076326 0.423436 0.117820 0.183212 0.052509 0.023682 0.054078 0.029578 0.011219 
0.005740 0.090163 0.452605 0.061373 0.222340 0.058510 0.012946 0.056566 0.031628 0.008129 
0.016442 0.038695 0.137115 0.222230 0.202674 0.123367 0.081372 0.070405 0.078194 0.029506 
0.012694 0.029752 0.226996 0.252757 0.139150 0.115271 0.086698 0.030029 0.070276 0.036378 
0.002178 0.056613 0.243403 0.352421 0.075487 0.128770 0.058493 0.029001 0.040784 0.012849 
0.012451 0.005512 0.266393 0.347467 0.090250 0.124087 0.064921 0.030656 0.042738 0.015526 
0.021128 0.020989 0.287754 0.265514 0.176575 0.101508 0.062278 0.024743 0.031561 0.007949 
0.015780 0.029167 0.152452 0.317004 0.210354 0.082186 0.050273 0.036801 0.079058 0.026924 
0.005587 0.031364 0.224209 0.322378 0.175780 0.069592 0.029165 0.049883 0.073432 0.018610 
0.010703 0.022286 0.237541 0.318380 0.198961 0.065929 0.030210 0.053559 0.048332 0.014098 
0.012514 0.020766 0.224907 0.243016 0.248572 0.071320 0.087825 0.048161 0.029335 0.013583 
0.089087 0.045844 0.100872 0.125095 0.149489 0.070616 0.250648 0.060591 0.066730 0.041029 
0.008749 0.026775 0.127345 0.249490 0.160774 0.102705 0.134554 0.110175 0.037440 0.041993 
0.010413 0.067717 0.129179 0.382316 0.169741 0.010933 0.086245 0.063773 0.041667 0.038016 
0.008673 0.018563 0.149161 0.392933 0.150358 0.064639 0.086661 0.060343 0.020246 0.048423 
0.020312 0.060822 0.174313 0.366174 0.192346 0.007027 0.051899 0.066874 0.017901 0.042332 
0.003435 0.055176 0.160943 0.333667 0.120944 0.085219 0.081896 0.070270 0.044294 0.044157 
0.005088 0.047025 0.190896 0.354757 0.114443 0.076175 0.120017 0.027456 0.039312 0.024832 
0.014677 0.051247 0.146588 0.373441 0.157822 0.056042 0.097060 0.035708 0.036316 0.031099 
0.009456 0.030097 0.145025 0.399613 0.169412 0.068482 0.073115 0.048415 0.035245 0.021140 
0.009536 0.063153 0.192128 0.449838 0.122754 0.056980 0.051110 0.015327 0.020196 0.018977 
0.007800 0.015546 0.238038 0.451001 0.114668 0.057053 0.042566 0.030185 0.018547 0.024596 
0.014672 0.037084 0.272099 0.322931 0.181675 0.050172 0.066237 0.018308 0.017404 0.019418 
0.010822 0.010855 0.326275 0.259175 0.126331 0.063229 0.122240 0.035406 0.020250 0.025417 
0.006361 0.011229 0.292753 0.317533 0.153563 0.043983 0.100173 0.037312 0.018870 0.018223 
0.005664 0.015712 0.098744 0.457269 0.229718 0.045465 0.086585 0.018421 0.016244 0.026177 
0.011971 0.032603 0.241518 0.360655 0.161956 0.045139 0.061067 0.029511 0.033668 0.021912 
0.008302 0.062638 0.245272 0.351765 0.168834 0.019668 0.064655 0.028601 0.030170 0.020096 
0.011134 0.031003 0.286477 0.352206 0.144825 0.036804 0.080807 0.024596 0.017608 0.014540 
0.009737 0.017356 0.303800 0.325068 0.190284 0.023691 0.083831 0.020618 0.009874 0.015742 
0.013008 0.027044 0.342482 0.308710 0.143362 0.034062 0.080879 0.021901 0.012059 0.016493 
0.003022 0.013648 0.164415 0.276719 0.100830 0.238014 0.076688 0.082504 0.026108 0.018051 
0.003753 0.011380 0.112737 0.275209 0.166321 0.258558 0.071880 0.074458 0.012044 0.013660 
0.002418 0.013747 0.119590 0.276193 0.169279 0.253867 0.063567 0.072281 0.014793 0.014264 
0.006101 0.011168 0.125613 0.261060 0.117034 0.268523 0.065357 0.077470 0.041971 0.025704 
0.011711 0.034212 0.121740 0.229747 0.081749 0.287096 0.079635 0.087071 0.040639 0.026399 
0.001207 0.035150 0.135268 0.217177 0.164161 0.282005 0.059204 0.056715 0.019580 0.029533 
0.003550 0.014258 0.138370 0.224027 0.171687 0.288963 0.049649 0.061321 0.018883 0.029292 
0.013149 0.039065 0.137906 0.231254 0.116303 0.267981 0.061154 0.067562 0.035596 0.030031 
0.001637 0.018097 0.145089 0.244326 0.074506 0.288824 0.085362 0.080700 0.037793 0.023666 
0.002666 0.010159 0.141168 0.245304 0.130839 0.293340 0.077507 0.062427 0.017027 0.019562 
0.003160 0.011774 0.181153 0.197570 0.183833 0.274670 0.050471 0.063763 0.016097 0.017510 
0.006374 0.009043 0.201853 0.204422 0.139699 0.269861 0.050586 0.065196 0.023858 0.029108 
0.006526 0.013930 0.196409 0.196878 0.112379 0.293342 0.062840 0.079333 0.014654 0.023707 
0.007026 0.012890 0.207171 0.181347 0.136283 0.288508 0.069885 0.070494 0.007290 0.019107 
0.003997 0.003800 0.208751 0.167238 0.137079 0.274496 0.070016 0.082402 0.031430 0.020793 
0.000647 0.023385 0.128242 0.242018 0.115141 0.171250 0.167468 0.073713 0.036374 0.041762 
0.003908 0.014054 0.118699 0.264529 0.076222 0.158296 0.188257 0.092536 0.046581 0.036919 
0.013797 0.044344 0.124927 0.268813 0.093519 0.157131 0.155885 0.079005 0.029025 0.033555 
0.003327 0.032880 0.141204 0.261283 0.125039 0.164839 0.155663 0.067031 0.013045 0.035690 
0.003245 0.034432 0.145049 0.249115 0.116165 0.162695 0.176643 0.065342 0.014846 0.032467 
0.010008 0.025674 0.138593 0.250757 0.077556 0.172899 0.175819 0.084796 0.033286 0.030614 
0.011495 0.036433 0.133561 0.224451 0.109062 0.169650 0.169984 0.073858 0.033066 0.038439 
0.004406 0.032482 0.155646 0.239522 0.102815 0.171526 0.185828 0.059362 0.010640 0.037773 
0.006016 0.007089 0.191821 0.279702 0.106911 0.034036 0.257203 0.039227 0.030821 0.047172 
0.004767 0.005806 0.159158 0.189722 0.122695 0.162594 0.167422 0.106944 0.042772 0.038119 
0.006335 0.007950 0.083885 0.240200 0.106041 0.264213 0.105632 0.118209 0.026077 0.041459 
0.000637 0.017616 0.108505 0.226600 0.084271 0.254359 0.102542 0.124171 0.049494 0.031806 
0.007549 0.013420 0.115397 0.213695 0.093285 0.253846 0.116919 0.116947 0.040958 0.027984 
0.001179 0.010532 0.123243 0.203119 0.143303 0.257584 0.122002 0.101983 0.014605 0.022449 
0.003822 0.009433 0.104419 0.183190 0.156664 0.240556 0.122110 0.114325 0.029038 0.036445 
0.010397 0.030280 0.129405 0.147940 0.088681 0.259770 0.125943 0.123502 0.049227 0.034856 
0.001609 0.032917 0.142149 0.107553 0.105768 0.271204 0.128805 0.132834 0.047275 0.029886 
0.006432 0.003855 0.139367 0.121178 0.145763 0.282505 0.142069 0.117233 0.013987 0.027610 
0.003011 0.028434 0.141970 0.143462 0.102305 0.247884 0.124592 0.125719 0.035367 0.047256 
0.017699 0.059588 0.127243 0.117619 0.092211 0.251920 0.114377 0.129315 0.051164 0.038865 
0.001115 0.026161 0.142073 0.104288 0.109364 0.259389 0.121740 0.143222 0.051070 0.041578 
0.003619 0.013018 0.092941 0.081949 0.135944 0.298627 0.164282 0.149278 0.037321 0.023023 
0.006054 0.011511 0.026755 0.101604 0.114667 0.283727 0.202934 0.146873 0.052553 0.053322 
0.004678 0.013269 0.136188 0.237345 0.134579 0.162328 0.136337 0.091915 0.048321 0.035043 
0.004387 0.056153 0.223837 0.285222 0.150943 0.042611 0.110271 0.063349 0.016230 0.046995 
0.011868 0.042227 0.258893 0.301232 0.104098 0.050728 0.129620 0.046732 0.024786 0.029815 
0.008662 0.024896 0.296333 0.294349 0.094228 0.071621 0.138624 0.022196 0.020531 0.028561 
0.006106 0.015312 0.143161 0.390624 0.190544 0.047842 0.096532 0.042092 0.041409 0.026378 
0.008176 0.012040 0.265667 0.327578 0.119928 0.058611 0.061119 0.071968 0.050914 0.024000 
0.005230 0.047182 0.280004 0.331522 0.108981 0.046050 0.057344 0.057979 0.051276 0.014433 
0.022055 0.082807 0.286563 0.305400 0.086401 0.028662 0.053906 0.073481 0.045350 0.015377 
0.008083 0.029903 0.298725 0.286752 0.058113 0.077234 0.083612 0.064403 0.076789 0.016388 
0.008032 0.063865 0.202859 0.308342 0.158408 0.105608 0.077434 0.037624 0.029266 0.008563 
0.005789 0.029933 0.188060 0.380841 0.105620 0.116249 0.082659 0.042200 0.031527 0.017121 
0.015540 0.050678 0.176428 0.326984 0.150057 0.133070 0.075311 0.028828 0.019558 0.023546 
0.007780 0.024034 0.185017 0.306997 0.091717 0.165645 0.102848 0.040925 0.045259 0.029777 
0.000443 0.036879 0.201996 0.348479 0.128463 0.065844 0.090044 0.061717 0.030359 0.035775 
0.000487 0.044403 0.202837 0.410567 0.083666 0.063342 0.076480 0.055293 0.037221 0.025703 
0.020758 0.075508 0.298030 0.327315 0.110623 0.033022 0.074438 0.033782 0.008719 0.017804 
0.005464 0.033372 0.345600 0.288042 0.123823 0.036247 0.079929 0.044476 0.018115 0.024932 
0.002788 0.068880 0.222349 0.413146 0.083472 0.066760 0.056964 0.049305 0.020746 0.015588 
0.025688 0.129870 0.399828 0.228125 0.067938 0.054239 0.041863 0.021652 0.015060 0.015737 
0.015275 0.148388 0.426171 0.242365 0.046856 0.043376 0.033958 0.011435 0.012316 0.019860 
0.013283 0.064693 0.445666 0.229858 0.091282 0.051835 0.038301 0.020959 0.018920 0.025205 
0.018222 0.121488 0.359235 0.223726 0.080793 0.069392 0.061977 0.026274 0.026592 0.012300 
0.004393 0.128606 0.366445 0.234522 0.077872 0.073744 0.053739 0.021575 0.016427 0.022678 
0.005570 0.108287 0.385481 0.222336 0.070318 0.072280 0.066343 0.026443 0.012152 0.030789 
0.000295 0.127849 0.400954 0.222139 0.062792 0.081182 0.044414 0.024527 0.019527 0.016320 
0.032273 0.211653 0.301882 0.230447 0.060152 0.095554 0.019203 0.014047 0.014403 0.020387 
0.014061 0.210039 0.316999 0.205026 0.049454 0.086020 0.048704 0.019377 0.030754 0.019565 
0.018354 0.120391 0.373244 0.168461 0.098782 0.079168 0.044013 0.020829 0.042800 0.033958 
0.001165 0.072571 0.323808 0.276088 0.059916 0.081072 0.047977 0.072240 0.043102 0.022060 
0.024235 0.146160 0.323167 0.253661 0.054470 0.052445 0.038537 0.063046 0.027370 0.016908 
0.023473 0.191550 0.324506 0.201553 0.058348 0.056454 0.048123 0.043592 0.034306 0.018094 
0.016319 0.107050 0.378104 0.228848 0.079370 0.045123 0.056266 0.046894 0.019376 0.022650 
0.013964 0.099164 0.394468 0.237084 0.062978 0.049083 0.053111 0.040022 0.031816 0.018311 
0.005660 0.076102 0.415603 0.253449 0.084617 0.059806 0.031114 0.024434 0.016762 0.032452 
0.009835 0.066608 0.408588 0.242679 0.131032 0.047001 0.022230 0.028355 0.019096 0.024575 
0.008504 0.094305 0.429139 0.270687 0.089374 0.032104 0.017495 0.016820 0.019754 0.021819 
0.025215 0.145770 0.355295 0.245852 0.095870 0.048331 0.027437 0.015482 0.026202 0.014546 
0.011208 0.121989 0.265502 0.183885 0.232352 0.061302 0.047778 0.027889 0.028074 0.020022 
0.001337 0.101684 0.291052 0.173899 0.210129 0.058613 0.067902 0.041515 0.034419 0.019452 
0.015407 0.095441 0.333151 0.175137 0.223010 0.021196 0.060238 0.021814 0.021749 0.032857 
0.011162 0.074881 0.409056 0.116372 0.235782 0.029149 0.062102 0.027157 0.017489 0.016849 
0.003442 0.100428 0.404895 0.133373 0.229438 0.033453 0.046623 0.015948 0.020023 0.012376 
0.015804 0.082185 0.416627 0.145579 0.221618 0.032008 0.035980 0.014718 0.017020 0.018460 
0.004231 0.061946 0.432220 0.168409 0.219245 0.034787 0.025779 0.020072 0.018748 0.014563 
0.019422 0.110685 0.395113 0.183164 0.201398 0.029958 0.020942 0.015537 0.019632 0.004149 
0.016810 0.159713 0.373789 0.153621 0.146118 0.049363 0.032308 0.024406 0.026628 0.017246 
0.022320 0.115472 0.445280 0.160668 0.189528 0.020537 0.017777 0.010705 0.013098 0.004613 
0.016513 0.093049 0.458408 0.140609 0.181582 0.040832 0.029079 0.014899 0.015681 0.009347 
0.005241 0.118191 0.440423 0.149723 0.184949 0.029081 0.029504 0.018196 0.015672 0.009020 
0.021882 0.095129 0.442043 0.159268 0.188803 0.031786 0.021279 0.017773 0.012933 0.009104 
0.008973 0.073894 0.449214 0.166060 0.181776 0.033385 0.034413 0.019511 0.014820 0.017954 
0.029527 0.125286 0.428444 0.166814 0.166216 0.022739 0.028703 0.010241 0.012453 0.009578 
0.005478 0.089300 0.263383 0.221189 0.122065 0.177356 0.066360 0.030397 0.018714 0.005758 
0.013407 0.061023 0.268795 0.247490 0.101776 0.224340 0.031524 0.039220 0.006839 0.005585 
0.011633 0.056143 0.239927 0.231689 0.106571 0.191373 0.065884 0.053160 0.023255 0.020365 
0.002213 0.084889 0.244510 0.244980 0.132147 0.192751 0.034967 0.041033 0.011366 0.011143 
0.008672 0.053372 0.272743 0.235513 0.132523 0.207289 0.021503 0.039305 0.020507 0.008574 
0.009782 0.034912 0.265801 0.237494 0.125015 0.171208 0.059837 0.042918 0.035820 0.017211 
0.018963 0.079783 0.284416 0.189643 0.105244 0.188777 0.047575 0.042543 0.029190 0.013866 
0.000308 0.084900 0.297779 0.202512 0.129254 0.196353 0.041784 0.029986 0.010018 0.007106 
0.007245 0.073872 0.351512 0.204967 0.024770 0.215828 0.045402 0.052549 0.012748 0.011106 
0.009645 0.072834 0.320445 0.186731 0.141322 0.135210 0.055851 0.042725 0.019068 0.016168 
0.015869 0.102229 0.294206 0.181660 0.135615 0.150277 0.032426 0.038050 0.027109 0.022558 
0.008089 0.126242 0.333825 0.158673 0.155032 0.131300 0.033277 0.019949 0.020702 0.012910 
0.014712 0.055996 0.385342 0.148626 0.142057 0.131821 0.047904 0.026536 0.029062 0.017944 
0.016099 0.081815 0.382147 0.132160 0.135555 0.123945 0.048712 0.027822 0.029511 0.022233 
0.001776 0.089137 0.417310 0.128079 0.150001 0.130582 0.033326 0.017972 0.016904 0.014911 
0.014455 0.060745 0.457303 0.115812 0.149757 0.139368 0.019654 0.021796 0.011088 0.010020 
0.001867 0.105816 0.398851 0.176406 0.165928 0.097575 0.019152 0.014227 0.013333 0.006845 
0.036015 0.194531 0.331954 0.160931 0.122795 0.088901 0.026583 0.015427 0.011657 0.011206 
0.016552 0.181902 0.366393 0.153818 0.147037 0.070382 0.030520 0.014991 0.010088 0.008316 
0.018065 0.098487 0.431027 0.169480 0.165092 0.058947 0.027175 0.014097 0.009662 0.007967 
0.015133 0.098468 0.416044 0.187759 0.171767 0.051823 0.026964 0.013556 0.011795 0.006691 
0.016898 0.116050 0.365697 0.204703 0.172019 0.077946 0.018221 0.013137 0.006783 0.008545 
0.011422 0.321053 0.256754 0.174164 0.043126 0.052741 0.061985 0.030046 0.023066 0.025641 
0.000753 0.027223 0.181029 0.089042 0.281351 0.124830 0.171842 0.077300 0.036220 0.010409 
0.014975 0.048378 0.290016 0.115297 0.303743 0.043485 0.090440 0.041836 0.044383 0.007447 
0.011134 0.024692 0.286128 0.157561 0.326028 0.017118 0.090458 0.020392 0.054979 0.011509 
0.000565 0.031353 0.291099 0.072585 0.310952 0.042997 0.110251 0.051307 0.067912 0.020980 
