Viva-la-Vida,Coldplay
0.001928 0.030878 0.160132 0.323557 0.125078 0.080638 0.129822 0.053642 0.042256 0.052069 
0.003002 0.027561 0.183060 0.355141 0.075365 0.031304 0.139091 0.077440 0.055585 0.052451 
0.007064 0.043767 0.181247 0.299738 0.069351 0.044680 0.162205 0.101503 0.041695 0.048749 
0.000509 0.027956 0.294897 0.316657 0.069298 0.027469 0.103027 0.127898 0.020477 0.011811 
0.014532 0.075392 0.335155 0.239733 0.054629 0.029125 0.125573 0.075952 0.026437 0.023470 
0.010049 0.048897 0.224119 0.192431 0.058936 0.042395 0.254363 0.073806 0.051587 0.043416 
0.007660 0.057524 0.108349 0.187158 0.118633 0.034854 0.370895 0.052484 0.041442 0.020999 
0.000207 0.021389 0.186004 0.173681 0.098751 0.089039 0.296170 0.099790 0.017874 0.017096 
0.000335 0.023974 0.157341 0.227094 0.163214 0.051845 0.219653 0.065564 0.052033 0.038946 
0.005216 0.035628 0.119832 0.302318 0.084725 0.095343 0.147757 0.070500 0.083686 0.054996 
0.001207 0.020323 0.258121 0.219454 0.139068 0.041363 0.134929 0.094436 0.052730 0.038368 
0.010348 0.054529 0.271449 0.114738 0.096569 0.026352 0.192708 0.178209 0.027646 0.027452 
0.015608 0.072522 0.258522 0.168770 0.091733 0.038455 0.146660 0.157939 0.034120 0.015669 
0.010191 0.063203 0.320992 0.221201 0.077608 0.074524 0.113004 0.097530 0.013469 0.008277 
0.001436 0.038218 0.207850 0.197076 0.145820 0.048537 0.160047 0.142856 0.031704 0.026457 
0.002789 0.022147 0.198680 0.098801 0.090247 0.089301 0.278802 0.105101 0.056216 0.057917 
0.007682 0.039393 0.183701 0.124827 0.114934 0.033721 0.286955 0.118963 0.051667 0.038155 
0.008973 0.057061 0.172005 0.192286 0.067809 0.097620 0.276182 0.072714 0.024397 0.030954 
0.009202 0.045138 0.223124 0.273838 0.116935 0.022469 0.173844 0.086894 0.030853 0.017702 
0.001367 0.023899 0.164863 0.328705 0.130322 0.051140 0.120820 0.054859 0.051245 0.072780 
0.000837 0.027890 0.218630 0.283396 0.126918 0.047619 0.098091 0.116242 0.028163 0.052213 
0.007587 0.044987 0.213518 0.285810 0.111291 0.029638 0.125122 0.115988 0.022446 0.043613 
0.010262 0.056789 0.250740 0.261050 0.104223 0.050547 0.124718 0.091188 0.021560 0.028923 
0.009769 0.042306 0.300982 0.250751 0.133104 0.028344 0.088604 0.074411 0.019761 0.051967 
0.013558 0.067452 0.165377 0.229407 0.117937 0.052148 0.167901 0.087477 0.027396 0.071349 
0.002741 0.025276 0.151962 0.132201 0.079193 0.100979 0.349987 0.072957 0.047081 0.037624 
0.003648 0.025578 0.117707 0.102769 0.113315 0.047166 0.430196 0.094397 0.034857 0.030367 
0.003411 0.020165 0.100475 0.121868 0.087581 0.101003 0.398450 0.052206 0.045467 0.069373 
0.002890 0.048696 0.126055 0.172946 0.153832 0.039208 0.224593 0.054849 0.076307 0.100623 
0.008013 0.070234 0.116536 0.319179 0.166244 0.058285 0.071389 0.115157 0.049914 0.025050 
0.011344 0.056523 0.135392 0.330806 0.125949 0.055678 0.130226 0.110724 0.028601 0.014758 
0.007898 0.029314 0.098894 0.307942 0.130040 0.031681 0.187510 0.130009 0.041415 0.035299 
0.002148 0.030910 0.203981 0.219305 0.096889 0.060238 0.196434 0.107431 0.050244 0.032420 
0.008641 0.072708 0.150096 0.168138 0.142835 0.147865 0.189627 0.046988 0.053270 0.019832 
0.000544 0.046240 0.199709 0.187149 0.148053 0.129113 0.135886 0.067263 0.064073 0.021970 
0.003750 0.039197 0.211093 0.163647 0.162487 0.112884 0.168634 0.044530 0.076966 0.016813 
0.003683 0.056195 0.161702 0.232126 0.108701 0.082266 0.197691 0.077014 0.037276 0.043347 
0.002402 0.066465 0.291806 0.188151 0.067114 0.056851 0.118688 0.108306 0.043159 0.057057 
0.003969 0.054206 0.154780 0.297446 0.100977 0.090778 0.131607 0.083139 0.042020 0.041078 
0.003191 0.034127 0.120257 0.284373 0.125628 0.107621 0.192971 0.064841 0.040512 0.026478 
0.000395 0.019714 0.082510 0.242580 0.092023 0.061845 0.266952 0.127195 0.071580 0.035206 
0.007974 0.028684 0.068939 0.244276 0.117139 0.075708 0.237362 0.114907 0.059508 0.045504 
0.000055 0.033730 0.156060 0.231199 0.195791 0.088175 0.148376 0.059569 0.063029 0.024014 
0.003623 0.045922 0.253550 0.181481 0.165451 0.106644 0.086369 0.061106 0.052494 0.043359 
0.003249 0.049433 0.240017 0.215073 0.087205 0.173094 0.103814 0.048067 0.038918 0.041130 
0.002298 0.063893 0.178640 0.239895 0.093507 0.136659 0.153263 0.057743 0.038619 0.035483 
0.010055 0.076255 0.277371 0.200904 0.078954 0.093739 0.122794 0.030950 0.057825 0.051152 
0.013075 0.072018 0.178938 0.242134 0.076128 0.154388 0.063268 0.061182 0.083729 0.055140 
0.011273 0.043834 0.142932 0.305609 0.103313 0.171155 0.057751 0.073465 0.048382 0.042287 
0.004779 0.019447 0.040283 0.511165 0.051118 0.187871 0.066091 0.057656 0.027158 0.034432 
0.006286 0.025945 0.059826 0.370200 0.105117 0.154413 0.112102 0.060619 0.050822 0.054671 
0.000427 0.038616 0.035898 0.342930 0.071518 0.133076 0.155810 0.088691 0.077057 0.055977 
0.002255 0.046831 0.183904 0.231060 0.113596 0.083364 0.137316 0.072374 0.071458 0.057842 
0.003355 0.044921 0.120583 0.146761 0.074572 0.131423 0.197920 0.065000 0.179683 0.035781 
0.010483 0.055412 0.050268 0.170050 0.087569 0.151911 0.217364 0.052962 0.109795 0.094185 
0.013809 0.073286 0.112306 0.206573 0.107450 0.143087 0.242979 0.045636 0.024061 0.030812 
0.003299 0.031650 0.105437 0.192765 0.105716 0.221021 0.213766 0.052725 0.045972 0.027651 
0.002715 0.047713 0.182173 0.223887 0.105463 0.194928 0.050462 0.062693 0.097498 0.032468 
0.007628 0.060059 0.203802 0.279931 0.073608 0.149596 0.066903 0.042101 0.086619 0.029754 
0.002077 0.056217 0.231499 0.315932 0.109621 0.069708 0.062952 0.045626 0.074874 0.031493 
0.000715 0.053452 0.205355 0.315989 0.116492 0.144080 0.075541 0.029311 0.030110 0.028954 
0.001236 0.052160 0.162400 0.307944 0.137534 0.122034 0.110513 0.039813 0.031278 0.035088 
0.005164 0.056091 0.100879 0.249537 0.188216 0.128532 0.126830 0.054560 0.056306 0.033886 
0.004571 0.047928 0.108737 0.178389 0.158894 0.129264 0.173031 0.087904 0.084215 0.027067 
0.002010 0.063853 0.104020 0.219920 0.124695 0.142732 0.190387 0.084389 0.043413 0.024581 
0.008166 0.028816 0.083295 0.295142 0.109316 0.181493 0.153744 0.052002 0.050259 0.037767 
0.002654 0.068295 0.275615 0.178536 0.107994 0.159391 0.061789 0.059207 0.055399 0.031120 
0.009148 0.076067 0.324326 0.189773 0.108526 0.113693 0.035303 0.043571 0.071861 0.027731 
0.007326 0.065615 0.283772 0.217752 0.113562 0.099735 0.060475 0.044021 0.085212 0.022530 
0.004913 0.060216 0.247219 0.281522 0.102533 0.108183 0.088748 0.038634 0.055226 0.012806 
0.000468 0.083961 0.184443 0.324326 0.086023 0.122440 0.091766 0.035502 0.050319 0.020751 
0.000433 0.049670 0.133282 0.298341 0.109614 0.151792 0.056333 0.078548 0.061103 0.060885 
0.008775 0.047139 0.181436 0.314883 0.129227 0.173739 0.044773 0.038697 0.030205 0.031125 
0.003079 0.042111 0.078157 0.193701 0.179328 0.263890 0.111955 0.028608 0.053626 0.045547 
0.004254 0.030762 0.093141 0.175203 0.209856 0.205172 0.109986 0.043686 0.072290 0.055650 
0.004851 0.068305 0.191777 0.244910 0.106652 0.102711 0.082439 0.061824 0.101095 0.035435 
0.014199 0.124313 0.229843 0.244289 0.088889 0.087991 0.039720 0.050637 0.099828 0.020292 
0.004125 0.047071 0.249071 0.319297 0.111834 0.092258 0.054701 0.039371 0.066316 0.015955 
0.021487 0.131299 0.209930 0.204515 0.104583 0.112929 0.073512 0.037638 0.074683 0.029423 
0.001554 0.061772 0.259555 0.256681 0.096318 0.096925 0.094217 0.013144 0.089122 0.030712 
0.017889 0.122273 0.246174 0.241175 0.123836 0.042316 0.075744 0.030873 0.093629 0.006091 
0.002207 0.058313 0.247092 0.288868 0.147259 0.062463 0.096433 0.025912 0.049702 0.021751 
0.004268 0.072495 0.213607 0.250327 0.180378 0.057072 0.100310 0.033150 0.071027 0.017365 
0.004241 0.062529 0.132693 0.209555 0.201999 0.080649 0.125767 0.069532 0.097733 0.015301 
0.018625 0.076439 0.119941 0.179971 0.195163 0.055667 0.171245 0.036594 0.094002 0.052352 
0.001989 0.096470 0.346143 0.177967 0.106042 0.070177 0.083866 0.036697 0.055603 0.025046 
0.009557 0.100510 0.328624 0.161243 0.073448 0.109458 0.063802 0.032939 0.106633 0.013786 
0.005309 0.084454 0.324255 0.126202 0.120679 0.080818 0.072562 0.045536 0.113777 0.026408 
0.015801 0.143129 0.300152 0.162737 0.076840 0.072553 0.059546 0.043502 0.099379 0.026361 
0.004683 0.112570 0.273702 0.105887 0.141072 0.080344 0.143549 0.023853 0.074948 0.039390 
0.001471 0.039311 0.180766 0.242995 0.179779 0.052008 0.139028 0.029860 0.104812 0.029968 
0.021795 0.144832 0.196237 0.189102 0.130012 0.063493 0.086100 0.059812 0.081273 0.027344 
0.016214 0.115342 0.167763 0.224684 0.111102 0.102168 0.100281 0.032910 0.081948 0.047588 
0.009308 0.058150 0.144304 0.285982 0.149763 0.063589 0.120655 0.035010 0.077068 0.056171 
0.014975 0.113070 0.260797 0.227024 0.098776 0.077919 0.059207 0.044711 0.067856 0.035665 
0.002448 0.083575 0.287242 0.252395 0.131320 0.073583 0.039136 0.044920 0.047637 0.037744 
0.007431 0.054017 0.219386 0.263044 0.148457 0.061462 0.086291 0.040492 0.086409 0.033011 
0.002488 0.063668 0.203294 0.208932 0.119567 0.090115 0.125787 0.058042 0.111475 0.016634 
0.007884 0.080583 0.243923 0.218473 0.113268 0.087382 0.083215 0.033399 0.087588 0.044284 
0.005134 0.077144 0.243275 0.181683 0.164217 0.080584 0.052659 0.043021 0.095467 0.056816 
0.003835 0.042198 0.184019 0.267999 0.108451 0.117809 0.097340 0.036145 0.095673 0.046532 
0.020646 0.118139 0.125608 0.272941 0.085905 0.127687 0.075029 0.052072 0.082146 0.039827 
0.013644 0.100736 0.111790 0.319998 0.065920 0.154633 0.113632 0.028393 0.046157 0.045099 
0.017806 0.099160 0.187666 0.236078 0.141514 0.094052 0.054583 0.039138 0.087012 0.042990 
0.014081 0.129268 0.221700 0.124359 0.074174 0.112709 0.058152 0.037648 0.204048 0.023860 
0.000581 0.063177 0.167857 0.151914 0.048571 0.133288 0.065229 0.050525 0.274407 0.044451 
0.021150 0.139332 0.102246 0.153718 0.053672 0.080312 0.122840 0.033159 0.236555 0.057016 
0.014547 0.112151 0.116229 0.251256 0.079965 0.069088 0.187554 0.029145 0.093879 0.046185 
0.002071 0.091589 0.263372 0.092745 0.180015 0.075719 0.108974 0.065461 0.093553 0.026500 
0.013106 0.224109 0.176027 0.133733 0.105707 0.086537 0.069164 0.063554 0.091804 0.036259 
0.001682 0.245912 0.181627 0.110418 0.153072 0.039176 0.071277 0.054166 0.091022 0.051649 
0.005676 0.217112 0.138333 0.106003 0.124344 0.051012 0.085891 0.062759 0.188975 0.019894 
0.005341 0.230147 0.090112 0.159683 0.143808 0.046283 0.107618 0.047443 0.145305 0.024261 
0.009971 0.275717 0.090100 0.198627 0.125607 0.063368 0.090714 0.025667 0.100064 0.020165 
0.003641 0.228539 0.110266 0.194454 0.120594 0.103211 0.085854 0.042557 0.091640 0.019244 
0.003289 0.201346 0.120464 0.198685 0.134582 0.072278 0.077338 0.041011 0.131947 0.019059 
0.014043 0.229917 0.130701 0.157941 0.106037 0.073112 0.070630 0.056325 0.099958 0.061337 
0.001701 0.083985 0.209996 0.187056 0.132405 0.100866 0.067623 0.046055 0.084309 0.086004 
0.018507 0.204747 0.139396 0.104237 0.078219 0.092150 0.158469 0.108912 0.067177 0.028186 
0.005108 0.188237 0.117051 0.090993 0.048192 0.080763 0.191467 0.115673 0.127964 0.034552 
0.001593 0.194444 0.074288 0.129414 0.063507 0.050517 0.212291 0.083042 0.139640 0.051265 
0.003092 0.267399 0.136406 0.105673 0.091945 0.033166 0.178811 0.063302 0.080678 0.039527 
0.010247 0.256488 0.137621 0.179596 0.105826 0.050057 0.104132 0.046095 0.096617 0.013322 
0.008956 0.230487 0.110416 0.152936 0.144462 0.049305 0.127062 0.060360 0.088668 0.027348 
0.004286 0.158377 0.115425 0.143507 0.158191 0.074264 0.093977 0.052711 0.141625 0.057635 
0.005658 0.132202 0.108763 0.183242 0.198296 0.079991 0.060858 0.052214 0.150392 0.028386 
0.001406 0.086032 0.113606 0.189574 0.193503 0.099914 0.063368 0.073316 0.141093 0.038188 
0.006835 0.099800 0.141180 0.210820 0.145621 0.092283 0.116195 0.091242 0.053077 0.042946 
0.002763 0.151013 0.087029 0.249819 0.114033 0.060265 0.132539 0.092833 0.068866 0.040841 
0.004166 0.177156 0.056409 0.356986 0.085031 0.043456 0.051677 0.086087 0.100199 0.038833 
0.008279 0.170070 0.118844 0.324695 0.122364 0.048714 0.067212 0.040563 0.079828 0.019432 
0.001101 0.082500 0.218699 0.297029 0.124434 0.059602 0.037133 0.076580 0.057355 0.045568 
0.001455 0.115619 0.184865 0.098947 0.143724 0.049496 0.066714 0.138225 0.146356 0.054600 
0.009181 0.221784 0.153415 0.106953 0.123355 0.029249 0.076828 0.093289 0.126971 0.058974 
0.008669 0.231870 0.189958 0.160746 0.115702 0.059524 0.081117 0.043442 0.068474 0.040498 
0.002903 0.170060 0.129395 0.203848 0.162433 0.081062 0.095567 0.047693 0.081131 0.025907 
0.002844 0.186095 0.074707 0.251878 0.163372 0.084426 0.074359 0.048329 0.073539 0.040451 
0.012753 0.199548 0.118409 0.219158 0.127051 0.051008 0.068895 0.062374 0.107229 0.033575 
0.008181 0.085441 0.091729 0.279552 0.164426 0.047120 0.082334 0.076218 0.117790 0.047210 
0.002035 0.051832 0.076082 0.288311 0.195527 0.041205 0.100791 0.063792 0.135307 0.045118 
0.002412 0.076990 0.081501 0.227850 0.201935 0.067673 0.102726 0.051129 0.152657 0.035126 
0.000303 0.095703 0.228655 0.138231 0.183451 0.080514 0.104851 0.055647 0.071421 0.041223 
0.009865 0.243210 0.179318 0.075795 0.090564 0.053662 0.052377 0.124492 0.112571 0.058146 
0.001017 0.260505 0.142342 0.144447 0.073112 0.041443 0.065153 0.102802 0.118534 0.050645 
0.003243 0.164107 0.171555 0.203016 0.123502 0.058921 0.073256 0.051696 0.102804 0.047900 
0.007100 0.102837 0.142505 0.231665 0.139537 0.055358 0.097651 0.058461 0.106266 0.058620 
0.001795 0.059792 0.126688 0.315413 0.133761 0.048021 0.122611 0.047429 0.086029 0.058462 
0.003968 0.051224 0.137330 0.343320 0.163119 0.030663 0.121571 0.026312 0.070644 0.051848 
0.004895 0.054497 0.132712 0.341060 0.134441 0.044222 0.158119 0.034220 0.075395 0.020439 
0.012688 0.079502 0.114005 0.272236 0.151393 0.082641 0.088908 0.035913 0.080907 0.081807 
0.001529 0.028562 0.161400 0.327752 0.123050 0.050074 0.115239 0.089849 0.063730 0.038815 
0.005955 0.038098 0.294948 0.267287 0.047443 0.016831 0.142184 0.064437 0.088705 0.034114 
0.015772 0.081671 0.344896 0.264789 0.041480 0.041212 0.105571 0.069049 0.020308 0.015253 
0.016771 0.086064 0.392273 0.227062 0.054254 0.025238 0.085262 0.072230 0.018781 0.022065 
0.002921 0.048811 0.385112 0.219806 0.079877 0.035227 0.099035 0.057326 0.042703 0.029182 
0.013341 0.057161 0.255238 0.186540 0.087731 0.040288 0.196893 0.067650 0.061035 0.034124 
0.011571 0.078989 0.281919 0.169346 0.061424 0.046818 0.245433 0.046005 0.030191 0.028304 
0.008515 0.047767 0.325248 0.124571 0.122409 0.033696 0.244954 0.046739 0.025742 0.020360 
0.006472 0.091527 0.284695 0.153363 0.082397 0.048057 0.187346 0.049834 0.046303 0.050005 
0.002891 0.044179 0.096313 0.258110 0.183330 0.060838 0.168452 0.056470 0.061077 0.068341 
0.003741 0.043022 0.284644 0.122400 0.133546 0.019153 0.172765 0.135775 0.055717 0.029238 
0.000913 0.037700 0.313389 0.166427 0.058058 0.020303 0.148244 0.182111 0.047658 0.025194 
0.013062 0.074732 0.313410 0.227183 0.048974 0.032452 0.114499 0.103282 0.053312 0.019097 
0.022947 0.116347 0.301803 0.299019 0.075543 0.033330 0.060940 0.059973 0.014141 0.015958 
0.005609 0.032908 0.280616 0.367598 0.055738 0.025338 0.119117 0.060102 0.015691 0.037283 
0.007570 0.053222 0.181785 0.367867 0.058583 0.032484 0.173806 0.059459 0.022779 0.042445 
0.002736 0.021634 0.169711 0.372135 0.073794 0.045763 0.194664 0.081816 0.027554 0.010191 
0.001363 0.031479 0.194407 0.358909 0.115015 0.042582 0.147871 0.073148 0.025836 0.009391 
0.004344 0.037359 0.213642 0.293605 0.090420 0.050490 0.088175 0.112838 0.097032 0.012095 
0.010847 0.063913 0.168150 0.235850 0.105857 0.036061 0.137725 0.093492 0.085670 0.062435 
0.013269 0.067898 0.295167 0.139953 0.073985 0.048678 0.168956 0.113510 0.037981 0.040603 
0.002457 0.039150 0.299329 0.187723 0.065656 0.052716 0.210886 0.122560 0.008949 0.010574 
0.002865 0.026714 0.209899 0.229559 0.147698 0.026899 0.171705 0.107024 0.043629 0.034007 
0.001060 0.015745 0.178321 0.330571 0.135088 0.060344 0.108113 0.067120 0.040846 0.062794 
0.001144 0.025818 0.122330 0.272379 0.186788 0.033325 0.124819 0.100458 0.078253 0.054685 
0.006011 0.022504 0.098322 0.230866 0.111853 0.086343 0.253505 0.110533 0.049321 0.030742 
0.007282 0.031273 0.101913 0.159813 0.103690 0.077021 0.308329 0.125974 0.055291 0.029412 
0.001926 0.018188 0.099836 0.105756 0.080818 0.086468 0.330285 0.131462 0.096605 0.048656 
0.005850 0.032858 0.120067 0.183640 0.149326 0.064310 0.242380 0.097052 0.047234 0.057283 
0.006224 0.046862 0.194036 0.180545 0.159918 0.037517 0.199804 0.122153 0.027217 0.025723 
0.000574 0.029369 0.188653 0.196507 0.094339 0.051646 0.238342 0.160174 0.025655 0.014740 
0.007315 0.045023 0.211746 0.165999 0.082517 0.033906 0.237446 0.128628 0.046564 0.040854 
0.002200 0.018536 0.321285 0.171083 0.084626 0.075534 0.186826 0.085051 0.040795 0.014065 
0.003623 0.045645 0.193188 0.203999 0.194414 0.131331 0.077473 0.067177 0.059830 0.023319 
0.001737 0.040026 0.077459 0.236911 0.145844 0.124940 0.094954 0.065241 0.153146 0.059743 
0.002599 0.043146 0.139977 0.205794 0.124125 0.065789 0.128191 0.068403 0.179743 0.042233 
0.003750 0.059364 0.136455 0.341606 0.130610 0.061759 0.112320 0.053031 0.056054 0.045051 
0.004234 0.066575 0.163438 0.230878 0.191534 0.072795 0.113559 0.044568 0.066639 0.045780 
0.008808 0.065078 0.166300 0.234577 0.145491 0.027378 0.188335 0.052200 0.030855 0.080979 
0.005568 0.065662 0.135130 0.153849 0.137994 0.044295 0.253600 0.091703 0.049825 0.062374 
0.004821 0.077949 0.103993 0.187644 0.069263 0.114339 0.219480 0.105234 0.061086 0.056192 
0.000755 0.070990 0.110102 0.187501 0.138863 0.112550 0.145997 0.101970 0.043423 0.087850 
0.000372 0.040360 0.192550 0.269356 0.110682 0.113959 0.114214 0.052326 0.045687 0.060493 
0.000425 0.057733 0.267505 0.200857 0.103887 0.119196 0.080032 0.062348 0.064827 0.043191 
0.006606 0.070263 0.282519 0.180715 0.106996 0.132634 0.097174 0.038410 0.057495 0.027189 
0.009624 0.089494 0.215032 0.227710 0.104654 0.093794 0.141537 0.024753 0.049706 0.043697 
0.001214 0.072910 0.271490 0.206527 0.093050 0.064290 0.130522 0.034996 0.068619 0.056383 
0.001922 0.066932 0.136509 0.229359 0.137637 0.106751 0.096497 0.048788 0.073991 0.101613 
0.002064 0.030365 0.095467 0.321909 0.044310 0.264396 0.073155 0.065446 0.061628 0.041261 
0.005434 0.027167 0.082447 0.287528 0.102866 0.192598 0.156627 0.059779 0.035455 0.050099 
0.001313 0.014957 0.069245 0.367532 0.077181 0.141452 0.146173 0.073119 0.051718 0.057311 
0.008048 0.041547 0.054643 0.263243 0.116852 0.091942 0.195796 0.101490 0.069993 0.056446 
0.006292 0.063503 0.186720 0.211541 0.113170 0.145430 0.082561 0.077936 0.092305 0.020542 
0.004812 0.049489 0.167090 0.146141 0.075981 0.160526 0.189222 0.059692 0.133661 0.013386 
0.003877 0.039698 0.076828 0.182448 0.105484 0.136675 0.257167 0.064121 0.106750 0.026951 
0.003937 0.054076 0.109470 0.222190 0.048595 0.145740 0.285244 0.065788 0.042194 0.022767 
0.006900 0.043011 0.162486 0.221502 0.107667 0.157407 0.115116 0.047112 0.111191 0.027608 
0.001259 0.055373 0.232143 0.190226 0.148229 0.111523 0.077454 0.044393 0.108156 0.031245 
0.009981 0.059381 0.262455 0.244097 0.124208 0.060722 0.112672 0.032172 0.066658 0.027655 
0.011434 0.066801 0.216948 0.291620 0.072207 0.078468 0.157871 0.023853 0.038576 0.042221 
0.009018 0.064624 0.222039 0.241064 0.087437 0.122560 0.135582 0.044458 0.051081 0.022138 
0.009022 0.078949 0.128385 0.258590 0.125508 0.161051 0.141108 0.039232 0.047136 0.011019 
0.001712 0.040808 0.109031 0.300793 0.130648 0.188127 0.110603 0.043128 0.052681 0.022470 
0.011104 0.052578 0.097100 0.236913 0.079818 0.206743 0.171543 0.062110 0.050613 0.031478 
0.010427 0.071948 0.081681 0.241161 0.098694 0.232321 0.150276 0.054901 0.037168 0.021424 
0.004177 0.024015 0.051106 0.182928 0.119162 0.329710 0.163669 0.043545 0.064305 0.017384 
0.012113 0.092967 0.257197 0.211058 0.090854 0.130687 0.051096 0.040853 0.089971 0.023203 
0.010113 0.095263 0.331359 0.195091 0.056565 0.053416 0.016652 0.052137 0.132707 0.056698 
0.005802 0.073763 0.299737 0.293446 0.022481 0.100505 0.060785 0.022616 0.072321 0.048543 
0.000499 0.051064 0.233945 0.293274 0.126995 0.101781 0.067611 0.041752 0.058596 0.024484 
0.002123 0.050574 0.168105 0.367150 0.074289 0.150335 0.055566 0.037606 0.054991 0.039261 
0.008311 0.045115 0.139439 0.315728 0.108473 0.207212 0.049413 0.041504 0.039024 0.045782 
0.006210 0.025494 0.140140 0.287351 0.111692 0.247088 0.079636 0.039731 0.037788 0.024871 
0.002631 0.027817 0.098191 0.244450 0.164023 0.286130 0.082560 0.025111 0.029684 0.039404 
0.000159 0.013428 0.054157 0.245346 0.115621 0.269694 0.108733 0.047262 0.113299 0.032301 
0.014734 0.107165 0.251449 0.136251 0.114057 0.133928 0.119581 0.025227 0.080540 0.017069 
0.000288 0.066489 0.280382 0.254795 0.127531 0.080451 0.065409 0.056209 0.043612 0.024834 
0.013862 0.091308 0.178222 0.256744 0.167906 0.056930 0.038301 0.028931 0.143853 0.023942 
0.001374 0.050177 0.228130 0.250541 0.155785 0.047621 0.047011 0.040162 0.166479 0.012720 
0.013658 0.100681 0.213955 0.216578 0.195406 0.078942 0.067849 0.033813 0.050270 0.028848 
0.006139 0.084861 0.240328 0.210189 0.157055 0.069476 0.071615 0.057064 0.046906 0.056367 
0.008215 0.084785 0.246373 0.222160 0.131503 0.055694 0.112417 0.028967 0.058425 0.051461 
0.006553 0.077573 0.176253 0.307534 0.117460 0.071026 0.098797 0.038738 0.070407 0.035658 
0.007814 0.047047 0.149308 0.325585 0.160853 0.068452 0.134166 0.042388 0.051041 0.013346 
0.021485 0.127802 0.186765 0.225153 0.152816 0.058977 0.064664 0.050869 0.088071 0.023398 
0.018396 0.156781 0.289593 0.147442 0.110579 0.080027 0.054544 0.044312 0.081388 0.016937 
0.007456 0.104342 0.340854 0.140057 0.074355 0.107921 0.051770 0.032525 0.121784 0.018935 
0.013699 0.123272 0.410571 0.130376 0.062406 0.050130 0.055514 0.021292 0.111095 0.021645 
0.001249 0.103369 0.332125 0.156963 0.093136 0.063493 0.074771 0.047713 0.098557 0.028625 
0.019326 0.163662 0.336673 0.142275 0.119458 0.051724 0.091072 0.014233 0.050871 0.010706 
0.001044 0.073914 0.226526 0.190019 0.150854 0.098465 0.093156 0.036569 0.106922 0.022532 
0.009785 0.102393 0.169437 0.238882 0.171731 0.072525 0.101107 0.036654 0.074950 0.022536 
0.004906 0.106810 0.222081 0.219706 0.129754 0.094634 0.085267 0.052544 0.067777 0.016521 
0.008267 0.070097 0.136384 0.252595 0.103338 0.124860 0.117114 0.062560 0.101074 0.023710 
0.008469 0.101267 0.189079 0.251390 0.128720 0.083561 0.063397 0.030194 0.106129 0.037795 
0.012243 0.086388 0.134894 0.229952 0.122283 0.059868 0.056312 0.071038 0.194758 0.032263 
0.006050 0.055328 0.240018 0.237804 0.129870 0.065030 0.062753 0.055191 0.119254 0.028701 
0.008048 0.077997 0.232653 0.287804 0.085223 0.086910 0.076337 0.033002 0.079060 0.032966 
0.006219 0.077070 0.225795 0.283797 0.117699 0.089009 0.053991 0.024163 0.066361 0.055895 
0.007566 0.087202 0.189206 0.275617 0.146816 0.075712 0.067070 0.023296 0.076330 0.051185 
0.006200 0.061572 0.119121 0.314442 0.173227 0.105144 0.076118 0.044792 0.074263 0.025121 
0.004813 0.051569 0.109432 0.372967 0.099261 0.130117 0.078982 0.043573 0.087202 0.022084 
0.003728 0.035654 0.142040 0.385837 0.107192 0.100234 0.088684 0.034890 0.077021 0.024720 
0.005075 0.096329 0.293176 0.232759 0.066937 0.094085 0.061481 0.040518 0.082336 0.027303 
0.013013 0.133017 0.287973 0.225326 0.043162 0.076738 0.061350 0.046442 0.090943 0.022036 
0.024185 0.155448 0.183003 0.217145 0.046179 0.082194 0.083709 0.053263 0.130807 0.024067 
0.022089 0.157439 0.149027 0.280097 0.105312 0.094414 0.069765 0.025646 0.076365 0.019846 
0.007755 0.069353 0.097920 0.361284 0.142927 0.087439 0.067583 0.040821 0.096699 0.028220 
0.011993 0.123730 0.173606 0.196293 0.101024 0.050267 0.070673 0.093384 0.117216 0.061815 
0.004769 0.182096 0.126098 0.152655 0.127144 0.050720 0.093996 0.121628 0.087865 0.053027 
0.006154 0.233179 0.139827 0.134245 0.100519 0.066660 0.162441 0.046280 0.080079 0.030616 
0.000430 0.246119 0.146182 0.113860 0.110723 0.065738 0.151952 0.053617 0.097751 0.013626 
0.005681 0.245735 0.093973 0.166037 0.114036 0.082826 0.093998 0.047591 0.112851 0.037271 
0.007568 0.250064 0.080185 0.187746 0.122948 0.079499 0.111683 0.038071 0.075182 0.047056 
0.002411 0.240049 0.048723 0.185238 0.152468 0.082785 0.116805 0.047227 0.086173 0.038122 
0.002309 0.136620 0.108115 0.215305 0.116827 0.099920 0.078654 0.053041 0.133946 0.055262 
0.010574 0.110382 0.136820 0.283104 0.086678 0.101827 0.062932 0.049629 0.104522 0.053531 
0.003632 0.055981 0.222816 0.153960 0.126158 0.106444 0.109874 0.077949 0.101641 0.041546 
0.010966 0.192542 0.135415 0.081832 0.100873 0.075009 0.178479 0.128716 0.072744 0.023424 
0.003700 0.194978 0.101965 0.074427 0.071552 0.067676 0.206856 0.103686 0.148077 0.027083 
0.000539 0.187422 0.076661 0.118338 0.088369 0.072909 0.203538 0.076899 0.124142 0.051183 
0.004584 0.281734 0.130423 0.105594 0.123872 0.058844 0.119174 0.054644 0.081125 0.040006 
0.006524 0.242598 0.111518 0.184732 0.114585 0.073290 0.111613 0.055407 0.073663 0.026071 
0.005824 0.205058 0.098948 0.120204 0.143436 0.082768 0.127157 0.066496 0.090662 0.059446 
0.009381 0.166673 0.100525 0.172144 0.146707 0.057269 0.085664 0.058842 0.132370 0.070425 
0.003841 0.116868 0.111916 0.165116 0.192116 0.085946 0.072933 0.051253 0.142580 0.057433 
0.013682 0.087708 0.192137 0.173578 0.100266 0.032373 0.100594 0.143392 0.089929 0.066341 
0.005179 0.069624 0.126731 0.205349 0.086312 0.076196 0.104897 0.118713 0.127240 0.079760 
0.008354 0.132231 0.102489 0.180070 0.121594 0.033962 0.086603 0.137596 0.110355 0.086747 
0.002258 0.096966 0.031336 0.247658 0.061615 0.053305 0.090773 0.173861 0.121141 0.121087 
0.006399 0.103451 0.081376 0.301355 0.073671 0.148561 0.056956 0.141328 0.066146 0.020758 
0.009193 0.079581 0.147734 0.304563 0.146123 0.094183 0.030164 0.077143 0.078053 0.033263 
0.009013 0.152045 0.125020 0.185053 0.120123 0.037842 0.047657 0.130234 0.158262 0.034751 
0.006001 0.189391 0.152650 0.242987 0.098676 0.028042 0.059658 0.076310 0.111291 0.034995 
0.012313 0.178648 0.125375 0.258639 0.119164 0.057788 0.100448 0.046689 0.063535 0.037401 
0.007260 0.127083 0.092359 0.329769 0.116186 0.088535 0.081427 0.051811 0.076178 0.029392 
0.007909 0.180558 0.145983 0.269326 0.144887 0.054012 0.057810 0.038986 0.062001 0.038530 
0.006967 0.162310 0.118399 0.200322 0.136048 0.081875 0.091897 0.072278 0.055808 0.074097 
0.003119 0.068617 0.098333 0.208389 0.171380 0.078824 0.087040 0.109198 0.090007 0.085095 
0.007121 0.070552 0.095437 0.220064 0.144585 0.097946 0.107179 0.067077 0.123243 0.066796 
0.002002 0.053291 0.150150 0.255896 0.131826 0.109783 0.071900 0.050885 0.112686 0.061581 
0.002092 0.129456 0.234155 0.112624 0.160232 0.083830 0.092591 0.083647 0.069022 0.032350 
0.005338 0.192697 0.109429 0.310307 0.064137 0.043258 0.074469 0.080703 0.082796 0.036865 
0.001034 0.151645 0.098122 0.408278 0.043907 0.034639 0.098868 0.066106 0.070465 0.026936 
0.000056 0.087014 0.118832 0.404279 0.098632 0.067002 0.102177 0.029032 0.054682 0.038295 
0.005902 0.052840 0.081556 0.478265 0.096543 0.047923 0.099482 0.037318 0.061895 0.038276 
0.000524 0.044438 0.081878 0.522362 0.097555 0.014584 0.131698 0.026256 0.041989 0.038715 
0.004975 0.040353 0.070629 0.604741 0.087495 0.042526 0.067616 0.013469 0.043681 0.024515 
0.000563 0.040280 0.087129 0.466283 0.120808 0.042316 0.121905 0.017384 0.062540 0.040792 
0.017255 0.073491 0.112018 0.332349 0.139617 0.070316 0.109336 0.034998 0.047982 0.062639 
0.018061 0.159959 0.318979 0.245418 0.052985 0.038084 0.069997 0.048685 0.023959 0.023871 
0.038901 0.280015 0.228866 0.224179 0.028882 0.015472 0.117607 0.035325 0.021543 0.009210 
0.026245 0.253981 0.201501 0.259171 0.036364 0.027513 0.130361 0.021543 0.028786 0.014535 
0.020613 0.215745 0.191242 0.303123 0.050783 0.019626 0.132574 0.023238 0.029800 0.013256 
0.018020 0.153812 0.225172 0.344922 0.031975 0.023453 0.134223 0.028736 0.020507 0.019179 
0.007387 0.133374 0.239279 0.346404 0.028651 0.027493 0.160676 0.024778 0.018098 0.013859 
0.020309 0.116582 0.139452 0.455947 0.031625 0.028649 0.157400 0.018781 0.016104 0.015151 
0.006405 0.081961 0.083065 0.536498 0.059343 0.049980 0.149351 0.011053 0.014475 0.007870 
0.000330 0.069380 0.139122 0.451325 0.034474 0.048820 0.188591 0.027790 0.019885 0.020283 
0.007221 0.087211 0.328185 0.292743 0.055321 0.035318 0.088055 0.041556 0.041901 0.022489 
0.029582 0.261255 0.163463 0.233737 0.061394 0.043582 0.102808 0.041265 0.043649 0.019266 
0.034585 0.253643 0.130293 0.270175 0.042093 0.056843 0.126773 0.035582 0.023630 0.026384 
0.005612 0.188498 0.158144 0.353758 0.047500 0.041373 0.136307 0.029224 0.018010 0.021575 
0.024777 0.194212 0.105901 0.363252 0.056578 0.050314 0.129474 0.040132 0.022862 0.012500 
0.013517 0.137431 0.137514 0.376986 0.064357 0.044251 0.152751 0.028197 0.029474 0.015521 
0.017630 0.120380 0.132480 0.429006 0.066167 0.049932 0.131998 0.011421 0.028408 0.012578 
0.010333 0.092448 0.119426 0.376084 0.103463 0.072187 0.162019 0.021580 0.031866 0.010595 
0.010293 0.110523 0.088035 0.439385 0.068547 0.044047 0.164444 0.025398 0.038660 0.010668 
0.011495 0.063310 0.308797 0.273446 0.060298 0.073028 0.089070 0.046175 0.053595 0.020787 
0.019247 0.261397 0.203519 0.216996 0.073036 0.023596 0.102918 0.071442 0.017430 0.010419 
0.030306 0.287538 0.076660 0.304104 0.043509 0.043612 0.115544 0.049555 0.023566 0.025606 
0.024995 0.230420 0.070368 0.392868 0.073189 0.030626 0.084722 0.042758 0.030774 0.019281 
0.002567 0.214863 0.089336 0.374312 0.043932 0.044418 0.123189 0.037601 0.035906 0.033876 
0.018671 0.188819 0.077499 0.389368 0.068323 0.015235 0.139642 0.035120 0.040201 0.027122 
0.009930 0.095549 0.096788 0.411443 0.091157 0.041525 0.170673 0.027330 0.029361 0.026245 
0.008181 0.098432 0.160171 0.362288 0.057696 0.043012 0.182928 0.028397 0.028100 0.030795 
0.009519 0.080822 0.160170 0.474924 0.042986 0.026423 0.152389 0.016547 0.025642 0.010577 
0.001967 0.065464 0.044802 0.472990 0.118762 0.071722 0.109160 0.030544 0.047575 0.037016 
0.012655 0.138438 0.317669 0.219603 0.074578 0.031683 0.125895 0.032134 0.033383 0.013960 
0.036716 0.311091 0.112535 0.256461 0.047447 0.028402 0.154365 0.023753 0.012980 0.016250 
0.013636 0.218806 0.127347 0.334208 0.087155 0.022563 0.141449 0.021152 0.026239 0.007446 
0.011893 0.158259 0.145860 0.369674 0.073661 0.101439 0.059453 0.037195 0.037634 0.004932 
0.012361 0.113243 0.203003 0.320707 0.084512 0.124972 0.032265 0.080041 0.010900 0.017996 
0.000412 0.086452 0.228321 0.269671 0.057547 0.144318 0.056355 0.074942 0.045095 0.036887 
0.008205 0.087635 0.141328 0.191465 0.081416 0.249420 0.095556 0.062354 0.055617 0.027001 
0.004035 0.081310 0.106480 0.177127 0.116721 0.319426 0.069985 0.072733 0.032284 0.019900 
0.010792 0.084845 0.152921 0.188253 0.080435 0.269721 0.089542 0.085301 0.018379 0.019811 
0.022175 0.117901 0.285610 0.144672 0.049077 0.213820 0.066976 0.048792 0.030351 0.020626 
0.006956 0.254896 0.116471 0.147774 0.079244 0.243579 0.068333 0.051615 0.018153 0.012981 
0.011495 0.236936 0.094713 0.157496 0.085294 0.256594 0.067105 0.071957 0.010619 0.007792 
0.023191 0.178730 0.065012 0.178439 0.068514 0.299308 0.080097 0.078163 0.014073 0.014474 
0.017785 0.147915 0.055657 0.173689 0.068989 0.314156 0.085339 0.070526 0.041068 0.024877 
0.003845 0.129042 0.191361 0.133657 0.080810 0.239715 0.082741 0.077994 0.047790 0.013043 
0.008217 0.084199 0.173086 0.133522 0.107793 0.261513 0.098129 0.087721 0.039577 0.006242 
0.003730 0.070480 0.111174 0.227346 0.087538 0.289962 0.092524 0.087854 0.024145 0.005248 
0.016914 0.115679 0.145675 0.241650 0.023424 0.224890 0.080235 0.110267 0.026359 0.014907 
0.017847 0.091284 0.215920 0.215689 0.078884 0.207529 0.058476 0.065105 0.030713 0.018551 
0.012940 0.237671 0.270988 0.185855 0.040162 0.144814 0.017447 0.045990 0.026525 0.017608 
0.003853 0.244346 0.162613 0.231388 0.030290 0.174771 0.026687 0.074509 0.031032 0.020511 
0.038081 0.258308 0.138410 0.228383 0.049356 0.148041 0.036702 0.059804 0.023574 0.019342 
0.022779 0.243334 0.068297 0.306459 0.054957 0.136348 0.060289 0.062589 0.024227 0.020719 
0.015811 0.186622 0.234561 0.228945 0.075693 0.101163 0.049820 0.044993 0.049733 0.012660 
0.012685 0.110180 0.255617 0.243879 0.094453 0.066185 0.056236 0.062204 0.074565 0.023995 
0.001546 0.152819 0.289760 0.167195 0.060256 0.091588 0.081273 0.048181 0.067969 0.039411 
0.002235 0.147848 0.253683 0.243739 0.092535 0.063310 0.092532 0.032359 0.038734 0.033025 
0.007364 0.129998 0.291897 0.283424 0.061150 0.050304 0.100162 0.027410 0.028343 0.019947 
0.015396 0.159088 0.385306 0.171966 0.060510 0.062072 0.033888 0.031228 0.061435 0.019113 
0.034867 0.348951 0.190743 0.124453 0.068526 0.067445 0.059519 0.027388 0.051945 0.026163 
0.042164 0.378337 0.161757 0.176909 0.041783 0.029812 0.077921 0.020090 0.051760 0.019466 
0.013061 0.345801 0.283368 0.141970 0.023564 0.040824 0.075865 0.038961 0.023506 0.013079 
0.043741 0.317614 0.202002 0.207519 0.044735 0.027901 0.077247 0.041371 0.022877 0.014992 
0.035555 0.346245 0.217453 0.217163 0.050304 0.036247 0.046992 0.021624 0.020855 0.007562 
0.005580 0.180080 0.195252 0.396229 0.070674 0.084365 0.025585 0.020899 0.011644 0.009691 
0.006720 0.115758 0.179629 0.510863 0.040185 0.091512 0.015533 0.018965 0.007632 0.013202 
0.013324 0.103807 0.138704 0.580823 0.031663 0.059550 0.027317 0.024135 0.010551 0.010128 
0.010181 0.069486 0.405672 0.263896 0.090721 0.040876 0.028710 0.035593 0.031543 0.023323 
0.009079 0.237750 0.143421 0.330208 0.106385 0.059304 0.025168 0.032365 0.044883 0.011437 
0.030586 0.266285 0.219643 0.297808 0.071400 0.024409 0.039694 0.011237 0.022014 0.016924 
0.016847 0.294494 0.217027 0.227566 0.041143 0.041279 0.074359 0.028827 0.034640 0.023818 
0.021611 0.218160 0.292647 0.241609 0.089016 0.030060 0.064462 0.014143 0.018831 0.009460 
0.006907 0.149846 0.301238 0.284153 0.115928 0.047180 0.053345 0.018728 0.012419 0.010255 
0.011721 0.134624 0.231663 0.211572 0.135032 0.182632 0.040918 0.023634 0.014463 0.013740 
0.015240 0.131831 0.256123 0.354101 0.102316 0.062753 0.025903 0.027453 0.015014 0.009267 
0.013964 0.119377 0.233057 0.389186 0.133110 0.029265 0.023205 0.017953 0.016599 0.024284 
0.005367 0.043493 0.287722 0.337179 0.109945 0.065870 0.038448 0.023198 0.049132 0.039644 
0.002986 0.138699 0.380103 0.168649 0.083062 0.104382 0.046861 0.027621 0.030495 0.017142 
0.023013 0.194520 0.185637 0.095871 0.058595 0.062972 0.221368 0.052975 0.081726 0.023323 
0.018614 0.168967 0.126861 0.163680 0.036479 0.074252 0.053766 0.224154 0.042907 0.090320 
0.009902 0.144037 0.143865 0.183433 0.058844 0.062801 0.047257 0.218125 0.050714 0.081021 
0.010281 0.123993 0.207210 0.122072 0.083376 0.088282 0.036618 0.199746 0.049842 0.078580 
0.014564 0.143997 0.129768 0.222750 0.047939 0.104188 0.056741 0.206439 0.022830 0.050783 
0.014350 0.097782 0.113516 0.200020 0.068668 0.169734 0.068826 0.217320 0.025553 0.024230 
0.002197 0.097400 0.148379 0.277967 0.021855 0.202526 0.065511 0.114504 0.025190 0.044471 
0.012903 0.099277 0.226344 0.317656 0.044797 0.039590 0.057626 0.113381 0.055145 0.033281 
0.000806 0.040210 0.392395 0.235589 0.100742 0.057850 0.046480 0.060693 0.041799 0.023436 
0.002760 0.275782 0.195252 0.174854 0.047356 0.147449 0.057227 0.043347 0.021813 0.034160 
0.031107 0.223895 0.143805 0.188020 0.031515 0.232918 0.057297 0.052145 0.019258 0.020040 
0.020983 0.227658 0.136376 0.179408 0.046605 0.236076 0.031730 0.057767 0.046693 0.016703 
0.031056 0.202159 0.126419 0.170088 0.056987 0.268593 0.050287 0.041853 0.039062 0.013495 
0.019358 0.153483 0.146666 0.246079 0.119515 0.166966 0.043116 0.056258 0.026747 0.021812 
0.017046 0.168843 0.138625 0.202588 0.169107 0.054349 0.058666 0.135362 0.046971 0.008443 
0.019468 0.126276 0.150657 0.170823 0.158661 0.124938 0.026209 0.161384 0.036244 0.025340 
0.000359 0.089560 0.161917 0.190407 0.220479 0.122253 0.071016 0.072985 0.051942 0.019082 
0.016968 0.086474 0.213559 0.303397 0.111963 0.088450 0.044116 0.051878 0.057544 0.025651 
0.005005 0.218727 0.236950 0.281121 0.059351 0.072302 0.057228 0.015062 0.037083 0.017171 
0.029912 0.209914 0.145632 0.187840 0.086052 0.066954 0.169641 0.042181 0.051411 0.010462 
0.012714 0.250307 0.171930 0.128340 0.047507 0.066516 0.222306 0.025895 0.064244 0.010242 
0.015809 0.165571 0.301470 0.226868 0.040037 0.126296 0.053120 0.017739 0.043636 0.009454 
0.012368 0.198555 0.179482 0.303715 0.023361 0.180795 0.030171 0.020904 0.032054 0.018595 
0.010924 0.146646 0.177959 0.231397 0.179611 0.106224 0.070129 0.030644 0.021554 0.024913 
0.014627 0.138214 0.317705 0.119459 0.246418 0.021078 0.081657 0.028710 0.015883 0.016249 
0.005075 0.109952 0.336667 0.318280 0.091800 0.025758 0.038264 0.034441 0.030868 0.008896 
0.014013 0.083454 0.378609 0.218695 0.102600 0.041555 0.041408 0.045227 0.049303 0.025135 
0.007568 0.195200 0.349153 0.229309 0.054177 0.041795 0.039361 0.024762 0.047764 0.010910 
0.028813 0.197886 0.265787 0.183436 0.117272 0.099201 0.027683 0.020942 0.044337 0.014642 
0.001462 0.215350 0.225983 0.200166 0.067102 0.094816 0.068152 0.027514 0.040828 0.058628 
0.028868 0.189544 0.217712 0.253496 0.049742 0.043918 0.064689 0.035717 0.096522 0.019791 
0.021418 0.162356 0.260756 0.256330 0.070446 0.039111 0.084493 0.033010 0.038654 0.033426 
0.004779 0.167392 0.297484 0.169258 0.123295 0.057308 0.062342 0.047470 0.050361 0.020310 
0.011307 0.143201 0.207266 0.153737 0.211619 0.027493 0.052432 0.044085 0.076148 0.072711 
0.000596 0.163588 0.081700 0.145798 0.321508 0.056332 0.099936 0.040129 0.050967 0.039445 
0.003801 0.170907 0.108919 0.207596 0.267882 0.059190 0.087714 0.019166 0.036244 0.038582 
0.011631 0.092943 0.366330 0.129244 0.191707 0.045171 0.070564 0.036988 0.026754 0.028669 
0.032372 0.302087 0.134108 0.087040 0.177935 0.051372 0.137956 0.033604 0.018094 0.025432 
0.038328 0.345482 0.167666 0.060689 0.152161 0.129399 0.041420 0.022415 0.024392 0.018048 
0.026563 0.349144 0.187042 0.098697 0.117098 0.055773 0.067499 0.039240 0.038904 0.020039 
0.021896 0.313166 0.219931 0.149158 0.069651 0.035498 0.048843 0.057415 0.059057 0.025383 
0.010204 0.176001 0.112705 0.084747 0.187256 0.064538 0.202288 0.079955 0.069250 0.013056 
0.002617 0.175478 0.126537 0.063122 0.092487 0.078568 0.112483 0.241404 0.058895 0.048408 
0.015246 0.221764 0.105268 0.114605 0.073282 0.150780 0.036927 0.120812 0.145730 0.015587 
0.001230 0.242539 0.110702 0.107003 0.064438 0.091695 0.217959 0.034862 0.099546 0.030026 
0.008876 0.134020 0.309569 0.093898 0.109809 0.065479 0.156331 0.024307 0.075817 0.021894 
0.001550 0.292969 0.202554 0.107650 0.058530 0.035919 0.160058 0.059558 0.058071 0.023142 
0.005937 0.342201 0.074124 0.113593 0.039703 0.071801 0.226105 0.038412 0.061110 0.027015 
0.034701 0.317635 0.080373 0.147446 0.056394 0.043321 0.187415 0.045804 0.075504 0.011406 
0.016298 0.271214 0.129894 0.333090 0.040709 0.036429 0.078874 0.027446 0.048432 0.017615 
0.008374 0.167446 0.291744 0.240742 0.088695 0.044134 0.043770 0.039059 0.061939 0.014096 
0.002656 0.212960 0.114787 0.163828 0.052081 0.080920 0.194233 0.052018 0.103858 0.022660 
0.002144 0.240126 0.106193 0.092082 0.044020 0.036438 0.288509 0.047872 0.107297 0.035320 
0.016113 0.244666 0.111339 0.271292 0.092079 0.028200 0.041916 0.032400 0.148933 0.013063 
0.015708 0.145623 0.248948 0.223258 0.110326 0.033605 0.030348 0.026203 0.153762 0.012220 
0.001006 0.096778 0.338047 0.192911 0.089749 0.055209 0.090537 0.042199 0.083247 0.010316 
0.003463 0.277486 0.128212 0.083587 0.056056 0.063297 0.216533 0.065118 0.087597 0.018651 
0.015857 0.257962 0.110243 0.079549 0.036517 0.063532 0.296065 0.053679 0.065769 0.020828 
0.026378 0.253730 0.083135 0.082512 0.033848 0.091368 0.302485 0.047239 0.050826 0.028478 
0.004295 0.303208 0.073656 0.085877 0.055874 0.072120 0.290559 0.030647 0.060824 0.022942 
0.020788 0.311084 0.077754 0.080466 0.063974 0.136082 0.194618 0.048712 0.059827 0.006696 
0.000492 0.255747 0.090457 0.114255 0.062485 0.041579 0.340235 0.017773 0.061668 0.015309 
0.019763 0.249842 0.083428 0.109046 0.038870 0.090811 0.295742 0.032944 0.065561 0.013992 
