wake-me-up,GreenDay
0.000000 0.000000 0.000000 0.000000 0.000000 0.000000 0.000000 0.000000 0.000000 0.000000 
0.000000 0.000000 0.000000 0.000000 0.000000 0.000000 0.000000 0.000000 0.000000 0.000000 
0.000000 0.000000 0.000000 0.000000 0.000000 0.000000 0.000000 0.000000 0.000000 0.000000 
0.000000 0.000000 0.000000 0.000000 0.000000 0.000000 0.000000 0.000000 0.000000 0.000000 
0.000000 0.000000 0.000000 0.000000 0.000000 0.000000 0.000000 0.000000 0.000000 0.000000 
0.000000 0.000000 0.000000 0.000000 0.000000 0.000000 0.000000 0.000000 0.000000 0.000000 
0.000000 0.000000 0.000000 0.000000 0.000000 0.000000 0.000000 0.000000 0.000000 0.000000 
0.000000 0.000000 0.000000 0.000000 0.000000 0.000000 0.000000 0.000000 0.000000 0.000000 
0.000000 0.000000 0.000000 0.000000 0.000000 0.000000 0.000000 0.000000 0.000000 0.000000 
0.000000 0.000000 0.000000 0.000000 0.000000 0.000000 0.000000 0.000000 0.000000 0.000000 
0.000000 0.000000 0.000000 0.000000 0.000000 0.000000 0.000000 0.000000 0.000000 0.000000 
0.000000 0.000000 0.000000 0.000000 0.000000 0.000000 0.000000 0.000000 0.000000 0.000000 
0.000000 0.000000 0.000000 0.000000 0.000000 0.000000 0.000000 0.000000 0.000000 0.000000 
0.000000 0.000000 0.000000 0.000000 0.000000 0.000000 0.000000 0.000000 0.000000 0.000000 
0.000000 0.000000 0.000000 0.000000 0.000000 0.000000 0.000000 0.000000 0.000000 0.000000 
0.000000 0.000000 0.000000 0.000000 0.000000 0.000000 0.000000 0.000000 0.000000 0.000000 
0.000000 0.000000 0.000000 0.000000 0.000000 0.000000 0.000000 0.000000 0.000000 0.000000 
0.026908 0.393050 0.141927 0.075554 0.041330 0.104597 0.061500 0.075534 0.049927 0.029673 
0.002501 0.398905 0.164814 0.135776 0.066949 0.030257 0.062415 0.045028 0.066060 0.027294 
0.015739 0.394528 0.194247 0.101205 0.066517 0.022023 0.055871 0.056295 0.060332 0.033243 
0.098091 0.393656 0.128636 0.091655 0.069019 0.037851 0.021154 0.061255 0.056006 0.042676 
0.022740 0.370205 0.129434 0.105963 0.116933 0.067104 0.056283 0.045205 0.037903 0.048229 
0.009965 0.387567 0.182048 0.102161 0.101479 0.037939 0.045319 0.057780 0.045971 0.029771 
0.098934 0.368868 0.136250 0.112699 0.049258 0.020352 0.081643 0.050789 0.052906 0.028302 
0.005506 0.041154 0.407843 0.190529 0.159050 0.048111 0.062295 0.033107 0.038957 0.013448 
0.013943 0.067086 0.390971 0.155596 0.147211 0.056932 0.078209 0.038525 0.040808 0.010717 
0.011511 0.036538 0.324447 0.168357 0.172475 0.052515 0.097438 0.053832 0.050821 0.032066 
0.003201 0.040134 0.304152 0.093124 0.200751 0.072323 0.125698 0.059985 0.068494 0.032139 
0.004517 0.028929 0.246681 0.097745 0.274153 0.074768 0.156989 0.041773 0.067180 0.007263 
0.002901 0.021266 0.131114 0.053656 0.367429 0.112719 0.183798 0.039156 0.079786 0.008175 
0.014557 0.048288 0.300115 0.150535 0.219739 0.048162 0.117941 0.039580 0.045944 0.015140 
0.014181 0.043409 0.383068 0.199639 0.094385 0.031258 0.120878 0.019126 0.066379 0.027677 
0.000705 0.031366 0.424713 0.162414 0.119158 0.028058 0.100215 0.018379 0.083226 0.031766 
0.003612 0.016672 0.282074 0.179253 0.211505 0.024114 0.098469 0.013600 0.126002 0.044697 
0.012038 0.036696 0.160466 0.053997 0.293658 0.052948 0.140376 0.037953 0.158439 0.053429 
0.010253 0.037075 0.165821 0.039659 0.283789 0.069822 0.174711 0.062997 0.133044 0.022829 
0.009816 0.022213 0.193089 0.031366 0.273889 0.070390 0.200200 0.065059 0.122155 0.011822 
0.002300 0.044885 0.104169 0.215021 0.194525 0.059287 0.167445 0.065271 0.056101 0.090996 
0.007991 0.041728 0.118611 0.202473 0.193615 0.029210 0.174772 0.088853 0.062968 0.079778 
0.000323 0.016432 0.117732 0.182797 0.195159 0.061026 0.219047 0.071065 0.062098 0.074320 
0.003200 0.017921 0.094489 0.184828 0.228752 0.016637 0.240635 0.066168 0.062912 0.084457 
0.000339 0.019180 0.072151 0.225420 0.161779 0.035534 0.217699 0.084956 0.074126 0.108817 
0.004066 0.025825 0.094427 0.167477 0.205649 0.039141 0.259610 0.057434 0.063612 0.082758 
0.013217 0.069118 0.262206 0.193338 0.135893 0.053227 0.145096 0.045075 0.032666 0.050163 
0.010822 0.038739 0.328654 0.177369 0.125229 0.028598 0.145756 0.059149 0.044757 0.040928 
0.008153 0.067736 0.179951 0.216572 0.160732 0.042465 0.187391 0.039894 0.055321 0.041785 
0.010827 0.031729 0.220204 0.238785 0.118477 0.047136 0.160008 0.057935 0.073236 0.041664 
0.000226 0.015534 0.143528 0.278219 0.194983 0.020141 0.162073 0.048545 0.088955 0.047795 
0.015281 0.035455 0.142273 0.252359 0.207935 0.068556 0.134731 0.028942 0.071193 0.043274 
0.003105 0.037321 0.359502 0.237401 0.113475 0.035868 0.107969 0.048615 0.037345 0.019401 
0.003601 0.018025 0.346828 0.220405 0.134455 0.020586 0.141412 0.037548 0.051515 0.025624 
0.007986 0.028609 0.219630 0.174921 0.211709 0.043895 0.177915 0.042663 0.053195 0.039477 
0.005050 0.019954 0.127557 0.191444 0.208169 0.042861 0.220452 0.058559 0.074340 0.051615 
0.001870 0.007472 0.038186 0.144946 0.308133 0.061297 0.263176 0.046733 0.079102 0.049084 
0.006609 0.028591 0.114099 0.143309 0.231531 0.087410 0.226964 0.047809 0.083434 0.030243 
0.009878 0.040278 0.140174 0.114838 0.331322 0.062418 0.146979 0.029905 0.090501 0.033708 
0.004413 0.017301 0.175547 0.226934 0.238840 0.033205 0.128523 0.031141 0.041947 0.102148 
0.005533 0.023332 0.131459 0.228266 0.236408 0.056063 0.191692 0.026035 0.029788 0.071425 
0.003546 0.012127 0.107877 0.227810 0.208201 0.048133 0.182647 0.065033 0.043759 0.100867 
0.006527 0.028361 0.079993 0.251539 0.189514 0.047024 0.199551 0.054145 0.043365 0.099981 
0.001261 0.014127 0.058024 0.263556 0.174499 0.073137 0.231932 0.046480 0.028942 0.108041 
0.004460 0.012843 0.063961 0.327796 0.161045 0.024197 0.181882 0.064444 0.044727 0.114645 
0.012757 0.061744 0.112623 0.326515 0.105760 0.046055 0.155995 0.032936 0.065899 0.079718 
0.007218 0.020007 0.095739 0.344836 0.132358 0.047845 0.152343 0.034144 0.064168 0.101341 
0.009121 0.037155 0.131551 0.297032 0.151206 0.030076 0.134559 0.052699 0.076689 0.079912 
0.003661 0.025234 0.064508 0.343954 0.160941 0.030715 0.180406 0.056688 0.067989 0.065903 
0.006618 0.024061 0.110279 0.292672 0.152001 0.037844 0.174511 0.080244 0.075269 0.046502 
0.001531 0.005002 0.054415 0.286555 0.216982 0.024952 0.210874 0.077098 0.066789 0.055802 
0.004041 0.021872 0.084253 0.245620 0.198400 0.072879 0.240150 0.033588 0.042877 0.056320 
0.002817 0.008265 0.076588 0.260705 0.224665 0.048708 0.202568 0.073184 0.052454 0.050045 
0.000638 0.010890 0.070403 0.246343 0.254601 0.057132 0.213023 0.062413 0.036077 0.048480 
0.008178 0.027074 0.107143 0.259946 0.195428 0.082668 0.215360 0.036445 0.026565 0.041193 
0.001235 0.008828 0.058801 0.254392 0.283172 0.041700 0.204489 0.070953 0.038134 0.038296 
0.016639 0.054279 0.208671 0.221974 0.146364 0.069472 0.163526 0.050752 0.029848 0.038473 
0.000634 0.014804 0.428909 0.162616 0.120299 0.038218 0.123133 0.037952 0.050010 0.023426 
0.008116 0.050293 0.347230 0.239939 0.119776 0.034355 0.121057 0.012760 0.043378 0.023096 
0.008265 0.042586 0.257434 0.191057 0.154461 0.030325 0.168610 0.051268 0.057479 0.038515 
0.005851 0.011602 0.232641 0.231265 0.132196 0.043737 0.219175 0.049342 0.050599 0.023594 
0.008605 0.021199 0.162234 0.173459 0.233359 0.044591 0.197726 0.068748 0.052053 0.038026 
0.005723 0.033366 0.121883 0.242039 0.228253 0.045340 0.179036 0.053831 0.044591 0.045938 
0.002731 0.034367 0.449533 0.209909 0.134742 0.036348 0.074470 0.017049 0.023909 0.016943 
0.005934 0.041634 0.387510 0.184992 0.218777 0.025413 0.072234 0.015672 0.025299 0.022535 
0.005475 0.016006 0.183880 0.265240 0.259200 0.063646 0.068664 0.030475 0.058193 0.049222 
0.014724 0.031114 0.208609 0.165028 0.359735 0.042890 0.033138 0.008800 0.098505 0.037456 
0.009531 0.029735 0.096352 0.205777 0.302607 0.059311 0.072124 0.060068 0.134061 0.030434 
0.000013 0.029448 0.134079 0.168635 0.285934 0.053556 0.079929 0.067389 0.158083 0.022935 
0.003236 0.030894 0.163235 0.233906 0.154043 0.034348 0.168633 0.046781 0.082087 0.082834 
0.002567 0.030658 0.165805 0.239523 0.107064 0.039033 0.212767 0.057329 0.078288 0.066965 
0.004156 0.035236 0.164320 0.203937 0.085323 0.020845 0.214873 0.077185 0.094490 0.099636 
0.005382 0.035555 0.050832 0.267616 0.095024 0.025168 0.259386 0.072413 0.103126 0.085498 
0.000503 0.008396 0.041304 0.242914 0.138451 0.048658 0.264889 0.052700 0.104530 0.097655 
0.007068 0.038000 0.071434 0.227726 0.092611 0.037574 0.242152 0.088513 0.108901 0.086023 
0.015707 0.083202 0.179982 0.197905 0.153254 0.025712 0.148738 0.042885 0.092351 0.060264 
0.012132 0.058419 0.382859 0.148067 0.094128 0.033291 0.105929 0.040414 0.086346 0.038416 
0.006088 0.032834 0.291293 0.274427 0.083891 0.043248 0.109934 0.038465 0.077905 0.041915 
0.021970 0.083564 0.305826 0.222088 0.102182 0.037789 0.083661 0.027550 0.067404 0.047967 
0.006013 0.014400 0.258548 0.346130 0.161114 0.029037 0.070954 0.006791 0.052422 0.054590 
0.012006 0.051064 0.184972 0.274272 0.223694 0.060676 0.076654 0.023445 0.033223 0.059994 
0.004067 0.024657 0.237977 0.188160 0.223564 0.052073 0.145516 0.042197 0.044671 0.037120 
0.002461 0.031182 0.222286 0.180369 0.188353 0.036813 0.157420 0.071566 0.086478 0.023073 
0.002978 0.016364 0.185501 0.207534 0.156566 0.030227 0.202975 0.074847 0.089306 0.033702 
0.001306 0.017301 0.081923 0.153157 0.240694 0.028973 0.238341 0.072932 0.102358 0.063014 
0.000998 0.011547 0.067348 0.175799 0.177846 0.056325 0.272391 0.077622 0.104497 0.055628 
0.003809 0.017327 0.092849 0.178155 0.215878 0.037935 0.228059 0.048313 0.110649 0.067026 
0.000531 0.027671 0.112807 0.149720 0.189610 0.054704 0.215644 0.063532 0.144331 0.041450 
0.010483 0.028837 0.178876 0.250210 0.105303 0.029779 0.190493 0.039242 0.073272 0.093505 
0.004261 0.033050 0.142804 0.231626 0.093234 0.051512 0.249372 0.055112 0.056412 0.082617 
0.000924 0.037515 0.139703 0.198443 0.149547 0.018652 0.231221 0.073176 0.058308 0.092512 
0.002997 0.034726 0.065503 0.252456 0.089583 0.043669 0.273085 0.074278 0.073396 0.090307 
0.003634 0.011837 0.089958 0.196079 0.164816 0.024709 0.273273 0.070462 0.067675 0.097556 
0.005754 0.026965 0.076870 0.242318 0.139937 0.019336 0.231670 0.094444 0.078049 0.084657 
0.005356 0.030473 0.107421 0.245151 0.193440 0.013978 0.167654 0.081599 0.081768 0.073161 
0.001146 0.011999 0.078958 0.226516 0.213817 0.037968 0.191418 0.055025 0.093215 0.089938 
0.000804 0.009121 0.090798 0.243731 0.187790 0.043750 0.158685 0.069882 0.099563 0.095875 
0.004503 0.018472 0.120320 0.260063 0.241518 0.036696 0.141815 0.019979 0.088208 0.068425 
0.006762 0.017946 0.098310 0.273462 0.201078 0.078562 0.137411 0.040778 0.097376 0.048316 
0.001384 0.020679 0.113728 0.260476 0.278409 0.025973 0.101441 0.050654 0.100710 0.046545 
0.004966 0.017153 0.095489 0.286432 0.228966 0.073208 0.127517 0.020597 0.092652 0.053021 
0.000617 0.017006 0.120427 0.255406 0.255618 0.060043 0.130098 0.024596 0.081443 0.054745 
0.004960 0.018623 0.091683 0.287194 0.236481 0.041485 0.151522 0.026061 0.078877 0.063114 
0.009796 0.028882 0.132467 0.252108 0.195873 0.074339 0.174351 0.023749 0.063778 0.044657 
0.005461 0.014689 0.107705 0.262837 0.264355 0.026422 0.165375 0.042630 0.065952 0.044574 
0.012423 0.046204 0.169133 0.294512 0.166725 0.017138 0.124708 0.061954 0.069328 0.037874 
0.002231 0.038923 0.262981 0.278885 0.160596 0.011936 0.115267 0.036850 0.050562 0.041768 
0.000860 0.034787 0.383497 0.180233 0.165382 0.023916 0.086114 0.053582 0.047592 0.024038 
0.001084 0.025406 0.309068 0.227413 0.186252 0.013950 0.127957 0.049666 0.030245 0.028961 
0.005792 0.041879 0.265658 0.232204 0.161163 0.056236 0.164658 0.037251 0.016866 0.018293 
0.000185 0.023901 0.238269 0.153481 0.256877 0.061187 0.171765 0.035881 0.028485 0.029968 
0.000896 0.019154 0.135378 0.201856 0.286730 0.060160 0.163285 0.047244 0.052619 0.032678 
0.006310 0.060633 0.231402 0.160468 0.221007 0.032610 0.123417 0.051597 0.075861 0.036695 
0.005261 0.028125 0.281045 0.112111 0.217270 0.055081 0.115721 0.060005 0.100226 0.025156 
0.002291 0.012486 0.185971 0.111425 0.241348 0.082298 0.166014 0.048408 0.124495 0.025265 
0.002431 0.014508 0.067462 0.140628 0.303713 0.058037 0.169061 0.068173 0.153821 0.022166 
0.005923 0.017954 0.105377 0.145406 0.225088 0.067173 0.164260 0.065817 0.169228 0.033773 
0.000882 0.028189 0.137162 0.128229 0.216781 0.054703 0.164535 0.070709 0.166170 0.032641 
0.003950 0.045537 0.247717 0.225416 0.093184 0.025171 0.139568 0.047744 0.097382 0.074331 
0.010944 0.072116 0.152732 0.273273 0.075156 0.015034 0.127573 0.059256 0.095250 0.118666 
0.000959 0.013968 0.106744 0.286395 0.136954 0.035509 0.158089 0.044623 0.105035 0.111723 
0.008723 0.049395 0.072882 0.243310 0.135031 0.019028 0.174382 0.049576 0.109191 0.138483 
0.010280 0.048067 0.135868 0.244636 0.161545 0.012103 0.140550 0.036367 0.096305 0.114280 
0.000077 0.006658 0.098916 0.275463 0.186646 0.038891 0.160547 0.031251 0.102356 0.099194 
0.002903 0.025568 0.320300 0.201697 0.157972 0.052496 0.086907 0.027281 0.073241 0.051635 
0.014490 0.038725 0.369721 0.153563 0.220170 0.058707 0.034040 0.017036 0.047095 0.046456 
0.002588 0.011879 0.258100 0.296477 0.266004 0.035615 0.043808 0.019544 0.019670 0.046315 
0.010642 0.048542 0.214023 0.240900 0.229342 0.047905 0.086771 0.039714 0.031132 0.051027 
0.006176 0.018373 0.189184 0.198012 0.276447 0.021741 0.137382 0.047897 0.040303 0.064485 
0.004533 0.029944 0.136463 0.231701 0.191496 0.054538 0.176383 0.053873 0.068153 0.052917 
0.014891 0.043632 0.281205 0.190897 0.160131 0.039987 0.135289 0.070944 0.025077 0.037946 
0.009012 0.028747 0.214453 0.175184 0.212285 0.040068 0.166295 0.080794 0.050027 0.023135 
0.003508 0.020277 0.152578 0.134334 0.210173 0.087235 0.239162 0.061784 0.068897 0.022053 
0.002932 0.028214 0.100589 0.120951 0.274793 0.057822 0.227429 0.067331 0.084491 0.035448 
0.004484 0.025701 0.093817 0.147027 0.234817 0.057647 0.195355 0.080397 0.103390 0.057364 
0.003929 0.019761 0.100595 0.146684 0.262540 0.044142 0.200139 0.055893 0.111126 0.055191 
0.005997 0.027680 0.123178 0.141020 0.268407 0.045026 0.170169 0.048797 0.122990 0.046735 
0.000113 0.042286 0.185419 0.239400 0.148645 0.062442 0.138606 0.020986 0.078801 0.083302 
0.004972 0.034495 0.165698 0.215293 0.132015 0.071575 0.183254 0.022898 0.091453 0.078348 
0.005565 0.035283 0.138711 0.231479 0.126884 0.036665 0.176539 0.054166 0.095029 0.099679 
0.003143 0.038264 0.143442 0.275675 0.088974 0.036619 0.193831 0.041142 0.100825 0.078086 
0.002658 0.009944 0.139439 0.229402 0.118106 0.058409 0.197772 0.048875 0.113628 0.081768 
0.005468 0.023993 0.110210 0.259118 0.163109 0.015787 0.161716 0.067323 0.123922 0.069353 
0.004487 0.010906 0.122782 0.281551 0.163565 0.048607 0.131307 0.031439 0.117704 0.087652 
0.000274 0.009010 0.133169 0.250597 0.176318 0.063114 0.141144 0.019414 0.125251 0.081709 
0.003685 0.014387 0.092096 0.267643 0.210458 0.035192 0.138451 0.032299 0.113261 0.092527 
0.010608 0.042362 0.153212 0.235035 0.190665 0.049127 0.130473 0.035978 0.093530 0.059011 
0.000881 0.002753 0.086788 0.230059 0.275466 0.027509 0.156644 0.058752 0.105751 0.055396 
0.008753 0.044411 0.143964 0.234614 0.191827 0.044280 0.129352 0.063304 0.094264 0.045231 
0.000163 0.010823 0.090012 0.247088 0.284925 0.027849 0.144777 0.053704 0.082056 0.058604 
0.008285 0.019338 0.103695 0.254452 0.283578 0.036455 0.159433 0.024138 0.066148 0.044480 
0.009134 0.041018 0.128130 0.221118 0.236782 0.049252 0.154306 0.044637 0.070746 0.044877 
0.001350 0.007437 0.100733 0.213000 0.287886 0.051787 0.166315 0.048193 0.081334 0.041966 
0.005873 0.041552 0.147948 0.181122 0.211737 0.075842 0.169330 0.042904 0.078550 0.045141 
0.001271 0.005494 0.097709 0.237491 0.250093 0.054127 0.175620 0.053229 0.093281 0.031685 
0.007530 0.028176 0.289203 0.267738 0.156741 0.022452 0.118088 0.030258 0.054813 0.025001 
0.000811 0.015097 0.382508 0.193797 0.247289 0.022994 0.085314 0.019746 0.021754 0.010690 
0.004126 0.014295 0.321906 0.250547 0.228468 0.043943 0.082993 0.018357 0.016454 0.018911 
0.002654 0.020712 0.271789 0.199321 0.310245 0.037075 0.057630 0.025376 0.049121 0.026078 
0.001869 0.014936 0.226521 0.221558 0.306100 0.058596 0.052770 0.016258 0.069073 0.032318 
0.000341 0.024777 0.158433 0.178286 0.351814 0.076319 0.039910 0.036578 0.087998 0.045545 
0.006506 0.020266 0.302800 0.142819 0.270334 0.036721 0.112741 0.032620 0.048893 0.026300 
0.005066 0.047732 0.250322 0.101599 0.220017 0.074687 0.152071 0.043677 0.080312 0.024516 
0.001927 0.032195 0.187002 0.122985 0.257136 0.061887 0.187363 0.045438 0.075465 0.028600 
0.010234 0.028204 0.097237 0.120630 0.231204 0.095897 0.233171 0.054983 0.103207 0.025234 
0.004272 0.016655 0.075818 0.099112 0.315143 0.069077 0.212105 0.072260 0.115876 0.019683 
0.006678 0.014263 0.109546 0.124637 0.232997 0.069754 0.216357 0.057540 0.135369 0.032859 
0.001516 0.034379 0.216314 0.194207 0.136781 0.025806 0.177692 0.079064 0.071460 0.062780 
0.008377 0.056801 0.154160 0.245222 0.068572 0.031539 0.199858 0.068017 0.070805 0.096649 
0.009654 0.055449 0.148015 0.241679 0.069352 0.035035 0.194039 0.047467 0.084947 0.114363 
0.001399 0.016124 0.102364 0.249535 0.117059 0.048324 0.222564 0.032720 0.096596 0.113316 
0.007359 0.041062 0.072005 0.291559 0.114426 0.011276 0.191479 0.049198 0.102961 0.118675 
0.008605 0.045963 0.149309 0.231714 0.143950 0.025843 0.170651 0.047471 0.093184 0.083309 
0.001665 0.017912 0.147306 0.290040 0.163846 0.023457 0.135851 0.060656 0.092026 0.067241 
0.005635 0.047415 0.333815 0.233899 0.130750 0.016935 0.103711 0.037651 0.043176 0.047012 
0.013608 0.065875 0.321878 0.198180 0.173450 0.023246 0.102807 0.028009 0.030607 0.042341 
0.000508 0.013616 0.200632 0.296576 0.153086 0.040710 0.174244 0.048243 0.018316 0.054067 
0.012978 0.045711 0.218151 0.198784 0.206501 0.049201 0.158382 0.041560 0.020626 0.048105 
0.006331 0.018676 0.151920 0.216038 0.226569 0.060474 0.178327 0.028413 0.047539 0.065712 
0.003669 0.020188 0.181954 0.246139 0.180037 0.060144 0.182502 0.038886 0.043199 0.043281 
0.001377 0.029988 0.356574 0.188283 0.131925 0.014026 0.152243 0.026019 0.053243 0.046322 
0.011155 0.040291 0.337610 0.199298 0.111297 0.013329 0.124245 0.040851 0.063996 0.057929 
0.002572 0.019039 0.162472 0.281018 0.102108 0.064278 0.201629 0.042490 0.080361 0.044034 
0.001984 0.014529 0.131741 0.230646 0.206843 0.037667 0.193851 0.068249 0.071320 0.043172 
0.000252 0.012407 0.103417 0.261580 0.194979 0.041960 0.197699 0.069083 0.054099 0.064524 
0.000707 0.009367 0.121824 0.247433 0.252219 0.078470 0.145342 0.038481 0.053889 0.052268 
0.001731 0.025116 0.174449 0.231501 0.163892 0.049898 0.159671 0.032575 0.046848 0.114320 
0.006242 0.036862 0.181856 0.199591 0.176585 0.022695 0.197233 0.058900 0.028016 0.092021 
0.003570 0.018748 0.166091 0.215746 0.175817 0.041899 0.187961 0.063236 0.049083 0.077847 
0.000689 0.011874 0.077390 0.244615 0.188218 0.051675 0.196909 0.069385 0.069089 0.090157 
0.001931 0.009026 0.047943 0.232518 0.264828 0.013290 0.165425 0.064297 0.104989 0.095753 
0.005845 0.027855 0.083749 0.234812 0.187001 0.058761 0.135433 0.068465 0.095301 0.102779 
0.004245 0.019771 0.076723 0.266456 0.250693 0.027845 0.106962 0.029344 0.117456 0.100505 
0.004142 0.020805 0.122042 0.271598 0.214428 0.047674 0.068215 0.042907 0.121141 0.087049 
0.003816 0.010829 0.080656 0.279896 0.239414 0.049019 0.078356 0.058451 0.114173 0.085391 
0.003723 0.011876 0.070949 0.299149 0.228360 0.025961 0.112137 0.033974 0.108157 0.105713 
0.007327 0.038056 0.102328 0.267114 0.162488 0.046704 0.129792 0.032210 0.110436 0.103546 
0.002452 0.013284 0.054730 0.272568 0.236221 0.020809 0.161250 0.032253 0.081218 0.125215 
0.006116 0.030341 0.103051 0.242138 0.175377 0.063325 0.183424 0.035438 0.070847 0.089942 
0.001778 0.006351 0.063677 0.266388 0.228529 0.051534 0.174716 0.062245 0.064699 0.080083 
0.007093 0.032753 0.103035 0.303353 0.163178 0.029437 0.161938 0.067873 0.066308 0.065033 
0.001893 0.014933 0.087172 0.307405 0.166572 0.053872 0.195841 0.063272 0.059613 0.049428 
0.000513 0.020758 0.101033 0.291943 0.189795 0.026635 0.148270 0.065717 0.074831 0.080504 
0.012208 0.051732 0.273414 0.278263 0.119703 0.063194 0.081845 0.035155 0.047496 0.036990 
0.003884 0.030838 0.225438 0.104034 0.157086 0.195302 0.052340 0.126838 0.030036 0.074205 
0.001978 0.011792 0.197315 0.170951 0.086731 0.159137 0.068437 0.171998 0.046627 0.085034 
0.001610 0.011871 0.078255 0.211867 0.108531 0.199884 0.053732 0.154898 0.062172 0.117181 
0.002305 0.011527 0.095901 0.180612 0.111802 0.213316 0.063249 0.157838 0.053004 0.110446 
0.001966 0.007895 0.039011 0.175869 0.063688 0.238297 0.112289 0.202284 0.038328 0.120374 
0.002426 0.013398 0.041556 0.213726 0.049575 0.247408 0.119768 0.152476 0.054371 0.105296 
0.006397 0.033606 0.112559 0.153767 0.100838 0.203709 0.080838 0.171642 0.049735 0.086909 
0.005339 0.025879 0.152822 0.147270 0.153989 0.200289 0.085176 0.102341 0.038724 0.088171 
0.000927 0.008277 0.118335 0.166409 0.131910 0.175954 0.085122 0.164366 0.033077 0.115624 
0.002576 0.011736 0.040379 0.179639 0.137935 0.214851 0.068745 0.194386 0.045540 0.104213 
0.001381 0.016718 0.034012 0.161910 0.163124 0.190868 0.067349 0.195484 0.056526 0.112627 
0.001132 0.014102 0.027366 0.166641 0.151454 0.178743 0.082202 0.207748 0.061316 0.109297 
0.003084 0.015103 0.023851 0.164607 0.156689 0.230412 0.085402 0.203360 0.033573 0.083919 
0.006306 0.018764 0.060306 0.156318 0.131528 0.189482 0.097877 0.191970 0.046377 0.101071 
0.004408 0.018300 0.097395 0.150240 0.084058 0.186895 0.094038 0.188158 0.056403 0.120105 
0.005350 0.026202 0.058876 0.162346 0.133091 0.205092 0.084866 0.193556 0.042186 0.088434 
0.001729 0.012434 0.040491 0.242652 0.081792 0.249905 0.100918 0.138481 0.033739 0.097859 
0.006007 0.027192 0.103290 0.397602 0.110492 0.137058 0.108743 0.042059 0.028776 0.038782 
0.007083 0.020038 0.086241 0.284471 0.059004 0.283725 0.121110 0.046945 0.072558 0.018823 
0.004841 0.020831 0.262923 0.143305 0.085403 0.215230 0.079220 0.035907 0.114117 0.038222 
0.008774 0.033385 0.118602 0.182860 0.088871 0.285248 0.095360 0.046927 0.106145 0.033826 
0.002635 0.004034 0.062406 0.188615 0.069781 0.335386 0.112021 0.068192 0.120655 0.036275 
0.002582 0.009978 0.063525 0.186474 0.097976 0.343483 0.045336 0.061536 0.138159 0.050951 
0.006820 0.021620 0.074566 0.198652 0.103669 0.342128 0.031208 0.041194 0.152352 0.027791 
0.007042 0.030816 0.061116 0.130087 0.114351 0.313531 0.110237 0.071112 0.135521 0.026187 
0.007159 0.037441 0.179225 0.142079 0.085481 0.264756 0.095897 0.059823 0.109172 0.018968 
0.006617 0.026142 0.170991 0.124747 0.123376 0.281350 0.081224 0.062248 0.101500 0.021805 
0.000749 0.009777 0.022046 0.174742 0.125826 0.360403 0.096005 0.089265 0.105904 0.015283 
0.002131 0.008055 0.018561 0.160043 0.118807 0.367484 0.114508 0.061552 0.125730 0.023130 
0.005075 0.019038 0.036317 0.172007 0.122498 0.316541 0.088868 0.089523 0.135376 0.014757 
0.004348 0.019409 0.059551 0.134230 0.081562 0.311607 0.090278 0.087220 0.186719 0.025078 
0.001272 0.031515 0.075563 0.132162 0.088671 0.205000 0.096462 0.036890 0.279588 0.052877 
0.003872 0.017840 0.062730 0.157897 0.080961 0.126243 0.103887 0.104106 0.290617 0.051847 
0.002630 0.013747 0.058145 0.145530 0.046580 0.102617 0.101440 0.153595 0.337797 0.037919 
0.000184 0.004364 0.021368 0.160473 0.036881 0.112170 0.075887 0.148349 0.354291 0.086033 
0.000747 0.005426 0.020666 0.161225 0.041518 0.106534 0.084824 0.149555 0.375623 0.053882 
0.001636 0.006317 0.039287 0.155680 0.054063 0.117698 0.083925 0.134005 0.372407 0.034982 
0.005972 0.028749 0.036497 0.149691 0.028958 0.126014 0.083754 0.135611 0.351650 0.053106 
0.004659 0.022585 0.045901 0.120164 0.037697 0.129446 0.043021 0.146891 0.392478 0.057158 
0.003155 0.007468 0.030104 0.128330 0.052154 0.149611 0.062440 0.160579 0.360051 0.046108 
0.003217 0.009184 0.021955 0.109555 0.084596 0.113577 0.063629 0.136577 0.389954 0.067757 
0.005428 0.017923 0.043859 0.121574 0.065161 0.139130 0.092778 0.090603 0.388106 0.035438 
0.003782 0.017286 0.046291 0.135155 0.075609 0.105026 0.089258 0.098665 0.362880 0.066047 
0.003315 0.019657 0.035370 0.162752 0.062544 0.279257 0.096804 0.082739 0.220561 0.036999 
0.003296 0.009804 0.029615 0.216681 0.096227 0.355785 0.135563 0.043753 0.070907 0.038368 
0.003754 0.032186 0.152988 0.297026 0.194557 0.055938 0.110192 0.040757 0.074327 0.038275 
0.006440 0.017869 0.084841 0.206324 0.200583 0.080562 0.132618 0.058771 0.138779 0.073213 
0.011706 0.027240 0.086767 0.178933 0.264045 0.030548 0.143332 0.036226 0.159378 0.061825 
0.003968 0.012524 0.249950 0.252836 0.071472 0.049115 0.091612 0.073049 0.145983 0.049492 
0.000345 0.017283 0.201819 0.219488 0.125674 0.255805 0.059581 0.036388 0.057260 0.026356 
0.002167 0.009799 0.180964 0.095276 0.136969 0.275752 0.077415 0.142664 0.028613 0.050380 
0.002790 0.012416 0.149248 0.143372 0.150538 0.169597 0.062053 0.198704 0.034170 0.077112 
0.004444 0.011426 0.140359 0.141313 0.192259 0.167213 0.062612 0.161282 0.043137 0.075955 
0.000288 0.010023 0.100509 0.132303 0.159969 0.154582 0.066103 0.193039 0.060019 0.123164 
0.002716 0.014334 0.068790 0.135605 0.176097 0.226136 0.063802 0.161729 0.029277 0.121514 
0.002483 0.006739 0.045835 0.145574 0.159196 0.197478 0.053438 0.229156 0.070003 0.090098 
0.004970 0.016662 0.146331 0.150928 0.140980 0.174388 0.028145 0.176812 0.042947 0.117837 
0.004017 0.018328 0.171991 0.108246 0.119244 0.200411 0.056327 0.189484 0.049170 0.082782 
0.003910 0.019224 0.099313 0.124937 0.130329 0.202531 0.083453 0.198161 0.046905 0.091237 
0.004279 0.009800 0.077946 0.149981 0.128871 0.206039 0.085847 0.222786 0.030174 0.084277 
0.006281 0.011834 0.056670 0.336009 0.173690 0.169614 0.068779 0.071844 0.054588 0.050692 
0.009627 0.034319 0.065624 0.365756 0.148482 0.172779 0.111597 0.044605 0.026372 0.020839 
0.002694 0.013717 0.056373 0.192864 0.099250 0.298076 0.193806 0.033686 0.069091 0.040443 
0.005745 0.024088 0.073356 0.172873 0.076137 0.296181 0.091005 0.086189 0.133914 0.040513 
0.001163 0.011566 0.041117 0.187728 0.083663 0.305764 0.164697 0.078817 0.086041 0.039443 
0.011319 0.043629 0.157399 0.380731 0.104771 0.068008 0.092585 0.061285 0.040681 0.039592 
0.015746 0.051717 0.176472 0.237813 0.134361 0.037123 0.177891 0.062283 0.054699 0.051895 
0.001126 0.012101 0.040070 0.267068 0.090601 0.181894 0.193901 0.085450 0.085438 0.042351 
0.008281 0.036726 0.145846 0.164451 0.082731 0.219512 0.069080 0.064916 0.173184 0.035274 
0.005314 0.020276 0.189882 0.118986 0.098726 0.147686 0.083105 0.050717 0.240324 0.044984 
0.001131 0.009098 0.112744 0.099380 0.107546 0.100909 0.053695 0.103805 0.366734 0.044958 
0.000241 0.012150 0.086407 0.080287 0.094767 0.094767 0.078775 0.133542 0.357214 0.061849 
0.001160 0.011540 0.064477 0.115565 0.114682 0.097810 0.053663 0.121429 0.378811 0.040862 
0.003426 0.014481 0.054156 0.106889 0.102666 0.075024 0.056771 0.127650 0.400119 0.058818 
0.005699 0.017335 0.099610 0.091216 0.076834 0.092091 0.044720 0.125461 0.394142 0.052891 
0.005176 0.024587 0.154868 0.055909 0.100194 0.085007 0.058164 0.082486 0.370769 0.062840 
0.004499 0.015977 0.134128 0.068015 0.081547 0.067583 0.055020 0.110358 0.393107 0.069766 
0.007949 0.038901 0.101959 0.089185 0.091859 0.079037 0.055912 0.102334 0.381216 0.051649 
0.004757 0.018105 0.068518 0.086560 0.097342 0.093008 0.058449 0.141125 0.379557 0.052579 
0.006096 0.029425 0.070358 0.129679 0.118946 0.148842 0.053231 0.088555 0.316982 0.037887 
0.008250 0.025341 0.048103 0.146115 0.098623 0.325506 0.085620 0.053110 0.191122 0.018210 
0.006907 0.039619 0.130313 0.181230 0.199400 0.083165 0.173535 0.038697 0.088081 0.059053 
0.004675 0.034310 0.221950 0.159123 0.126103 0.028403 0.187489 0.055071 0.102283 0.080593 
0.005799 0.025079 0.166882 0.193831 0.138454 0.033141 0.165278 0.077853 0.132699 0.060984 
0.002747 0.011619 0.073513 0.172505 0.170007 0.054999 0.196403 0.109545 0.138871 0.069792 
0.004684 0.009234 0.052431 0.189366 0.207923 0.049351 0.181038 0.108139 0.133729 0.064106 
0.005226 0.008746 0.063749 0.235083 0.149642 0.105940 0.196944 0.077563 0.083714 0.073393 
0.005244 0.009379 0.068810 0.220012 0.226819 0.116317 0.157661 0.036547 0.074464 0.084747 
0.001746 0.012795 0.092156 0.266454 0.171501 0.035071 0.153976 0.049832 0.125969 0.090501 
0.001810 0.011480 0.075514 0.223821 0.181858 0.041470 0.168610 0.079016 0.117001 0.099421 
0.001809 0.018418 0.034892 0.270166 0.214468 0.041588 0.204388 0.050859 0.078871 0.084541 
0.001368 0.014110 0.081188 0.298616 0.140297 0.055737 0.175124 0.064712 0.101100 0.067749 
0.003780 0.019622 0.073903 0.307098 0.152072 0.036498 0.189327 0.061670 0.085243 0.070787 
0.001690 0.018438 0.192746 0.286662 0.114228 0.059822 0.175663 0.038849 0.061634 0.050268 
0.001484 0.013608 0.126345 0.292941 0.186494 0.194800 0.090302 0.035508 0.032242 0.026277 
0.004482 0.023553 0.127627 0.139975 0.363685 0.146424 0.069194 0.042833 0.051425 0.030802 
0.002466 0.013584 0.134516 0.104075 0.456116 0.084736 0.090108 0.047605 0.050440 0.016354 
0.005271 0.021326 0.123767 0.164303 0.441839 0.085130 0.061907 0.039317 0.031994 0.025148 
0.000368 0.017446 0.143660 0.098658 0.513242 0.093095 0.055240 0.042824 0.017554 0.017914 
0.003356 0.031784 0.207525 0.100784 0.179901 0.268585 0.051336 0.094581 0.018657 0.043492 
0.003463 0.025439 0.156851 0.142667 0.102990 0.235287 0.075729 0.170244 0.037304 0.050026 
0.006958 0.029044 0.147425 0.136081 0.088955 0.216229 0.043402 0.212268 0.057489 0.062150 
0.002384 0.014842 0.121537 0.124692 0.163250 0.239512 0.055681 0.199939 0.019953 0.058211 
0.004215 0.023281 0.097583 0.121305 0.166633 0.242610 0.066103 0.210123 0.018856 0.049292 
0.001011 0.006672 0.088152 0.120776 0.138954 0.244787 0.078536 0.231791 0.035059 0.054264 
0.009513 0.044135 0.167009 0.113805 0.124660 0.215346 0.050134 0.177134 0.035385 0.062879 
0.003016 0.013611 0.198562 0.116938 0.102505 0.213322 0.045425 0.198999 0.043059 0.064562 
0.006503 0.028426 0.143798 0.118878 0.120281 0.228606 0.079474 0.182288 0.025632 0.066113 
0.001643 0.014097 0.132568 0.138518 0.106706 0.298366 0.090827 0.119734 0.022599 0.074942 
0.009091 0.035665 0.160193 0.228005 0.091584 0.236204 0.049907 0.105966 0.026644 0.056741 
0.009491 0.035029 0.112234 0.385629 0.108864 0.154848 0.068631 0.074417 0.029622 0.021236 
0.001924 0.011631 0.097939 0.233247 0.068907 0.218519 0.192482 0.071060 0.069740 0.034550 
0.009877 0.033667 0.124281 0.204550 0.073325 0.292816 0.113183 0.045039 0.069793 0.033469 
0.016317 0.038884 0.229822 0.266437 0.108163 0.086345 0.110652 0.082062 0.021234 0.040084 
0.007157 0.044868 0.212611 0.182080 0.072332 0.110517 0.159818 0.101116 0.040760 0.068741 
0.005627 0.029285 0.178441 0.184103 0.083562 0.129300 0.187591 0.081335 0.034793 0.085964 
0.005319 0.028263 0.147198 0.290255 0.102581 0.092929 0.164672 0.072901 0.027051 0.068831 
0.005702 0.034583 0.100528 0.256037 0.081048 0.102618 0.244456 0.084266 0.040510 0.050252 
0.003287 0.016373 0.064019 0.183844 0.105304 0.273299 0.144385 0.051963 0.118661 0.038865 
0.001339 0.010958 0.050415 0.187403 0.105008 0.296502 0.107880 0.068861 0.124326 0.047307 
0.000377 0.010494 0.066940 0.181029 0.097636 0.253942 0.119708 0.078806 0.161256 0.029812 
0.001522 0.002937 0.055522 0.171992 0.082175 0.222121 0.077572 0.111822 0.228388 0.045948 
0.005879 0.023739 0.073063 0.166723 0.095099 0.293986 0.097112 0.079463 0.138713 0.026222 
0.007381 0.032123 0.126969 0.278731 0.094549 0.161619 0.155144 0.045145 0.064892 0.033446 
0.002137 0.012364 0.238569 0.263195 0.128160 0.085110 0.080773 0.080878 0.069646 0.039167 
0.002416 0.020197 0.288887 0.172083 0.185489 0.104516 0.088235 0.054404 0.048373 0.035401 
0.006679 0.006738 0.245722 0.153046 0.186248 0.037447 0.141929 0.071606 0.096499 0.054086 
0.007068 0.036309 0.202400 0.153120 0.180425 0.104013 0.143685 0.057658 0.069352 0.045970 
0.001360 0.021329 0.164111 0.135721 0.191957 0.142282 0.113121 0.077082 0.076299 0.076739 
0.003649 0.026303 0.159436 0.079758 0.409909 0.049141 0.127146 0.069834 0.047329 0.027494 
0.003968 0.022082 0.093056 0.088843 0.169898 0.027411 0.325269 0.119271 0.117021 0.033182 
0.004973 0.007009 0.084333 0.084129 0.104010 0.085396 0.364454 0.079847 0.142249 0.043601 
0.002919 0.016869 0.071438 0.088954 0.116225 0.072567 0.332582 0.125846 0.146046 0.026554 
0.000119 0.004024 0.060786 0.126137 0.157296 0.071740 0.330534 0.095868 0.118547 0.034950 
0.000439 0.006424 0.081683 0.102939 0.148274 0.089985 0.213445 0.075653 0.203085 0.078073 
0.005219 0.024342 0.111470 0.106556 0.203189 0.062836 0.260357 0.038344 0.156392 0.031295 
0.008386 0.034091 0.128323 0.107254 0.164139 0.034055 0.285789 0.046277 0.143033 0.048655 
0.007312 0.031834 0.152697 0.123557 0.153971 0.107105 0.252500 0.074686 0.058695 0.037641 
0.006073 0.025914 0.233988 0.111196 0.278139 0.083126 0.131032 0.026799 0.055426 0.048307 
0.005241 0.020470 0.250557 0.123506 0.333382 0.059029 0.067891 0.033985 0.067697 0.038241 
0.005784 0.024955 0.285293 0.150552 0.308420 0.049544 0.085843 0.025095 0.036167 0.028349 
0.009678 0.020243 0.283913 0.130238 0.169092 0.121839 0.059252 0.090079 0.066312 0.049353 
0.007674 0.024274 0.056216 0.114758 0.041567 0.183893 0.256091 0.052059 0.143633 0.119837 
0.001383 0.004772 0.019163 0.067699 0.078648 0.037977 0.286379 0.086146 0.083019 0.334815 
0.002411 0.011606 0.042289 0.076178 0.101728 0.046758 0.255137 0.095574 0.045813 0.322505 
0.003256 0.015949 0.065591 0.096646 0.076069 0.035699 0.147660 0.048629 0.076872 0.433630 
0.003316 0.010867 0.074947 0.107215 0.089732 0.016150 0.174513 0.057495 0.035086 0.430679 
0.004084 0.016992 0.062317 0.099440 0.061683 0.020661 0.126107 0.110713 0.087379 0.410623 
0.002229 0.012158 0.142596 0.162893 0.082050 0.117643 0.100776 0.231837 0.071439 0.076380 
0.000130 0.014506 0.118190 0.131500 0.108201 0.107638 0.091679 0.303997 0.053432 0.070727 
0.002732 0.019690 0.129819 0.150827 0.100703 0.129933 0.079550 0.281288 0.048211 0.057247 
0.005900 0.026990 0.080154 0.105906 0.087006 0.073352 0.117090 0.365985 0.055817 0.081800 
0.001167 0.029017 0.121990 0.343465 0.117434 0.108524 0.046396 0.086009 0.058329 0.087669 
0.005480 0.020270 0.134079 0.282153 0.123934 0.104214 0.095684 0.029404 0.098845 0.105937 
0.001462 0.015546 0.160300 0.078082 0.057429 0.058914 0.348737 0.066886 0.068814 0.143830 
0.003843 0.018695 0.151695 0.075226 0.041551 0.055984 0.353406 0.121640 0.046610 0.131349 
0.006830 0.032330 0.092462 0.101039 0.057970 0.064351 0.419004 0.097494 0.039437 0.089085 
0.004061 0.014629 0.104485 0.096477 0.077236 0.076393 0.368242 0.087039 0.045875 0.125563 
0.006485 0.021583 0.106182 0.140129 0.093380 0.057589 0.343785 0.068194 0.028810 0.133863 
0.001029 0.005230 0.071616 0.150948 0.065250 0.072096 0.346436 0.117832 0.055813 0.113750 
0.003861 0.018840 0.086969 0.211858 0.062104 0.064707 0.319997 0.078844 0.038786 0.114033 
0.002717 0.014770 0.091846 0.221437 0.106541 0.045557 0.279689 0.063941 0.034050 0.139451 
0.003260 0.014214 0.079926 0.210275 0.101723 0.048511 0.275310 0.092603 0.040248 0.133930 
0.002137 0.006389 0.053945 0.148743 0.101329 0.048326 0.385766 0.085449 0.044309 0.123607 
0.001997 0.013555 0.092700 0.146272 0.070656 0.049011 0.327508 0.046544 0.069741 0.182014 
0.000020 0.005225 0.062391 0.240464 0.070985 0.179390 0.239032 0.037781 0.109324 0.055388 
0.002581 0.014378 0.062178 0.208440 0.094378 0.317702 0.058962 0.112784 0.077032 0.051564 
0.003546 0.017103 0.049048 0.104346 0.080028 0.086371 0.077191 0.138791 0.374745 0.068832 
0.003535 0.015379 0.043656 0.114134 0.072729 0.131794 0.040363 0.260647 0.107564 0.210199 
0.001118 0.007017 0.053191 0.110101 0.055615 0.098692 0.069206 0.137411 0.073407 0.394240 
0.000783 0.009380 0.049458 0.155001 0.078977 0.065291 0.062062 0.181416 0.087434 0.310199 
0.000699 0.006799 0.046380 0.098471 0.079580 0.049659 0.089169 0.079124 0.295646 0.254473 
0.005333 0.023939 0.083706 0.080873 0.094119 0.071230 0.068960 0.108445 0.410873 0.052522 
0.002006 0.023973 0.180186 0.108752 0.073379 0.056295 0.141814 0.043634 0.336564 0.033396 
0.006144 0.017673 0.128413 0.059329 0.052119 0.045515 0.142515 0.081090 0.371763 0.095439 
0.004160 0.030352 0.103845 0.084071 0.061471 0.040168 0.165768 0.059582 0.366513 0.084071 
0.001182 0.003803 0.054220 0.082270 0.048684 0.037988 0.182832 0.078677 0.445691 0.064656 
0.002657 0.008331 0.096102 0.082288 0.066683 0.057224 0.280691 0.066114 0.303289 0.036621 
0.004948 0.025084 0.167535 0.126481 0.219763 0.118252 0.136481 0.095476 0.078793 0.027187 
0.001174 0.021580 0.267618 0.248665 0.111995 0.064199 0.125617 0.016751 0.079092 0.063309 
0.004950 0.026587 0.257218 0.190794 0.084532 0.064082 0.155997 0.030683 0.125188 0.059968 
0.001460 0.015965 0.184984 0.266827 0.083511 0.044779 0.141247 0.029412 0.144852 0.086964 
0.011581 0.047145 0.172335 0.240308 0.107398 0.050876 0.134731 0.038840 0.144424 0.052361 
0.006023 0.028257 0.124035 0.265729 0.155939 0.071769 0.155859 0.050124 0.080910 0.061356 
0.000450 0.009817 0.149455 0.256142 0.125401 0.075421 0.190153 0.071461 0.026799 0.094901 
0.002992 0.029913 0.120762 0.233591 0.141867 0.068580 0.169864 0.079102 0.059721 0.093608 
0.002370 0.012549 0.105158 0.225851 0.123256 0.079434 0.192487 0.060560 0.114637 0.083699 
0.008400 0.033160 0.113163 0.211574 0.202617 0.082577 0.140975 0.040058 0.081494 0.085982 
0.000956 0.013941 0.100503 0.233773 0.177015 0.068996 0.133461 0.070671 0.107183 0.093501 
0.003402 0.010655 0.107468 0.241957 0.249864 0.055022 0.156588 0.036210 0.072852 0.065982 
0.000851 0.008456 0.106880 0.224476 0.172235 0.078959 0.168395 0.073249 0.090435 0.076064 
0.001854 0.006725 0.121000 0.258820 0.197241 0.077215 0.145482 0.058587 0.082563 0.050513 
0.001937 0.010933 0.106867 0.245841 0.198548 0.090865 0.172409 0.044528 0.073022 0.055049 
0.007350 0.037567 0.113854 0.232072 0.187022 0.096479 0.170570 0.049359 0.070158 0.035569 
0.001546 0.010499 0.094871 0.236492 0.256234 0.076680 0.154954 0.048084 0.077311 0.043330 
0.004025 0.025066 0.131221 0.179680 0.185206 0.148542 0.187550 0.034592 0.073793 0.030324 
0.001743 0.010295 0.021861 0.035864 0.262697 0.179836 0.051393 0.067541 0.186177 0.182593 
0.003187 0.023604 0.046698 0.115943 0.052186 0.095617 0.491471 0.053408 0.073467 0.044419 
0.003370 0.015810 0.120074 0.148507 0.053464 0.040872 0.473923 0.043329 0.078701 0.021952 
0.007904 0.032789 0.074364 0.094292 0.072325 0.094806 0.440341 0.069989 0.093175 0.020015 
0.000944 0.004581 0.058794 0.091920 0.065899 0.055247 0.515122 0.108001 0.040130 0.059361 
0.000529 0.002371 0.043800 0.071543 0.059679 0.069624 0.487695 0.160250 0.057704 0.046804 
0.000294 0.006167 0.048439 0.078592 0.046723 0.048124 0.508391 0.152853 0.052725 0.057693 
0.003576 0.010704 0.084940 0.101786 0.072727 0.064181 0.446903 0.117207 0.045163 0.052812 
0.004009 0.013088 0.156937 0.084070 0.068479 0.052554 0.449976 0.097523 0.037590 0.035774 
0.006212 0.038116 0.192827 0.150740 0.048633 0.020151 0.367406 0.089096 0.037449 0.049371 
0.009408 0.043437 0.232718 0.281878 0.110333 0.032452 0.169960 0.055741 0.046828 0.017246 
0.002743 0.024243 0.214292 0.199213 0.116718 0.059982 0.188898 0.062968 0.074020 0.056922 
0.003305 0.021719 0.279142 0.306987 0.127449 0.060347 0.112014 0.019750 0.047717 0.021570 
0.002626 0.021619 0.123656 0.492878 0.092953 0.091422 0.081227 0.054425 0.029271 0.009922 
0.003753 0.027341 0.081324 0.243986 0.126796 0.271425 0.109285 0.078284 0.044059 0.013749 
0.006741 0.025681 0.077442 0.130262 0.217708 0.254128 0.111370 0.099681 0.035773 0.041213 
0.009781 0.048149 0.146401 0.113765 0.272029 0.075697 0.202333 0.056195 0.051850 0.023799 
0.008180 0.027122 0.136874 0.158676 0.290086 0.064281 0.166795 0.074441 0.059169 0.014377 
0.004447 0.017902 0.097626 0.134638 0.375528 0.110780 0.123243 0.066970 0.054425 0.014442 
0.001854 0.009059 0.066875 0.138710 0.412220 0.085222 0.118542 0.070970 0.062230 0.034317 
0.000603 0.009970 0.106019 0.083430 0.197086 0.061433 0.315086 0.106450 0.084432 0.035492 
0.000604 0.003606 0.102303 0.101640 0.151742 0.041056 0.335201 0.065561 0.152163 0.046125 
