warmfoothills, alt-j
0.000000 0.000000 0.000000 0.000000 0.000000 0.000000 0.000000 0.000000 0.000000 0.000000 
0.098339 0.172812 0.118989 0.130515 0.138885 0.035766 0.119803 0.071159 0.055673 0.058058 
0.091055 0.160395 0.168004 0.066202 0.097503 0.114984 0.107660 0.073426 0.077003 0.043768 
0.005701 0.169983 0.320496 0.158109 0.054082 0.113443 0.057028 0.054463 0.024204 0.042489 
0.031454 0.115938 0.203665 0.190859 0.191081 0.104645 0.057500 0.033448 0.036409 0.035000 
0.016216 0.226054 0.414588 0.167241 0.084627 0.026411 0.025408 0.022201 0.010768 0.006486 
0.005319 0.059371 0.483619 0.263494 0.054707 0.061996 0.030834 0.012956 0.017030 0.010675 
0.001052 0.074237 0.487353 0.291134 0.025702 0.065934 0.012318 0.006427 0.009673 0.026171 
0.017651 0.137332 0.367057 0.250421 0.048555 0.096667 0.019190 0.017768 0.013746 0.031612 
0.018367 0.106901 0.288571 0.251788 0.072990 0.115673 0.036364 0.023291 0.014684 0.071369 
0.006281 0.044842 0.304590 0.215142 0.136415 0.129600 0.031024 0.026744 0.035325 0.070038 
0.005965 0.045651 0.260246 0.176629 0.049727 0.293852 0.042806 0.026111 0.021101 0.077913 
0.000229 0.035983 0.278627 0.203300 0.100120 0.146956 0.083149 0.046711 0.028161 0.076764 
0.008495 0.056270 0.173609 0.147418 0.094579 0.307739 0.062359 0.037480 0.036078 0.075972 
0.008545 0.054945 0.279142 0.213224 0.109749 0.204119 0.027035 0.016762 0.031400 0.055080 
0.007966 0.052281 0.316516 0.217072 0.079414 0.219363 0.004617 0.005105 0.027409 0.070258 
0.015727 0.088387 0.266569 0.227561 0.133582 0.147729 0.031699 0.015970 0.014949 0.057828 
0.000800 0.038804 0.209793 0.183981 0.118284 0.261046 0.057197 0.032552 0.032192 0.065350 
0.013005 0.063655 0.269397 0.184058 0.102012 0.178826 0.055351 0.032274 0.025470 0.075953 
0.007290 0.072768 0.344720 0.245076 0.117431 0.072374 0.036944 0.028305 0.029090 0.046002 
0.009328 0.093142 0.407355 0.155910 0.120736 0.116849 0.022604 0.021777 0.026944 0.025355 
0.006778 0.080899 0.283301 0.079318 0.213342 0.221150 0.021198 0.014891 0.023800 0.055323 
0.002352 0.046607 0.339810 0.113205 0.227826 0.113092 0.041013 0.015683 0.018223 0.082189 
0.002283 0.037942 0.293939 0.066800 0.198998 0.291243 0.019872 0.011268 0.042536 0.035118 
0.003972 0.034670 0.208533 0.075381 0.212154 0.319331 0.026865 0.013732 0.050083 0.055279 
0.003953 0.028708 0.264030 0.095666 0.299671 0.176729 0.017095 0.008293 0.033864 0.071990 
0.002186 0.015303 0.218881 0.063533 0.241025 0.289783 0.048390 0.028426 0.065933 0.026540 
0.003363 0.010102 0.203133 0.062542 0.236285 0.341602 0.025201 0.014304 0.054749 0.048720 
0.001542 0.011195 0.175756 0.060646 0.263778 0.356694 0.022730 0.010579 0.035986 0.061094 
0.001784 0.009180 0.160870 0.057519 0.224202 0.404018 0.031924 0.018471 0.035587 0.056445 
0.001256 0.005928 0.175478 0.067505 0.234034 0.367526 0.013236 0.010667 0.073375 0.050994 
0.004354 0.018868 0.151039 0.163377 0.262066 0.236598 0.014319 0.026485 0.054484 0.068411 
0.000831 0.014227 0.132257 0.155215 0.268870 0.216833 0.065519 0.047101 0.059542 0.039603 
0.000653 0.047700 0.433696 0.107895 0.177903 0.135681 0.022450 0.012946 0.021296 0.039781 
0.006901 0.055203 0.346018 0.137744 0.149724 0.189258 0.029653 0.020053 0.028503 0.036944 
0.015257 0.088233 0.322516 0.091120 0.241537 0.124208 0.033554 0.020838 0.032033 0.030703 
0.008307 0.051986 0.277291 0.110866 0.285861 0.123076 0.048531 0.028104 0.024621 0.041358 
0.006063 0.025061 0.220334 0.061334 0.358730 0.144025 0.063463 0.026895 0.050636 0.043459 
0.001862 0.015088 0.114374 0.122598 0.406179 0.167141 0.053022 0.035330 0.042636 0.041769 
0.006670 0.024517 0.137094 0.190475 0.318460 0.158207 0.065440 0.030079 0.045593 0.023465 
0.003312 0.018813 0.186394 0.188931 0.248612 0.200666 0.069510 0.035385 0.016643 0.031735 
0.008219 0.041165 0.215130 0.205862 0.229672 0.161923 0.053051 0.021832 0.028715 0.034431 
0.012346 0.054486 0.238796 0.205339 0.235967 0.101920 0.048374 0.038974 0.026199 0.037600 
0.009685 0.042850 0.249229 0.167796 0.298053 0.100238 0.057409 0.020748 0.028576 0.025415 
0.005747 0.029438 0.221313 0.155647 0.210816 0.178471 0.069455 0.058835 0.036594 0.033684 
0.003788 0.020745 0.242298 0.200178 0.205339 0.137487 0.095636 0.044270 0.028121 0.022138 
0.005870 0.033168 0.320688 0.184863 0.222978 0.096742 0.072825 0.028237 0.017356 0.017273 
0.011648 0.073983 0.334700 0.223512 0.205523 0.054909 0.042536 0.017598 0.018269 0.017323 
0.004787 0.077266 0.346899 0.260843 0.118237 0.072170 0.039545 0.032549 0.028117 0.019587 
0.008956 0.074796 0.406416 0.194998 0.169540 0.047618 0.034177 0.023075 0.025628 0.014797 
0.004142 0.062928 0.472121 0.214639 0.151833 0.023538 0.035578 0.010773 0.012903 0.011545 
0.005979 0.067951 0.412599 0.146174 0.217087 0.053212 0.032231 0.027558 0.021237 0.015972 
0.012102 0.066682 0.301615 0.213078 0.237367 0.045484 0.044619 0.024706 0.036660 0.017687 
0.002726 0.047056 0.355844 0.248754 0.198176 0.069279 0.028272 0.012026 0.029227 0.008640 
0.018599 0.099855 0.347074 0.251636 0.182408 0.037765 0.023922 0.010609 0.014720 0.013412 
0.000639 0.062429 0.401381 0.212305 0.220738 0.039398 0.020871 0.019303 0.010317 0.012620 
0.006191 0.059883 0.359336 0.193499 0.193524 0.097981 0.022377 0.016294 0.032799 0.018115 
0.016126 0.093319 0.343616 0.160022 0.177842 0.109080 0.015668 0.012842 0.056777 0.014707 
0.012003 0.098550 0.356654 0.190196 0.125817 0.111149 0.022669 0.016263 0.045584 0.021114 
0.001535 0.065308 0.438028 0.127306 0.185543 0.089416 0.029299 0.009144 0.035183 0.019238 
0.010440 0.189383 0.419042 0.142255 0.109080 0.055904 0.021584 0.017690 0.019827 0.014795 
0.009035 0.306391 0.377301 0.110516 0.099446 0.034250 0.020701 0.014609 0.013077 0.014674 
0.031183 0.398412 0.331368 0.092023 0.072921 0.019377 0.017674 0.013737 0.011676 0.011630 
0.008499 0.339710 0.284766 0.126298 0.122945 0.030165 0.027303 0.020494 0.024797 0.015022 
0.026950 0.394004 0.210580 0.123921 0.134129 0.042111 0.020145 0.016647 0.018086 0.013427 
0.011529 0.315616 0.193636 0.163353 0.170318 0.048202 0.029948 0.019779 0.032591 0.015027 
0.020809 0.308713 0.165280 0.144684 0.206311 0.041430 0.048450 0.035041 0.015366 0.013916 
0.000616 0.237982 0.208736 0.187731 0.201691 0.040053 0.038507 0.026171 0.033216 0.025295 
0.015105 0.258168 0.313824 0.140423 0.161451 0.031072 0.033460 0.018407 0.018493 0.009596 
0.012948 0.235426 0.302665 0.128210 0.156832 0.059781 0.043465 0.026049 0.018496 0.016127 
0.026893 0.255950 0.273860 0.129211 0.175092 0.057309 0.030974 0.026328 0.014407 0.009976 
0.003344 0.169610 0.388336 0.179484 0.154859 0.025189 0.019153 0.017811 0.033724 0.008490 
0.018702 0.248546 0.274695 0.171603 0.152329 0.029986 0.029754 0.020957 0.032179 0.021249 
0.013990 0.220107 0.336210 0.140081 0.122973 0.055750 0.035328 0.029225 0.021036 0.025301 
0.009918 0.143028 0.412803 0.243426 0.075511 0.033073 0.021410 0.024412 0.014710 0.021709 
0.009246 0.120127 0.440762 0.210732 0.091940 0.053948 0.016415 0.025780 0.015023 0.016026 
0.022366 0.133474 0.349250 0.189897 0.157175 0.070974 0.032852 0.012950 0.016678 0.014384 
0.012018 0.060543 0.426463 0.197979 0.103742 0.085633 0.052215 0.022349 0.021803 0.017255 
0.013232 0.072189 0.442420 0.175194 0.134661 0.077682 0.035745 0.019242 0.018670 0.010965 
0.007400 0.056608 0.359157 0.312315 0.144004 0.030705 0.040331 0.026326 0.011759 0.011395 
0.011855 0.106533 0.320295 0.301121 0.119519 0.037811 0.025065 0.025117 0.028334 0.024349 
0.014650 0.138101 0.348848 0.250177 0.087977 0.038821 0.056831 0.026562 0.018292 0.019742 
0.019205 0.140763 0.371959 0.241990 0.113645 0.030252 0.035224 0.019240 0.015352 0.012370 
0.019189 0.124369 0.339813 0.241467 0.123956 0.045615 0.050753 0.022342 0.018013 0.014483 
0.002519 0.078658 0.391786 0.303797 0.074483 0.037687 0.048823 0.026982 0.018151 0.017115 
0.013362 0.141407 0.314761 0.292566 0.076432 0.022849 0.038158 0.055829 0.026677 0.017958 
0.002739 0.160183 0.197084 0.287015 0.151929 0.025991 0.085422 0.037140 0.022554 0.029944 
0.019372 0.208322 0.523309 0.110065 0.053044 0.028030 0.022577 0.014434 0.011439 0.009408 
0.040559 0.368406 0.414589 0.088286 0.035480 0.020085 0.012777 0.005801 0.005155 0.008861 
0.040500 0.374883 0.377715 0.070861 0.061728 0.018416 0.026930 0.010137 0.009674 0.009154 
0.033938 0.293511 0.466335 0.101693 0.045787 0.012917 0.022271 0.012382 0.006635 0.004531 
0.026455 0.265323 0.376921 0.174187 0.055061 0.030409 0.023576 0.022054 0.016085 0.009930 
0.012041 0.236216 0.471017 0.088628 0.048334 0.042301 0.035089 0.028331 0.020981 0.017063 
0.003299 0.226760 0.358394 0.145188 0.085055 0.052869 0.050896 0.032067 0.028405 0.017067 
0.014897 0.242703 0.403976 0.109696 0.082048 0.045941 0.047711 0.018577 0.020543 0.013910 
0.031965 0.301362 0.371884 0.099280 0.072614 0.033768 0.038153 0.018366 0.015867 0.016741 
0.045619 0.378260 0.377261 0.088503 0.028996 0.019993 0.021378 0.015724 0.014142 0.010123 
0.045024 0.367615 0.357328 0.082597 0.068649 0.019717 0.017612 0.016275 0.021190 0.003994 
0.035951 0.321179 0.349464 0.099368 0.076961 0.034848 0.028354 0.022574 0.019858 0.011443 
0.022483 0.261072 0.374850 0.123725 0.079467 0.039962 0.034443 0.028300 0.019074 0.016625 
0.004145 0.234943 0.438607 0.102373 0.090030 0.026837 0.031059 0.032838 0.022402 0.016768 
0.014407 0.226980 0.434558 0.130028 0.059891 0.037660 0.033052 0.024313 0.020111 0.018999 
0.023340 0.246988 0.400390 0.151885 0.045939 0.032844 0.028451 0.030192 0.018823 0.021149 
0.028281 0.256554 0.489056 0.097919 0.067034 0.013955 0.013507 0.013137 0.010270 0.010287 
0.036534 0.292772 0.395769 0.137351 0.065732 0.024166 0.016011 0.011791 0.012428 0.007445 
0.020382 0.236411 0.517646 0.066571 0.085125 0.018746 0.019389 0.012650 0.015478 0.007601 
0.011972 0.193438 0.390256 0.148364 0.079079 0.049267 0.046257 0.034337 0.027261 0.019770 
0.005405 0.179297 0.518014 0.118636 0.063581 0.034230 0.024564 0.023948 0.020400 0.011925 
0.016249 0.216363 0.505400 0.095030 0.088074 0.018168 0.021062 0.016489 0.012178 0.010987 
0.023931 0.248339 0.487759 0.135230 0.026479 0.015323 0.021028 0.015342 0.015934 0.010634 
0.041072 0.284649 0.427382 0.149569 0.057265 0.018083 0.008298 0.004801 0.008320 0.000561 
0.040754 0.306090 0.422233 0.123851 0.052167 0.021861 0.011380 0.007534 0.008883 0.005246 
0.029199 0.270342 0.427714 0.137768 0.054302 0.025652 0.017897 0.013763 0.012918 0.010445 
0.021883 0.246799 0.438517 0.123886 0.057504 0.035393 0.023622 0.018677 0.018169 0.015549 
0.006313 0.209728 0.504745 0.074153 0.062392 0.040817 0.033623 0.025178 0.027347 0.015704 
0.000717 0.199568 0.418011 0.151856 0.083600 0.046242 0.032082 0.026365 0.026101 0.015457 
0.020886 0.209920 0.412958 0.162655 0.055578 0.038828 0.034625 0.026381 0.024128 0.014043 
0.027456 0.244355 0.345947 0.171185 0.085929 0.034660 0.031206 0.024441 0.019244 0.015575 
0.029315 0.281762 0.499435 0.094336 0.045601 0.014032 0.014548 0.007868 0.008483 0.004620 
0.037309 0.294981 0.414178 0.139498 0.052128 0.019082 0.019364 0.007056 0.009545 0.006858 
0.026193 0.222593 0.498124 0.178999 0.038094 0.012872 0.008429 0.004641 0.005979 0.004077 
0.013010 0.213517 0.462532 0.197875 0.043964 0.016658 0.016774 0.014235 0.012466 0.008970 
0.003850 0.189974 0.569986 0.108007 0.045009 0.025016 0.019086 0.016406 0.013643 0.009024 
0.015508 0.223240 0.434438 0.161106 0.051829 0.025179 0.032372 0.023221 0.020846 0.012261 
0.014659 0.244941 0.371627 0.210088 0.060482 0.024395 0.024352 0.019426 0.017531 0.012500 
0.027672 0.250517 0.350703 0.172224 0.084805 0.027951 0.031918 0.023168 0.018546 0.012496 
0.026781 0.269215 0.382333 0.236355 0.033858 0.016091 0.012512 0.008872 0.007763 0.006221 
0.024523 0.225800 0.453051 0.160478 0.066329 0.016708 0.022158 0.011825 0.012493 0.006633 
0.011753 0.175968 0.398666 0.148957 0.105838 0.043642 0.042192 0.027614 0.026961 0.018408 
0.009831 0.198179 0.360442 0.183906 0.108218 0.038598 0.037073 0.024112 0.023910 0.015730 
0.011177 0.206589 0.418568 0.201890 0.091542 0.023198 0.014449 0.012798 0.013128 0.006661 
0.027187 0.269493 0.396002 0.148094 0.067718 0.025920 0.022583 0.012881 0.019635 0.010487 
0.035555 0.292897 0.302305 0.262193 0.070335 0.011076 0.005989 0.005934 0.009306 0.004411 
0.032894 0.290763 0.360380 0.206032 0.066849 0.012909 0.011846 0.004466 0.011193 0.002668 
0.033680 0.276025 0.320328 0.269796 0.061053 0.012231 0.010374 0.004617 0.009524 0.002372 
0.025789 0.207037 0.487848 0.190367 0.059537 0.007995 0.006419 0.003813 0.006826 0.004369 
0.014877 0.149379 0.454877 0.216824 0.066073 0.021356 0.026337 0.020409 0.019820 0.010050 
0.004637 0.145949 0.397044 0.181837 0.105771 0.046582 0.038442 0.031511 0.029814 0.018413 
0.001944 0.173147 0.367170 0.197982 0.112211 0.043103 0.034926 0.027767 0.025678 0.016071 
0.022487 0.206230 0.410275 0.187412 0.064379 0.034693 0.029828 0.018731 0.015344 0.010622 
0.025097 0.257927 0.393519 0.157126 0.088916 0.031211 0.019436 0.015330 0.007743 0.003696 
0.038950 0.268455 0.305591 0.201387 0.101708 0.024753 0.020391 0.017207 0.012257 0.009301 
0.025536 0.212080 0.294102 0.225189 0.127467 0.030516 0.031598 0.021879 0.017792 0.013840 
0.023674 0.214038 0.328926 0.266408 0.090821 0.018710 0.018846 0.015045 0.013201 0.010330 
0.003303 0.184157 0.430020 0.258981 0.062748 0.014694 0.013475 0.013200 0.011115 0.008306 
0.005815 0.175418 0.379592 0.305779 0.038457 0.018436 0.025213 0.022722 0.015987 0.012581 
0.009429 0.205762 0.324217 0.206758 0.081060 0.042201 0.040056 0.037100 0.033277 0.020142 
0.011535 0.203255 0.359736 0.189683 0.094738 0.038998 0.035946 0.024531 0.027138 0.014441 
0.021577 0.245179 0.424486 0.157723 0.068219 0.024938 0.022289 0.013253 0.017501 0.004835 
0.020675 0.242880 0.451857 0.136892 0.058107 0.027326 0.019912 0.021584 0.015091 0.005677 
0.022260 0.161896 0.457346 0.157423 0.108755 0.034874 0.016726 0.017704 0.013213 0.009804 
0.019295 0.225972 0.241733 0.248513 0.161146 0.028258 0.034737 0.016055 0.014066 0.010224 
0.024397 0.124645 0.345502 0.305832 0.073417 0.041173 0.023473 0.020958 0.024862 0.015740 
0.019757 0.097148 0.473380 0.214957 0.088826 0.026713 0.023361 0.030066 0.017842 0.007949 
0.008303 0.215651 0.432896 0.211118 0.048414 0.018301 0.018350 0.013258 0.026004 0.007705 
0.008086 0.138973 0.342902 0.291725 0.069212 0.025891 0.050614 0.028554 0.029103 0.014940 
0.007340 0.288427 0.252585 0.187441 0.131192 0.032615 0.028471 0.029628 0.027489 0.014812 
0.033476 0.177697 0.365255 0.166671 0.111511 0.025819 0.031780 0.038964 0.027887 0.020942 
0.037789 0.184580 0.400425 0.163999 0.080516 0.050154 0.031443 0.023331 0.018319 0.009446 
0.022620 0.185715 0.403774 0.172131 0.114571 0.023491 0.028011 0.018426 0.018390 0.012872 
0.007535 0.217858 0.315412 0.202727 0.108534 0.034698 0.043791 0.028386 0.022825 0.018232 
0.008580 0.268344 0.336800 0.164229 0.098053 0.036041 0.029932 0.021361 0.023779 0.012882 
0.030752 0.193009 0.364860 0.209853 0.068958 0.037262 0.025149 0.028803 0.021551 0.019804 
0.004914 0.320574 0.187451 0.265210 0.096203 0.034517 0.021603 0.041186 0.015620 0.012722 
0.031087 0.321081 0.269684 0.202335 0.071153 0.024596 0.017905 0.020515 0.027410 0.014233 
0.017871 0.330177 0.418547 0.127632 0.036239 0.020748 0.019794 0.006479 0.016975 0.005538 
0.004011 0.275928 0.359065 0.123376 0.089369 0.044604 0.030261 0.027513 0.024506 0.021365 
0.018588 0.372292 0.283159 0.133621 0.066464 0.031135 0.034014 0.020227 0.024131 0.016370 
0.006085 0.324798 0.382693 0.140791 0.033499 0.035223 0.025493 0.013157 0.021464 0.016796 
0.022442 0.402882 0.312809 0.086937 0.048646 0.023023 0.043948 0.022607 0.025692 0.011012 
0.024621 0.247162 0.285022 0.172530 0.067372 0.068317 0.032856 0.048087 0.028737 0.025297 
0.021771 0.352392 0.319397 0.098705 0.062768 0.026489 0.036013 0.030763 0.022523 0.029180 
0.024491 0.292498 0.309920 0.081084 0.069244 0.075264 0.051115 0.025420 0.041515 0.029450 
0.022274 0.280789 0.297203 0.132059 0.061921 0.049984 0.081089 0.020905 0.029124 0.024651 
0.029987 0.297915 0.228645 0.139844 0.068540 0.083002 0.046946 0.044332 0.032577 0.028212 
0.008697 0.300839 0.225893 0.113753 0.087429 0.075131 0.081059 0.036057 0.033118 0.038025 
0.004164 0.366225 0.188747 0.096651 0.062172 0.071193 0.084759 0.035291 0.055171 0.035626 
0.026400 0.435506 0.229050 0.078748 0.053557 0.071767 0.039051 0.022730 0.022389 0.020802 
0.042278 0.173429 0.306659 0.165890 0.076477 0.054166 0.070307 0.020787 0.048758 0.041248 
0.008543 0.282728 0.207374 0.182136 0.037034 0.060431 0.104811 0.041740 0.037462 0.037742 
0.016901 0.372824 0.162484 0.117155 0.047788 0.092817 0.086089 0.038662 0.030417 0.034862 
0.008092 0.291824 0.183261 0.129712 0.101314 0.072326 0.096881 0.056163 0.027733 0.032695 
0.010677 0.248709 0.253912 0.090407 0.073193 0.064464 0.111993 0.054434 0.052594 0.039617 
0.025473 0.273539 0.217440 0.070718 0.060259 0.088926 0.120888 0.037935 0.041329 0.063493 
0.018481 0.212162 0.142996 0.112908 0.117268 0.114489 0.116241 0.063701 0.067595 0.034161 
0.005339 0.320860 0.161453 0.084622 0.060917 0.102114 0.132469 0.044648 0.034423 0.053155 
0.015653 0.245880 0.175125 0.077517 0.096481 0.122185 0.110334 0.045346 0.062662 0.048816 
0.011600 0.232002 0.141623 0.110222 0.086784 0.110371 0.170642 0.035314 0.049241 0.052201 
0.015423 0.236295 0.089872 0.101561 0.086196 0.136885 0.180175 0.053659 0.059764 0.040171 
0.022590 0.237406 0.092823 0.073382 0.106711 0.152474 0.160334 0.055004 0.060326 0.038950 
0.018686 0.261188 0.090185 0.117666 0.057148 0.172859 0.123998 0.059974 0.058536 0.039758 
0.019715 0.154993 0.351912 0.115301 0.070250 0.112213 0.088193 0.027348 0.034107 0.025969 
0.009733 0.181959 0.411796 0.157110 0.120263 0.049300 0.025105 0.014356 0.016338 0.014040 
0.022689 0.106832 0.194790 0.126001 0.299185 0.126002 0.038157 0.015633 0.053942 0.016771 
0.026306 0.199805 0.334552 0.192168 0.101849 0.092688 0.017790 0.012523 0.012518 0.009801 
0.020130 0.219396 0.341105 0.156172 0.076029 0.090541 0.029982 0.024683 0.023473 0.018489 
0.009326 0.066129 0.361653 0.143497 0.087935 0.160993 0.044879 0.033891 0.035545 0.056153 
0.015724 0.095593 0.283109 0.095982 0.131907 0.215455 0.056560 0.030242 0.036372 0.039056 
0.003211 0.048459 0.251826 0.103884 0.145212 0.273297 0.045493 0.019237 0.043586 0.065795 
0.016379 0.072065 0.194669 0.088877 0.130969 0.330225 0.052607 0.026998 0.039691 0.047520 
0.009213 0.058306 0.199506 0.102207 0.151368 0.315866 0.045886 0.019762 0.037832 0.060054 
0.004390 0.035125 0.229202 0.116529 0.170489 0.314578 0.047648 0.022243 0.044537 0.015258 
0.008591 0.057355 0.301720 0.121735 0.102950 0.199345 0.025672 0.013938 0.047003 0.121691 
0.004598 0.039585 0.205464 0.096185 0.173679 0.318513 0.046651 0.016612 0.041676 0.057036 
0.008031 0.049201 0.199722 0.099928 0.222911 0.250807 0.036358 0.014178 0.057758 0.061106 
0.000740 0.041569 0.279771 0.125303 0.165014 0.181873 0.036364 0.020089 0.041223 0.108055 
0.009610 0.056771 0.229908 0.105696 0.226729 0.255611 0.012849 0.007817 0.056016 0.038994 
0.014079 0.080200 0.362258 0.120994 0.243249 0.098356 0.014082 0.013257 0.017759 0.035766 
0.008781 0.082684 0.305729 0.128150 0.228217 0.164745 0.015518 0.008871 0.023245 0.034060 
0.004431 0.083777 0.277856 0.083489 0.280147 0.075208 0.030819 0.024017 0.086386 0.053871 
0.005662 0.034585 0.293494 0.051788 0.198349 0.215530 0.061533 0.032210 0.066539 0.040309 
0.002857 0.017946 0.226295 0.076524 0.235107 0.263507 0.044634 0.022411 0.039505 0.071213 
0.000625 0.022894 0.209537 0.079162 0.364175 0.215267 0.019277 0.009805 0.053908 0.025349 
0.004141 0.035758 0.156479 0.064336 0.328106 0.248944 0.018253 0.022004 0.076974 0.045005 
0.002030 0.016852 0.154787 0.059511 0.248805 0.311847 0.049290 0.030255 0.075832 0.050789 
0.001343 0.013796 0.181078 0.062801 0.244485 0.349880 0.025022 0.015734 0.051461 0.054400 
0.005405 0.023900 0.177924 0.039835 0.207623 0.276980 0.100126 0.064243 0.065609 0.038355 
0.006357 0.030594 0.175518 0.029051 0.244547 0.312837 0.044391 0.037825 0.069499 0.049382 
0.011844 0.049422 0.116102 0.119986 0.309959 0.180381 0.068654 0.026559 0.045713 0.071381 
0.006133 0.027748 0.079730 0.038488 0.403235 0.296573 0.031110 0.026609 0.055376 0.034998 
0.006510 0.059944 0.087479 0.095216 0.349472 0.129091 0.033581 0.056315 0.121017 0.061375 
0.006945 0.060508 0.430962 0.102751 0.181400 0.116206 0.023013 0.022846 0.034769 0.020599 
0.018659 0.113526 0.296997 0.099979 0.235525 0.071735 0.044793 0.038704 0.044771 0.035311 
0.018447 0.098798 0.308622 0.136896 0.188107 0.122498 0.034304 0.034233 0.033726 0.024370 
0.000682 0.011427 0.293570 0.136508 0.257789 0.128412 0.055274 0.031202 0.037959 0.047179 
0.008030 0.050028 0.227175 0.088777 0.294370 0.118651 0.106572 0.037544 0.025925 0.042928 
0.002202 0.018509 0.114479 0.124300 0.295062 0.194078 0.092049 0.045096 0.061278 0.052947 
0.003611 0.017586 0.139003 0.135939 0.323828 0.196329 0.060266 0.034853 0.059942 0.028642 
0.006404 0.030559 0.164128 0.190650 0.312603 0.152366 0.050859 0.016918 0.039048 0.036464 
0.003382 0.021957 0.202967 0.234225 0.305548 0.072536 0.068146 0.023132 0.034381 0.033726 
0.008834 0.037515 0.224250 0.208648 0.320089 0.080847 0.047593 0.018546 0.033458 0.020220 
0.009270 0.037228 0.294415 0.228619 0.183036 0.086929 0.059575 0.030803 0.052052 0.018073 
0.001122 0.017679 0.267376 0.235637 0.202079 0.059440 0.095981 0.022134 0.061440 0.037112 
0.002372 0.015486 0.259485 0.275837 0.200087 0.067278 0.059622 0.049469 0.036459 0.033906 
0.004746 0.082860 0.314459 0.248838 0.190047 0.068026 0.032994 0.018934 0.025086 0.014010 
0.008128 0.105078 0.292108 0.222785 0.235538 0.058260 0.037134 0.012158 0.015678 0.013133 
0.000803 0.101163 0.299624 0.182592 0.209009 0.083768 0.049481 0.023941 0.035627 0.013991 
0.003749 0.118449 0.279365 0.181705 0.220878 0.065894 0.058642 0.021970 0.027411 0.021937 
0.001239 0.096441 0.384205 0.145376 0.212215 0.041717 0.031405 0.036333 0.032949 0.018120 
0.017457 0.137413 0.305084 0.201132 0.214778 0.018675 0.039520 0.033768 0.023220 0.008954 
0.015429 0.134524 0.246533 0.189236 0.240294 0.039422 0.058258 0.031747 0.028997 0.015559 
0.011547 0.117292 0.286983 0.198563 0.246853 0.042629 0.024298 0.031835 0.029457 0.010544 
0.010549 0.105520 0.200396 0.182970 0.322970 0.052028 0.040951 0.031864 0.035909 0.016844 
0.000324 0.088035 0.253668 0.134710 0.372555 0.060437 0.021716 0.027772 0.023746 0.017037 
0.003412 0.135933 0.279005 0.136526 0.188948 0.162327 0.024283 0.024295 0.032837 0.012435 
0.003332 0.094308 0.145851 0.103064 0.310106 0.205721 0.049316 0.026312 0.040368 0.021621 
0.005686 0.126822 0.198906 0.097079 0.256987 0.146281 0.025027 0.031260 0.082016 0.029936 
0.005382 0.133356 0.346078 0.130401 0.138063 0.067705 0.050271 0.050559 0.052318 0.025867 
0.013798 0.288917 0.346261 0.092012 0.121782 0.051887 0.023104 0.016970 0.035507 0.009764 
0.028608 0.394792 0.274118 0.075077 0.083134 0.041559 0.023204 0.028279 0.039808 0.011421 
0.002126 0.333503 0.259337 0.099300 0.135532 0.038043 0.042275 0.038053 0.031312 0.020517 
0.035149 0.445425 0.210334 0.084196 0.109803 0.026740 0.025703 0.014382 0.035715 0.012552 
0.005898 0.341366 0.215163 0.062993 0.165622 0.054086 0.051017 0.040450 0.035966 0.027438 
0.024957 0.358746 0.153512 0.113520 0.157097 0.062647 0.048311 0.028379 0.034169 0.018662 
0.007015 0.295107 0.201069 0.139658 0.198813 0.025312 0.038975 0.038321 0.033676 0.022054 
0.021300 0.306448 0.272111 0.147104 0.129381 0.040162 0.021356 0.026057 0.020710 0.015371 
0.012469 0.263887 0.245755 0.135513 0.140833 0.058036 0.041302 0.046769 0.043420 0.012016 
0.025156 0.287488 0.211588 0.160570 0.154576 0.052738 0.038412 0.023826 0.031201 0.014444 
0.003884 0.180728 0.266932 0.129155 0.250442 0.043029 0.036908 0.038262 0.034724 0.015936 
0.016295 0.209287 0.213423 0.153150 0.284459 0.037600 0.019618 0.029674 0.015244 0.021250 
0.013504 0.116607 0.377244 0.182703 0.130178 0.054104 0.045404 0.031491 0.026402 0.022363 
0.020047 0.139751 0.316943 0.116077 0.231590 0.068974 0.038138 0.032871 0.026723 0.008888 
0.000617 0.049725 0.382431 0.159451 0.232980 0.065180 0.051956 0.029023 0.018452 0.010184 
0.009722 0.055205 0.337734 0.179068 0.234750 0.053282 0.064575 0.026990 0.017691 0.020983 
0.008386 0.034375 0.283991 0.130926 0.358180 0.055480 0.053764 0.023540 0.035223 0.016135 
0.006351 0.030187 0.231616 0.165782 0.339001 0.054617 0.091615 0.026898 0.022067 0.031866 
0.001638 0.078844 0.134596 0.202485 0.337121 0.055747 0.084752 0.029049 0.031914 0.043853 
0.010341 0.085647 0.280989 0.315196 0.178148 0.015167 0.048296 0.025552 0.007311 0.033354 
0.026813 0.155336 0.330874 0.256634 0.125435 0.022414 0.029990 0.022530 0.012100 0.017874 
0.019058 0.123552 0.301272 0.301574 0.142117 0.014641 0.033101 0.032217 0.006790 0.025677 
0.010511 0.080966 0.285383 0.354483 0.155956 0.017498 0.026652 0.031950 0.010484 0.026115 
0.007255 0.066206 0.338562 0.328594 0.107539 0.035243 0.040487 0.025556 0.017688 0.032870 
0.007700 0.079425 0.333947 0.246859 0.145583 0.040497 0.050147 0.044778 0.010981 0.040084 
0.002971 0.103791 0.218094 0.214600 0.181705 0.055020 0.115520 0.043648 0.018947 0.045704 
0.023218 0.284551 0.373843 0.162663 0.069530 0.013129 0.024893 0.014003 0.018926 0.015242 
0.040860 0.395188 0.371760 0.049426 0.052950 0.026342 0.019163 0.017465 0.018744 0.008101 
0.045413 0.393620 0.349062 0.080507 0.070599 0.012856 0.018484 0.010954 0.012582 0.005923 
0.032497 0.284546 0.405215 0.147050 0.041969 0.030446 0.021997 0.015005 0.012701 0.008574 
0.012618 0.209903 0.371473 0.166349 0.066551 0.042838 0.044080 0.033815 0.029240 0.023134 
0.005069 0.222111 0.389921 0.116008 0.103885 0.042780 0.045618 0.029693 0.022174 0.022740 
0.019215 0.277207 0.378206 0.124320 0.081737 0.025478 0.029427 0.025076 0.019311 0.020023 
0.029191 0.296140 0.418759 0.105809 0.054643 0.024061 0.029956 0.018292 0.014260 0.008889 
0.041388 0.327557 0.336527 0.151913 0.082653 0.015098 0.024474 0.007382 0.006651 0.006357 
0.042896 0.346745 0.396337 0.095902 0.045506 0.016364 0.023941 0.016699 0.009383 0.006225 
0.033290 0.291978 0.327360 0.122065 0.111824 0.032075 0.023699 0.022462 0.019474 0.015773 
0.025338 0.254790 0.402724 0.112509 0.091848 0.035024 0.026860 0.017985 0.015958 0.016964 
0.006987 0.229333 0.423428 0.135865 0.089712 0.028251 0.030926 0.020518 0.020668 0.014312 
0.007330 0.213218 0.391718 0.145752 0.126693 0.022366 0.034676 0.023582 0.018955 0.015710 
0.026596 0.267762 0.429819 0.069321 0.085912 0.034914 0.023897 0.024361 0.023062 0.014357 
0.036198 0.314339 0.338413 0.126737 0.068564 0.032998 0.031635 0.021294 0.020926 0.008895 
0.039698 0.298243 0.330362 0.147165 0.128831 0.016792 0.013788 0.009127 0.008797 0.007197 
0.034444 0.292502 0.306781 0.108388 0.151059 0.038610 0.027596 0.012968 0.017078 0.010574 
0.023100 0.247840 0.310435 0.115474 0.133292 0.061668 0.035787 0.032208 0.019633 0.020563 
0.011762 0.197273 0.385384 0.105146 0.148835 0.045820 0.037360 0.024764 0.024573 0.019082 
0.007656 0.198857 0.405385 0.145625 0.132458 0.021360 0.029876 0.021235 0.024522 0.013027 
0.020008 0.242055 0.454847 0.129924 0.080695 0.019496 0.013588 0.019181 0.011078 0.009127 
0.032183 0.257291 0.414398 0.109210 0.088812 0.034584 0.025564 0.013329 0.015630 0.008998 
0.031823 0.264636 0.440069 0.066819 0.119270 0.020729 0.021684 0.011222 0.016724 0.007024 
0.019761 0.217018 0.456419 0.104479 0.130069 0.017469 0.019984 0.014815 0.016439 0.003546 
0.016064 0.216481 0.390079 0.133445 0.093101 0.043888 0.044471 0.027715 0.019469 0.015286 
0.005273 0.186583 0.422594 0.151577 0.103936 0.033869 0.024917 0.029471 0.025627 0.016152 
0.004206 0.209273 0.387232 0.134387 0.109217 0.035971 0.046096 0.028613 0.030047 0.014960 
0.019207 0.246511 0.411831 0.106232 0.078945 0.032877 0.045296 0.024028 0.020323 0.014751 
0.028778 0.291059 0.375708 0.116350 0.074834 0.032965 0.028232 0.020360 0.015253 0.016462 
0.024031 0.267263 0.388602 0.151124 0.112577 0.016263 0.016939 0.006919 0.010213 0.006067 
0.036873 0.290512 0.404579 0.121079 0.091837 0.012620 0.014830 0.010306 0.009742 0.007621 
0.015233 0.225210 0.427344 0.105754 0.125206 0.022706 0.026029 0.019114 0.019343 0.014061 
0.018772 0.208421 0.502339 0.074879 0.118110 0.018100 0.017825 0.018115 0.010237 0.013202 
0.001475 0.174519 0.575845 0.095891 0.089106 0.015889 0.015319 0.011662 0.014848 0.005445 
0.010268 0.196238 0.364556 0.181058 0.111699 0.031096 0.041649 0.025568 0.026060 0.011808 
0.031508 0.245899 0.398513 0.118889 0.083679 0.039399 0.031113 0.021355 0.021289 0.008356 
0.025042 0.310358 0.375553 0.109030 0.090031 0.025245 0.020981 0.017739 0.016305 0.009717 
0.029724 0.303026 0.366165 0.121665 0.104504 0.025169 0.024854 0.007440 0.009244 0.008210 
0.031239 0.274087 0.404260 0.093112 0.094994 0.038052 0.028272 0.012137 0.014926 0.008920 
0.030766 0.267762 0.324148 0.152158 0.127924 0.018008 0.035455 0.020162 0.013187 0.010430 
0.009090 0.232854 0.413132 0.098876 0.141463 0.016657 0.026722 0.026415 0.022072 0.012720 
0.010916 0.206743 0.404180 0.118181 0.082282 0.043448 0.047483 0.037271 0.030933 0.018563 
0.019471 0.227071 0.340383 0.125580 0.110830 0.049946 0.039571 0.036893 0.030302 0.019953 
0.033919 0.300004 0.352784 0.096665 0.090710 0.031827 0.032897 0.024598 0.019255 0.017341 
0.051434 0.348797 0.325570 0.106601 0.072391 0.026875 0.023684 0.017926 0.017227 0.009494 
0.042098 0.327671 0.373716 0.127211 0.073224 0.009051 0.020172 0.012138 0.010609 0.004109 
0.025305 0.264533 0.437146 0.116601 0.070666 0.022851 0.020515 0.012564 0.015955 0.013864 
0.014722 0.221184 0.443132 0.095323 0.107145 0.026015 0.031483 0.019352 0.024161 0.017482 
0.007308 0.184053 0.520166 0.104098 0.082015 0.026267 0.025076 0.027264 0.014280 0.009473 
0.017118 0.228085 0.446732 0.125710 0.067902 0.028059 0.027744 0.018176 0.024316 0.016158 
0.023042 0.259276 0.451962 0.123007 0.084512 0.009548 0.014460 0.014607 0.010824 0.008762 
0.052588 0.341801 0.328463 0.127151 0.068654 0.017847 0.018765 0.016124 0.017504 0.011102 
0.028990 0.307529 0.351290 0.123947 0.097638 0.020190 0.015111 0.017127 0.025911 0.012266 
0.027400 0.323955 0.315969 0.137134 0.115679 0.025565 0.018874 0.014479 0.013293 0.007651 
0.011992 0.198690 0.397763 0.096328 0.108526 0.054731 0.049221 0.033009 0.026589 0.023152 
0.000093 0.214975 0.361453 0.132778 0.128744 0.043189 0.042243 0.034224 0.025705 0.016596 
0.021870 0.267343 0.410112 0.117126 0.085949 0.022289 0.033176 0.013636 0.017426 0.011073 
0.018606 0.254611 0.380780 0.116451 0.092241 0.039354 0.035186 0.029364 0.017398 0.016009 
0.046104 0.290137 0.385049 0.103820 0.054170 0.028002 0.031082 0.019148 0.024882 0.017605 
0.025554 0.301019 0.380024 0.108678 0.089416 0.025920 0.029133 0.013597 0.015542 0.011117 
0.054655 0.255637 0.242074 0.135897 0.110200 0.021688 0.024945 0.058323 0.048566 0.048017 
0.025388 0.204762 0.404925 0.183297 0.083563 0.030610 0.021204 0.014396 0.020818 0.011036 
0.030584 0.240436 0.342624 0.167364 0.093649 0.027804 0.024926 0.024872 0.026257 0.021483 
0.010935 0.239106 0.365580 0.136900 0.080810 0.039081 0.037014 0.043525 0.026652 0.020398 
0.015206 0.281760 0.362644 0.164508 0.041440 0.035091 0.030869 0.029925 0.025380 0.013178 
0.033187 0.304217 0.355556 0.129254 0.063603 0.018448 0.029424 0.021915 0.027510 0.016886 
0.021341 0.318634 0.370356 0.092620 0.076979 0.042740 0.028335 0.017365 0.018637 0.012993 
0.028013 0.266302 0.436098 0.088982 0.083902 0.027236 0.026804 0.017955 0.015223 0.009485 
0.010348 0.311847 0.365129 0.154582 0.045838 0.025238 0.026252 0.018045 0.031133 0.011587 
0.017984 0.226419 0.363015 0.149476 0.119762 0.025418 0.022534 0.023001 0.031394 0.020996 
0.008233 0.300983 0.308289 0.138275 0.086846 0.034675 0.045836 0.033761 0.029065 0.014039 
0.028011 0.274014 0.420583 0.105202 0.041839 0.024897 0.025481 0.027914 0.028741 0.023318 
0.019280 0.265220 0.484936 0.115847 0.039592 0.012008 0.017265 0.016461 0.014326 0.015065 
0.009357 0.286582 0.353828 0.141460 0.060548 0.044743 0.030741 0.033949 0.023992 0.014800 
0.065704 0.273226 0.276319 0.132987 0.081059 0.035914 0.041109 0.039177 0.031399 0.023106 
0.010736 0.373562 0.267029 0.142726 0.064805 0.023232 0.030362 0.026078 0.043370 0.018101 
0.006398 0.358813 0.263043 0.125438 0.083107 0.042693 0.039593 0.033194 0.026774 0.020948 
0.025843 0.221914 0.354950 0.133078 0.092065 0.048133 0.041605 0.034922 0.029682 0.017807 
0.023637 0.135223 0.441687 0.193923 0.059694 0.035453 0.036036 0.028000 0.024664 0.021685 
0.001353 0.141294 0.421456 0.222004 0.080415 0.041355 0.030739 0.024787 0.020575 0.016023 
0.009919 0.220379 0.481464 0.156487 0.050550 0.013370 0.023588 0.016516 0.020561 0.007166 
0.061086 0.329973 0.314736 0.102843 0.047281 0.036858 0.038976 0.035960 0.021806 0.010480 
0.002045 0.287390 0.367571 0.121404 0.070279 0.047268 0.032529 0.025552 0.025130 0.020833 
0.034689 0.307606 0.233228 0.107963 0.101483 0.064694 0.058238 0.028209 0.041372 0.022519 
0.006076 0.207021 0.286942 0.157371 0.100318 0.076964 0.072235 0.037778 0.035173 0.020121 
0.023655 0.155202 0.343070 0.141240 0.058330 0.046222 0.129329 0.043987 0.028355 0.030609 
0.038121 0.169121 0.252946 0.163668 0.082212 0.063920 0.094366 0.062730 0.040590 0.032325 
0.020404 0.249169 0.154728 0.117875 0.109825 0.087982 0.136251 0.046408 0.040273 0.037084 
0.010755 0.202070 0.469646 0.139965 0.049944 0.012885 0.052155 0.026227 0.018645 0.017708 
0.017655 0.307008 0.356774 0.106800 0.055294 0.027311 0.041380 0.039098 0.027019 0.021661 
0.039462 0.442679 0.258687 0.081764 0.038756 0.029478 0.046587 0.029465 0.015657 0.017465 
0.013127 0.403054 0.322088 0.044546 0.038806 0.038887 0.086257 0.027271 0.011806 0.014157 
0.004914 0.141036 0.502723 0.151133 0.054886 0.026384 0.051298 0.028825 0.016125 0.022675 
0.030911 0.146532 0.477193 0.061204 0.035107 0.069702 0.056450 0.040675 0.038069 0.044157 
0.002788 0.219890 0.290134 0.124669 0.050631 0.070350 0.060082 0.041097 0.050121 0.090239 
0.027089 0.245972 0.203042 0.069669 0.059400 0.067588 0.121929 0.075042 0.033131 0.097138 
0.011962 0.185567 0.173738 0.066553 0.092686 0.094586 0.132485 0.062414 0.057825 0.122185 
0.015825 0.179288 0.191470 0.101956 0.120914 0.087232 0.106429 0.053030 0.061587 0.082270 
0.034188 0.236767 0.153150 0.129127 0.060242 0.100212 0.103216 0.066575 0.047591 0.068932 
0.002439 0.151388 0.234209 0.111665 0.083321 0.103116 0.142663 0.069365 0.037786 0.064048 
0.023683 0.185392 0.345808 0.086358 0.054686 0.088427 0.085260 0.037724 0.033926 0.058736 
0.017695 0.197569 0.155105 0.092228 0.072883 0.123588 0.094326 0.094640 0.065188 0.086779 
0.010034 0.188311 0.426182 0.124651 0.093732 0.058297 0.026645 0.019148 0.030700 0.022300 
0.000582 0.039130 0.469913 0.283895 0.062202 0.031423 0.048636 0.020631 0.017601 0.025985 
0.014937 0.150064 0.526879 0.150220 0.040043 0.036516 0.023252 0.025431 0.018089 0.014569 
0.005685 0.162044 0.501369 0.151643 0.066347 0.037218 0.022281 0.019894 0.017978 0.015541 
0.019333 0.091164 0.433259 0.135248 0.081197 0.152867 0.024651 0.011339 0.013392 0.037549 
0.001583 0.088622 0.381423 0.129532 0.091686 0.190475 0.012414 0.015513 0.016519 0.072232 
0.014029 0.083329 0.341871 0.119081 0.106346 0.224114 0.008821 0.004390 0.037947 0.060073 
0.001773 0.036251 0.280561 0.079179 0.083129 0.303166 0.051363 0.032053 0.039461 0.093065 
0.010633 0.070029 0.265803 0.097894 0.127169 0.224250 0.016478 0.009172 0.057587 0.120985 
0.005097 0.027877 0.210863 0.089025 0.256232 0.244421 0.032512 0.016912 0.050656 0.066404 
0.008174 0.045253 0.159283 0.069609 0.194372 0.361121 0.039525 0.013444 0.045554 0.063665 
0.013958 0.075731 0.210666 0.074122 0.110999 0.241090 0.042739 0.016249 0.037148 0.177298 
0.001423 0.029284 0.196594 0.082779 0.269571 0.211485 0.040549 0.017821 0.058973 0.091521 
0.006085 0.040048 0.143365 0.065161 0.308852 0.216027 0.043302 0.027906 0.033078 0.116176 
0.007121 0.053426 0.200121 0.059633 0.247492 0.222167 0.016421 0.007854 0.055002 0.130763 
0.012780 0.051079 0.250026 0.062748 0.216007 0.195601 0.016326 0.012329 0.058508 0.124596 
0.005398 0.064206 0.407994 0.105046 0.113410 0.169164 0.029075 0.012915 0.029561 0.063230 
0.000316 0.058008 0.384808 0.055998 0.191532 0.196802 0.021155 0.004926 0.027440 0.059015 
0.004893 0.054098 0.234301 0.071504 0.171595 0.286092 0.039079 0.025110 0.046884 0.066445 
0.006557 0.054509 0.281199 0.091053 0.162325 0.239266 0.028573 0.014072 0.049305 0.073143 
0.006544 0.036074 0.288335 0.073208 0.149150 0.301992 0.016696 0.006138 0.046117 0.075747 
0.003219 0.012842 0.341688 0.081447 0.168188 0.196442 0.056910 0.027195 0.022012 0.090057 
0.004202 0.028592 0.288026 0.100337 0.167132 0.289477 0.022193 0.006322 0.050115 0.043604 
0.009223 0.047865 0.274153 0.059410 0.184422 0.261043 0.037948 0.010711 0.047753 0.067474 
0.000510 0.007785 0.170165 0.095383 0.235655 0.354832 0.039182 0.018170 0.022787 0.055531 
0.007531 0.030782 0.248225 0.076951 0.165159 0.287880 0.052536 0.024240 0.038211 0.068485 
0.003126 0.015171 0.170137 0.054035 0.214953 0.326255 0.065431 0.034364 0.036877 0.079652 
0.005456 0.024526 0.068097 0.099474 0.108801 0.433973 0.057984 0.030187 0.058209 0.113293 
0.007593 0.034538 0.098027 0.068514 0.249345 0.411317 0.031463 0.017951 0.020591 0.060662 
0.001818 0.033661 0.316950 0.080633 0.250892 0.181547 0.028838 0.017997 0.026907 0.060757 
0.006594 0.041073 0.318654 0.092700 0.134817 0.231427 0.016375 0.031355 0.031145 0.095859 
0.001119 0.036220 0.223773 0.115334 0.256749 0.175677 0.025869 0.027340 0.065450 0.072469 
0.001109 0.026706 0.146301 0.093287 0.298719 0.290824 0.027110 0.027731 0.051861 0.036352 
0.005619 0.020092 0.128147 0.066248 0.401375 0.167341 0.019767 0.019883 0.079123 0.092404 
0.002180 0.017203 0.080025 0.129254 0.342109 0.143621 0.091675 0.043191 0.057709 0.093035 
0.007844 0.031734 0.045175 0.139647 0.235197 0.239311 0.117819 0.028429 0.089941 0.064904 
0.003509 0.013916 0.084938 0.107788 0.259902 0.250333 0.090607 0.031186 0.109962 0.047859 
0.003890 0.020485 0.132861 0.096689 0.366901 0.172496 0.053787 0.024898 0.076795 0.051199 
0.005501 0.024417 0.149078 0.111982 0.393804 0.114400 0.080697 0.011682 0.063214 0.045225 
0.006234 0.028991 0.178749 0.145496 0.281906 0.177187 0.059487 0.029178 0.055013 0.037759 
0.003820 0.022910 0.170079 0.122800 0.239940 0.216491 0.073566 0.047894 0.061716 0.040784 
0.005548 0.026614 0.171823 0.155205 0.310246 0.121705 0.076562 0.024840 0.041207 0.066249 
0.009580 0.054574 0.196612 0.178328 0.352195 0.063417 0.049943 0.014048 0.047349 0.033954 
0.014429 0.109634 0.242161 0.192364 0.287122 0.041277 0.039518 0.017802 0.038938 0.016756 
0.005813 0.085746 0.227123 0.191558 0.293699 0.059470 0.039029 0.030901 0.040463 0.026198 
0.016188 0.111696 0.234997 0.156429 0.226777 0.106707 0.044997 0.039551 0.039485 0.023172 
0.003809 0.115911 0.305153 0.145195 0.220375 0.085104 0.026853 0.028807 0.056537 0.012257 
0.012015 0.120663 0.365924 0.117781 0.216103 0.033823 0.027395 0.021249 0.062690 0.022358 
0.009549 0.106756 0.199106 0.125302 0.318002 0.102636 0.047724 0.037963 0.029234 0.023729 
0.013828 0.128199 0.258939 0.180061 0.191517 0.078332 0.047782 0.033654 0.045370 0.022319 
0.022835 0.137420 0.231608 0.143756 0.214811 0.124186 0.023737 0.014795 0.074663 0.012189 
0.010583 0.093653 0.212470 0.149096 0.351189 0.053883 0.038839 0.027967 0.041218 0.021103 
0.000488 0.102286 0.235384 0.146188 0.218732 0.155660 0.036125 0.017602 0.054430 0.033105 
0.010240 0.110682 0.244059 0.125301 0.267840 0.086546 0.033285 0.019527 0.078525 0.023995 
0.005251 0.065481 0.182392 0.095513 0.392151 0.139808 0.038133 0.029358 0.039984 0.011929 
0.001936 0.093892 0.174582 0.094054 0.308129 0.206230 0.032201 0.027388 0.046703 0.014885 
0.008402 0.063263 0.254514 0.145701 0.231879 0.129747 0.055835 0.038146 0.048914 0.023599 
0.008501 0.217180 0.419919 0.100100 0.122669 0.055993 0.014446 0.013301 0.029493 0.018398 
0.013958 0.316900 0.328647 0.084828 0.140870 0.041951 0.020116 0.019791 0.022010 0.010927 
0.031954 0.385352 0.215017 0.072377 0.154923 0.058282 0.028939 0.025584 0.021270 0.006303 
0.007106 0.297236 0.232518 0.110107 0.214523 0.041625 0.027028 0.031922 0.021902 0.016033 
0.023325 0.333579 0.152871 0.094600 0.261132 0.041359 0.017483 0.026438 0.039666 0.009546 
