Warning-Sign,Coldplay
0.000000 0.000000 0.000000 0.000000 0.000000 0.000000 0.000000 0.000000 0.000000 0.000000 
0.000000 0.000000 0.000000 0.000000 0.000000 0.000000 0.000000 0.000000 0.000000 0.000000 
0.000000 0.000000 0.000000 0.000000 0.000000 0.000000 0.000000 0.000000 0.000000 0.000000 
0.000000 0.000000 0.000000 0.000000 0.000000 0.000000 0.000000 0.000000 0.000000 0.000000 
0.000000 0.000000 0.000000 0.000000 0.000000 0.000000 0.000000 0.000000 0.000000 0.000000 
0.000000 0.000000 0.000000 0.000000 0.000000 0.000000 0.000000 0.000000 0.000000 0.000000 
0.000000 0.000000 0.000000 0.000000 0.000000 0.000000 0.000000 0.000000 0.000000 0.000000 
0.000000 0.000000 0.000000 0.000000 0.000000 0.000000 0.000000 0.000000 0.000000 0.000000 
0.000000 0.000000 0.000000 0.000000 0.000000 0.000000 0.000000 0.000000 0.000000 0.000000 
0.000000 0.000000 0.000000 0.000000 0.000000 0.000000 0.000000 0.000000 0.000000 0.000000 
0.000000 0.000000 0.000000 0.000000 0.000000 0.000000 0.000000 0.000000 0.000000 0.000000 
0.000000 0.000000 0.000000 0.000000 0.000000 0.000000 0.000000 0.000000 0.000000 0.000000 
0.000000 0.000000 0.000000 0.000000 0.000000 0.000000 0.000000 0.000000 0.000000 0.000000 
0.000000 0.000000 0.000000 0.000000 0.000000 0.000000 0.000000 0.000000 0.000000 0.000000 
0.000000 0.000000 0.000000 0.000000 0.000000 0.000000 0.000000 0.000000 0.000000 0.000000 
0.000000 0.000000 0.000000 0.000000 0.000000 0.000000 0.000000 0.000000 0.000000 0.000000 
0.000000 0.000000 0.000000 0.000000 0.000000 0.000000 0.000000 0.000000 0.000000 0.000000 
0.038251 0.147865 0.182754 0.093830 0.102085 0.047430 0.131696 0.115307 0.041024 0.099759 
0.002494 0.020303 0.199289 0.258507 0.193476 0.097877 0.047486 0.040502 0.098165 0.041902 
0.006310 0.037013 0.188949 0.314527 0.166852 0.073928 0.052066 0.055819 0.072113 0.032423 
0.010613 0.060086 0.179006 0.287396 0.176630 0.056898 0.043269 0.073735 0.077320 0.035046 
0.011673 0.049991 0.202345 0.261350 0.176478 0.057227 0.047332 0.101911 0.065313 0.026380 
0.004083 0.038107 0.214377 0.278270 0.173745 0.065142 0.067848 0.081479 0.054947 0.022002 
0.012862 0.066987 0.213977 0.249358 0.183967 0.070142 0.054066 0.059288 0.061268 0.028085 
0.008094 0.044192 0.229196 0.280961 0.178972 0.067195 0.052096 0.054526 0.049604 0.035165 
0.008053 0.042513 0.212705 0.237276 0.222908 0.069275 0.052533 0.051901 0.055146 0.047690 
0.012516 0.068045 0.219753 0.246607 0.186742 0.044846 0.048460 0.062376 0.051267 0.059388 
0.007917 0.058433 0.282892 0.195364 0.214267 0.036953 0.043914 0.059142 0.040849 0.060269 
0.005877 0.053014 0.256997 0.223558 0.234361 0.032000 0.051961 0.048376 0.046398 0.047459 
0.019711 0.110868 0.269328 0.182223 0.259774 0.014732 0.031405 0.042343 0.051960 0.017655 
0.001530 0.050648 0.313130 0.173923 0.283997 0.028239 0.038849 0.047955 0.056614 0.005115 
0.012077 0.078327 0.292610 0.196218 0.248964 0.039505 0.043102 0.040417 0.038674 0.010105 
0.010695 0.065146 0.276485 0.223129 0.216789 0.045607 0.065885 0.034561 0.040687 0.021016 
0.000592 0.040175 0.240357 0.231551 0.219978 0.070776 0.055241 0.070668 0.035561 0.035102 
0.011098 0.064640 0.218540 0.259038 0.182855 0.074833 0.046925 0.080935 0.028838 0.032297 
0.007948 0.047797 0.270857 0.203655 0.196259 0.087009 0.049036 0.071583 0.029203 0.036654 
0.002293 0.045033 0.183057 0.232991 0.193271 0.093852 0.043846 0.117131 0.028848 0.059679 
0.012454 0.072621 0.158041 0.194457 0.125627 0.036176 0.065724 0.168932 0.052705 0.113262 
0.006570 0.041118 0.195037 0.242748 0.120954 0.033523 0.061501 0.147535 0.041087 0.109928 
0.012271 0.056619 0.200852 0.265178 0.130767 0.031959 0.074397 0.124043 0.032930 0.070984 
0.013384 0.074779 0.179260 0.340066 0.125077 0.038516 0.077997 0.101122 0.023126 0.026674 
0.008426 0.052130 0.211240 0.284969 0.156633 0.040474 0.091491 0.081725 0.028965 0.043946 
0.007352 0.044598 0.163238 0.385939 0.105301 0.027842 0.087121 0.089534 0.028177 0.060897 
0.017914 0.089572 0.160047 0.314333 0.113948 0.036266 0.049816 0.109685 0.039917 0.068503 
0.010602 0.052344 0.187115 0.343865 0.101245 0.036393 0.046799 0.112498 0.044718 0.064421 
0.000245 0.028338 0.156682 0.202539 0.150831 0.114927 0.091727 0.121176 0.041873 0.091662 
0.001255 0.015389 0.118099 0.278341 0.110293 0.135971 0.092500 0.145048 0.026917 0.076185 
0.002465 0.018538 0.123740 0.203511 0.172497 0.117353 0.098443 0.132281 0.027062 0.104110 
0.002435 0.008756 0.132034 0.270555 0.129380 0.114409 0.076296 0.147324 0.028546 0.090265 
0.004863 0.016339 0.126860 0.257377 0.166648 0.109197 0.096803 0.135650 0.036289 0.049974 
0.007375 0.034213 0.155443 0.310372 0.137034 0.096761 0.074483 0.110009 0.049494 0.024815 
0.001647 0.005679 0.152052 0.325823 0.151511 0.084633 0.099506 0.088045 0.053600 0.037504 
0.002303 0.004805 0.205576 0.316036 0.149701 0.064734 0.098995 0.088142 0.036373 0.033334 
0.003108 0.023057 0.163955 0.351548 0.142829 0.041888 0.093318 0.078381 0.052884 0.049032 
0.014887 0.066976 0.191390 0.262966 0.174826 0.016446 0.079737 0.100785 0.030016 0.061971 
0.001773 0.012550 0.209083 0.348007 0.142548 0.025000 0.070569 0.090557 0.029994 0.069920 
0.008358 0.043772 0.197272 0.292986 0.148754 0.035058 0.060660 0.079652 0.055196 0.078293 
0.006794 0.039109 0.178185 0.340922 0.130627 0.049850 0.058475 0.083704 0.032345 0.079990 
0.002023 0.021290 0.202463 0.297404 0.130357 0.062463 0.060423 0.109058 0.040922 0.073596 
0.003038 0.018727 0.152229 0.238988 0.115561 0.099479 0.046102 0.160390 0.065212 0.100275 
0.006345 0.033249 0.148427 0.255544 0.139846 0.118988 0.063172 0.143754 0.046215 0.044460 
0.007174 0.027743 0.199979 0.297611 0.088839 0.110458 0.073948 0.146265 0.022663 0.025321 
0.007300 0.024468 0.135298 0.293305 0.120980 0.119453 0.084039 0.150094 0.033183 0.031882 
0.003163 0.021477 0.142105 0.318508 0.121435 0.098432 0.097829 0.133116 0.017337 0.046597 
0.004012 0.022175 0.134722 0.348755 0.082166 0.095985 0.099675 0.130021 0.051230 0.031258 
0.007311 0.023181 0.133409 0.305418 0.123684 0.104617 0.119356 0.108503 0.050234 0.024287 
0.001189 0.018651 0.125315 0.406554 0.077890 0.114513 0.070433 0.119042 0.042150 0.024264 
0.000409 0.022210 0.152201 0.331046 0.087970 0.114762 0.073263 0.121036 0.067555 0.029549 
0.000360 0.007196 0.123170 0.437655 0.083683 0.136258 0.062134 0.091081 0.042714 0.015748 
0.008228 0.041708 0.161413 0.356652 0.095925 0.116893 0.058201 0.052855 0.033736 0.074389 
0.009108 0.047595 0.139452 0.359428 0.081489 0.103751 0.051594 0.075946 0.053883 0.077752 
0.000298 0.009235 0.136188 0.431848 0.113202 0.127466 0.039778 0.063513 0.023626 0.054845 
0.013884 0.064971 0.191421 0.371672 0.094481 0.121431 0.051343 0.043519 0.030605 0.016673 
0.006081 0.039481 0.099431 0.215570 0.173218 0.113190 0.082969 0.090259 0.094505 0.085295 
0.005322 0.040192 0.074937 0.233771 0.152078 0.157310 0.069472 0.117433 0.064352 0.085134 
0.000195 0.014628 0.098319 0.225077 0.162990 0.137933 0.128927 0.100395 0.053467 0.078069 
0.000595 0.013381 0.081031 0.294393 0.138689 0.153994 0.115161 0.106733 0.054530 0.041492 
0.009303 0.039659 0.102133 0.250657 0.120755 0.149891 0.135482 0.122970 0.037905 0.031245 
0.006160 0.027024 0.080540 0.293240 0.133500 0.140781 0.085240 0.107484 0.051497 0.074533 
0.004325 0.024121 0.091439 0.247314 0.121889 0.148413 0.088077 0.123345 0.049791 0.101286 
0.009628 0.046225 0.084810 0.248891 0.094023 0.144873 0.109567 0.116267 0.048743 0.096975 
0.006064 0.029311 0.093934 0.258876 0.128536 0.159805 0.068484 0.129249 0.048905 0.076836 
0.000416 0.004817 0.083503 0.294281 0.107514 0.152236 0.088769 0.154018 0.063369 0.051078 
0.010275 0.043865 0.133565 0.365913 0.146312 0.125059 0.057451 0.049565 0.047605 0.020390 
0.011191 0.049108 0.120552 0.382991 0.150285 0.129547 0.055807 0.042107 0.034820 0.023591 
0.001668 0.011452 0.105543 0.409908 0.123246 0.123018 0.102540 0.049732 0.046862 0.026031 
0.004746 0.024869 0.112403 0.387281 0.170906 0.137202 0.061235 0.047885 0.036195 0.017276 
0.007375 0.037792 0.109027 0.398765 0.143660 0.103736 0.052763 0.078809 0.043370 0.024703 
0.006162 0.028262 0.110875 0.359438 0.162269 0.082741 0.062527 0.103518 0.040254 0.043955 
0.006441 0.029353 0.102736 0.459555 0.136763 0.088371 0.043290 0.069337 0.026021 0.038134 
0.016894 0.075003 0.162573 0.388388 0.105845 0.082581 0.048812 0.059480 0.022840 0.037584 
0.013048 0.063024 0.133107 0.252844 0.183642 0.072504 0.058502 0.100900 0.082430 0.039999 
0.005441 0.050532 0.155522 0.252004 0.156772 0.125223 0.103428 0.051145 0.053533 0.046400 
0.002169 0.024568 0.151115 0.214537 0.139165 0.163785 0.100230 0.074874 0.071039 0.058518 
0.006383 0.042269 0.145940 0.190880 0.160771 0.141070 0.091270 0.084281 0.063193 0.073944 
0.004292 0.035942 0.149880 0.200394 0.139974 0.162085 0.103201 0.080716 0.051340 0.072175 
0.004996 0.038189 0.125398 0.190733 0.172034 0.151735 0.117395 0.095097 0.069452 0.034972 
0.007704 0.053659 0.129664 0.176149 0.169621 0.134859 0.111024 0.112926 0.064837 0.039558 
0.003201 0.030030 0.180568 0.183369 0.185557 0.101593 0.112694 0.103195 0.051178 0.048615 
0.001050 0.025816 0.178619 0.224839 0.214794 0.070227 0.094144 0.071378 0.069805 0.049329 
0.010518 0.062827 0.168326 0.236752 0.218171 0.040294 0.067844 0.088958 0.060170 0.046141 
0.006074 0.041935 0.200387 0.204661 0.215425 0.039074 0.055580 0.088494 0.077174 0.071195 
0.011384 0.064080 0.225809 0.183332 0.190955 0.035890 0.047495 0.096661 0.069242 0.075152 
0.017102 0.086993 0.189895 0.178907 0.205590 0.044226 0.049456 0.093747 0.059531 0.074552 
0.006531 0.039345 0.201691 0.198473 0.190766 0.055983 0.053994 0.102873 0.066071 0.084272 
0.011431 0.070860 0.226459 0.184009 0.178844 0.061379 0.034145 0.093406 0.067359 0.072107 
0.012108 0.060109 0.156950 0.243711 0.152277 0.058394 0.049018 0.149122 0.061803 0.056507 
0.008731 0.051666 0.202782 0.210532 0.104624 0.063488 0.053103 0.161810 0.081478 0.061784 
0.004458 0.025299 0.201325 0.206920 0.135547 0.100356 0.060000 0.170350 0.060395 0.035350 
0.011581 0.060209 0.156711 0.185880 0.108293 0.113165 0.086422 0.157097 0.056864 0.063779 
0.002788 0.035892 0.167337 0.153900 0.116321 0.112415 0.093933 0.148343 0.078854 0.090218 
0.008962 0.046362 0.153892 0.087879 0.142103 0.125543 0.081439 0.161310 0.109874 0.082636 
0.005870 0.037135 0.150160 0.070077 0.137844 0.130801 0.052020 0.164132 0.151043 0.100917 
0.004931 0.033760 0.145932 0.085427 0.152027 0.135173 0.056634 0.169076 0.128120 0.088919 
0.008865 0.053806 0.166972 0.081763 0.162716 0.136745 0.072940 0.145907 0.105786 0.064500 
0.002377 0.035913 0.178086 0.146387 0.109429 0.140049 0.101820 0.105878 0.119248 0.060814 
0.009263 0.060017 0.190655 0.168400 0.135857 0.139411 0.096215 0.069517 0.076075 0.054592 
0.013199 0.074952 0.174755 0.216233 0.109809 0.108789 0.054604 0.100138 0.108024 0.039498 
0.004090 0.036766 0.196270 0.227160 0.100795 0.100479 0.073676 0.107874 0.115741 0.037149 
0.009254 0.069632 0.121428 0.215218 0.174316 0.064458 0.091567 0.088715 0.092539 0.072874 
0.003828 0.036222 0.148183 0.198270 0.166784 0.129250 0.091771 0.080156 0.088553 0.056983 
0.002328 0.018622 0.107629 0.265741 0.138089 0.131310 0.098065 0.070310 0.097920 0.069987 
0.001460 0.023151 0.158536 0.221600 0.151282 0.151205 0.072316 0.082678 0.076857 0.060916 
0.002564 0.023160 0.142453 0.260095 0.110985 0.141827 0.115488 0.068021 0.082966 0.052440 
0.003741 0.015279 0.171260 0.231428 0.147711 0.136490 0.074900 0.084236 0.091566 0.043389 
0.002730 0.014079 0.159997 0.225417 0.166089 0.154884 0.067063 0.084162 0.078504 0.047076 
0.001530 0.029570 0.142596 0.195302 0.181370 0.170744 0.071869 0.085770 0.085806 0.035444 
0.003610 0.030939 0.159985 0.155407 0.200316 0.174827 0.077493 0.109192 0.070576 0.017656 
0.001749 0.022676 0.163468 0.133862 0.187939 0.153885 0.105749 0.110888 0.073281 0.046504 
0.000342 0.039186 0.177772 0.313733 0.140031 0.107598 0.058507 0.071742 0.052148 0.038941 
0.000354 0.020407 0.257517 0.324382 0.146470 0.027913 0.036171 0.078023 0.049590 0.059173 
0.002702 0.029298 0.244502 0.344134 0.136496 0.028985 0.041128 0.081953 0.045391 0.045411 
0.000519 0.036067 0.234380 0.290807 0.162409 0.066522 0.061027 0.078958 0.031857 0.037453 
0.011639 0.063753 0.160067 0.266669 0.161371 0.063233 0.046827 0.116054 0.044795 0.065593 
0.013916 0.069208 0.158506 0.206751 0.142168 0.120459 0.061132 0.099633 0.075091 0.053138 
0.004687 0.028701 0.144616 0.246600 0.144064 0.144934 0.057086 0.119859 0.064880 0.044572 
0.009071 0.052012 0.142119 0.202469 0.124254 0.146623 0.083251 0.131112 0.071765 0.037324 
0.002711 0.015211 0.118499 0.273145 0.116641 0.168246 0.103888 0.137836 0.038504 0.025319 
0.000281 0.015179 0.121068 0.236487 0.182090 0.163755 0.075324 0.112017 0.049683 0.044116 
0.004575 0.024833 0.121269 0.312428 0.135773 0.139506 0.051221 0.093941 0.067352 0.049102 
0.008877 0.044319 0.105906 0.290206 0.175021 0.129539 0.056044 0.089308 0.065768 0.035011 
0.003576 0.020523 0.141094 0.333625 0.143414 0.124513 0.063294 0.104479 0.043591 0.021892 
0.005440 0.026673 0.136213 0.334178 0.109974 0.111309 0.089897 0.076413 0.060158 0.049746 
0.008438 0.054473 0.147880 0.301830 0.156161 0.069695 0.069934 0.051475 0.073585 0.066529 
0.000758 0.020136 0.182295 0.401858 0.123843 0.039692 0.077066 0.054671 0.062122 0.037559 
0.004134 0.014076 0.255492 0.320142 0.143923 0.035567 0.095447 0.045914 0.065095 0.020209 
0.001575 0.029988 0.172037 0.372506 0.118812 0.034956 0.079498 0.070559 0.067324 0.052744 
0.002225 0.028872 0.128847 0.184176 0.214741 0.069813 0.095336 0.146943 0.065860 0.063187 
0.001267 0.023511 0.109604 0.240764 0.099252 0.047419 0.107775 0.145438 0.155423 0.069548 
0.000878 0.024688 0.093931 0.216265 0.124168 0.069275 0.116070 0.139907 0.131730 0.083087 
0.001962 0.014337 0.127135 0.225723 0.095783 0.092866 0.115132 0.153009 0.103225 0.070829 
0.002999 0.019736 0.126680 0.178234 0.115681 0.114085 0.126218 0.156098 0.104021 0.056248 
0.001882 0.024575 0.103449 0.239940 0.131171 0.144784 0.093795 0.159870 0.061640 0.038895 
0.002957 0.016329 0.136058 0.236900 0.121414 0.153821 0.070414 0.152399 0.080994 0.028715 
0.003380 0.026110 0.141359 0.228067 0.119008 0.174141 0.069702 0.126542 0.075613 0.036077 
0.006035 0.044377 0.120556 0.241948 0.133753 0.184984 0.064699 0.103678 0.036617 0.063352 
0.006654 0.026693 0.153376 0.207147 0.148813 0.140006 0.068329 0.111397 0.073058 0.064528 
0.000931 0.025236 0.189045 0.197646 0.208480 0.165137 0.025507 0.078398 0.071129 0.038493 
0.012853 0.065959 0.174327 0.180512 0.150987 0.144309 0.027260 0.092599 0.102640 0.048554 
0.005424 0.043464 0.197953 0.206066 0.146863 0.123160 0.046175 0.101290 0.074310 0.055295 
0.001116 0.026931 0.230618 0.198277 0.166180 0.100552 0.070749 0.109767 0.068654 0.027157 
0.006383 0.055721 0.150983 0.234127 0.165369 0.050088 0.087804 0.135118 0.086262 0.028146 
0.005798 0.034028 0.205641 0.236725 0.166101 0.073497 0.078781 0.094270 0.081373 0.023787 
0.000431 0.021981 0.201612 0.267720 0.138337 0.085988 0.079696 0.083054 0.082042 0.039138 
0.003461 0.040554 0.191282 0.235253 0.126392 0.114335 0.082433 0.093357 0.059973 0.052962 
0.001057 0.037165 0.134905 0.221669 0.112355 0.138428 0.081445 0.110649 0.082381 0.079945 
0.006542 0.034245 0.109619 0.176728 0.099876 0.167457 0.083956 0.138554 0.068427 0.114597 
0.001175 0.016089 0.096266 0.232524 0.101891 0.150885 0.103602 0.153914 0.059381 0.084271 
0.000084 0.007137 0.119170 0.193014 0.132843 0.121068 0.114047 0.149831 0.087730 0.075075 
0.002342 0.017251 0.101879 0.269303 0.159997 0.079604 0.100581 0.149973 0.063527 0.055544 
0.010809 0.056591 0.141936 0.229170 0.202874 0.050970 0.095454 0.118801 0.067475 0.025920 
0.005502 0.033868 0.135846 0.335137 0.180965 0.031994 0.086250 0.114144 0.044586 0.031707 
0.009162 0.046413 0.130229 0.281271 0.170514 0.060565 0.056871 0.117132 0.078058 0.049786 
0.010355 0.051654 0.136403 0.302408 0.152375 0.075593 0.086659 0.093601 0.045229 0.045722 
0.002379 0.015277 0.152872 0.333895 0.159116 0.074671 0.081303 0.089594 0.043687 0.047206 
0.010552 0.046970 0.149890 0.286500 0.184402 0.072680 0.067641 0.088950 0.042425 0.049991 
0.009439 0.045048 0.154526 0.344561 0.145693 0.095712 0.044786 0.090417 0.028388 0.041430 
0.004605 0.031863 0.197748 0.300823 0.146005 0.107782 0.041048 0.089111 0.044055 0.036959 
0.008795 0.038234 0.125901 0.350602 0.153550 0.116904 0.052007 0.077069 0.045025 0.031913 
0.012098 0.059752 0.135643 0.286319 0.190258 0.114377 0.062786 0.062876 0.034252 0.041638 
0.000827 0.017568 0.149347 0.284831 0.132258 0.081486 0.106409 0.086815 0.108656 0.031803 
0.008795 0.036871 0.142763 0.257775 0.146240 0.095077 0.100496 0.114587 0.069188 0.028208 
0.005580 0.038339 0.096497 0.317715 0.125046 0.074829 0.069966 0.119512 0.085586 0.066930 
0.002749 0.013077 0.151370 0.291935 0.174840 0.055116 0.050162 0.106919 0.085066 0.068765 
0.004228 0.019659 0.151911 0.306177 0.158086 0.062140 0.078080 0.103130 0.054300 0.062290 
0.007636 0.042576 0.108087 0.344279 0.132253 0.050742 0.060339 0.062795 0.156983 0.034308 
0.007096 0.033586 0.154706 0.308316 0.126532 0.057322 0.049737 0.069243 0.152787 0.040676 
0.007089 0.036532 0.175233 0.385854 0.111599 0.062782 0.036783 0.060271 0.084056 0.039800 
0.010779 0.056370 0.097709 0.272323 0.169711 0.061345 0.061823 0.092019 0.140904 0.037018 
0.002438 0.017707 0.149720 0.282000 0.142671 0.111860 0.085019 0.112081 0.080898 0.015605 
0.006226 0.035446 0.120412 0.266114 0.184068 0.088243 0.056422 0.116488 0.096328 0.030253 
0.010170 0.057753 0.099119 0.325647 0.139122 0.059946 0.098021 0.098603 0.082892 0.028727 
0.000667 0.008714 0.103832 0.319371 0.136158 0.053110 0.135995 0.125935 0.067429 0.048789 
0.008556 0.074250 0.110375 0.196447 0.152176 0.152009 0.077518 0.079440 0.091108 0.058121 
0.013782 0.055495 0.098982 0.214958 0.170609 0.146255 0.068112 0.086729 0.094700 0.050378 
0.007953 0.033667 0.105298 0.285770 0.140093 0.152550 0.052918 0.105577 0.076492 0.039681 
0.006698 0.038441 0.127386 0.254600 0.126628 0.147039 0.072523 0.120617 0.067668 0.038399 
0.010089 0.051164 0.107081 0.298324 0.110109 0.144306 0.085687 0.085528 0.066242 0.041471 
0.005314 0.030059 0.123008 0.321513 0.146680 0.123547 0.096260 0.077522 0.044000 0.032097 
0.003387 0.029537 0.162815 0.276162 0.164118 0.086380 0.088899 0.099560 0.037341 0.051800 
0.009432 0.050443 0.112391 0.346549 0.129549 0.090038 0.086675 0.107375 0.041261 0.026285 
0.008576 0.045071 0.139079 0.318566 0.158142 0.070252 0.084254 0.112679 0.044121 0.019260 
0.003995 0.024943 0.200443 0.391178 0.124394 0.036192 0.071635 0.074936 0.039129 0.033155 
0.018441 0.092322 0.165526 0.338861 0.201053 0.032402 0.051447 0.033493 0.036345 0.030111 
0.011321 0.062813 0.166894 0.422686 0.186046 0.017787 0.046732 0.019733 0.031552 0.034437 
0.007198 0.041537 0.220837 0.369682 0.200293 0.029107 0.037599 0.033643 0.039873 0.020231 
0.011879 0.063956 0.191209 0.321073 0.181586 0.045066 0.049437 0.060355 0.050914 0.024524 
0.002151 0.019399 0.165687 0.249903 0.171043 0.082590 0.073957 0.084735 0.086719 0.063817 
0.000303 0.024918 0.199469 0.296264 0.128318 0.074484 0.049670 0.068202 0.057251 0.101122 
0.007369 0.042235 0.183031 0.243718 0.153443 0.067265 0.068683 0.066173 0.078980 0.089104 
0.006084 0.041977 0.184505 0.274672 0.132111 0.071364 0.079197 0.058124 0.085085 0.066880 
0.009877 0.054123 0.192785 0.255799 0.132209 0.104853 0.047610 0.105130 0.063641 0.033973 
0.017079 0.085273 0.181975 0.245198 0.081030 0.127738 0.044373 0.112651 0.071475 0.033208 
0.008053 0.043551 0.160897 0.256600 0.069006 0.131257 0.086172 0.123849 0.069978 0.050637 
0.007597 0.050408 0.179432 0.206434 0.104818 0.119053 0.079692 0.125923 0.052543 0.074100 
0.001032 0.028240 0.188287 0.260555 0.101145 0.095455 0.078527 0.128338 0.047714 0.070707 
0.022299 0.083084 0.162947 0.351075 0.028978 0.053965 0.094722 0.032975 0.045636 0.124319 
0.007110 0.040461 0.200811 0.310263 0.085315 0.039622 0.091404 0.075793 0.055128 0.094093 
0.019292 0.096215 0.207115 0.255284 0.101880 0.039102 0.067358 0.093219 0.048749 0.071787 
0.010067 0.060349 0.219989 0.306467 0.099360 0.032237 0.051315 0.102155 0.052629 0.065433 
0.004832 0.040272 0.155621 0.174253 0.160275 0.095887 0.086516 0.095667 0.118895 0.067782 
0.004921 0.030316 0.110962 0.179965 0.154664 0.161806 0.103788 0.114569 0.105799 0.033211 
0.007005 0.032406 0.124668 0.179340 0.144454 0.160606 0.104855 0.097702 0.098612 0.050352 
0.008745 0.044420 0.115581 0.117987 0.128486 0.152919 0.117586 0.098075 0.143923 0.072278 
0.002680 0.036719 0.115826 0.173480 0.149237 0.157761 0.081490 0.135311 0.081105 0.066392 
0.007637 0.035063 0.107157 0.166327 0.120268 0.139336 0.058121 0.180571 0.090039 0.095481 
0.009599 0.050700 0.130075 0.206691 0.123595 0.125546 0.068056 0.117977 0.084539 0.083223 
0.004820 0.022628 0.157130 0.211615 0.137750 0.141555 0.110838 0.100030 0.047025 0.066609 
0.004104 0.027738 0.132111 0.241448 0.126989 0.143685 0.108873 0.110180 0.046493 0.058378 
0.007249 0.051293 0.158624 0.238323 0.138426 0.137595 0.087199 0.101795 0.031822 0.047674 
0.005879 0.039571 0.200078 0.294034 0.131229 0.077388 0.073254 0.074251 0.053950 0.050367 
0.006936 0.031824 0.190470 0.299153 0.125926 0.066545 0.044628 0.092248 0.061105 0.081164 
0.014071 0.071868 0.210860 0.249444 0.154125 0.072105 0.044737 0.060379 0.032598 0.089812 
0.009000 0.052695 0.226631 0.275076 0.136676 0.067294 0.043374 0.047222 0.054597 0.087435 
0.007319 0.038891 0.194927 0.179438 0.183429 0.050618 0.074779 0.129842 0.063243 0.077514 
0.010002 0.054126 0.164717 0.204117 0.140766 0.046587 0.072749 0.149170 0.081320 0.076446 
0.002578 0.026178 0.194664 0.174127 0.142728 0.029558 0.080193 0.174483 0.074466 0.101025 
0.003325 0.036783 0.160896 0.198931 0.138917 0.021733 0.076395 0.183252 0.075173 0.104596 
0.009279 0.060543 0.161298 0.152730 0.168791 0.110935 0.117359 0.091038 0.073690 0.054337 
0.008216 0.056864 0.077957 0.227283 0.142115 0.147651 0.132510 0.083141 0.054129 0.070134 
0.005796 0.038754 0.101020 0.276841 0.121306 0.191717 0.091964 0.079019 0.041433 0.052148 
0.011299 0.053958 0.086662 0.251658 0.135590 0.205182 0.093256 0.066084 0.039334 0.056978 
0.002532 0.023247 0.113093 0.292632 0.132831 0.192664 0.107661 0.045211 0.037096 0.053033 
0.001614 0.020872 0.134762 0.215455 0.180837 0.184876 0.116977 0.055051 0.051298 0.038259 
0.007594 0.043389 0.093088 0.309717 0.149228 0.189936 0.080328 0.047249 0.047905 0.031567 
0.007106 0.038851 0.141063 0.282738 0.172938 0.167379 0.035955 0.062993 0.072018 0.018958 
0.003960 0.026430 0.180592 0.325786 0.144860 0.122812 0.069977 0.070913 0.042787 0.011884 
0.014879 0.074949 0.120408 0.285632 0.169225 0.120375 0.084707 0.044796 0.060629 0.024399 
0.009474 0.048961 0.184977 0.328647 0.156657 0.138655 0.050862 0.022683 0.034337 0.024747 
0.008387 0.041205 0.217546 0.316859 0.135582 0.122634 0.061617 0.042145 0.035099 0.018926 
0.015013 0.072043 0.170518 0.343926 0.108453 0.126105 0.057864 0.043879 0.029652 0.032546 
0.011444 0.057628 0.188054 0.298813 0.132652 0.121274 0.074435 0.044144 0.028820 0.042735 
0.000544 0.016815 0.169861 0.241138 0.171116 0.111377 0.060253 0.105960 0.042140 0.080796 
0.006476 0.045240 0.106515 0.211654 0.195023 0.106906 0.073407 0.122240 0.091754 0.040784 
0.000843 0.015034 0.095502 0.244499 0.196093 0.159769 0.084033 0.126991 0.058924 0.018313 
0.005530 0.017413 0.110611 0.258096 0.179513 0.125306 0.075019 0.121351 0.063130 0.044032 
0.012169 0.058255 0.119279 0.199217 0.194757 0.112401 0.069681 0.112099 0.064063 0.058080 
0.007977 0.051939 0.096326 0.228362 0.207733 0.118554 0.078344 0.076986 0.073728 0.060051 
0.007981 0.027201 0.113948 0.271114 0.206998 0.138619 0.053872 0.072519 0.061809 0.045939 
0.009958 0.048409 0.150959 0.234341 0.198164 0.106386 0.060280 0.082402 0.071416 0.037685 
0.002718 0.024133 0.148109 0.264210 0.212505 0.118220 0.059155 0.066957 0.049928 0.054064 
0.000307 0.015745 0.164193 0.203566 0.242358 0.121863 0.058890 0.067795 0.065840 0.059444 
0.004830 0.033594 0.162521 0.173891 0.217778 0.050687 0.080599 0.084434 0.078418 0.113248 
0.011530 0.059743 0.154932 0.168831 0.203952 0.060171 0.086388 0.102387 0.078699 0.073368 
0.006399 0.035554 0.195979 0.150113 0.198067 0.063664 0.101414 0.114656 0.074713 0.059440 
0.004576 0.031147 0.194232 0.203719 0.205710 0.081269 0.047983 0.120236 0.072837 0.038291 
0.000557 0.027118 0.107377 0.258043 0.173502 0.122278 0.089834 0.085214 0.064539 0.071538 
0.005961 0.033529 0.106779 0.189403 0.148263 0.077592 0.137051 0.126446 0.095194 0.079780 
0.010219 0.058532 0.114791 0.172351 0.124074 0.092331 0.115552 0.161365 0.091798 0.058986 
0.009517 0.042118 0.096166 0.186762 0.097017 0.099550 0.136035 0.154790 0.087143 0.090901 
0.000716 0.020978 0.120583 0.174538 0.126469 0.110492 0.145977 0.149109 0.049341 0.101797 
0.004414 0.034102 0.089340 0.186521 0.125113 0.121749 0.111881 0.132414 0.103950 0.090515 
0.004987 0.027454 0.106836 0.156973 0.154153 0.155969 0.136589 0.115439 0.065992 0.075608 
0.006933 0.035863 0.119216 0.206399 0.135540 0.159527 0.076630 0.093857 0.095675 0.070360 
0.011780 0.060201 0.117855 0.167399 0.141723 0.154799 0.110326 0.076052 0.091044 0.068822 
0.006784 0.044490 0.118425 0.214487 0.147622 0.154286 0.088765 0.100683 0.068907 0.055550 
0.003624 0.027571 0.163708 0.170025 0.144756 0.083101 0.103029 0.095807 0.115455 0.092924 
0.010363 0.056216 0.160718 0.259558 0.122571 0.019290 0.084727 0.118141 0.088841 0.079574 
0.008144 0.041373 0.179061 0.208112 0.130342 0.040102 0.092306 0.136448 0.096750 0.067362 
0.001123 0.026801 0.158371 0.267470 0.122600 0.040178 0.070318 0.157478 0.089558 0.066103 
0.008391 0.049743 0.134871 0.243643 0.139316 0.062572 0.050257 0.168576 0.053927 0.088704 
0.002238 0.023551 0.148361 0.302913 0.120024 0.142338 0.048680 0.086050 0.067545 0.058301 
0.008050 0.039658 0.181639 0.236330 0.127765 0.146399 0.070890 0.088802 0.041662 0.058805 
0.010278 0.056334 0.138032 0.244057 0.126668 0.139768 0.088693 0.108651 0.047515 0.040004 
0.005291 0.036750 0.117716 0.263321 0.133361 0.146846 0.073026 0.142160 0.061732 0.019797 
0.002029 0.014962 0.186558 0.196497 0.138618 0.137832 0.069726 0.155581 0.073136 0.025060 
0.006270 0.042390 0.129930 0.234154 0.126756 0.144956 0.063002 0.155319 0.054684 0.042539 
0.007721 0.037026 0.120032 0.235257 0.119864 0.147039 0.079554 0.153344 0.046203 0.053959 
0.001282 0.010106 0.157839 0.215252 0.136389 0.156095 0.111768 0.126162 0.042385 0.042722 
0.008047 0.042238 0.132513 0.246030 0.112049 0.141246 0.088676 0.109582 0.057655 0.061965 
0.012578 0.058596 0.168382 0.225277 0.132249 0.119912 0.087263 0.087586 0.060800 0.047356 
0.002710 0.021245 0.192124 0.267864 0.139594 0.115127 0.047001 0.086946 0.100612 0.026778 
0.012022 0.068837 0.158980 0.265025 0.145031 0.124104 0.042510 0.090753 0.073659 0.019081 
0.015482 0.072653 0.118759 0.254365 0.153511 0.092833 0.057120 0.070069 0.096360 0.068848 
0.001562 0.016607 0.119103 0.248025 0.159762 0.051781 0.145532 0.117798 0.109644 0.030185 
0.010847 0.061015 0.119470 0.144445 0.180123 0.043747 0.112315 0.186605 0.106715 0.034718 
0.002951 0.026003 0.131345 0.161107 0.147866 0.049394 0.119052 0.169528 0.145581 0.047172 
0.002565 0.021146 0.143769 0.147188 0.162006 0.077750 0.100279 0.211449 0.084686 0.049163 
0.002934 0.035435 0.119838 0.219871 0.154434 0.061630 0.143547 0.143527 0.087351 0.031433 
0.002296 0.016266 0.137460 0.194192 0.156307 0.079531 0.130847 0.141712 0.095655 0.045734 
0.001882 0.017559 0.137625 0.242051 0.144235 0.106560 0.102760 0.146985 0.049397 0.050946 
0.001315 0.026534 0.129096 0.212064 0.192432 0.104611 0.093610 0.155626 0.054295 0.030416 
0.002830 0.011317 0.145898 0.262524 0.203004 0.095474 0.094041 0.125258 0.032278 0.027377 
0.003106 0.033189 0.103440 0.181643 0.191972 0.129241 0.127037 0.104705 0.093636 0.032030 
0.002037 0.013287 0.130619 0.143442 0.174082 0.122090 0.133406 0.144502 0.092096 0.044438 
0.004901 0.016379 0.106656 0.166668 0.226859 0.110018 0.071318 0.137869 0.132909 0.026423 
0.000680 0.012567 0.113152 0.190451 0.234397 0.113386 0.040828 0.083328 0.129153 0.082058 
0.003191 0.015633 0.128398 0.274156 0.188141 0.064471 0.032265 0.093455 0.052711 0.147578 
0.007822 0.048845 0.190741 0.174661 0.134528 0.097372 0.067496 0.098663 0.125912 0.053961 
0.012947 0.056567 0.192158 0.257778 0.155371 0.100161 0.087170 0.041430 0.054964 0.041454 
0.005147 0.062171 0.195875 0.247877 0.104775 0.106799 0.074349 0.096931 0.078625 0.027450 
0.024391 0.031393 0.110970 0.287832 0.146214 0.100471 0.038687 0.042849 0.174867 0.042326 
0.017301 0.365808 0.341872 0.078029 0.042728 0.037825 0.019241 0.023159 0.032326 0.041712 
0.035353 0.299249 0.301734 0.101435 0.092193 0.037020 0.042512 0.038242 0.032491 0.019771 
0.027747 0.113274 0.389813 0.141354 0.110470 0.029477 0.062281 0.065280 0.042171 0.018133 
0.014601 0.134442 0.465680 0.094017 0.118218 0.024604 0.035321 0.050765 0.035688 0.026663 
0.018634 0.165306 0.419182 0.124299 0.079417 0.037678 0.054109 0.044673 0.040621 0.016081 
0.027169 0.173995 0.365847 0.186592 0.058131 0.020419 0.062848 0.045600 0.038638 0.020760 
0.010346 0.194311 0.485768 0.103233 0.077412 0.012157 0.024130 0.058823 0.021294 0.012527 
0.013367 0.152224 0.530718 0.103398 0.065022 0.015254 0.029921 0.049675 0.029858 0.010564 
0.003825 0.172410 0.443828 0.111486 0.072587 0.020251 0.046401 0.048481 0.045833 0.034899 
0.016553 0.172653 0.355532 0.143385 0.088379 0.036875 0.057716 0.046447 0.049929 0.032532 
0.034660 0.181503 0.380326 0.159212 0.057611 0.018264 0.046764 0.068456 0.034669 0.018536 
0.010246 0.228239 0.334425 0.131396 0.076634 0.028652 0.063313 0.070466 0.033648 0.022982 
0.033666 0.226208 0.371658 0.134882 0.026170 0.021377 0.062489 0.052619 0.054178 0.016754 
0.017914 0.178529 0.368281 0.159974 0.035487 0.026312 0.065303 0.042336 0.058295 0.047569 
0.007706 0.199002 0.343451 0.143259 0.055261 0.041683 0.082896 0.079578 0.033566 0.013597 
0.004762 0.144260 0.380231 0.149878 0.063754 0.046233 0.049273 0.043583 0.067335 0.050692 
0.010322 0.191659 0.396169 0.087988 0.061008 0.026518 0.051563 0.045665 0.093207 0.035901 
0.010031 0.199039 0.401069 0.132693 0.077773 0.033411 0.020990 0.051024 0.065480 0.008491 
0.021690 0.111158 0.223124 0.252818 0.168957 0.068109 0.059163 0.022449 0.035240 0.037293 
0.010024 0.099737 0.215446 0.268733 0.205802 0.042371 0.049156 0.037977 0.046774 0.023981 
0.027301 0.210206 0.225331 0.093692 0.150833 0.037124 0.105278 0.047509 0.053858 0.048868 
0.027557 0.177133 0.351775 0.110339 0.100819 0.057253 0.043450 0.052753 0.053717 0.025206 
0.002318 0.210040 0.354615 0.110840 0.067090 0.067504 0.051983 0.061388 0.042708 0.031514 
0.008488 0.149958 0.379893 0.129771 0.085601 0.055997 0.050594 0.044955 0.041704 0.053039 
0.014116 0.234398 0.339866 0.104381 0.065728 0.029054 0.066543 0.060834 0.053061 0.032019 
0.028530 0.209949 0.362192 0.108625 0.070951 0.059694 0.036719 0.071386 0.025806 0.026147 
0.038581 0.210026 0.355685 0.120530 0.046469 0.039438 0.058143 0.066266 0.031327 0.033535 
0.043997 0.320425 0.297246 0.065136 0.061213 0.044436 0.064486 0.031442 0.046296 0.025324 
0.017786 0.338969 0.291465 0.124149 0.070736 0.045531 0.030808 0.045427 0.026817 0.008313 
0.004357 0.183809 0.358165 0.184472 0.066017 0.049883 0.043550 0.070237 0.032111 0.007397 
0.006592 0.150431 0.352662 0.208022 0.058788 0.045783 0.080918 0.033955 0.049033 0.013816 
0.004060 0.143149 0.397797 0.193085 0.064272 0.044966 0.074835 0.024118 0.039175 0.014543 
0.028392 0.208495 0.375045 0.221527 0.046070 0.031330 0.033660 0.025804 0.018449 0.011229 
0.026837 0.214779 0.387025 0.187119 0.047868 0.033163 0.023806 0.033346 0.021248 0.024809 
0.011764 0.186091 0.402887 0.205043 0.043824 0.033507 0.061640 0.010532 0.018617 0.026096 
0.021502 0.218151 0.353875 0.142527 0.066572 0.033361 0.058874 0.048074 0.028331 0.028733 
0.014421 0.203190 0.361434 0.143937 0.080426 0.030444 0.061476 0.056138 0.033229 0.015306 
0.015489 0.199468 0.309642 0.166257 0.090877 0.036973 0.061180 0.064319 0.036816 0.018980 
0.008862 0.208669 0.394134 0.172524 0.048335 0.028719 0.054279 0.040371 0.034649 0.009459 
0.022349 0.242224 0.358332 0.158515 0.055615 0.023600 0.053331 0.046579 0.022325 0.017130 
0.017816 0.238720 0.356015 0.179235 0.060067 0.026703 0.029322 0.055914 0.021178 0.015030 
0.001306 0.188114 0.332396 0.170269 0.091881 0.052945 0.057271 0.055390 0.038949 0.011479 
0.011439 0.235047 0.322340 0.117550 0.055097 0.051824 0.078891 0.048934 0.045454 0.033423 
0.017503 0.266161 0.366530 0.128353 0.045905 0.029858 0.055277 0.057503 0.024941 0.007970 
0.023647 0.286482 0.307549 0.133792 0.056212 0.048720 0.046790 0.054742 0.027428 0.014638 
0.013070 0.239287 0.380046 0.105478 0.047591 0.044860 0.068627 0.055661 0.026856 0.018525 
0.010777 0.360487 0.404829 0.050158 0.039103 0.030578 0.028068 0.022765 0.031599 0.021637 
0.019603 0.310038 0.345186 0.137110 0.049453 0.018575 0.030850 0.036954 0.034147 0.018085 
0.015400 0.267701 0.397376 0.119869 0.039691 0.024201 0.037531 0.055836 0.032908 0.009488 
0.021682 0.245148 0.305699 0.121032 0.076383 0.036304 0.078076 0.065152 0.033694 0.016830 
0.023945 0.285255 0.265029 0.164347 0.051838 0.021777 0.063381 0.042173 0.042356 0.039898 
0.036681 0.315769 0.182309 0.154210 0.085318 0.051077 0.033079 0.093504 0.036320 0.011733 
0.026412 0.263821 0.215534 0.157908 0.072979 0.055161 0.045218 0.115265 0.041027 0.006675 
0.011157 0.228590 0.260075 0.167922 0.033728 0.034292 0.083011 0.099932 0.059320 0.021973 
0.012536 0.276314 0.207093 0.142094 0.070603 0.053669 0.113201 0.054772 0.042674 0.027044 
0.000778 0.093710 0.162207 0.354111 0.155386 0.090418 0.036559 0.055727 0.024903 0.026200 
0.002846 0.176498 0.135248 0.202681 0.149791 0.056392 0.052178 0.108697 0.060392 0.055277 
0.006411 0.217623 0.166559 0.098518 0.122806 0.057459 0.099482 0.069439 0.091314 0.070389 
0.026110 0.327783 0.120368 0.105346 0.091042 0.042081 0.090088 0.085744 0.068595 0.042844 
0.029756 0.317897 0.093746 0.103580 0.082075 0.055327 0.088010 0.102458 0.074215 0.052935 
0.023479 0.293607 0.182537 0.104337 0.057729 0.023598 0.094226 0.086619 0.084471 0.049397 
0.025547 0.308286 0.163964 0.081182 0.102957 0.032036 0.077491 0.096201 0.064824 0.047513 
0.022572 0.301214 0.185889 0.106166 0.100685 0.042266 0.055519 0.083442 0.065288 0.036960 
0.010771 0.283583 0.155202 0.116477 0.108933 0.042604 0.077817 0.092068 0.067980 0.044565 
0.006079 0.286687 0.151370 0.100116 0.109831 0.074152 0.114251 0.075344 0.060117 0.022054 
0.004232 0.274222 0.180977 0.139446 0.084034 0.085623 0.078225 0.066347 0.071546 0.015349 
0.018863 0.325881 0.142189 0.146465 0.095301 0.063356 0.045489 0.093860 0.050026 0.018569 
0.026272 0.306401 0.114460 0.140351 0.114354 0.048024 0.060590 0.101762 0.063333 0.024453 
0.033244 0.336863 0.148381 0.219232 0.031851 0.054261 0.074306 0.038842 0.038411 0.024610 
0.022872 0.260514 0.217229 0.128530 0.064420 0.059425 0.061866 0.086050 0.051325 0.047769 
0.020306 0.253379 0.205494 0.131418 0.047929 0.080719 0.075413 0.089959 0.043590 0.051793 
0.019395 0.238285 0.230409 0.134167 0.067435 0.055223 0.082801 0.072696 0.034923 0.064667 
0.015734 0.271821 0.191232 0.171610 0.045328 0.050939 0.077041 0.060469 0.049382 0.066443 
0.000654 0.164275 0.304030 0.157114 0.102208 0.062725 0.046384 0.061396 0.058122 0.043093 
0.001298 0.234150 0.312007 0.179814 0.077037 0.048302 0.051826 0.044983 0.027194 0.023390 
0.007679 0.123728 0.333104 0.197001 0.075608 0.098979 0.055437 0.037812 0.024310 0.046342 
0.011206 0.093187 0.303392 0.214005 0.067066 0.147311 0.042724 0.034279 0.040493 0.046337 
0.011353 0.089046 0.356491 0.211224 0.055392 0.139998 0.046881 0.019916 0.031484 0.038215 
0.020920 0.117383 0.302912 0.212757 0.039533 0.137820 0.061725 0.033723 0.024066 0.049163 
0.004291 0.075872 0.309253 0.213672 0.044720 0.137267 0.085371 0.035024 0.036422 0.058108 
0.010669 0.106563 0.392427 0.190823 0.067295 0.131507 0.030947 0.010355 0.014388 0.045025 
0.009987 0.103173 0.390751 0.179905 0.036302 0.112547 0.064131 0.039312 0.020734 0.043158 
0.010157 0.084436 0.354356 0.192148 0.050087 0.123581 0.098517 0.037818 0.016958 0.031942 
0.022712 0.140405 0.429258 0.127170 0.046513 0.090880 0.061421 0.034295 0.016119 0.031226 
0.005476 0.120415 0.477168 0.117502 0.050103 0.089344 0.052181 0.028285 0.025872 0.033652 
0.022948 0.108126 0.414181 0.112986 0.059277 0.058921 0.075715 0.047074 0.061787 0.038984 
0.027928 0.182690 0.444903 0.101923 0.031262 0.030029 0.074231 0.044917 0.021981 0.040137 
0.003699 0.111401 0.433862 0.083388 0.063241 0.069252 0.106547 0.052735 0.044187 0.031689 
0.027600 0.119454 0.353536 0.150364 0.050713 0.061452 0.087363 0.061004 0.033158 0.055356 
0.025370 0.162484 0.392778 0.142162 0.024561 0.031925 0.081857 0.042897 0.030900 0.065067 
0.007572 0.113006 0.390275 0.147775 0.054292 0.029683 0.103380 0.068257 0.024303 0.061457 
0.033357 0.154149 0.374744 0.167651 0.056337 0.031798 0.079379 0.044588 0.022519 0.035477 
0.010428 0.086727 0.198390 0.330409 0.169940 0.048914 0.050352 0.038857 0.029593 0.036390 
0.004483 0.081555 0.350851 0.197033 0.068215 0.047430 0.074978 0.087854 0.049172 0.038429 
0.025977 0.123236 0.336979 0.105106 0.070928 0.081380 0.077232 0.065097 0.065939 0.048126 
0.021531 0.163516 0.313554 0.137771 0.068491 0.047887 0.071660 0.084113 0.058916 0.032561 
0.008809 0.101587 0.396586 0.127121 0.043600 0.048743 0.067361 0.108910 0.044241 0.053043 
0.025211 0.110324 0.375222 0.173911 0.070143 0.038707 0.070546 0.045836 0.048387 0.041713 
0.012199 0.139109 0.360995 0.174642 0.061182 0.037239 0.082031 0.057175 0.029735 0.045692 
0.019957 0.132680 0.377392 0.168481 0.040365 0.034553 0.083202 0.063548 0.042027 0.037795 
0.023412 0.113552 0.421523 0.183119 0.039737 0.040210 0.056599 0.056463 0.025824 0.039561 
0.017279 0.309716 0.398531 0.061486 0.060902 0.026769 0.032970 0.028457 0.033115 0.030776 
0.037272 0.278290 0.308808 0.131729 0.079370 0.045579 0.055571 0.022013 0.013270 0.028098 
0.002532 0.239948 0.343135 0.147398 0.077428 0.061396 0.038197 0.029985 0.030319 0.029663 
0.009036 0.299073 0.266960 0.171696 0.061621 0.064217 0.019478 0.047083 0.022219 0.038617 
0.013038 0.287792 0.271949 0.168038 0.085790 0.038638 0.028924 0.042091 0.020392 0.043348 
0.006926 0.282342 0.286135 0.184889 0.086862 0.040986 0.026666 0.054192 0.011737 0.019265 
0.002939 0.315305 0.266522 0.168217 0.070712 0.058036 0.029294 0.055725 0.009759 0.023490 
0.001685 0.298224 0.322007 0.166383 0.044925 0.047089 0.027686 0.052647 0.009429 0.029926 
0.000260 0.289995 0.350681 0.146314 0.050675 0.041709 0.029634 0.061920 0.010782 0.018030 
0.002307 0.300546 0.331987 0.122801 0.046852 0.059003 0.017927 0.073371 0.010814 0.034393 
0.002322 0.285468 0.329907 0.137250 0.054896 0.053136 0.034279 0.049665 0.011586 0.041492 
0.001011 0.282704 0.341011 0.145746 0.071071 0.064674 0.019513 0.041245 0.012794 0.020230 
0.000105 0.279489 0.321861 0.158150 0.069925 0.059614 0.025982 0.037096 0.018539 0.029240 
0.003693 0.276593 0.292833 0.142914 0.038776 0.076570 0.035135 0.072053 0.016407 0.045026 
0.005029 0.352352 0.281723 0.119323 0.053974 0.053221 0.024770 0.051341 0.025378 0.032889 
0.007056 0.319027 0.299629 0.109719 0.049815 0.067649 0.028234 0.063697 0.016356 0.038818 
0.009245 0.294741 0.343483 0.069856 0.065268 0.071289 0.026161 0.054135 0.021553 0.044269 
0.002065 0.291521 0.284269 0.096365 0.063854 0.074765 0.040255 0.080516 0.021687 0.044704 
0.018867 0.267333 0.308658 0.087500 0.058696 0.053030 0.034240 0.069799 0.051386 0.050492 
0.017661 0.439339 0.323536 0.057333 0.037653 0.031114 0.018878 0.023277 0.023386 0.027824 
0.001808 0.306879 0.353568 0.121787 0.063903 0.033594 0.021909 0.041846 0.016659 0.038046 
0.014170 0.318055 0.344792 0.070938 0.052599 0.031102 0.015608 0.079527 0.013260 0.059948 
0.006799 0.334677 0.330201 0.090032 0.053766 0.022401 0.013557 0.068004 0.010042 0.070522 
0.006357 0.327796 0.335959 0.057920 0.070934 0.021487 0.032169 0.072274 0.030183 0.044920 
0.006826 0.321630 0.307363 0.076590 0.053042 0.038357 0.028385 0.076626 0.033399 0.057781 
0.000640 0.337417 0.300453 0.087567 0.056725 0.034813 0.014805 0.074248 0.026658 0.066675 
