Waterloo,ABBA
0.000000 0.000000 0.000000 0.000000 0.000000 0.000000 0.000000 0.000000 0.000000 0.000000 
0.000000 0.000000 0.000000 0.000000 0.000000 0.000000 0.000000 0.000000 0.000000 0.000000 
0.000000 0.000000 0.000000 0.000000 0.000000 0.000000 0.000000 0.000000 0.000000 0.000000 
0.000000 0.000000 0.000000 0.000000 0.000000 0.000000 0.000000 0.000000 0.000000 0.000000 
0.000000 0.000000 0.000000 0.000000 0.000000 0.000000 0.000000 0.000000 0.000000 0.000000 
0.000000 0.000000 0.000000 0.000000 0.000000 0.000000 0.000000 0.000000 0.000000 0.000000 
0.000000 0.000000 0.000000 0.000000 0.000000 0.000000 0.000000 0.000000 0.000000 0.000000 
0.000000 0.000000 0.000000 0.000000 0.000000 0.000000 0.000000 0.000000 0.000000 0.000000 
0.000000 0.000000 0.000000 0.000000 0.000000 0.000000 0.000000 0.000000 0.000000 0.000000 
0.000000 0.000000 0.000000 0.000000 0.000000 0.000000 0.000000 0.000000 0.000000 0.000000 
0.000000 0.000000 0.000000 0.000000 0.000000 0.000000 0.000000 0.000000 0.000000 0.000000 
0.000000 0.000000 0.000000 0.000000 0.000000 0.000000 0.000000 0.000000 0.000000 0.000000 
0.000000 0.000000 0.000000 0.000000 0.000000 0.000000 0.000000 0.000000 0.000000 0.000000 
0.000000 0.000000 0.000000 0.000000 0.000000 0.000000 0.000000 0.000000 0.000000 0.000000 
0.000000 0.000000 0.000000 0.000000 0.000000 0.000000 0.000000 0.000000 0.000000 0.000000 
0.000000 0.000000 0.000000 0.000000 0.000000 0.000000 0.000000 0.000000 0.000000 0.000000 
0.000000 0.000000 0.000000 0.000000 0.000000 0.000000 0.000000 0.000000 0.000000 0.000000 
0.000000 0.000000 0.000000 0.000000 0.000000 0.000000 0.000000 0.000000 0.000000 0.000000 
0.000000 0.000000 0.000000 0.000000 0.000000 0.000000 0.000000 0.000000 0.000000 0.000000 
0.000000 0.000000 0.000000 0.000000 0.000000 0.000000 0.000000 0.000000 0.000000 0.000000 
0.000000 0.000000 0.000000 0.000000 0.000000 0.000000 0.000000 0.000000 0.000000 0.000000 
0.000000 0.000000 0.000000 0.000000 0.000000 0.000000 0.000000 0.000000 0.000000 0.000000 
0.000000 0.000000 0.000000 0.000000 0.000000 0.000000 0.000000 0.000000 0.000000 0.000000 
0.008519 0.086615 0.362887 0.194262 0.107043 0.092336 0.032242 0.029286 0.041920 0.044890 
0.009315 0.232020 0.345643 0.139760 0.045930 0.057274 0.058034 0.038162 0.028056 0.045805 
0.006074 0.159457 0.245626 0.158447 0.095209 0.057778 0.105551 0.048203 0.036458 0.087196 
0.000661 0.136779 0.285428 0.181037 0.064588 0.049406 0.111806 0.055665 0.038009 0.076620 
0.004623 0.092461 0.220471 0.244062 0.060987 0.090362 0.091405 0.071797 0.054630 0.069205 
0.009911 0.155691 0.217123 0.243700 0.082265 0.075061 0.070633 0.027529 0.060743 0.057345 
0.005389 0.096680 0.157587 0.332421 0.132747 0.134299 0.036164 0.035630 0.029786 0.039297 
0.001867 0.126416 0.165000 0.221163 0.083862 0.193839 0.048622 0.042626 0.039591 0.077013 
0.004522 0.087252 0.166456 0.258100 0.074610 0.179761 0.063723 0.022796 0.041965 0.100814 
0.003480 0.078466 0.411632 0.157334 0.132607 0.087162 0.035161 0.022421 0.022954 0.048784 
0.009761 0.215383 0.365869 0.134262 0.061415 0.065235 0.050948 0.023603 0.025656 0.047870 
0.036030 0.246640 0.263917 0.161341 0.051364 0.062889 0.065405 0.030083 0.045769 0.036562 
0.028019 0.302028 0.195295 0.182864 0.083362 0.020627 0.069011 0.034272 0.040565 0.043956 
0.019535 0.223330 0.260490 0.200058 0.065790 0.046385 0.044597 0.026972 0.047403 0.065440 
0.019097 0.204579 0.265774 0.179988 0.080183 0.064537 0.031892 0.034904 0.049567 0.069478 
0.005386 0.113687 0.287628 0.189326 0.059423 0.128164 0.050466 0.044625 0.053408 0.067885 
0.017951 0.079376 0.245114 0.209032 0.062507 0.147893 0.071711 0.043678 0.060392 0.062347 
0.002731 0.039505 0.268810 0.236097 0.052274 0.137861 0.074594 0.046139 0.062478 0.079512 
0.001274 0.166859 0.347051 0.197995 0.077679 0.042321 0.043529 0.040686 0.046677 0.035929 
0.002461 0.228468 0.304529 0.204777 0.063304 0.047451 0.051544 0.028208 0.041349 0.027908 
0.004322 0.210160 0.317038 0.292438 0.035901 0.032888 0.027850 0.025854 0.038274 0.015276 
0.028187 0.336160 0.232884 0.245927 0.046340 0.024043 0.017917 0.021953 0.032242 0.014346 
0.031103 0.290933 0.213904 0.255532 0.046834 0.041989 0.023298 0.026889 0.032155 0.037362 
0.004343 0.247366 0.187448 0.252821 0.049955 0.078769 0.042464 0.045593 0.036038 0.055203 
0.014532 0.209947 0.230519 0.233722 0.034810 0.097140 0.063617 0.042146 0.029828 0.043739 
0.015411 0.211107 0.206023 0.234738 0.040840 0.103474 0.057006 0.025640 0.039342 0.066419 
0.012251 0.193272 0.191509 0.253366 0.045947 0.121612 0.047784 0.042324 0.039322 0.052614 
0.001788 0.125736 0.437885 0.145715 0.109458 0.082052 0.028745 0.031875 0.024214 0.012532 
0.015515 0.287648 0.342114 0.128386 0.034192 0.084209 0.040465 0.033111 0.026884 0.007475 
0.036366 0.287010 0.280108 0.126915 0.057416 0.057396 0.061388 0.035624 0.034515 0.023263 
0.032567 0.373671 0.209227 0.123000 0.032878 0.039677 0.059086 0.043499 0.051376 0.035019 
0.028576 0.300513 0.243832 0.116699 0.033190 0.055704 0.083250 0.045053 0.051463 0.041721 
0.024469 0.290316 0.231704 0.146550 0.056140 0.061427 0.073375 0.039573 0.040664 0.035782 
0.002662 0.161360 0.302542 0.184628 0.083916 0.091051 0.064648 0.035061 0.044536 0.029595 
0.017655 0.208205 0.227464 0.208071 0.078674 0.084297 0.080236 0.030974 0.035682 0.028742 
0.001235 0.071237 0.233562 0.267918 0.097336 0.100111 0.084244 0.039784 0.044875 0.059699 
0.004791 0.227074 0.420208 0.122669 0.040306 0.054677 0.048749 0.027530 0.027527 0.026470 
0.002399 0.171197 0.345890 0.161801 0.058329 0.067019 0.075546 0.037324 0.044113 0.036382 
0.022915 0.214315 0.326830 0.137340 0.060196 0.057688 0.066379 0.042404 0.042157 0.029776 
0.047129 0.399276 0.229049 0.122490 0.031271 0.021126 0.062288 0.035549 0.031596 0.020227 
0.035714 0.279220 0.301707 0.146457 0.044376 0.019550 0.045911 0.044688 0.035469 0.046908 
0.006274 0.209910 0.318378 0.140798 0.046157 0.058030 0.044352 0.064126 0.039135 0.072841 
0.008700 0.190684 0.281995 0.176339 0.054751 0.101260 0.038515 0.052203 0.033900 0.061652 
0.005971 0.154386 0.232450 0.191049 0.049688 0.140218 0.058950 0.045777 0.044391 0.077120 
0.010466 0.073724 0.356149 0.169145 0.177509 0.064744 0.046564 0.037380 0.026777 0.037541 
0.008504 0.186656 0.338151 0.163247 0.116476 0.077250 0.031125 0.020643 0.023983 0.033966 
0.013346 0.255294 0.315558 0.141425 0.057973 0.094956 0.049078 0.018450 0.026547 0.027373 
0.036549 0.304262 0.246174 0.145825 0.051813 0.081097 0.056495 0.019165 0.027467 0.031151 
0.030564 0.318554 0.219933 0.178830 0.041686 0.064693 0.062657 0.032234 0.024906 0.025943 
0.005931 0.237918 0.256078 0.225870 0.055074 0.068519 0.048497 0.034845 0.029700 0.037568 
0.013878 0.229194 0.299393 0.202462 0.060746 0.049462 0.039564 0.041141 0.026349 0.037811 
0.007876 0.223872 0.267660 0.266398 0.063790 0.027045 0.050925 0.027164 0.042768 0.022502 
0.022412 0.191081 0.144424 0.288710 0.127431 0.042320 0.060261 0.031931 0.062493 0.028936 
0.009484 0.145486 0.344042 0.186478 0.105388 0.069666 0.038417 0.027485 0.046833 0.026723 
0.009982 0.283669 0.326168 0.167501 0.048585 0.079464 0.030350 0.016365 0.025881 0.012034 
0.014992 0.173252 0.287194 0.214746 0.047678 0.099980 0.061586 0.029464 0.042072 0.029036 
0.006843 0.229690 0.293092 0.169111 0.075504 0.087272 0.031040 0.032606 0.043004 0.031838 
0.020941 0.293573 0.279273 0.152597 0.084472 0.049677 0.028642 0.036063 0.031586 0.023177 
0.015025 0.197571 0.332598 0.162899 0.103026 0.066829 0.020168 0.035782 0.034139 0.031963 
0.029242 0.275281 0.234507 0.135780 0.134626 0.067298 0.041307 0.030988 0.029361 0.021610 
0.038540 0.216469 0.379128 0.132781 0.082852 0.053140 0.023466 0.030307 0.025206 0.018112 
0.044637 0.222945 0.429777 0.107965 0.044385 0.028856 0.031698 0.028694 0.027956 0.033087 
0.003109 0.106195 0.429762 0.131938 0.140188 0.050831 0.044711 0.035786 0.038454 0.019025 
0.003414 0.147582 0.436860 0.104401 0.066556 0.087498 0.053711 0.039476 0.032899 0.027601 
0.002581 0.233111 0.369620 0.102640 0.067780 0.083117 0.043853 0.013219 0.051490 0.032590 
0.018760 0.208464 0.406400 0.116607 0.081507 0.054461 0.032276 0.022692 0.040796 0.018035 
0.011044 0.299061 0.325259 0.134214 0.053518 0.055084 0.041031 0.027504 0.031858 0.021427 
0.037810 0.277439 0.360171 0.133449 0.068277 0.030477 0.035123 0.017446 0.022073 0.017735 
0.002515 0.294041 0.288729 0.196396 0.068589 0.043207 0.035547 0.032751 0.020504 0.017721 
0.000484 0.243407 0.295662 0.116628 0.051681 0.055636 0.056392 0.038750 0.038032 0.103328 
0.001390 0.201354 0.292844 0.100016 0.048815 0.051384 0.053517 0.081669 0.048306 0.120704 
0.013693 0.178046 0.345306 0.134967 0.063029 0.087823 0.060889 0.026492 0.031468 0.058285 
0.015444 0.176227 0.194798 0.177366 0.054578 0.156334 0.138789 0.024204 0.022080 0.040180 
0.003990 0.186816 0.152903 0.203765 0.052778 0.153402 0.150024 0.028869 0.027538 0.039915 
0.023638 0.195744 0.121198 0.254517 0.075976 0.125070 0.097682 0.036806 0.042092 0.027277 
0.031431 0.216058 0.112001 0.228962 0.085890 0.133245 0.052991 0.051362 0.039412 0.048648 
0.012178 0.190592 0.143239 0.271111 0.084010 0.134703 0.031201 0.039522 0.030370 0.063074 
0.000369 0.117240 0.202370 0.247293 0.071825 0.168435 0.060754 0.028168 0.025989 0.077557 
0.012944 0.127178 0.153303 0.240834 0.093328 0.157337 0.101421 0.024889 0.019750 0.069018 
0.017996 0.145842 0.112136 0.301294 0.066123 0.105000 0.087334 0.036558 0.031656 0.096059 
0.005910 0.115183 0.432368 0.131861 0.115810 0.073041 0.055494 0.018609 0.021048 0.030676 
0.013249 0.209406 0.336920 0.164113 0.086213 0.077372 0.042681 0.021839 0.020189 0.028019 
0.007870 0.213349 0.362809 0.181967 0.050407 0.047413 0.039791 0.031455 0.032668 0.032271 
0.024209 0.268319 0.279342 0.193791 0.042392 0.019845 0.058378 0.025903 0.026844 0.060978 
0.024583 0.223312 0.230718 0.213868 0.060219 0.050796 0.108358 0.025444 0.025309 0.037394 
0.004859 0.177407 0.226753 0.216792 0.087952 0.081905 0.122413 0.032238 0.019417 0.030265 
0.019488 0.155347 0.259478 0.195281 0.087971 0.103245 0.089824 0.023022 0.032701 0.033644 
0.012380 0.180240 0.203124 0.180833 0.058512 0.141146 0.102757 0.023491 0.041127 0.056391 
0.003630 0.123336 0.173351 0.173935 0.051948 0.186362 0.153133 0.026327 0.047109 0.060871 
0.003585 0.257783 0.367215 0.105566 0.061313 0.096171 0.035191 0.029996 0.021836 0.021343 
0.012513 0.250673 0.234242 0.137032 0.050857 0.126460 0.076292 0.033894 0.027392 0.050645 
0.033206 0.242391 0.260964 0.159002 0.035141 0.084362 0.093623 0.017628 0.017706 0.055975 
0.022128 0.365683 0.168030 0.137756 0.049191 0.059544 0.073009 0.022847 0.024496 0.077315 
0.025809 0.275171 0.165795 0.148709 0.067586 0.075046 0.087362 0.035284 0.034448 0.084789 
0.024382 0.257134 0.155652 0.150735 0.054395 0.087225 0.103048 0.042193 0.037241 0.087996 
0.000319 0.114655 0.261050 0.276840 0.084421 0.045456 0.106697 0.028311 0.042685 0.039566 
0.015935 0.157870 0.162234 0.277361 0.061332 0.085506 0.102811 0.030886 0.037847 0.068219 
0.027324 0.142950 0.175999 0.201733 0.128320 0.130928 0.099617 0.032913 0.018497 0.041718 
0.000561 0.122152 0.434468 0.175452 0.079767 0.052512 0.048619 0.021553 0.034236 0.030681 
0.019862 0.225556 0.337819 0.208706 0.037475 0.048321 0.029935 0.028015 0.024748 0.039563 
0.013814 0.234241 0.241492 0.187885 0.071738 0.105652 0.040914 0.026961 0.022128 0.055175 
0.023853 0.278144 0.177523 0.187060 0.089674 0.085059 0.042944 0.024237 0.022646 0.068861 
0.014116 0.220643 0.194740 0.226984 0.075544 0.117274 0.055379 0.016168 0.020351 0.058802 
0.023071 0.159746 0.377694 0.110708 0.141014 0.070530 0.038221 0.027058 0.030711 0.021246 
0.022407 0.132194 0.403460 0.157924 0.100431 0.053233 0.057725 0.017119 0.028949 0.026559 
0.001497 0.095641 0.438293 0.175377 0.078529 0.024160 0.058319 0.027998 0.044032 0.056156 
0.011124 0.141199 0.304620 0.196961 0.053430 0.088596 0.065707 0.045356 0.025556 0.067452 
0.003339 0.236853 0.296326 0.201904 0.036178 0.074771 0.040574 0.030681 0.029087 0.050287 
0.025029 0.299378 0.258220 0.171113 0.053045 0.077982 0.044185 0.015026 0.021431 0.034591 
0.020956 0.169856 0.426147 0.120247 0.095131 0.043556 0.054248 0.016479 0.029011 0.024370 
0.009048 0.201600 0.379715 0.098812 0.124991 0.058870 0.043697 0.025097 0.028360 0.029810 
0.010611 0.173106 0.339542 0.158331 0.100323 0.037526 0.071931 0.030509 0.040855 0.037266 
0.018210 0.102887 0.419077 0.127519 0.118746 0.076757 0.049639 0.035518 0.025264 0.026382 
0.005179 0.101935 0.453624 0.103953 0.111136 0.064566 0.064265 0.021572 0.040614 0.033157 
0.021584 0.124148 0.364367 0.102190 0.051094 0.058012 0.105838 0.064781 0.042753 0.065232 
0.001205 0.060179 0.493848 0.104478 0.160151 0.048892 0.038772 0.020923 0.021067 0.050486 
0.014807 0.213281 0.399132 0.116359 0.044748 0.078258 0.043587 0.021804 0.032479 0.035546 
0.017798 0.220243 0.330038 0.135589 0.058052 0.082862 0.044376 0.027204 0.033053 0.050784 
0.003121 0.142481 0.295383 0.133691 0.108547 0.069758 0.064067 0.085027 0.043900 0.054023 
0.015596 0.191758 0.298597 0.140605 0.106135 0.064995 0.064419 0.039026 0.023455 0.055415 
0.016274 0.171710 0.299242 0.102422 0.094365 0.086295 0.085778 0.039861 0.041174 0.062878 
0.014022 0.110148 0.459368 0.122466 0.132232 0.034967 0.039996 0.030036 0.030631 0.026135 
0.026545 0.206221 0.375631 0.114865 0.041452 0.090215 0.056981 0.027380 0.033787 0.026923 
0.006876 0.123677 0.296907 0.153175 0.108805 0.101758 0.092271 0.026230 0.039148 0.051153 
0.006274 0.149423 0.352354 0.117451 0.106989 0.052835 0.046043 0.084036 0.022404 0.062192 
0.013393 0.283507 0.261409 0.117669 0.051154 0.056817 0.045858 0.057633 0.035527 0.077032 
0.011478 0.287736 0.321380 0.082474 0.062984 0.051918 0.066176 0.029838 0.024463 0.061552 
0.011637 0.109397 0.430866 0.095736 0.135710 0.044963 0.063905 0.034231 0.032209 0.041346 
0.016209 0.293684 0.286084 0.087864 0.045819 0.054607 0.109374 0.033518 0.018914 0.053927 
0.011639 0.152641 0.353562 0.083742 0.067420 0.064762 0.134385 0.029899 0.035849 0.066101 
0.011298 0.169798 0.282233 0.164349 0.108441 0.066334 0.068319 0.054410 0.024212 0.050605 
0.011467 0.202427 0.326924 0.158101 0.068228 0.062645 0.081159 0.026299 0.017382 0.045368 
0.006495 0.192946 0.170620 0.239064 0.128700 0.025586 0.022738 0.081764 0.047857 0.084230 
0.009087 0.079615 0.405538 0.098284 0.137634 0.067856 0.032651 0.028590 0.080012 0.060732 
0.002661 0.171485 0.423049 0.104891 0.082151 0.080061 0.049369 0.032764 0.025089 0.028480 
0.026384 0.179433 0.377856 0.105723 0.058151 0.078731 0.041031 0.036087 0.031100 0.065504 
0.015379 0.158679 0.353022 0.097290 0.096156 0.043501 0.054599 0.090964 0.042698 0.047713 
0.012331 0.213914 0.314643 0.114506 0.070419 0.086612 0.060629 0.058214 0.031201 0.037530 
0.026528 0.210439 0.193528 0.133732 0.056692 0.026497 0.133545 0.044519 0.041482 0.133039 
0.008748 0.140771 0.327140 0.135178 0.138758 0.065307 0.054225 0.041434 0.033399 0.055040 
0.031248 0.233970 0.266462 0.152584 0.086507 0.083723 0.052730 0.033255 0.023799 0.035722 
0.005610 0.184316 0.330164 0.136487 0.084077 0.071900 0.037869 0.023261 0.031195 0.095121 
0.038221 0.196528 0.318949 0.158310 0.083557 0.041996 0.062526 0.032348 0.036128 0.031436 
0.019305 0.329178 0.251480 0.151624 0.048541 0.047855 0.045849 0.045413 0.033934 0.026822 
0.015901 0.183453 0.226464 0.221828 0.071649 0.078129 0.052065 0.048144 0.063819 0.038548 
0.026012 0.294578 0.216205 0.167521 0.059693 0.070321 0.055718 0.042516 0.042155 0.025280 
0.012088 0.245919 0.202408 0.177053 0.079545 0.126542 0.040661 0.041779 0.033765 0.040240 
0.018561 0.238386 0.185374 0.158261 0.066892 0.134216 0.069394 0.034979 0.036040 0.057897 
0.022952 0.212465 0.185243 0.146026 0.079967 0.151356 0.070221 0.031100 0.028402 0.072268 
0.007911 0.176105 0.161674 0.131174 0.122174 0.184387 0.033555 0.044113 0.045111 0.093797 
0.008158 0.190851 0.206617 0.122428 0.106764 0.129765 0.061871 0.049061 0.046549 0.077934 
0.010016 0.134090 0.359890 0.129475 0.135218 0.061723 0.058785 0.030067 0.030844 0.049891 
0.029566 0.237998 0.228164 0.112418 0.077730 0.061757 0.082242 0.059517 0.042926 0.067682 
0.014624 0.233178 0.188783 0.107570 0.089893 0.070907 0.100578 0.059577 0.081749 0.053142 
0.001150 0.226451 0.253821 0.117706 0.103665 0.072135 0.064341 0.045609 0.043183 0.071939 
0.008800 0.235935 0.200123 0.106862 0.109681 0.111677 0.044692 0.049620 0.051502 0.081109 
0.027810 0.270645 0.164742 0.103612 0.103358 0.132294 0.048635 0.038480 0.051334 0.059091 
0.030895 0.232674 0.128547 0.078009 0.165110 0.037857 0.100321 0.060680 0.082011 0.083896 
0.022414 0.182870 0.139875 0.059136 0.200721 0.048055 0.112320 0.050617 0.088287 0.095705 
0.006531 0.122808 0.136813 0.103781 0.190025 0.052092 0.134422 0.070999 0.099868 0.082662 
0.016048 0.231579 0.351860 0.093451 0.115239 0.052995 0.052540 0.021806 0.026142 0.038340 
0.024884 0.142714 0.210676 0.130067 0.144520 0.132691 0.055147 0.030878 0.068627 0.059797 
0.014253 0.184510 0.227622 0.120501 0.155377 0.101026 0.088573 0.032080 0.041428 0.034630 
0.017102 0.206316 0.232608 0.119874 0.113819 0.108769 0.066952 0.025855 0.061032 0.047672 
0.007835 0.167739 0.182064 0.103369 0.121702 0.143014 0.101691 0.049705 0.058843 0.064038 
0.017066 0.192044 0.222345 0.122392 0.144373 0.132068 0.056203 0.043092 0.028377 0.042041 
0.016912 0.183766 0.162831 0.122381 0.159729 0.127541 0.087478 0.034636 0.041058 0.063669 
0.001855 0.145423 0.190172 0.077700 0.148465 0.107106 0.159089 0.040974 0.058474 0.070742 
0.008450 0.073958 0.307421 0.129167 0.201234 0.066843 0.084151 0.036725 0.037876 0.054175 
0.013490 0.098457 0.252969 0.154664 0.079244 0.097006 0.090083 0.064688 0.054479 0.094920 
0.009047 0.128637 0.168088 0.138673 0.123269 0.090262 0.130272 0.046061 0.037713 0.127978 
0.001923 0.109003 0.291931 0.177632 0.100622 0.059295 0.101762 0.040750 0.042718 0.074364 
0.018270 0.153142 0.261255 0.199851 0.113118 0.076857 0.093027 0.015804 0.038798 0.029877 
0.017017 0.161483 0.261364 0.174290 0.105280 0.056005 0.074496 0.027649 0.035596 0.086820 
0.013050 0.133265 0.167805 0.175475 0.135513 0.078716 0.061379 0.031663 0.041909 0.161224 
0.008180 0.148922 0.162903 0.151677 0.126439 0.088286 0.052048 0.055883 0.045517 0.160144 
0.008495 0.069038 0.125850 0.175487 0.111324 0.091680 0.038156 0.056928 0.062995 0.260047 
0.002310 0.125430 0.176954 0.134331 0.120176 0.073221 0.053879 0.065905 0.045793 0.202001 
0.003416 0.196043 0.166913 0.139312 0.091604 0.044875 0.047094 0.060668 0.099854 0.150222 
0.007059 0.095479 0.111463 0.194923 0.120420 0.059598 0.053871 0.053821 0.091302 0.212064 
0.008425 0.126572 0.128487 0.193740 0.085274 0.056504 0.055497 0.044425 0.076937 0.224140 
0.013152 0.121870 0.120219 0.172401 0.092908 0.047507 0.051017 0.051000 0.121237 0.208687 
0.004826 0.109307 0.155720 0.202020 0.132200 0.077312 0.053556 0.076903 0.096285 0.091872 
0.000430 0.093598 0.109570 0.182837 0.117247 0.062856 0.051694 0.073124 0.078235 0.230410 
0.004671 0.066851 0.118953 0.179482 0.091812 0.061543 0.030076 0.070068 0.125175 0.251368 
0.008800 0.080797 0.115070 0.165416 0.074177 0.053315 0.055358 0.064750 0.109440 0.272877 
0.017693 0.096386 0.280997 0.152584 0.128920 0.061045 0.031991 0.041205 0.048642 0.140536 
0.020256 0.144936 0.277953 0.139463 0.060149 0.064328 0.020134 0.047326 0.085939 0.139516 
0.001631 0.135257 0.210518 0.151155 0.072685 0.055175 0.048464 0.053962 0.085594 0.185560 
0.003996 0.153957 0.176445 0.159934 0.112663 0.057970 0.034571 0.061618 0.096038 0.142807 
0.003558 0.172327 0.225808 0.180929 0.086896 0.072028 0.053614 0.068977 0.066434 0.069428 
0.021678 0.191837 0.219918 0.186759 0.086056 0.069792 0.059479 0.053066 0.034531 0.076885 
0.023137 0.210546 0.173669 0.172759 0.071413 0.077769 0.043331 0.068515 0.044506 0.114355 
0.000653 0.090738 0.144781 0.180658 0.129277 0.104677 0.058677 0.100606 0.081266 0.108665 
0.013340 0.113029 0.134705 0.168586 0.150696 0.132407 0.046666 0.107761 0.044284 0.088526 
0.012775 0.213115 0.315370 0.085119 0.084742 0.083442 0.031300 0.049139 0.061411 0.063588 
0.000389 0.159957 0.278769 0.113216 0.069008 0.133560 0.048152 0.037507 0.084698 0.074743 
0.020710 0.229251 0.263886 0.126742 0.030878 0.063291 0.055835 0.055210 0.040283 0.113915 
0.015752 0.254229 0.202135 0.110191 0.091863 0.058701 0.043842 0.089891 0.049627 0.083769 
0.027425 0.211676 0.181773 0.088757 0.076079 0.115990 0.026914 0.090066 0.088861 0.092458 
0.016176 0.194837 0.155763 0.074213 0.046053 0.087580 0.022789 0.071026 0.134770 0.196793 
0.004241 0.141500 0.197573 0.142600 0.065826 0.110049 0.048372 0.052170 0.046525 0.191143 
0.005382 0.083622 0.125765 0.136248 0.063747 0.179445 0.029268 0.101213 0.099867 0.175445 
0.007416 0.074191 0.104844 0.118456 0.058379 0.169646 0.023047 0.110450 0.031821 0.301748 
0.014965 0.113696 0.367797 0.104005 0.125526 0.086071 0.030366 0.050239 0.029623 0.077713 
0.028856 0.223078 0.290774 0.121774 0.053345 0.099823 0.037910 0.025746 0.030697 0.087997 
0.002528 0.173484 0.298054 0.157835 0.111899 0.089008 0.034247 0.045154 0.051821 0.035970 
0.016099 0.213114 0.176228 0.167626 0.078031 0.117191 0.057065 0.085029 0.055118 0.034499 
0.014750 0.181201 0.124523 0.134197 0.048717 0.154330 0.051810 0.074199 0.027095 0.189177 
0.021530 0.204191 0.125733 0.146219 0.105552 0.128018 0.028528 0.062708 0.023539 0.153983 
0.008784 0.075004 0.173959 0.144349 0.123272 0.071820 0.038562 0.044575 0.063714 0.255960 
0.001823 0.094780 0.215909 0.139426 0.082328 0.105530 0.043825 0.051753 0.032372 0.232253 
0.003639 0.058625 0.212018 0.176798 0.138214 0.057585 0.039485 0.040407 0.023279 0.249950 
0.016860 0.196936 0.212558 0.126789 0.094667 0.068105 0.022208 0.035846 0.026872 0.199160 
0.009048 0.174277 0.136324 0.123571 0.103198 0.056025 0.043905 0.031000 0.047018 0.275635 
0.007895 0.195058 0.157825 0.123866 0.122041 0.037034 0.060842 0.033160 0.041344 0.220936 
0.013142 0.183265 0.146948 0.108792 0.110158 0.100544 0.053608 0.028398 0.040188 0.214957 
0.004726 0.177254 0.198489 0.076853 0.130956 0.143461 0.088792 0.043917 0.033208 0.102343 
0.025457 0.237657 0.188182 0.136103 0.136314 0.094197 0.048165 0.033575 0.033945 0.066406 
0.008363 0.109567 0.281694 0.076205 0.110492 0.059036 0.053918 0.057973 0.070665 0.172087 
0.005264 0.058877 0.263389 0.100371 0.090894 0.048643 0.028281 0.077828 0.058985 0.267468 
0.004940 0.046051 0.223846 0.177175 0.102576 0.103867 0.063925 0.054730 0.067997 0.154893 
0.005488 0.090321 0.356744 0.135565 0.092337 0.060986 0.059754 0.032109 0.033285 0.133411 
0.005994 0.125000 0.295989 0.166967 0.076210 0.079413 0.071960 0.041460 0.049517 0.087490 
0.008327 0.135913 0.374599 0.142749 0.089379 0.077585 0.040090 0.045485 0.029365 0.056508 
0.017372 0.134849 0.359752 0.116624 0.129339 0.057877 0.049762 0.055871 0.041662 0.036891 
0.000809 0.126563 0.333499 0.120086 0.111844 0.082788 0.086712 0.064955 0.035513 0.037231 
0.014026 0.147283 0.317085 0.126958 0.100975 0.079187 0.075121 0.038352 0.042310 0.058703 
0.021787 0.166426 0.153480 0.175886 0.176609 0.090038 0.052969 0.046929 0.053051 0.062825 
0.009947 0.087138 0.218021 0.173509 0.199102 0.090678 0.064674 0.030714 0.058286 0.067931 
0.006550 0.058554 0.180647 0.134835 0.200366 0.119275 0.092179 0.037861 0.106662 0.063071 
0.007475 0.182002 0.214484 0.143650 0.141172 0.080221 0.089180 0.037419 0.069706 0.034689 
0.003918 0.182477 0.237453 0.141183 0.162604 0.066276 0.065815 0.053539 0.070001 0.016733 
0.001118 0.095497 0.236010 0.172777 0.174821 0.094336 0.072886 0.042700 0.075296 0.034559 
0.010444 0.119671 0.257973 0.131772 0.182800 0.076560 0.056432 0.036753 0.087146 0.040449 
0.001054 0.087040 0.328053 0.158731 0.182994 0.077983 0.045451 0.030779 0.067943 0.019971 
0.014805 0.115219 0.297329 0.162361 0.131944 0.074541 0.047689 0.049278 0.081999 0.024835 
0.008519 0.133280 0.337644 0.127644 0.124165 0.097552 0.054633 0.049776 0.040800 0.025987 
0.015359 0.082359 0.327760 0.152613 0.113704 0.118111 0.064469 0.036148 0.048917 0.040560 
0.008098 0.055860 0.486899 0.105289 0.138480 0.090965 0.039000 0.022660 0.030667 0.022083 
0.001774 0.079466 0.418947 0.108820 0.133419 0.077709 0.038010 0.029375 0.093128 0.019353 
0.014429 0.147685 0.383516 0.079160 0.119863 0.079559 0.033256 0.043844 0.069745 0.028943 
0.018188 0.169006 0.255973 0.102952 0.154785 0.105628 0.053589 0.039588 0.068778 0.031513 
0.000528 0.167428 0.362027 0.087150 0.128090 0.100312 0.038833 0.043971 0.036583 0.035079 
0.000525 0.117024 0.309215 0.089337 0.073605 0.107318 0.036320 0.042282 0.194177 0.030198 
0.007672 0.111848 0.248532 0.128394 0.114728 0.107663 0.036223 0.034680 0.181319 0.028942 
0.005723 0.079327 0.250607 0.207091 0.117293 0.095248 0.047470 0.030523 0.117257 0.049464 
0.001999 0.038895 0.175935 0.206099 0.184989 0.076198 0.057419 0.062521 0.086964 0.108982 
0.001557 0.087568 0.257250 0.189075 0.151739 0.080047 0.073032 0.050123 0.055518 0.054092 
0.004497 0.147138 0.276822 0.165427 0.160395 0.087201 0.035157 0.039490 0.059215 0.024657 
0.002600 0.160264 0.257921 0.204172 0.145483 0.075361 0.039035 0.060856 0.030170 0.024137 
0.000409 0.145121 0.299348 0.190117 0.148216 0.084796 0.048607 0.028533 0.039558 0.015295 
0.016854 0.133671 0.254762 0.162489 0.139173 0.065642 0.034247 0.097644 0.068412 0.027107 
0.005718 0.132084 0.230090 0.145342 0.121277 0.054267 0.028049 0.174747 0.071773 0.036653 
0.008692 0.102214 0.322855 0.119691 0.177268 0.026858 0.035270 0.086473 0.039749 0.080931 
0.009477 0.055748 0.210790 0.183864 0.164985 0.066088 0.073782 0.109837 0.039518 0.085911 
0.003261 0.017957 0.269249 0.197275 0.178781 0.050326 0.076840 0.070327 0.074994 0.060991 
0.010009 0.065075 0.461561 0.072201 0.162760 0.059359 0.037258 0.048059 0.035794 0.047924 
0.028214 0.133310 0.340241 0.128590 0.101502 0.053352 0.077572 0.067709 0.036473 0.033039 
0.014018 0.159682 0.311039 0.156111 0.117254 0.033749 0.072580 0.041096 0.038761 0.055712 
0.000703 0.167997 0.265159 0.203093 0.144131 0.042190 0.041684 0.038850 0.041219 0.054974 
0.002742 0.169325 0.264981 0.164927 0.130886 0.056751 0.070462 0.052628 0.031128 0.056170 
0.012670 0.167969 0.287571 0.156176 0.104246 0.050161 0.073728 0.064352 0.042406 0.040720 
0.002536 0.135895 0.296035 0.165874 0.096350 0.057370 0.098142 0.046701 0.041392 0.059704 
0.009971 0.100980 0.315558 0.184106 0.105421 0.055104 0.086494 0.026298 0.053791 0.062278 
0.012229 0.086909 0.336622 0.190240 0.126744 0.056747 0.050158 0.041852 0.048902 0.049596 
0.004915 0.135519 0.416492 0.187448 0.118915 0.032556 0.026571 0.032550 0.022692 0.022342 
0.016626 0.147897 0.322067 0.164156 0.135080 0.051958 0.046500 0.039408 0.036422 0.039885 
0.000335 0.168329 0.332755 0.148339 0.119520 0.057862 0.069983 0.043606 0.028032 0.031238 
0.017810 0.158037 0.361546 0.136383 0.088184 0.070381 0.057656 0.022781 0.040710 0.046513 
0.025692 0.173223 0.358058 0.157740 0.101348 0.042506 0.026613 0.012741 0.041679 0.060399 
0.003079 0.152410 0.329672 0.154746 0.132492 0.034953 0.042338 0.022626 0.055184 0.072500 
0.008814 0.107428 0.211716 0.261577 0.122378 0.116934 0.050347 0.029789 0.034634 0.056382 
0.003124 0.121552 0.301490 0.223834 0.090989 0.095620 0.062729 0.020851 0.033964 0.045848 
0.001829 0.081111 0.182775 0.189578 0.084658 0.057502 0.061404 0.088204 0.103956 0.148982 
0.000840 0.073803 0.283616 0.142543 0.160138 0.043420 0.044555 0.024770 0.073994 0.152320 
0.000225 0.110648 0.255803 0.162263 0.094207 0.069077 0.050964 0.036464 0.039880 0.180468 
0.014970 0.139214 0.281475 0.207139 0.051571 0.078168 0.062561 0.027076 0.023796 0.114029 
0.022322 0.200834 0.201813 0.233504 0.048107 0.145007 0.043678 0.023809 0.023316 0.057611 
0.018024 0.182505 0.197703 0.175857 0.054417 0.120096 0.060648 0.046108 0.054987 0.089654 
0.010470 0.134541 0.120347 0.149731 0.061746 0.088698 0.034933 0.030657 0.039468 0.329410 
0.001859 0.097978 0.214696 0.163734 0.081680 0.133119 0.072235 0.040200 0.051306 0.143194 
0.002728 0.103183 0.166752 0.174898 0.129026 0.134397 0.090620 0.042751 0.040437 0.115208 
0.010700 0.094709 0.088941 0.190800 0.115381 0.093986 0.087466 0.037762 0.053576 0.226680 
0.004846 0.236361 0.316529 0.138225 0.110236 0.021466 0.056255 0.030202 0.044832 0.041048 
0.014476 0.160473 0.219567 0.178010 0.111344 0.043702 0.097104 0.050197 0.044537 0.080590 
0.026838 0.260256 0.219071 0.177344 0.079575 0.026249 0.077259 0.039621 0.035152 0.058636 
0.023689 0.310435 0.199270 0.158166 0.085324 0.058399 0.055589 0.035857 0.032952 0.040321 
0.009582 0.252959 0.252206 0.187479 0.109890 0.041216 0.031996 0.032556 0.040011 0.042106 
0.009485 0.238753 0.255005 0.190967 0.088250 0.041802 0.043504 0.032820 0.052350 0.047065 
0.014856 0.187248 0.181167 0.214150 0.092693 0.107623 0.048330 0.031168 0.052092 0.070674 
0.013267 0.134386 0.134574 0.258200 0.126231 0.103436 0.060800 0.035616 0.072248 0.061243 
0.004633 0.067214 0.335634 0.152400 0.187739 0.067492 0.044253 0.052597 0.047813 0.040225 
0.012879 0.142402 0.287186 0.230167 0.086565 0.071686 0.039457 0.046127 0.049577 0.033955 
0.014066 0.159945 0.230825 0.228102 0.134054 0.066927 0.054168 0.027932 0.041747 0.042233 
0.001025 0.153464 0.173283 0.268480 0.100581 0.124892 0.047947 0.051833 0.029840 0.048653 
0.011974 0.157040 0.217764 0.246507 0.092640 0.105778 0.053304 0.030445 0.038155 0.046394 
0.002909 0.157010 0.226214 0.218293 0.074460 0.151907 0.048664 0.015274 0.060546 0.044724 
0.008373 0.090898 0.330485 0.151045 0.150929 0.113958 0.064055 0.029438 0.041583 0.019235 
0.008507 0.068321 0.243785 0.135122 0.147144 0.175915 0.084181 0.040276 0.041721 0.055028 
0.000905 0.052688 0.176807 0.174326 0.121804 0.236207 0.072092 0.042115 0.050449 0.072606 
0.005743 0.071650 0.264569 0.161652 0.099508 0.138285 0.066326 0.054811 0.068456 0.068998 
0.006935 0.209003 0.303757 0.196476 0.060223 0.026239 0.066333 0.034372 0.064777 0.031884 
0.002411 0.074121 0.277234 0.254444 0.096559 0.093673 0.057351 0.039745 0.056999 0.047463 
0.011974 0.178666 0.246572 0.270601 0.040674 0.076093 0.032667 0.036739 0.050657 0.055358 
0.019015 0.201510 0.267979 0.236037 0.056272 0.037472 0.048566 0.031586 0.036858 0.064705 
0.008942 0.173641 0.228787 0.283838 0.062527 0.059659 0.075178 0.024252 0.041468 0.041709 
0.005440 0.148451 0.187364 0.252591 0.086497 0.101455 0.053701 0.054447 0.045881 0.064174 
0.005685 0.068549 0.109049 0.275314 0.109928 0.199588 0.055381 0.055897 0.053382 0.067226 
0.014876 0.074481 0.113946 0.276576 0.095549 0.177975 0.039131 0.025206 0.076397 0.105862 
0.017167 0.107952 0.352723 0.128346 0.119761 0.081365 0.031840 0.037886 0.057321 0.065639 
0.021690 0.186827 0.309335 0.124482 0.035741 0.079353 0.031226 0.035173 0.048732 0.127442 
0.000180 0.180406 0.257660 0.143399 0.072145 0.073329 0.050605 0.034116 0.053944 0.134216 
0.014310 0.222139 0.170171 0.202516 0.053129 0.120396 0.082208 0.045300 0.035108 0.054722 
0.020477 0.217921 0.178368 0.181949 0.068840 0.072721 0.101527 0.023200 0.031496 0.103503 
0.019996 0.207940 0.154507 0.169210 0.034312 0.035547 0.109406 0.038465 0.037617 0.192999 
0.001327 0.083507 0.219182 0.167600 0.188059 0.078382 0.082209 0.055113 0.031836 0.092786 
0.013853 0.160121 0.118843 0.170838 0.179380 0.126464 0.049365 0.059219 0.036483 0.085434 
0.006867 0.095060 0.174328 0.209996 0.164266 0.132187 0.041932 0.080375 0.047115 0.047874 
0.002711 0.152113 0.262483 0.187861 0.099658 0.092489 0.025455 0.060344 0.048704 0.068182 
0.000557 0.143944 0.217453 0.220863 0.092006 0.069951 0.038450 0.081700 0.062196 0.072881 
0.007381 0.100363 0.219681 0.231830 0.113969 0.089048 0.038913 0.064512 0.073999 0.060305 
0.004884 0.095181 0.148402 0.240517 0.130195 0.097527 0.057718 0.058781 0.117055 0.049740 
0.013284 0.100411 0.155203 0.250197 0.153229 0.083500 0.043630 0.020393 0.142807 0.037347 
0.011534 0.133934 0.141330 0.223297 0.112551 0.121870 0.044640 0.051439 0.044116 0.115289 
0.009661 0.089065 0.141431 0.254668 0.144914 0.134819 0.030352 0.077889 0.071142 0.046059 
0.001919 0.101494 0.129752 0.249479 0.135402 0.138106 0.044073 0.102116 0.070320 0.027339 
0.002210 0.075995 0.102087 0.219446 0.107783 0.146548 0.028768 0.097316 0.139732 0.080115 
0.005266 0.091786 0.411769 0.126562 0.128626 0.088007 0.026434 0.047499 0.048401 0.025650 
0.014152 0.159998 0.323285 0.116212 0.108929 0.085653 0.029357 0.074654 0.061390 0.026370 
0.002970 0.161867 0.319564 0.145251 0.074045 0.084056 0.050353 0.082679 0.058453 0.020761 
0.016624 0.208044 0.182855 0.183012 0.101079 0.099885 0.062546 0.063249 0.060151 0.022554 
0.015792 0.190711 0.152505 0.125024 0.098651 0.059926 0.052520 0.050079 0.095093 0.159700 
0.018993 0.194466 0.149649 0.159955 0.063241 0.066139 0.031180 0.059307 0.148680 0.108390 
0.018650 0.204752 0.186947 0.114053 0.096288 0.100231 0.040748 0.058159 0.093426 0.086748 
0.005284 0.097723 0.214774 0.107675 0.074976 0.085299 0.036748 0.049720 0.108119 0.219681 
0.012810 0.077047 0.210583 0.135184 0.050807 0.121025 0.034813 0.041025 0.167749 0.148957 
0.015030 0.198436 0.421385 0.131098 0.051955 0.065037 0.033698 0.029038 0.024785 0.029537 
0.001639 0.159649 0.404468 0.159195 0.054729 0.082916 0.041849 0.048550 0.025750 0.021254 
0.015026 0.158227 0.396298 0.164823 0.064486 0.056294 0.041720 0.042332 0.027457 0.033337 
0.006484 0.243580 0.349433 0.130577 0.056826 0.068658 0.037579 0.034805 0.041066 0.030991 
0.024111 0.197747 0.302163 0.093016 0.055902 0.065527 0.028747 0.018276 0.051090 0.163420 
0.025008 0.239556 0.338831 0.098758 0.037235 0.072864 0.051445 0.016065 0.050324 0.069913 
0.003243 0.106659 0.267560 0.182540 0.134797 0.115901 0.037747 0.025408 0.064556 0.061589 
0.008738 0.081556 0.212428 0.188192 0.108791 0.135249 0.048026 0.031740 0.042150 0.143131 
0.017316 0.088235 0.238965 0.158150 0.135669 0.173998 0.043753 0.038344 0.045281 0.060290 
0.014872 0.152172 0.381388 0.125926 0.141985 0.053402 0.042122 0.023469 0.038210 0.026454 
0.004390 0.158316 0.221840 0.189627 0.109620 0.066552 0.057640 0.037984 0.069175 0.084856 
0.000809 0.115981 0.179613 0.214387 0.164609 0.089441 0.065382 0.081205 0.053061 0.035512 
0.012225 0.149464 0.218050 0.212776 0.108307 0.098523 0.040994 0.079230 0.032074 0.048357 
0.004549 0.177119 0.229852 0.195698 0.068066 0.170517 0.028021 0.066878 0.024917 0.034382 
0.011729 0.170306 0.182935 0.183317 0.107947 0.162742 0.035074 0.063272 0.034509 0.048169 
0.008380 0.136103 0.235329 0.146819 0.142096 0.157181 0.054222 0.058367 0.034614 0.026888 
0.001444 0.139109 0.221323 0.184029 0.106939 0.170474 0.051598 0.064877 0.015679 0.044529 
0.012761 0.088542 0.254548 0.191426 0.120747 0.154594 0.054887 0.054348 0.025907 0.042242 
0.014869 0.194545 0.376035 0.118870 0.062064 0.082870 0.046463 0.058402 0.010265 0.035616 
0.024089 0.256283 0.266635 0.184555 0.054826 0.086902 0.039331 0.033279 0.020892 0.033208 
0.000766 0.223050 0.248144 0.139886 0.115084 0.108826 0.059838 0.047546 0.030090 0.026768 
0.004519 0.147573 0.312047 0.205156 0.089667 0.092185 0.040495 0.027618 0.018131 0.062609 
0.018787 0.171921 0.307208 0.159922 0.125847 0.079705 0.022774 0.031267 0.024995 0.057573 
0.000973 0.112666 0.306076 0.128730 0.138218 0.126856 0.033896 0.026798 0.025393 0.100395 
0.023747 0.128758 0.290311 0.156418 0.097757 0.120562 0.047276 0.047945 0.040472 0.046753 
0.019592 0.096462 0.279576 0.119567 0.108941 0.052367 0.067736 0.056801 0.027929 0.171029 
0.011266 0.086634 0.434939 0.096050 0.129123 0.056334 0.042966 0.036674 0.020112 0.085902 
0.002459 0.137680 0.379470 0.065378 0.077898 0.080019 0.068921 0.041099 0.051521 0.095555 
0.007310 0.141820 0.328058 0.149889 0.078596 0.070076 0.066671 0.025494 0.026815 0.105271 
0.019729 0.196888 0.316428 0.160783 0.086246 0.070388 0.047182 0.042911 0.020501 0.038945 
0.009349 0.161966 0.363492 0.166007 0.096378 0.042118 0.031972 0.050340 0.023405 0.054973 
0.016570 0.174460 0.304335 0.117891 0.089780 0.110731 0.029770 0.063937 0.022894 0.069633 
0.003521 0.129685 0.228920 0.169057 0.166237 0.100723 0.057017 0.048575 0.025310 0.070956 
0.006529 0.100761 0.270066 0.220195 0.128067 0.074002 0.050352 0.039886 0.046681 0.063460 
0.011453 0.075089 0.182509 0.231516 0.137120 0.099320 0.099882 0.021391 0.046616 0.095103 
0.011785 0.066547 0.276603 0.195538 0.169262 0.099747 0.083077 0.026971 0.038088 0.032383 
0.001070 0.216560 0.215838 0.171116 0.139105 0.076658 0.067169 0.025675 0.074025 0.012784 
0.008228 0.123334 0.194639 0.212861 0.183322 0.079532 0.077216 0.030022 0.060364 0.030481 
0.014681 0.133612 0.168389 0.223726 0.219318 0.091902 0.060904 0.023129 0.037689 0.026648 
0.000536 0.113247 0.180992 0.198575 0.245572 0.100060 0.057030 0.036810 0.044999 0.022179 
0.004720 0.116138 0.195765 0.191290 0.209885 0.108780 0.049434 0.030211 0.083736 0.010042 
0.005015 0.127927 0.243273 0.213450 0.156871 0.095896 0.031182 0.019570 0.093749 0.013067 
0.000229 0.061186 0.284719 0.200856 0.196138 0.084610 0.043278 0.021485 0.083252 0.024248 
0.002051 0.039583 0.382825 0.170447 0.150322 0.084926 0.031065 0.033049 0.081302 0.024431 
0.004029 0.065167 0.409910 0.159028 0.170177 0.082520 0.036937 0.017211 0.044156 0.010863 
0.016652 0.159340 0.382340 0.148235 0.082724 0.089395 0.048513 0.023360 0.036825 0.012614 
0.003677 0.152260 0.388091 0.156388 0.108862 0.069840 0.036977 0.032658 0.032997 0.018249 
0.010665 0.176800 0.320951 0.199874 0.105062 0.081036 0.039896 0.033299 0.019536 0.012880 
0.008872 0.141095 0.418217 0.126940 0.115733 0.043408 0.037786 0.035182 0.051890 0.020876 
0.002809 0.115420 0.232198 0.108779 0.076086 0.044796 0.023996 0.034713 0.317243 0.043960 
0.012341 0.141700 0.167679 0.222511 0.115624 0.057895 0.057164 0.045611 0.127812 0.051664 
0.011860 0.134649 0.221497 0.217667 0.130535 0.083334 0.051310 0.027905 0.091519 0.029725 
0.007854 0.065337 0.198155 0.276303 0.129115 0.088921 0.076030 0.028997 0.102411 0.026877 
0.002073 0.183040 0.236603 0.215890 0.117127 0.059156 0.054606 0.030739 0.065498 0.035268 
0.013971 0.193035 0.306003 0.142610 0.087919 0.049014 0.057989 0.040634 0.092165 0.016659 
0.012560 0.209796 0.245023 0.177134 0.096602 0.056863 0.058649 0.040345 0.064399 0.038627 
0.021484 0.126172 0.313518 0.154409 0.115173 0.076736 0.037697 0.049454 0.068784 0.036573 
0.018673 0.131609 0.291388 0.122903 0.077673 0.058425 0.033024 0.054393 0.166348 0.045563 
0.018191 0.144764 0.295539 0.154871 0.101562 0.052770 0.043778 0.029495 0.113039 0.045989 
0.020254 0.157087 0.319016 0.130307 0.084933 0.041644 0.042627 0.021363 0.164582 0.018187 
0.004728 0.104503 0.230402 0.176905 0.088513 0.072549 0.071843 0.053413 0.160761 0.036385 
0.002625 0.045790 0.211433 0.196716 0.083795 0.060904 0.085688 0.046767 0.219716 0.046567 
0.001429 0.083279 0.470342 0.112103 0.149661 0.045787 0.034294 0.026849 0.051644 0.024614 
0.006151 0.143981 0.337189 0.200262 0.090615 0.035702 0.065198 0.039249 0.039964 0.041689 
0.006098 0.161899 0.311117 0.241833 0.063916 0.058238 0.053231 0.026068 0.032281 0.045319 
0.007538 0.168430 0.298700 0.269169 0.058054 0.046106 0.050974 0.012002 0.030332 0.058695 
0.015341 0.151230 0.246539 0.284683 0.080324 0.063176 0.055057 0.027865 0.024545 0.051240 
0.006590 0.119812 0.227725 0.226736 0.147341 0.079304 0.064104 0.037191 0.054893 0.036305 
0.004055 0.066697 0.120038 0.191448 0.192673 0.085120 0.091337 0.098563 0.111072 0.038997 
0.002478 0.022322 0.094296 0.226717 0.180870 0.161590 0.074481 0.087027 0.106216 0.044003 
0.001977 0.024458 0.130185 0.177269 0.141996 0.153284 0.077942 0.068492 0.162443 0.061953 
0.012221 0.160585 0.298160 0.129337 0.113841 0.080819 0.041155 0.048787 0.080027 0.035069 
0.025188 0.230097 0.221344 0.154100 0.059569 0.102003 0.051536 0.064732 0.049887 0.041544 
0.003525 0.165175 0.224570 0.161654 0.187188 0.089491 0.042088 0.041533 0.039714 0.045062 
0.003188 0.126704 0.162738 0.184552 0.286088 0.077020 0.042486 0.021267 0.046983 0.048974 
0.000398 0.104458 0.174368 0.153921 0.235802 0.067409 0.039001 0.092535 0.075103 0.057004 
0.019686 0.089792 0.103281 0.147744 0.180940 0.050293 0.076934 0.208134 0.065457 0.057738 
0.006415 0.039860 0.246544 0.115373 0.085670 0.100324 0.070615 0.217893 0.064856 0.052449 
0.004528 0.050698 0.259114 0.118623 0.165904 0.108163 0.059107 0.153365 0.033566 0.046931 
