Yellow,Coldplay
0.000000 0.000000 0.000000 0.000000 0.000000 0.000000 0.000000 0.000000 0.000000 0.000000 
0.000000 0.000000 0.000000 0.000000 0.000000 0.000000 0.000000 0.000000 0.000000 0.000000 
0.000000 0.000000 0.000000 0.000000 0.000000 0.000000 0.000000 0.000000 0.000000 0.000000 
0.000000 0.000000 0.000000 0.000000 0.000000 0.000000 0.000000 0.000000 0.000000 0.000000 
0.000000 0.000000 0.000000 0.000000 0.000000 0.000000 0.000000 0.000000 0.000000 0.000000 
0.000000 0.000000 0.000000 0.000000 0.000000 0.000000 0.000000 0.000000 0.000000 0.000000 
0.000000 0.000000 0.000000 0.000000 0.000000 0.000000 0.000000 0.000000 0.000000 0.000000 
0.031884 0.256367 0.085191 0.093020 0.146732 0.078130 0.109419 0.084677 0.049444 0.065136 
0.017753 0.082411 0.315344 0.175296 0.078410 0.019080 0.054485 0.068336 0.115344 0.073541 
0.004823 0.030526 0.397722 0.161145 0.110563 0.019848 0.059048 0.151031 0.046732 0.018563 
0.012658 0.062027 0.388249 0.111451 0.060019 0.017488 0.065911 0.226742 0.026813 0.028641 
0.004916 0.021893 0.396666 0.141667 0.074828 0.038853 0.094889 0.176730 0.038105 0.011453 
0.010914 0.046255 0.331360 0.138023 0.080272 0.029946 0.085005 0.202251 0.064099 0.011875 
0.004681 0.019912 0.287471 0.168568 0.099656 0.020010 0.087579 0.237474 0.066722 0.007927 
0.007404 0.029951 0.225340 0.178842 0.104549 0.026315 0.085139 0.251281 0.072850 0.018329 
0.009474 0.043235 0.193550 0.174680 0.069873 0.046082 0.085948 0.274224 0.076475 0.026459 
0.007320 0.036544 0.158640 0.228216 0.072242 0.037376 0.128124 0.228162 0.078711 0.024665 
0.001422 0.021859 0.157366 0.251490 0.077082 0.032180 0.067716 0.220531 0.141771 0.028583 
0.001236 0.020490 0.214570 0.236062 0.084702 0.027216 0.071359 0.221753 0.105836 0.016776 
0.005342 0.029081 0.237952 0.226370 0.086598 0.039545 0.067895 0.191609 0.085321 0.030287 
0.000134 0.028867 0.244273 0.216335 0.107035 0.030758 0.072372 0.191720 0.076898 0.031607 
0.009961 0.044858 0.231735 0.173990 0.099197 0.049586 0.072201 0.183308 0.102196 0.032967 
0.006041 0.036893 0.227637 0.148141 0.120132 0.044199 0.088333 0.223063 0.084427 0.021135 
0.008085 0.038510 0.194196 0.197194 0.140585 0.033342 0.140732 0.143524 0.051286 0.052546 
0.011931 0.070196 0.193401 0.156142 0.109338 0.043642 0.091913 0.230645 0.082692 0.010100 
0.000479 0.017472 0.240575 0.133954 0.105392 0.056542 0.086174 0.281148 0.064696 0.013566 
0.004799 0.016542 0.269075 0.135084 0.084280 0.019368 0.086944 0.286733 0.064288 0.032887 
0.003586 0.016632 0.201388 0.150483 0.112899 0.020458 0.105229 0.334337 0.040514 0.014473 
0.002607 0.015290 0.149628 0.158580 0.124199 0.016926 0.111844 0.351216 0.047962 0.021747 
0.005146 0.022190 0.121608 0.177742 0.120716 0.033523 0.112033 0.356932 0.031213 0.018896 
0.000897 0.008502 0.099765 0.186731 0.135429 0.037852 0.144172 0.342367 0.031991 0.012294 
0.006606 0.031389 0.103371 0.181330 0.107224 0.038067 0.126044 0.359368 0.024310 0.022290 
0.007476 0.046092 0.190494 0.148812 0.097986 0.012198 0.105190 0.288357 0.066678 0.036717 
0.005649 0.036661 0.290100 0.152789 0.116600 0.029578 0.106890 0.203407 0.039385 0.018940 
0.000950 0.012359 0.314335 0.181760 0.123624 0.026368 0.065029 0.218782 0.033726 0.023068 
0.004412 0.021873 0.239035 0.166556 0.140999 0.029987 0.113996 0.208370 0.049191 0.025581 
0.004480 0.023148 0.212821 0.184197 0.133066 0.024146 0.078694 0.257271 0.059555 0.022622 
0.002254 0.015187 0.178234 0.202165 0.145982 0.042863 0.102807 0.241609 0.049384 0.019516 
0.008640 0.041455 0.172662 0.209495 0.163533 0.032700 0.091385 0.215489 0.048361 0.016280 
0.001036 0.020103 0.314732 0.216840 0.151975 0.011326 0.071737 0.125021 0.055281 0.031948 
0.008271 0.054512 0.369795 0.184805 0.137893 0.012607 0.073881 0.089635 0.049247 0.019353 
0.005031 0.032851 0.340956 0.246963 0.126659 0.014882 0.063795 0.098579 0.048741 0.021542 
0.008193 0.038647 0.191744 0.259255 0.174390 0.044967 0.078420 0.132317 0.057609 0.014458 
0.002960 0.021107 0.159803 0.277543 0.200695 0.023219 0.043281 0.156440 0.086948 0.028003 
0.005018 0.026473 0.214745 0.259795 0.186053 0.036486 0.052912 0.137670 0.060313 0.020535 
0.009414 0.041148 0.259632 0.250778 0.163217 0.018972 0.032097 0.159332 0.041794 0.023617 
0.002923 0.023494 0.307826 0.258792 0.173452 0.022222 0.043255 0.067720 0.081509 0.018806 
0.009933 0.057701 0.423678 0.192733 0.105008 0.013955 0.043310 0.051168 0.079994 0.022520 
0.000310 0.016264 0.469503 0.190403 0.081113 0.019438 0.064891 0.089681 0.046655 0.021741 
0.008533 0.031581 0.425865 0.176929 0.083972 0.019934 0.082936 0.105776 0.046935 0.017539 
0.001475 0.020681 0.403008 0.168768 0.103601 0.040017 0.086639 0.106508 0.051293 0.018008 
0.013506 0.061550 0.402217 0.142586 0.114858 0.030424 0.075520 0.068400 0.069665 0.021275 
0.013311 0.067290 0.374883 0.127083 0.138456 0.015497 0.086503 0.097152 0.066764 0.013060 
0.003025 0.039712 0.273512 0.159929 0.155495 0.073299 0.087780 0.103617 0.071883 0.031748 
0.007697 0.035399 0.455135 0.185572 0.080779 0.025196 0.062905 0.058188 0.063369 0.025760 
0.007706 0.046027 0.496107 0.178432 0.059128 0.016636 0.053808 0.078472 0.055895 0.007788 
0.009778 0.049004 0.354425 0.183053 0.084374 0.049025 0.073997 0.136213 0.041599 0.018533 
0.006062 0.030516 0.231922 0.154110 0.108783 0.056917 0.090771 0.236289 0.059968 0.024661 
0.000457 0.008975 0.109219 0.132277 0.142023 0.093461 0.122373 0.325331 0.050126 0.015758 
0.008689 0.043847 0.109417 0.105470 0.146451 0.059743 0.087195 0.324244 0.081534 0.033411 
0.003348 0.018285 0.174902 0.107568 0.173600 0.064795 0.099726 0.303760 0.045357 0.008658 
0.012114 0.057239 0.237718 0.097426 0.147031 0.035316 0.071528 0.270990 0.056694 0.013943 
0.000115 0.016371 0.242331 0.128562 0.139417 0.051467 0.110123 0.256986 0.043650 0.010977 
0.008237 0.040114 0.216616 0.127173 0.146202 0.051362 0.082678 0.241173 0.073647 0.012798 
0.000786 0.014557 0.239922 0.152946 0.109449 0.039163 0.121601 0.248337 0.056051 0.017188 
0.003278 0.017486 0.273420 0.238807 0.086733 0.036475 0.106042 0.158531 0.052412 0.026815 
0.005354 0.023746 0.264179 0.257478 0.072747 0.014476 0.080889 0.146951 0.095188 0.038993 
0.009322 0.044804 0.323971 0.239709 0.068333 0.026784 0.075433 0.081953 0.072784 0.056906 
0.000995 0.030461 0.280926 0.260633 0.092340 0.024246 0.076996 0.089843 0.076034 0.067525 
0.010523 0.042783 0.409354 0.165708 0.125064 0.035738 0.049364 0.101861 0.047457 0.012148 
0.009781 0.050195 0.419978 0.124296 0.080831 0.039669 0.055228 0.145763 0.054713 0.019547 
0.012247 0.063679 0.370673 0.149438 0.103100 0.014225 0.074334 0.152015 0.052977 0.007313 
0.007701 0.043010 0.328096 0.131386 0.115423 0.030343 0.065918 0.209455 0.060721 0.007947 
0.013340 0.060302 0.282791 0.135642 0.104197 0.029033 0.090581 0.207501 0.063158 0.013455 
0.002616 0.019390 0.234898 0.180109 0.105379 0.037399 0.101301 0.238226 0.068737 0.011944 
0.001927 0.023658 0.181896 0.210168 0.112267 0.046799 0.124592 0.208492 0.074206 0.015995 
0.012252 0.057666 0.254263 0.207781 0.105930 0.056337 0.058557 0.161342 0.068624 0.017248 
0.003202 0.035834 0.354025 0.280456 0.112546 0.030238 0.051855 0.072342 0.042008 0.017494 
0.009481 0.053403 0.347284 0.296499 0.091376 0.046706 0.042815 0.062792 0.039366 0.010278 
0.001824 0.018584 0.259881 0.349729 0.102231 0.048765 0.068174 0.067671 0.062976 0.020164 
0.000538 0.015137 0.263544 0.374184 0.080586 0.045606 0.081222 0.047110 0.072254 0.019819 
0.006861 0.035568 0.236969 0.380483 0.083230 0.043511 0.067894 0.071987 0.055662 0.017835 
0.002325 0.023732 0.209559 0.372001 0.103816 0.072589 0.070613 0.075354 0.060341 0.009671 
0.007044 0.034923 0.112009 0.237066 0.119487 0.050468 0.125974 0.153811 0.083192 0.076026 
0.003788 0.037728 0.256645 0.132479 0.085482 0.053133 0.097529 0.273120 0.042388 0.017708 
0.000979 0.020069 0.287430 0.146289 0.049011 0.014314 0.090652 0.290622 0.073959 0.026675 
0.003818 0.029971 0.196982 0.188664 0.054640 0.024440 0.125670 0.309993 0.055237 0.010585 
0.001256 0.012796 0.156508 0.174774 0.103661 0.026283 0.135409 0.300094 0.059426 0.029795 
0.003105 0.013426 0.097555 0.165027 0.151959 0.058130 0.142986 0.291458 0.060199 0.016155 
0.004865 0.020053 0.141365 0.160497 0.177533 0.031568 0.096637 0.255269 0.084814 0.027399 
0.009035 0.043313 0.176090 0.166878 0.181517 0.023266 0.090906 0.221257 0.066987 0.020750 
0.007332 0.031370 0.432380 0.126074 0.158639 0.022836 0.051645 0.072148 0.059186 0.038390 
0.005480 0.031548 0.404606 0.195048 0.089055 0.038530 0.053606 0.118315 0.043991 0.019822 
0.011785 0.064142 0.433706 0.181179 0.090569 0.022649 0.059335 0.112723 0.014722 0.009190 
0.008569 0.041621 0.353263 0.202754 0.103437 0.041842 0.038297 0.162294 0.027987 0.019936 
0.010601 0.046975 0.351747 0.205846 0.109032 0.047803 0.065303 0.143551 0.011358 0.007783 
0.011431 0.045404 0.315603 0.237965 0.097204 0.033886 0.028535 0.191794 0.025150 0.013028 
0.005249 0.030215 0.230643 0.245994 0.140094 0.061379 0.054690 0.187091 0.023676 0.020968 
0.012078 0.051461 0.206349 0.269952 0.113011 0.039545 0.043317 0.215851 0.027205 0.021232 
0.005296 0.019250 0.187756 0.285462 0.131254 0.059872 0.078153 0.199308 0.027455 0.006195 
0.005858 0.035583 0.244787 0.242045 0.117516 0.043842 0.056189 0.169723 0.056696 0.027760 
0.009986 0.054290 0.213118 0.241710 0.130493 0.027709 0.075819 0.183815 0.036363 0.026698 
0.004328 0.026289 0.198118 0.267388 0.145113 0.032636 0.080179 0.200021 0.028250 0.017678 
0.007593 0.037271 0.174496 0.271534 0.149191 0.018110 0.077979 0.215799 0.030769 0.017257 
0.012464 0.053684 0.172987 0.280652 0.136043 0.036047 0.069588 0.197433 0.023663 0.017441 
0.008823 0.041672 0.164857 0.326535 0.123126 0.029207 0.068069 0.180294 0.026584 0.030832 
0.008094 0.049790 0.323248 0.242102 0.103701 0.034913 0.046964 0.116813 0.024015 0.050360 
0.010364 0.051077 0.401174 0.218520 0.092584 0.026951 0.029462 0.114171 0.030881 0.024815 
0.017540 0.073537 0.388619 0.196786 0.089476 0.036986 0.070553 0.081773 0.026016 0.018716 
0.002838 0.034455 0.311769 0.227533 0.134016 0.055023 0.058760 0.101656 0.045331 0.028620 
0.014359 0.066238 0.315233 0.198628 0.135763 0.026878 0.060232 0.112889 0.049771 0.020009 
0.001927 0.021411 0.285813 0.192496 0.147458 0.051478 0.069651 0.153858 0.053485 0.022421 
0.007601 0.039604 0.269817 0.175594 0.169195 0.059121 0.057648 0.146579 0.049120 0.025721 
0.002138 0.018551 0.259524 0.191153 0.100557 0.029939 0.103608 0.166419 0.073659 0.054452 
0.007981 0.049960 0.291959 0.130729 0.081304 0.044039 0.067351 0.247496 0.053445 0.025736 
0.003065 0.024156 0.279819 0.127198 0.088702 0.039359 0.108223 0.240480 0.067166 0.021833 
0.002698 0.011503 0.163416 0.156710 0.110927 0.018853 0.094793 0.324937 0.083284 0.032880 
0.004047 0.023731 0.070839 0.158465 0.127698 0.051361 0.127199 0.357645 0.056273 0.022743 
0.000410 0.005564 0.061866 0.180512 0.152948 0.048914 0.119139 0.359801 0.054361 0.016484 
0.005334 0.024603 0.127960 0.124278 0.126017 0.054945 0.074538 0.339653 0.085207 0.037465 
0.001935 0.010782 0.153877 0.119039 0.128230 0.083714 0.104299 0.332163 0.055290 0.010670 
0.009214 0.040707 0.199038 0.107853 0.116221 0.043713 0.088646 0.314282 0.056696 0.023629 
0.000594 0.007245 0.164476 0.127196 0.141748 0.063582 0.109498 0.290811 0.072901 0.021950 
0.012523 0.056205 0.205052 0.114965 0.109069 0.051139 0.075720 0.316858 0.037368 0.021100 
0.009526 0.042578 0.217891 0.198183 0.094812 0.041313 0.087703 0.199144 0.080843 0.028008 
0.005857 0.023056 0.222339 0.147820 0.228689 0.034787 0.060197 0.169738 0.066748 0.040769 
0.009807 0.041301 0.290082 0.128780 0.145458 0.038217 0.068730 0.184034 0.069270 0.024321 
0.006056 0.026866 0.290599 0.191165 0.130485 0.046032 0.039454 0.170220 0.051027 0.048095 
0.002129 0.031773 0.267061 0.121689 0.130884 0.058298 0.076158 0.156716 0.106608 0.048685 
0.001337 0.018091 0.356697 0.165430 0.179069 0.033615 0.046732 0.090659 0.086622 0.021748 
0.006631 0.025727 0.401923 0.160542 0.159383 0.035269 0.044656 0.090928 0.063159 0.011782 
0.008419 0.032686 0.341753 0.186034 0.166740 0.014513 0.046661 0.103241 0.082743 0.017210 
0.006779 0.028523 0.282867 0.192224 0.169083 0.037619 0.044635 0.114620 0.100008 0.023641 
0.001366 0.014846 0.235230 0.222671 0.187169 0.061148 0.063615 0.130859 0.073046 0.010048 
0.010552 0.049905 0.185412 0.261014 0.178049 0.039767 0.043016 0.167060 0.058278 0.006947 
0.003354 0.021411 0.159036 0.273724 0.187415 0.022530 0.075678 0.168596 0.071976 0.016280 
0.007701 0.043435 0.152457 0.237258 0.205500 0.030289 0.066459 0.169688 0.065029 0.022184 
0.000216 0.013743 0.180392 0.255846 0.183917 0.032237 0.059598 0.164702 0.087379 0.021970 
0.007825 0.037089 0.177270 0.263321 0.188159 0.028095 0.051267 0.154043 0.068959 0.023972 
0.004866 0.029456 0.155718 0.286613 0.191765 0.053877 0.071407 0.130331 0.059543 0.016425 
0.014014 0.063265 0.165805 0.288375 0.182100 0.048409 0.034579 0.115019 0.075706 0.012727 
0.007552 0.033970 0.189437 0.295474 0.216998 0.030472 0.059792 0.076556 0.077509 0.012241 
0.001234 0.010648 0.202057 0.304808 0.194917 0.051459 0.031371 0.082824 0.099242 0.021441 
0.006175 0.051074 0.239815 0.159106 0.149693 0.016810 0.074527 0.158623 0.103543 0.040632 
0.004687 0.034305 0.260562 0.108002 0.120507 0.028441 0.088070 0.240700 0.099249 0.015477 
0.004998 0.025691 0.216791 0.093282 0.125993 0.031642 0.103893 0.287964 0.096726 0.013020 
0.000336 0.015072 0.209459 0.100106 0.143970 0.034509 0.089815 0.263275 0.115265 0.028194 
0.000816 0.010427 0.276411 0.122271 0.162077 0.031213 0.066514 0.246829 0.063887 0.019556 
0.011805 0.053130 0.315852 0.144664 0.157666 0.029857 0.064793 0.181142 0.033214 0.007878 
0.005477 0.034553 0.309007 0.197379 0.143839 0.044792 0.069369 0.147725 0.041854 0.006006 
0.009588 0.045246 0.292666 0.169927 0.120966 0.042625 0.056069 0.153434 0.074134 0.035345 
0.003913 0.025164 0.387086 0.169510 0.098085 0.050133 0.048237 0.144596 0.045252 0.028024 
0.002821 0.021691 0.334652 0.206728 0.072669 0.060423 0.039273 0.188523 0.047991 0.025229 
0.001161 0.011792 0.355012 0.226345 0.084843 0.051713 0.073136 0.127129 0.046388 0.022480 
0.007658 0.039967 0.326466 0.255179 0.109306 0.062666 0.059035 0.088857 0.038209 0.012656 
0.012081 0.064289 0.286529 0.256015 0.119461 0.034499 0.065265 0.088564 0.050897 0.022398 
0.002889 0.031622 0.270648 0.256464 0.155599 0.045174 0.100578 0.088576 0.033794 0.014656 
0.012756 0.064369 0.248413 0.254957 0.122914 0.057133 0.050750 0.120491 0.051482 0.016735 
0.000097 0.012283 0.291707 0.251916 0.127450 0.058316 0.061039 0.130503 0.051337 0.015352 
0.003275 0.031219 0.310475 0.241934 0.122774 0.052725 0.070244 0.104149 0.050304 0.012900 
0.023132 0.106157 0.336481 0.197827 0.136411 0.018318 0.034559 0.106151 0.030630 0.010333 
0.005279 0.050600 0.322689 0.203855 0.162713 0.043556 0.072996 0.103469 0.023773 0.011070 
0.021924 0.110388 0.341896 0.166829 0.133758 0.020465 0.066794 0.099266 0.031892 0.006788 
0.013927 0.070729 0.390356 0.132902 0.136215 0.045135 0.071601 0.094426 0.038417 0.006292 
0.005356 0.041489 0.392053 0.123617 0.153034 0.038157 0.084328 0.113612 0.039983 0.008373 
0.005553 0.036819 0.328657 0.113335 0.171748 0.028090 0.055648 0.146240 0.055633 0.058276 
0.009739 0.046558 0.350123 0.078710 0.158473 0.048205 0.094490 0.165351 0.025604 0.022747 
0.002998 0.042833 0.435949 0.102830 0.130803 0.026682 0.045387 0.137222 0.050580 0.024715 
0.017494 0.085868 0.398111 0.113026 0.144029 0.015928 0.056772 0.107163 0.052647 0.008961 
0.009385 0.056387 0.383367 0.177860 0.125378 0.027960 0.050532 0.089155 0.062351 0.017625 
0.012350 0.061585 0.386751 0.197845 0.097490 0.026016 0.079937 0.097373 0.028614 0.012039 
0.008418 0.045110 0.422741 0.207352 0.090786 0.017405 0.061591 0.102690 0.020431 0.023475 
0.005626 0.027483 0.299799 0.194923 0.090184 0.066745 0.115502 0.124515 0.051858 0.023365 
0.005773 0.026302 0.309953 0.127260 0.103433 0.059581 0.097204 0.179330 0.073267 0.017897 
0.005344 0.024437 0.300150 0.142571 0.150155 0.083778 0.082212 0.136233 0.061786 0.013336 
0.004149 0.029840 0.261522 0.171376 0.135326 0.082078 0.104500 0.134628 0.056157 0.020425 
0.006957 0.039957 0.244680 0.184961 0.134368 0.058670 0.117241 0.119392 0.077508 0.016268 
0.009435 0.044085 0.217210 0.207588 0.139195 0.075103 0.094145 0.118239 0.084707 0.010293 
0.003421 0.027670 0.216863 0.205685 0.136101 0.082342 0.098615 0.125544 0.094442 0.009317 
0.001540 0.017420 0.226217 0.211206 0.115725 0.066158 0.113877 0.159765 0.070951 0.017142 
0.008865 0.047519 0.212012 0.210489 0.108416 0.064893 0.120843 0.152172 0.059701 0.015090 
0.001383 0.019583 0.250898 0.184112 0.112331 0.079842 0.097681 0.150604 0.082495 0.021072 
0.004431 0.030044 0.256566 0.183651 0.103743 0.064572 0.094702 0.168710 0.079380 0.014200 
0.002655 0.023498 0.280527 0.171170 0.107162 0.052868 0.093064 0.159315 0.092199 0.017543 
0.004112 0.042092 0.298456 0.179256 0.102391 0.082999 0.045348 0.170084 0.061625 0.013636 
0.005561 0.053931 0.330189 0.137221 0.097350 0.065825 0.047026 0.161253 0.073582 0.028061 
0.000786 0.027618 0.252546 0.177080 0.117021 0.069420 0.088609 0.188674 0.051632 0.026615 
0.010321 0.040414 0.331669 0.138013 0.112034 0.051339 0.043577 0.115447 0.118557 0.038629 
0.016329 0.093656 0.222926 0.211539 0.121156 0.064498 0.047649 0.121509 0.069185 0.031553 
0.003169 0.017017 0.387053 0.130859 0.132677 0.027332 0.059467 0.131275 0.091272 0.019880 
0.013039 0.065306 0.266703 0.128693 0.155987 0.055186 0.060422 0.143263 0.097882 0.013519 
0.007625 0.048985 0.204914 0.141783 0.213427 0.065294 0.051060 0.137782 0.112749 0.016381 
0.003662 0.031460 0.192543 0.140655 0.270873 0.036743 0.087436 0.136201 0.083594 0.016832 
0.007264 0.030691 0.203006 0.168885 0.252001 0.039784 0.067437 0.101085 0.109895 0.019951 
0.004144 0.015921 0.255706 0.187193 0.184890 0.058212 0.040358 0.084129 0.139606 0.029841 
0.007815 0.044517 0.291127 0.143096 0.132415 0.055896 0.067169 0.104378 0.122592 0.030995 
0.003064 0.027742 0.333195 0.132146 0.107707 0.042034 0.096877 0.148070 0.093781 0.015384 
0.008837 0.033174 0.336755 0.154792 0.082079 0.041728 0.075812 0.182353 0.066671 0.017800 
0.006673 0.041669 0.297660 0.169517 0.080281 0.064653 0.077772 0.156790 0.077124 0.027862 
0.007136 0.047861 0.295656 0.177238 0.074720 0.061739 0.056127 0.148314 0.105375 0.025836 
0.008635 0.047222 0.289547 0.184631 0.088064 0.069167 0.058772 0.131666 0.101356 0.020940 
0.003768 0.033186 0.310077 0.187000 0.090614 0.045171 0.044337 0.164909 0.098663 0.022274 
0.004028 0.033553 0.335957 0.152836 0.068458 0.031328 0.100304 0.162242 0.068729 0.042563 
0.003882 0.023560 0.378601 0.119054 0.055984 0.020954 0.092884 0.236079 0.056912 0.012090 
0.002191 0.018935 0.323381 0.121533 0.053204 0.031342 0.113174 0.235948 0.080135 0.020157 
0.007892 0.035518 0.254944 0.148289 0.046607 0.038477 0.088632 0.287896 0.071849 0.019895 
0.014687 0.070990 0.175679 0.157398 0.060231 0.014601 0.072973 0.320808 0.086227 0.026406 
0.009269 0.047550 0.166258 0.149884 0.123574 0.035849 0.094199 0.270802 0.071051 0.031564 
0.000733 0.020495 0.200760 0.145212 0.167311 0.012229 0.083466 0.268815 0.079849 0.021130 
0.004717 0.029286 0.266834 0.119301 0.178031 0.026631 0.097822 0.214383 0.042386 0.020610 
0.006681 0.038687 0.285590 0.170764 0.174492 0.025218 0.080499 0.107102 0.076951 0.034016 
0.000253 0.013537 0.354050 0.124498 0.159479 0.063791 0.076338 0.145130 0.053034 0.009890 
0.013462 0.058593 0.390452 0.105016 0.137839 0.036380 0.060065 0.145392 0.041404 0.011397 
0.009148 0.045004 0.301428 0.109092 0.153432 0.041991 0.104941 0.170467 0.044358 0.020140 
0.010571 0.051234 0.245966 0.117338 0.139123 0.061818 0.101538 0.205962 0.056522 0.009929 
0.013715 0.062875 0.169495 0.135361 0.163197 0.020763 0.097222 0.243793 0.068483 0.025096 
0.001915 0.018201 0.120802 0.172364 0.201736 0.054885 0.111429 0.258429 0.047289 0.012951 
0.004207 0.020947 0.129544 0.202626 0.161163 0.062336 0.074227 0.268201 0.046561 0.030190 
0.003830 0.017769 0.146452 0.210166 0.146379 0.045736 0.084924 0.283606 0.040350 0.020788 
0.008187 0.038715 0.095091 0.213729 0.165490 0.020245 0.094069 0.271626 0.073336 0.019512 
0.008367 0.041982 0.104174 0.203052 0.170689 0.042649 0.090588 0.261702 0.063972 0.012825 
0.005844 0.028723 0.141068 0.185274 0.169734 0.056818 0.105630 0.249136 0.052321 0.005450 
0.017333 0.074765 0.187462 0.176254 0.126070 0.022152 0.065569 0.265995 0.046415 0.017984 
0.007603 0.037258 0.215088 0.196910 0.149781 0.037385 0.074534 0.237195 0.034410 0.009836 
0.001668 0.020780 0.174980 0.117539 0.184540 0.038107 0.106641 0.259486 0.051856 0.044403 
0.008344 0.052122 0.241078 0.141379 0.128020 0.019340 0.046976 0.234344 0.068816 0.059582 
0.003031 0.021560 0.326464 0.159643 0.126449 0.028431 0.074072 0.184228 0.044730 0.031392 
0.012638 0.048159 0.342525 0.186329 0.097224 0.013707 0.055639 0.154371 0.053168 0.036239 
0.001846 0.020063 0.251246 0.200898 0.127849 0.023037 0.092795 0.202536 0.054718 0.025012 
0.012562 0.054318 0.261813 0.168980 0.124743 0.018608 0.070339 0.203821 0.059760 0.025056 
0.007219 0.029917 0.246441 0.214357 0.113553 0.030965 0.067433 0.221707 0.048749 0.019659 
0.003925 0.021515 0.229774 0.209291 0.126485 0.035017 0.076853 0.215494 0.065959 0.015687 
0.006227 0.030618 0.195217 0.195731 0.110448 0.037698 0.114561 0.205275 0.058130 0.046095 
0.002847 0.023690 0.167395 0.146115 0.129546 0.042533 0.123159 0.265633 0.070495 0.028587 
0.010390 0.049560 0.208566 0.126939 0.117612 0.050225 0.079374 0.258811 0.068502 0.030022 
0.006411 0.031053 0.096131 0.114536 0.174987 0.045747 0.127666 0.335775 0.036430 0.031263 
0.001230 0.008316 0.134199 0.113793 0.151446 0.042778 0.149274 0.309264 0.060956 0.028745 
0.002969 0.014863 0.198440 0.123980 0.165776 0.074221 0.117023 0.236543 0.044377 0.021808 
0.005676 0.022637 0.224793 0.126934 0.168554 0.068530 0.126291 0.211739 0.027568 0.017279 
0.009950 0.038488 0.230320 0.126251 0.112792 0.061625 0.123157 0.234844 0.046235 0.016338 
0.004558 0.025897 0.215730 0.146086 0.153616 0.062683 0.105146 0.201673 0.056842 0.027769 
0.010474 0.053814 0.237341 0.130116 0.130788 0.043668 0.130772 0.199505 0.046450 0.017072 
0.014131 0.063731 0.215342 0.187306 0.093866 0.045671 0.076440 0.223656 0.049726 0.030130 
0.006852 0.048264 0.175121 0.176531 0.111631 0.065622 0.083127 0.239926 0.082192 0.010734 
0.001219 0.030137 0.269602 0.115188 0.085404 0.055152 0.075002 0.280486 0.066206 0.021602 
0.006547 0.061704 0.323411 0.122657 0.069312 0.052674 0.059977 0.213370 0.075463 0.014885 
0.012559 0.178237 0.258875 0.091902 0.101088 0.101171 0.078127 0.097371 0.049019 0.031652 
0.001721 0.344639 0.346710 0.086689 0.057796 0.059188 0.040497 0.031397 0.020186 0.011176 
0.005398 0.210509 0.320456 0.074363 0.121637 0.096133 0.026663 0.078045 0.041693 0.025103 
0.002602 0.178132 0.397080 0.109098 0.104226 0.060230 0.037979 0.068355 0.029081 0.013216 
0.015920 0.133135 0.391182 0.114275 0.116462 0.033843 0.052639 0.094938 0.032628 0.014976 
0.003444 0.121529 0.347536 0.095173 0.154289 0.056129 0.051350 0.109827 0.046969 0.013754 
0.000935 0.094545 0.397023 0.064649 0.217965 0.024282 0.055271 0.084944 0.048984 0.011402 
0.010208 0.099083 0.357659 0.105802 0.180231 0.050127 0.047377 0.073234 0.055734 0.020545 
0.003702 0.098621 0.309787 0.138452 0.204057 0.055525 0.073041 0.076783 0.028531 0.011501 
0.007559 0.123769 0.300573 0.112253 0.206349 0.062334 0.042865 0.063277 0.048469 0.032553 
0.018646 0.128050 0.342961 0.088797 0.212627 0.079775 0.020462 0.048898 0.042448 0.017336 
0.009240 0.092439 0.295588 0.164312 0.195330 0.068075 0.041809 0.066206 0.045552 0.021450 
0.017349 0.115818 0.316089 0.124628 0.196736 0.056211 0.018973 0.069941 0.072053 0.012202 
0.009718 0.111810 0.360681 0.148380 0.164246 0.065513 0.029263 0.050634 0.041636 0.018118 
0.011523 0.158469 0.334314 0.115131 0.181382 0.056589 0.033520 0.047822 0.041986 0.019262 
0.007367 0.127612 0.276420 0.165374 0.094756 0.079646 0.111215 0.055091 0.055044 0.027475 
0.014322 0.118072 0.163909 0.148707 0.087735 0.192430 0.115857 0.059195 0.064883 0.034891 
0.027839 0.138520 0.290602 0.116414 0.086470 0.132920 0.071680 0.056760 0.047938 0.030857 
0.002084 0.058780 0.296764 0.149462 0.120053 0.164055 0.083486 0.041573 0.040972 0.042770 
0.008961 0.052156 0.276030 0.130364 0.165560 0.183125 0.080466 0.024475 0.040925 0.037938 
0.017369 0.076134 0.299386 0.149063 0.141895 0.101037 0.071425 0.058348 0.049488 0.035855 
0.018202 0.111478 0.331549 0.079562 0.095214 0.148685 0.082418 0.051244 0.036117 0.045530 
0.007198 0.060841 0.341427 0.084154 0.115196 0.126787 0.120797 0.052973 0.067753 0.022874 
0.008168 0.058625 0.379555 0.185634 0.076457 0.072464 0.092797 0.051919 0.041362 0.033020 
0.002634 0.096428 0.473240 0.079959 0.060928 0.100428 0.061213 0.035372 0.061620 0.028179 
0.002278 0.069722 0.544153 0.117763 0.044570 0.051486 0.046766 0.036680 0.062557 0.024025 
0.010971 0.077375 0.537009 0.111932 0.072373 0.083570 0.041345 0.020846 0.028933 0.015646 
0.001471 0.060459 0.440316 0.084542 0.121688 0.085133 0.080534 0.040852 0.066529 0.018477 
0.007493 0.090488 0.431786 0.085170 0.090128 0.119282 0.068634 0.063671 0.031973 0.011375 
0.012799 0.083725 0.411844 0.108452 0.145655 0.096008 0.076562 0.020005 0.021820 0.023130 
0.013553 0.101894 0.351007 0.148142 0.107721 0.051501 0.093869 0.051174 0.044040 0.037099 
0.022398 0.299464 0.341512 0.123634 0.043619 0.042738 0.054594 0.029523 0.028077 0.014442 
0.003623 0.163747 0.434529 0.101243 0.130688 0.055596 0.048786 0.022081 0.031882 0.007827 
0.020541 0.191294 0.424129 0.095068 0.116545 0.045005 0.034957 0.013993 0.041529 0.016938 
0.007953 0.097880 0.468120 0.139369 0.114113 0.052219 0.044564 0.010374 0.035704 0.029703 
0.001099 0.070604 0.428557 0.118391 0.129819 0.060568 0.049639 0.054485 0.057979 0.028860 
0.005113 0.078787 0.342047 0.142259 0.136479 0.115444 0.037123 0.068491 0.047271 0.026984 
0.003184 0.091234 0.365998 0.147281 0.135635 0.087784 0.043077 0.063116 0.041823 0.020867 
0.002738 0.362347 0.291876 0.063193 0.055710 0.071686 0.059801 0.038233 0.033052 0.021365 
0.000510 0.267748 0.293661 0.134720 0.052744 0.068463 0.041110 0.069018 0.054612 0.017416 
0.015413 0.091201 0.357097 0.133172 0.094337 0.114985 0.052175 0.071655 0.043350 0.026615 
0.021003 0.133357 0.341181 0.148604 0.126896 0.047417 0.054605 0.064615 0.029936 0.032385 
0.013620 0.103205 0.424161 0.131677 0.102545 0.056960 0.040163 0.049297 0.057872 0.020500 
0.016122 0.119655 0.442143 0.095981 0.134242 0.035921 0.044272 0.053149 0.028951 0.029563 
0.003523 0.102615 0.403742 0.123862 0.126457 0.088418 0.042883 0.062327 0.030573 0.015600 
0.011995 0.079897 0.235672 0.122944 0.188335 0.127570 0.107839 0.046055 0.035009 0.044683 
0.007364 0.080136 0.241838 0.167919 0.120317 0.115502 0.095113 0.091331 0.057626 0.022855 
0.001173 0.090352 0.376577 0.159537 0.092573 0.045621 0.079642 0.068988 0.047131 0.038406 
0.000160 0.092948 0.254682 0.136693 0.199659 0.100300 0.082954 0.051372 0.060520 0.020712 
0.005804 0.093055 0.393387 0.118558 0.112467 0.072661 0.067145 0.063156 0.041516 0.032250 
0.000437 0.087397 0.366370 0.119852 0.154981 0.043722 0.056192 0.091573 0.046853 0.032623 
0.009500 0.089967 0.334095 0.134819 0.105856 0.141003 0.051187 0.069050 0.043628 0.020895 
0.006051 0.083276 0.388594 0.146950 0.109862 0.048677 0.092653 0.072988 0.030233 0.020718 
0.011165 0.103249 0.248799 0.186966 0.164947 0.109105 0.040720 0.076681 0.046266 0.012102 
0.009030 0.175855 0.386017 0.122500 0.122860 0.044996 0.043072 0.034360 0.044581 0.016730 
0.010652 0.098568 0.413441 0.162144 0.133050 0.040115 0.037366 0.049674 0.045534 0.009457 
0.002573 0.073429 0.458070 0.151044 0.165090 0.030230 0.044486 0.026768 0.029545 0.018765 
0.019176 0.120611 0.376531 0.120700 0.134709 0.077637 0.036961 0.047842 0.041279 0.024555 
0.001501 0.088753 0.415888 0.104075 0.155851 0.084305 0.054625 0.042837 0.027871 0.024294 
0.013980 0.087927 0.475203 0.069108 0.110485 0.062800 0.096445 0.026529 0.029292 0.028232 
0.022646 0.237664 0.335745 0.114280 0.075830 0.083532 0.066318 0.019912 0.022940 0.021132 
0.027421 0.234931 0.363797 0.071539 0.082216 0.066113 0.052237 0.039587 0.028477 0.033681 
0.008931 0.150603 0.386924 0.158583 0.088533 0.089950 0.052886 0.025294 0.025332 0.012964 
0.011972 0.148473 0.385839 0.109387 0.094339 0.103137 0.041995 0.043828 0.031653 0.029378 
0.005460 0.116581 0.346038 0.093447 0.143778 0.094771 0.063674 0.046550 0.046494 0.043209 
0.006758 0.142806 0.349377 0.084687 0.122272 0.105819 0.057947 0.059993 0.045310 0.025031 
0.004036 0.153158 0.326372 0.072500 0.128863 0.082672 0.082475 0.078290 0.042123 0.029511 
0.001490 0.144820 0.359447 0.104918 0.141377 0.072348 0.072015 0.049368 0.033990 0.020226 
0.016814 0.101802 0.345756 0.103522 0.168957 0.060136 0.047873 0.084704 0.039372 0.031065 
0.003742 0.126634 0.439806 0.103060 0.158848 0.024472 0.026828 0.059415 0.036875 0.020320 
0.006829 0.056764 0.460209 0.117223 0.176532 0.029753 0.061783 0.033904 0.034652 0.022350 
0.000980 0.068395 0.423860 0.101279 0.210154 0.025186 0.036932 0.050723 0.039386 0.043106 
0.019480 0.126474 0.372238 0.122061 0.165355 0.047215 0.051209 0.049118 0.027120 0.019729 
0.003234 0.139244 0.325673 0.213551 0.155967 0.036633 0.040988 0.039629 0.026426 0.018656 
0.011368 0.129171 0.282702 0.202949 0.134305 0.069339 0.045804 0.055423 0.043719 0.025220 
0.000529 0.066469 0.171399 0.151630 0.148028 0.171924 0.154788 0.046477 0.052775 0.035981 
0.004107 0.072658 0.291463 0.096693 0.075864 0.198890 0.094715 0.081489 0.038999 0.045122 
0.001314 0.075556 0.306523 0.097625 0.113804 0.146239 0.114456 0.087074 0.034814 0.022596 
0.005704 0.076368 0.323929 0.099761 0.105827 0.123105 0.095275 0.080738 0.058831 0.030461 
0.003112 0.087559 0.316231 0.086970 0.126905 0.140964 0.087137 0.070267 0.048262 0.032594 
0.000298 0.098878 0.328173 0.129106 0.135837 0.108166 0.051224 0.100441 0.027969 0.019909 
0.010440 0.132969 0.290571 0.162462 0.126668 0.071339 0.059009 0.082877 0.037292 0.026373 
0.006827 0.089711 0.263550 0.127141 0.109620 0.102884 0.099426 0.094184 0.054231 0.052426 
0.009732 0.142027 0.346383 0.108981 0.111832 0.049270 0.063958 0.106895 0.038847 0.022076 
0.013222 0.172539 0.344442 0.087157 0.124699 0.053718 0.054956 0.072655 0.049252 0.027360 
0.006511 0.143235 0.351365 0.089663 0.147522 0.044192 0.074778 0.057404 0.055874 0.029457 
0.000130 0.146539 0.417627 0.089112 0.155365 0.051079 0.048013 0.038092 0.034041 0.020004 
0.006041 0.150110 0.384970 0.088454 0.159156 0.048679 0.031054 0.054635 0.042769 0.034132 
0.009546 0.154349 0.347085 0.091533 0.168111 0.055304 0.039401 0.069668 0.043419 0.021583 
0.015729 0.188372 0.270863 0.130984 0.143591 0.072372 0.045054 0.076685 0.044230 0.012119 
0.007261 0.300001 0.296971 0.103351 0.094734 0.069414 0.039692 0.048549 0.033064 0.006964 
0.020318 0.306089 0.284047 0.073205 0.140564 0.039483 0.044140 0.044503 0.028400 0.019253 
0.002095 0.188402 0.355790 0.113585 0.155158 0.044721 0.040911 0.049389 0.023437 0.026512 
0.017704 0.195759 0.318014 0.122546 0.153904 0.063563 0.044899 0.034604 0.028525 0.020482 
0.010156 0.155870 0.343958 0.158735 0.128410 0.055829 0.060727 0.046556 0.020823 0.018936 
0.006962 0.123269 0.345832 0.163833 0.123801 0.063726 0.055089 0.079354 0.014808 0.023326 
0.000092 0.065063 0.397809 0.181949 0.123519 0.068338 0.046639 0.071569 0.023147 0.021875 
0.033281 0.268575 0.271171 0.073904 0.091126 0.081238 0.076770 0.055081 0.033738 0.015118 
0.058371 0.414624 0.209210 0.064589 0.074123 0.026551 0.057786 0.050978 0.026498 0.017270 
0.030629 0.205147 0.274974 0.132548 0.142225 0.060646 0.039948 0.051029 0.032679 0.030175 
0.018005 0.134354 0.330604 0.159330 0.138379 0.059267 0.046862 0.061437 0.020048 0.031716 
0.003864 0.146168 0.302976 0.181789 0.151488 0.043276 0.050227 0.052826 0.045683 0.021704 
0.021377 0.217472 0.255380 0.138450 0.159478 0.032652 0.046921 0.055420 0.046378 0.026471 
0.001559 0.138230 0.309589 0.147987 0.172874 0.057775 0.061213 0.036677 0.041225 0.032870 
0.010244 0.148898 0.304449 0.124724 0.154231 0.089517 0.053992 0.065492 0.031987 0.016466 
0.002666 0.067784 0.242497 0.109321 0.133955 0.123086 0.196010 0.054333 0.038534 0.031814 
0.009619 0.133175 0.330552 0.102173 0.111472 0.092267 0.070795 0.080617 0.032249 0.037082 
0.003606 0.105616 0.385811 0.093836 0.087952 0.077837 0.088864 0.087349 0.028671 0.040457 
0.011081 0.129380 0.360830 0.103291 0.101767 0.079522 0.086180 0.074551 0.033117 0.020281 
0.000879 0.125036 0.396537 0.084458 0.078619 0.085383 0.088266 0.059737 0.049929 0.031155 
0.005291 0.123927 0.341581 0.103178 0.096378 0.150930 0.078612 0.047353 0.023235 0.029514 
0.008042 0.117960 0.329849 0.114909 0.138861 0.085131 0.055029 0.062847 0.058276 0.029096 
0.016093 0.115622 0.314229 0.136892 0.066321 0.085079 0.090604 0.073236 0.071174 0.030750 
0.009116 0.112331 0.309621 0.126242 0.134143 0.075090 0.056941 0.087052 0.062427 0.027038 
0.018518 0.144534 0.318450 0.157147 0.120944 0.057136 0.054942 0.062190 0.038056 0.028081 
0.000880 0.081700 0.334791 0.180608 0.154410 0.109576 0.055943 0.040974 0.019707 0.021411 
0.014583 0.113941 0.288330 0.139870 0.178433 0.104394 0.051467 0.054225 0.039343 0.015414 
0.009803 0.108030 0.283526 0.139716 0.115303 0.177930 0.046782 0.078395 0.032557 0.007959 
0.001142 0.041153 0.288721 0.154744 0.182161 0.154708 0.055406 0.071024 0.022719 0.028222 
0.006839 0.139404 0.286935 0.121237 0.117144 0.112345 0.094144 0.070064 0.025974 0.025914 
0.019640 0.339733 0.229960 0.093746 0.110780 0.060365 0.055928 0.038740 0.032066 0.019042 
0.041216 0.308123 0.318156 0.121263 0.036568 0.064208 0.032247 0.049607 0.016890 0.011723 
0.026506 0.235190 0.332247 0.121729 0.050978 0.072910 0.056122 0.037098 0.044596 0.022624 
0.010145 0.259793 0.337620 0.120195 0.053423 0.073158 0.046704 0.049887 0.024608 0.024467 
0.017408 0.252767 0.390248 0.072415 0.052385 0.062711 0.053143 0.062234 0.017235 0.019455 
0.026540 0.275730 0.328697 0.093437 0.042555 0.071694 0.059423 0.064939 0.020424 0.016560 
0.012066 0.235868 0.377569 0.080131 0.048410 0.079798 0.055148 0.082825 0.017821 0.010364 
0.026808 0.283188 0.301990 0.099254 0.065009 0.057692 0.078940 0.042441 0.022585 0.022094 
0.018807 0.233134 0.384856 0.100261 0.073193 0.043699 0.047875 0.055384 0.022303 0.020486 
0.016136 0.218579 0.318002 0.132126 0.050226 0.073136 0.065486 0.063961 0.031974 0.030374 
0.010362 0.187570 0.350770 0.105405 0.086840 0.074628 0.060135 0.076200 0.019868 0.028222 
0.018361 0.213970 0.353701 0.073248 0.054386 0.108582 0.045339 0.074686 0.029147 0.028581 
0.034223 0.287840 0.264035 0.085482 0.077937 0.091049 0.026741 0.068875 0.038099 0.025719 
0.013071 0.207432 0.393455 0.083535 0.078591 0.079414 0.052805 0.053971 0.021281 0.016446 
0.020293 0.221673 0.344094 0.113991 0.062517 0.095322 0.032878 0.045502 0.029959 0.033772 
0.011444 0.118227 0.186406 0.051108 0.113888 0.156292 0.250190 0.029831 0.038597 0.044018 
0.014864 0.206295 0.266263 0.084701 0.087099 0.081279 0.119839 0.059819 0.036489 0.043353 
0.023850 0.260440 0.266807 0.058369 0.063769 0.081133 0.131202 0.058217 0.026615 0.029597 
0.004038 0.191924 0.292228 0.072967 0.072842 0.105586 0.114620 0.074810 0.035289 0.035696 
0.018338 0.243900 0.293236 0.095304 0.067994 0.103657 0.055612 0.066922 0.027708 0.027329 
0.015742 0.200364 0.318603 0.083619 0.084371 0.102143 0.085133 0.068487 0.022114 0.019425 
0.002443 0.179871 0.347651 0.066777 0.052618 0.110001 0.115159 0.090485 0.024917 0.010078 
0.016243 0.234617 0.283107 0.131742 0.047927 0.069758 0.092812 0.072148 0.037525 0.014120 
0.020025 0.212301 0.363462 0.071955 0.064070 0.048559 0.081331 0.081603 0.027131 0.029563 
0.020023 0.234004 0.293323 0.130231 0.066068 0.068291 0.084766 0.065656 0.022772 0.014866 
0.011053 0.217306 0.290770 0.113177 0.070930 0.074228 0.091625 0.082152 0.030215 0.018544 
0.007361 0.198636 0.398144 0.087229 0.051284 0.065078 0.060049 0.086470 0.024655 0.021094 
0.024941 0.250719 0.294498 0.119754 0.056848 0.055054 0.067694 0.072082 0.035979 0.022431 
0.019135 0.238006 0.346702 0.070320 0.072425 0.074499 0.055154 0.074634 0.032454 0.016670 
0.013096 0.202472 0.413358 0.088500 0.045010 0.053623 0.054340 0.079666 0.031509 0.018427 
0.008598 0.293413 0.372816 0.066680 0.043580 0.066239 0.074359 0.040023 0.018988 0.015304 
0.001181 0.251643 0.303569 0.111100 0.052517 0.077081 0.050058 0.087153 0.039795 0.025902 
0.007625 0.242467 0.349060 0.078099 0.027912 0.107925 0.062937 0.084188 0.013650 0.026137 
0.013050 0.226549 0.248680 0.147526 0.062290 0.098064 0.056722 0.076434 0.037735 0.032952 
0.000005 0.213638 0.274409 0.121342 0.062438 0.114927 0.069341 0.089259 0.030693 0.023948 
0.022778 0.249034 0.318272 0.095006 0.042344 0.079646 0.077674 0.080532 0.014877 0.019836 
0.021304 0.257256 0.242098 0.137082 0.069244 0.073409 0.088003 0.069282 0.021186 0.021137 
0.025927 0.290032 0.319909 0.084668 0.061778 0.067289 0.061304 0.056173 0.018538 0.014382 
0.020002 0.379004 0.255864 0.103841 0.056790 0.065008 0.040505 0.050618 0.013775 0.014591 
0.004331 0.220014 0.318482 0.137609 0.069985 0.079011 0.053626 0.078750 0.021132 0.017058 
0.024412 0.290797 0.288374 0.102887 0.063670 0.086526 0.038640 0.074746 0.019330 0.010619 
0.039656 0.310188 0.315326 0.086341 0.039129 0.067427 0.045252 0.073608 0.014231 0.008842 
0.023491 0.232214 0.349403 0.097262 0.043707 0.077870 0.046645 0.088294 0.029266 0.011847 
0.005249 0.206279 0.382497 0.093632 0.040173 0.096185 0.051850 0.096766 0.010174 0.017194 
0.018096 0.190675 0.296454 0.063800 0.128833 0.100173 0.096723 0.050053 0.026649 0.028544 
0.008891 0.141123 0.261663 0.143005 0.081873 0.116848 0.101882 0.059850 0.056206 0.028660 
0.008702 0.201108 0.306287 0.093847 0.067671 0.107589 0.084310 0.078608 0.022205 0.029673 
0.017131 0.236497 0.265209 0.097705 0.068456 0.078802 0.090419 0.087743 0.032770 0.025268 
0.005362 0.211117 0.222330 0.167796 0.090709 0.087391 0.067880 0.083974 0.039489 0.023953 
0.020828 0.252173 0.259189 0.106861 0.072091 0.085672 0.071517 0.068784 0.032350 0.030535 
0.026642 0.279140 0.243140 0.111057 0.071424 0.087344 0.053065 0.085863 0.023711 0.018615 
0.014245 0.267125 0.262246 0.116626 0.076997 0.052730 0.074157 0.074423 0.035922 0.025529 
0.009184 0.263237 0.341004 0.059976 0.054967 0.094209 0.080641 0.039283 0.031993 0.025505 
0.010605 0.224675 0.322823 0.058964 0.065144 0.143201 0.073804 0.038132 0.038742 0.023911 
0.034786 0.328751 0.268070 0.090322 0.065557 0.077250 0.033094 0.056292 0.030005 0.015874 
0.012201 0.265385 0.289688 0.100394 0.073615 0.109622 0.034557 0.055400 0.041928 0.017210 
0.021188 0.265118 0.296263 0.102217 0.069799 0.096220 0.036302 0.062879 0.029666 0.020348 
0.029692 0.282898 0.289205 0.114615 0.054658 0.093123 0.034225 0.054946 0.032504 0.014133 
0.010951 0.241369 0.274787 0.136453 0.058317 0.074763 0.082123 0.057860 0.037731 0.025648 
0.028382 0.335543 0.211689 0.101816 0.083959 0.048164 0.082061 0.059530 0.025958 0.022900 
0.036429 0.368423 0.293319 0.081472 0.044981 0.039623 0.031275 0.051420 0.019737 0.033321 
0.016134 0.326511 0.298844 0.099251 0.041915 0.062440 0.036008 0.068534 0.019120 0.031243 
0.022982 0.249977 0.279538 0.087657 0.056692 0.081417 0.069960 0.079707 0.044562 0.027508 
0.012147 0.254383 0.231214 0.122141 0.070992 0.107573 0.081264 0.042884 0.051596 0.025805 
0.023416 0.246621 0.307881 0.128302 0.063823 0.122154 0.046872 0.021709 0.024088 0.015135 
0.009292 0.202615 0.327851 0.134783 0.085664 0.108760 0.067801 0.036745 0.014897 0.011593 
0.016765 0.229927 0.282379 0.133595 0.080282 0.110199 0.067988 0.041568 0.021852 0.015444 
0.028041 0.256599 0.224756 0.124659 0.089622 0.098789 0.080073 0.053708 0.021406 0.022347 
0.006148 0.206386 0.289084 0.147012 0.092704 0.089213 0.070288 0.051319 0.033875 0.013970 
0.000522 0.184079 0.326697 0.163714 0.082017 0.075052 0.047566 0.069946 0.034021 0.016385 
0.019849 0.216417 0.372986 0.118564 0.058318 0.077648 0.042188 0.058523 0.024515 0.010992 
0.019835 0.234671 0.265458 0.161549 0.116533 0.074166 0.048738 0.049938 0.015039 0.014072 
0.001102 0.208430 0.258459 0.163280 0.137111 0.075127 0.058122 0.049261 0.024560 0.024547 
