Yes,Coldplay,
0.031018 0.046493 0.147831 0.076023 0.126737 0.151548 0.079557 0.062277 0.167589 0.110926 
0.035350 0.013313 0.114004 0.117035 0.112128 0.090261 0.062029 0.083725 0.252849 0.119306 
0.042874 0.010604 0.105234 0.106040 0.126473 0.104184 0.083593 0.085911 0.140229 0.194858 
0.046416 0.012198 0.147463 0.112761 0.143615 0.091632 0.084647 0.053556 0.163107 0.144605 
0.054798 0.007583 0.165681 0.097448 0.082572 0.137232 0.089231 0.071584 0.169818 0.124053 
0.039390 0.027622 0.140320 0.071076 0.073244 0.094349 0.077157 0.130339 0.167595 0.178908 
0.056786 0.023847 0.115642 0.070696 0.108040 0.093419 0.105196 0.137357 0.123861 0.165155 
0.043575 0.019604 0.204698 0.206708 0.053205 0.082604 0.069329 0.103577 0.099386 0.117315 
0.034561 0.026830 0.178480 0.121677 0.089750 0.065117 0.081397 0.087078 0.142525 0.172586 
0.043414 0.014928 0.159576 0.095793 0.085526 0.063390 0.089813 0.125532 0.076398 0.245630 
0.048625 0.024512 0.146941 0.150056 0.141788 0.089985 0.052534 0.090675 0.098229 0.156654 
0.041367 0.018958 0.128179 0.113073 0.063963 0.094014 0.079258 0.150027 0.155652 0.155510 
0.044417 0.046849 0.180758 0.154570 0.108231 0.069381 0.074593 0.092182 0.091899 0.137121 
0.033941 0.050070 0.182123 0.124987 0.088318 0.093368 0.058393 0.103041 0.177428 0.088331 
0.038347 0.021868 0.137165 0.091557 0.062512 0.056849 0.070997 0.160462 0.142616 0.217627 
0.039280 0.012852 0.118438 0.112195 0.079420 0.036689 0.079321 0.121951 0.160738 0.239116 
0.035389 0.031573 0.126449 0.113628 0.091728 0.063561 0.110293 0.136606 0.089157 0.201616 
0.048086 0.043620 0.154709 0.171074 0.064809 0.058717 0.066066 0.121784 0.154617 0.116518 
0.035736 0.028286 0.127610 0.156164 0.047889 0.074154 0.058146 0.127714 0.149304 0.194999 
0.027060 0.047977 0.158971 0.142230 0.054233 0.065498 0.045976 0.131152 0.126633 0.200270 
0.047448 0.024793 0.117431 0.166839 0.081179 0.073797 0.090551 0.137197 0.091957 0.168808 
0.041989 0.016349 0.075946 0.154828 0.079093 0.053767 0.066799 0.164366 0.161387 0.185476 
0.039343 0.014377 0.112885 0.196707 0.090668 0.041147 0.062253 0.117952 0.199352 0.125316 
0.046536 0.017659 0.114795 0.170136 0.078378 0.037160 0.077427 0.186551 0.140082 0.131276 
0.031022 0.025060 0.105153 0.163984 0.064946 0.072372 0.080602 0.156242 0.139842 0.160777 
0.041709 0.016155 0.084715 0.190688 0.105894 0.065830 0.079444 0.136201 0.111522 0.167840 
0.038568 0.026986 0.078676 0.198795 0.056650 0.076938 0.086291 0.163430 0.144732 0.128934 
0.038377 0.012484 0.098132 0.259324 0.074738 0.050295 0.059578 0.121356 0.152649 0.133066 
0.039020 0.016011 0.090127 0.252981 0.072181 0.065929 0.068003 0.110315 0.139594 0.145839 
0.042054 0.011973 0.084880 0.242358 0.075567 0.069120 0.087991 0.125963 0.075551 0.184543 
0.040301 0.009944 0.095072 0.338517 0.041726 0.062044 0.092698 0.160908 0.079613 0.079177 
0.041269 0.034388 0.109657 0.378820 0.064682 0.038807 0.064120 0.113460 0.079600 0.075197 
0.034485 0.023262 0.122135 0.321415 0.067002 0.062073 0.079263 0.115961 0.087349 0.087055 
0.027359 0.045167 0.134379 0.332815 0.058168 0.043543 0.065814 0.130090 0.069390 0.093275 
0.024800 0.015704 0.118851 0.303527 0.107222 0.114231 0.069516 0.079152 0.089880 0.077117 
0.039702 0.025727 0.109418 0.294872 0.069980 0.045981 0.050380 0.104893 0.134193 0.124854 
0.038471 0.019924 0.104156 0.362924 0.043876 0.066384 0.041888 0.120110 0.088816 0.113451 
0.029935 0.014883 0.095986 0.384402 0.067522 0.083316 0.048805 0.082392 0.087803 0.104956 
0.019208 0.049507 0.173036 0.357207 0.051859 0.046218 0.047444 0.055105 0.087090 0.113326 
0.026999 0.019836 0.106410 0.346155 0.047540 0.058987 0.038386 0.089972 0.126845 0.138870 
0.037810 0.048024 0.146334 0.375366 0.056972 0.039011 0.035337 0.061317 0.103443 0.096387 
0.034770 0.020131 0.097160 0.446312 0.064906 0.028767 0.054104 0.053208 0.091971 0.108671 
0.025962 0.013667 0.076821 0.437984 0.060973 0.032092 0.057481 0.083370 0.102181 0.109470 
0.016249 0.042405 0.139334 0.392255 0.064189 0.065890 0.059865 0.044551 0.054314 0.120947 
0.018684 0.023357 0.128727 0.413608 0.083134 0.036283 0.055254 0.070071 0.073332 0.097551 
0.035634 0.048470 0.157740 0.433552 0.050851 0.032241 0.029095 0.060844 0.052631 0.098942 
0.025987 0.036452 0.161259 0.358761 0.048130 0.097558 0.058886 0.056400 0.046805 0.109761 
0.014673 0.030937 0.132851 0.492098 0.083981 0.065421 0.045291 0.057395 0.030571 0.046782 
0.005758 0.049199 0.134621 0.472967 0.076662 0.050229 0.041934 0.063532 0.060970 0.044129 
0.019341 0.012256 0.117602 0.497922 0.068097 0.059336 0.046893 0.069383 0.070983 0.038186 
0.026507 0.052553 0.154616 0.482200 0.054764 0.047934 0.030247 0.035972 0.048893 0.066314 
0.024248 0.041429 0.147202 0.498877 0.074343 0.027678 0.022587 0.061336 0.057208 0.045092 
0.005033 0.042755 0.151150 0.518800 0.063379 0.039928 0.038319 0.053821 0.040879 0.045936 
0.001679 0.056095 0.164324 0.544147 0.060005 0.038127 0.035821 0.039188 0.023701 0.036914 
0.015495 0.018732 0.136452 0.543987 0.078849 0.034731 0.042923 0.052333 0.039263 0.037235 
0.027551 0.065703 0.170696 0.543979 0.034430 0.018996 0.028601 0.041688 0.037672 0.030684 
0.017805 0.031821 0.134255 0.577525 0.056156 0.040776 0.037331 0.035140 0.038552 0.030639 
0.004729 0.061880 0.183984 0.548159 0.055309 0.028155 0.021025 0.022943 0.030583 0.043231 
0.005306 0.033369 0.157959 0.550205 0.088768 0.032192 0.033733 0.038952 0.026530 0.032987 
0.025726 0.066425 0.189625 0.497532 0.057994 0.047328 0.038553 0.030489 0.028876 0.017454 
0.019658 0.030937 0.167718 0.534774 0.056401 0.034204 0.044215 0.042847 0.043171 0.026075 
0.000759 0.058700 0.185567 0.490688 0.062915 0.021214 0.047452 0.048542 0.037936 0.046225 
0.007888 0.048297 0.158252 0.516985 0.062879 0.034557 0.022529 0.037751 0.056648 0.054214 
0.020524 0.020004 0.127543 0.443167 0.081468 0.071812 0.042622 0.060870 0.050603 0.081388 
0.029651 0.051314 0.146112 0.474223 0.041423 0.086077 0.025884 0.054283 0.039790 0.051242 
0.023798 0.032258 0.135114 0.441453 0.070979 0.078931 0.035791 0.052823 0.055733 0.073120 
0.005157 0.047049 0.112337 0.219617 0.102561 0.108608 0.098949 0.168107 0.098860 0.038755 
0.006502 0.016906 0.075953 0.176800 0.175514 0.246402 0.068245 0.071874 0.071208 0.090595 
0.006303 0.015752 0.093640 0.154496 0.187418 0.243632 0.046432 0.076732 0.069251 0.106343 
0.005250 0.006266 0.062344 0.135375 0.227288 0.232692 0.051469 0.044980 0.090272 0.144062 
0.007598 0.016979 0.079814 0.193517 0.224474 0.125000 0.045866 0.057878 0.093085 0.155790 
0.002657 0.041724 0.104783 0.148799 0.138033 0.149949 0.054950 0.058846 0.076947 0.223311 
0.001812 0.015216 0.083856 0.116046 0.238248 0.187651 0.078169 0.050670 0.056306 0.172026 
0.012984 0.039890 0.088707 0.108016 0.217076 0.241495 0.041371 0.045302 0.071417 0.133741 
0.000003 0.017301 0.058775 0.077314 0.227268 0.237377 0.086038 0.063836 0.056114 0.175975 
0.004249 0.045140 0.072463 0.116093 0.190079 0.262094 0.049923 0.054963 0.041621 0.163376 
0.006554 0.027833 0.074547 0.112592 0.192128 0.247154 0.138083 0.056532 0.044610 0.099966 
0.002676 0.019899 0.062515 0.070772 0.249625 0.280785 0.072068 0.073116 0.058186 0.110358 
0.010973 0.027814 0.081793 0.141457 0.124601 0.310307 0.049558 0.049658 0.072882 0.130959 
0.003232 0.023874 0.084089 0.070974 0.124064 0.355358 0.063235 0.045892 0.076998 0.152285 
0.009841 0.014986 0.074863 0.175025 0.072671 0.373944 0.052401 0.038443 0.056779 0.131046 
0.009937 0.021557 0.077441 0.152692 0.135069 0.331681 0.072850 0.037160 0.064227 0.097386 
0.004932 0.027118 0.077251 0.153770 0.095136 0.418799 0.073254 0.031980 0.040068 0.077692 
0.002941 0.030816 0.070738 0.157322 0.190901 0.257004 0.060626 0.061948 0.036280 0.131423 
0.000482 0.027301 0.076909 0.119081 0.085842 0.479650 0.034411 0.032818 0.017057 0.126448 
0.011032 0.028459 0.094807 0.111220 0.100772 0.359829 0.089849 0.053557 0.060749 0.089726 
0.005783 0.018877 0.063260 0.082032 0.258741 0.245223 0.100395 0.065272 0.046405 0.114013 
0.004636 0.022617 0.075814 0.062256 0.102196 0.368790 0.084022 0.079584 0.065012 0.135074 
0.008422 0.017629 0.054711 0.161960 0.086193 0.289953 0.097279 0.075278 0.038019 0.170555 
0.004728 0.014896 0.064574 0.115708 0.114209 0.347002 0.040962 0.052705 0.041229 0.203987 
0.002898 0.016785 0.053615 0.125432 0.157394 0.307125 0.063171 0.086099 0.071645 0.115836 
0.001871 0.018912 0.047127 0.107653 0.119400 0.414354 0.057256 0.084097 0.039368 0.109961 
0.013888 0.028419 0.057027 0.108760 0.135305 0.274341 0.046340 0.070628 0.042345 0.222947 
0.007960 0.015825 0.040558 0.059848 0.099448 0.356054 0.083237 0.071988 0.063746 0.201336 
0.000959 0.019028 0.057362 0.077976 0.116264 0.301993 0.108978 0.098992 0.079488 0.138961 
0.010635 0.023353 0.042623 0.171096 0.126664 0.255466 0.085928 0.088617 0.087788 0.107831 
0.000216 0.031758 0.096313 0.114978 0.132387 0.291799 0.077214 0.054679 0.056404 0.144252 
0.007395 0.015457 0.073967 0.109295 0.095951 0.418089 0.060949 0.072672 0.030359 0.115866 
0.013578 0.037850 0.115277 0.100430 0.104322 0.273142 0.063838 0.085919 0.044087 0.161556 
0.001488 0.026838 0.096542 0.156788 0.124848 0.289664 0.043565 0.077513 0.057197 0.125557 
0.002738 0.014494 0.092394 0.129805 0.126706 0.318013 0.048598 0.107189 0.046881 0.113183 
0.008802 0.020789 0.082380 0.096208 0.131415 0.342241 0.084433 0.092608 0.034326 0.106796 
0.006737 0.010342 0.084428 0.086517 0.149077 0.358872 0.071306 0.080545 0.035993 0.116183 
0.005753 0.011836 0.057494 0.100274 0.135459 0.381028 0.078520 0.080116 0.058432 0.091088 
0.003944 0.016028 0.096118 0.105925 0.114890 0.335614 0.119988 0.099443 0.054466 0.053584 
0.000046 0.032937 0.071498 0.076859 0.100965 0.310464 0.054029 0.050509 0.067009 0.235683 
0.012542 0.023309 0.046195 0.092340 0.148305 0.310815 0.052304 0.049619 0.055981 0.208591 
0.007641 0.011695 0.064775 0.113441 0.150252 0.318011 0.046165 0.100250 0.059415 0.128355 
0.001813 0.021351 0.051191 0.129714 0.118885 0.198389 0.048513 0.138748 0.099194 0.192201 
0.001345 0.014563 0.064675 0.120484 0.106702 0.268368 0.024796 0.175130 0.075285 0.148652 
0.009881 0.019139 0.039991 0.098256 0.146321 0.295493 0.051435 0.151009 0.058317 0.130158 
0.006545 0.004209 0.043408 0.078192 0.141529 0.290910 0.066535 0.132386 0.059805 0.176482 
0.000423 0.019101 0.058421 0.090157 0.138913 0.335054 0.072001 0.109115 0.053457 0.123356 
0.004405 0.005254 0.092905 0.155694 0.151967 0.230282 0.090916 0.151373 0.043931 0.073273 
0.006815 0.010407 0.071371 0.117955 0.098069 0.280359 0.080858 0.154408 0.053329 0.126429 
0.012034 0.029044 0.063866 0.202206 0.120702 0.141515 0.066290 0.176102 0.067190 0.121052 
0.004130 0.009647 0.092579 0.193634 0.096915 0.185614 0.061412 0.172676 0.045963 0.137431 
0.001365 0.018075 0.073073 0.137317 0.143782 0.124408 0.050666 0.214332 0.077626 0.159357 
0.000983 0.023145 0.079126 0.155092 0.109893 0.091782 0.061059 0.226838 0.068561 0.183522 
0.014318 0.042846 0.064909 0.089227 0.111077 0.161328 0.080658 0.199647 0.053227 0.182763 
0.001404 0.012350 0.072922 0.079452 0.156748 0.164593 0.078207 0.201350 0.058188 0.174786 
0.007878 0.019969 0.039682 0.128364 0.111350 0.224729 0.060345 0.167401 0.056689 0.183593 
0.004104 0.034713 0.075913 0.129596 0.126460 0.213002 0.048698 0.174203 0.063655 0.129654 
0.008642 0.018029 0.093398 0.179218 0.119608 0.156958 0.097032 0.190465 0.082437 0.054211 
0.009980 0.022332 0.051167 0.151131 0.094487 0.205341 0.090296 0.286228 0.034888 0.054150 
0.005320 0.018128 0.056168 0.132231 0.057931 0.154296 0.107941 0.367450 0.053398 0.047137 
0.003718 0.005622 0.041968 0.158696 0.071435 0.149364 0.109732 0.347808 0.060253 0.051405 
0.004872 0.033988 0.112713 0.101050 0.077619 0.174250 0.070495 0.306186 0.067806 0.051020 
0.012730 0.037963 0.081358 0.088004 0.087232 0.170480 0.069676 0.308066 0.071429 0.073062 
0.001971 0.011307 0.066458 0.062510 0.074235 0.215113 0.114070 0.332353 0.063710 0.058272 
0.001738 0.011085 0.057141 0.092799 0.091560 0.203541 0.086057 0.300148 0.070179 0.085753 
0.004830 0.010312 0.123020 0.110373 0.090536 0.195556 0.057582 0.261712 0.078968 0.067110 
0.006003 0.013615 0.078685 0.210580 0.065359 0.265916 0.114416 0.109451 0.062040 0.073935 
0.007268 0.014383 0.085738 0.116476 0.134050 0.181987 0.057004 0.264803 0.070773 0.067518 
0.002018 0.019526 0.063975 0.160323 0.150914 0.107475 0.074547 0.247385 0.068784 0.105054 
0.014383 0.037814 0.085851 0.111677 0.133210 0.141048 0.054676 0.249191 0.052555 0.119595 
0.000334 0.023191 0.083471 0.108769 0.167740 0.111301 0.079925 0.242286 0.069378 0.113605 
0.001389 0.026665 0.088392 0.120418 0.137861 0.133339 0.067081 0.255461 0.049857 0.119535 
0.012130 0.034143 0.088178 0.113113 0.186168 0.143939 0.037516 0.214192 0.069261 0.101360 
0.004911 0.008731 0.058295 0.186739 0.144191 0.164042 0.028765 0.209657 0.064196 0.130473 
0.005188 0.042079 0.061007 0.157876 0.195306 0.104149 0.069309 0.173044 0.111891 0.080150 
0.013163 0.045276 0.099546 0.188570 0.130737 0.112245 0.046310 0.192670 0.067405 0.104077 
0.009751 0.028667 0.088469 0.147508 0.123313 0.147856 0.097808 0.241825 0.061816 0.052987 
0.001237 0.028625 0.060660 0.132294 0.075889 0.099283 0.060007 0.378276 0.098707 0.065022 
0.010183 0.030778 0.056330 0.158551 0.138476 0.090813 0.089073 0.311446 0.064897 0.049452 
0.000344 0.018739 0.072926 0.151948 0.161603 0.127923 0.070658 0.291349 0.070485 0.034027 
0.002701 0.012233 0.058192 0.100293 0.152842 0.180927 0.091718 0.304995 0.070815 0.025284 
0.005739 0.011351 0.052145 0.181319 0.138244 0.189025 0.071258 0.240448 0.072027 0.038443 
0.005636 0.009647 0.069602 0.139076 0.155290 0.213163 0.062488 0.216624 0.073527 0.054947 
0.004791 0.013257 0.073196 0.116523 0.155044 0.276777 0.052761 0.194529 0.069473 0.043650 
0.000561 0.022452 0.063968 0.151471 0.155103 0.204500 0.049132 0.208259 0.075819 0.068735 
0.006415 0.016553 0.091872 0.134589 0.108205 0.337644 0.043080 0.103282 0.038589 0.119771 
0.017556 0.045146 0.069063 0.105690 0.152833 0.252582 0.053294 0.065209 0.048816 0.189810 
0.001318 0.031518 0.124692 0.120827 0.098350 0.216216 0.067950 0.127509 0.062671 0.148948 
0.004809 0.014219 0.051938 0.212554 0.090162 0.117701 0.052669 0.159940 0.080249 0.215759 
0.011556 0.032546 0.076232 0.128677 0.125647 0.152447 0.046737 0.101889 0.085723 0.238546 
0.009167 0.019699 0.048254 0.208955 0.065280 0.159064 0.036646 0.153872 0.073120 0.225943 
0.000044 0.021249 0.072538 0.082739 0.123252 0.303084 0.037981 0.130858 0.081799 0.146456 
0.002117 0.022020 0.034632 0.089410 0.138328 0.377256 0.032928 0.070652 0.085966 0.146691 
0.007044 0.007621 0.113839 0.207248 0.073703 0.164436 0.142815 0.146340 0.097118 0.039836 
0.006734 0.011545 0.077576 0.124285 0.192678 0.207759 0.040719 0.217834 0.074746 0.046125 
0.004339 0.010321 0.063587 0.121797 0.140983 0.191887 0.058577 0.285625 0.068331 0.054553 
0.012562 0.026839 0.067151 0.115014 0.103318 0.170886 0.072599 0.280371 0.089436 0.061823 
0.005178 0.010551 0.053068 0.076853 0.161232 0.200363 0.065502 0.283165 0.099606 0.044480 
0.000543 0.031085 0.072118 0.083424 0.163536 0.189494 0.053441 0.259418 0.096712 0.050229 
0.002414 0.023999 0.070372 0.068193 0.114648 0.150363 0.105555 0.351521 0.064774 0.048161 
0.010489 0.023353 0.067669 0.064839 0.108876 0.206371 0.076007 0.246975 0.107623 0.087799 
0.003788 0.005530 0.071680 0.140528 0.115006 0.242875 0.050347 0.220872 0.089741 0.059633 
0.004946 0.009755 0.115492 0.055695 0.115117 0.174574 0.123813 0.255759 0.072009 0.072841 
0.009583 0.022385 0.122032 0.197999 0.100842 0.140255 0.070424 0.165364 0.077771 0.093345 
0.004890 0.015054 0.098444 0.142646 0.088965 0.215466 0.066344 0.200525 0.076734 0.090932 
0.000198 0.023787 0.118461 0.095575 0.096357 0.159597 0.048397 0.214228 0.079857 0.163541 
0.006237 0.008366 0.077350 0.169467 0.078692 0.177896 0.063274 0.163761 0.072541 0.182415 
0.009708 0.026700 0.057372 0.122002 0.115335 0.209896 0.052017 0.159361 0.054810 0.192801 
0.003291 0.013246 0.102677 0.127216 0.077913 0.272708 0.059262 0.103610 0.071974 0.168104 
0.001142 0.025542 0.060201 0.077742 0.113502 0.280795 0.045241 0.093913 0.085248 0.216674 
0.003236 0.017678 0.062034 0.103366 0.125106 0.265568 0.064652 0.108700 0.068399 0.181260 
0.010750 0.022934 0.056115 0.172391 0.107334 0.187105 0.091044 0.100106 0.069013 0.183208 
0.008915 0.020635 0.099998 0.133126 0.150412 0.203295 0.052687 0.165405 0.084028 0.081500 
0.005737 0.014153 0.075008 0.152172 0.127769 0.131052 0.053425 0.257888 0.089622 0.093174 
0.004487 0.017653 0.087801 0.080559 0.193230 0.068802 0.063691 0.318518 0.084552 0.080707 
0.004668 0.012354 0.080610 0.089092 0.183811 0.162592 0.083708 0.264277 0.055614 0.063275 
0.007396 0.014210 0.072519 0.081161 0.177034 0.238684 0.061067 0.224776 0.061272 0.061881 
0.001526 0.014072 0.083621 0.107497 0.144404 0.281155 0.042587 0.175573 0.071222 0.078342 
0.009103 0.017741 0.074802 0.092623 0.122907 0.223682 0.087673 0.213963 0.078907 0.078599 
0.000512 0.017604 0.049157 0.114798 0.191306 0.165303 0.070864 0.253537 0.082970 0.053951 
0.007060 0.004677 0.049593 0.171696 0.174278 0.131775 0.048270 0.264429 0.079685 0.068538 
0.005008 0.012816 0.079765 0.159990 0.143294 0.127486 0.145019 0.211047 0.072910 0.042664 
0.008673 0.018515 0.096544 0.070074 0.160030 0.306311 0.067660 0.118285 0.055043 0.098864 
0.011263 0.033990 0.091598 0.164072 0.106635 0.276712 0.040918 0.086248 0.064839 0.123724 
0.005096 0.010522 0.084922 0.113333 0.142309 0.290441 0.067318 0.069252 0.076373 0.140433 
0.002947 0.022804 0.073939 0.112975 0.165669 0.310001 0.049867 0.063149 0.061782 0.136867 
0.002805 0.010531 0.065229 0.139077 0.088108 0.302307 0.082612 0.085195 0.080116 0.144019 
0.002044 0.017178 0.075890 0.127224 0.106253 0.290726 0.064412 0.103711 0.080042 0.132521 
0.013809 0.028459 0.129019 0.100057 0.118411 0.241297 0.045403 0.132723 0.049699 0.141124 
0.002690 0.015253 0.107807 0.143719 0.108560 0.175686 0.079009 0.177037 0.067410 0.122830 
0.011127 0.022690 0.075739 0.140276 0.184637 0.142503 0.146473 0.141882 0.091375 0.043298 
0.001524 0.031603 0.075959 0.149609 0.145728 0.155600 0.050453 0.246374 0.055110 0.088041 
0.008796 0.014551 0.066578 0.158420 0.149178 0.135750 0.081344 0.247443 0.048340 0.089599 
0.008077 0.014417 0.075505 0.162739 0.128058 0.131939 0.087016 0.270972 0.066659 0.054618 
0.002274 0.025335 0.092289 0.072989 0.193331 0.113336 0.059427 0.307493 0.068248 0.065277 
0.004465 0.009762 0.087603 0.112599 0.121344 0.186897 0.061911 0.268670 0.063372 0.083376 
0.010324 0.020893 0.077540 0.185381 0.114154 0.189519 0.067220 0.220942 0.066959 0.047068 
0.006626 0.010975 0.066929 0.132306 0.197328 0.157288 0.084340 0.220036 0.058286 0.065886 
0.003237 0.006600 0.120784 0.201426 0.151750 0.142874 0.083821 0.151344 0.070784 0.067381 
0.011239 0.022096 0.145673 0.163524 0.144403 0.111264 0.093913 0.176472 0.073801 0.057615 
0.000567 0.038672 0.077423 0.147005 0.168573 0.229172 0.088301 0.125359 0.061668 0.063261 
0.003818 0.020490 0.080729 0.181643 0.217496 0.162367 0.069895 0.088935 0.090432 0.084196 
0.017250 0.043916 0.129255 0.125439 0.232426 0.191466 0.050079 0.095106 0.070472 0.044592 
0.000397 0.039558 0.092369 0.097053 0.224600 0.248706 0.095941 0.045850 0.093551 0.061975 
0.009402 0.019685 0.110383 0.141858 0.221181 0.214740 0.072947 0.074939 0.049806 0.085058 
0.004051 0.010737 0.077127 0.129878 0.181773 0.207159 0.067101 0.145562 0.056834 0.119780 
0.005005 0.017527 0.101909 0.150028 0.190513 0.115638 0.082396 0.179375 0.062033 0.095574 
0.012453 0.027967 0.088911 0.152069 0.115179 0.144965 0.133083 0.212790 0.064022 0.048561 
0.000543 0.032510 0.107098 0.177862 0.189119 0.142099 0.092676 0.142692 0.068019 0.047381 
0.015530 0.042824 0.118038 0.094179 0.157404 0.168443 0.067140 0.203383 0.087557 0.045501 
0.003065 0.013852 0.081404 0.097090 0.090296 0.129288 0.086715 0.317376 0.090704 0.090212 
0.003376 0.017491 0.056868 0.114398 0.064139 0.160383 0.063553 0.369057 0.062495 0.088240 
0.000660 0.021745 0.092235 0.148599 0.109135 0.137910 0.054331 0.322570 0.069344 0.043471 
0.013906 0.041047 0.084320 0.147094 0.114833 0.171049 0.048673 0.272199 0.057759 0.049120 
0.000546 0.018911 0.062440 0.041629 0.119977 0.232946 0.090686 0.277653 0.043851 0.111362 
0.003729 0.010273 0.080577 0.071147 0.094186 0.209066 0.081334 0.270990 0.073149 0.105549 
0.007359 0.011007 0.075280 0.182834 0.127415 0.150315 0.064478 0.242224 0.078136 0.060951 
0.001772 0.033851 0.073367 0.109957 0.181314 0.227319 0.102832 0.132976 0.029850 0.106761 
0.013425 0.032993 0.053171 0.126221 0.174251 0.323963 0.043555 0.066333 0.051134 0.114956 
0.006212 0.013580 0.040196 0.165083 0.135591 0.206184 0.073549 0.164853 0.073983 0.120769 
0.002737 0.017351 0.083778 0.138105 0.147262 0.193422 0.050992 0.158995 0.069969 0.137391 
0.000911 0.019784 0.063757 0.126168 0.106535 0.241733 0.054196 0.152506 0.091278 0.143133 
0.009188 0.016635 0.064471 0.142623 0.084403 0.284439 0.057331 0.151064 0.067117 0.122729 
0.012324 0.025512 0.096291 0.108886 0.116224 0.266380 0.042278 0.153692 0.064585 0.113829 
0.000523 0.029387 0.051796 0.109043 0.155160 0.187261 0.036807 0.178845 0.096720 0.154458 
0.005927 0.020703 0.070746 0.151752 0.131140 0.195832 0.055782 0.192390 0.100081 0.075647 
0.005733 0.015021 0.093060 0.216558 0.162737 0.138220 0.083455 0.149113 0.087152 0.048951 
0.005585 0.014002 0.085273 0.128128 0.107840 0.245133 0.094282 0.215111 0.045645 0.059000 
0.005932 0.010938 0.061509 0.134874 0.110699 0.217556 0.077510 0.249852 0.059390 0.071739 
0.000420 0.033367 0.065165 0.182401 0.116785 0.144979 0.068559 0.237979 0.058146 0.092199 
0.006469 0.012114 0.048685 0.123090 0.129213 0.198789 0.102423 0.232154 0.056296 0.090768 
0.006282 0.011695 0.066866 0.110570 0.122111 0.173076 0.107445 0.273431 0.047254 0.081270 
0.007193 0.018180 0.090762 0.094706 0.132630 0.201240 0.060225 0.255967 0.067554 0.071544 
0.000839 0.031036 0.061317 0.077795 0.163929 0.197566 0.076631 0.224022 0.088939 0.077924 
0.010171 0.030634 0.081644 0.076923 0.149316 0.189066 0.044442 0.268001 0.096688 0.053114 
0.003323 0.012504 0.068977 0.174227 0.117670 0.214316 0.097585 0.122997 0.047200 0.141200 
0.008306 0.016235 0.096403 0.095851 0.172050 0.243877 0.052429 0.082379 0.059884 0.172587 
0.002706 0.013674 0.090506 0.175513 0.104577 0.271445 0.040567 0.055407 0.051609 0.193996 
0.005813 0.007164 0.058031 0.191129 0.125856 0.193964 0.069160 0.083090 0.069980 0.195812 
0.001004 0.023746 0.066266 0.121107 0.132475 0.276703 0.044583 0.054663 0.050483 0.228970 
0.011349 0.023930 0.106802 0.115045 0.103701 0.296438 0.040298 0.104933 0.050884 0.146619 
0.005062 0.009820 0.049742 0.126646 0.119549 0.256457 0.028637 0.133269 0.074477 0.196342 
0.000731 0.024230 0.039488 0.094433 0.163905 0.313140 0.055780 0.089616 0.060593 0.158083 
0.009626 0.015273 0.085308 0.134352 0.081040 0.212353 0.145024 0.132039 0.108949 0.076036 
0.007017 0.019090 0.071742 0.096564 0.187258 0.248149 0.073688 0.151801 0.052134 0.092557 
0.005514 0.015947 0.034702 0.101772 0.172876 0.252961 0.063674 0.200443 0.055697 0.096413 
0.002688 0.023998 0.061105 0.127144 0.172298 0.167104 0.069779 0.249917 0.061397 0.064569 
0.007919 0.009966 0.071261 0.096940 0.193370 0.226581 0.072355 0.229498 0.048031 0.044079 
0.006339 0.010457 0.034402 0.100559 0.135755 0.241394 0.070723 0.260951 0.061298 0.078123 
0.007972 0.013844 0.062357 0.094631 0.138809 0.248678 0.065919 0.254875 0.062068 0.050848 
0.002816 0.015521 0.056640 0.094197 0.176427 0.232767 0.077304 0.202391 0.064929 0.077010 
0.008401 0.015704 0.058373 0.042387 0.168128 0.267239 0.058486 0.222670 0.064191 0.094420 
0.009273 0.014043 0.072753 0.084059 0.079887 0.213834 0.115065 0.263371 0.052802 0.094912 
0.002554 0.012407 0.078170 0.156922 0.110756 0.227684 0.082906 0.128370 0.054777 0.145454 
0.011615 0.024121 0.037648 0.099439 0.151392 0.337207 0.055289 0.081573 0.059918 0.141798 
0.003805 0.026249 0.050112 0.098093 0.149019 0.274274 0.050035 0.093687 0.075014 0.179711 
0.006811 0.019032 0.050509 0.110067 0.159603 0.266430 0.056548 0.062336 0.070612 0.198053 
0.000598 0.026680 0.076675 0.090471 0.158085 0.275338 0.074073 0.085200 0.049526 0.163355 
0.010269 0.021800 0.077751 0.103710 0.151111 0.267603 0.061936 0.090187 0.043067 0.172567 
0.011716 0.020293 0.098981 0.091310 0.122905 0.281337 0.039882 0.111434 0.055165 0.166976 
0.004014 0.022696 0.073139 0.085336 0.083506 0.335985 0.068834 0.101404 0.059311 0.165775 
0.004530 0.012130 0.102312 0.152989 0.143089 0.192712 0.084037 0.124768 0.069533 0.113899 
0.003443 0.011142 0.092373 0.144754 0.209860 0.110679 0.089987 0.214570 0.067778 0.055415 
0.014707 0.039811 0.091732 0.078577 0.228743 0.128370 0.075008 0.202576 0.059629 0.080848 
0.000395 0.027615 0.109040 0.097946 0.162603 0.160150 0.047807 0.216812 0.085773 0.091860 
0.000749 0.020761 0.061867 0.160314 0.196618 0.160980 0.041640 0.194283 0.092267 0.070521 
0.008112 0.016109 0.070809 0.138557 0.172125 0.191856 0.061250 0.211859 0.063819 0.065504 
0.009079 0.016170 0.040568 0.117091 0.221396 0.191385 0.049766 0.211644 0.060427 0.082472 
0.002988 0.010916 0.067832 0.111601 0.228437 0.159415 0.059794 0.202810 0.079112 0.077096 
0.004497 0.012944 0.066132 0.084090 0.218801 0.147050 0.071244 0.229202 0.090381 0.075659 
0.003244 0.013626 0.059794 0.124284 0.157409 0.185650 0.101788 0.214451 0.066831 0.072921 
0.014161 0.035938 0.071987 0.212070 0.176294 0.095404 0.100618 0.181564 0.086588 0.025377 
0.000102 0.027325 0.044609 0.117003 0.182019 0.166535 0.112004 0.239815 0.056864 0.053725 
0.010866 0.036741 0.092857 0.117305 0.148675 0.140793 0.073211 0.244640 0.097788 0.037123 
0.001131 0.024642 0.078258 0.135146 0.237527 0.083606 0.058887 0.263635 0.081300 0.035868 
0.005934 0.012562 0.071016 0.150863 0.227344 0.101675 0.045564 0.287970 0.069564 0.027509 
0.002019 0.016892 0.058804 0.125652 0.149109 0.157639 0.080088 0.302776 0.066379 0.040642 
0.013324 0.032720 0.035361 0.075303 0.122011 0.184309 0.106521 0.332785 0.048681 0.048984 
0.000753 0.022087 0.066874 0.122255 0.114842 0.117024 0.053965 0.376958 0.083199 0.042044 
0.004227 0.013388 0.077491 0.172290 0.145214 0.128082 0.102209 0.246889 0.079887 0.030323 
0.009411 0.013546 0.111460 0.169239 0.107226 0.107812 0.098862 0.261756 0.065498 0.055189 
0.008559 0.017615 0.094186 0.111895 0.094614 0.088560 0.083380 0.372387 0.066359 0.062445 
0.006688 0.016686 0.117407 0.105496 0.122478 0.082777 0.073496 0.339901 0.086683 0.048389 
0.000131 0.027725 0.105862 0.097365 0.085332 0.108386 0.060771 0.358074 0.100648 0.055706 
0.014066 0.033356 0.072256 0.086120 0.041606 0.097142 0.105656 0.424800 0.075466 0.049532 
0.003164 0.034385 0.055590 0.113538 0.045640 0.084376 0.108515 0.428468 0.060908 0.065417 
0.013800 0.035774 0.070728 0.076382 0.070791 0.066205 0.088032 0.427537 0.079583 0.071168 
0.001305 0.013640 0.055841 0.066739 0.089448 0.127314 0.088087 0.397719 0.107716 0.052191 
0.006403 0.014770 0.104637 0.059764 0.150062 0.108437 0.072414 0.399202 0.059567 0.024743 
0.007722 0.015033 0.093817 0.157983 0.086511 0.109661 0.120091 0.198676 0.069047 0.141459 
0.000593 0.040294 0.089897 0.170187 0.086557 0.113993 0.094504 0.209944 0.053028 0.141003 
0.011201 0.025947 0.090032 0.101471 0.118228 0.203766 0.075071 0.176379 0.053046 0.144860 
0.008233 0.014289 0.130457 0.144791 0.144089 0.144213 0.066101 0.141592 0.053829 0.152405 
0.011837 0.020904 0.107241 0.151745 0.107877 0.132582 0.054258 0.194837 0.070650 0.148070 
0.003747 0.042737 0.075445 0.130046 0.086573 0.125700 0.054950 0.270033 0.090139 0.120629 
0.004130 0.025159 0.051575 0.143892 0.086916 0.194797 0.092467 0.212367 0.036701 0.151997 
0.009399 0.017839 0.048076 0.095857 0.105168 0.187459 0.079358 0.233357 0.055921 0.167565 
0.013033 0.026104 0.087361 0.159849 0.122797 0.145862 0.140357 0.179964 0.083851 0.040821 
0.002330 0.040746 0.131441 0.121119 0.177736 0.089127 0.072078 0.213473 0.098458 0.053492 
0.015464 0.030812 0.084914 0.110378 0.188930 0.161300 0.081156 0.180171 0.076972 0.069903 
0.008199 0.021522 0.060736 0.119835 0.167668 0.147266 0.091293 0.207086 0.096147 0.080246 
0.006179 0.006645 0.052413 0.126083 0.196608 0.180802 0.092802 0.219755 0.081801 0.036912 
0.005026 0.050005 0.052388 0.121337 0.145836 0.092338 0.087757 0.325302 0.068221 0.051789 
0.016309 0.043906 0.077076 0.090082 0.145163 0.083878 0.064527 0.341031 0.080483 0.057544 
0.008722 0.007473 0.050082 0.105192 0.160488 0.063006 0.101413 0.376433 0.077380 0.049811 
0.007115 0.008363 0.076743 0.121911 0.167590 0.076093 0.084567 0.298043 0.066195 0.093380 
0.005021 0.012300 0.076417 0.101348 0.149813 0.080774 0.134614 0.239697 0.128990 0.071025 
0.006002 0.010200 0.090371 0.129626 0.121736 0.204952 0.119111 0.209437 0.055942 0.052623 
0.000533 0.019429 0.059050 0.123221 0.133007 0.268415 0.066781 0.205339 0.068454 0.055770 
0.015342 0.031549 0.105345 0.139486 0.088802 0.182335 0.057236 0.261735 0.048392 0.069778 
0.000837 0.032156 0.053553 0.111069 0.120605 0.208847 0.085341 0.259687 0.053499 0.074406 
0.008059 0.008113 0.068862 0.100595 0.193942 0.226888 0.070132 0.204833 0.067665 0.050911 
0.007827 0.010342 0.040714 0.157652 0.193303 0.129248 0.092456 0.234254 0.047790 0.086414 
0.009036 0.018704 0.061241 0.157285 0.156976 0.104267 0.078625 0.264942 0.046632 0.102293 
0.002322 0.034964 0.042829 0.169601 0.149918 0.042217 0.077437 0.332344 0.048089 0.100279 
0.011322 0.020599 0.089153 0.166639 0.154475 0.080793 0.107520 0.265890 0.060627 0.042981 
0.001762 0.013664 0.092626 0.076381 0.131775 0.043180 0.122351 0.392433 0.077944 0.047884 
0.012468 0.037611 0.086380 0.083053 0.125388 0.098923 0.085995 0.359409 0.069246 0.041527 
0.001154 0.028428 0.062708 0.175386 0.111908 0.098161 0.097471 0.319005 0.058966 0.046814 
0.011416 0.029789 0.077225 0.189521 0.130949 0.065227 0.073398 0.309006 0.065326 0.048144 
0.000243 0.031149 0.097597 0.127337 0.098259 0.177139 0.092815 0.240424 0.060824 0.074215 
0.006688 0.015911 0.076622 0.160900 0.087376 0.174219 0.088358 0.223011 0.076586 0.090329 
0.010600 0.021004 0.099942 0.142505 0.101651 0.145228 0.046235 0.248236 0.083722 0.100877 
0.003560 0.014131 0.063142 0.117193 0.145461 0.147485 0.057816 0.269384 0.091517 0.090312 
0.009327 0.018672 0.111974 0.136883 0.179645 0.090360 0.114076 0.237033 0.062307 0.039723 
0.006389 0.010442 0.078644 0.178813 0.192352 0.184793 0.076465 0.152577 0.067136 0.052389 
0.000106 0.020428 0.100576 0.165538 0.150343 0.198728 0.080568 0.145079 0.070761 0.067873 
0.008692 0.022596 0.094586 0.186430 0.139890 0.186497 0.090158 0.139303 0.092423 0.039427 
0.011879 0.038880 0.130148 0.178419 0.136429 0.146231 0.088154 0.167086 0.075399 0.027377 
0.003093 0.020554 0.101350 0.091815 0.150121 0.158311 0.102442 0.211405 0.102127 0.058783 
0.003078 0.025110 0.072028 0.152915 0.163934 0.128764 0.070999 0.265731 0.066121 0.051321 
0.006819 0.017626 0.064759 0.132296 0.127672 0.130593 0.080431 0.306313 0.080143 0.053349 
0.004890 0.006515 0.053273 0.133890 0.114080 0.159191 0.085280 0.310746 0.079349 0.052786 
0.006425 0.012952 0.055652 0.116355 0.185870 0.112000 0.112763 0.284281 0.065929 0.047773 
0.004520 0.011553 0.097212 0.198579 0.120272 0.157919 0.083498 0.205225 0.080415 0.040808 
0.001434 0.015696 0.055015 0.102793 0.138197 0.185861 0.089781 0.299209 0.065830 0.046183 
0.007661 0.017091 0.050245 0.142411 0.116904 0.137473 0.050985 0.357275 0.079790 0.040166 
0.004748 0.015292 0.089780 0.070331 0.133894 0.200772 0.047768 0.290601 0.094647 0.052168 
0.009193 0.017246 0.111158 0.090969 0.173966 0.143968 0.072772 0.239496 0.067993 0.073240 
0.010708 0.028965 0.081209 0.096332 0.150156 0.238140 0.088071 0.160518 0.082031 0.063871 
0.002508 0.017683 0.089224 0.172387 0.150756 0.177625 0.100316 0.193054 0.042767 0.053681 
0.005108 0.010483 0.040697 0.104877 0.186768 0.157741 0.080954 0.262404 0.061110 0.089857 
0.007968 0.008648 0.100408 0.106601 0.150852 0.107997 0.111129 0.251925 0.054000 0.100473 
0.000157 0.022012 0.117619 0.126832 0.146650 0.124155 0.152013 0.199387 0.073452 0.037723 
0.011819 0.034978 0.078763 0.153796 0.142755 0.081456 0.086189 0.310430 0.061739 0.038075 
0.004277 0.023742 0.108758 0.096888 0.106736 0.070839 0.098385 0.330972 0.105263 0.054140 
0.007394 0.020873 0.095264 0.152009 0.086252 0.073607 0.097841 0.349736 0.058350 0.058675 
0.006287 0.011166 0.063149 0.151080 0.214633 0.133154 0.059662 0.240093 0.050130 0.070645 
0.006585 0.011249 0.070067 0.170111 0.208033 0.125723 0.034622 0.210133 0.076145 0.087330 
0.003484 0.021213 0.065728 0.116889 0.173250 0.121265 0.075592 0.266430 0.068312 0.087837 
0.002611 0.019389 0.046561 0.176121 0.168723 0.129998 0.075353 0.256818 0.061533 0.062893 
0.011142 0.031864 0.059057 0.092861 0.205361 0.071460 0.101939 0.279555 0.071165 0.075597 
0.007649 0.016894 0.139297 0.114994 0.154231 0.125001 0.084269 0.200714 0.076720 0.080232 
0.005306 0.032475 0.072976 0.143922 0.127106 0.142118 0.074342 0.186481 0.108424 0.106851 
0.004049 0.035052 0.083446 0.156222 0.107499 0.087230 0.069355 0.262447 0.114623 0.080079 
0.002366 0.024476 0.094811 0.134210 0.072479 0.102865 0.115326 0.316406 0.075286 0.061776 
0.010628 0.027715 0.096091 0.170213 0.085757 0.081275 0.087006 0.313256 0.079127 0.048932 
0.000314 0.034847 0.100135 0.108342 0.077924 0.127095 0.067282 0.320417 0.069278 0.094365 
0.007014 0.016376 0.065526 0.103239 0.097538 0.109797 0.069486 0.332167 0.092610 0.106247 
0.008402 0.017756 0.070994 0.080857 0.063746 0.108038 0.106025 0.391006 0.064824 0.088351 
0.004803 0.005462 0.048822 0.071107 0.086569 0.110408 0.129089 0.424275 0.054134 0.065332 
0.000499 0.022417 0.059740 0.128363 0.098284 0.121510 0.091972 0.312422 0.087577 0.077216 
0.008206 0.025241 0.109364 0.138234 0.077937 0.126234 0.049461 0.231233 0.084771 0.149319 
0.012468 0.043621 0.125458 0.111805 0.079795 0.086040 0.064532 0.232372 0.084818 0.159091 
0.002795 0.011945 0.153558 0.189628 0.074952 0.120539 0.089163 0.248984 0.042096 0.066340 
0.001073 0.030563 0.123926 0.141371 0.069853 0.096973 0.101314 0.226082 0.053554 0.155292 
0.004831 0.008598 0.100690 0.173321 0.066628 0.085934 0.063489 0.308196 0.065343 0.122968 
0.012253 0.031335 0.083177 0.107770 0.065352 0.104159 0.084015 0.357466 0.071735 0.082737 
0.000064 0.023877 0.055577 0.127358 0.048126 0.144015 0.106933 0.340610 0.076390 0.077050 
0.006731 0.013793 0.077488 0.104183 0.126630 0.150073 0.097097 0.286398 0.080346 0.057262 
0.005573 0.013470 0.083618 0.184945 0.138529 0.158907 0.074031 0.258877 0.046829 0.035221 
0.010251 0.018298 0.067078 0.200407 0.139117 0.134075 0.108817 0.215857 0.073428 0.032673 
0.007824 0.017303 0.080190 0.182440 0.091908 0.216237 0.057004 0.248051 0.057957 0.041085 
0.008660 0.021781 0.056688 0.170989 0.084584 0.117348 0.088059 0.303055 0.092130 0.056706 
0.005066 0.010822 0.072180 0.159562 0.093190 0.077939 0.089801 0.340486 0.078769 0.072185 
0.004698 0.016580 0.076540 0.103779 0.056455 0.154975 0.089946 0.351131 0.070296 0.075601 
0.008253 0.015959 0.056536 0.150773 0.054942 0.140634 0.090322 0.315370 0.059804 0.107407 
0.001846 0.015386 0.061478 0.168896 0.071378 0.128270 0.090589 0.325773 0.069713 0.066672 
0.006936 0.006856 0.047382 0.159625 0.057225 0.110625 0.079893 0.401124 0.080989 0.049344 
0.005337 0.005012 0.053716 0.132982 0.125984 0.218934 0.101682 0.140666 0.096643 0.119045 
0.010137 0.021291 0.051696 0.160541 0.130974 0.226298 0.059643 0.106553 0.062059 0.170808 
0.012066 0.023153 0.062163 0.127014 0.126711 0.251033 0.055136 0.076322 0.060006 0.206395 
0.004394 0.023492 0.057104 0.090788 0.102103 0.306116 0.052994 0.080168 0.062214 0.220628 
0.008661 0.014651 0.031419 0.138913 0.115497 0.227211 0.024879 0.179617 0.087547 0.171604 
0.004567 0.007501 0.036787 0.130697 0.102211 0.234930 0.032677 0.200480 0.072547 0.177603 
0.004198 0.007508 0.041160 0.100191 0.088025 0.270339 0.068198 0.148028 0.064553 0.207799 
0.010222 0.013944 0.032981 0.134681 0.085282 0.305628 0.059632 0.140404 0.050789 0.166438 
0.007841 0.010197 0.064712 0.165818 0.132366 0.181762 0.139103 0.160169 0.049605 0.088427 
0.005828 0.011329 0.069415 0.190894 0.124071 0.125297 0.058275 0.260644 0.103038 0.051209 
0.003268 0.015242 0.043212 0.114807 0.169687 0.135321 0.091460 0.305244 0.074607 0.047152 
0.007987 0.014406 0.092973 0.133975 0.148613 0.124378 0.087995 0.266485 0.076187 0.047001 
0.000195 0.022756 0.070452 0.118597 0.145797 0.153036 0.073679 0.291211 0.075905 0.048371 
0.014588 0.039024 0.088676 0.069916 0.136447 0.096379 0.074510 0.350515 0.079080 0.050865 
0.004039 0.014649 0.046961 0.090509 0.167168 0.098924 0.076809 0.345436 0.100827 0.054677 
0.005778 0.011100 0.073200 0.080906 0.193040 0.091583 0.086321 0.311072 0.090286 0.056714 
0.006607 0.007240 0.053806 0.108331 0.192616 0.104171 0.083977 0.313616 0.075280 0.054355 
0.008824 0.004747 0.090541 0.134285 0.136719 0.118918 0.045403 0.303589 0.113077 0.043897 
0.004932 0.009957 0.099417 0.162021 0.136003 0.157726 0.101388 0.173752 0.047606 0.107199 
0.007111 0.014871 0.067125 0.114685 0.109681 0.213060 0.079273 0.185708 0.058303 0.150183 
0.011431 0.018378 0.063166 0.076496 0.131315 0.154914 0.107424 0.219135 0.069564 0.148176 
0.002343 0.028445 0.055088 0.187920 0.143845 0.162831 0.081359 0.233527 0.032461 0.072180 
0.012826 0.031474 0.062142 0.146428 0.115715 0.200100 0.030016 0.242802 0.058551 0.099946 
0.001693 0.023904 0.069678 0.153901 0.098153 0.141082 0.090873 0.263674 0.048576 0.108466 
0.009933 0.022834 0.070213 0.086415 0.092564 0.177914 0.082677 0.284134 0.055419 0.117896 
0.003601 0.015294 0.050760 0.109212 0.090645 0.168981 0.069055 0.288837 0.084922 0.118692 
0.009571 0.013402 0.062086 0.072754 0.133597 0.139157 0.137470 0.241689 0.088961 0.101312 
0.000911 0.027250 0.056583 0.125784 0.136113 0.205206 0.087548 0.234374 0.060863 0.065369 
0.013010 0.024380 0.082994 0.123834 0.146871 0.150384 0.075584 0.280918 0.056884 0.045141 
0.000015 0.034061 0.083901 0.074730 0.130406 0.081935 0.108981 0.367820 0.063493 0.054658 
0.012438 0.030437 0.060940 0.053551 0.106608 0.111337 0.106678 0.370244 0.080006 0.067761 
0.002144 0.018158 0.021106 0.058426 0.146419 0.112384 0.093170 0.404335 0.084471 0.059389 
0.009070 0.011568 0.053049 0.102174 0.137822 0.103805 0.076528 0.357457 0.071946 0.076582 
0.004654 0.014545 0.026828 0.102719 0.125914 0.124402 0.109115 0.332106 0.076410 0.083309 
0.006438 0.009664 0.037778 0.123026 0.110965 0.129658 0.096908 0.334280 0.058689 0.092594 
0.003796 0.014512 0.072668 0.180130 0.132896 0.110311 0.131134 0.260644 0.064658 0.029251 
0.006569 0.009164 0.069966 0.173395 0.145895 0.212903 0.107077 0.130177 0.073110 0.071744 
0.009080 0.014743 0.093724 0.106197 0.133138 0.160414 0.066630 0.288500 0.074414 0.053160 
0.007078 0.011007 0.076144 0.134239 0.086094 0.158709 0.090789 0.314172 0.067989 0.053779 
0.008316 0.024241 0.077265 0.097125 0.176544 0.160840 0.076435 0.278558 0.051063 0.049614 
0.001430 0.028942 0.096360 0.125782 0.100552 0.162088 0.077663 0.290990 0.065403 0.050788 
0.014678 0.049121 0.075453 0.074304 0.118856 0.129288 0.066387 0.335796 0.099228 0.036888 
0.000259 0.023311 0.111515 0.056467 0.101364 0.104990 0.099919 0.381808 0.072358 0.048009 
0.006190 0.012037 0.079462 0.114357 0.086589 0.156266 0.092369 0.364005 0.059008 0.029718 
0.005937 0.012224 0.078447 0.147487 0.097070 0.112854 0.133995 0.328075 0.054503 0.029406 
0.005406 0.004718 0.062143 0.097288 0.150194 0.109214 0.107195 0.344596 0.066415 0.052830 
0.005472 0.011083 0.052087 0.093388 0.116658 0.122712 0.080596 0.366316 0.092467 0.059221 
0.008007 0.017417 0.049902 0.079234 0.150552 0.124207 0.064638 0.369671 0.094425 0.041946 
0.002935 0.007758 0.038055 0.121212 0.105416 0.162705 0.114306 0.334904 0.058378 0.054332 
0.008445 0.015943 0.045712 0.066490 0.078738 0.177654 0.112647 0.339109 0.076902 0.078360 
0.002358 0.034601 0.040194 0.110729 0.075172 0.146040 0.083059 0.318849 0.101914 0.087083 
0.012681 0.024547 0.053243 0.110945 0.125681 0.133995 0.101304 0.277440 0.094945 0.065221 
0.003839 0.015179 0.076166 0.152095 0.157524 0.085426 0.081839 0.300195 0.078507 0.049229 
0.010447 0.019959 0.119445 0.181573 0.157572 0.120984 0.081179 0.161842 0.075760 0.071240 
